# Starting_type: HotStart
# serial RNG seed: 	[14166 33156 19959 63921 44039]
# parallel RNG seed:	[36243 19903 18206 53791 14910]
# Trajectory_length / Number_of_MD_steps: 1 / 8
# 	 Plaquette	 Polyakov_Loop(re,im)	 Acc._Probability	 runtime_per_traj(s)	 CG_iterations	
1	 2.4663856e-01	 +7.9775804e-04 +1.0900426e-03	 3.98e+68 Accepted	 215	 1014	
2	 3.6162081e-01	 +1.0450810e-03 +1.2522977e-03	 1.48e+42 Accepted	 298	 1317	
3	 4.3566220e-01	 +3.7306487e-04 +2.6356332e-03	 3.62e+29 Accepted	 343	 1451	
4	 4.9157674e-01	 +1.7280027e-03 +7.3747844e-04	 6.30e+22 Accepted	 361	 1493	
5	 5.3660151e-01	 -6.5545675e-04 +1.6103820e-03	 7.29e+16 Accepted	 368	 1492	
6	 5.7216833e-01	 +9.4710706e-04 -5.7312993e-05	 4.09e+13 Accepted	 368	 1487	
7	 5.9974902e-01	 -6.7856941e-04 -3.6455597e-03	 2.12e+10 Accepted	 361	 1440	
8	 6.1963250e-01	 +1.9072073e-03 +2.5660828e-03	 3.14e+07 Accepted	 359	 1413	
9	 6.3395646e-01	 -2.1351664e-03 -1.2724840e-03	 3.48e+05 Accepted	 350	 1394	
10	 6.4423282e-01	 -1.7237815e-03 +2.1266516e-04	 7.15e+03 Accepted	 349	 1379	
11	 6.5194402e-01	 -1.1727291e-03 +4.7430643e-04	 8.58e+02 Accepted	 336	 1251	
12	 6.5708960e-01	 +2.7658120e-03 +2.0214062e-03	 1.11e+02 Accepted	 320	 1284	
13	 6.6086512e-01	 +2.9765287e-04 +4.6335526e-03	 2.21e+01 Accepted	 320	 1209	
14	 6.6361199e-01	 -1.6142757e-03 +1.0364556e-03	 9.44e+00 Accepted	 307	 1218	
15	 6.6554305e-01	 -5.2032767e-04 +3.3476665e-03	 4.88e+00 Accepted	 308	 1179	
16	 6.6682536e-01	 -2.9116536e-03 +2.7499178e-03	 3.00e+00 Accepted	 302	 1261	
17	 6.6803449e-01	 +1.8766403e-03 +3.8679248e-03	 3.21e+00 Accepted	 306	 1155	
