# Starting_type: ColdStart
# serial RNG seed: 	[31816 14527 43827 2189 5225]
# parallel RNG seed:	[10388 54113 57763 8033 23349]
# Trajectory_length / Number_of_MD_steps: 0.2 / 10
# 	 Plaquette	 Polyakov_Loop(re,im)	 Acc._Probability	 runtime_per_traj(s)	 CG_iterations	
1	 1.0000000e+00	 +1.0000000e+00 +0.0000000e+00	 2.60e-02 Rejected	 144	 475	
2	 1.0000000e+00	 +1.0000000e+00 +0.0000000e+00	 2.60e-02 Rejected	 144	 476	
3	 1.0000000e+00	 +1.0000000e+00 +0.0000000e+00	 2.61e-02 Rejected	 142	 475	
4	 1.0000000e+00	 +1.0000000e+00 +0.0000000e+00	 2.60e-02 Rejected	 142	 474	
5	 1.0000000e+00	 +1.0000000e+00 +0.0000000e+00	 2.59e-02 Rejected	 143	 475	
6	 1.0000000e+00	 +1.0000000e+00 +0.0000000e+00	 2.60e-02 Rejected	 142	 476	
7	 1.0000000e+00	 +1.0000000e+00 +0.0000000e+00	 2.59e-02 Rejected	 143	 475	
8	 1.0000000e+00	 +1.0000000e+00 +0.0000000e+00	 2.60e-02 Rejected	 143	 475	
9	 1.0000000e+00	 +1.0000000e+00 +0.0000000e+00	 2.60e-02 Rejected	 143	 475	
10	 1.0000000e+00	 +1.0000000e+00 +0.0000000e+00	 2.57e-02 Rejected	 143	 473	
11	 1.0000000e+00	 +1.0000000e+00 +0.0000000e+00	 2.64e-02 Rejected	 143	 477	
12	 1.0000000e+00	 +1.0000000e+00 +0.0000000e+00	 2.64e-02 Rejected	 143	 475	
13	 1.0000000e+00	 +1.0000000e+00 +0.0000000e+00	 2.57e-02 Rejected	 143	 477	
14	 1.0000000e+00	 +1.0000000e+00 +0.0000000e+00	 2.60e-02 Rejected	 145	 476	
15	 1.0000000e+00	 +1.0000000e+00 +0.0000000e+00	 2.60e-02 Rejected	 143	 473	
16	 1.0000000e+00	 +1.0000000e+00 +0.0000000e+00	 2.58e-02 Rejected	 143	 475	
17	 1.0000000e+00	 +1.0000000e+00 +0.0000000e+00	 2.60e-02 Rejected	 142	 473	
18	 1.0000000e+00	 +1.0000000e+00 +0.0000000e+00	 2.57e-02 Rejected	 143	 475	
19	 1.0000000e+00	 +1.0000000e+00 +0.0000000e+00	 2.59e-02 Rejected	 144	 476	
20	 1.0000000e+00	 +1.0000000e+00 +0.0000000e+00	 2.56e-02 Rejected	 143	 475	
21	 1.0000000e+00	 +1.0000000e+00 +0.0000000e+00	 2.59e-02 Rejected	 144	 474	
22	 1.0000000e+00	 +1.0000000e+00 +0.0000000e+00	 2.61e-02 Rejected	 144	 475	
23	 8.0614941e-01	 +4.7926535e-01 -5.8856803e-04	 2.61e-02 Accepted	 145	 475	
24	 8.0614941e-01	 +4.7926535e-01 -5.8856803e-04	 2.37e-01 Rejected	 173	 508	
25	 7.3801663e-01	 +3.1259213e-01 -1.6437737e-03	 2.38e-01 Accepted	 174	 509	
26	 7.3801663e-01	 +3.1259213e-01 -1.6437737e-03	 4.80e-01 Rejected	 182	 530	
27	 7.3801663e-01	 +3.1259213e-01 -1.6437737e-03	 4.72e-01 Rejected	 182	 530	
28	 7.3801663e-01	 +3.1259213e-01 -1.6437737e-03	 4.71e-01 Rejected	 183	 530	
29	 7.0291701e-01	 +2.3205824e-01 -1.4645976e-04	 4.75e-01 Accepted	 182	 530	
30	 6.8154558e-01	 +1.8535034e-01 -6.3802061e-04	 6.39e-01 Accepted	 188	 544	
31	 6.6755267e-01	 +1.5457008e-01 -1.1857990e-03	 7.40e-01 Accepted	 192	 559	
32	 6.5728323e-01	 +1.3239664e-01 -1.6483363e-03	 8.00e-01 Accepted	 193	 571	
33	 6.4971883e-01	 +1.1598813e-01 +1.7852134e-03	 8.56e-01 Accepted	 196	 579	
34	 6.4372071e-01	 +1.0465360e-01 +9.4325271e-04	 8.78e-01 Accepted	 198	 587	
35	 6.3911887e-01	 +9.5663654e-02 -1.4810595e-04	 9.04e-01 Accepted	 201	 592	
36	 6.3550540e-01	 +8.9882042e-02 -7.5451429e-04	 9.27e-01 Accepted	 202	 598	
37	 6.3268516e-01	 +8.5037741e-02 -1.1765684e-03	 9.42e-01 Accepted	 204	 607	
38	 6.3019359e-01	 +7.7663903e-02 +1.5529867e-03	 9.43e-01 Accepted	 207	 612	
39	 6.2827895e-01	 +7.4716939e-02 +1.5089710e-03	 9.65e-01 Accepted	 206	 614	
40	 6.2658967e-01	 +6.9110076e-02 -2.9548417e-03	 9.68e-01 Accepted	 209	 623	
41	 6.2518864e-01	 +6.7921837e-02 +5.1558088e-04	 9.67e-01 Accepted	 211	 632	
42	 6.2399861e-01	 +6.4307087e-02 +2.1144077e-03	 9.56e-01 Accepted	 210	 630	
43	 6.2273128e-01	 +6.2131822e-02 +1.3375902e-03	 9.69e-01 Accepted	 214	 640	
44	 6.2161458e-01	 +5.8772122e-02 -7.1924825e-04	 9.75e-01 Accepted	 212	 636	
45	 6.2080165e-01	 +5.6562614e-02 +7.7608132e-04	 9.81e-01 Accepted	 213	 639	
46	 6.2021945e-01	 +5.4301516e-02 +2.4007526e-03	 9.80e-01 Accepted	 214	 644	
47	 6.1957899e-01	 +5.2544841e-02 +4.7859469e-04	 9.83e-01 Accepted	 216	 649	
48	 6.1893092e-01	 +5.1771617e-02 -3.4279925e-04	 9.77e-01 Accepted	 216	 648	
49	 6.1864640e-01	 +5.0217846e-02 +8.8819445e-04	 9.94e-01 Accepted	 218	 657	
50	 6.1810855e-01	 +5.0653338e-02 +7.7620910e-04	 9.92e-01 Accepted	 217	 654	
51	 6.1743557e-01	 +4.9228387e-02 +6.7101655e-04	 1.00e+00 Accepted	 217	 654	
52	 6.1719158e-01	 +4.9143903e-02 +1.6007283e-03	 9.89e-01 Accepted	 220	 663	
53	 6.1675072e-01	 +4.5838405e-02 +1.3657031e-03	 9.91e-01 Accepted	 221	 663	
54	 6.1644300e-01	 +4.4099662e-02 +2.3096557e-04	 1.00e+00 Accepted	 220	 666	
55	 6.1592842e-01	 +4.3381341e-02 +8.4329801e-04	 9.77e-01 Accepted	 221	 665	
56	 6.1580038e-01	 +4.3642669e-02 +1.6799720e-03	 9.83e-01 Accepted	 220	 662	
57	 6.1576178e-01	 +4.2393059e-02 -2.4824586e-03	 1.00e+00 Accepted	 222	 669	
58	 6.1517204e-01	 +4.1490692e-02 -1.1341006e-03	 9.88e-01 Accepted	 221	 669	
59	 6.1504318e-01	 +4.1420278e-02 -9.7383162e-04	 9.90e-01 Accepted	 222	 673	
60	 6.1486223e-01	 +3.9713241e-02 -5.0838579e-04	 9.94e-01 Accepted	 224	 676	
61	 6.1492548e-01	 +3.9157660e-02 -4.8665082e-04	 9.95e-01 Accepted	 225	 675	
62	 6.1481245e-01	 +3.9978117e-02 +1.6808478e-03	 9.88e-01 Accepted	 225	 679	
63	 6.1434397e-01	 +3.9268803e-02 +8.7249977e-04	 9.79e-01 Accepted	 226	 683	
64	 6.1433106e-01	 +4.0187478e-02 -9.1113532e-04	 1.01e+00 Accepted	 224	 677	
65	 6.1422663e-01	 +3.9791216e-02 -1.2738008e-03	 1.00e+00 Accepted	 228	 689	
66	 6.1444777e-01	 +3.7267042e-02 -2.2533175e-05	 1.01e+00 Accepted	 228	 686	
67	 6.1401416e-01	 +3.8343105e-02 -3.0227203e-03	 9.93e-01 Accepted	 228	 685	
68	 6.1372285e-01	 +3.7918081e-02 -1.8033670e-03	 9.90e-01 Accepted	 227	 685	
69	 6.1382604e-01	 +3.7922631e-02 +1.1004584e-03	 1.00e+00 Accepted	 227	 685	
70	 6.1367844e-01	 +3.7446089e-02 +1.5693953e-04	 9.99e-01 Accepted	 227	 691	
71	 6.1341210e-01	 +3.5038838e-02 -1.1527920e-03	 9.90e-01 Accepted	 228	 694	
72	 6.1326466e-01	 +3.4680406e-02 +7.7513330e-04	 9.95e-01 Accepted	 229	 689	
73	 6.1321722e-01	 +3.5497372e-02 +1.4737231e-03	 1.01e+00 Accepted	 230	 694	
74	 6.1318102e-01	 +3.6171966e-02 -2.1641913e-03	 1.00e+00 Accepted	 228	 694	
75	 6.1318795e-01	 +3.4842520e-02 -5.7572131e-05	 1.00e+00 Accepted	 229	 692	
76	 6.1286837e-01	 +3.3940105e-02 +7.5900949e-04	 9.99e-01 Accepted	 232	 702	
77	 6.1295987e-01	 +3.3781719e-02 +3.8578074e-03	 9.99e-01 Accepted	 231	 697	
78	 6.1314716e-01	 +3.4407152e-02 +2.0736625e-03	 9.95e-01 Accepted	 232	 704	
79	 6.1308918e-01	 +3.3474059e-02 +2.1191743e-03	 9.95e-01 Accepted	 232	 702	
80	 6.1292761e-01	 +3.3817646e-02 -8.0322194e-04	 9.98e-01 Accepted	 231	 700	
81	 6.1277110e-01	 +3.3005699e-02 -6.1697715e-04	 9.94e-01 Accepted	 232	 702	
82	 6.1264477e-01	 +3.1418656e-02 -9.4636637e-05	 1.01e+00 Accepted	 232	 704	
83	 6.1262435e-01	 +3.3572216e-02 -2.4930573e-03	 9.96e-01 Accepted	 232	 707	
84	 6.1248209e-01	 +3.3952300e-02 +7.3585305e-04	 9.96e-01 Accepted	 232	 705	
85	 6.1260669e-01	 +3.2601743e-02 -2.2226398e-03	 1.00e+00 Accepted	 232	 707	
86	 6.1273386e-01	 +3.4729723e-02 -1.8422148e-03	 1.00e+00 Accepted	 234	 705	
87	 6.1277493e-01	 +3.3242801e-02 +2.4057767e-06	 1.00e+00 Accepted	 235	 713	
88	 6.1263064e-01	 +3.2395898e-02 -1.0612671e-04	 1.01e+00 Accepted	 232	 710	
89	 6.1287247e-01	 +3.0334327e-02 +1.1275081e-03	 1.00e+00 Accepted	 234	 706	
90	 6.1305634e-01	 +3.0978206e-02 -2.3218301e-04	 1.00e+00 Accepted	 234	 708	
91	 6.1275053e-01	 +3.2216766e-02 -2.3920002e-04	 9.86e-01 Accepted	 236	 715	
92	 6.1278461e-01	 +3.1836090e-02 +2.0992935e-03	 1.00e+00 Accepted	 236	 715	
93	 6.1301385e-01	 +3.1900067e-02 +4.1141510e-05	 1.00e+00 Accepted	 237	 716	
94	 6.1286821e-01	 +3.0115259e-02 +8.7208847e-05	 9.97e-01 Accepted	 238	 720	
95	 6.1262780e-01	 +3.0651970e-02 -3.3116237e-03	 1.00e+00 Accepted	 237	 718	
96	 6.1260308e-01	 +3.2569163e-02 -3.0176296e-03	 9.93e-01 Accepted	 237	 719	
97	 6.1252852e-01	 +3.1232386e-02 -2.6063372e-03	 1.00e+00 Accepted	 238	 721	
98	 6.1215546e-01	 +3.0792134e-02 -1.7018932e-03	 1.00e+00 Accepted	 237	 721	
99	 6.1216603e-01	 +2.9687515e-02 -2.5727367e-03	 9.94e-01 Accepted	 239	 723	
100	 6.1198136e-01	 +3.3672103e-02 -1.4618711e-03	 1.01e+00 Accepted	 237	 724	
101	 6.1222889e-01	 +3.2016089e-02 -3.5761572e-03	 1.01e+00 Accepted	 238	 723	
102	 6.1224796e-01	 +3.3150993e-02 -2.0937909e-03	 1.01e+00 Accepted	 237	 720	
103	 6.1216973e-01	 +3.0872706e-02 -1.3575098e-03	 1.00e+00 Accepted	 238	 723	
104	 6.1226391e-01	 +3.2320495e-02 -1.4657737e-03	 1.00e+00 Accepted	 238	 716	
105	 6.1180377e-01	 +3.1792116e-02 -1.0614373e-03	 9.78e-01 Accepted	 237	 719	
106	 6.1189618e-01	 +3.1624552e-02 +2.7001782e-04	 1.00e+00 Accepted	 239	 722	
107	 6.1185695e-01	 +3.2076981e-02 -3.2093131e-03	 1.01e+00 Accepted	 239	 722	
108	 6.1203427e-01	 +3.0511179e-02 +1.8940490e-03	 9.89e-01 Accepted	 236	 721	
109	 6.1213348e-01	 +2.8766868e-02 -1.5817343e-03	 1.00e+00 Accepted	 238	 722	
110	 6.1238324e-01	 +2.7743271e-02 -6.9287034e-04	 9.95e-01 Accepted	 237	 723	
111	 6.1180822e-01	 +2.8940329e-02 -9.4496681e-04	 9.77e-01 Accepted	 238	 721	
112	 6.1182375e-01	 +2.9817979e-02 -9.0372113e-04	 9.89e-01 Accepted	 236	 720	
113	 6.1213281e-01	 +3.0068311e-02 -1.6993150e-03	 1.01e+00 Accepted	 237	 720	
114	 6.1205073e-01	 +3.0442614e-02 -1.6364004e-03	 9.98e-01 Accepted	 237	 723	
115	 6.1213942e-01	 +2.6882530e-02 -7.3995395e-04	 9.86e-01 Accepted	 238	 724	
116	 6.1227133e-01	 +2.6102950e-02 -1.9474267e-03	 1.00e+00 Accepted	 237	 725	
117	 6.1242780e-01	 +2.7773693e-02 +3.1054289e-04	 1.01e+00 Accepted	 240	 730	
118	 6.1203651e-01	 +2.6211651e-02 +8.4196754e-04	 1.01e+00 Accepted	 240	 723	
119	 6.1185797e-01	 +2.8689283e-02 +3.4263086e-04	 9.93e-01 Accepted	 238	 728	
120	 6.1177080e-01	 +3.0620695e-02 +6.3666516e-04	 9.97e-01 Accepted	 239	 733	
121	 6.1202001e-01	 +2.7594906e-02 +1.5929716e-03	 1.02e+00 Accepted	 239	 728	
122	 6.1194663e-01	 +2.8242880e-02 +9.2039945e-04	 1.01e+00 Accepted	 240	 730	
123	 6.1197080e-01	 +2.9340258e-02 -1.0742807e-03	 1.00e+00 Accepted	 240	 738	
124	 6.1209569e-01	 +2.7347217e-02 -1.8530706e-04	 1.01e+00 Accepted	 242	 730	
125	 6.1181238e-01	 +2.8422761e-02 +9.3154466e-04	 1.00e+00 Accepted	 241	 737	
126	 6.1166972e-01	 +2.6337553e-02 +1.8040401e-03	 1.00e+00 Accepted	 241	 739	
127	 6.1180316e-01	 +2.7346576e-02 -3.0386724e-04	 1.00e+00 Accepted	 241	 735	
128	 6.1190634e-01	 +2.5554335e-02 -3.8382970e-04	 9.96e-01 Accepted	 240	 727	
129	 6.1169561e-01	 +2.4521484e-02 +2.1220956e-04	 9.93e-01 Accepted	 242	 729	
130	 6.1199762e-01	 +2.6617443e-02 -2.6477451e-03	 9.97e-01 Accepted	 241	 735	
131	 6.1196972e-01	 +2.9133085e-02 -1.2686153e-03	 9.99e-01 Accepted	 242	 736	
132	 6.1199914e-01	 +3.0666958e-02 -1.5671336e-03	 1.02e+00 Accepted	 240	 736	
133	 6.1212873e-01	 +2.8791410e-02 +1.6013486e-03	 1.00e+00 Accepted	 242	 735	
134	 6.1206778e-01	 +2.7076666e-02 -1.6125276e-03	 1.00e+00 Accepted	 241	 735	
135	 6.1194740e-01	 +2.6198769e-02 -3.1687812e-04	 9.91e-01 Accepted	 241	 739	
136	 6.1199876e-01	 +2.3864053e-02 -1.0582046e-03	 1.00e+00 Accepted	 243	 738	
137	 6.1203174e-01	 +2.7717718e-02 -1.6435105e-04	 9.95e-01 Accepted	 244	 740	
138	 6.1200714e-01	 +2.4892864e-02 -1.9477027e-03	 1.01e+00 Accepted	 243	 738	
139	 6.1200458e-01	 +2.6044652e-02 -5.9576239e-04	 9.87e-01 Accepted	 241	 736	
140	 6.1218240e-01	 +2.6959391e-02 -2.1499833e-03	 1.00e+00 Accepted	 242	 738	
141	 6.1219528e-01	 +2.6771657e-02 -2.2144868e-03	 1.00e+00 Accepted	 243	 737	
142	 6.1212525e-01	 +2.6354963e-02 -3.5425702e-03	 1.00e+00 Accepted	 241	 736	
143	 6.1179511e-01	 +2.7054225e-02 -1.4795712e-03	 9.99e-01 Accepted	 242	 736	
144	 6.1200163e-01	 +2.3720519e-02 +9.4815290e-04	 1.00e+00 Accepted	 242	 738	
145	 6.1186939e-01	 +2.3147782e-02 +7.8714828e-04	 9.91e-01 Accepted	 240	 731	
146	 6.1192197e-01	 +2.4792239e-02 +7.1703804e-04	 9.97e-01 Accepted	 240	 736	
147	 6.1187839e-01	 +2.3736202e-02 +2.2477319e-03	 9.94e-01 Accepted	 243	 742	
148	 6.1175330e-01	 +2.4068525e-02 -6.0519741e-04	 9.94e-01 Accepted	 242	 739	
149	 6.1174207e-01	 +2.5163431e-02 +8.9302886e-04	 1.00e+00 Accepted	 242	 737	
150	 6.1184954e-01	 +2.6239181e-02 +8.1625242e-04	 1.00e+00 Accepted	 241	 737	
151	 6.1190446e-01	 +2.6625236e-02 -2.0282096e-03	 9.96e-01 Accepted	 242	 738	
152	 6.1196507e-01	 +2.6926999e-02 -2.5972720e-03	 1.01e+00 Accepted	 243	 738	
153	 6.1199308e-01	 +2.6834276e-02 +1.1184571e-03	 9.99e-01 Accepted	 245	 744	
154	 6.1180543e-01	 +2.7806826e-02 -7.6069247e-04	 9.92e-01 Accepted	 242	 742	
155	 6.1201501e-01	 +2.5447596e-02 -8.4570455e-04	 9.96e-01 Accepted	 244	 748	
156	 6.1204138e-01	 +2.2550907e-02 -1.2333166e-03	 1.01e+00 Accepted	 244	 744	
157	 6.1202126e-01	 +2.3896833e-02 -1.3114848e-03	 9.98e-01 Accepted	 245	 746	
158	 6.1176900e-01	 +2.7326649e-02 +5.6845477e-04	 1.00e+00 Accepted	 242	 745	
159	 6.1188009e-01	 +2.4248986e-02 -1.4631395e-03	 1.01e+00 Accepted	 242	 742	
160	 6.1181997e-01	 +2.4123168e-02 +1.5281954e-04	 9.97e-01 Accepted	 243	 746	
161	 6.1177194e-01	 +2.3828403e-02 +1.8438150e-03	 1.01e+00 Accepted	 244	 746	
162	 6.1194045e-01	 +2.5331737e-02 -2.3378541e-03	 1.00e+00 Accepted	 246	 746	
163	 6.1201911e-01	 +2.3168798e-02 -3.5651486e-03	 1.00e+00 Accepted	 243	 746	
164	 6.1221373e-01	 +2.7206764e-02 -3.2811494e-03	 1.00e+00 Accepted	 245	 749	
165	 6.1242350e-01	 +2.4238747e-02 -4.5466712e-04	 1.01e+00 Accepted	 244	 748	
166	 6.1230366e-01	 +2.6073583e-02 +2.1192590e-03	 9.95e-01 Accepted	 246	 748	
167	 6.1212867e-01	 +2.8412282e-02 +1.4952246e-03	 9.89e-01 Accepted	 243	 746	
168	 6.1191402e-01	 +2.5408649e-02 -7.4040291e-04	 1.00e+00 Accepted	 247	 751	
169	 6.1210268e-01	 +2.6422786e-02 -1.2623371e-03	 9.99e-01 Accepted	 246	 751	
170	 6.1187765e-01	 +2.3916697e-02 -7.9926285e-04	 9.98e-01 Accepted	 246	 748	
171	 6.1207753e-01	 +2.3035918e-02 -1.5408880e-04	 9.95e-01 Accepted	 244	 753	
172	 6.1189287e-01	 +2.2103064e-02 +5.6486800e-04	 1.00e+00 Accepted	 246	 751	
173	 6.1214718e-01	 +2.3777850e-02 +4.1979611e-04	 1.00e+00 Accepted	 248	 754	
174	 6.1225706e-01	 +2.4269062e-02 +1.1148354e-04	 1.01e+00 Accepted	 246	 756	
175	 6.1222234e-01	 +2.2739249e-02 -9.5464648e-04	 1.00e+00 Accepted	 246	 751	
176	 6.1232703e-01	 +2.3895136e-02 -7.7794918e-04	 1.01e+00 Accepted	 248	 761	
177	 6.1190136e-01	 +2.3485732e-02 -3.4882056e-04	 9.98e-01 Accepted	 250	 760	
178	 6.1212739e-01	 +2.5843101e-02 +1.5971332e-03	 1.01e+00 Accepted	 246	 755	
179	 6.1219706e-01	 +2.3162070e-02 +5.9593439e-04	 1.00e+00 Accepted	 248	 760	
180	 6.1208960e-01	 +2.3094639e-02 +1.2104623e-04	 1.01e+00 Accepted	 250	 764	
181	 6.1191256e-01	 +2.3226329e-02 -6.0803179e-04	 9.95e-01 Accepted	 249	 762	
182	 6.1187246e-01	 +2.5168363e-02 +3.7773013e-07	 9.98e-01 Accepted	 248	 765	
183	 6.1187634e-01	 +2.4884065e-02 -1.6378706e-03	 9.89e-01 Accepted	 249	 764	
184	 6.1179195e-01	 +2.6383626e-02 -1.2866253e-03	 1.00e+00 Accepted	 250	 762	
185	 6.1188351e-01	 +2.5328088e-02 -1.8802746e-03	 9.97e-01 Accepted	 248	 760	
186	 6.1189980e-01	 +2.7278383e-02 +3.9076740e-06	 9.90e-01 Accepted	 247	 761	
187	 6.1175203e-01	 +2.3834955e-02 -2.3525910e-04	 9.94e-01 Accepted	 249	 764	
188	 6.1156400e-01	 +2.3025736e-02 -9.1619515e-04	 9.96e-01 Accepted	 247	 763	
189	 6.1190624e-01	 +2.2434442e-02 -2.9540854e-03	 1.01e+00 Accepted	 249	 764	
190	 6.1189592e-01	 +2.2374337e-02 -1.8224208e-03	 1.00e+00 Accepted	 249	 767	
191	 6.1178248e-01	 +2.0615576e-02 +2.4051000e-04	 1.01e+00 Accepted	 249	 760	
192	 6.1155769e-01	 +2.0997196e-02 +8.9996421e-04	 1.00e+00 Accepted	 249	 768	
193	 6.1164138e-01	 +2.2460821e-02 +7.2386147e-04	 1.02e+00 Accepted	 251	 766	
194	 6.1151547e-01	 +2.0855692e-02 +1.9300002e-03	 1.00e+00 Accepted	 251	 771	
# Starting_type: CheckpointStart
# Trajectory_length / Number_of_MD_steps: 1 / 8
# 	 Plaquette	 Polyakov_Loop(re,im)	 Acc._Probability	 runtime_per_traj(s)	 CG_iterations	
195	 6.1170394e-01	 +2.3096028e-02 +2.2481219e-03	 1.06e+00 Accepted	 208	 767	
196	 6.1166109e-01	 +2.0823138e-02 +1.0117194e-03	 8.00e-01 Accepted	 208	 777	
197	 6.1158497e-01	 +2.2909054e-02 -2.0964374e-03	 1.21e+00 Accepted	 209	 782	
198	 6.1171998e-01	 +1.7901465e-02 -4.3170277e-04	 1.31e+00 Accepted	 210	 787	
199	 6.1159983e-01	 +2.1513593e-02 -2.8518482e-03	 1.15e+00 Accepted	 213	 788	
200	 6.1148139e-01	 +1.9942552e-02 -1.1375227e-03	 8.80e-01 Accepted	 213	 784	
201	 6.1168957e-01	 +2.0607539e-02 +1.3718667e-03	 9.27e-01 Accepted	 211	 785	
202	 6.1125578e-01	 +1.5246646e-02 -1.5308322e-03	 5.72e-01 Accepted	 210	 795	
203	 6.1128287e-01	 +1.9810029e-02 -2.6415112e-04	 1.23e+00 Accepted	 213	 809	
204	 6.1139072e-01	 +1.6339775e-02 +9.8465125e-04	 9.13e-01 Accepted	 215	 803	
205	 6.1161438e-01	 +1.8823114e-02 +1.2453800e-03	 1.27e+00 Accepted	 216	 809	
206	 6.1163448e-01	 +2.0475405e-02 +1.4539527e-03	 1.24e+00 Accepted	 215	 803	
207	 6.1142718e-01	 +1.8181162e-02 +2.0426359e-03	 8.13e-01 Accepted	 214	 803	
208	 6.1142718e-01	 +1.8181162e-02 +2.0426359e-03	 8.05e-01 Rejected	 217	 809	
209	 6.1143971e-01	 +1.7934343e-02 +2.4035633e-03	 9.04e-01 Accepted	 215	 809	
210	 6.1146304e-01	 +1.8654695e-02 +3.6529085e-04	 1.71e+00 Accepted	 215	 806	
211	 6.1139584e-01	 +1.5849855e-02 -8.8134770e-04	 9.08e-01 Accepted	 215	 803	
212	 6.1123604e-01	 +1.5034711e-02 +2.3240601e-04	 1.25e+00 Accepted	 216	 815	
213	 6.1117093e-01	 +1.7235817e-02 +1.2155665e-03	 9.07e-01 Accepted	 216	 822	
214	 6.1146011e-01	 +1.7735988e-02 +1.3808860e-03	 9.47e-01 Accepted	 218	 811	
215	 6.1152027e-01	 +1.7293828e-02 +1.2465473e-03	 5.77e-01 Accepted	 215	 804	
216	 6.1151829e-01	 +1.5697369e-02 -2.6577084e-03	 1.12e+00 Accepted	 218	 814	
217	 6.1145672e-01	 +2.2205139e-02 -1.0798730e-03	 1.08e+00 Accepted	 218	 812	
218	 6.1161136e-01	 +1.8988547e-02 -5.0921980e-03	 8.86e-01 Accepted	 219	 821	
219	 6.1139169e-01	 +1.8668630e-02 +1.2710489e-03	 9.69e-01 Accepted	 219	 823	
220	 6.1115992e-01	 +1.6435527e-02 +8.6527292e-04	 8.75e-01 Accepted	 220	 824	
221	 6.1130638e-01	 +1.6309104e-02 -4.5858486e-04	 1.22e+00 Accepted	 220	 822	
222	 6.1153598e-01	 +1.5753421e-02 +8.3009016e-04	 1.12e+00 Accepted	 221	 828	
223	 6.1145309e-01	 +1.6300832e-02 -9.7992408e-04	 7.18e-01 Accepted	 223	 841	
224	 6.1140874e-01	 +1.4940110e-02 -1.2478170e-03	 8.98e-01 Accepted	 223	 836	
225	 6.1151308e-01	 +1.8664746e-02 +1.8702695e-03	 7.80e-01 Accepted	 222	 832	
226	 6.1145526e-01	 +1.8036175e-02 +2.3290180e-03	 1.02e+00 Accepted	 222	 825	
227	 6.1118170e-01	 +1.4814497e-02 +1.1862686e-03	 7.55e-01 Accepted	 219	 825	
228	 6.1126899e-01	 +1.7439290e-02 +1.6498533e-03	 1.02e+00 Accepted	 221	 849	
229	 6.1145841e-01	 +1.3883618e-02 +1.3799946e-04	 1.15e+00 Accepted	 223	 840	
230	 6.1145841e-01	 +1.3883618e-02 +1.3799946e-04	 7.44e-01 Rejected	 223	 841	
231	 6.1124475e-01	 +1.4152787e-02 +1.0152631e-03	 1.20e+00 Accepted	 223	 852	
232	 6.1107064e-01	 +1.6764400e-02 -1.5065762e-03	 9.10e-01 Accepted	 225	 854	
233	 6.1129495e-01	 +1.6367129e-02 -1.0833607e-03	 1.09e+00 Accepted	 225	 853	
234	 6.1165726e-01	 +1.4524281e-02 -4.2945313e-04	 1.49e+00 Accepted	 225	 846	
235	 6.1141846e-01	 +1.2963178e-02 -6.9852739e-05	 6.92e-01 Accepted	 226	 844	
236	 6.1132444e-01	 +1.6009993e-02 -3.0203116e-04	 1.16e+00 Accepted	 225	 850	
237	 6.1159862e-01	 +1.6210615e-02 -1.9227659e-04	 1.40e+00 Accepted	 226	 846	
238	 6.1150633e-01	 +1.4559312e-02 +3.0966118e-04	 1.17e+00 Accepted	 225	 840	
239	 6.1159088e-01	 +1.3578772e-02 +4.2501558e-04	 1.32e+00 Accepted	 224	 849	
240	 6.1149890e-01	 +1.1627511e-02 -2.4804977e-03	 8.83e-01 Accepted	 227	 856	
241	 6.1162540e-01	 +1.3443902e-02 +2.4801657e-03	 6.68e-01 Accepted	 226	 855	
242	 6.1162540e-01	 +1.3443902e-02 +2.4801657e-03	 5.54e-01 Rejected	 227	 847	
243	 6.1152541e-01	 +1.6114409e-02 +1.2923513e-03	 1.05e+00 Accepted	 228	 865	
244	 6.1152541e-01	 +1.6114409e-02 +1.2923513e-03	 8.98e-01 Rejected	 228	 859	
245	 6.1154655e-01	 +1.6260727e-02 +2.2443435e-03	 1.16e+00 Accepted	 229	 864	
246	 6.1125723e-01	 +1.4577486e-02 +3.3435171e-03	 8.93e-01 Accepted	 230	 872	
247	 6.1140875e-01	 +1.1824951e-02 +1.4146008e-03	 1.24e+00 Accepted	 231	 871	
248	 6.1153391e-01	 +1.5338829e-02 -2.0118833e-03	 8.41e-01 Accepted	 231	 874	
249	 6.1139223e-01	 +1.2965603e-02 -2.3257711e-03	 1.12e+00 Accepted	 231	 874	
250	 6.1121854e-01	 +1.5322883e-02 -1.6928276e-03	 7.74e-01 Accepted	 231	 858	
251	 6.1148843e-01	 +1.3892683e-02 -2.2037200e-03	 1.15e+00 Accepted	 227	 855	
252	 6.1148346e-01	 +1.3284699e-02 +7.6321974e-04	 1.14e+00 Accepted	 226	 847	
253	 6.1137277e-01	 +1.5818487e-02 -8.9893389e-04	 6.91e-01 Accepted	 225	 852	
254	 6.1138237e-01	 +1.6696589e-02 -2.0055894e-03	 1.04e+00 Accepted	 225	 849	
255	 6.1149542e-01	 +1.3686762e-02 +7.3904465e-04	 8.13e-01 Accepted	 227	 858	
256	 6.1171683e-01	 +1.4196248e-02 +1.3883045e-03	 8.17e-01 Accepted	 228	 848	
257	 6.1163681e-01	 +1.6115141e-02 -1.0063655e-03	 7.24e-01 Accepted	 226	 859	
258	 6.1163681e-01	 +1.6115141e-02 -1.0063655e-03	 9.11e-01 Rejected	 228	 855	
259	 6.1149071e-01	 +1.6122583e-02 -9.3458939e-04	 9.44e-01 Accepted	 228	 855	
260	 6.1144449e-01	 +1.2834160e-02 -2.7495662e-03	 1.12e+00 Accepted	 228	 860	
261	 6.1164363e-01	 +1.5175227e-02 -1.6526145e-03	 1.16e+00 Accepted	 230	 866	
262	 6.1159570e-01	 +1.1888674e-02 -1.0227759e-04	 1.02e+00 Accepted	 230	 871	
263	 6.1152249e-01	 +1.5868982e-02 -2.0905424e-03	 1.28e+00 Accepted	 231	 873	
264	 6.1137780e-01	 +1.6489480e-02 -1.2736454e-03	 6.22e-01 Accepted	 230	 874	
265	 6.1145035e-01	 +1.4577537e-02 +1.3050149e-04	 1.35e+00 Accepted	 230	 871	
266	 6.1185530e-01	 +1.5134701e-02 +6.1279076e-04	 1.07e+00 Accepted	 232	 877	
267	 6.1185530e-01	 +1.5134701e-02 +6.1279076e-04	 7.16e-01 Rejected	 232	 872	
268	 6.1196977e-01	 +1.1921451e-02 +2.3518044e-03	 7.79e-01 Accepted	 231	 875	
269	 6.1202058e-01	 +1.2262554e-02 -1.2206445e-05	 1.21e+00 Accepted	 231	 871	
270	 6.1191447e-01	 +1.2899651e-02 -2.1791497e-03	 1.69e+00 Accepted	 229	 869	
271	 6.1191447e-01	 +1.2899651e-02 -2.1791497e-03	 5.77e-01 Rejected	 229	 856	
272	 6.1212302e-01	 +1.6915136e-02 +2.7160401e-03	 1.24e+00 Accepted	 228	 870	
273	 6.1161560e-01	 +1.2657573e-02 -2.6950453e-03	 6.93e-01 Accepted	 229	 862	
274	 6.1146367e-01	 +1.1559624e-02 +1.9437935e-03	 7.55e-01 Accepted	 229	 861	
275	 6.1142817e-01	 +1.3143436e-02 +1.1247513e-03	 1.43e+00 Accepted	 231	 870	
276	 6.1168225e-01	 +1.4131905e-02 -7.9409520e-04	 9.63e-01 Accepted	 230	 877	
277	 6.1149441e-01	 +1.2515594e-02 +2.5408412e-03	 8.73e-01 Accepted	 232	 873	
278	 6.1139147e-01	 +1.3759439e-02 +2.3178338e-03	 6.10e-01 Accepted	 231	 870	
279	 6.1138130e-01	 +1.1795631e-02 -3.7296165e-05	 9.26e-01 Accepted	 229	 868	
280	 6.1113380e-01	 +1.7052468e-02 -7.7112670e-04	 7.25e-01 Accepted	 231	 859	
281	 6.1148784e-01	 +1.5034119e-02 +9.0645866e-04	 1.61e+00 Accepted	 232	 878	
282	 6.1148784e-01	 +1.5034119e-02 +9.0645866e-04	 7.60e-01 Rejected	 230	 872	
283	 6.1120756e-01	 +1.4126647e-02 +1.6672340e-03	 9.19e-01 Accepted	 232	 870	
284	 6.1134697e-01	 +1.3489780e-02 +2.4894440e-03	 9.77e-01 Accepted	 231	 871	
285	 6.1154572e-01	 +1.2330000e-02 -4.5654012e-04	 1.55e+00 Accepted	 232	 874	
286	 6.1147094e-01	 +1.2577219e-02 +1.9143056e-03	 8.33e-01 Accepted	 231	 876	
287	 6.1137989e-01	 +8.0877381e-03 -5.7341051e-04	 9.00e-01 Accepted	 232	 877	
288	 6.1137989e-01	 +8.0877381e-03 -5.7341051e-04	 8.53e-01 Rejected	 233	 882	
289	 6.1142645e-01	 +1.1776561e-02 +2.6992392e-03	 9.09e-01 Accepted	 233	 883	
290	 6.1153966e-01	 +1.4856610e-02 -5.4469486e-04	 1.36e+00 Accepted	 233	 878	
291	 6.1172834e-01	 +1.3821344e-02 +5.3034631e-04	 8.85e-01 Accepted	 234	 884	
292	 6.1157807e-01	 +1.5311152e-02 -3.1805405e-03	 5.16e-01 Accepted	 232	 864	
293	 6.1128900e-01	 +1.3815250e-02 -3.7235663e-03	 1.06e+00 Accepted	 231	 872	
294	 6.1128377e-01	 +1.4397061e-02 +1.1878349e-03	 7.39e-01 Accepted	 230	 870	
295	 6.1130679e-01	 +1.3773443e-02 +2.7440958e-03	 1.32e+00 Accepted	 230	 874	
296	 6.1111357e-01	 +1.2474201e-02 -4.1624781e-05	 8.65e-01 Accepted	 230	 877	
297	 6.1117081e-01	 +1.4300103e-02 +2.9700725e-05	 1.06e+00 Accepted	 231	 871	
298	 6.1120605e-01	 +1.3748257e-02 +2.1183982e-03	 8.18e-01 Accepted	 231	 870	
299	 6.1131875e-01	 +1.3602812e-02 -1.1393462e-03	 9.36e-01 Accepted	 231	 878	
300	 6.1131875e-01	 +1.3602812e-02 -1.1393462e-03	 5.90e-01 Rejected	 232	 870	
301	 6.1109136e-01	 +1.3756307e-02 +1.9851187e-03	 8.86e-01 Accepted	 232	 870	
302	 6.1147523e-01	 +1.1777630e-02 -1.3043092e-03	 1.56e+00 Accepted	 232	 879	
303	 6.1139587e-01	 +1.2429100e-02 -1.6203854e-03	 6.92e-01 Accepted	 232	 878	
304	 6.1136415e-01	 +1.1962165e-02 +1.8331820e-03	 1.10e+00 Accepted	 234	 886	
305	 6.1138308e-01	 +1.1571047e-02 +3.7889483e-03	 7.67e-01 Accepted	 232	 881	
306	 6.1129257e-01	 +1.1398956e-02 -1.5607399e-03	 5.89e-01 Accepted	 232	 875	
307	 6.1129257e-01	 +1.1398956e-02 -1.5607399e-03	 7.95e-01 Rejected	 232	 876	
308	 6.1145074e-01	 +1.0216498e-02 +6.8487132e-04	 1.36e+00 Accepted	 232	 876	
309	 6.1163607e-01	 +1.4953541e-02 -1.9434102e-05	 1.71e+00 Accepted	 230	 879	
310	 6.1160675e-01	 +1.1270039e-02 +6.8243705e-04	 1.37e+00 Accepted	 231	 876	
311	 6.1165867e-01	 +1.1826350e-02 -1.6505847e-04	 1.03e+00 Accepted	 231	 875	
312	 6.1151573e-01	 +1.1064481e-02 -1.0848817e-03	 1.06e+00 Accepted	 233	 878	
313	 6.1146191e-01	 +1.0537672e-02 +3.5678048e-04	 9.41e-01 Accepted	 233	 890	
314	 6.1151662e-01	 +1.2419622e-02 +1.2111845e-03	 1.04e+00 Accepted	 234	 889	
315	 6.1142583e-01	 +1.2066529e-02 +1.6771422e-03	 8.75e-01 Accepted	 236	 878	
316	 6.1154788e-01	 +1.1695623e-02 +8.9745532e-04	 9.68e-01 Accepted	 234	 892	
317	 6.1144030e-01	 +1.2453258e-02 +2.5505164e-03	 8.94e-01 Accepted	 236	 897	
318	 6.1178266e-01	 +1.0325326e-02 -2.4816716e-03	 1.37e+00 Accepted	 236	 885	
319	 6.1176685e-01	 +1.3071309e-02 +1.9495483e-04	 1.04e+00 Accepted	 234	 883	
320	 6.1169556e-01	 +1.2389287e-02 +2.7762723e-04	 7.88e-01 Accepted	 234	 881	
321	 6.1145182e-01	 +9.0417857e-03 +1.8831787e-04	 9.91e-01 Accepted	 233	 885	
322	 6.1134044e-01	 +9.0488985e-03 -1.4081480e-03	 9.53e-01 Accepted	 236	 899	
323	 6.1134044e-01	 +9.0488985e-03 -1.4081480e-03	 8.11e-01 Rejected	 238	 909	
324	 6.1140973e-01	 +7.0020068e-03 -3.2486840e-03	 8.98e-01 Accepted	 238	 908	
325	 6.1121774e-01	 +9.8260055e-03 +2.8847655e-04	 5.14e-01 Accepted	 238	 903	
326	 6.1142174e-01	 +9.4277559e-03 +3.7849385e-03	 8.34e-01 Accepted	 239	 904	
327	 6.1145064e-01	 +1.1693325e-02 +2.7216587e-03	 1.49e+00 Accepted	 238	 900	
328	 6.1128646e-01	 +9.5440496e-03 +2.4586903e-03	 7.62e-01 Accepted	 235	 898	
329	 6.1124833e-01	 +1.3404934e-02 -1.9115078e-03	 7.80e-01 Accepted	 235	 884	
330	 6.1159960e-01	 +1.0078458e-02 -2.2239022e-03	 1.07e+00 Accepted	 233	 875	
331	 6.1163051e-01	 +1.1146352e-02 -8.6918698e-04	 8.03e-01 Accepted	 231	 873	
332	 6.1171166e-01	 +8.7700446e-03 -1.1930139e-03	 8.97e-01 Accepted	 231	 882	
333	 6.1165432e-01	 +1.4130847e-02 -9.2700576e-04	 1.21e+00 Accepted	 232	 880	
334	 6.1165432e-01	 +1.4130847e-02 -9.2700576e-04	 8.15e-01 Rejected	 230	 863	
335	 6.1147742e-01	 +1.2317465e-02 +8.0516662e-04	 7.64e-01 Accepted	 232	 880	
336	 6.1147742e-01	 +1.2317465e-02 +8.0516662e-04	 6.47e-01 Rejected	 232	 877	
337	 6.1159696e-01	 +1.3709236e-02 +1.6552874e-03	 1.00e+00 Accepted	 231	 874	
338	 6.1125954e-01	 +1.3451371e-02 +1.5937027e-03	 7.57e-01 Accepted	 233	 875	
339	 6.1125954e-01	 +1.3451371e-02 +1.5937027e-03	 8.95e-01 Rejected	 231	 872	
340	 6.1136838e-01	 +8.6394211e-03 -1.1646256e-03	 1.94e+00 Accepted	 230	 866	
341	 6.1136838e-01	 +8.6394211e-03 -1.1646256e-03	 6.29e-01 Rejected	 228	 866	
342	 6.1149315e-01	 +1.0067527e-02 +6.0170257e-04	 1.05e+00 Accepted	 230	 870	
343	 6.1149315e-01	 +1.0067527e-02 +6.0170257e-04	 7.25e-01 Rejected	 230	 863	
344	 6.1129056e-01	 +1.2942025e-02 +2.2972760e-03	 8.61e-01 Accepted	 229	 871	
345	 6.1157214e-01	 +1.2505864e-02 -1.8754293e-03	 8.49e-01 Accepted	 233	 875	
346	 6.1160900e-01	 +1.0552700e-02 +2.2047410e-03	 1.05e+00 Accepted	 232	 872	
347	 6.1145562e-01	 +1.4941512e-02 +9.2763896e-04	 8.03e-01 Accepted	 232	 874	
348	 6.1124112e-01	 +1.2603699e-02 -7.0081955e-04	 6.48e-01 Accepted	 232	 877	
349	 6.1138927e-01	 +1.0904915e-02 +3.7374298e-04	 1.76e+00 Accepted	 233	 886	
350	 6.1119656e-01	 +1.1738912e-02 -1.8538438e-04	 7.65e-01 Accepted	 233	 881	
351	 6.1129339e-01	 +1.2014755e-02 +1.9213689e-04	 1.00e+00 Accepted	 234	 880	
352	 6.1137345e-01	 +1.2482973e-02 +1.2714604e-03	 1.07e+00 Accepted	 233	 877	
353	 6.1118958e-01	 +1.4023533e-02 +3.3199512e-04	 8.17e-01 Accepted	 232	 881	
354	 6.1137472e-01	 +1.3022430e-02 +1.2195617e-03	 1.16e+00 Accepted	 233	 893	
355	 6.1150629e-01	 +1.4375163e-02 +2.5189042e-03	 1.30e+00 Accepted	 234	 886	
356	 6.1168368e-01	 +1.1640934e-02 -1.0338041e-03	 1.30e+00 Accepted	 235	 891	
357	 6.1168368e-01	 +1.1640934e-02 -1.0338041e-03	 5.10e-01 Rejected	 235	 888	
358	 6.1184449e-01	 +1.1724632e-02 +5.0244538e-04	 8.82e-01 Accepted	 235	 897	
359	 6.1184449e-01	 +1.1724632e-02 +5.0244538e-04	 7.40e-01 Rejected	 238	 901	
360	 6.1164804e-01	 +1.3988469e-02 -7.3592212e-04	 1.09e+00 Accepted	 236	 897	
361	 6.1137331e-01	 +1.1885826e-02 -7.6662088e-04	 6.07e-01 Accepted	 237	 894	
362	 6.1158836e-01	 +1.3343048e-02 +2.4007077e-03	 7.79e-01 Accepted	 237	 888	
363	 6.1148248e-01	 +1.2688083e-02 +9.5348094e-04	 9.99e-01 Accepted	 234	 899	
364	 6.1158541e-01	 +1.0266570e-02 +1.1018465e-04	 1.35e+00 Accepted	 235	 893	
365	 6.1167361e-01	 +1.0349621e-02 -5.3027706e-04	 8.20e-01 Accepted	 237	 903	
366	 6.1171318e-01	 +1.0538363e-02 -4.6314514e-04	 4.94e-01 Accepted	 238	 898	
367	 6.1175038e-01	 +1.2388719e-02 -8.6973432e-04	 6.15e-01 Accepted	 237	 897	
368	 6.1170978e-01	 +1.1084096e-02 +2.1024197e-03	 1.10e+00 Accepted	 237	 883	
369	 6.1156846e-01	 +1.2876601e-02 -3.0968587e-03	 1.45e+00 Accepted	 237	 895	
370	 6.1166794e-01	 +1.1241192e-02 +2.0880731e-03	 6.35e-01 Accepted	 236	 890	
371	 6.1145633e-01	 +1.0979888e-02 -5.5651360e-04	 9.63e-01 Accepted	 236	 892	
372	 6.1145633e-01	 +1.0979888e-02 -5.5651360e-04	 6.39e-01 Rejected	 236	 899	
373	 6.1145633e-01	 +1.0979888e-02 -5.5651360e-04	 8.68e-01 Rejected	 236	 895	
374	 6.1131517e-01	 +1.6422233e-02 +1.3103570e-04	 1.38e+00 Accepted	 236	 895	
375	 6.1132928e-01	 +1.4697129e-02 -2.3417921e-03	 1.54e+00 Accepted	 237	 904	
376	 6.1125892e-01	 +1.4202673e-02 -1.4692874e-03	 8.62e-01 Accepted	 237	 894	
377	 6.1144140e-01	 +1.4597964e-02 +1.1901929e-03	 1.39e+00 Accepted	 236	 888	
378	 6.1135300e-01	 +1.3781075e-02 -2.0568954e-03	 1.14e+00 Accepted	 234	 895	
379	 6.1143828e-01	 +1.4295030e-02 -1.3517803e-03	 1.08e+00 Accepted	 235	 889	
380	 6.1115641e-01	 +1.2403412e-02 -1.6896273e-03	 1.13e+00 Accepted	 234	 890	
381	 6.1100651e-01	 +1.2206190e-02 +4.1064935e-05	 7.69e-01 Accepted	 234	 898	
382	 6.1126292e-01	 +1.2070093e-02 +2.8145283e-03	 9.48e-01 Accepted	 236	 896	
