# Starting_type: ColdStart
# serial RNG seed: 	[55564 17758 47400 12019 49579]
# parallel RNG seed:	[49161 18306 59194 39407 44524]
# Trajectory_length / Number_of_MD_steps: 0.2 / 10
# 	 Plaquette	 Polyakov_Loop(re,im)	 Acc._Probability	 runtime_per_traj(s)	 CG_iterations	
1	 1.0000000e+00	 +1.0000000e+00 +0.0000000e+00	 2.06e-02 Rejected	 147	 474	
2	 1.0000000e+00	 +1.0000000e+00 +0.0000000e+00	 2.10e-02 Rejected	 146	 474	
3	 1.0000000e+00	 +1.0000000e+00 +0.0000000e+00	 2.06e-02 Rejected	 145	 474	
4	 8.1195320e-01	 +4.8774355e-01 +9.2212241e-04	 2.09e-02 Accepted	 144	 473	
5	 8.1195320e-01	 +4.8774355e-01 +9.2212241e-04	 2.40e-01 Rejected	 175	 508	
6	 8.1195320e-01	 +4.8774355e-01 +9.2212241e-04	 2.39e-01 Rejected	 176	 505	
7	 8.1195320e-01	 +4.8774355e-01 +9.2212241e-04	 2.36e-01 Rejected	 175	 506	
8	 8.1195320e-01	 +4.8774355e-01 +9.2212241e-04	 2.37e-01 Rejected	 175	 507	
9	 7.5113474e-01	 +3.2645710e-01 +1.3672240e-03	 2.36e-01 Accepted	 174	 507	
10	 7.5113474e-01	 +3.2645710e-01 +1.3672240e-03	 4.93e-01 Rejected	 182	 527	
11	 7.2122610e-01	 +2.4820089e-01 -5.5651260e-04	 4.88e-01 Accepted	 183	 528	
12	 7.0370634e-01	 +2.0470416e-01 -1.9990158e-03	 6.61e-01 Accepted	 187	 542	
13	 6.9268594e-01	 +1.7514982e-01 +1.3105494e-03	 7.64e-01 Accepted	 191	 552	
14	 6.8479016e-01	 +1.5544671e-01 +7.2780189e-04	 8.35e-01 Accepted	 194	 562	
15	 6.7911339e-01	 +1.4324167e-01 -1.8308434e-04	 8.75e-01 Accepted	 197	 571	
16	 6.7519669e-01	 +1.3183330e-01 +6.6568933e-04	 9.14e-01 Accepted	 199	 576	
17	 6.7177148e-01	 +1.2086286e-01 +1.1120980e-03	 9.18e-01 Accepted	 201	 584	
18	 6.6941557e-01	 +1.1744212e-01 -8.8239942e-04	 9.46e-01 Accepted	 203	 590	
19	 6.6767100e-01	 +1.1126331e-01 -1.4747090e-03	 9.60e-01 Accepted	 205	 595	
20	 6.6615011e-01	 +1.0516377e-01 -5.8580071e-04	 9.71e-01 Accepted	 206	 598	
21	 6.6502088e-01	 +1.0120069e-01 -1.6071428e-03	 9.76e-01 Accepted	 207	 604	
22	 6.6396335e-01	 +9.6108229e-02 -1.0827472e-03	 9.72e-01 Accepted	 208	 607	
23	 6.6298105e-01	 +9.2674953e-02 +6.0618963e-04	 9.85e-01 Accepted	 207	 611	
24	 6.6235720e-01	 +9.3143603e-02 +3.3822006e-04	 9.73e-01 Accepted	 208	 611	
25	 6.6182924e-01	 +9.0088572e-02 +1.9454732e-03	 9.89e-01 Accepted	 209	 614	
26	 6.6117231e-01	 +8.8600667e-02 +3.0085517e-03	 9.79e-01 Accepted	 212	 616	
27	 6.6082192e-01	 +8.3771019e-02 +1.7383362e-04	 9.92e-01 Accepted	 212	 619	
28	 6.6031703e-01	 +8.3774827e-02 +7.7913153e-04	 9.90e-01 Accepted	 211	 627	
29	 6.6008229e-01	 +8.5407587e-02 +1.0131453e-03	 9.91e-01 Accepted	 214	 625	
30	 6.5961081e-01	 +8.0243521e-02 +6.9236027e-04	 9.95e-01 Accepted	 213	 627	
31	 6.5931007e-01	 +7.8062366e-02 +4.3534760e-04	 9.89e-01 Accepted	 215	 632	
32	 6.5896124e-01	 +7.8511200e-02 -4.0626839e-04	 9.93e-01 Accepted	 213	 631	
33	 6.5880224e-01	 +7.6596691e-02 +1.5071250e-03	 1.00e+00 Accepted	 214	 631	
34	 6.5860544e-01	 +7.5377301e-02 +6.9216814e-04	 9.91e-01 Accepted	 216	 637	
35	 6.5842961e-01	 +7.2471619e-02 -4.7382149e-04	 9.93e-01 Accepted	 216	 636	
36	 6.5838235e-01	 +7.2272429e-02 +2.0279984e-03	 9.93e-01 Accepted	 215	 638	
37	 6.5800089e-01	 +7.1764357e-02 -6.7389453e-04	 9.93e-01 Accepted	 215	 637	
38	 6.5781364e-01	 +7.0702364e-02 -2.5756995e-04	 9.92e-01 Accepted	 216	 640	
39	 6.5793472e-01	 +7.0807562e-02 -9.1919410e-04	 1.00e+00 Accepted	 217	 643	
40	 6.5786555e-01	 +6.8252449e-02 -6.8085875e-04	 9.94e-01 Accepted	 218	 646	
41	 6.5790420e-01	 +7.0344921e-02 -2.5838489e-04	 9.95e-01 Accepted	 218	 644	
42	 6.5772645e-01	 +6.7891728e-02 +9.0458574e-04	 9.96e-01 Accepted	 218	 644	
43	 6.5777805e-01	 +6.6785429e-02 +8.0170337e-04	 9.97e-01 Accepted	 220	 649	
44	 6.5788341e-01	 +7.0671670e-02 +2.5871164e-03	 1.00e+00 Accepted	 218	 645	
45	 6.5781194e-01	 +6.9210633e-02 +1.2852780e-03	 9.99e-01 Accepted	 220	 649	
46	 6.5724411e-01	 +6.6107813e-02 -1.4662364e-03	 9.92e-01 Accepted	 219	 649	
47	 6.5735503e-01	 +6.6832149e-02 +1.2596986e-04	 1.01e+00 Accepted	 219	 651	
48	 6.5718645e-01	 +6.4115580e-02 -2.6173429e-04	 1.00e+00 Accepted	 220	 654	
49	 6.5726949e-01	 +6.3607122e-02 -8.2225094e-04	 9.98e-01 Accepted	 221	 657	
50	 6.5734668e-01	 +6.5844843e-02 +1.4501244e-03	 1.00e+00 Accepted	 221	 657	
51	 6.5744153e-01	 +6.5156595e-02 +9.2761917e-04	 1.00e+00 Accepted	 222	 656	
52	 6.5748294e-01	 +6.3829974e-02 +1.7056396e-03	 1.00e+00 Accepted	 221	 654	
53	 6.5753888e-01	 +6.4242589e-02 +4.1619626e-04	 9.97e-01 Accepted	 222	 659	
54	 6.5741738e-01	 +5.9510885e-02 -8.1102952e-05	 9.87e-01 Accepted	 221	 658	
55	 6.5729089e-01	 +6.1518319e-02 +1.2305785e-05	 9.92e-01 Accepted	 223	 662	
56	 6.5742075e-01	 +6.3048205e-02 -3.4628568e-04	 1.01e+00 Accepted	 224	 665	
57	 6.5734566e-01	 +6.2328437e-02 -3.4901471e-04	 1.01e+00 Accepted	 224	 666	
58	 6.5713066e-01	 +6.0688700e-02 +3.5291086e-04	 9.87e-01 Accepted	 222	 664	
59	 6.5736252e-01	 +6.1851226e-02 -2.6142099e-04	 1.01e+00 Accepted	 225	 669	
60	 6.5723153e-01	 +6.2059288e-02 -1.2999122e-03	 1.00e+00 Accepted	 224	 667	
61	 6.5725920e-01	 +6.3096079e-02 -1.3509417e-03	 1.00e+00 Accepted	 224	 668	
62	 6.5724914e-01	 +6.2196379e-02 -3.5780214e-04	 9.92e-01 Accepted	 223	 670	
63	 6.5700816e-01	 +6.0525455e-02 -9.7630206e-05	 9.91e-01 Accepted	 224	 666	
64	 6.5696928e-01	 +5.7856153e-02 -1.6290695e-03	 1.00e+00 Accepted	 224	 668	
65	 6.5690433e-01	 +5.9381062e-02 +2.0481385e-05	 1.01e+00 Accepted	 226	 670	
66	 6.5711356e-01	 +6.0705732e-02 -7.3920794e-04	 1.01e+00 Accepted	 226	 674	
67	 6.5700253e-01	 +5.9851603e-02 -1.9156397e-03	 1.00e+00 Accepted	 227	 677	
68	 6.5684009e-01	 +5.9737198e-02 -2.7091544e-03	 1.01e+00 Accepted	 229	 679	
69	 6.5671463e-01	 +5.8942058e-02 -3.6823697e-03	 9.94e-01 Accepted	 226	 678	
70	 6.5668021e-01	 +5.7956502e-02 -5.3391155e-04	 1.00e+00 Accepted	 227	 676	
71	 6.5681660e-01	 +5.8720827e-02 -2.3692585e-03	 1.01e+00 Accepted	 228	 678	
72	 6.5689881e-01	 +5.9812857e-02 -1.9796936e-03	 1.00e+00 Accepted	 227	 678	
73	 6.5687068e-01	 +5.9295748e-02 -1.7253045e-03	 9.94e-01 Accepted	 229	 681	
74	 6.5704050e-01	 +5.6730434e-02 -1.6447036e-03	 1.01e+00 Accepted	 229	 685	
75	 6.5700692e-01	 +5.8481996e-02 -2.0345369e-03	 1.01e+00 Accepted	 229	 685	
76	 6.5692141e-01	 +5.6462203e-02 -2.7738337e-03	 1.00e+00 Accepted	 229	 681	
77	 6.5684393e-01	 +5.5313704e-02 -1.6601382e-03	 9.90e-01 Accepted	 230	 682	
78	 6.5695089e-01	 +5.7476953e-02 -6.3620897e-04	 9.89e-01 Accepted	 231	 688	
79	 6.5697208e-01	 +5.7317089e-02 +5.0866625e-05	 9.93e-01 Accepted	 230	 685	
80	 6.5708612e-01	 +5.6138256e-02 -1.4806134e-03	 1.02e+00 Accepted	 229	 684	
81	 6.5679645e-01	 +5.7408674e-02 -1.9847493e-03	 9.78e-01 Accepted	 230	 687	
82	 6.5670999e-01	 +5.6922747e-02 -2.0394531e-03	 9.97e-01 Accepted	 231	 684	
83	 6.5696192e-01	 +5.5469149e-02 -2.1082583e-03	 1.01e+00 Accepted	 230	 689	
84	 6.5693019e-01	 +5.4490734e-02 -1.1348387e-03	 9.92e-01 Accepted	 231	 688	
85	 6.5667536e-01	 +5.3729844e-02 -1.3603247e-03	 9.89e-01 Accepted	 232	 692	
86	 6.5681558e-01	 +5.4171754e-02 -3.2865418e-03	 1.02e+00 Accepted	 232	 692	
87	 6.5681589e-01	 +5.6480405e-02 -2.5771381e-03	 9.96e-01 Accepted	 233	 689	
88	 6.5686730e-01	 +5.4588730e-02 -1.4655697e-03	 1.00e+00 Accepted	 232	 690	
89	 6.5695321e-01	 +5.6330111e-02 -2.1134266e-03	 9.97e-01 Accepted	 233	 692	
90	 6.5671084e-01	 +5.7157266e-02 -6.3193616e-04	 1.01e+00 Accepted	 233	 694	
91	 6.5674383e-01	 +5.6293095e-02 -5.7293019e-04	 1.00e+00 Accepted	 234	 694	
92	 6.5653688e-01	 +5.2933368e-02 +2.1693838e-05	 9.92e-01 Accepted	 233	 691	
93	 6.5671833e-01	 +5.5734003e-02 +1.1213141e-04	 1.01e+00 Accepted	 233	 695	
94	 6.5673129e-01	 +5.4419681e-02 +1.5777741e-03	 9.94e-01 Accepted	 233	 696	
95	 6.5695221e-01	 +5.6736918e-02 -1.9100677e-03	 1.01e+00 Accepted	 233	 695	
96	 6.5689411e-01	 +5.9631448e-02 +8.9972905e-04	 1.00e+00 Accepted	 233	 695	
97	 6.5692407e-01	 +5.6742986e-02 +1.6648855e-03	 9.98e-01 Accepted	 233	 697	
98	 6.5699652e-01	 +5.4165822e-02 +8.2020881e-04	 1.00e+00 Accepted	 233	 695	
99	 6.5666624e-01	 +5.5326373e-02 +2.0720398e-03	 9.94e-01 Accepted	 234	 694	
100	 6.5663281e-01	 +5.5739616e-02 +5.4024270e-04	 9.91e-01 Accepted	 233	 697	
101	 6.5641124e-01	 +5.3500187e-02 +1.2114298e-03	 9.93e-01 Accepted	 233	 696	
102	 6.5622891e-01	 +5.1442967e-02 -8.8019280e-04	 1.00e+00 Accepted	 234	 699	
103	 6.5637002e-01	 +5.1791761e-02 -2.4821209e-04	 9.96e-01 Accepted	 234	 698	
104	 6.5642033e-01	 +5.2796010e-02 -6.3889341e-04	 1.01e+00 Accepted	 235	 696	
105	 6.5657750e-01	 +5.1729806e-02 -2.4852084e-03	 9.96e-01 Accepted	 236	 703	
106	 6.5661108e-01	 +5.1316238e-02 -1.4416995e-03	 1.01e+00 Accepted	 234	 703	
107	 6.5682031e-01	 +5.0581490e-02 -1.6111426e-03	 1.01e+00 Accepted	 234	 702	
108	 6.5667165e-01	 +4.9248912e-02 -3.5506300e-03	 9.92e-01 Accepted	 235	 702	
109	 6.5675438e-01	 +5.0502273e-02 -2.6405792e-03	 1.01e+00 Accepted	 234	 699	
110	 6.5643762e-01	 +4.9980390e-02 -5.6650137e-04	 1.00e+00 Accepted	 235	 701	
111	 6.5659761e-01	 +5.0845168e-02 -1.2545284e-04	 1.00e+00 Accepted	 234	 698	
112	 6.5655366e-01	 +5.0603310e-02 +2.9173281e-04	 1.00e+00 Accepted	 236	 705	
113	 6.5662402e-01	 +5.2088736e-02 +3.9098662e-04	 9.90e-01 Accepted	 237	 708	
114	 6.5708706e-01	 +5.2205595e-02 +7.1083873e-04	 1.01e+00 Accepted	 237	 705	
115	 6.5699192e-01	 +5.2125800e-02 -7.3418574e-05	 1.00e+00 Accepted	 234	 701	
116	 6.5689966e-01	 +5.0790916e-02 +2.5688180e-03	 1.00e+00 Accepted	 236	 702	
117	 6.5661302e-01	 +4.9143683e-02 +1.4065231e-03	 1.00e+00 Accepted	 235	 702	
118	 6.5642021e-01	 +5.0242891e-02 +2.7964413e-04	 9.90e-01 Accepted	 235	 701	
119	 6.5631030e-01	 +4.8558578e-02 +2.1182758e-04	 9.93e-01 Accepted	 235	 700	
120	 6.5626662e-01	 +4.7981117e-02 +2.4931267e-03	 9.98e-01 Accepted	 234	 703	
121	 6.5639772e-01	 +5.1632177e-02 +3.7004400e-03	 9.88e-01 Accepted	 234	 697	
122	 6.5633021e-01	 +5.2626970e-02 +6.3818383e-04	 9.97e-01 Accepted	 234	 699	
123	 6.5649986e-01	 +5.0933501e-02 +2.5963857e-03	 1.01e+00 Accepted	 236	 707	
124	 6.5641959e-01	 +5.1743652e-02 -3.0537126e-04	 1.01e+00 Accepted	 234	 704	
125	 6.5631193e-01	 +5.2204024e-02 +1.5904915e-03	 9.92e-01 Accepted	 235	 702	
126	 6.5636352e-01	 +5.2180132e-02 +4.0697132e-04	 1.00e+00 Accepted	 235	 704	
127	 6.5647892e-01	 +5.1743204e-02 +2.4323832e-03	 1.01e+00 Accepted	 235	 704	
128	 6.5668374e-01	 +5.1034107e-02 -1.4710319e-03	 1.01e+00 Accepted	 235	 703	
129	 6.5642474e-01	 +5.0392975e-02 -5.2258196e-04	 9.90e-01 Accepted	 234	 704	
130	 6.5639706e-01	 +5.0010028e-02 -1.4188975e-03	 9.81e-01 Accepted	 236	 707	
131	 6.5636541e-01	 +4.9220576e-02 +9.7732625e-04	 1.01e+00 Accepted	 236	 707	
132	 6.5681889e-01	 +4.9086863e-02 +5.7557958e-04	 1.01e+00 Accepted	 236	 702	
133	 6.5680989e-01	 +4.8924690e-02 +1.1513778e-03	 1.01e+00 Accepted	 235	 705	
134	 6.5691547e-01	 +4.7946418e-02 +1.2579842e-03	 1.01e+00 Accepted	 235	 707	
135	 6.5689388e-01	 +4.8220912e-02 +1.1812585e-03	 9.95e-01 Accepted	 237	 707	
136	 6.5647578e-01	 +4.8995850e-02 +4.8430049e-04	 9.91e-01 Accepted	 238	 709	
137	 6.5634963e-01	 +5.0235169e-02 +7.2586618e-04	 9.99e-01 Accepted	 238	 705	
138	 6.5631110e-01	 +4.9208700e-02 +1.3633695e-04	 9.92e-01 Accepted	 238	 712	
139	 6.5660903e-01	 +4.9553224e-02 +1.8107075e-03	 1.02e+00 Accepted	 239	 706	
140	 6.5640990e-01	 +4.8557638e-02 +2.2728854e-03	 9.97e-01 Accepted	 239	 707	
141	 6.5650464e-01	 +5.0445214e-02 +1.7991172e-04	 9.99e-01 Accepted	 238	 711	
142	 6.5622574e-01	 +5.0983606e-02 -1.9178910e-03	 1.01e+00 Accepted	 240	 712	
143	 6.5626026e-01	 +5.0473939e-02 -3.0045698e-04	 9.97e-01 Accepted	 237	 706	
144	 6.5613023e-01	 +5.0895684e-02 +8.2444482e-04	 1.00e+00 Accepted	 239	 712	
145	 6.5610403e-01	 +5.1464028e-02 +1.9845692e-03	 9.97e-01 Accepted	 237	 709	
146	 6.5632464e-01	 +4.9536464e-02 +9.6031457e-04	 1.00e+00 Accepted	 238	 711	
147	 6.5663626e-01	 +4.7157283e-02 +6.3396894e-04	 1.00e+00 Accepted	 238	 715	
148	 6.5652201e-01	 +4.8096635e-02 +1.1496126e-03	 1.01e+00 Accepted	 239	 712	
149	 6.5652301e-01	 +4.8303552e-02 +1.8749732e-03	 9.98e-01 Accepted	 238	 713	
150	 6.5635432e-01	 +4.7998459e-02 -7.8617716e-04	 1.00e+00 Accepted	 235	 704	
151	 6.5627290e-01	 +4.9263038e-02 +1.7125952e-03	 1.00e+00 Accepted	 237	 713	
152	 6.5643563e-01	 +4.9368975e-02 +2.0265229e-03	 9.99e-01 Accepted	 239	 710	
153	 6.5647139e-01	 +4.8125444e-02 +1.4314933e-03	 1.01e+00 Accepted	 235	 711	
154	 6.5662925e-01	 +4.9755671e-02 -6.4758458e-04	 1.01e+00 Accepted	 238	 712	
155	 6.5667808e-01	 +4.8332749e-02 -2.2439121e-03	 1.01e+00 Accepted	 237	 709	
156	 6.5694567e-01	 +5.0034437e-02 +1.4687261e-03	 9.98e-01 Accepted	 236	 712	
157	 6.5689067e-01	 +5.0208287e-02 +3.1056804e-03	 9.96e-01 Accepted	 238	 711	
158	 6.5643213e-01	 +5.2241443e-02 -7.1453222e-04	 9.93e-01 Accepted	 238	 712	
159	 6.5634426e-01	 +4.9071024e-02 +6.0752026e-04	 9.99e-01 Accepted	 237	 711	
160	 6.5646912e-01	 +4.6862619e-02 +7.6865821e-04	 9.99e-01 Accepted	 239	 718	
161	 6.5666716e-01	 +4.7783059e-02 -1.4022213e-04	 1.00e+00 Accepted	 239	 715	
162	 6.5661213e-01	 +4.7782520e-02 +8.3363260e-04	 1.00e+00 Accepted	 237	 712	
163	 6.5651679e-01	 +4.7543827e-02 +1.3601777e-03	 1.01e+00 Accepted	 235	 713	
164	 6.5668680e-01	 +4.8476215e-02 -1.7249893e-03	 1.01e+00 Accepted	 235	 712	
165	 6.5671235e-01	 +4.7451481e-02 -2.8209886e-03	 9.96e-01 Accepted	 234	 710	
166	 6.5671992e-01	 +4.6959230e-02 -2.3783084e-03	 9.93e-01 Accepted	 235	 710	
167	 6.5674188e-01	 +4.6653548e-02 -2.6351417e-03	 1.00e+00 Accepted	 235	 712	
168	 6.5668325e-01	 +4.8021904e-02 -1.1781182e-03	 9.95e-01 Accepted	 234	 713	
169	 6.5680298e-01	 +4.6532939e-02 -1.5125982e-03	 1.00e+00 Accepted	 235	 714	
170	 6.5693447e-01	 +4.7578545e-02 -1.1864361e-03	 1.00e+00 Accepted	 236	 717	
171	 6.5665553e-01	 +5.0011728e-02 -6.9054779e-04	 9.98e-01 Accepted	 235	 712	
172	 6.5679285e-01	 +4.7376844e-02 -2.3373845e-03	 1.01e+00 Accepted	 237	 711	
173	 6.5655489e-01	 +4.7922453e-02 -2.4536802e-03	 9.90e-01 Accepted	 236	 714	
174	 6.5655055e-01	 +4.8479833e-02 +3.8758711e-04	 1.00e+00 Accepted	 235	 712	
175	 6.5675392e-01	 +5.0180630e-02 -1.4865878e-03	 9.97e-01 Accepted	 234	 711	
176	 6.5682171e-01	 +4.8620814e-02 -2.0734941e-03	 1.00e+00 Accepted	 236	 716	
177	 6.5664711e-01	 +4.8412144e-02 -2.8625047e-03	 9.96e-01 Accepted	 235	 719	
178	 6.5634846e-01	 +5.0293141e-02 -4.7447365e-03	 9.94e-01 Accepted	 235	 713	
179	 6.5666108e-01	 +4.9395385e-02 -2.9694073e-03	 9.99e-01 Accepted	 236	 715	
180	 6.5648381e-01	 +4.7353238e-02 +4.2171016e-04	 9.92e-01 Accepted	 234	 713	
181	 6.5639336e-01	 +4.6685359e-02 +2.1960691e-03	 1.00e+00 Accepted	 234	 713	
182	 6.5631329e-01	 +4.9647564e-02 -2.2367138e-03	 1.00e+00 Accepted	 234	 712	
183	 6.5642791e-01	 +4.9051502e-02 -3.0278639e-04	 9.91e-01 Accepted	 234	 712	
184	 6.5632896e-01	 +4.8976945e-02 +1.0580666e-03	 9.94e-01 Accepted	 234	 713	
185	 6.5631713e-01	 +5.0332947e-02 +1.0327317e-03	 9.74e-01 Accepted	 235	 714	
186	 6.5639757e-01	 +4.6271147e-02 -2.0249706e-03	 1.00e+00 Accepted	 236	 716	
187	 6.5659867e-01	 +4.9378503e-02 -2.7817669e-03	 1.01e+00 Accepted	 236	 716	
188	 6.5646089e-01	 +4.8842155e-02 -2.7946233e-03	 9.95e-01 Accepted	 234	 711	
189	 6.5641359e-01	 +5.0623759e-02 -2.3490978e-03	 9.95e-01 Accepted	 236	 717	
190	 6.5650807e-01	 +4.8378215e-02 -4.0384655e-03	 1.01e+00 Accepted	 235	 714	
191	 6.5661459e-01	 +4.7988656e-02 -6.2727906e-04	 1.01e+00 Accepted	 234	 712	
# Starting_type: CheckpointStart
# Trajectory_length / Number_of_MD_steps: 1 / 8
# 	 Plaquette	 Polyakov_Loop(re,im)	 Acc._Probability	 runtime_per_traj(s)	 CG_iterations	
191	 6.5642340e-01	 +4.8842118e-02 +6.6502188e-04	 1.24e+00 Accepted	 195	 718	
192	 6.5629328e-01	 +4.7190528e-02 +1.9486449e-03	 6.53e-01 Accepted	 194	 717	
193	 6.5633974e-01	 +4.9016317e-02 -2.0951281e-03	 6.84e-01 Accepted	 195	 727	
194	 6.5635666e-01	 +4.6995565e-02 -2.0479635e-04	 1.38e+00 Accepted	 197	 726	
195	 6.5609226e-01	 +4.4415712e-02 -1.1694814e-03	 6.64e-01 Accepted	 198	 728	
196	 6.5630549e-01	 +4.6646498e-02 -2.1661710e-03	 1.24e+00 Accepted	 198	 728	
197	 6.5639425e-01	 +4.5695247e-02 +1.0686253e-03	 1.47e+00 Accepted	 198	 728	
198	 6.5639425e-01	 +4.5695247e-02 +1.0686253e-03	 5.75e-01 Rejected	 198	 736	
199	 6.5637516e-01	 +4.1187843e-02 +1.5386267e-03	 8.83e-01 Accepted	 198	 723	
200	 6.5641565e-01	 +4.2960000e-02 -2.5149185e-03	 1.41e+00 Accepted	 197	 735	
201	 6.5641565e-01	 +4.2960000e-02 -2.5149185e-03	 7.92e-01 Rejected	 199	 731	
202	 6.5654503e-01	 +4.4615913e-02 -2.5932582e-03	 1.55e+00 Accepted	 198	 722	
203	 6.5654365e-01	 +4.4303060e-02 +2.1049090e-03	 9.38e-01 Accepted	 199	 733	
204	 6.5656116e-01	 +4.5565718e-02 -1.0501401e-03	 1.55e+00 Accepted	 198	 732	
205	 6.5655198e-01	 +4.4123908e-02 +1.8325432e-03	 7.89e-01 Accepted	 199	 735	
206	 6.5649001e-01	 +4.3587314e-02 +2.0856596e-03	 1.19e+00 Accepted	 198	 727	
207	 6.5635573e-01	 +4.4857152e-02 +5.7489266e-04	 1.11e+00 Accepted	 200	 746	
208	 6.5653025e-01	 +4.3697306e-02 -2.0866302e-03	 1.13e+00 Accepted	 202	 734	
209	 6.5642660e-01	 +4.2137030e-02 +1.1272325e-03	 8.17e-01 Accepted	 201	 744	
210	 6.5628951e-01	 +4.0339146e-02 +1.1401626e-03	 8.57e-01 Accepted	 201	 738	
211	 6.5649835e-01	 +3.9762695e-02 -2.4078821e-03	 1.34e+00 Accepted	 202	 744	
212	 6.5624847e-01	 +4.1748323e-02 +1.0031840e-03	 8.61e-01 Accepted	 201	 745	
213	 6.5641984e-01	 +4.2878003e-02 -1.5503048e-04	 1.52e+00 Accepted	 202	 754	
214	 6.5647603e-01	 +4.0136698e-02 +3.2421722e-04	 9.42e-01 Accepted	 205	 757	
215	 6.5635946e-01	 +3.9697608e-02 +1.0184619e-03	 1.25e+00 Accepted	 204	 754	
216	 6.5640458e-01	 +4.0656917e-02 +3.2215811e-03	 6.20e-01 Accepted	 204	 755	
217	 6.5645811e-01	 +4.4666887e-02 +6.8468125e-04	 1.10e+00 Accepted	 204	 753	
218	 6.5610040e-01	 +4.0925416e-02 +2.9183643e-04	 5.59e-01 Accepted	 204	 757	
219	 6.5619876e-01	 +3.7791880e-02 +5.3614460e-04	 9.78e-01 Accepted	 205	 762	
220	 6.5619876e-01	 +3.7791880e-02 +5.3614460e-04	 6.09e-01 Rejected	 204	 755	
221	 6.5619876e-01	 +3.7791880e-02 +5.3614460e-04	 9.26e-01 Rejected	 205	 761	
222	 6.5637277e-01	 +3.8533756e-02 -3.3120377e-04	 1.17e+00 Accepted	 205	 758	
223	 6.5634852e-01	 +4.0601608e-02 +1.0167732e-03	 6.71e-01 Accepted	 205	 761	
224	 6.5627661e-01	 +3.8892561e-02 +5.1588446e-04	 1.17e+00 Accepted	 206	 753	
225	 6.5612374e-01	 +3.9979769e-02 +3.0959076e-03	 8.06e-01 Accepted	 203	 758	
226	 6.5649272e-01	 +4.2667836e-02 -1.2573232e-03	 1.22e+00 Accepted	 204	 748	
227	 6.5676081e-01	 +3.7773755e-02 -2.3693478e-04	 1.08e+00 Accepted	 203	 754	
228	 6.5676081e-01	 +3.7773755e-02 -2.3693478e-04	 6.22e-01 Rejected	 205	 754	
229	 6.5670105e-01	 +3.8550625e-02 -3.2537114e-03	 8.64e-01 Accepted	 203	 753	
230	 6.5656765e-01	 +3.8045818e-02 +6.3628252e-05	 5.98e-01 Accepted	 204	 745	
231	 6.5627884e-01	 +3.8392083e-02 -9.5187198e-04	 6.67e-01 Accepted	 203	 751	
232	 6.5605337e-01	 +3.5860934e-02 -1.0082823e-03	 6.47e-01 Accepted	 204	 752	
233	 6.5618670e-01	 +3.8105949e-02 -1.5117748e-03	 8.78e-01 Accepted	 204	 756	
234	 6.5640583e-01	 +4.0078137e-02 +1.2995435e-04	 1.62e+00 Accepted	 205	 758	
235	 6.5648000e-01	 +3.9596256e-02 +4.0240472e-04	 1.03e+00 Accepted	 205	 751	
236	 6.5649274e-01	 +4.0072935e-02 +3.2822136e-04	 1.01e+00 Accepted	 204	 762	
237	 6.5631943e-01	 +3.9649077e-02 -1.7107479e-03	 1.17e+00 Accepted	 207	 761	
238	 6.5605723e-01	 +3.8739059e-02 -1.5926326e-03	 7.07e-01 Accepted	 207	 765	
239	 6.5614920e-01	 +4.0817347e-02 -1.2544466e-03	 1.02e+00 Accepted	 207	 757	
240	 6.5606103e-01	 +4.1777168e-02 +1.5357199e-03	 7.90e-01 Accepted	 206	 760	
241	 6.5624660e-01	 +3.7220601e-02 -5.9700310e-04	 7.25e-01 Accepted	 206	 755	
242	 6.5638788e-01	 +4.1112371e-02 +1.8535859e-03	 1.64e+00 Accepted	 205	 757	
243	 6.5671311e-01	 +3.5160709e-02 +5.9541393e-04	 1.18e+00 Accepted	 205	 764	
244	 6.5671311e-01	 +3.5160709e-02 +5.9541393e-04	 5.72e-01 Rejected	 206	 757	
245	 6.5660761e-01	 +3.9080115e-02 +2.0445968e-03	 1.03e+00 Accepted	 207	 761	
246	 6.5648079e-01	 +3.7996926e-02 -1.0107727e-03	 9.41e-01 Accepted	 204	 755	
247	 6.5650944e-01	 +3.9644545e-02 -2.0786208e-03	 1.04e+00 Accepted	 205	 755	
248	 6.5658247e-01	 +3.9607835e-02 -2.9144877e-03	 8.80e-01 Accepted	 204	 759	
249	 6.5677684e-01	 +3.8401248e-02 -5.3391681e-04	 1.22e+00 Accepted	 206	 760	
250	 6.5677684e-01	 +3.8401248e-02 -5.3391681e-04	 6.89e-01 Rejected	 206	 761	
251	 6.5677684e-01	 +3.8401248e-02 -5.3391681e-04	 7.47e-01 Rejected	 204	 758	
252	 6.5677684e-01	 +3.8401248e-02 -5.3391681e-04	 7.09e-01 Rejected	 206	 763	
253	 6.5677684e-01	 +3.8401248e-02 -5.3391681e-04	 6.73e-01 Rejected	 205	 766	
254	 6.5667793e-01	 +3.7659203e-02 +3.9580124e-04	 9.73e-01 Accepted	 206	 764	
255	 6.5659331e-01	 +3.5258878e-02 -2.0856338e-03	 1.13e+00 Accepted	 207	 759	
256	 6.5652796e-01	 +3.4701873e-02 -1.8334532e-03	 7.56e-01 Accepted	 206	 758	
257	 6.5667167e-01	 +3.6211118e-02 -2.4123214e-04	 1.07e+00 Accepted	 207	 768	
258	 6.5666628e-01	 +3.8565707e-02 -1.8092950e-04	 8.82e-01 Accepted	 207	 764	
259	 6.5659603e-01	 +3.7437556e-02 +7.9942020e-04	 1.34e+00 Accepted	 208	 768	
260	 6.5662727e-01	 +3.9078358e-02 -4.1548542e-03	 9.73e-01 Accepted	 207	 760	
261	 6.5640203e-01	 +3.8043953e-02 +1.1170449e-03	 8.37e-01 Accepted	 207	 763	
262	 6.5644369e-01	 +3.6643544e-02 +1.4279362e-03	 1.10e+00 Accepted	 206	 767	
263	 6.5639287e-01	 +3.5355115e-02 -1.1223466e-03	 8.24e-01 Accepted	 207	 760	
264	 6.5639106e-01	 +3.6399519e-02 -2.2512813e-04	 9.48e-01 Accepted	 207	 773	
265	 6.5651473e-01	 +3.6038299e-02 +2.7375013e-03	 7.14e-01 Accepted	 208	 771	
266	 6.5632463e-01	 +3.3961355e-02 +2.0789766e-03	 1.24e+00 Accepted	 209	 775	
267	 6.5629906e-01	 +3.4830133e-02 -9.0428430e-04	 1.27e+00 Accepted	 209	 772	
268	 6.5638106e-01	 +3.5098551e-02 -1.8125059e-03	 1.16e+00 Accepted	 206	 765	
269	 6.5626961e-01	 +3.9640298e-02 -9.0366812e-04	 7.34e-01 Accepted	 208	 777	
270	 6.5639057e-01	 +3.8205773e-02 -1.2704587e-03	 1.29e+00 Accepted	 209	 772	
271	 6.5629684e-01	 +3.6788563e-02 +2.1257027e-04	 1.24e+00 Accepted	 209	 774	
272	 6.5643948e-01	 +3.7058654e-02 +2.7287438e-05	 1.15e+00 Accepted	 210	 778	
273	 6.5639032e-01	 +3.9290089e-02 -2.0463198e-03	 9.22e-01 Accepted	 208	 770	
274	 6.5620205e-01	 +3.9349579e-02 +9.3147017e-04	 5.78e-01 Accepted	 209	 770	
275	 6.5611959e-01	 +3.8614084e-02 -1.6250642e-03	 9.21e-01 Accepted	 209	 773	
276	 6.5613835e-01	 +3.7290498e-02 +6.3125578e-04	 9.62e-01 Accepted	 208	 769	
277	 6.5606979e-01	 +3.4838483e-02 +3.0829457e-04	 6.27e-01 Accepted	 207	 763	
278	 6.5626129e-01	 +3.7584000e-02 +1.2815261e-03	 9.69e-01 Accepted	 206	 766	
279	 6.5610413e-01	 +3.6677605e-02 +1.9551385e-03	 8.91e-01 Accepted	 207	 769	
280	 6.5627473e-01	 +3.6471973e-02 +1.4176444e-03	 1.08e+00 Accepted	 208	 768	
281	 6.5622498e-01	 +3.6512853e-02 +3.7345459e-03	 9.89e-01 Accepted	 209	 779	
282	 6.5632666e-01	 +3.7263658e-02 -6.2215688e-04	 1.26e+00 Accepted	 210	 762	
283	 6.5626613e-01	 +3.4639164e-02 +1.3610694e-03	 9.91e-01 Accepted	 208	 779	
284	 6.5614122e-01	 +3.7444298e-02 -2.3149122e-03	 9.54e-01 Accepted	 209	 776	
285	 6.5639513e-01	 +3.5121677e-02 -2.0841145e-04	 1.56e+00 Accepted	 209	 771	
286	 6.5649697e-01	 +3.6860021e-02 -3.0407527e-03	 1.31e+00 Accepted	 210	 772	
287	 6.5649697e-01	 +3.6860021e-02 -3.0407527e-03	 6.77e-01 Rejected	 209	 775	
288	 6.5594157e-01	 +3.6135677e-02 -1.1441938e-03	 7.02e-01 Accepted	 210	 786	
289	 6.5636943e-01	 +3.3168559e-02 -1.0192098e-03	 1.06e+00 Accepted	 212	 783	
290	 6.5637550e-01	 +3.3811729e-02 +1.9099211e-03	 8.05e-01 Accepted	 210	 778	
291	 6.5637550e-01	 +3.3811729e-02 +1.9099211e-03	 6.70e-01 Rejected	 209	 775	
292	 6.5616641e-01	 +3.3508977e-02 +2.0994122e-03	 8.03e-01 Accepted	 210	 774	
293	 6.5635054e-01	 +3.4262032e-02 -1.8394203e-03	 1.32e+00 Accepted	 208	 767	
294	 6.5646701e-01	 +3.3564745e-02 -7.8891889e-04	 1.16e+00 Accepted	 207	 766	
295	 6.5602669e-01	 +3.6463200e-02 -3.5207245e-04	 9.18e-01 Accepted	 208	 785	
296	 6.5633845e-01	 +3.5325536e-02 +8.7728890e-04	 1.28e+00 Accepted	 210	 773	
297	 6.5608779e-01	 +3.5088018e-02 -1.1854518e-03	 5.98e-01 Accepted	 208	 773	
298	 6.5626462e-01	 +3.5977993e-02 +7.8958566e-04	 1.02e+00 Accepted	 207	 753	
299	 6.5594736e-01	 +3.6685573e-02 -8.0086893e-04	 9.04e-01 Accepted	 204	 753	
300	 6.5582951e-01	 +3.9276165e-02 -1.1324314e-03	 6.70e-01 Accepted	 205	 761	
301	 6.5607946e-01	 +3.6705211e-02 +1.4556071e-04	 1.73e+00 Accepted	 207	 762	
302	 6.5635338e-01	 +3.4559334e-02 +6.8215997e-04	 1.64e+00 Accepted	 206	 755	
303	 6.5632640e-01	 +3.7277634e-02 +6.5739282e-04	 7.03e-01 Accepted	 205	 764	
304	 6.5609663e-01	 +3.6703071e-02 +2.1248726e-03	 8.98e-01 Accepted	 207	 765	
305	 6.5640336e-01	 +3.6915025e-02 -6.7634001e-04	 1.36e+00 Accepted	 205	 756	
306	 6.5640815e-01	 +3.7630884e-02 +5.5058575e-04	 9.09e-01 Accepted	 207	 770	
307	 6.5640815e-01	 +3.7630884e-02 +5.5058575e-04	 7.88e-01 Rejected	 207	 753	
308	 6.5640815e-01	 +3.7630884e-02 +5.5058575e-04	 8.34e-01 Rejected	 208	 762	
309	 6.5619612e-01	 +3.8747404e-02 +1.0305401e-03	 8.16e-01 Accepted	 207	 761	
310	 6.5638739e-01	 +4.2243582e-02 +1.5001209e-03	 8.96e-01 Accepted	 206	 764	
311	 6.5648142e-01	 +4.1023707e-02 +1.4550258e-03	 1.25e+00 Accepted	 205	 760	
312	 6.5662912e-01	 +4.0542286e-02 +1.3941734e-03	 1.26e+00 Accepted	 206	 758	
313	 6.5662883e-01	 +3.9916533e-02 +1.7750792e-03	 1.85e+00 Accepted	 204	 749	
314	 6.5670516e-01	 +4.1092234e-02 +3.2684968e-04	 1.24e+00 Accepted	 204	 754	
315	 6.5661820e-01	 +3.7103558e-02 +7.8336156e-04	 9.98e-01 Accepted	 204	 743	
316	 6.5641791e-01	 +3.5954279e-02 +4.3024786e-04	 7.72e-01 Accepted	 203	 748	
317	 6.5672166e-01	 +3.9303081e-02 -6.5143301e-04	 1.01e+00 Accepted	 203	 742	
318	 6.5668966e-01	 +3.9194054e-02 +3.7985924e-04	 1.30e+00 Accepted	 202	 742	
319	 6.5654834e-01	 +4.0767483e-02 +1.3410016e-03	 7.88e-01 Accepted	 202	 742	
320	 6.5667096e-01	 +4.0800767e-02 +2.2151249e-03	 9.36e-01 Accepted	 201	 739	
321	 6.5676156e-01	 +3.6510879e-02 -4.9782316e-04	 9.24e-01 Accepted	 201	 745	
322	 6.5672639e-01	 +3.8730550e-02 +1.3198237e-03	 1.15e+00 Accepted	 201	 742	
323	 6.5661119e-01	 +4.0786980e-02 -2.5455576e-03	 1.22e+00 Accepted	 202	 746	
324	 6.5628365e-01	 +3.8549739e-02 -5.8464867e-04	 7.19e-01 Accepted	 202	 747	
325	 6.5628365e-01	 +3.8549739e-02 -5.8464867e-04	 8.71e-01 Rejected	 201	 747	
326	 6.5617127e-01	 +4.2169191e-02 -2.8295107e-03	 8.07e-01 Accepted	 203	 749	
327	 6.5605295e-01	 +3.9063755e-02 +7.8010085e-05	 5.63e-01 Accepted	 203	 747	
328	 6.5596028e-01	 +4.0404332e-02 +1.9530950e-04	 1.06e+00 Accepted	 203	 752	
329	 6.5596028e-01	 +4.0404332e-02 +1.9530950e-04	 8.00e-01 Rejected	 203	 746	
330	 6.5612091e-01	 +3.9030677e-02 +5.7004368e-04	 1.47e+00 Accepted	 203	 755	
331	 6.5612088e-01	 +3.8083940e-02 +2.2755300e-03	 9.27e-01 Accepted	 203	 753	
332	 6.5620810e-01	 +3.8835157e-02 -6.3415936e-04	 1.69e+00 Accepted	 203	 753	
333	 6.5610389e-01	 +4.2411910e-02 +3.6268315e-04	 1.10e+00 Accepted	 204	 753	
334	 6.5631485e-01	 +3.7320551e-02 +3.4736952e-03	 1.14e+00 Accepted	 203	 752	
335	 6.5651775e-01	 +3.9458309e-02 +1.0810947e-04	 8.30e-01 Accepted	 204	 753	
336	 6.5614343e-01	 +3.7599466e-02 -4.0689445e-04	 6.21e-01 Accepted	 204	 746	
337	 6.5644744e-01	 +3.8066581e-02 +1.4307569e-03	 9.40e-01 Accepted	 204	 750	
338	 6.5655072e-01	 +3.6326473e-02 -5.3599172e-04	 1.02e+00 Accepted	 203	 756	
339	 6.5662135e-01	 +3.7400570e-02 -2.0065391e-03	 9.51e-01 Accepted	 206	 769	
340	 6.5650591e-01	 +3.6076779e-02 -2.7168783e-04	 6.70e-01 Accepted	 206	 763	
341	 6.5642975e-01	 +3.8766736e-02 -6.3640644e-04	 9.81e-01 Accepted	 207	 759	
342	 6.5642975e-01	 +3.8766736e-02 -6.3640644e-04	 8.21e-01 Rejected	 207	 760	
343	 6.5639010e-01	 +3.6140475e-02 +2.0950048e-03	 9.43e-01 Accepted	 206	 769	
344	 6.5652533e-01	 +3.5776797e-02 +3.3763705e-04	 1.05e+00 Accepted	 208	 772	
345	 6.5648715e-01	 +3.8998452e-02 +6.4952917e-04	 7.12e-01 Accepted	 208	 770	
346	 6.5637882e-01	 +4.1026307e-02 -1.4915303e-05	 1.03e+00 Accepted	 209	 769	
347	 6.5633764e-01	 +4.0176095e-02 +2.3019766e-03	 1.08e+00 Accepted	 207	 758	
348	 6.5679390e-01	 +4.0282714e-02 +1.0397150e-03	 1.12e+00 Accepted	 205	 749	
349	 6.5654172e-01	 +3.7646255e-02 +1.8670348e-03	 6.62e-01 Accepted	 205	 752	
350	 6.5646715e-01	 +3.9280945e-02 +3.7423399e-04	 9.49e-01 Accepted	 205	 756	
351	 6.5653488e-01	 +4.1120433e-02 -4.5523271e-04	 9.94e-01 Accepted	 205	 751	
352	 6.5650253e-01	 +3.9615237e-02 +4.2363053e-04	 1.65e+00 Accepted	 203	 748	
353	 6.5650253e-01	 +3.9615237e-02 +4.2363053e-04	 5.56e-01 Rejected	 204	 751	
354	 6.5651335e-01	 +3.9917737e-02 +7.5603126e-04	 9.14e-01 Accepted	 205	 757	
355	 6.5635520e-01	 +4.1629215e-02 -6.2052079e-04	 1.24e+00 Accepted	 204	 753	
356	 6.5669110e-01	 +4.0187105e-02 +1.6371857e-03	 1.47e+00 Accepted	 203	 746	
357	 6.5661212e-01	 +4.0307646e-02 -3.2841767e-03	 1.18e+00 Accepted	 203	 753	
358	 6.5660280e-01	 +3.7304702e-02 -2.9564050e-03	 1.14e+00 Accepted	 204	 748	
359	 6.5645259e-01	 +3.8998114e-02 -1.5116115e-04	 1.07e+00 Accepted	 203	 738	
360	 6.5650759e-01	 +4.1759367e-02 -2.9360247e-03	 1.01e+00 Accepted	 201	 732	
361	 6.5663697e-01	 +4.0040148e-02 +1.2777108e-03	 1.41e+00 Accepted	 202	 741	
362	 6.5686318e-01	 +4.0837739e-02 -8.4939687e-04	 9.62e-01 Accepted	 200	 735	
363	 6.5694202e-01	 +4.2768017e-02 +5.4470226e-04	 8.61e-01 Accepted	 200	 719	
364	 6.5690552e-01	 +4.2807903e-02 -1.3561673e-03	 1.51e+00 Accepted	 200	 732	
365	 6.5684822e-01	 +3.9190957e-02 -1.0470017e-03	 9.00e-01 Accepted	 200	 737	
366	 6.5689893e-01	 +4.1797825e-02 -6.6217910e-05	 9.20e-01 Accepted	 203	 742	
367	 6.5676435e-01	 +4.2276158e-02 -2.3717447e-03	 7.94e-01 Accepted	 201	 738	
368	 6.5641772e-01	 +4.1219020e-02 +1.9963217e-03	 1.07e+00 Accepted	 203	 744	
369	 6.5646876e-01	 +4.1298471e-02 -5.3545078e-04	 8.72e-01 Accepted	 203	 745	
370	 6.5652980e-01	 +3.9541129e-02 -1.6864577e-03	 9.39e-01 Accepted	 203	 747	
371	 6.5657350e-01	 +3.9873219e-02 -4.2399096e-05	 8.63e-01 Accepted	 203	 749	
372	 6.5661901e-01	 +4.1209602e-02 +4.7433455e-04	 9.99e-01 Accepted	 206	 755	
373	 6.5633259e-01	 +3.8959411e-02 -2.0306449e-03	 7.57e-01 Accepted	 207	 765	
374	 6.5656060e-01	 +3.8177860e-02 -1.5183843e-03	 6.99e-01 Accepted	 206	 762	
375	 6.5635930e-01	 +3.9694879e-02 -2.0684026e-03	 9.88e-01 Accepted	 204	 762	
376	 6.5634176e-01	 +3.7556681e-02 -2.4398575e-03	 7.84e-01 Accepted	 205	 759	
377	 6.5622069e-01	 +3.9112354e-02 -1.3125680e-03	 7.92e-01 Accepted	 206	 757	
378	 6.5632342e-01	 +3.8368467e-02 +6.6586685e-04	 1.23e+00 Accepted	 203	 752	
379	 6.5635975e-01	 +3.7194764e-02 -2.2464395e-03	 1.10e+00 Accepted	 203	 744	
380	 6.5630165e-01	 +3.8939845e-02 +2.9538597e-03	 5.85e-01 Accepted	 204	 751	
381	 6.5641444e-01	 +3.6855258e-02 +9.8472963e-04	 9.73e-01 Accepted	 203	 743	
382	 6.5668161e-01	 +4.2374709e-02 -2.1484602e-03	 1.38e+00 Accepted	 202	 735	
383	 6.5648437e-01	 +4.0808750e-02 -3.6362456e-04	 6.34e-01 Accepted	 201	 744	
384	 6.5655637e-01	 +3.9764246e-02 -3.0936957e-04	 1.06e+00 Accepted	 201	 738	
385	 6.5646985e-01	 +3.7048926e-02 -1.0618145e-03	 9.36e-01 Accepted	 201	 746	
386	 6.5636577e-01	 +3.7099605e-02 -1.6795693e-03	 1.09e+00 Accepted	 203	 748	
387	 6.5619958e-01	 +3.5920845e-02 -5.7316272e-04	 7.62e-01 Accepted	 203	 746	
388	 6.5636787e-01	 +4.0239212e-02 +2.2988501e-05	 8.65e-01 Accepted	 204	 753	
389	 6.5661329e-01	 +3.9066336e-02 -6.1734204e-04	 1.02e+00 Accepted	 201	 739	
390	 6.5653370e-01	 +3.8837697e-02 -1.4679380e-03	 1.61e+00 Accepted	 202	 748	
