# Starting_type: ColdStart
# serial RNG seed: 	[29078 39389 16078 12891 43398]
# parallel RNG seed:	[35804 16443 5313 55652 36397]
# Trajectory_length / Number_of_MD_steps: 1 / 7
# 	 Plaquette	 Polyakov_Loop(re,im)	 Acc._Probability	 runtime_per_traj(s)	 CG_iterations	
1	 8.0731843e-01	 +2.9634313e-01 +7.4310228e-04	 3.72e-58 Skipping	 63	 568	
2	 7.3683445e-01	 +1.4680507e-01 +5.6728055e-04	 1.62e-26 Skipping	 76	 630	
3	 6.9480315e-01	 +9.0488986e-02 -3.0371051e-03	 1.82e-17 Skipping	 78	 655	
4	 6.6616146e-01	 +6.3270576e-02 +1.2275981e-03	 2.03e-12 Skipping	 81	 681	
5	 6.4615056e-01	 +4.3172839e-02 -1.5755749e-03	 6.46e-09 Skipping	 81	 703	
6	 6.3173921e-01	 +3.3595821e-02 +5.3690329e-06	 1.52e-06 Skipping	 84	 722	
7	 6.2164332e-01	 +2.7916480e-02 +3.0069322e-03	 1.72e-04 Skipping	 84	 736	
8	 6.1426117e-01	 +2.2890019e-02 +1.2004251e-03	 1.13e-03 Skipping	 86	 738	
9	 6.0896214e-01	 +2.0876534e-02 -1.1453565e-03	 1.21e-02 Skipping	 85	 751	
10	 6.0511408e-01	 +1.9481469e-02 -1.4145047e-03	 3.03e-02 Skipping	 87	 766	
11	 6.0247260e-01	 +1.5254453e-02 -1.0145291e-03	 8.54e-02 Skipping	 87	 779	
12	 6.0067062e-01	 +1.6480448e-02 +1.7853427e-03	 2.45e-01 Skipping	 89	 786	
13	 5.9923800e-01	 +1.5143423e-02 +2.4016674e-03	 4.16e-01 Skipping	 88	 789	
14	 5.9835984e-01	 +1.4932023e-02 +6.3476717e-04	 5.67e-01 Skipping	 90	 800	
15	 5.9773766e-01	 +1.4880326e-02 -3.3847761e-04	 5.13e-01 Skipping	 89	 803	
16	 5.9722912e-01	 +1.8228985e-02 +3.4465258e-03	 7.98e-01 Skipping	 91	 809	
17	 5.9699257e-01	 +1.4124285e-02 +2.3679044e-03	 3.94e-01 Skipping	 90	 819	
18	 5.9709922e-01	 +1.3256711e-02 +2.2995461e-03	 9.77e-01 Skipping	 92	 822	
19	 5.9679048e-01	 +1.4750462e-02 +8.3064942e-04	 5.58e-01 Skipping	 91	 833	
20	 5.9717293e-01	 +1.2560007e-02 +1.8540481e-04	 1.40e+00 Skipping	 94	 833	
21	 5.9692754e-01	 +1.3853496e-02 -9.8916436e-04	 6.11e-01 Skipping	 91	 837	
22	 5.9674482e-01	 +1.4049059e-02 +1.2378045e-03	 9.69e-01 Skipping	 94	 839	
23	 5.9676925e-01	 +9.5450480e-03 -1.2800576e-03	 1.32e+00 Skipping	 93	 844	
24	 5.9655973e-01	 +1.5364812e-02 -3.6259500e-03	 8.08e-01 Skipping	 94	 848	
25	 5.9674361e-01	 +1.1829639e-02 -2.3874547e-03	 9.32e-01 Skipping	 92	 844	
26	 5.9651110e-01	 +1.0456611e-02 +8.7897621e-04	 1.06e+00 Skipping	 94	 840	
27	 5.9655006e-01	 +1.5549020e-02 -6.8102436e-04	 8.16e-01 Skipping	 93	 850	
28	 5.9625080e-01	 +1.3201599e-02 -2.0900177e-03	 4.81e-01 Skipping	 94	 850	
29	 5.9635058e-01	 +1.1304213e-02 +5.7600544e-04	 8.80e-01 Skipping	 93	 851	
30	 5.9592791e-01	 +1.4674116e-02 +1.0636708e-03	 5.00e-01 Skipping	 95	 859	
31	 5.9559570e-01	 +1.4320456e-02 -1.9534780e-03	 5.71e-01 Skipping	 94	 859	
32	 5.9580819e-01	 +1.4488462e-02 +3.2312902e-04	 9.74e-01 Skipping	 96	 855	
33	 5.9556666e-01	 +1.4307886e-02 +8.1183101e-04	 7.75e-01 Skipping	 94	 865	
34	 5.9610789e-01	 +1.2328514e-02 +2.2709089e-03	 1.25e+00 Skipping	 96	 865	
35	 5.9624463e-01	 +9.2666384e-03 -3.6454456e-04	 1.44e+00 Skipping	 95	 865	
36	 5.9630359e-01	 +8.4510406e-03 -4.9537740e-05	 1.11e+00 Skipping	 95	 872	
37	 5.9650337e-01	 +1.2109306e-02 +7.8503242e-04	 1.40e+00 Skipping	 95	 868	
38	 5.9626769e-01	 +1.0727903e-02 +1.9060870e-03	 7.71e-01 Skipping	 96	 887	
39	 5.9612676e-01	 +1.1112554e-02 -7.7881675e-04	 1.35e+00 Skipping	 96	 887	
40	 5.9595992e-01	 +8.3392611e-03 +3.8423932e-04	 9.43e-01 Skipping	 98	 899	
41	 5.9615778e-01	 +1.1121640e-02 +8.7100505e-04	 1.27e+00 Skipping	 97	 898	
42	 5.9614107e-01	 +9.0971534e-03 -2.0165374e-04	 1.04e+00 Skipping	 98	 887	
43	 5.9598884e-01	 +8.8293242e-03 -2.4188731e-04	 1.50e+00 Skipping	 96	 888	
44	 5.9623551e-01	 +8.7078195e-03 +1.9783352e-03	 2.29e+00 Skipping	 98	 891	
45	 5.9633252e-01	 +6.3781544e-03 +1.7122494e-03	 1.15e+00 Skipping	 96	 881	
46	 5.9617022e-01	 +1.0203029e-02 +1.8177111e-03	 6.79e-01 Skipping	 98	 880	
47	 5.9586339e-01	 +6.2317826e-03 -1.4153004e-03	 4.33e-01 Skipping	 96	 887	
48	 5.9604120e-01	 +1.1210585e-02 +4.6744162e-04	 1.04e+00 Skipping	 98	 891	
49	 5.9614477e-01	 +9.1860358e-03 -1.2882749e-04	 9.62e-01 Skipping	 96	 882	
50	 5.9623006e-01	 +8.9477339e-03 -8.9283819e-04	 1.91e+00 Skipping	 99	 886	
51	 5.9586424e-01	 +7.5746794e-03 -8.5442031e-04	 5.94e-01 Accepted	 97	 895	
52	 5.9598304e-01	 +1.2805381e-02 -9.1841608e-04	 9.80e-01 Accepted	 99	 887	
53	 5.9598304e-01	 +1.2805381e-02 -9.1841608e-04	 6.80e-01 Rejected	 97	 887	
54	 5.9613552e-01	 +9.4687951e-03 +8.1002293e-04	 1.32e+00 Accepted	 99	 900	
55	 5.9583309e-01	 +9.4390409e-03 +4.0731957e-04	 1.55e+00 Accepted	 97	 890	
56	 5.9604045e-01	 +1.0966123e-02 +2.0541994e-03	 1.07e+00 Accepted	 99	 895	
57	 5.9598118e-01	 +9.0644563e-03 -7.6174205e-04	 8.18e-01 Accepted	 97	 900	
58	 5.9598118e-01	 +9.0644563e-03 -7.6174205e-04	 8.25e-01 Rejected	 102	 900	
59	 5.9598118e-01	 +9.0644563e-03 -7.6174205e-04	 8.58e-01 Rejected	 101	 898	
60	 5.9600739e-01	 +8.0855962e-03 +9.6057913e-04	 9.27e-01 Accepted	 99	 893	
61	 5.9605479e-01	 +9.2837697e-03 +3.9001068e-04	 7.56e-01 Accepted	 97	 887	
62	 5.9590039e-01	 +9.6978236e-03 -1.2453954e-03	 1.01e+00 Accepted	 99	 896	
63	 5.9590503e-01	 +1.0856556e-02 +1.8503198e-03	 1.31e+00 Accepted	 97	 900	
64	 5.9590012e-01	 +1.2029675e-02 +7.1569073e-06	 1.49e+00 Accepted	 99	 912	
65	 5.9638336e-01	 +9.3555355e-03 -4.1083005e-04	 1.45e+00 Accepted	 99	 902	
66	 5.9649572e-01	 +9.4109287e-03 +1.4188097e-03	 8.16e-01 Accepted	 100	 903	
67	 5.9617426e-01	 +1.0120428e-02 -5.3269664e-04	 9.43e-01 Accepted	 98	 908	
68	 5.9617426e-01	 +1.0120428e-02 -5.3269664e-04	 6.54e-01 Rejected	 100	 921	
69	 5.9601242e-01	 +7.8484927e-03 -1.4520532e-03	 9.96e-01 Accepted	 98	 914	
70	 5.9595371e-01	 +9.5323336e-03 +6.0035927e-04	 7.85e-01 Accepted	 101	 893	
71	 5.9600455e-01	 +1.2549539e-02 +7.0244679e-04	 1.32e+00 Accepted	 98	 906	
72	 5.9598641e-01	 +7.1252418e-03 -2.3165368e-03	 1.02e+00 Accepted	 101	 907	
73	 5.9608229e-01	 +1.2761054e-02 +3.2325891e-03	 5.88e-01 Accepted	 100	 915	
74	 5.9624637e-01	 +9.5828311e-03 -1.1543348e-03	 1.21e+00 Accepted	 101	 912	
75	 5.9624637e-01	 +9.5828311e-03 -1.1543348e-03	 4.26e-01 Rejected	 101	 929	
76	 5.9589877e-01	 +9.9803040e-03 -1.7997554e-03	 9.44e-01 Accepted	 102	 910	
77	 5.9583221e-01	 +1.0508618e-02 +6.0738395e-04	 1.04e+00 Accepted	 101	 919	
78	 5.9576866e-01	 +9.9338055e-03 +1.7011265e-03	 1.09e+00 Accepted	 103	 911	
79	 5.9583761e-01	 +1.1016934e-02 +7.8263377e-04	 7.64e-01 Accepted	 100	 908	
80	 5.9596734e-01	 +9.9811601e-03 +2.7748534e-03	 1.13e+00 Accepted	 103	 915	
81	 5.9591671e-01	 +8.2329798e-03 -4.5655263e-04	 8.34e-01 Accepted	 101	 921	
82	 5.9587245e-01	 +1.2768091e-02 +2.5425794e-03	 1.03e+00 Accepted	 103	 918	
83	 5.9596742e-01	 +8.2201760e-03 +6.5557217e-04	 7.94e-01 Accepted	 101	 917	
84	 5.9610613e-01	 +1.0190579e-02 +1.1634137e-03	 3.45e+00 Accepted	 106	 925	
85	 5.9626625e-01	 +8.2640790e-03 -1.4038266e-03	 1.43e+00 Accepted	 111	 940	
86	 5.9621155e-01	 +4.4064260e-03 +1.8832086e-04	 1.30e+00 Accepted	 105	 944	
87	 5.9613620e-01	 +6.9779160e-03 -2.2826591e-04	 1.06e+00 Accepted	 100	 943	
88	 5.9595133e-01	 +9.8673898e-03 +9.3562560e-04	 9.93e-01 Accepted	 102	 935	
89	 5.9577466e-01	 +9.7805374e-03 +2.3126130e-03	 6.63e-01 Accepted	 100	 926	
90	 5.9577466e-01	 +9.7805374e-03 +2.3126130e-03	 6.19e-01 Rejected	 102	 929	
91	 5.9600131e-01	 +8.5292605e-03 +3.6445690e-03	 1.41e+00 Accepted	 100	 923	
92	 5.9613008e-01	 +1.1362543e-02 -2.1380172e-03	 7.92e-01 Accepted	 102	 924	
93	 5.9613008e-01	 +1.1362543e-02 -2.1380172e-03	 6.82e-01 Rejected	 100	 912	
94	 5.9645841e-01	 +8.4635570e-03 -1.5454447e-03	 1.02e+00 Accepted	 102	 917	
95	 5.9642747e-01	 +9.3476978e-03 +6.0574449e-04	 1.01e+00 Accepted	 100	 912	
96	 5.9629893e-01	 +6.8788981e-03 -4.0418007e-03	 7.76e-01 Accepted	 102	 926	
97	 5.9629893e-01	 +6.8788981e-03 -4.0418007e-03	 6.72e-01 Rejected	 101	 912	
98	 5.9629893e-01	 +6.8788981e-03 -4.0418007e-03	 6.57e-01 Rejected	 103	 919	
99	 5.9632405e-01	 +1.3191422e-02 -3.1446272e-04	 3.52e+00 Accepted	 102	 920	
100	 5.9629374e-01	 +5.8405724e-03 -1.9480631e-03	 5.36e-01 Accepted	 103	 917	
101	 5.9603499e-01	 +9.2196345e-03 +1.8905260e-03	 4.57e-01 Accepted	 102	 913	
102	 5.9603789e-01	 +8.3517091e-03 +1.6512610e-04	 1.32e+00 Accepted	 104	 907	
103	 5.9613788e-01	 +8.1839412e-03 -2.5042887e-04	 1.10e+00 Accepted	 102	 911	
104	 5.9613788e-01	 +8.1839412e-03 -2.5042887e-04	 6.87e-01 Rejected	 106	 919	
105	 5.9597367e-01	 +1.0874553e-02 +2.0255006e-04	 9.24e-01 Accepted	 101	 914	
106	 5.9616497e-01	 +1.0367464e-02 -1.7846058e-03	 7.54e-01 Accepted	 105	 913	
107	 5.9626523e-01	 +6.4574418e-03 +5.2016609e-04	 1.15e+00 Accepted	 104	 923	
108	 5.9620501e-01	 +1.1961965e-02 -1.1332632e-03	 8.79e-01 Accepted	 108	 925	
109	 5.9631945e-01	 +8.6694160e-03 +1.5968392e-03	 1.23e+00 Accepted	 105	 922	
110	 5.9616084e-01	 +9.2689362e-03 -7.3556521e-04	 6.80e-01 Accepted	 112	 911	
111	 5.9575082e-01	 +8.0995481e-03 +8.2766995e-04	 9.06e-01 Accepted	 109	 903	
112	 5.9582732e-01	 +1.0161617e-02 +1.4729275e-03	 1.65e+00 Accepted	 103	 906	
113	 5.9586906e-01	 +6.7808097e-03 +4.7214181e-04	 7.91e-01 Accepted	 98	 913	
114	 5.9599385e-01	 +1.0306513e-02 -1.3920582e-03	 1.13e+00 Accepted	 100	 909	
115	 5.9581643e-01	 +9.5962272e-03 +8.3987822e-04	 7.94e-01 Accepted	 98	 902	
116	 5.9574046e-01	 +8.8380352e-03 -2.3815968e-03	 6.21e-01 Accepted	 99	 900	
117	 5.9584441e-01	 +1.1520092e-02 -5.0135308e-04	 2.22e+00 Accepted	 100	 919	
118	 5.9588670e-01	 +8.0023978e-03 -2.5738462e-03	 8.71e-01 Accepted	 101	 929	
119	 5.9604422e-01	 +6.0674126e-03 -6.7661987e-05	 1.23e+00 Accepted	 101	 919	
120	 5.9586351e-01	 +8.0360885e-03 +1.8734693e-03	 1.30e+00 Accepted	 102	 923	
121	 5.9594327e-01	 +7.4969119e-03 -2.8101810e-03	 1.03e+00 Accepted	 100	 919	
122	 5.9601085e-01	 +1.1469884e-02 +6.4034014e-05	 8.48e-01 Accepted	 102	 923	
123	 5.9586727e-01	 +6.8312227e-03 +1.0776178e-03	 1.12e+00 Accepted	 102	 922	
124	 5.9568365e-01	 +7.1014899e-03 +2.4151640e-03	 4.70e-01 Accepted	 104	 923	
125	 5.9577838e-01	 +9.6747463e-03 -2.1141255e-03	 1.09e+00 Accepted	 103	 919	
126	 5.9604936e-01	 +1.0706150e-02 +1.1539200e-04	 1.34e+00 Accepted	 105	 908	
127	 5.9620862e-01	 +1.1079752e-02 +2.3217988e-03	 1.39e+00 Accepted	 104	 911	
128	 5.9587263e-01	 +1.0049766e-02 -1.3979536e-03	 9.99e-01 Accepted	 106	 923	
129	 5.9579426e-01	 +7.0176213e-03 +9.7769880e-04	 8.35e-01 Accepted	 104	 918	
130	 5.9579426e-01	 +7.0176213e-03 +9.7769880e-04	 7.17e-01 Rejected	 108	 929	
131	 5.9564061e-01	 +1.0146272e-02 -1.0777929e-03	 9.83e-01 Accepted	 104	 924	
132	 5.9598215e-01	 +9.7746365e-03 -3.6956335e-04	 1.94e+00 Accepted	 107	 914	
133	 5.9595892e-01	 +9.3593395e-03 +4.3889519e-04	 7.71e-01 Accepted	 105	 903	
134	 5.9598740e-01	 +9.1482658e-03 +4.5047777e-03	 1.07e+00 Accepted	 108	 906	
135	 5.9626408e-01	 +7.1674679e-03 +5.8245579e-04	 1.61e+00 Accepted	 107	 913	
136	 5.9657936e-01	 +8.5050169e-03 -1.9093586e-03	 1.37e+00 Accepted	 114	 910	
137	 5.9653871e-01	 +1.2708630e-02 +1.5299560e-03	 8.46e-01 Accepted	 110	 908	
138	 5.9653871e-01	 +1.2708630e-02 +1.5299560e-03	 6.34e-01 Rejected	 104	 920	
139	 5.9647425e-01	 +9.6567888e-03 -1.4999442e-03	 1.29e+00 Accepted	 98	 910	
140	 5.9593954e-01	 +8.8813944e-03 +1.0876527e-03	 8.14e-01 Accepted	 101	 916	
141	 5.9590875e-01	 +9.0620731e-03 +2.7404394e-03	 2.17e+00 Accepted	 99	 926	
142	 5.9618594e-01	 +9.4655850e-03 +1.6146776e-03	 1.26e+00 Accepted	 100	 918	
143	 5.9629138e-01	 +8.5665296e-03 -3.5790321e-04	 1.01e+00 Accepted	 99	 920	
144	 5.9611727e-01	 +1.0311240e-02 +2.2951562e-03	 1.15e+00 Accepted	 100	 927	
145	 5.9619328e-01	 +8.5769609e-03 +1.1853088e-03	 1.02e+00 Accepted	 100	 922	
146	 5.9597477e-01	 +8.2103185e-03 +6.6699065e-04	 8.72e-01 Accepted	 103	 924	
147	 5.9589661e-01	 +9.1735719e-03 +1.0728266e-03	 8.65e-01 Accepted	 103	 923	
148	 5.9573977e-01	 +8.2879675e-03 -1.0310592e-04	 7.85e-01 Accepted	 103	 925	
149	 5.9588872e-01	 +6.0703336e-03 -3.1087980e-03	 9.41e-01 Accepted	 101	 923	
150	 5.9565825e-01	 +9.2508989e-03 +8.1216180e-04	 9.38e-01 Accepted	 104	 914	
151	 5.9555962e-01	 +9.5102551e-03 -9.4551272e-04	 6.79e-01 Accepted	 102	 933	
152	 5.9563785e-01	 +8.2278342e-03 -3.1672352e-04	 7.26e-01 Accepted	 105	 921	
153	 5.9564943e-01	 +6.0557783e-03 +1.9755401e-04	 2.94e+00 Accepted	 104	 926	
154	 5.9592327e-01	 +5.1373978e-03 -5.4609599e-07	 3.01e+00 Accepted	 106	 926	
155	 5.9586798e-01	 +7.1534919e-03 -2.3013567e-03	 1.47e+00 Accepted	 104	 925	
156	 5.9575489e-01	 +8.1193371e-03 -1.8437507e-03	 1.03e+00 Accepted	 107	 934	
157	 5.9573045e-01	 +9.7142038e-03 +1.9107008e-03	 8.06e-01 Accepted	 105	 932	
158	 5.9586319e-01	 +8.5234172e-03 +9.7796314e-04	 8.57e-01 Accepted	 108	 927	
159	 5.9604982e-01	 +4.7249368e-03 +1.2460993e-03	 1.05e+00 Accepted	 109	 937	
160	 5.9579953e-01	 +7.1612056e-03 +5.6081888e-04	 1.06e+00 Accepted	 111	 928	
161	 5.9614811e-01	 +7.4797263e-03 -2.3263607e-03	 5.80e-01 Accepted	 114	 928	
162	 5.9620165e-01	 +7.2044617e-03 +1.3822791e-04	 7.82e-01 Accepted	 117	 934	
163	 5.9620165e-01	 +7.2044617e-03 +1.3822791e-04	 4.33e-01 Rejected	 113	 951	
164	 5.9606401e-01	 +7.3034891e-03 +2.3881189e-03	 1.10e+00 Accepted	 107	 927	
165	 5.9565820e-01	 +8.9697943e-03 +1.3844457e-03	 1.02e+00 Accepted	 100	 937	
166	 5.9552415e-01	 +7.7790470e-03 -7.2076718e-04	 1.04e+00 Accepted	 101	 935	
167	 5.9561786e-01	 +6.8680192e-03 -1.8022185e-04	 1.83e+00 Accepted	 99	 927	
168	 5.9587158e-01	 +7.7970826e-03 +2.1978399e-03	 1.53e+00 Accepted	 102	 939	
169	 5.9604058e-01	 +7.4212915e-03 -8.7582549e-04	 1.07e+00 Accepted	 101	 934	
170	 5.9622013e-01	 +7.3158364e-03 +1.7569775e-03	 1.20e+00 Accepted	 103	 923	
171	 5.9633136e-01	 +8.3727031e-03 -6.1177494e-04	 1.42e+00 Accepted	 101	 928	
172	 5.9594059e-01	 +8.1431744e-03 -5.6634289e-05	 7.55e-01 Accepted	 104	 930	
173	 5.9594059e-01	 +8.1431744e-03 -5.6634289e-05	 6.90e-01 Rejected	 102	 928	
174	 5.9582774e-01	 +6.8863523e-03 -1.5704344e-03	 5.19e-01 Accepted	 104	 932	
175	 5.9571012e-01	 +5.5210168e-03 +4.7710372e-05	 8.21e-01 Accepted	 103	 922	
176	 5.9579561e-01	 +7.2045262e-03 -2.4913434e-03	 1.01e+00 Accepted	 105	 934	
177	 5.9575690e-01	 +1.2015856e-02 -1.7542527e-04	 6.31e-01 Accepted	 104	 930	
178	 5.9584989e-01	 +7.4364406e-03 -1.3981669e-04	 9.11e-01 Accepted	 108	 938	
179	 5.9586089e-01	 +5.2178042e-03 +1.3931662e-03	 1.28e+00 Accepted	 106	 939	
180	 5.9586278e-01	 +1.0960598e-02 -9.7466006e-04	 9.49e-01 Accepted	 108	 944	
181	 5.9611077e-01	 +7.0028552e-03 +1.4853063e-03	 1.52e+00 Accepted	 106	 934	
182	 5.9604698e-01	 +1.0507737e-02 +3.3286356e-03	 1.74e+00 Accepted	 108	 933	
183	 5.9616109e-01	 +6.9177755e-03 -1.8372553e-03	 1.65e+00 Accepted	 107	 940	
184	 5.9622863e-01	 +7.5638607e-03 +1.8708963e-03	 1.02e+00 Accepted	 109	 937	
185	 5.9634788e-01	 +8.3950475e-03 +2.0738790e-04	 1.97e+00 Accepted	 108	 943	
186	 5.9622094e-01	 +6.9910346e-03 +1.3171895e-03	 8.77e-01 Accepted	 115	 944	
187	 5.9622094e-01	 +6.9910346e-03 +1.3171895e-03	 4.87e-01 Rejected	 117	 945	
188	 5.9621507e-01	 +7.7461111e-03 -1.8937045e-03	 6.96e-01 Accepted	 121	 956	
189	 5.9632445e-01	 +7.4209353e-03 +9.5439900e-04	 1.44e+00 Accepted	 104	 953	
190	 5.9640835e-01	 +5.9501444e-03 +1.0241113e-03	 9.40e-01 Accepted	 109	 942	
191	 5.9640835e-01	 +5.9501444e-03 +1.0241113e-03	 7.22e-01 Rejected	 101	 939	
192	 5.9633679e-01	 +7.5342021e-03 +3.6606408e-04	 6.90e-01 Accepted	 103	 946	
193	 5.9609600e-01	 +6.7582801e-03 +2.4916154e-03	 9.82e-01 Accepted	 101	 937	
194	 5.9616314e-01	 +5.6352069e-03 -7.6892671e-04	 9.36e-01 Accepted	 103	 933	
195	 5.9624848e-01	 +4.1590446e-03 -3.2578244e-03	 1.07e+00 Accepted	 101	 924	
196	 5.9616908e-01	 +6.8062477e-03 -3.6382374e-03	 6.99e-01 Accepted	 103	 932	
197	 5.9587046e-01	 +9.0355173e-03 +1.8312314e-03	 9.39e-01 Accepted	 101	 921	
198	 5.9587046e-01	 +9.0355173e-03 +1.8312314e-03	 6.21e-01 Rejected	 103	 918	
199	 5.9563221e-01	 +9.3223911e-03 -1.6281046e-03	 8.19e-01 Accepted	 101	 913	
200	 5.9577479e-01	 +8.0805972e-03 -3.2379613e-03	 1.30e+00 Accepted	 103	 908	
201	 5.9577479e-01	 +8.0805972e-03 -3.2379613e-03	 5.11e-01 Rejected	 102	 915	
202	 5.9567120e-01	 +7.5308935e-03 +2.4655461e-05	 7.90e-01 Accepted	 104	 914	
203	 5.9567120e-01	 +7.5308935e-03 +2.4655461e-05	 9.11e-01 Rejected	 104	 921	
204	 5.9600461e-01	 +7.4896180e-03 +2.5532137e-04	 1.27e+00 Accepted	 107	 901	
205	 5.9589804e-01	 +6.9695556e-03 -5.7873436e-04	 8.47e-01 Accepted	 105	 911	
206	 5.9589804e-01	 +6.9695556e-03 -5.7873436e-04	 4.84e-01 Rejected	 106	 902	
207	 5.9595295e-01	 +7.1468834e-03 +2.8042326e-03	 9.64e-01 Accepted	 108	 918	
208	 5.9614437e-01	 +7.8408205e-03 -1.8859713e-03	 1.42e+00 Accepted	 108	 917	
209	 5.9614437e-01	 +7.8408205e-03 -1.8859713e-03	 8.41e-01 Rejected	 109	 923	
210	 5.9618915e-01	 +7.0340257e-03 -2.5903076e-04	 1.41e+00 Accepted	 112	 927	
211	 5.9608862e-01	 +7.1841535e-03 -3.9251161e-04	 4.97e-01 Accepted	 111	 922	
212	 5.9616865e-01	 +8.3814136e-03 -1.9273896e-03	 1.25e+00 Accepted	 121	 918	
