# Starting_type: HotStart
# serial RNG seed: 	[57332 55390 59689 21388 22000]
# parallel RNG seed:	[8734 4088 3545 54276 24768]
# Trajectory_length / Number_of_MD_steps: 1 / 8
# 	 Plaquette	 Polyakov_Loop(re,im)	 Acc._Probability	 runtime_per_traj(s)	 CG_iterations	
1	 2.3950202e-01	 +2.4043228e-03 -3.2095070e-05	 4.24e+58 Accepted	 223	 996	
2	 3.4675398e-01	 -3.2210598e-04 -2.1408134e-03	 2.16e+36 Accepted	 309	 1278	
3	 4.1290935e-01	 +1.2860412e-03 -4.6359463e-04	 4.15e+23 Accepted	 355	 1415	
4	 4.6042640e-01	 +1.5753847e-03 +1.7792288e-03	 2.44e+17 Accepted	 378	 1482	
5	 4.9897246e-01	 -2.1417762e-03 +1.0829021e-03	 4.35e+13 Accepted	 389	 1494	
6	 5.3097347e-01	 +2.5474996e-03 -1.0327693e-04	 5.25e+10 Accepted	 390	 1486	
7	 5.5755449e-01	 +7.2318449e-04 +3.3812965e-04	 1.37e+09 Accepted	 391	 1494	
8	 5.7881240e-01	 -9.0371522e-04 +1.5512516e-04	 8.67e+06 Accepted	 390	 1452	
9	 5.9533951e-01	 +2.0514071e-03 +4.6196215e-04	 1.77e+05 Accepted	 382	 1434	
10	 6.0760355e-01	 +7.8381171e-06 -1.4600392e-04	 7.21e+03 Accepted	 368	 1378	
11	 6.1647752e-01	 +2.4380388e-04 +4.1464333e-04	 1.07e+03 Accepted	 365	 1403	
12	 6.2331088e-01	 -5.8808409e-04 +3.4658824e-04	 2.61e+02 Accepted	 363	 1355	
13	 6.2812451e-01	 +3.9166527e-03 -4.4565674e-04	 3.43e+01 Accepted	 359	 1367	
14	 6.3180064e-01	 +7.2893917e-04 +1.2261548e-03	 8.05e+00 Accepted	 364	 1363	
15	 6.3477024e-01	 +9.2845326e-05 -8.2747901e-04	 1.09e+01 Accepted	 358	 1294	
16	 6.3683886e-01	 -1.0798314e-03 +1.5513881e-03	 2.61e+00 Accepted	 343	 1252	
17	 6.3825331e-01	 +4.8823764e-03 -7.6313645e-04	 3.02e+00 Accepted	 330	 1239	
18	 6.3966257e-01	 +3.1653991e-03 +4.3960485e-04	 2.09e+00 Accepted	 331	 1215	
19	 6.4070408e-01	 +2.2904732e-03 -6.2066045e-04	 1.41e+00 Accepted	 326	 1226	
20	 6.4138826e-01	 +3.8029497e-03 +4.5188211e-04	 2.02e+00 Accepted	 328	 1244	
21	 6.4213094e-01	 +4.7868018e-03 -1.3964040e-03	 1.53e+00 Accepted	 324	 1222	
22	 6.4240418e-01	 +9.5058003e-04 -2.9078432e-03	 9.86e-01 Accepted	 319	 1182	
23	 6.4263536e-01	 +3.4594723e-03 -3.7913261e-03	 8.86e-01 Accepted	 320	 1145	
24	 6.4302904e-01	 +1.9759946e-03 +1.0088455e-03	 7.90e-01 Accepted	 313	 1164	
25	 6.4314474e-01	 +1.2246043e-04 -2.4106846e-03	 7.57e-01 Accepted	 318	 1179	
26	 6.4308781e-01	 +3.2405691e-03 -1.6708841e-03	 9.90e-01 Accepted	 314	 1107	
27	 6.4322416e-01	 +7.2832153e-05 +8.2015538e-04	 1.13e+00 Accepted	 304	 1109	
28	 6.4357699e-01	 -4.5943914e-04 -1.0015204e-04	 9.24e-01 Accepted	 303	 1098	
29	 6.4362434e-01	 -4.1766594e-03 -1.1299205e-03	 9.43e-01 Accepted	 298	 1086	
30	 6.4376071e-01	 +4.0645124e-04 +7.1267871e-04	 1.15e+00 Accepted	 299	 1095	
31	 6.4368814e-01	 +6.2925060e-04 -1.4501601e-03	 8.54e-01 Accepted	 304	 1166	
32	 6.4387176e-01	 -1.4106774e-03 -1.6157790e-03	 9.06e-01 Accepted	 304	 1089	
33	 6.4395643e-01	 -1.1623092e-03 +3.7449325e-04	 1.31e+00 Accepted	 298	 1097	
34	 6.4435834e-01	 +5.4155521e-04 -1.7766374e-03	 1.33e+00 Accepted	 298	 1091	
35	 6.4460881e-01	 +2.0069046e-03 +1.6721304e-03	 1.19e+00 Accepted	 297	 1089	
36	 6.4460881e-01	 +2.0069046e-03 +1.6721304e-03	 5.56e-01 Rejected	 297	 1090	
37	 6.4462445e-01	 +8.3187268e-04 -3.3282657e-03	 1.75e+00 Accepted	 296	 1088	
38	 6.4454178e-01	 -1.9896602e-04 -5.2261392e-04	 8.12e-01 Accepted	 297	 1100	
39	 6.4478684e-01	 +3.5952645e-05 -5.8330668e-04	 1.43e+00 Accepted	 295	 1094	
40	 6.4476652e-01	 -1.6082821e-04 +4.8232502e-04	 8.81e-01 Accepted	 294	 1091	
41	 6.4467186e-01	 -3.1605687e-03 -1.6660476e-03	 1.17e+00 Accepted	 295	 1092	
42	 6.4467186e-01	 -3.1605687e-03 -1.6660476e-03	 6.10e-01 Rejected	 295	 1088	
43	 6.4470109e-01	 -3.4727494e-03 -3.5879482e-03	 5.84e-01 Accepted	 294	 1088	
44	 6.4485426e-01	 -1.3451851e-03 -2.2400358e-03	 1.23e+00 Accepted	 296	 1094	
45	 6.4489980e-01	 -2.0154462e-03 -2.3012686e-03	 1.40e+00 Accepted	 297	 1089	
46	 6.4489980e-01	 -2.0154462e-03 -2.3012686e-03	 8.78e-01 Rejected	 296	 1086	
47	 6.4485942e-01	 +3.0562038e-04 -2.9882110e-03	 1.09e+00 Accepted	 297	 1089	
48	 6.4498807e-01	 +7.4566555e-04 -8.4048579e-04	 1.06e+00 Accepted	 297	 1087	
49	 6.4467601e-01	 -2.5737201e-03 -1.4231748e-03	 9.24e-01 Accepted	 297	 1093	
50	 6.4485161e-01	 -3.2845244e-03 -4.0981832e-03	 1.02e+00 Accepted	 298	 1092	
51	 6.4477912e-01	 -2.6525498e-03 -2.0599335e-03	 6.48e-01 Accepted	 297	 1091	
52	 6.4477912e-01	 -2.6525498e-03 -2.0599335e-03	 5.43e-01 Rejected	 297	 1093	
53	 6.4480868e-01	 -5.1895039e-03 +7.0294996e-04	 1.14e+00 Accepted	 295	 1089	
54	 6.4491390e-01	 -4.7912244e-03 -8.4225433e-04	 8.81e-01 Accepted	 296	 1091	
55	 6.4498178e-01	 -3.6124197e-03 +8.9670619e-05	 9.64e-01 Accepted	 296	 1078	
56	 6.4498178e-01	 -3.6124197e-03 +8.9670619e-05	 8.29e-01 Rejected	 297	 1078	
57	 6.4493637e-01	 -1.5243960e-03 -5.8033280e-03	 9.01e-01 Accepted	 292	 1088	
58	 6.4512544e-01	 -3.9384394e-03 -1.6490001e-03	 8.71e-01 Accepted	 295	 1082	
59	 6.4510030e-01	 -4.4799146e-03 -2.2455080e-03	 8.72e-01 Accepted	 293	 1096	
60	 6.4487178e-01	 -5.2247061e-03 -4.7883326e-03	 6.08e-01 Accepted	 295	 1093	
61	 6.4485803e-01	 -2.8697554e-03 -6.4751649e-03	 6.01e-01 Accepted	 295	 1091	
62	 6.4504655e-01	 -3.5434647e-03 -5.3816683e-03	 1.25e+00 Accepted	 296	 1090	
63	 6.4490567e-01	 -1.0043533e-03 -4.1297557e-03	 1.10e+00 Accepted	 295	 1087	
64	 6.4524622e-01	 -1.7680588e-03 -5.9277613e-03	 1.30e+00 Accepted	 293	 1092	
65	 6.4523833e-01	 -1.4643139e-03 -5.2508800e-03	 1.24e+00 Accepted	 295	 1088	
66	 6.4534227e-01	 -1.2941899e-03 -3.1333126e-03	 1.30e+00 Accepted	 298	 1092	
67	 6.4519768e-01	 -4.2076607e-03 -4.2632808e-03	 8.30e-01 Accepted	 295	 1082	
68	 6.4487302e-01	 -2.7587141e-03 -2.0328610e-03	 7.95e-01 Accepted	 294	 1094	
69	 6.4519303e-01	 -1.3211299e-03 -5.7412843e-03	 1.09e+00 Accepted	 296	 1094	
70	 6.4531466e-01	 -3.6436988e-04 -6.1723018e-03	 1.26e+00 Accepted	 299	 1092	
71	 6.4525586e-01	 -3.8797368e-03 -5.7881237e-03	 7.42e-01 Accepted	 295	 1083	
72	 6.4530408e-01	 -4.4622758e-03 +7.0903231e-04	 1.25e+00 Accepted	 298	 1086	
73	 6.4498989e-01	 -1.4018909e-03 -5.3563929e-03	 7.47e-01 Accepted	 300	 1093	
74	 6.4509717e-01	 +2.2395511e-04 -3.7092448e-03	 1.06e+00 Accepted	 299	 1086	
75	 6.4535353e-01	 -1.0879441e-03 -4.0184936e-03	 1.48e+00 Accepted	 297	 1086	
76	 6.4527410e-01	 -1.0079781e-04 -1.0719901e-03	 6.67e-01 Accepted	 298	 1092	
77	 6.4528570e-01	 +7.7373887e-04 -4.0328116e-03	 7.83e-01 Accepted	 300	 1092	
78	 6.4538486e-01	 +2.1030029e-03 -1.7371416e-03	 1.19e+00 Accepted	 298	 1090	
79	 6.4518273e-01	 -1.1889157e-03 -5.5558082e-03	 8.32e-01 Accepted	 300	 1090	
80	 6.4506619e-01	 +5.4788957e-04 -4.9042802e-03	 7.70e-01 Accepted	 296	 1085	
81	 6.4509518e-01	 -1.2196081e-04 -6.2710841e-03	 1.66e+00 Accepted	 298	 1100	
82	 6.4528024e-01	 -1.3381158e-03 -8.8372563e-03	 1.02e+00 Accepted	 304	 1091	
83	 6.4540950e-01	 -1.1751162e-03 -5.8654076e-03	 1.32e+00 Accepted	 304	 1091	
84	 6.4532286e-01	 +1.7802959e-03 -4.4962856e-03	 1.49e+00 Accepted	 301	 1087	
85	 6.4550119e-01	 -4.2230995e-04 -3.4261804e-03	 8.06e-01 Accepted	 303	 1072	
86	 6.4557147e-01	 -1.3451709e-03 -1.8460135e-03	 1.46e+00 Accepted	 301	 1080	
87	 6.4576567e-01	 +1.1132434e-03 -8.9727807e-03	 8.63e-01 Accepted	 301	 1100	
88	 6.4576567e-01	 +1.1132434e-03 -8.9727807e-03	 5.73e-01 Rejected	 302	 1092	
89	 6.4559886e-01	 -1.9011288e-03 -3.2689193e-03	 1.40e+00 Accepted	 303	 1092	
90	 6.4571175e-01	 -2.7023779e-03 -3.1278237e-03	 1.11e+00 Accepted	 303	 1089	
91	 6.4565208e-01	 -1.6512868e-03 -3.3702189e-03	 9.72e-01 Accepted	 302	 1086	
92	 6.4568053e-01	 -5.4885113e-04 -2.0922629e-03	 7.89e-01 Accepted	 301	 1091	
93	 6.4560428e-01	 -3.6759133e-03 -1.5432675e-03	 8.07e-01 Accepted	 303	 1095	
94	 6.4560428e-01	 -3.6759133e-03 -1.5432675e-03	 4.57e-01 Rejected	 302	 1084	
95	 6.4546268e-01	 -1.0923778e-03 -4.3145135e-03	 7.14e-01 Accepted	 301	 1081	
96	 6.4550028e-01	 -3.0344892e-03 -2.5031761e-03	 1.05e+00 Accepted	 301	 1100	
97	 6.4511562e-01	 +1.6017103e-04 -1.1932618e-03	 1.07e+00 Accepted	 302	 1079	
98	 6.4527105e-01	 -1.1588234e-03 -5.4818666e-03	 8.81e-01 Accepted	 300	 1081	
99	 6.4520503e-01	 -1.7208522e-03 -1.3687764e-03	 9.05e-01 Accepted	 301	 1085	
100	 6.4507687e-01	 -1.3540527e-03 +8.5482634e-04	 1.11e+00 Accepted	 299	 1076	
101	 6.4520022e-01	 -1.6410520e-03 -2.3818581e-03	 1.50e+00 Accepted	 302	 1092	
102	 6.4520266e-01	 -3.1302434e-03 -2.4703633e-03	 1.11e+00 Accepted	 299	 1087	
103	 6.4519958e-01	 -2.2416438e-03 -4.0353143e-05	 1.33e+00 Accepted	 301	 1091	
104	 6.4541560e-01	 -3.0204937e-03 -3.5516798e-03	 8.65e-01 Accepted	 302	 1085	
105	 6.4548200e-01	 -3.7889307e-04 -4.3458907e-03	 1.31e+00 Accepted	 299	 1089	
106	 6.4548200e-01	 -3.7889307e-04 -4.3458907e-03	 4.90e-01 Rejected	 302	 1088	
107	 6.4550666e-01	 -1.5688786e-03 -3.7494782e-03	 8.88e-01 Accepted	 301	 1081	
108	 6.4524394e-01	 +4.8828114e-04 -3.9703878e-04	 9.15e-01 Accepted	 301	 1087	
109	 6.4545224e-01	 -5.4435345e-04 -3.0694735e-03	 6.91e-01 Accepted	 298	 1078	
110	 6.4538369e-01	 -1.8215240e-03 -4.6600863e-03	 1.22e+00 Accepted	 300	 1084	
111	 6.4553541e-01	 -1.4254855e-03 -4.3206768e-03	 1.35e+00 Accepted	 302	 1084	
112	 6.4553541e-01	 -1.4254855e-03 -4.3206768e-03	 8.82e-01 Rejected	 306	 1079	
113	 6.4566304e-01	 -2.2922124e-03 +2.3938977e-04	 9.99e-01 Accepted	 295	 1076	
114	 6.4562008e-01	 +1.6634378e-03 -2.1034764e-03	 1.60e+00 Accepted	 299	 1082	
115	 6.4545534e-01	 -4.0972378e-03 -1.1426660e-03	 8.61e-01 Accepted	 298	 1079	
116	 6.4544215e-01	 -1.4587403e-03 -5.4473749e-03	 1.39e+00 Accepted	 297	 1085	
117	 6.4544215e-01	 -1.4587403e-03 -5.4473749e-03	 6.71e-01 Rejected	 296	 1079	
118	 6.4550428e-01	 -2.4948532e-03 -3.2140150e-03	 1.00e+00 Accepted	 302	 1083	
119	 6.4552266e-01	 -2.6576940e-03 -1.3022408e-03	 1.22e+00 Accepted	 299	 1083	
120	 6.4515850e-01	 +2.7824574e-03 -1.7882551e-03	 1.19e+00 Accepted	 301	 1072	
121	 6.4529359e-01	 +9.8411200e-04 -1.9654535e-03	 1.03e+00 Accepted	 298	 1083	
122	 6.4526151e-01	 -2.6835743e-04 -1.6041861e-03	 1.23e+00 Accepted	 301	 1079	
123	 6.4543067e-01	 -2.3123044e-03 +4.7767666e-04	 1.02e+00 Accepted	 299	 1085	
124	 6.4539427e-01	 -1.5197058e-03 -2.1818553e-03	 6.55e-01 Accepted	 300	 1079	
125	 6.4527908e-01	 +3.6873384e-03 -4.9139359e-03	 9.81e-01 Accepted	 299	 1078	
126	 6.4545579e-01	 +4.1040712e-04 +6.5124503e-04	 1.27e+00 Accepted	 298	 1068	
127	 6.4523622e-01	 +1.0735568e-03 -1.2989636e-03	 7.02e-01 Accepted	 299	 1078	
128	 6.4503265e-01	 -2.0852040e-03 -2.5312001e-03	 1.11e+00 Accepted	 298	 1062	
129	 6.4531634e-01	 -2.7710737e-03 -1.2344525e-03	 1.61e+00 Accepted	 297	 1073	
130	 6.4534596e-01	 -2.6453047e-03 -2.7655550e-04	 1.11e+00 Accepted	 300	 1068	
131	 6.4525358e-01	 -6.9247290e-04 -1.6693664e-03	 1.21e+00 Accepted	 299	 1076	
132	 6.4543546e-01	 +1.1494270e-03 +1.0027221e-03	 1.13e+00 Accepted	 298	 1070	
133	 6.4541073e-01	 -8.2040784e-04 +1.3646755e-03	 9.15e-01 Accepted	 304	 1077	
134	 6.4541904e-01	 +5.7596539e-04 +1.4779869e-04	 9.11e-01 Accepted	 300	 1067	
135	 6.4568108e-01	 +2.1711039e-04 +1.2786682e-03	 1.15e+00 Accepted	 293	 1073	
136	 6.4568108e-01	 +2.1711039e-04 +1.2786682e-03	 7.46e-01 Rejected	 294	 1072	
137	 6.4571470e-01	 +4.3594323e-04 -2.9809158e-05	 1.23e+00 Accepted	 292	 1080	
138	 6.4556860e-01	 +3.9790598e-03 +1.2917889e-03	 6.39e-01 Accepted	 293	 1075	
139	 6.4541495e-01	 +2.5665601e-03 +5.3849182e-04	 7.51e-01 Accepted	 292	 1072	
140	 6.4530162e-01	 +2.9093780e-04 +1.0051517e-03	 8.32e-01 Accepted	 292	 1070	
# Starting_type: CheckpointStart
# Trajectory_length / Number_of_MD_steps: 1 / 8
# 	 Plaquette	 Polyakov_Loop(re,im)	 Acc._Probability	 runtime_per_traj(s)	 CG_iterations	
141	 6.4547116e-01	 +2.0121918e-03 +2.7039346e-03	 9.36e-01 Accepted	 273	 1064	
142	 6.4534786e-01	 +1.7225290e-03 -4.7881627e-04	 8.76e-01 Accepted	 271	 1074	
143	 6.4547044e-01	 +1.4182727e-03 +2.0920626e-03	 8.21e-01 Accepted	 272	 1075	
144	 6.4547044e-01	 +1.4182727e-03 +2.0920626e-03	 9.27e-01 Rejected	 268	 1075	
145	 6.4547044e-01	 +1.4182727e-03 +2.0920626e-03	 7.40e-01 Rejected	 270	 1063	
146	 6.4544675e-01	 -5.4309875e-04 -6.1635384e-04	 6.44e-01 Accepted	 269	 1066	
147	 6.4534419e-01	 +9.5289599e-04 +5.4277570e-03	 8.50e-01 Accepted	 273	 1081	
148	 6.4537063e-01	 -2.0452185e-03 +1.9493971e-03	 7.70e-01 Accepted	 274	 1066	
149	 6.4558584e-01	 +6.3552712e-04 +1.1762511e-03	 1.15e+00 Accepted	 273	 1078	
150	 6.4558584e-01	 +6.3552712e-04 +1.1762511e-03	 6.22e-01 Rejected	 271	 1071	
151	 6.4541281e-01	 -2.2506758e-03 +3.4240121e-03	 7.74e-01 Accepted	 273	 1078	
152	 6.4561917e-01	 +1.5473279e-03 +3.4357403e-03	 9.61e-01 Accepted	 274	 1060	
153	 6.4557027e-01	 +1.4523878e-04 +3.7742511e-03	 1.16e+00 Accepted	 271	 1060	
154	 6.4539147e-01	 +5.1136802e-04 +4.8295618e-03	 1.11e+00 Accepted	 269	 1055	
155	 6.4567413e-01	 +4.4674439e-04 +5.0393535e-03	 1.01e+00 Accepted	 267	 1050	
156	 6.4567413e-01	 +4.4674439e-04 +5.0393535e-03	 8.01e-01 Rejected	 268	 1069	
157	 6.4535908e-01	 +1.8576967e-03 +5.2751821e-03	 6.35e-01 Accepted	 268	 1060	
158	 6.4524276e-01	 +1.1811784e-03 +2.6293888e-03	 1.04e+00 Accepted	 270	 1069	
159	 6.4520368e-01	 +2.5917593e-03 +2.4325313e-03	 9.05e-01 Accepted	 269	 1062	
160	 6.4531262e-01	 +9.6844984e-04 +3.8662919e-03	 1.20e+00 Accepted	 268	 1065	
161	 6.4532940e-01	 +3.7305367e-03 +2.7913585e-03	 6.97e-01 Accepted	 270	 1075	
162	 6.4534446e-01	 +2.7579144e-03 +1.4760794e-03	 1.22e+00 Accepted	 270	 1068	
163	 6.4548080e-01	 +1.9449304e-03 -1.4912104e-04	 7.80e-01 Accepted	 269	 1064	
164	 6.4523668e-01	 +3.1708560e-03 +3.2792844e-04	 1.09e+00 Accepted	 271	 1062	
165	 6.4535246e-01	 +1.5403666e-03 +1.2281771e-04	 1.33e+00 Accepted	 271	 1082	
166	 6.4531568e-01	 +1.5373160e-03 +1.5527432e-03	 1.06e+00 Accepted	 267	 1075	
167	 6.4533680e-01	 +5.3375460e-03 +5.5413187e-03	 1.22e+00 Accepted	 269	 1069	
168	 6.4540322e-01	 +9.1307209e-04 +3.7090512e-03	 1.09e+00 Accepted	 270	 1059	
169	 6.4550642e-01	 -9.8596820e-04 +3.3415919e-03	 1.61e+00 Accepted	 269	 1058	
170	 6.4524230e-01	 +1.8801038e-03 +4.1316339e-03	 8.54e-01 Accepted	 272	 1094	
171	 6.4507544e-01	 +1.7275115e-03 +1.5096930e-03	 8.86e-01 Accepted	 273	 1075	
172	 6.4519684e-01	 +1.0935707e-03 +3.0047027e-03	 1.25e+00 Accepted	 272	 1090	
173	 6.4534842e-01	 -2.3049653e-05 +5.4140921e-03	 1.32e+00 Accepted	 276	 1094	
174	 6.4527577e-01	 -5.1667179e-04 +2.2176943e-03	 6.44e-01 Accepted	 277	 1082	
175	 6.4523393e-01	 +3.0073527e-04 +4.7413478e-03	 1.32e+00 Accepted	 272	 1064	
176	 6.4547301e-01	 +2.8198048e-03 +4.3013886e-03	 1.17e+00 Accepted	 273	 1082	
177	 6.4550214e-01	 -1.0123981e-03 +5.8065422e-03	 7.04e-01 Accepted	 272	 1073	
178	 6.4555677e-01	 +1.7584291e-03 +1.6240434e-03	 9.31e-01 Accepted	 270	 1061	
179	 6.4540190e-01	 -7.0855740e-04 +1.3594686e-03	 9.90e-01 Accepted	 271	 1068	
180	 6.4540055e-01	 +5.0948630e-05 +1.6173567e-03	 9.56e-01 Accepted	 269	 1057	
181	 6.4563176e-01	 -1.7431228e-03 +3.9452352e-03	 1.24e+00 Accepted	 270	 1076	
182	 6.4585321e-01	 -3.1816008e-03 +2.6554726e-03	 1.37e+00 Accepted	 269	 1055	
183	 6.4580413e-01	 -3.6978014e-03 +5.9898492e-03	 8.35e-01 Accepted	 268	 1059	
184	 6.4549730e-01	 -7.8075116e-05 +5.1517569e-03	 1.00e+00 Accepted	 269	 1052	
185	 6.4540712e-01	 -2.1045594e-03 +6.6539311e-03	 6.97e-01 Accepted	 271	 1067	
186	 6.4527042e-01	 -1.9979174e-03 +5.0433885e-03	 8.88e-01 Accepted	 271	 1059	
187	 6.4541768e-01	 -3.0068469e-03 +7.0735483e-03	 1.47e+00 Accepted	 271	 1062	
188	 6.4541768e-01	 -3.0068469e-03 +7.0735483e-03	 6.95e-01 Rejected	 270	 1058	
189	 6.4560589e-01	 -3.8801494e-03 +3.8705536e-03	 1.59e+00 Accepted	 272	 1059	
190	 6.4550162e-01	 -2.5788140e-03 +7.1217321e-03	 8.41e-01 Accepted	 268	 1054	
191	 6.4543922e-01	 -8.2905675e-04 +5.7514556e-03	 9.18e-01 Accepted	 269	 1055	
192	 6.4531433e-01	 -7.7434817e-04 +2.9110583e-03	 7.92e-01 Accepted	 268	 1059	
193	 6.4531433e-01	 -7.7434817e-04 +2.9110583e-03	 9.32e-01 Rejected	 268	 1058	
194	 6.4531433e-01	 -7.7434817e-04 +2.9110583e-03	 8.15e-01 Rejected	 270	 1046	
195	 6.4508339e-01	 -8.0653009e-04 +6.9576724e-03	 6.13e-01 Accepted	 269	 1052	
196	 6.4514870e-01	 +1.5072517e-03 +5.4780937e-03	 1.16e+00 Accepted	 270	 1054	
197	 6.4514870e-01	 +1.5072517e-03 +5.4780937e-03	 6.61e-01 Rejected	 269	 1041	
198	 6.4526089e-01	 -6.8793122e-04 +2.8612721e-03	 8.40e-01 Accepted	 270	 1038	
199	 6.4531768e-01	 -2.6958414e-03 +2.3192831e-03	 1.54e+00 Accepted	 270	 1049	
200	 6.4531161e-01	 -2.4331618e-04 +6.7754227e-03	 5.88e-01 Accepted	 269	 1051	
201	 6.4530161e-01	 -2.8164606e-03 +6.0151208e-03	 1.07e+00 Accepted	 270	 1057	
202	 6.4545458e-01	 -2.0277416e-03 +4.0843451e-03	 1.38e+00 Accepted	 268	 1052	
203	 6.4535586e-01	 -1.1130400e-03 +4.7298812e-03	 6.09e-01 Accepted	 269	 1048	
204	 6.4543268e-01	 +2.0701976e-05 +7.5010854e-03	 1.33e+00 Accepted	 268	 1045	
205	 6.4544278e-01	 +6.4379957e-04 +4.1888517e-03	 1.08e+00 Accepted	 268	 1051	
206	 6.4525982e-01	 -1.5546901e-03 +4.3759483e-03	 7.98e-01 Accepted	 267	 1042	
207	 6.4525982e-01	 -1.5546901e-03 +4.3759483e-03	 6.00e-01 Rejected	 266	 1048	
208	 6.4513321e-01	 +2.2081160e-03 +3.3521452e-03	 8.33e-01 Accepted	 267	 1050	
209	 6.4532706e-01	 +1.9650971e-04 +3.2427700e-03	 6.75e-01 Accepted	 268	 1053	
210	 6.4546560e-01	 -6.3599029e-04 +3.9385074e-03	 1.01e+00 Accepted	 268	 1054	
211	 6.4559770e-01	 -9.4939650e-04 +3.3754015e-03	 1.01e+00 Accepted	 268	 1051	
212	 6.4571882e-01	 -8.7211962e-04 +7.7673691e-03	 9.81e-01 Accepted	 268	 1055	
213	 6.4575112e-01	 -1.1279539e-03 +7.2314785e-03	 8.33e-01 Accepted	 267	 1050	
214	 6.4566435e-01	 -6.8667195e-05 +7.8713196e-03	 9.16e-01 Accepted	 268	 1050	
215	 6.4559876e-01	 -1.0297137e-04 +8.6471455e-03	 1.16e+00 Accepted	 266	 1043	
216	 6.4530114e-01	 +8.0810713e-04 +3.5138556e-03	 8.45e-01 Accepted	 266	 1046	
217	 6.4528291e-01	 +2.5088080e-03 +4.9378750e-03	 9.95e-01 Accepted	 266	 1042	
218	 6.4521502e-01	 +3.7789638e-03 +5.0758990e-03	 6.32e-01 Accepted	 267	 1046	
219	 6.4518095e-01	 +5.5072938e-03 +6.4848826e-03	 1.06e+00 Accepted	 268	 1045	
220	 6.4558791e-01	 +1.8987526e-03 +4.1655432e-03	 1.07e+00 Accepted	 266	 1037	
221	 6.4551831e-01	 +6.8956083e-04 +6.9265315e-03	 1.16e+00 Accepted	 268	 1038	
222	 6.4543309e-01	 +3.7955847e-03 +8.1813325e-03	 1.13e+00 Accepted	 267	 1037	
223	 6.4567141e-01	 +1.9365511e-03 +7.3065318e-03	 8.89e-01 Accepted	 267	 1047	
224	 6.4567141e-01	 +1.9365511e-03 +7.3065318e-03	 7.09e-01 Rejected	 266	 1032	
225	 6.4567141e-01	 +1.9365511e-03 +7.3065318e-03	 7.45e-01 Rejected	 266	 1029	
226	 6.4552518e-01	 +6.4834910e-04 +2.5111388e-03	 9.62e-01 Accepted	 265	 1035	
227	 6.4552518e-01	 +6.4834910e-04 +2.5111388e-03	 6.94e-01 Rejected	 265	 1039	
228	 6.4552518e-01	 +6.4834910e-04 +2.5111388e-03	 6.36e-01 Rejected	 265	 1039	
229	 6.4550396e-01	 +2.0353690e-03 +4.8681547e-03	 1.07e+00 Accepted	 265	 1040	
230	 6.4531471e-01	 +1.8918612e-03 +6.4078403e-03	 9.08e-01 Accepted	 266	 1029	
231	 6.4539307e-01	 +4.8100316e-03 +4.0868886e-03	 6.24e-01 Accepted	 266	 1039	
232	 6.4518534e-01	 -7.3778332e-04 +6.5345913e-03	 1.13e+00 Accepted	 265	 1032	
233	 6.4525683e-01	 -3.0373106e-03 +7.5011738e-03	 1.29e+00 Accepted	 264	 1027	
234	 6.4530482e-01	 -1.0878019e-03 +7.2268887e-03	 8.44e-01 Accepted	 266	 1044	
235	 6.4520402e-01	 -2.4376489e-03 +5.8983880e-03	 1.18e+00 Accepted	 266	 1040	
236	 6.4512721e-01	 -3.2200535e-03 +8.4383393e-03	 1.46e+00 Accepted	 267	 1038	
237	 6.4502825e-01	 -4.8826178e-03 +1.0028769e-02	 1.13e+00 Accepted	 265	 1033	
238	 6.4517659e-01	 -2.1285870e-03 +5.2539431e-03	 1.39e+00 Accepted	 264	 1040	
239	 6.4526430e-01	 -1.5464493e-03 +7.1908156e-03	 5.49e-01 Accepted	 266	 1037	
240	 6.4513955e-01	 -2.1519401e-04 +8.3895898e-03	 6.77e-01 Accepted	 266	 1038	
241	 6.4547783e-01	 -3.1450888e-03 +6.3242751e-03	 1.22e+00 Accepted	 265	 1037	
242	 6.4543030e-01	 +1.0984778e-05 +6.0633169e-03	 1.23e+00 Accepted	 264	 1032	
243	 6.4561380e-01	 -2.0126090e-03 +6.9563896e-03	 1.34e+00 Accepted	 265	 1031	
244	 6.4534611e-01	 +6.1985613e-04 +5.8444944e-03	 1.37e+00 Accepted	 267	 1040	
245	 6.4520760e-01	 -1.7832639e-04 +7.4588941e-03	 1.34e+00 Accepted	 266	 1034	
246	 6.4539933e-01	 +2.8317958e-04 +9.8687199e-03	 1.04e+00 Accepted	 266	 1031	
247	 6.4563074e-01	 -9.6664940e-05 +8.4389669e-03	 7.90e-01 Accepted	 266	 1042	
248	 6.4545640e-01	 +2.6457754e-03 +9.6325282e-03	 1.25e+00 Accepted	 268	 1040	
249	 6.4548275e-01	 +1.1169449e-03 +5.1918977e-03	 9.05e-01 Accepted	 267	 1037	
250	 6.4553079e-01	 +6.4965151e-04 +7.5624929e-03	 8.88e-01 Accepted	 266	 1043	
251	 6.4554123e-01	 -4.0587424e-04 +7.0494358e-03	 9.95e-01 Accepted	 265	 1025	
252	 6.4554123e-01	 -4.0587424e-04 +7.0494358e-03	 6.22e-01 Rejected	 263	 1025	
253	 6.4558183e-01	 +7.9546431e-04 +9.8691079e-03	 1.61e+00 Accepted	 265	 1026	
254	 6.4547261e-01	 +1.9418354e-03 +7.8430570e-03	 7.93e-01 Accepted	 262	 1024	
255	 6.4550087e-01	 +2.3203890e-03 +9.3005448e-03	 1.60e+00 Accepted	 263	 1024	
256	 6.4550087e-01	 +2.3203890e-03 +9.3005448e-03	 7.22e-01 Rejected	 261	 1013	
257	 6.4550087e-01	 +2.3203890e-03 +9.3005448e-03	 5.98e-01 Rejected	 263	 1020	
258	 6.4543745e-01	 +1.0608005e-03 +6.8631941e-03	 7.53e-01 Accepted	 263	 1034	
259	 6.4535502e-01	 +2.9781579e-03 +8.6033835e-03	 8.41e-01 Accepted	 264	 1025	
260	 6.4535502e-01	 +2.9781579e-03 +8.6033835e-03	 8.03e-01 Rejected	 262	 1021	
261	 6.4551827e-01	 +3.8004745e-03 +8.8144231e-03	 1.12e+00 Accepted	 262	 1013	
262	 6.4536157e-01	 +1.5506110e-03 +1.3139682e-02	 1.13e+00 Accepted	 261	 1023	
263	 6.4547921e-01	 +2.1230092e-03 +1.0592626e-02	 8.15e-01 Accepted	 261	 1016	
264	 6.4544412e-01	 +1.1094795e-03 +1.0086647e-02	 1.26e+00 Accepted	 260	 1017	
265	 6.4544412e-01	 +1.1094795e-03 +1.0086647e-02	 4.62e-01 Rejected	 258	 1013	
266	 6.4541950e-01	 -9.2600516e-04 +7.5829371e-03	 1.05e+00 Accepted	 260	 1015	
267	 6.4548045e-01	 -9.2361351e-04 +9.6211793e-03	 1.22e+00 Accepted	 260	 1012	
268	 6.4533185e-01	 -4.2204240e-03 +1.0474476e-02	 7.76e-01 Accepted	 259	 1009	
269	 6.4538393e-01	 -1.4158970e-03 +9.8980710e-03	 1.20e+00 Accepted	 260	 1002	
270	 6.4556170e-01	 -2.4776171e-03 +9.4511313e-03	 1.57e+00 Accepted	 258	 1008	
271	 6.4572907e-01	 -2.6892786e-03 +8.5443081e-03	 1.89e+00 Accepted	 261	 1015	
272	 6.4572907e-01	 -2.6892786e-03 +8.5443081e-03	 8.15e-01 Rejected	 258	 1003	
273	 6.4594833e-01	 +4.7978660e-04 +8.6751621e-03	 1.07e+00 Accepted	 259	 1009	
274	 6.4570762e-01	 -7.1527996e-04 +1.0331139e-02	 9.19e-01 Accepted	 258	 1001	
275	 6.4540182e-01	 -6.1126405e-04 +1.0558498e-02	 7.97e-01 Accepted	 257	 1006	
276	 6.4580000e-01	 +4.7128842e-04 +9.7639996e-03	 1.13e+00 Accepted	 257	 994	
277	 6.4536521e-01	 -2.4552731e-03 +1.0445761e-02	 4.27e-01 Accepted	 257	 1003	
278	 6.4551875e-01	 -7.1387920e-04 +7.6349852e-03	 1.03e+00 Accepted	 260	 1011	
279	 6.4538345e-01	 +1.1912052e-03 +9.9772267e-03	 6.06e-01 Accepted	 258	 1001	
280	 6.4559193e-01	 -2.4505337e-03 +1.2497468e-02	 7.54e-01 Accepted	 256	 1012	
281	 6.4541032e-01	 +1.4052534e-03 +1.3908468e-02	 8.03e-01 Accepted	 258	 1002	
282	 6.4543580e-01	 +4.0469585e-04 +9.2680978e-03	 1.42e+00 Accepted	 258	 994	
283	 6.4558823e-01	 +4.5442807e-04 +9.8366787e-03	 1.01e+00 Accepted	 259	 1007	
284	 6.4572997e-01	 +1.7617048e-03 +1.5030617e-02	 1.14e+00 Accepted	 260	 1003	
285	 6.4561779e-01	 +1.7059785e-03 +1.1790345e-02	 1.14e+00 Accepted	 259	 993	
286	 6.4561621e-01	 +1.7961135e-03 +6.2340795e-03	 6.04e-01 Accepted	 256	 994	
287	 6.4561621e-01	 +1.7961135e-03 +6.2340795e-03	 6.06e-01 Rejected	 255	 987	
288	 6.4565546e-01	 +4.8091603e-03 +9.5869077e-03	 9.37e-01 Accepted	 255	 985	
289	 6.4536978e-01	 +2.5643980e-03 +7.5466730e-03	 8.07e-01 Accepted	 256	 1000	
290	 6.4563232e-01	 +1.2723667e-03 +1.3068292e-02	 8.71e-01 Accepted	 257	 1005	
291	 6.4574849e-01	 +1.6592506e-03 +1.0114960e-02	 8.33e-01 Accepted	 257	 996	
292	 6.4574849e-01	 +1.6592506e-03 +1.0114960e-02	 5.80e-01 Rejected	 258	 1013	
293	 6.4574849e-01	 +1.6592506e-03 +1.0114960e-02	 6.76e-01 Rejected	 258	 992	
294	 6.4572718e-01	 +1.9372944e-03 +9.6525108e-03	 8.51e-01 Accepted	 258	 999	
295	 6.4540664e-01	 -7.8382747e-04 +1.3444038e-02	 5.88e-01 Accepted	 256	 1005	
296	 6.4540664e-01	 -7.8382747e-04 +1.3444038e-02	 7.64e-01 Rejected	 255	 997	
297	 6.4546458e-01	 +1.7135148e-04 +1.0101809e-02	 1.43e+00 Accepted	 255	 999	
298	 6.4569637e-01	 +6.8778326e-05 +1.1434344e-02	 1.12e+00 Accepted	 258	 1002	
299	 6.4569637e-01	 +6.8778326e-05 +1.1434344e-02	 5.42e-01 Rejected	 255	 1003	
300	 6.4569637e-01	 +6.8778326e-05 +1.1434344e-02	 7.99e-01 Rejected	 258	 996	
301	 6.4569637e-01	 +6.8778326e-05 +1.1434344e-02	 5.89e-01 Rejected	 256	 1001	
302	 6.4553833e-01	 +2.6965941e-03 +1.4078391e-02	 1.08e+00 Accepted	 256	 1005	
# Starting_type: CheckpointStart
# Trajectory_length / Number_of_MD_steps: 1 / 8
# 	 Plaquette	 Polyakov_Loop(re,im)	 Acc._Probability	 runtime_per_traj(s)	 CG_iterations	
303	 6.4547781e-01	 +9.5123215e-04 +1.1434640e-02	 9.02e-01 Accepted	 268	 1000	
304	 6.4518813e-01	 +3.4219908e-04 +1.2022077e-02	 9.16e-01 Accepted	 266	 1002	
305	 6.4525666e-01	 +1.6249245e-03 +1.2005819e-02	 1.18e+00 Accepted	 267	 1007	
306	 6.4525666e-01	 +1.6249245e-03 +1.2005819e-02	 7.17e-01 Rejected	 267	 999	
307	 6.4548126e-01	 -7.5687122e-04 +1.1050939e-02	 7.62e-01 Accepted	 267	 1006	
308	 6.4564726e-01	 +3.7707083e-03 +1.1172112e-02	 1.11e+00 Accepted	 267	 1006	
309	 6.4564726e-01	 +3.7707083e-03 +1.1172112e-02	 6.60e-01 Rejected	 267	 1004	
310	 6.4551074e-01	 +1.0468957e-04 +9.8331540e-03	 7.85e-01 Accepted	 267	 991	
311	 6.4548918e-01	 +2.9019883e-03 +7.3809108e-03	 9.89e-01 Accepted	 267	 997	
312	 6.4542820e-01	 -5.2323248e-04 +9.9018947e-03	 1.23e+00 Accepted	 267	 1005	
313	 6.4542965e-01	 +1.8955721e-03 +9.4982719e-03	 7.89e-01 Accepted	 266	 992	
314	 6.4538287e-01	 +2.0016852e-03 +1.0361957e-02	 1.68e+00 Accepted	 266	 995	
315	 6.4540630e-01	 +2.8794033e-03 +8.1195901e-03	 7.40e-01 Accepted	 267	 1004	
316	 6.4554844e-01	 +3.0016445e-03 +1.0980921e-02	 1.28e+00 Accepted	 266	 1000	
317	 6.4570736e-01	 +2.9547615e-03 +7.4964512e-03	 9.62e-01 Accepted	 267	 1013	
318	 6.4543377e-01	 +7.3252449e-03 +1.0297142e-02	 1.18e+00 Accepted	 268	 1000	
319	 6.4568292e-01	 +2.5768886e-03 +8.6044181e-03	 1.88e+00 Accepted	 266	 1001	
320	 6.4564449e-01	 +5.4717442e-03 +7.7594829e-03	 1.27e+00 Accepted	 267	 998	
321	 6.4531259e-01	 +2.5778413e-03 +8.8336697e-03	 1.16e+00 Accepted	 267	 1001	
322	 6.4528419e-01	 +1.5689511e-03 +1.0009403e-02	 1.39e+00 Accepted	 266	 994	
323	 6.4528419e-01	 +1.5689511e-03 +1.0009403e-02	 6.36e-01 Rejected	 263	 980	
324	 6.4524419e-01	 +5.7199338e-03 +1.5748843e-02	 7.46e-01 Accepted	 266	 993	
325	 6.4519085e-01	 +5.1202219e-03 +1.2830305e-02	 1.77e+00 Accepted	 265	 995	
326	 6.4515086e-01	 +2.4843015e-03 +1.1237480e-02	 9.34e-01 Accepted	 263	 978	
327	 6.4510149e-01	 +6.2932543e-03 +1.1577996e-02	 1.22e+00 Accepted	 265	 998	
328	 6.4534569e-01	 +3.5716723e-03 +1.1201825e-02	 9.45e-01 Accepted	 266	 1000	
329	 6.4526688e-01	 +3.8537157e-03 +9.7277356e-03	 9.46e-01 Accepted	 267	 1012	
330	 6.4548248e-01	 +4.4507538e-03 +1.4042179e-02	 1.03e+00 Accepted	 267	 997	
331	 6.4531995e-01	 +5.0212584e-03 +1.4362946e-02	 9.04e-01 Accepted	 266	 990	
332	 6.4531328e-01	 +5.2833922e-03 +1.1894250e-02	 7.13e-01 Accepted	 264	 998	
333	 6.4557110e-01	 +1.6441172e-03 +9.5042080e-03	 2.16e+00 Accepted	 265	 1003	
334	 6.4557110e-01	 +1.6441172e-03 +9.5042080e-03	 4.83e-01 Rejected	 264	 989	
335	 6.4549055e-01	 +1.2564245e-03 +1.1256242e-02	 9.69e-01 Accepted	 265	 1001	
336	 6.4551720e-01	 +3.2642326e-03 +1.1885302e-02	 9.31e-01 Accepted	 264	 994	
337	 6.4533255e-01	 +1.2470033e-03 +9.2177628e-03	 7.70e-01 Accepted	 264	 988	
338	 6.4540651e-01	 +4.0322656e-03 +1.0177500e-02	 1.22e+00 Accepted	 265	 1002	
339	 6.4539472e-01	 -3.3995194e-04 +9.4114964e-03	 9.63e-01 Accepted	 263	 979	
340	 6.4536423e-01	 +5.3580457e-03 +9.5990729e-03	 9.21e-01 Accepted	 262	 977	
341	 6.4529524e-01	 +4.2877222e-03 +8.5117651e-03	 1.11e+00 Accepted	 265	 997	
342	 6.4552272e-01	 +3.2536672e-03 +8.2425838e-03	 8.97e-01 Accepted	 265	 1004	
343	 6.4542777e-01	 +3.3113708e-03 +1.0495595e-02	 5.13e-01 Accepted	 266	 994	
344	 6.4528645e-01	 +4.2917079e-03 +1.1518326e-02	 6.02e-01 Accepted	 266	 1004	
345	 6.4543116e-01	 +2.1437383e-03 +9.9106565e-03	 7.06e-01 Accepted	 268	 999	
346	 6.4547557e-01	 +2.5766390e-03 +1.0576977e-02	 1.10e+00 Accepted	 266	 987	
347	 6.4535229e-01	 +4.2629392e-03 +9.3905508e-03	 1.04e+00 Accepted	 267	 1001	
348	 6.4531587e-01	 +9.9909694e-04 +1.1882971e-02	 9.53e-01 Accepted	 268	 999	
349	 6.4531587e-01	 +9.9909694e-04 +1.1882971e-02	 6.18e-01 Rejected	 266	 1000	
350	 6.4552609e-01	 +9.4507754e-04 +1.2175747e-02	 1.08e+00 Accepted	 267	 1006	
351	 6.4566645e-01	 +6.4974263e-04 +1.1159273e-02	 9.29e-01 Accepted	 265	 992	
352	 6.4586384e-01	 +3.9190874e-03 +1.2720064e-02	 1.02e+00 Accepted	 266	 993	
353	 6.4550865e-01	 +3.0506275e-03 +1.1300381e-02	 1.18e+00 Accepted	 265	 996	
354	 6.4562747e-01	 +3.6249383e-03 +1.4026897e-02	 1.17e+00 Accepted	 267	 1004	
355	 6.4573216e-01	 +3.3769366e-03 +1.2648468e-02	 7.48e-01 Accepted	 266	 1001	
356	 6.4538430e-01	 +1.9410833e-03 +1.5338708e-02	 1.10e+00 Accepted	 268	 993	
357	 6.4535941e-01	 +1.6684438e-03 +1.0405925e-02	 7.82e-01 Accepted	 266	 1000	
358	 6.4563085e-01	 +1.3901416e-03 +1.3505345e-02	 1.10e+00 Accepted	 266	 996	
359	 6.4550652e-01	 +4.5542592e-03 +1.4732180e-02	 5.71e-01 Accepted	 267	 1008	
360	 6.4530867e-01	 +3.0062875e-03 +1.1724760e-02	 9.50e-01 Accepted	 268	 994	
361	 6.4535255e-01	 +9.7746805e-04 +1.5148710e-02	 9.26e-01 Accepted	 267	 1012	
362	 6.4541760e-01	 +1.7081477e-03 +1.1181232e-02	 9.48e-01 Accepted	 266	 1009	
363	 6.4535758e-01	 +5.0169517e-03 +1.4158584e-02	 6.81e-01 Accepted	 268	 1004	
364	 6.4530657e-01	 +3.9846591e-03 +1.0588445e-02	 1.01e+00 Accepted	 269	 1005	
365	 6.4545653e-01	 +3.0492648e-03 +1.1964992e-02	 1.20e+00 Accepted	 269	 1011	
366	 6.4553151e-01	 +2.3534770e-03 +1.1739552e-02	 1.08e+00 Accepted	 270	 1015	
367	 6.4560769e-01	 +3.5837138e-03 +1.3592708e-02	 8.44e-01 Accepted	 272	 1014	
368	 6.4567833e-01	 +4.1641245e-03 +1.2604379e-02	 1.32e+00 Accepted	 269	 1016	
369	 6.4563631e-01	 +1.0089311e-03 +1.2780049e-02	 1.16e+00 Accepted	 272	 1015	
370	 6.4558051e-01	 +3.5817809e-03 +8.1709827e-03	 1.01e+00 Accepted	 272	 1021	
371	 6.4558051e-01	 +3.5817809e-03 +8.1709827e-03	 8.69e-01 Rejected	 272	 1025	
372	 6.4532407e-01	 +2.5825013e-03 +1.3996051e-02	 5.22e-01 Accepted	 271	 1011	
373	 6.4498905e-01	 +2.3719740e-03 +1.2339891e-02	 9.73e-01 Accepted	 272	 1020	
374	 6.4539297e-01	 +2.8344614e-03 +1.0247824e-02	 7.92e-01 Accepted	 273	 1023	
375	 6.4534432e-01	 +2.5584507e-03 +1.0123926e-02	 8.62e-01 Accepted	 269	 999	
376	 6.4555699e-01	 +3.7400090e-03 +1.2613302e-02	 1.13e+00 Accepted	 271	 1005	
377	 6.4572120e-01	 +4.4050575e-03 +7.5685377e-03	 2.10e+00 Accepted	 272	 1002	
378	 6.4576142e-01	 +9.6664591e-04 +9.9987997e-03	 8.49e-01 Accepted	 271	 1014	
379	 6.4557081e-01	 +2.2708223e-03 +1.0969065e-02	 8.59e-01 Accepted	 273	 1006	
380	 6.4559708e-01	 +2.5875702e-03 +1.0645119e-02	 1.20e+00 Accepted	 271	 1005	
381	 6.4553657e-01	 +2.0290333e-03 +1.0925156e-02	 9.59e-01 Accepted	 272	 1030	
382	 6.4553657e-01	 +2.0290333e-03 +1.0925156e-02	 7.22e-01 Rejected	 271	 1005	
383	 6.4553657e-01	 +2.0290333e-03 +1.0925156e-02	 7.92e-01 Rejected	 274	 1011	
384	 6.4559650e-01	 +5.1759927e-03 +1.1694839e-02	 1.02e+00 Accepted	 271	 1007	
385	 6.4572846e-01	 +3.6434162e-03 +1.0807652e-02	 1.09e+00 Accepted	 273	 1023	
386	 6.4580905e-01	 +3.2777743e-03 +1.1499199e-02	 1.11e+00 Accepted	 272	 1027	
387	 6.4562102e-01	 +2.1105726e-03 +1.1170552e-02	 8.64e-01 Accepted	 272	 1016	
388	 6.4552376e-01	 +4.2907102e-03 +1.0733193e-02	 6.54e-01 Accepted	 274	 999	
389	 6.4553971e-01	 +5.6578556e-03 +1.3490094e-02	 1.56e+00 Accepted	 272	 1005	
390	 6.4545959e-01	 +5.7152251e-03 +1.0598702e-02	 1.29e+00 Accepted	 272	 1010	
391	 6.4566484e-01	 +4.7693823e-03 +1.1342288e-02	 9.99e-01 Accepted	 273	 1013	
392	 6.4551431e-01	 +4.7321575e-03 +1.0126356e-02	 8.12e-01 Accepted	 270	 1001	
393	 6.4591751e-01	 +6.7714483e-03 +1.1489054e-02	 8.29e-01 Accepted	 269	 1000	
394	 6.4591751e-01	 +6.7714483e-03 +1.1489054e-02	 8.16e-01 Rejected	 270	 1005	
395	 6.4592966e-01	 +5.6529100e-03 +9.0171323e-03	 9.99e-01 Accepted	 269	 1001	
396	 6.4592966e-01	 +5.6529100e-03 +9.0171323e-03	 5.11e-01 Rejected	 268	 998	
397	 6.4592966e-01	 +5.6529100e-03 +9.0171323e-03	 8.11e-01 Rejected	 267	 1003	
398	 6.4584081e-01	 +5.1972803e-03 +9.7011749e-03	 1.09e+00 Accepted	 271	 994	
399	 6.4606092e-01	 +6.3526754e-03 +8.7426339e-03	 9.08e-01 Accepted	 272	 1001	
400	 6.4574108e-01	 +7.2695355e-03 +8.9814956e-03	 7.01e-01 Accepted	 271	 998	
401	 6.4544188e-01	 +5.6324422e-03 +9.7996764e-03	 5.73e-01 Accepted	 271	 995	
402	 6.4546048e-01	 +7.1288858e-03 +9.4714017e-03	 8.78e-01 Accepted	 271	 1003	
403	 6.4565934e-01	 +8.8185901e-03 +9.4232675e-03	 1.12e+00 Accepted	 271	 1002	
404	 6.4561154e-01	 +5.4407296e-03 +1.2234043e-02	 9.40e-01 Accepted	 271	 1008	
405	 6.4561154e-01	 +5.4407296e-03 +1.2234043e-02	 7.59e-01 Rejected	 270	 998	
406	 6.4559539e-01	 +6.0128795e-03 +1.1865700e-02	 1.21e+00 Accepted	 272	 995	
407	 6.4555909e-01	 +4.4294061e-03 +1.1152669e-02	 9.20e-01 Accepted	 270	 999	
408	 6.4555909e-01	 +4.4294061e-03 +1.1152669e-02	 7.39e-01 Rejected	 271	 1003	
409	 6.4555909e-01	 +4.4294061e-03 +1.1152669e-02	 7.66e-01 Rejected	 273	 1001	
410	 6.4561944e-01	 +6.9842838e-03 +1.1346382e-02	 1.25e+00 Accepted	 273	 1003	
411	 6.4579361e-01	 +3.4916995e-03 +1.3554561e-02	 1.16e+00 Accepted	 273	 999	
412	 6.4558264e-01	 +4.7429477e-03 +8.7465054e-03	 1.04e+00 Accepted	 274	 1011	
413	 6.4576175e-01	 +8.4818984e-03 +1.1051505e-02	 1.27e+00 Accepted	 275	 1008	
414	 6.4586531e-01	 +7.2977660e-03 +1.2687549e-02	 1.32e+00 Accepted	 274	 1009	
415	 6.4592547e-01	 +6.2192297e-03 +1.1704261e-02	 1.13e+00 Accepted	 276	 1010	
416	 6.4599652e-01	 +3.2345140e-03 +9.6811112e-03	 8.41e-01 Accepted	 273	 999	
417	 6.4603119e-01	 +5.5565610e-03 +1.4107640e-02	 9.65e-01 Accepted	 275	 1004	
418	 6.4574980e-01	 +5.7259409e-04 +1.0922308e-02	 1.14e+00 Accepted	 275	 1002	
419	 6.4574980e-01	 +5.7259409e-04 +1.0922308e-02	 6.63e-01 Rejected	 276	 1011	
420	 6.4575400e-01	 +2.7615500e-03 +1.4492534e-02	 9.57e-01 Accepted	 274	 1002	
421	 6.4575400e-01	 +2.7615500e-03 +1.4492534e-02	 3.76e-01 Rejected	 276	 998	
422	 6.4566216e-01	 +3.9089135e-03 +1.1416518e-02	 9.01e-01 Accepted	 275	 994	
423	 6.4561119e-01	 +6.0879927e-03 +9.9160843e-03	 7.70e-01 Accepted	 273	 1002	
424	 6.4580445e-01	 +3.6009872e-03 +1.2796934e-02	 1.45e+00 Accepted	 274	 997	
425	 6.4561492e-01	 +5.7350561e-03 +1.1248942e-02	 5.65e-01 Accepted	 273	 992	
426	 6.4561721e-01	 +4.9616296e-03 +7.7253988e-03	 9.05e-01 Accepted	 274	 996	
427	 6.4558025e-01	 +5.7575247e-03 +9.0057930e-03	 1.18e+00 Accepted	 275	 1016	
428	 6.4541160e-01	 +8.2133928e-03 +1.3583760e-02	 1.01e+00 Accepted	 275	 1007	
429	 6.4564129e-01	 +5.9438790e-03 +1.0197011e-02	 1.08e+00 Accepted	 275	 1004	
430	 6.4569281e-01	 +6.3465759e-03 +1.1641654e-02	 1.36e+00 Accepted	 275	 999	
431	 6.4557263e-01	 +8.0848758e-03 +1.1907603e-02	 8.92e-01 Accepted	 274	 998	
432	 6.4536184e-01	 +6.5050684e-03 +9.8354786e-03	 8.18e-01 Accepted	 276	 994	
433	 6.4515317e-01	 +7.0863388e-03 +8.9027745e-03	 9.35e-01 Accepted	 273	 994	
434	 6.4535146e-01	 +5.8012987e-03 +1.0884970e-02	 1.25e+00 Accepted	 276	 1012	
435	 6.4559100e-01	 +5.4436120e-03 +9.8183784e-03	 1.10e+00 Accepted	 274	 1016	
436	 6.4559208e-01	 +9.0858418e-03 +8.6815956e-03	 5.41e-01 Accepted	 275	 1011	
437	 6.4581462e-01	 +6.5907864e-03 +1.3162594e-02	 1.47e+00 Accepted	 276	 1003	
438	 6.4576881e-01	 +5.7242193e-03 +1.1253721e-02	 8.32e-01 Accepted	 273	 1002	
439	 6.4575625e-01	 +8.1482909e-03 +1.5633274e-02	 1.02e+00 Accepted	 274	 1011	
440	 6.4555955e-01	 +6.0175326e-03 +1.3559722e-02	 9.86e-01 Accepted	 276	 1023	
441	 6.4555955e-01	 +6.0175326e-03 +1.3559722e-02	 6.18e-01 Rejected	 277	 1016	
442	 6.4555955e-01	 +6.0175326e-03 +1.3559722e-02	 7.95e-01 Rejected	 276	 1006	
443	 6.4555955e-01	 +6.0175326e-03 +1.3559722e-02	 7.12e-01 Rejected	 276	 1003	
444	 6.4565041e-01	 +4.8108783e-03 +1.0913945e-02	 9.42e-01 Accepted	 277	 1024	
445	 6.4567057e-01	 +5.5089328e-03 +7.5008380e-03	 9.93e-01 Accepted	 277	 1016	
446	 6.4548409e-01	 +5.9119453e-03 +9.8059929e-03	 1.05e+00 Accepted	 278	 1013	
447	 6.4554191e-01	 +5.6870126e-03 +1.0963562e-02	 1.30e+00 Accepted	 274	 1006	
448	 6.4552701e-01	 +7.5733051e-03 +1.2366708e-02	 1.30e+00 Accepted	 277	 1026	
449	 6.4551814e-01	 +7.3484631e-03 +7.3436420e-03	 1.04e+00 Accepted	 275	 1005	
450	 6.4525469e-01	 +1.0514953e-02 +1.0407389e-02	 8.44e-01 Accepted	 274	 996	
451	 6.4535603e-01	 +3.3351171e-03 +1.2155209e-02	 1.26e+00 Accepted	 275	 1013	
452	 6.4561833e-01	 +7.7191963e-03 +7.5366643e-03	 1.85e+00 Accepted	 275	 1011	
453	 6.4561833e-01	 +7.7191963e-03 +7.5366643e-03	 7.97e-01 Rejected	 273	 1005	
454	 6.4575122e-01	 +7.2329122e-03 +1.2593181e-02	 1.01e+00 Accepted	 273	 1002	
455	 6.4568418e-01	 +6.7318665e-03 +1.1416459e-02	 1.04e+00 Accepted	 271	 1000	
456	 6.4568418e-01	 +6.7318665e-03 +1.1416459e-02	 6.42e-01 Rejected	 275	 982	
457	 6.4557740e-01	 +5.4489461e-03 +1.1534817e-02	 9.12e-01 Accepted	 275	 1005	
458	 6.4557740e-01	 +5.4489461e-03 +1.1534817e-02	 7.05e-01 Rejected	 276	 1008	
459	 6.4559109e-01	 +5.2527748e-03 +8.4923113e-03	 8.04e-01 Accepted	 275	 1001	
460	 6.4545745e-01	 +5.6813664e-03 +1.0273038e-02	 9.25e-01 Accepted	 275	 1016	
461	 6.4559645e-01	 +7.7210175e-03 +1.1255181e-02	 1.23e+00 Accepted	 274	 1010	
