# Starting_type: ColdStart
# serial RNG seed: 	[13157 40926 62583 57188 22048]
# parallel RNG seed:	[9827 29446 36186 16297 17323]
# Trajectory_length / Number_of_MD_steps: 0.2 / 10
# 	 Plaquette	 Polyakov_Loop(re,im)	 Acc._Probability	 runtime_per_traj(s)	 CG_iterations	
1	 1.0000000e+00	 +1.0000000e+00 +0.0000000e+00	 3.32e-02 Rejected	 140	 477	
2	 1.0000000e+00	 +1.0000000e+00 +0.0000000e+00	 3.31e-02 Rejected	 139	 478	
3	 1.0000000e+00	 +1.0000000e+00 +0.0000000e+00	 3.33e-02 Rejected	 139	 476	
4	 1.0000000e+00	 +1.0000000e+00 +0.0000000e+00	 3.36e-02 Rejected	 139	 476	
5	 1.0000000e+00	 +1.0000000e+00 +0.0000000e+00	 3.33e-02 Rejected	 139	 476	
6	 1.0000000e+00	 +1.0000000e+00 +0.0000000e+00	 3.34e-02 Rejected	 139	 475	
7	 1.0000000e+00	 +1.0000000e+00 +0.0000000e+00	 3.33e-02 Rejected	 140	 477	
8	 1.0000000e+00	 +1.0000000e+00 +0.0000000e+00	 3.34e-02 Rejected	 140	 477	
9	 1.0000000e+00	 +1.0000000e+00 +0.0000000e+00	 3.35e-02 Rejected	 140	 477	
10	 1.0000000e+00	 +1.0000000e+00 +0.0000000e+00	 3.31e-02 Rejected	 139	 476	
11	 1.0000000e+00	 +1.0000000e+00 +0.0000000e+00	 3.32e-02 Rejected	 139	 475	
12	 1.0000000e+00	 +1.0000000e+00 +0.0000000e+00	 3.34e-02 Rejected	 140	 477	
13	 1.0000000e+00	 +1.0000000e+00 +0.0000000e+00	 3.33e-02 Rejected	 139	 476	
14	 1.0000000e+00	 +1.0000000e+00 +0.0000000e+00	 3.33e-02 Rejected	 140	 475	
15	 1.0000000e+00	 +1.0000000e+00 +0.0000000e+00	 3.28e-02 Rejected	 139	 477	
16	 1.0000000e+00	 +1.0000000e+00 +0.0000000e+00	 3.32e-02 Rejected	 139	 476	
17	 1.0000000e+00	 +1.0000000e+00 +0.0000000e+00	 3.34e-02 Rejected	 139	 476	
18	 1.0000000e+00	 +1.0000000e+00 +0.0000000e+00	 3.36e-02 Rejected	 139	 476	
19	 1.0000000e+00	 +1.0000000e+00 +0.0000000e+00	 3.34e-02 Rejected	 139	 475	
20	 1.0000000e+00	 +1.0000000e+00 +0.0000000e+00	 3.35e-02 Rejected	 140	 476	
21	 1.0000000e+00	 +1.0000000e+00 +0.0000000e+00	 3.32e-02 Rejected	 140	 476	
22	 1.0000000e+00	 +1.0000000e+00 +0.0000000e+00	 3.32e-02 Rejected	 139	 476	
23	 7.9984124e-01	 +4.7282939e-01 +1.9888390e-04	 3.32e-02 Accepted	 139	 475	
24	 7.9984124e-01	 +4.7282939e-01 +1.9888390e-04	 2.38e-01 Rejected	 167	 512	
25	 7.2292649e-01	 +2.9642529e-01 +1.1574219e-04	 2.38e-01 Accepted	 168	 511	
26	 7.2292649e-01	 +2.9642529e-01 +1.1574219e-04	 4.54e-01 Rejected	 176	 534	
27	 6.8120493e-01	 +2.1075484e-01 +1.0513928e-03	 4.58e-01 Accepted	 177	 535	
28	 6.5459566e-01	 +1.6120406e-01 -8.6545896e-04	 6.10e-01 Accepted	 181	 549	
29	 6.3635105e-01	 +1.2863791e-01 -2.0299294e-04	 7.13e-01 Accepted	 186	 562	
30	 6.2298303e-01	 +1.0767091e-01 -3.1578271e-04	 7.83e-01 Accepted	 189	 577	
31	 6.1264744e-01	 +9.3492724e-02 -1.0552411e-03	 8.26e-01 Accepted	 192	 586	
32	 6.0432732e-01	 +8.1677838e-02 -1.2952436e-03	 8.71e-01 Accepted	 195	 596	
33	 5.9773753e-01	 +7.2461820e-02 -1.9472711e-03	 8.90e-01 Accepted	 196	 600	
34	 5.9202483e-01	 +6.6370282e-02 -4.4759633e-04	 9.08e-01 Accepted	 198	 612	
35	 5.8732758e-01	 +5.8817237e-02 +4.0257052e-04	 9.27e-01 Accepted	 201	 619	
36	 5.8311430e-01	 +5.2635507e-02 +1.0318439e-03	 9.32e-01 Accepted	 202	 627	
37	 5.7981223e-01	 +4.8488789e-02 -3.1167614e-04	 9.38e-01 Accepted	 205	 632	
38	 5.7666073e-01	 +4.5984539e-02 -5.2565265e-04	 9.41e-01 Accepted	 205	 633	
39	 5.7392055e-01	 +4.1307482e-02 +1.9044469e-03	 9.63e-01 Accepted	 207	 643	
40	 5.7141864e-01	 +3.6962182e-02 +1.2756411e-03	 9.59e-01 Accepted	 208	 646	
41	 5.6942323e-01	 +3.9748397e-02 +2.0786054e-03	 9.73e-01 Accepted	 209	 651	
42	 5.6751220e-01	 +3.5375417e-02 -7.0540409e-04	 9.60e-01 Accepted	 211	 658	
43	 5.6558889e-01	 +3.0918595e-02 -1.3486407e-03	 9.74e-01 Accepted	 217	 667	
44	 5.6379013e-01	 +2.7723056e-02 -2.1208141e-03	 9.69e-01 Accepted	 224	 672	
45	 5.6241828e-01	 +2.9998619e-02 +7.5641036e-05	 9.79e-01 Accepted	 224	 675	
46	 5.6106120e-01	 +2.5438139e-02 -1.9845862e-03	 9.83e-01 Accepted	 226	 681	
47	 5.5971567e-01	 +2.6096754e-02 -1.2854826e-03	 9.87e-01 Accepted	 229	 685	
48	 5.5851768e-01	 +2.5339920e-02 -2.3808127e-03	 9.81e-01 Accepted	 232	 691	
49	 5.5754821e-01	 +2.3524586e-02 +2.3024615e-04	 9.67e-01 Accepted	 233	 698	
50	 5.5672723e-01	 +2.3290534e-02 -2.3423668e-03	 9.87e-01 Accepted	 235	 702	
51	 5.5600333e-01	 +2.3869107e-02 -2.0913459e-03	 9.82e-01 Accepted	 235	 701	
52	 5.5514959e-01	 +2.2800474e-02 -2.1524622e-03	 9.85e-01 Accepted	 235	 705	
53	 5.5444674e-01	 +1.9864431e-02 +6.1282774e-05	 9.89e-01 Accepted	 238	 713	
54	 5.5371023e-01	 +2.0854993e-02 +2.7076762e-03	 9.78e-01 Accepted	 239	 712	
55	 5.5301070e-01	 +1.9183230e-02 -5.1971796e-05	 9.88e-01 Accepted	 240	 718	
56	 5.5233140e-01	 +1.9622988e-02 -3.0859360e-04	 9.83e-01 Accepted	 240	 720	
57	 5.5132477e-01	 +1.9282670e-02 +1.7026977e-05	 9.74e-01 Accepted	 242	 723	
58	 5.5095697e-01	 +1.8232237e-02 +5.0327828e-04	 9.92e-01 Accepted	 245	 731	
59	 5.5030755e-01	 +1.7959216e-02 +2.3879663e-03	 9.92e-01 Accepted	 248	 732	
60	 5.4974714e-01	 +1.4845158e-02 +1.0024655e-03	 9.89e-01 Accepted	 249	 735	
61	 5.4923066e-01	 +1.5587789e-02 +1.4738370e-03	 1.00e+00 Accepted	 251	 739	
62	 5.4875127e-01	 +1.5911891e-02 +2.9422810e-03	 9.87e-01 Accepted	 251	 741	
63	 5.4835687e-01	 +1.3664725e-02 -2.8767631e-04	 9.93e-01 Accepted	 256	 747	
64	 5.4784077e-01	 +1.5621437e-02 -4.7613459e-04	 9.87e-01 Accepted	 254	 744	
65	 5.4746477e-01	 +1.5572771e-02 +1.5847275e-04	 9.98e-01 Accepted	 257	 755	
66	 5.4693920e-01	 +1.4032286e-02 +1.5309800e-04	 9.87e-01 Accepted	 258	 758	
67	 5.4673238e-01	 +1.4086637e-02 -7.7935881e-04	 1.00e+00 Accepted	 258	 760	
68	 5.4633050e-01	 +1.4128249e-02 +3.7551714e-04	 9.99e-01 Accepted	 258	 761	
69	 5.4608453e-01	 +1.5071081e-02 +2.9675040e-03	 9.93e-01 Accepted	 260	 765	
70	 5.4544238e-01	 +1.3737623e-02 +2.5787682e-03	 9.81e-01 Accepted	 262	 768	
71	 5.4519392e-01	 +1.2288662e-02 +4.8208352e-04	 1.01e+00 Accepted	 262	 770	
72	 5.4481602e-01	 +1.2777042e-02 +1.0343833e-03	 9.97e-01 Accepted	 263	 778	
73	 5.4430270e-01	 +1.2541417e-02 +5.4274808e-04	 9.89e-01 Accepted	 262	 775	
74	 5.4377291e-01	 +1.2579645e-02 -2.7626835e-03	 9.88e-01 Accepted	 262	 778	
75	 5.4370773e-01	 +1.3419302e-02 -2.3974331e-03	 9.93e-01 Accepted	 264	 786	
76	 5.4361007e-01	 +1.0293056e-02 +1.8945102e-03	 9.92e-01 Accepted	 263	 787	
77	 5.4300895e-01	 +1.1685595e-02 -2.3375563e-04	 9.88e-01 Accepted	 266	 793	
78	 5.4275106e-01	 +1.2431957e-02 +1.3415652e-03	 9.98e-01 Accepted	 266	 792	
79	 5.4248296e-01	 +1.1272555e-02 -7.8800172e-04	 9.97e-01 Accepted	 268	 796	
80	 5.4215859e-01	 +1.2680888e-02 +9.4914061e-04	 9.98e-01 Accepted	 270	 801	
81	 5.4209035e-01	 +1.2582434e-02 +3.7465426e-03	 1.00e+00 Accepted	 269	 798	
82	 5.4192292e-01	 +1.1851594e-02 +1.2685721e-03	 9.86e-01 Accepted	 269	 811	
83	 5.4171031e-01	 +9.1641823e-03 -7.3830876e-04	 9.87e-01 Accepted	 272	 817	
84	 5.4141598e-01	 +7.2547252e-03 -2.5199674e-03	 1.01e+00 Accepted	 274	 821	
85	 5.4116767e-01	 +7.8289575e-03 -1.5998739e-04	 9.98e-01 Accepted	 277	 835	
86	 5.4100532e-01	 +1.0368679e-02 -4.0785730e-03	 1.01e+00 Accepted	 281	 840	
87	 5.4081023e-01	 +7.4218989e-03 -9.2675030e-04	 9.84e-01 Accepted	 281	 828	
88	 5.4056726e-01	 +9.1578393e-03 -2.8993403e-03	 9.99e-01 Accepted	 279	 839	
89	 5.4032492e-01	 +9.0954129e-03 -1.1190948e-04	 9.99e-01 Accepted	 283	 844	
90	 5.4013845e-01	 +8.5162024e-03 +5.0256802e-04	 9.84e-01 Accepted	 288	 876	
91	 5.4021937e-01	 +9.6796127e-03 +1.8217127e-03	 1.00e+00 Accepted	 293	 895	
92	 5.3999680e-01	 +8.5514322e-03 +3.7619236e-04	 1.01e+00 Accepted	 296	 890	
93	 5.3978893e-01	 +8.0936732e-03 -1.8981969e-04	 1.00e+00 Accepted	 296	 894	
94	 5.3965817e-01	 +6.3947312e-03 +3.8879269e-04	 9.91e-01 Accepted	 295	 886	
95	 5.3955298e-01	 +9.3123029e-03 -4.1043066e-04	 1.00e+00 Accepted	 288	 860	
96	 5.3935511e-01	 +8.6951632e-03 -1.1714923e-03	 9.86e-01 Accepted	 285	 864	
97	 5.3927437e-01	 +9.2819251e-03 -2.8756116e-04	 1.01e+00 Accepted	 286	 883	
98	 5.3903192e-01	 +9.0961611e-03 +7.2550622e-04	 1.00e+00 Accepted	 297	 944	
99	 5.3875308e-01	 +6.0608662e-03 +5.9908990e-04	 9.99e-01 Accepted	 303	 901	
100	 5.3862299e-01	 +6.3389925e-03 +1.5469742e-03	 9.94e-01 Accepted	 296	 902	
101	 5.3845150e-01	 +4.4626080e-03 +1.9277789e-03	 9.94e-01 Accepted	 304	 957	
102	 5.3837966e-01	 +6.1242433e-03 +6.1349063e-04	 9.85e-01 Accepted	 310	 943	
103	 5.3836035e-01	 +6.2812988e-03 +2.4998481e-03	 1.00e+00 Accepted	 307	 946	
104	 5.3842347e-01	 +9.1028445e-03 +2.6006246e-05	 9.90e-01 Accepted	 311	 972	
105	 5.3836550e-01	 +7.0324298e-03 -1.5805923e-03	 1.00e+00 Accepted	 313	 942	
106	 5.3832127e-01	 +6.2989188e-03 -1.1549618e-03	 9.99e-01 Accepted	 306	 925	
107	 5.3804828e-01	 +5.1137790e-03 +1.5288034e-03	 1.00e+00 Accepted	 300	 899	
108	 5.3786104e-01	 +3.3578166e-03 +1.5434226e-04	 9.91e-01 Accepted	 295	 894	
109	 5.3783891e-01	 +3.4957944e-03 -2.2220317e-03	 1.00e+00 Accepted	 293	 891	
110	 5.3753939e-01	 +5.4107154e-03 -1.1090516e-03	 9.87e-01 Accepted	 300	 952	
111	 5.3731075e-01	 +4.9447619e-03 +5.5009637e-04	 1.00e+00 Accepted	 310	 936	
112	 5.3710442e-01	 +5.7583410e-03 +3.5024451e-04	 1.00e+00 Accepted	 314	 997	
113	 5.3722722e-01	 +4.7851816e-03 -3.1159819e-04	 1.01e+00 Accepted	 319	 997	
114	 5.3722922e-01	 +2.7123851e-03 +2.1612397e-03	 1.00e+00 Accepted	 312	 906	
115	 5.3724617e-01	 +3.8658542e-03 +1.2793348e-03	 1.00e+00 Accepted	 295	 904	
116	 5.3703279e-01	 +6.5691437e-03 -7.4899794e-04	 9.99e-01 Accepted	 301	 951	
117	 5.3698266e-01	 +4.0143611e-03 -6.1805020e-04	 9.92e-01 Accepted	 310	 955	
118	 5.3692578e-01	 +5.6245815e-03 +5.7523932e-05	 9.93e-01 Accepted	 305	 930	
119	 5.3671240e-01	 +2.9558342e-03 +1.8765119e-03	 9.91e-01 Accepted	 301	 917	
120	 5.3672758e-01	 +5.7458497e-03 -7.6647803e-04	 9.87e-01 Accepted	 298	 914	
121	 5.3674102e-01	 +3.9114844e-03 +7.5523280e-04	 1.00e+00 Accepted	 301	 928	
122	 5.3645293e-01	 +4.3573933e-03 +1.7900094e-03	 9.89e-01 Accepted	 308	 957	
123	 5.3630868e-01	 +6.6744228e-03 -5.4520110e-04	 9.81e-01 Accepted	 307	 916	
124	 5.3615490e-01	 +3.6388829e-03 -1.8724872e-03	 1.01e+00 Accepted	 302	 929	
125	 5.3625736e-01	 +4.1968428e-03 -7.8216286e-04	 1.02e+00 Accepted	 306	 944	
126	 5.3605660e-01	 +5.5610455e-03 -1.4899404e-03	 1.00e+00 Accepted	 310	 943	
127	 5.3569360e-01	 +3.9998725e-03 -1.6713893e-03	 9.74e-01 Accepted	 315	 998	
128	 5.3571886e-01	 +3.5519454e-03 -1.9689326e-03	 1.00e+00 Accepted	 326	 1029	
129	 5.3570152e-01	 +2.7009389e-03 -1.8165313e-03	 9.92e-01 Accepted	 331	 1033	
130	 5.3555801e-01	 +6.6236439e-03 +9.4337786e-04	 1.00e+00 Accepted	 335	 1040	
131	 5.3547711e-01	 +7.5825144e-03 +1.1812091e-03	 9.96e-01 Accepted	 332	 1018	
132	 5.3551379e-01	 +8.4977820e-03 +1.1052681e-03	 1.01e+00 Accepted	 329	 1018	
133	 5.3563139e-01	 +3.3561477e-03 -9.7061495e-04	 1.01e+00 Accepted	 326	 1012	
134	 5.3550133e-01	 +5.5901030e-03 +1.6256973e-03	 9.86e-01 Accepted	 329	 1038	
135	 5.3533448e-01	 +4.2769035e-03 +2.7958687e-03	 1.00e+00 Accepted	 336	 1072	
136	 5.3519429e-01	 +6.9201649e-03 +2.3292072e-04	 9.90e-01 Accepted	 346	 1099	
137	 5.3487456e-01	 +5.0238933e-03 -8.9440353e-04	 9.95e-01 Accepted	 342	 1021	
138	 5.3488125e-01	 +5.8264316e-03 -2.5183468e-04	 9.88e-01 Accepted	 327	 1012	
139	 5.3507374e-01	 +4.0912638e-03 +3.3764954e-04	 1.01e+00 Accepted	 330	 1050	
140	 5.3530014e-01	 +4.2099036e-03 +3.3540236e-03	 1.00e+00 Accepted	 333	 1023	
141	 5.3484819e-01	 +2.4543679e-03 -6.5635228e-04	 9.91e-01 Accepted	 338	 1074	
142	 5.3476330e-01	 +2.4887667e-03 +2.6666480e-04	 9.96e-01 Accepted	 342	 1050	
143	 5.3487614e-01	 +2.9766899e-03 -2.0631064e-05	 9.89e-01 Accepted	 337	 1056	
144	 5.3484640e-01	 +4.0425295e-03 +1.0285919e-03	 9.92e-01 Accepted	 342	 1108	
145	 5.3476931e-01	 +4.6210276e-03 +1.6040178e-04	 9.88e-01 Accepted	 357	 1135	
146	 5.3448236e-01	 +4.3055289e-03 +1.2078164e-03	 9.99e-01 Accepted	 369	 1203	
147	 5.3479424e-01	 +5.9192967e-03 +1.5760563e-03	 1.00e+00 Accepted	 377	 1175	
148	 5.3460323e-01	 +3.5125302e-03 +4.2306346e-03	 9.96e-01 Accepted	 378	 1221	
149	 5.3439968e-01	 +3.3649541e-03 +8.7724073e-04	 1.02e+00 Accepted	 380	 1199	
150	 5.3444601e-01	 +5.4097907e-03 +8.4634586e-04	 9.93e-01 Accepted	 372	 1131	
151	 5.3429981e-01	 +7.4158733e-03 +1.7201830e-03	 1.01e+00 Accepted	 358	 1113	
152	 5.3420966e-01	 +5.4819382e-03 +1.1370297e-03	 1.01e+00 Accepted	 355	 1151	
153	 5.3430810e-01	 +3.5627066e-03 +2.9143039e-03	 1.00e+00 Accepted	 367	 1176	
154	 5.3418982e-01	 +5.9085006e-03 +2.0798067e-03	 1.00e+00 Accepted	 362	 1153	
155	 5.3409297e-01	 +1.9189889e-03 -1.6619924e-04	 1.01e+00 Accepted	 353	 1065	
156	 5.3400059e-01	 +3.3230286e-03 -1.9974710e-03	 1.01e+00 Accepted	 340	 1066	
157	 5.3393745e-01	 +6.2511276e-03 -4.7268572e-04	 9.96e-01 Accepted	 340	 1064	
158	 5.3393626e-01	 +4.1692865e-03 -2.2729533e-04	 9.95e-01 Accepted	 341	 1078	
159	 5.3387919e-01	 +3.8511227e-03 -3.0413403e-03	 9.92e-01 Accepted	 341	 1070	
160	 5.3370515e-01	 +1.7791635e-03 +6.1216055e-04	 9.92e-01 Accepted	 339	 1038	
161	 5.3378560e-01	 +4.8160284e-03 -1.5495507e-03	 1.00e+00 Accepted	 328	 987	
162	 5.3375400e-01	 +3.7716172e-03 -2.3836954e-04	 9.96e-01 Accepted	 325	 1058	
163	 5.3367143e-01	 +1.7658435e-03 +5.3710091e-04	 1.00e+00 Accepted	 332	 1007	
164	 5.3359877e-01	 +4.3843974e-04 -1.2253317e-03	 1.02e+00 Accepted	 328	 1026	
# Starting_type: CheckpointStart
# Trajectory_length / Number_of_MD_steps: 1 / 8
# 	 Plaquette	 Polyakov_Loop(re,im)	 Acc._Probability	 runtime_per_traj(s)	 CG_iterations	
165	 5.3278285e-01	 +4.6036363e-03 -5.0881994e-04	 5.23e-01 Accepted	 265	 998	
166	 5.3234805e-01	 +3.0808431e-04 +3.6294822e-05	 8.11e-01 Accepted	 272	 1229	
167	 5.3189539e-01	 +3.6391478e-03 +1.5471903e-03	 8.98e-01 Accepted	 298	 1199	
