# Starting_type: HotStart
# serial RNG seed: 	[3 77 14 21 1]
# parallel RNG seed:	[36 19 80 35 9]
# Trajectory_length / Number_of_MD_steps: 1 / 8
# 	 Plaquette	 Polyakov_Loop(re,im)	 Acc._Probability	 runtime_per_traj(s)	 CG_iterations	
1	 2.2123695e-01	 -2.2181568e-03 +1.3704305e-03	 1.59e+42 Accepted	 211	 946	
2	 3.0963740e-01	 +5.9823726e-05 +2.0869037e-03	 6.43e+22 Accepted	 285	 1189	
3	 3.5666656e-01	 +1.0754537e-03 +9.0267916e-04	 5.17e+12 Accepted	 324	 1310	
4	 3.8594799e-01	 -1.7220075e-03 +1.8962130e-04	 4.94e+07 Accepted	 346	 1373	
5	 4.0617959e-01	 +1.9176215e-03 +1.3357964e-03	 1.37e+06 Accepted	 357	 1413	
6	 4.2121907e-01	 +1.1318520e-03 +2.7677916e-04	 3.55e+04 Accepted	 363	 1436	
7	 4.3294931e-01	 +6.2054904e-04 +8.8740521e-04	 2.76e+03 Accepted	 367	 1455	
8	 4.4214544e-01	 +5.1003588e-04 -1.2803782e-04	 3.44e+02 Accepted	 373	 1467	
9	 4.5028876e-01	 -2.1419146e-04 +4.7329794e-04	 3.37e+01 Accepted	 375	 1474	
10	 4.5758554e-01	 -4.1187937e-03 -9.3170070e-04	 1.30e+02 Accepted	 377	 1483	
11	 4.6401095e-01	 +1.6965840e-03 +8.5613519e-04	 1.37e+01 Accepted	 378	 1486	
12	 4.6979532e-01	 +1.7269137e-04 +1.9386962e-03	 3.74e+01 Accepted	 379	 1492	
13	 4.7466358e-01	 -1.4901059e-03 -5.7089253e-04	 6.28e+00 Accepted	 380	 1491	
14	 4.7973442e-01	 +2.5785683e-04 -3.4808432e-04	 8.11e+00 Accepted	 380	 1492	
15	 4.8413757e-01	 -1.2800979e-03 -6.9454592e-04	 6.15e+00 Accepted	 381	 1490	
16	 4.8842147e-01	 -8.0476368e-04 -2.2605319e-03	 5.51e+00 Accepted	 381	 1495	
17	 4.9230851e-01	 -1.6642046e-03 +1.4599413e-03	 1.06e+01 Accepted	 382	 1490	
18	 4.9641639e-01	 +1.4816407e-04 -3.5445848e-05	 3.43e+00 Accepted	 384	 1502	
19	 4.9979190e-01	 +9.2382811e-04 -1.4180587e-03	 5.05e+00 Accepted	 381	 1487	
20	 5.0312951e-01	 -2.7581599e-03 -1.2114120e-03	 7.97e+00 Accepted	 382	 1496	
21	 5.0608308e-01	 +5.7641487e-04 -1.5640306e-04	 3.20e+00 Accepted	 382	 1492	
22	 5.0902299e-01	 +1.1037154e-03 +4.0821927e-04	 3.48e+00 Accepted	 381	 1494	
23	 5.1219443e-01	 -3.5709215e-03 -1.0069020e-04	 3.90e+00 Accepted	 381	 1498	
24	 5.1499813e-01	 +1.9196111e-04 +2.2307837e-03	 4.56e+00 Accepted	 378	 1477	
25	 5.1747941e-01	 -7.7841399e-05 -3.7741280e-04	 2.64e+00 Accepted	 378	 1468	
26	 5.2003796e-01	 +2.3995570e-03 +2.2975212e-04	 2.67e+00 Accepted	 374	 1474	
27	 5.2189418e-01	 -3.9511050e-04 -6.3301506e-04	 3.85e+00 Accepted	 376	 1472	
28	 5.2393829e-01	 +1.3678042e-03 -1.5362599e-03	 1.56e+00 Accepted	 378	 1469	
29	 5.2566530e-01	 -4.3212757e-04 +4.7301032e-04	 3.05e+00 Accepted	 377	 1466	
30	 5.2740057e-01	 +2.2041474e-03 +2.7696657e-04	 1.49e+00 Accepted	 374	 1450	
31	 5.2916029e-01	 -8.4837153e-04 -3.5082406e-04	 1.42e+00 Accepted	 375	 1455	
32	 5.3055830e-01	 +2.2585168e-03 +2.0440158e-03	 2.04e+00 Accepted	 372	 1457	
33	 5.3218006e-01	 -4.7860140e-04 -2.3897776e-03	 1.36e+00 Accepted	 368	 1409	
34	 5.3331042e-01	 -5.4470290e-04 -1.3588522e-03	 1.65e+00 Accepted	 367	 1404	
35	 5.3459986e-01	 -9.5228932e-04 -3.5850603e-03	 2.08e+00 Accepted	 371	 1437	
36	 5.3510416e-01	 +2.1986011e-03 +1.0864126e-04	 9.71e-01 Accepted	 369	 1410	
37	 5.3583487e-01	 +1.9933900e-03 +6.3961155e-04	 1.29e+00 Accepted	 366	 1446	
38	 5.3700666e-01	 +1.3328043e-03 -8.9209831e-04	 1.01e+00 Accepted	 367	 1414	
39	 5.3803617e-01	 -1.4881779e-03 -6.7556097e-04	 2.37e+00 Accepted	 363	 1403	
40	 5.3910064e-01	 +1.2929617e-03 +2.1820946e-03	 1.95e+00 Accepted	 363	 1389	
41	 5.3985558e-01	 -2.1421863e-03 -2.6559887e-04	 8.26e-01 Accepted	 359	 1385	
42	 5.4048654e-01	 -2.2474195e-03 +1.6167341e-03	 1.16e+00 Accepted	 360	 1396	
43	 5.4048654e-01	 -2.2474195e-03 +1.6167341e-03	 7.83e-01 Rejected	 358	 1360	
44	 5.4133954e-01	 +1.4732681e-03 -2.2089851e-03	 1.64e+00 Accepted	 366	 1438	
45	 5.4170359e-01	 -1.5037654e-03 -2.5674138e-03	 9.91e-01 Accepted	 364	 1449	
46	 5.4165519e-01	 +3.0606216e-04 -3.5713595e-04	 1.08e+00 Accepted	 366	 1391	
47	 5.4241099e-01	 +1.0779534e-03 -2.4250630e-04	 9.05e-01 Accepted	 356	 1363	
48	 5.4300005e-01	 -1.0650044e-03 +1.1089673e-03	 1.46e+00 Accepted	 351	 1373	
49	 5.4300005e-01	 -1.0650044e-03 +1.1089673e-03	 8.42e-01 Rejected	 352	 1353	
50	 5.4320539e-01	 -9.3692888e-04 -4.8295659e-05	 1.47e+00 Accepted	 352	 1356	
51	 5.4368580e-01	 +2.6354559e-03 -2.8023236e-03	 2.12e+00 Accepted	 351	 1353	
52	 5.4368580e-01	 +2.6354559e-03 -2.8023236e-03	 8.52e-01 Rejected	 347	 1308	
53	 5.4406806e-01	 -3.4821047e-03 -1.3588691e-03	 8.44e-01 Accepted	 347	 1334	
54	 5.4419836e-01	 -4.6847696e-05 -5.6517312e-04	 1.13e+00 Accepted	 344	 1351	
55	 5.4463025e-01	 -1.1823938e-04 -1.3472713e-03	 8.74e-01 Accepted	 354	 1366	
56	 5.4465065e-01	 -1.8437678e-03 +1.1737482e-03	 7.24e-01 Accepted	 348	 1317	
57	 5.4483626e-01	 -1.6529868e-04 -7.7658590e-04	 1.13e+00 Accepted	 349	 1329	
58	 5.4499273e-01	 -9.1228480e-04 +5.0159193e-04	 7.52e-01 Accepted	 343	 1276	
59	 5.4485889e-01	 +1.1438443e-03 +2.0434532e-03	 1.10e+00 Accepted	 343	 1318	
60	 5.4498045e-01	 -1.0759751e-03 +9.4783180e-04	 1.23e+00 Accepted	 349	 1353	
61	 5.4545579e-01	 +7.8462073e-04 +4.7478376e-06	 5.25e-01 Accepted	 348	 1345	
62	 5.4568046e-01	 -1.5518698e-03 -1.3400776e-03	 1.30e+00 Accepted	 347	 1311	
63	 5.4568046e-01	 -1.5518698e-03 -1.3400776e-03	 5.56e-01 Rejected	 345	 1341	
64	 5.4619707e-01	 -2.9490429e-04 +2.7261162e-05	 2.02e+00 Accepted	 342	 1316	
65	 5.4648210e-01	 -1.8507069e-03 -1.2650785e-03	 8.96e-01 Accepted	 345	 1360	
66	 5.4623055e-01	 +1.6195317e-03 -3.8141352e-04	 1.45e+00 Accepted	 353	 1355	
67	 5.4595185e-01	 -4.9207925e-04 -1.2736428e-03	 1.37e+00 Accepted	 340	 1269	
68	 5.4593742e-01	 +4.8456413e-04 +2.2756834e-03	 1.30e+00 Accepted	 340	 1351	
69	 5.4590215e-01	 -1.6014189e-03 +1.8799387e-03	 1.16e+00 Accepted	 343	 1283	
70	 5.4596084e-01	 +1.7405528e-03 +1.1810728e-03	 6.48e-01 Accepted	 332	 1298	
71	 5.4580693e-01	 -1.2362040e-06 -1.8152948e-03	 1.05e+00 Accepted	 336	 1290	
72	 5.4569194e-01	 +1.5906296e-03 +8.5176031e-04	 6.27e-01 Accepted	 336	 1296	
73	 5.4607929e-01	 -1.3157720e-03 -8.2670423e-07	 1.63e+00 Accepted	 338	 1309	
74	 5.4626232e-01	 +1.3565028e-03 +1.1426337e-03	 1.04e+00 Accepted	 343	 1313	
75	 5.4646448e-01	 -4.6496180e-04 +5.1776942e-04	 1.22e+00 Accepted	 339	 1320	
76	 5.4659758e-01	 -2.0916850e-03 +1.6013100e-03	 1.14e+00 Accepted	 341	 1274	
77	 5.4661861e-01	 -1.2895746e-04 +5.5484215e-04	 7.22e-01 Accepted	 334	 1304	
78	 5.4632329e-01	 +1.1709691e-04 -2.4741222e-03	 9.98e-01 Accepted	 339	 1309	
79	 5.4659271e-01	 -1.6686681e-03 +7.7853650e-04	 7.16e-01 Accepted	 342	 1330	
80	 5.4663990e-01	 +1.5401775e-05 -1.8359326e-03	 5.27e-01 Accepted	 341	 1314	
81	 5.4649021e-01	 +2.5180572e-03 +1.2503677e-03	 7.75e-01 Accepted	 337	 1245	
82	 5.4653271e-01	 -1.2978247e-03 +1.2416689e-04	 7.79e-01 Accepted	 329	 1281	
83	 5.4636361e-01	 -1.3500507e-03 -1.7131988e-03	 8.63e-01 Accepted	 332	 1311	
84	 5.4636361e-01	 -1.3500507e-03 -1.7131988e-03	 8.83e-01 Rejected	 333	 1234	
85	 5.4636361e-01	 -1.3500507e-03 -1.7131988e-03	 7.20e-01 Rejected	 335	 1276	
86	 5.4636361e-01	 -1.3500507e-03 -1.7131988e-03	 6.31e-01 Rejected	 336	 1253	
87	 5.4635869e-01	 +7.7387296e-04 +1.4621118e-03	 8.00e-01 Accepted	 332	 1304	
88	 5.4648701e-01	 +3.0329063e-03 +1.8085207e-03	 8.90e-01 Accepted	 340	 1280	
89	 5.4648701e-01	 +3.0329063e-03 +1.8085207e-03	 5.18e-01 Rejected	 334	 1318	
90	 5.4687623e-01	 +2.5339901e-03 -1.8444738e-03	 9.12e-01 Accepted	 335	 1302	
91	 5.4651563e-01	 +1.3587482e-03 +1.9486382e-04	 8.80e-01 Accepted	 337	 1308	
92	 5.4653381e-01	 -2.5726735e-04 -1.3475957e-03	 1.12e+00 Accepted	 337	 1290	
93	 5.4649190e-01	 +4.0308513e-04 -2.9010374e-03	 1.46e+00 Accepted	 334	 1267	
94	 5.4649190e-01	 +4.0308513e-04 -2.9010374e-03	 7.00e-01 Rejected	 328	 1252	
95	 5.4649190e-01	 +4.0308513e-04 -2.9010374e-03	 9.08e-01 Rejected	 330	 1263	
96	 5.4676057e-01	 +1.6162558e-03 -1.8460170e-03	 8.72e-01 Accepted	 334	 1295	
97	 5.4674721e-01	 -1.3132807e-03 +1.4472228e-03	 7.87e-01 Accepted	 342	 1327	
98	 5.4671594e-01	 +1.7045960e-03 +1.4254375e-03	 2.37e+00 Accepted	 338	 1299	
99	 5.4650274e-01	 -3.6241520e-03 -8.5996535e-04	 5.44e-01 Accepted	 339	 1296	
100	 5.4658664e-01	 +1.1700610e-03 -1.5231356e-03	 1.64e+00 Accepted	 338	 1293	
101	 5.4667367e-01	 +2.3665361e-04 -5.1855254e-04	 1.17e+00 Accepted	 332	 1248	
102	 5.4648517e-01	 +1.7083209e-03 -6.3104636e-04	 7.44e-01 Accepted	 329	 1266	
103	 5.4662761e-01	 +1.1646419e-03 -9.9025024e-04	 1.74e+00 Accepted	 331	 1268	
104	 5.4662761e-01	 +1.1646419e-03 -9.9025024e-04	 6.48e-01 Rejected	 333	 1251	
105	 5.4704544e-01	 +1.8191311e-03 -2.3023697e-03	 1.31e+00 Accepted	 337	 1261	
106	 5.4684005e-01	 -2.0025852e-03 +2.0752608e-04	 1.00e+00 Accepted	 330	 1235	
107	 5.4651516e-01	 +1.9548585e-03 +2.4255008e-04	 1.22e+00 Accepted	 334	 1318	
108	 5.4671624e-01	 -4.4653271e-06 -2.8111317e-03	 8.80e-01 Accepted	 342	 1344	
109	 5.4678028e-01	 +1.3387522e-03 -5.1678750e-04	 1.38e+00 Accepted	 339	 1230	
110	 5.4669819e-01	 -1.3407219e-03 -2.2232412e-03	 7.90e-01 Accepted	 331	 1252	
111	 5.4669819e-01	 -1.3407219e-03 -2.2232412e-03	 7.72e-01 Rejected	 328	 1277	
112	 5.4660674e-01	 -3.8305078e-03 +1.0931518e-03	 9.43e-01 Accepted	 336	 1331	
113	 5.4693368e-01	 -9.3751137e-04 +1.0086873e-03	 1.01e+00 Accepted	 339	 1289	
114	 5.4736983e-01	 -1.3325718e-03 +1.4954605e-03	 1.05e+00 Accepted	 342	 1326	
115	 5.4781497e-01	 -6.1253511e-04 -1.2392112e-03	 1.33e+00 Accepted	 339	 1291	
116	 5.4750478e-01	 -1.3414217e-04 +1.2219251e-03	 9.23e-01 Accepted	 342	 1268	
117	 5.4716286e-01	 -1.0685115e-03 +1.1431680e-03	 1.03e+00 Accepted	 334	 1261	
118	 5.4714888e-01	 -1.0055474e-03 -5.7653963e-05	 1.13e+00 Accepted	 332	 1249	
119	 5.4711378e-01	 -2.4402570e-03 +9.3042275e-05	 1.46e+00 Accepted	 334	 1294	
120	 5.4713419e-01	 -3.0008180e-04 -1.8029513e-03	 7.04e-01 Accepted	 336	 1316	
121	 5.4681726e-01	 +3.8101452e-04 -1.3623607e-03	 9.05e-01 Accepted	 340	 1243	
122	 5.4681726e-01	 +3.8101452e-04 -1.3623607e-03	 7.90e-01 Rejected	 323	 1287	
123	 5.4693621e-01	 +1.3138211e-03 +2.3354745e-03	 1.24e+00 Accepted	 333	 1309	
# Starting_type: CheckpointStart
# Trajectory_length / Number_of_MD_steps: 1 / 8
# 	 Plaquette	 Polyakov_Loop(re,im)	 Acc._Probability	 runtime_per_traj(s)	 CG_iterations	
123	 5.4693621e-01	 +1.3138211e-03 +2.3354745e-03	 1.24e+00 Accepted	 338	 1309	
124	 5.4763161e-01	 +1.4409524e-03 -1.4151909e-04	 1.18e+00 Accepted	 333	 1232	
125	 5.4776968e-01	 +7.6240453e-04 -1.8879889e-03	 1.22e+00 Accepted	 328	 1298	
126	 5.4755498e-01	 +2.1545608e-03 -2.7445876e-03	 8.72e-01 Accepted	 331	 1307	
127	 5.4755498e-01	 +2.1545608e-03 -2.7445876e-03	 6.74e-01 Rejected	 338	 1291	
128	 5.4748836e-01	 -1.7613427e-03 +2.0545323e-04	 1.01e+00 Accepted	 332	 1237	
129	 5.4748836e-01	 -1.7613427e-03 +2.0545323e-04	 5.89e-01 Rejected	 328	 1282	
130	 5.4748836e-01	 -1.7613427e-03 +2.0545323e-04	 5.27e-01 Rejected	 327	 1276	
131	 5.4748836e-01	 -1.7613427e-03 +2.0545323e-04	 4.08e-01 Rejected	 329	 1275	
132	 5.4723634e-01	 +1.6429945e-03 +1.7612844e-03	 1.18e+00 Accepted	 328	 1291	
133	 5.4696957e-01	 -2.0550246e-03 +2.8063137e-03	 7.39e-01 Accepted	 335	 1290	
134	 5.4722476e-01	 -6.4139271e-04 -9.5523591e-04	 1.28e+00 Accepted	 342	 1303	
135	 5.4721552e-01	 +1.9483371e-03 +7.2730911e-04	 1.03e+00 Accepted	 336	 1278	
136	 5.4722003e-01	 -7.1143831e-05 -6.6185790e-04	 1.41e+00 Accepted	 336	 1286	
137	 5.4726182e-01	 -1.8847934e-04 +3.3474155e-04	 1.12e+00 Accepted	 333	 1299	
138	 5.4731306e-01	 -9.4585676e-05 +1.5251446e-03	 1.06e+00 Accepted	 331	 1231	
139	 5.4714528e-01	 +1.9123299e-03 +1.4028304e-03	 1.14e+00 Accepted	 323	 1223	
140	 5.4734924e-01	 +5.5555524e-04 -5.8824304e-04	 1.87e+00 Accepted	 320	 1244	
141	 5.4742819e-01	 +6.7904289e-04 +2.7381923e-03	 1.12e+00 Accepted	 336	 1281	
142	 5.4739877e-01	 +1.5982066e-04 -4.1144858e-03	 9.29e-01 Accepted	 331	 1270	
143	 5.4744197e-01	 -9.5771444e-04 +4.1828199e-04	 9.48e-01 Accepted	 332	 1297	
144	 5.4711484e-01	 +9.0439245e-04 +2.1420096e-03	 1.16e+00 Accepted	 335	 1314	
145	 5.4698200e-01	 +2.8530529e-03 +8.6177044e-04	 8.24e-01 Accepted	 340	 1293	
146	 5.4706632e-01	 -3.1740738e-03 -2.9307971e-04	 1.39e+00 Accepted	 345	 1340	
147	 5.4706162e-01	 +3.3291496e-05 -5.8377752e-04	 9.11e-01 Accepted	 342	 1276	
148	 5.4739223e-01	 -1.2837924e-03 -4.2610634e-04	 8.56e-01 Accepted	 330	 1227	
149	 5.4711259e-01	 -5.2334172e-05 -3.4054462e-03	 1.19e+00 Accepted	 325	 1285	
150	 5.4741600e-01	 -1.8324779e-03 -2.2880819e-04	 9.65e-01 Accepted	 334	 1241	
151	 5.4737621e-01	 -1.7030269e-03 -2.8956974e-04	 1.04e+00 Accepted	 330	 1277	
152	 5.4737621e-01	 -1.7030269e-03 -2.8956974e-04	 9.65e-01 Rejected	 329	 1232	
153	 5.4732265e-01	 -1.2817568e-03 +5.2079105e-04	 9.36e-01 Accepted	 334	 1302	
154	 5.4734538e-01	 +7.3972308e-04 -8.1456508e-04	 1.10e+00 Accepted	 338	 1310	
155	 5.4755616e-01	 -7.4042262e-04 +1.2206926e-03	 8.84e-01 Accepted	 342	 1318	
156	 5.4765211e-01	 -3.2152097e-03 +1.0199399e-03	 1.11e+00 Accepted	 337	 1245	
157	 5.4765211e-01	 -3.2152097e-03 +1.0199399e-03	 7.54e-01 Rejected	 331	 1270	
158	 5.4776815e-01	 -1.2607325e-03 +7.8940661e-04	 1.04e+00 Accepted	 328	 1291	
159	 5.4776815e-01	 -1.2607325e-03 +7.8940661e-04	 8.30e-01 Rejected	 342	 1316	
160	 5.4727337e-01	 +1.2766938e-03 -3.3568513e-04	 7.77e-01 Accepted	 337	 1283	
161	 5.4728207e-01	 -8.4617774e-04 +2.0751471e-03	 9.93e-01 Accepted	 338	 1302	
162	 5.4758766e-01	 -6.2806357e-04 +1.8409396e-03	 1.03e+00 Accepted	 335	 1251	
163	 5.4775078e-01	 -5.4128579e-04 +1.5273124e-03	 6.66e-01 Accepted	 328	 1271	
164	 5.4783570e-01	 -4.1686367e-04 +7.5666842e-04	 1.42e+00 Accepted	 331	 1232	
165	 5.4780866e-01	 -1.7869656e-03 +2.1082870e-03	 8.75e-01 Accepted	 321	 1221	
166	 5.4782136e-01	 +7.6328169e-04 -6.0297153e-04	 1.36e+00 Accepted	 325	 1261	
167	 5.4754829e-01	 -3.1943601e-04 -3.0598695e-03	 7.72e-01 Accepted	 328	 1258	
168	 5.4776951e-01	 +2.5284853e-04 +2.1181965e-03	 1.47e+00 Accepted	 330	 1257	
169	 5.4751400e-01	 -1.2873433e-03 -6.4708839e-04	 8.14e-01 Accepted	 329	 1260	
170	 5.4797256e-01	 -5.0429097e-05 +9.5531412e-04	 1.67e+00 Accepted	 336	 1364	
171	 5.4767583e-01	 +1.3421466e-03 +1.0499278e-03	 7.97e-01 Accepted	 347	 1316	
172	 5.4761843e-01	 -3.2166975e-03 +1.8482143e-03	 8.51e-01 Accepted	 346	 1378	
173	 5.4761843e-01	 -3.2166975e-03 +1.8482143e-03	 6.82e-01 Rejected	 348	 1287	
174	 5.4778510e-01	 -2.1935664e-03 +2.2676620e-04	 1.30e+00 Accepted	 346	 1287	
175	 5.4747951e-01	 -9.7498310e-04 +3.2721386e-04	 1.23e+00 Accepted	 339	 1337	
176	 5.4738738e-01	 +9.0076017e-04 -2.5928521e-03	 7.55e-01 Accepted	 344	 1287	
177	 5.4727635e-01	 -1.9579678e-03 -7.8078320e-04	 8.47e-01 Accepted	 331	 1257	
178	 5.4727635e-01	 -1.9579678e-03 -7.8078320e-04	 6.45e-01 Rejected	 335	 1258	
179	 5.4736073e-01	 +3.2319399e-03 +1.6086743e-03	 1.02e+00 Accepted	 328	 1244	
180	 5.4736497e-01	 +1.0703501e-04 +2.0673978e-03	 9.46e-01 Accepted	 329	 1288	
181	 5.4744938e-01	 +1.0569388e-03 +3.7999491e-04	 1.05e+00 Accepted	 328	 1290	
182	 5.4717354e-01	 -2.3675413e-03 -1.4958063e-04	 6.21e-01 Accepted	 333	 1236	
183	 5.4759686e-01	 -1.2983588e-03 +2.1319391e-03	 7.58e-01 Accepted	 329	 1247	
184	 5.4748812e-01	 +6.5998265e-04 -7.8951324e-04	 8.89e-01 Accepted	 327	 1221	
185	 5.4722972e-01	 +6.4208207e-04 -2.1421823e-03	 1.39e+00 Accepted	 326	 1287	
186	 5.4723574e-01	 -7.2338547e-04 -1.0063480e-03	 8.10e-01 Accepted	 328	 1277	
187	 5.4736367e-01	 -1.7992622e-03 -8.4171348e-04	 7.36e-01 Accepted	 335	 1263	
188	 5.4735959e-01	 -1.3314043e-04 +1.6670423e-03	 7.43e-01 Accepted	 331	 1271	
189	 5.4727631e-01	 +3.8091243e-04 +7.1420868e-04	 7.49e-01 Accepted	 331	 1291	
190	 5.4705638e-01	 +1.6637388e-04 +1.2150463e-03	 8.39e-01 Accepted	 333	 1255	
191	 5.4700971e-01	 -7.1701531e-04 +2.6771172e-03	 1.24e+00 Accepted	 335	 1324	
192	 5.4700971e-01	 -7.1701531e-04 +2.6771172e-03	 5.79e-01 Rejected	 346	 1324	
193	 5.4713743e-01	 -2.7203068e-04 +1.8605009e-04	 1.01e+00 Accepted	 338	 1275	
194	 5.4754679e-01	 -2.5263910e-03 +2.1656544e-03	 1.61e+00 Accepted	 337	 1297	
195	 5.4777648e-01	 -2.6601329e-03 +1.5295070e-03	 1.40e+00 Accepted	 333	 1308	
196	 5.4777648e-01	 -2.6601329e-03 +1.5295070e-03	 9.05e-01 Rejected	 338	 1302	
197	 5.4784224e-01	 -7.5537897e-04 +9.7013098e-04	 8.53e-01 Accepted	 339	 1262	
198	 5.4757538e-01	 -3.3180531e-03 +1.4417658e-03	 7.11e-01 Accepted	 333	 1325	
199	 5.4725050e-01	 -1.1233988e-03 +9.2096025e-04	 7.13e-01 Accepted	 338	 1283	
200	 5.4755389e-01	 -2.0852817e-03 -5.3212649e-04	 1.40e+00 Accepted	 341	 1288	
201	 5.4764042e-01	 -1.3033185e-03 -1.7478162e-04	 1.17e+00 Accepted	 338	 1289	
202	 5.4783259e-01	 +1.1259160e-03 -7.7626195e-04	 1.17e+00 Accepted	 336	 1280	
203	 5.4805344e-01	 -1.5279400e-03 +4.4639954e-04	 6.90e-01 Accepted	 333	 1288	
204	 5.4805344e-01	 -1.5279400e-03 +4.4639954e-04	 7.83e-01 Rejected	 333	 1291	
205	 5.4759239e-01	 -1.3773365e-03 +1.2729473e-03	 6.09e-01 Accepted	 335	 1291	
206	 5.4759401e-01	 +1.0178136e-03 +2.3122699e-03	 6.68e-01 Accepted	 334	 1273	
207	 5.4741625e-01	 -2.6423940e-04 -2.4625322e-04	 7.04e-01 Accepted	 333	 1329	
208	 5.4748970e-01	 -2.7648145e-04 -1.9872847e-04	 8.87e-01 Accepted	 332	 1261	
209	 5.4731730e-01	 -2.0385152e-03 -3.0653194e-04	 1.13e+00 Accepted	 326	 1241	
210	 5.4731730e-01	 -2.0385152e-03 -3.0653194e-04	 7.61e-01 Rejected	 323	 1290	
211	 5.4731730e-01	 -2.0385152e-03 -3.0653194e-04	 5.30e-01 Rejected	 325	 1239	
212	 5.4753880e-01	 -2.0341999e-03 -5.4019601e-05	 1.41e+00 Accepted	 326	 1285	
213	 5.4748696e-01	 -1.2828352e-03 +9.4524941e-04	 1.04e+00 Accepted	 327	 1244	
214	 5.4764371e-01	 +8.3040527e-04 -2.7663349e-03	 8.28e-01 Accepted	 327	 1275	
215	 5.4780273e-01	 +6.8981138e-04 +5.1475933e-04	 1.02e+00 Accepted	 333	 1276	
216	 5.4780273e-01	 +6.8981138e-04 +5.1475933e-04	 8.15e-01 Rejected	 336	 1290	
217	 5.4761125e-01	 +4.9331080e-04 -2.6617651e-03	 1.34e+00 Accepted	 337	 1303	
218	 5.4746621e-01	 +4.8538023e-04 -2.2753940e-03	 1.15e+00 Accepted	 333	 1288	
219	 5.4737795e-01	 -4.0747906e-03 +8.5632899e-04	 8.53e-01 Accepted	 332	 1233	
220	 5.4716672e-01	 -1.2587815e-04 +8.2877549e-05	 1.05e+00 Accepted	 331	 1298	
221	 5.4716672e-01	 -1.2587815e-04 +8.2877549e-05	 6.87e-01 Rejected	 333	 1252	
222	 5.4713472e-01	 -1.0666797e-03 +1.4593332e-03	 9.07e-01 Accepted	 338	 1300	
