# Starting_type: HotStart
# serial RNG seed: 	[41200 44145 49754 65237 20322]
# parallel RNG seed:	[25836 11005 40285 21735 25479]
# Trajectory_length / Number_of_MD_steps: 1 / 7
# 	 Plaquette	 Polyakov_Loop(re,im)	 Acc._Probability	 runtime_per_traj(s)	 CG_iterations	
1	 2.3291760e-01	 +8.3707389e-04 +1.8327379e-04	 3.75e+66 Accepted	 81	 974	
2	 3.3269180e-01	 +2.6266046e-03 -1.5075821e-03	 5.10e+39 Accepted	 107	 1249	
3	 3.9122134e-01	 -3.7378799e-03 +6.5649913e-04	 6.59e+23 Accepted	 119	 1377	
4	 4.3163620e-01	 +1.5545186e-03 -5.5801956e-05	 5.23e+17 Accepted	 127	 1447	
5	 4.6318014e-01	 -2.1295177e-03 +1.2050271e-04	 3.38e+12 Accepted	 129	 1480	
6	 4.8929002e-01	 -1.2190664e-03 -1.7238083e-03	 5.75e+10 Accepted	 132	 1499	
7	 5.1159194e-01	 +1.6783026e-03 +2.8777169e-03	 5.74e+08 Accepted	 131	 1495	
8	 5.3089602e-01	 +7.8459277e-05 +3.9008677e-04	 2.31e+07 Accepted	 133	 1512	
9	 5.4725360e-01	 -1.3484146e-03 -2.3218018e-03	 3.61e+05 Accepted	 131	 1481	
10	 5.6120537e-01	 +5.5705928e-04 +1.4514289e-03	 7.39e+04 Accepted	 132	 1489	
11	 5.7228313e-01	 +1.0915349e-04 +1.2558841e-03	 7.26e+03 Accepted	 129	 1438	
12	 5.8141909e-01	 -2.3072502e-03 +3.5978495e-03	 1.05e+03 Accepted	 130	 1401	
13	 5.8875043e-01	 +1.4197310e-03 +5.2573867e-04	 2.87e+02 Accepted	 125	 1403	
14	 5.9447218e-01	 -5.9414902e-04 -6.0130173e-04	 1.02e+02 Accepted	 126	 1367	
15	 5.9882115e-01	 -6.1655204e-04 -1.2800198e-03	 3.40e+01 Accepted	 121	 1321	
16	 6.0186839e-01	 +9.5016867e-04 +1.4610721e-04	 7.40e+00 Accepted	 120	 1298	
17	 6.0428567e-01	 -6.0874327e-04 -1.1665451e-03	 8.67e+00 Accepted	 117	 1267	
18	 6.0624535e-01	 -2.4678906e-03 -3.0871749e-03	 2.59e+00 Accepted	 118	 1289	
19	 6.0780007e-01	 -1.5874146e-03 +3.1881810e-03	 6.19e+00 Accepted	 118	 1223	
20	 6.0903042e-01	 -1.4267803e-04 +3.3702406e-04	 2.51e+00 Accepted	 115	 1214	
21	 6.0987039e-01	 -3.9039323e-04 +5.9570997e-04	 2.57e+00 Accepted	 112	 1171	
22	 6.1106960e-01	 +1.6800632e-03 -7.4263479e-04	 6.53e+00 Accepted	 112	 1194	
23	 6.1174053e-01	 +1.2747564e-05 -9.3975766e-04	 1.58e+00 Accepted	 109	 1163	
24	 6.1240611e-01	 -2.0638280e-03 +1.5342488e-03	 1.26e+00 Accepted	 112	 1140	
25	 6.1240611e-01	 -2.0638280e-03 +1.5342488e-03	 8.74e-01 Rejected	 109	 1130	
26	 6.1306922e-01	 -1.4499321e-04 +8.0207710e-04	 1.41e+00 Accepted	 112	 1223	
27	 6.1342103e-01	 +1.0521471e-03 +8.2961649e-05	 9.01e-01 Accepted	 111	 1146	
28	 6.1350863e-01	 -5.6477126e-04 -1.2217468e-03	 1.34e+00 Accepted	 109	 1124	
29	 6.1397686e-01	 -4.0094793e-04 -2.4024905e-03	 1.29e+00 Accepted	 105	 1134	
30	 6.1387788e-01	 -1.4241341e-03 +1.0633385e-03	 1.00e+00 Accepted	 107	 1104	
31	 6.1412543e-01	 -6.9885189e-04 -1.2480325e-03	 2.17e+00 Accepted	 105	 1142	
32	 6.1412543e-01	 -6.9885189e-04 -1.2480325e-03	 8.01e-01 Rejected	 108	 1149	
33	 6.1445586e-01	 -1.3053624e-03 +2.5062022e-04	 8.90e-01 Accepted	 105	 1111	
34	 6.1467078e-01	 -9.3108610e-04 +1.5761426e-03	 9.82e-01 Accepted	 106	 1094	
35	 6.1467431e-01	 -3.3662689e-03 -2.1883907e-03	 1.34e+00 Accepted	 104	 1102	
36	 6.1457630e-01	 -3.6602617e-03 -3.1587400e-03	 6.64e-01 Accepted	 106	 1090	
37	 6.1476467e-01	 -2.9100959e-03 +2.5944769e-04	 2.38e+00 Accepted	 105	 1133	
38	 6.1453138e-01	 -2.9204215e-04 -8.7287012e-04	 7.51e-01 Accepted	 108	 1087	
39	 6.1475443e-01	 +4.9279950e-04 -2.0781989e-03	 1.08e+00 Accepted	 104	 1097	
40	 6.1459322e-01	 -5.1718537e-04 -1.2046389e-04	 1.13e+00 Accepted	 107	 1122	
41	 6.1499669e-01	 -2.9805133e-03 -3.1235252e-04	 6.40e-01 Accepted	 109	 1134	
42	 6.1548309e-01	 +9.4643964e-04 -9.8501988e-04	 1.31e+00 Accepted	 112	 1184	
43	 6.1536570e-01	 +7.2237491e-05 -1.4096371e-03	 8.70e-01 Accepted	 108	 1126	
44	 6.1536570e-01	 +7.2237491e-05 -1.4096371e-03	 6.33e-01 Rejected	 106	 1078	
45	 6.1555172e-01	 +1.4818294e-03 -1.5483982e-03	 1.34e+00 Accepted	 108	 1159	
46	 6.1518749e-01	 -7.3802359e-04 +2.1801264e-03	 1.01e+00 Accepted	 109	 1091	
47	 6.1519645e-01	 -9.7887461e-04 +1.1894273e-03	 8.88e-01 Accepted	 104	 1091	
48	 6.1512598e-01	 -3.0876132e-04 -1.5864828e-03	 8.05e-01 Accepted	 105	 1079	
49	 6.1526466e-01	 +4.4349054e-04 +3.5955609e-03	 1.05e+00 Accepted	 103	 1082	
50	 6.1558642e-01	 +4.7222112e-03 +1.7135152e-04	 1.74e+00 Accepted	 105	 1077	
51	 6.1543183e-01	 +9.1834613e-04 +3.7074675e-04	 5.49e-01 Accepted	 103	 1078	
52	 6.1540040e-01	 -3.2390593e-04 +6.9892399e-04	 8.41e-01 Accepted	 104	 1072	
53	 6.1523624e-01	 -9.6933192e-04 +2.7028208e-03	 8.77e-01 Accepted	 104	 1074	
54	 6.1564136e-01	 +1.5414581e-04 +1.8511210e-03	 1.67e+00 Accepted	 105	 1072	
55	 6.1564808e-01	 -1.7187960e-04 +2.1849694e-03	 9.36e-01 Accepted	 104	 1071	
56	 6.1571032e-01	 +1.2967713e-03 +1.4275446e-03	 1.49e+00 Accepted	 106	 1075	
57	 6.1542648e-01	 +3.6516566e-04 +1.4544647e-03	 2.96e-01 Accepted	 105	 1078	
58	 6.1581094e-01	 -5.9394330e-05 +1.3555475e-03	 8.53e-01 Accepted	 105	 1072	
59	 6.1573161e-01	 -1.8063941e-03 +4.6967843e-04	 9.69e-01 Accepted	 104	 1078	
60	 6.1573161e-01	 -1.8063941e-03 +4.6967843e-04	 6.92e-01 Rejected	 106	 1070	
61	 6.1546522e-01	 -1.9316568e-04 +1.7931573e-03	 6.77e-01 Accepted	 105	 1073	
62	 6.1572369e-01	 +1.2381280e-04 +3.0314799e-03	 5.89e-01 Accepted	 109	 1071	
63	 6.1589305e-01	 -2.7848269e-03 +2.3191130e-03	 1.24e+00 Accepted	 106	 1072	
64	 6.1580833e-01	 +6.4573447e-04 -6.4466842e-04	 1.45e+00 Accepted	 109	 1070	
65	 6.1564142e-01	 -1.9040296e-03 -1.2919087e-03	 1.54e+00 Accepted	 108	 1070	
66	 6.1559896e-01	 -3.7691768e-04 -3.7374071e-04	 7.74e-01 Accepted	 112	 1070	
67	 6.1551498e-01	 +4.2295637e-04 +9.0496586e-04	 1.15e+00 Accepted	 102	 1069	
68	 6.1555723e-01	 +1.0689147e-03 +1.9447514e-03	 9.39e-01 Accepted	 104	 1067	
69	 6.1574166e-01	 +1.3878496e-04 +1.1670041e-03	 6.03e-01 Accepted	 102	 1076	
70	 6.1574166e-01	 +1.3878496e-04 +1.1670041e-03	 7.35e-01 Rejected	 104	 1068	
71	 6.1581629e-01	 +2.4039573e-03 -1.4283158e-03	 1.20e+00 Accepted	 102	 1071	
72	 6.1583142e-01	 -2.4828145e-04 +4.0579619e-04	 6.82e-01 Accepted	 104	 1072	
73	 6.1555344e-01	 +6.1993615e-04 +1.6359971e-03	 1.09e+00 Accepted	 103	 1069	
74	 6.1541264e-01	 +2.1335192e-03 +1.5907174e-03	 7.15e-01 Accepted	 105	 1072	
75	 6.1552109e-01	 +9.9077652e-04 +9.0112421e-04	 6.97e-01 Accepted	 103	 1070	
76	 6.1539108e-01	 +1.0171961e-03 +1.6178631e-03	 9.73e-01 Accepted	 104	 1072	
77	 6.1539108e-01	 +1.0171961e-03 +1.6178631e-03	 7.10e-01 Rejected	 105	 1074	
78	 6.1548403e-01	 -7.8245485e-04 -2.3934485e-03	 1.17e+00 Accepted	 107	 1073	
79	 6.1558538e-01	 +5.0714715e-05 +9.8964146e-04	 1.97e+00 Accepted	 105	 1078	
80	 6.1592212e-01	 +3.1501939e-03 +2.4526325e-03	 2.08e+00 Accepted	 107	 1083	
81	 6.1592212e-01	 +3.1501939e-03 +2.4526325e-03	 7.83e-01 Rejected	 106	 1073	
82	 6.1592212e-01	 +3.1501939e-03 +2.4526325e-03	 6.40e-01 Rejected	 107	 1073	
83	 6.1571929e-01	 -5.9049404e-04 -2.6676834e-03	 7.16e-01 Accepted	 106	 1073	
84	 6.1564263e-01	 -1.9782633e-03 -7.1445168e-04	 6.81e-01 Accepted	 109	 1079	
85	 6.1566487e-01	 +1.5519808e-03 -3.2820649e-04	 1.83e+00 Accepted	 106	 1074	
86	 6.1554113e-01	 +6.3357646e-04 -2.6807774e-04	 4.73e-01 Accepted	 111	 1073	
87	 6.1557558e-01	 +6.7625615e-04 +1.8929495e-03	 8.72e-01 Accepted	 107	 1070	
88	 6.1543863e-01	 +1.7993814e-03 -3.1723478e-03	 9.89e-01 Accepted	 112	 1077	
89	 6.1543863e-01	 +1.7993814e-03 -3.1723478e-03	 7.30e-01 Rejected	 111	 1061	
90	 6.1541262e-01	 -1.9125980e-03 -4.8589598e-04	 4.88e-01 Accepted	 113	 1073	
91	 6.1548531e-01	 -1.9203417e-03 -5.9137446e-04	 6.44e-01 Accepted	 102	 1087	
92	 6.1566708e-01	 +1.6420553e-03 +1.9991471e-03	 9.38e-01 Accepted	 105	 1070	
93	 6.1572167e-01	 -1.6143933e-03 +1.3435697e-03	 9.31e-01 Accepted	 102	 1071	
94	 6.1579167e-01	 +2.3784957e-03 +3.6002171e-03	 8.52e-01 Accepted	 104	 1081	
95	 6.1601086e-01	 -6.1094371e-04 +2.5521862e-03	 2.21e+00 Accepted	 103	 1082	
96	 6.1601086e-01	 -6.1094371e-04 +2.5521862e-03	 7.54e-01 Rejected	 105	 1090	
97	 6.1557446e-01	 +2.1817809e-03 +1.9730415e-03	 7.15e-01 Accepted	 102	 1069	
98	 6.1581908e-01	 +1.1497882e-03 +3.3995543e-03	 2.02e+00 Accepted	 105	 1076	
99	 6.1589959e-01	 +2.6293217e-04 +3.5084559e-03	 1.60e+00 Accepted	 103	 1071	
100	 6.1601403e-01	 +8.1074137e-04 +1.1822668e-03	 9.63e-01 Accepted	 105	 1068	
101	 6.1578911e-01	 -2.3562037e-03 +1.1780332e-03	 1.46e+00 Accepted	 105	 1066	
102	 6.1587736e-01	 -3.2933224e-03 +2.2477980e-03	 1.91e+00 Accepted	 107	 1068	
103	 6.1607876e-01	 +4.7814290e-04 +2.8025594e-03	 1.03e+00 Accepted	 105	 1071	
104	 6.1605359e-01	 -2.8220830e-03 +6.9773559e-04	 1.29e+00 Accepted	 106	 1061	
105	 6.1600535e-01	 +3.3277938e-04 +1.5346187e-03	 1.32e+00 Accepted	 105	 1068	
106	 6.1598182e-01	 -9.9322483e-04 +2.8731750e-03	 1.27e+00 Accepted	 107	 1068	
107	 6.1596872e-01	 -2.6540982e-04 +3.1121513e-03	 1.00e+00 Accepted	 107	 1072	
108	 6.1596872e-01	 -2.6540982e-04 +3.1121513e-03	 8.76e-01 Rejected	 111	 1068	
109	 6.1607739e-01	 +3.3194968e-03 -1.7023308e-04	 9.02e-01 Accepted	 108	 1065	
110	 6.1595354e-01	 +1.3248002e-03 +2.1566754e-03	 2.26e+00 Accepted	 113	 1058	
111	 6.1595354e-01	 +1.3248002e-03 +2.1566754e-03	 6.34e-01 Rejected	 111	 1062	
112	 6.1597346e-01	 +1.1762209e-03 +3.1934474e-03	 9.63e-01 Accepted	 115	 1061	
113	 6.1602189e-01	 -6.8477675e-04 +3.1934805e-03	 5.96e-01 Accepted	 115	 1066	
114	 6.1614452e-01	 +8.9977985e-04 -2.9197499e-03	 1.61e+00 Accepted	 113	 1055	
115	 6.1616439e-01	 +1.4295546e-03 +7.7541036e-04	 9.84e-01 Accepted	 102	 1062	
116	 6.1607151e-01	 -3.9100521e-05 +1.0834991e-03	 8.31e-01 Accepted	 106	 1068	
117	 6.1568725e-01	 -1.5324138e-03 -1.3918897e-03	 6.35e-01 Accepted	 102	 1068	
118	 6.1582896e-01	 +1.9991673e-04 +6.4035521e-04	 7.40e-01 Accepted	 104	 1068	
119	 6.1574605e-01	 -1.0024799e-03 -1.1919106e-03	 1.41e+00 Accepted	 103	 1067	
120	 6.1574711e-01	 -1.7366829e-03 -7.4576732e-04	 8.80e-01 Accepted	 104	 1071	
121	 6.1559080e-01	 +1.2352817e-03 +2.8928944e-04	 1.14e+00 Accepted	 103	 1075	
122	 6.1558942e-01	 -4.5306405e-04 +4.2189488e-03	 1.07e+00 Accepted	 104	 1062	
123	 6.1548549e-01	 +2.0511499e-03 +1.4616257e-03	 1.77e+00 Accepted	 102	 1062	
124	 6.1558286e-01	 +8.9355708e-04 +1.9398614e-03	 7.24e-01 Accepted	 104	 1061	
125	 6.1585751e-01	 +2.6190829e-03 +7.4051963e-04	 7.72e-01 Accepted	 104	 1061	
126	 6.1549008e-01	 +3.4471677e-04 +3.7376710e-03	 9.66e-01 Accepted	 107	 1067	
127	 6.1561876e-01	 -1.0198366e-03 +1.3983185e-03	 1.23e+00 Accepted	 104	 1067	
128	 6.1585391e-01	 +2.4148212e-04 +2.8193184e-03	 7.91e-01 Accepted	 107	 1068	
129	 6.1570201e-01	 +5.3597023e-05 +2.3224513e-03	 7.28e-01 Accepted	 106	 1054	
130	 6.1569038e-01	 -1.4780499e-03 +2.8372375e-04	 9.89e-01 Accepted	 107	 1058	
131	 6.1569038e-01	 -1.4780499e-03 +2.8372375e-04	 3.60e-01 Rejected	 108	 1071	
132	 6.1590326e-01	 +1.2708969e-03 -1.3347191e-03	 1.08e+00 Accepted	 110	 1065	
133	 6.1609617e-01	 -3.0770422e-03 +8.4395231e-04	 1.11e+00 Accepted	 109	 1070	
134	 6.1605778e-01	 -1.1348859e-03 +7.0419915e-04	 8.74e-01 Accepted	 112	 1063	
135	 6.1617811e-01	 -9.5765231e-04 +1.3799048e-03	 1.21e+00 Accepted	 112	 1060	
136	 6.1603234e-01	 +3.3803840e-03 +2.3635177e-03	 7.47e-01 Accepted	 118	 1067	
137	 6.1592824e-01	 -9.2641903e-04 +3.3358237e-03	 1.00e+00 Accepted	 111	 1069	
138	 6.1592824e-01	 -9.2641903e-04 +3.3358237e-03	 7.83e-01 Rejected	 113	 1061	
139	 6.1632035e-01	 +2.2143982e-04 -6.4803669e-05	 1.55e+00 Accepted	 102	 1068	
140	 6.1632486e-01	 -7.9454081e-04 +1.4923791e-03	 1.24e+00 Accepted	 104	 1071	
141	 6.1618312e-01	 -2.2067723e-04 -2.3796390e-04	 1.43e+00 Accepted	 102	 1058	
142	 6.1615279e-01	 +2.4199654e-03 -1.0780855e-03	 8.30e-01 Accepted	 103	 1061	
143	 6.1599748e-01	 -5.4879365e-04 +1.7362850e-04	 5.37e-01 Accepted	 102	 1062	
144	 6.1599748e-01	 -5.4879365e-04 +1.7362850e-04	 6.41e-01 Rejected	 104	 1057	
145	 6.1599748e-01	 -5.4879365e-04 +1.7362850e-04	 5.07e-01 Rejected	 103	 1067	
146	 6.1600814e-01	 +1.6110912e-03 +1.5302576e-03	 1.85e+00 Accepted	 104	 1075	
147	 6.1585512e-01	 -1.7670618e-03 +4.6692449e-04	 5.84e-01 Accepted	 103	 1068	
148	 6.1597755e-01	 +1.6481258e-03 +3.7261772e-03	 1.05e+00 Accepted	 105	 1061	
149	 6.1608938e-01	 -2.1135915e-03 +2.8999220e-03	 1.34e+00 Accepted	 104	 1078	
150	 6.1638070e-01	 -3.8737640e-04 +1.6630364e-03	 2.05e+00 Accepted	 107	 1072	
151	 6.1627974e-01	 +6.7709984e-04 -9.7056564e-04	 8.06e-01 Accepted	 105	 1070	
152	 6.1649444e-01	 -2.3051710e-03 +3.0744733e-03	 1.79e+00 Accepted	 107	 1066	
153	 6.1649444e-01	 -2.3051710e-03 +3.0744733e-03	 8.84e-01 Rejected	 105	 1058	
154	 6.1664727e-01	 -2.2957933e-03 +2.3175384e-03	 1.95e+00 Accepted	 107	 1071	
155	 6.1663216e-01	 +4.9888125e-04 +1.8777747e-03	 1.19e+00 Accepted	 107	 1074	
156	 6.1657199e-01	 +1.0880966e-03 +2.2167331e-03	 1.18e+00 Accepted	 111	 1059	
157	 6.1657199e-01	 +1.0880966e-03 +2.2167331e-03	 7.58e-01 Rejected	 108	 1065	
158	 6.1627712e-01	 -2.7451836e-03 -1.0067829e-03	 8.05e-01 Accepted	 113	 1063	
159	 6.1627712e-01	 -2.7451836e-03 -1.0067829e-03	 9.03e-01 Rejected	 111	 1060	
160	 6.1621445e-01	 -8.5503304e-04 +2.5277386e-03	 1.01e+00 Accepted	 119	 1061	
161	 6.1628967e-01	 -2.3824938e-03 +3.8863800e-03	 1.37e+00 Accepted	 109	 1060	
162	 6.1662065e-01	 -1.5285361e-03 +2.2354578e-04	 1.45e+00 Accepted	 115	 1054	
163	 6.1653379e-01	 -2.2908861e-04 +2.6754855e-03	 9.48e-01 Accepted	 103	 1063	
164	 6.1620034e-01	 -3.9820866e-04 +3.2949272e-03	 9.67e-01 Accepted	 104	 1059	
165	 6.1616618e-01	 -5.2979087e-04 +3.4849744e-03	 9.44e-01 Accepted	 102	 1055	
166	 6.1619456e-01	 -1.5117346e-03 +9.7358881e-04	 8.63e-01 Accepted	 103	 1047	
167	 6.1602491e-01	 -1.7465165e-03 +2.0036013e-03	 9.50e-01 Accepted	 101	 1052	
168	 6.1606028e-01	 -2.6323746e-03 +1.4706562e-03	 1.10e+00 Accepted	 103	 1046	
169	 6.1603465e-01	 +3.2597694e-04 -2.4182094e-03	 9.60e-01 Accepted	 102	 1043	
170	 6.1600048e-01	 +1.4792208e-03 -1.1625227e-03	 1.22e+00 Accepted	 103	 1049	
171	 6.1620511e-01	 -1.9557097e-03 +1.4339521e-03	 1.05e+00 Accepted	 102	 1042	
172	 6.1612635e-01	 +9.2205799e-04 +3.5171634e-03	 1.32e+00 Accepted	 104	 1057	
173	 6.1605957e-01	 -2.7859288e-03 +6.9581566e-04	 8.08e-01 Accepted	 104	 1054	
174	 6.1614832e-01	 -1.8114075e-03 +9.2752007e-04	 5.38e-01 Accepted	 105	 1044	
175	 6.1608576e-01	 -7.8217143e-04 +1.9495374e-03	 1.27e+00 Accepted	 105	 1053	
176	 6.1624120e-01	 +4.1526360e-04 -6.0822179e-05	 1.47e+00 Accepted	 105	 1047	
177	 6.1624120e-01	 +4.1526360e-04 -6.0822179e-05	 5.82e-01 Rejected	 106	 1045	
178	 6.1621020e-01	 +2.6587535e-03 -2.6167526e-03	 5.92e-01 Accepted	 107	 1061	
179	 6.1636258e-01	 +7.6476517e-04 -1.9386811e-03	 1.46e+00 Accepted	 107	 1042	
180	 6.1623980e-01	 +7.9523224e-04 -1.0350600e-03	 5.41e-01 Accepted	 111	 1068	
181	 6.1623980e-01	 +7.9523224e-04 -1.0350600e-03	 6.41e-01 Rejected	 108	 1059	
182	 6.1635965e-01	 -3.3922399e-04 -1.2929602e-03	 9.64e-01 Accepted	 112	 1053	
183	 6.1627624e-01	 -8.9927545e-04 -9.0140137e-04	 7.46e-01 Accepted	 110	 1053	
184	 6.1599533e-01	 +6.2072838e-04 +7.2044442e-04	 7.97e-01 Accepted	 115	 1053	
185	 6.1623416e-01	 -7.6768029e-04 +6.0948510e-04	 1.47e+00 Accepted	 116	 1048	
186	 6.1623416e-01	 -7.6768029e-04 +6.0948510e-04	 5.06e-01 Rejected	 116	 1057	
187	 6.1607725e-01	 +4.4793935e-04 +1.5719633e-03	 5.99e-01 Accepted	 104	 1054	
188	 6.1607621e-01	 +1.5418956e-03 -4.9423042e-04	 1.07e+00 Accepted	 103	 1062	
189	 6.1615466e-01	 -1.7334730e-03 -7.1835675e-05	 8.21e-01 Accepted	 101	 1057	
190	 6.1597312e-01	 +1.2197338e-03 -1.5550096e-03	 1.46e+00 Accepted	 103	 1061	
191	 6.1589325e-01	 +1.6727996e-03 -3.9720420e-03	 1.07e+00 Accepted	 102	 1053	
192	 6.1597269e-01	 +5.7739209e-03 -4.3653730e-04	 6.48e-01 Accepted	 103	 1059	
193	 6.1597269e-01	 +5.7739209e-03 -4.3653730e-04	 6.62e-01 Rejected	 101	 1059	
194	 6.1620592e-01	 +3.9783508e-03 -2.7254439e-03	 1.15e+00 Accepted	 103	 1066	
195	 6.1628287e-01	 +1.4410450e-03 +1.8343330e-03	 2.02e+00 Accepted	 102	 1061	
196	 6.1613572e-01	 +2.2045223e-03 -1.8036509e-03	 6.24e-01 Accepted	 103	 1040	
197	 6.1612726e-01	 +1.1745633e-03 +2.4646916e-03	 1.07e+00 Accepted	 103	 1055	
198	 6.1588589e-01	 +3.6973024e-03 +7.0733868e-04	 8.75e-01 Accepted	 105	 1051	
199	 6.1594283e-01	 +4.9847002e-04 -2.7149472e-03	 8.00e-01 Accepted	 104	 1054	
200	 6.1597760e-01	 -2.8955615e-04 -6.3719494e-04	 1.52e+00 Accepted	 106	 1059	
201	 6.1604565e-01	 -1.2736159e-03 -3.4219408e-05	 8.71e-01 Accepted	 104	 1061	
202	 6.1590921e-01	 +2.5755892e-04 -4.3509981e-03	 8.26e-01 Accepted	 106	 1056	
203	 6.1609662e-01	 +8.4165308e-04 +1.5852813e-04	 1.13e+00 Accepted	 106	 1051	
204	 6.1636404e-01	 -1.8845096e-03 -2.2289857e-03	 1.82e+00 Accepted	 110	 1043	
205	 6.1620980e-01	 +4.6649110e-04 -1.1138836e-04	 1.03e+00 Accepted	 107	 1043	
206	 6.1627486e-01	 -4.1078143e-03 +3.7434645e-04	 1.12e+00 Accepted	 111	 1047	
207	 6.1599034e-01	 -1.5295462e-03 -1.0789641e-03	 1.54e+00 Accepted	 111	 1047	
208	 6.1606702e-01	 -2.9755273e-03 +3.9034566e-04	 1.38e+00 Accepted	 116	 1040	
209	 6.1606062e-01	 +1.7854534e-03 -9.9444579e-04	 1.11e+00 Accepted	 118	 1023	
210	 6.1596697e-01	 +3.0825503e-03 -2.6064754e-03	 5.79e-01 Accepted	 116	 1045	
211	 6.1565895e-01	 -4.9196272e-05 -9.1996632e-04	 9.12e-01 Accepted	 108	 1043	
212	 6.1604479e-01	 -2.1334444e-03 -1.8212552e-04	 1.89e+00 Accepted	 104	 1045	
213	 6.1604479e-01	 -2.1334444e-03 -1.8212552e-04	 7.31e-01 Rejected	 101	 1049	
214	 6.1605634e-01	 +1.1631688e-03 +1.2450407e-03	 1.46e+00 Accepted	 103	 1051	
215	 6.1603863e-01	 +1.0407440e-03 -3.2921524e-03	 1.18e+00 Accepted	 101	 1042	
216	 6.1607066e-01	 -2.7062674e-03 +1.5600717e-03	 1.12e+00 Accepted	 103	 1039	
217	 6.1622784e-01	 +8.3250555e-04 +6.4076842e-04	 1.04e+00 Accepted	 101	 1037	
218	 6.1575977e-01	 -7.7107657e-04 +2.5533845e-03	 4.67e-01 Accepted	 103	 1037	
219	 6.1587081e-01	 +2.9618456e-03 +1.9382587e-03	 1.34e+00 Accepted	 101	 1035	
220	 6.1613969e-01	 +1.6727746e-03 -5.2595190e-05	 2.15e+00 Accepted	 103	 1041	
221	 6.1610766e-01	 -6.4855289e-04 -1.6652901e-03	 1.06e+00 Accepted	 102	 1037	
222	 6.1617780e-01	 -5.0559298e-05 -1.7982577e-05	 1.00e+00 Accepted	 105	 1032	
223	 6.1617780e-01	 -5.0559298e-05 -1.7982577e-05	 4.04e-01 Rejected	 104	 1034	
224	 6.1617780e-01	 -5.0559298e-05 -1.7982577e-05	 8.58e-01 Rejected	 106	 1042	
225	 6.1617780e-01	 -5.0559298e-05 -1.7982577e-05	 8.64e-01 Rejected	 104	 1026	
226	 6.1611327e-01	 -2.5470782e-04 -4.9478824e-04	 8.21e-01 Accepted	 106	 1035	
227	 6.1616740e-01	 +1.1408408e-03 +2.0298199e-05	 7.42e-01 Accepted	 104	 1037	
228	 6.1609386e-01	 +1.0734798e-05 -8.7323866e-04	 4.74e-01 Accepted	 109	 1049	
229	 6.1619698e-01	 +1.7086265e-03 +2.3500739e-03	 1.00e+00 Accepted	 108	 1038	
230	 6.1647227e-01	 -2.8649533e-04 -1.8012276e-03	 1.22e+00 Accepted	 110	 1055	
231	 6.1647595e-01	 +1.6896425e-04 -2.0980671e-03	 1.16e+00 Accepted	 110	 1073	
232	 6.1659769e-01	 +2.4245084e-03 -1.6503092e-03	 1.21e+00 Accepted	 113	 1070	
233	 6.1659769e-01	 +2.4245084e-03 -1.6503092e-03	 6.01e-01 Rejected	 121	 1048	
234	 6.1647421e-01	 +1.1741763e-03 -2.9598914e-03	 7.42e-01 Accepted	 118	 1071	
235	 6.1648094e-01	 +3.4478107e-04 -1.6021208e-03	 1.21e+00 Accepted	 113	 1071	
236	 6.1634472e-01	 -1.2504037e-03 +2.1693789e-03	 7.47e-01 Accepted	 108	 1039	
237	 6.1648918e-01	 +4.3534395e-03 +8.1087359e-04	 7.43e-01 Accepted	 101	 1049	
238	 6.1658893e-01	 -1.0546982e-03 -7.2517990e-05	 1.04e+00 Accepted	 104	 1045	
239	 6.1639735e-01	 +1.0452543e-03 +7.7310016e-04	 6.71e-01 Accepted	 101	 1037	
240	 6.1634488e-01	 +1.5784860e-03 -7.8199997e-04	 1.15e+00 Accepted	 103	 1042	
241	 6.1591736e-01	 +5.2015830e-04 +3.4575110e-04	 3.51e-01 Accepted	 106	 1047	
242	 6.1607906e-01	 -1.7929166e-03 +9.2091361e-04	 1.14e+00 Accepted	 104	 1041	
243	 6.1625668e-01	 +1.5960094e-03 -1.6158323e-03	 1.27e+00 Accepted	 101	 1045	
244	 6.1625668e-01	 +1.5960094e-03 -1.6158323e-03	 7.78e-01 Rejected	 103	 1047	
245	 6.1625668e-01	 +1.5960094e-03 -1.6158323e-03	 5.37e-01 Rejected	 102	 1036	
246	 6.1629399e-01	 +2.7641534e-03 -1.1284042e-03	 7.35e-01 Accepted	 105	 1041	
247	 6.1629399e-01	 +2.7641534e-03 -1.1284042e-03	 6.69e-01 Rejected	 103	 1038	
248	 6.1627686e-01	 -8.8990103e-04 -9.0478883e-04	 9.40e-01 Accepted	 106	 1048	
249	 6.1631744e-01	 +1.5350747e-03 +3.8454983e-04	 1.30e+00 Accepted	 104	 1042	
250	 6.1631241e-01	 +3.1674959e-04 -1.3318465e-03	 4.80e-01 Accepted	 107	 1045	
251	 6.1650676e-01	 -7.1423716e-04 +1.2986178e-04	 2.03e+00 Accepted	 105	 1051	
252	 6.1650676e-01	 -7.1423716e-04 +1.2986178e-04	 5.86e-01 Rejected	 110	 1055	
253	 6.1650676e-01	 -7.1423716e-04 +1.2986178e-04	 4.99e-01 Rejected	 108	 1052	
254	 6.1620419e-01	 -4.0342281e-03 -3.7420418e-04	 5.26e-01 Accepted	 110	 1059	
255	 6.1601508e-01	 -1.7798435e-04 -1.0459168e-03	 9.50e-01 Accepted	 109	 1051	
256	 6.1614133e-01	 -1.8865281e-03 -2.1798064e-03	 9.96e-01 Accepted	 113	 1035	
257	 6.1615114e-01	 -2.1214491e-03 +1.9783963e-05	 1.13e+00 Accepted	 119	 1049	
258	 6.1615114e-01	 -2.1214491e-03 +1.9783963e-05	 6.45e-01 Rejected	 115	 1053	
259	 6.1590599e-01	 -1.2619852e-03 -1.8316047e-03	 8.15e-01 Accepted	 116	 1048	
260	 6.1594323e-01	 -1.3643675e-03 -3.3012707e-03	 1.04e+00 Accepted	 112	 1043	
261	 6.1580432e-01	 -1.9904065e-03 -8.3174755e-04	 7.58e-01 Accepted	 103	 1044	
262	 6.1585002e-01	 -6.3163315e-04 -2.9292266e-04	 1.07e+00 Accepted	 103	 1039	
263	 6.1575809e-01	 -8.3029366e-04 +1.9605765e-05	 8.14e-01 Accepted	 102	 1032	
264	 6.1622315e-01	 +4.9848240e-05 +1.8923287e-03	 2.27e+00 Accepted	 103	 1047	
265	 6.1640329e-01	 +1.6921867e-03 -8.2103505e-04	 1.22e+00 Accepted	 101	 1030	
266	 6.1640329e-01	 +1.6921867e-03 -8.2103505e-04	 3.00e-01 Rejected	 103	 1043	
267	 6.1615426e-01	 +1.8454318e-03 -1.3253008e-03	 6.25e-01 Accepted	 102	 1037	
268	 6.1602526e-01	 +8.3214365e-04 -1.6655711e-04	 9.65e-01 Accepted	 104	 1035	
269	 6.1618454e-01	 +2.1644506e-03 -1.8306360e-03	 6.42e-01 Accepted	 102	 1051	
270	 6.1591203e-01	 -4.0256836e-04 -9.5829421e-04	 1.71e+00 Accepted	 104	 1035	
271	 6.1575692e-01	 +1.5348170e-03 -1.6363532e-03	 1.64e+00 Accepted	 104	 1046	
272	 6.1583326e-01	 +1.5303132e-04 -3.0932385e-03	 9.45e-01 Accepted	 107	 1040	
273	 6.1570770e-01	 -1.0226446e-04 -3.7640844e-03	 5.40e-01 Accepted	 104	 1040	
274	 6.1583535e-01	 +3.1885050e-03 -1.2450967e-03	 1.02e+00 Accepted	 106	 1031	
275	 6.1593902e-01	 -1.1642997e-04 -1.6189271e-03	 1.24e+00 Accepted	 104	 1046	
276	 6.1597779e-01	 +4.0457965e-03 -1.6984439e-03	 1.01e+00 Accepted	 107	 1026	
277	 6.1597779e-01	 +4.0457965e-03 -1.6984439e-03	 7.06e-01 Rejected	 106	 1046	
278	 6.1603961e-01	 +1.3439020e-03 -5.1195995e-04	 1.09e+00 Accepted	 108	 1046	
279	 6.1591895e-01	 -2.4589517e-03 -7.2519970e-04	 6.84e-01 Accepted	 108	 1038	
280	 6.1593240e-01	 +9.3569153e-04 -4.9116745e-03	 7.94e-01 Accepted	 111	 1037	
281	 6.1587009e-01	 +1.1503890e-03 -1.5116865e-03	 1.86e+00 Accepted	 113	 1026	
282	 6.1612869e-01	 -1.2672821e-03 -2.4858978e-03	 7.34e-01 Accepted	 121	 1036	
283	 6.1616211e-01	 -1.1290510e-03 -2.8025622e-04	 1.26e+00 Accepted	 108	 1036	
284	 6.1610450e-01	 +2.2364667e-03 -2.8188351e-03	 5.60e-01 Accepted	 119	 1037	
285	 6.1620164e-01	 -1.7966661e-03 -4.8358734e-03	 1.45e+00 Accepted	 101	 1047	
286	 6.1619168e-01	 +1.1250437e-03 -6.8952829e-05	 8.07e-01 Accepted	 105	 1053	
287	 6.1631276e-01	 +3.8163322e-03 -3.2104104e-03	 1.23e+00 Accepted	 101	 1056	
288	 6.1631276e-01	 +3.8163322e-03 -3.2104104e-03	 5.44e-01 Rejected	 103	 1054	
289	 6.1643343e-01	 +1.3325354e-04 +2.1239446e-04	 1.61e+00 Accepted	 102	 1044	
290	 6.1634299e-01	 +8.2089909e-04 -3.9013276e-04	 6.34e-01 Accepted	 103	 1050	
291	 6.1622201e-01	 -3.1295156e-05 -4.7808090e-03	 1.01e+00 Accepted	 103	 1046	
292	 6.1642701e-01	 +1.2988028e-03 -2.0459528e-03	 8.62e-01 Accepted	 105	 1055	
293	 6.1621961e-01	 -7.0132858e-04 -2.2458941e-03	 6.26e-01 Accepted	 103	 1052	
294	 6.1599843e-01	 -1.8298388e-03 -3.1201683e-03	 1.91e+00 Accepted	 105	 1038	
295	 6.1612304e-01	 +3.2667042e-03 -1.6405250e-03	 1.47e+00 Accepted	 105	 1051	
296	 6.1623096e-01	 +2.6577890e-03 -1.4989286e-03	 8.42e-01 Accepted	 107	 1047	
297	 6.1604785e-01	 -7.7954587e-04 -3.2376472e-03	 7.23e-01 Accepted	 106	 1046	
298	 6.1596994e-01	 +1.3853983e-03 -2.6606849e-03	 7.16e-01 Accepted	 107	 1051	
299	 6.1599811e-01	 +1.0249212e-03 -1.9906429e-03	 2.12e+00 Accepted	 105	 1052	
300	 6.1614275e-01	 +2.5978892e-04 +1.4086719e-03	 1.26e+00 Accepted	 108	 1067	
301	 6.1615527e-01	 +3.7108155e-03 -2.1575307e-04	 1.12e+00 Accepted	 109	 1057	
302	 6.1628141e-01	 +6.7841771e-04 -1.2325854e-03	 1.10e+00 Accepted	 111	 1053	
303	 6.1628141e-01	 +6.7841771e-04 -1.2325854e-03	 4.75e-01 Rejected	 109	 1046	
304	 6.1653374e-01	 +2.1136555e-03 -6.2441256e-03	 9.81e-01 Accepted	 112	 1039	
305	 6.1640653e-01	 +3.3198784e-03 -3.4755461e-03	 1.06e+00 Accepted	 110	 1039	
306	 6.1676524e-01	 +9.4292288e-04 -6.5543763e-04	 1.63e+00 Accepted	 123	 1051	
307	 6.1656242e-01	 -3.0872032e-04 -2.3712770e-03	 1.00e+00 Accepted	 108	 1036	
308	 6.1656242e-01	 -3.0872032e-04 -2.3712770e-03	 7.48e-01 Rejected	 120	 1046	
309	 6.1611796e-01	 +8.0179272e-04 -3.3774660e-03	 4.29e-01 Accepted	 106	 1042	
310	 6.1624423e-01	 +2.0149097e-03 -1.4962422e-03	 2.27e+00 Accepted	 105	 1035	
311	 6.1623365e-01	 +7.3446082e-04 -2.6186601e-03	 9.72e-01 Accepted	 101	 1055	
312	 6.1628939e-01	 +2.4446161e-03 -1.2585397e-03	 7.73e-01 Accepted	 103	 1063	
313	 6.1629425e-01	 +4.3422368e-03 -2.5550540e-03	 7.39e-01 Accepted	 102	 1051	
314	 6.1616184e-01	 +1.7822786e-03 -2.4258613e-03	 7.63e-01 Accepted	 105	 1048	
315	 6.1626395e-01	 +2.8636189e-03 -3.2794059e-03	 8.51e-01 Accepted	 102	 1050	
316	 6.1617076e-01	 -1.5156382e-04 -6.5061331e-04	 4.76e-01 Accepted	 104	 1047	
317	 6.1626370e-01	 -3.0899565e-04 -4.0836092e-03	 8.55e-01 Accepted	 102	 1035	
318	 6.1647016e-01	 -3.7599609e-04 -4.4870655e-03	 1.24e+00 Accepted	 103	 1055	
319	 6.1647016e-01	 -3.7599609e-04 -4.4870655e-03	 6.03e-01 Rejected	 101	 1030	
320	 6.1647016e-01	 -3.7599609e-04 -4.4870655e-03	 6.84e-01 Rejected	 105	 1036	
321	 6.1647202e-01	 +9.5922312e-04 -2.4996388e-03	 5.78e-01 Accepted	 104	 1054	
322	 6.1648904e-01	 -4.5059369e-04 -3.7200678e-03	 1.12e+00 Accepted	 105	 1045	
323	 6.1637179e-01	 +5.6573187e-04 -1.9478134e-03	 6.85e-01 Accepted	 104	 1040	
324	 6.1646908e-01	 -2.2324168e-03 -4.2797872e-03	 8.43e-01 Accepted	 106	 1051	
325	 6.1621247e-01	 -8.2361644e-04 -5.2036840e-03	 1.03e+00 Accepted	 106	 1058	
326	 6.1638172e-01	 +5.8398302e-04 -3.1068615e-04	 3.39e-01 Accepted	 110	 1045	
327	 6.1628396e-01	 -7.5415485e-05 -6.2594503e-03	 9.38e-01 Accepted	 107	 1047	
328	 6.1626350e-01	 -3.6498799e-04 -3.1343388e-03	 1.08e+00 Accepted	 111	 1042	
329	 6.1629914e-01	 +7.2779124e-04 -2.8869341e-03	 5.54e-01 Accepted	 110	 1050	
330	 6.1629914e-01	 +7.2779124e-04 -2.8869341e-03	 8.45e-01 Rejected	 117	 1055	
331	 6.1638712e-01	 -1.4751383e-06 -3.5769104e-03	 1.19e+00 Accepted	 120	 1038	
332	 6.1628149e-01	 +4.8562388e-04 -1.9322525e-03	 1.44e+00 Accepted	 118	 1042	
333	 6.1633945e-01	 -6.8123134e-04 -4.9303396e-03	 8.46e-01 Accepted	 111	 1052	
334	 6.1633945e-01	 -6.8123134e-04 -4.9303396e-03	 6.29e-01 Rejected	 110	 1040	
335	 6.1633945e-01	 -6.8123134e-04 -4.9303396e-03	 6.15e-01 Rejected	 102	 1050	
336	 6.1639455e-01	 +1.4938698e-03 -1.7386919e-03	 2.41e+00 Accepted	 104	 1048	
337	 6.1653993e-01	 +4.6197365e-04 -2.0505665e-03	 4.90e-01 Accepted	 101	 1044	
338	 6.1653928e-01	 -6.4843359e-04 -8.5790962e-04	 1.44e+00 Accepted	 104	 1044	
339	 6.1653928e-01	 -6.4843359e-04 -8.5790962e-04	 7.36e-01 Rejected	 102	 1051	
340	 6.1641671e-01	 +1.6516911e-03 -4.3050854e-03	 1.15e+00 Accepted	 105	 1054	
341	 6.1646536e-01	 -1.5290694e-03 -3.6038946e-03	 9.63e-01 Accepted	 103	 1059	
342	 6.1646536e-01	 -1.5290694e-03 -3.6038946e-03	 7.60e-01 Rejected	 103	 1048	
343	 6.1654145e-01	 +3.3779256e-04 -9.9191064e-04	 7.49e-01 Accepted	 103	 1063	
344	 6.1654145e-01	 +3.3779256e-04 -9.9191064e-04	 3.29e-01 Rejected	 107	 1061	
345	 6.1601607e-01	 +1.6689068e-03 -4.4847402e-03	 5.16e-01 Accepted	 105	 1053	
346	 6.1623893e-01	 -2.1095217e-03 -4.0942508e-03	 1.50e+00 Accepted	 107	 1046	
347	 6.1632895e-01	 +1.4558139e-03 -7.3725870e-04	 1.08e+00 Accepted	 104	 1045	
348	 6.1604475e-01	 -1.5965442e-03 -5.0816833e-03	 8.30e-01 Accepted	 107	 1046	
349	 6.1615189e-01	 -1.0365039e-03 -1.8091147e-03	 7.03e-01 Accepted	 105	 1047	
350	 6.1625987e-01	 +6.2079373e-04 -1.5767635e-03	 1.32e+00 Accepted	 111	 1048	
351	 6.1614451e-01	 +3.9147184e-03 +8.5820697e-04	 5.44e-01 Accepted	 109	 1062	
352	 6.1632786e-01	 +1.3113429e-03 +7.2974829e-04	 1.21e+00 Accepted	 110	 1057	
353	 6.1632786e-01	 +1.3113429e-03 +7.2974829e-04	 5.48e-01 Rejected	 109	 1022	
354	 6.1626667e-01	 +2.2968662e-03 -1.8187790e-03	 8.10e-01 Accepted	 112	 1052	
355	 6.1602798e-01	 +3.0260572e-03 -8.1679955e-04	 6.68e-01 Accepted	 127	 1059	
356	 6.1604683e-01	 +5.1336573e-04 -3.3454785e-03	 1.32e+00 Accepted	 115	 1044	
357	 6.1604683e-01	 +5.1336573e-04 -3.3454785e-03	 6.16e-01 Rejected	 117	 1049	
358	 6.1612387e-01	 +4.3241932e-04 +1.8435585e-03	 7.26e-01 Accepted	 112	 1043	
359	 6.1612387e-01	 +4.3241932e-04 +1.8435585e-03	 6.39e-01 Rejected	 102	 1056	
360	 6.1590737e-01	 -1.1284727e-03 -3.2123719e-03	 7.03e-01 Accepted	 104	 1054	
361	 6.1611672e-01	 +1.2839959e-03 -3.0666074e-03	 7.77e-01 Accepted	 102	 1048	
362	 6.1605996e-01	 -4.6361079e-04 -1.4273092e-03	 1.05e+00 Accepted	 103	 1047	
363	 6.1616911e-01	 +3.4386051e-03 -2.2615213e-03	 8.00e-01 Accepted	 103	 1046	
364	 6.1616911e-01	 +3.4386051e-03 -2.2615213e-03	 7.98e-01 Rejected	 104	 1039	
365	 6.1632953e-01	 +1.1608213e-03 -3.7449999e-03	 6.66e-01 Accepted	 102	 1042	
366	 6.1636404e-01	 -1.1197139e-03 -1.2908897e-03	 9.91e-01 Accepted	 103	 1039	
367	 6.1627014e-01	 -1.3587318e-03 -1.4437541e-03	 8.93e-01 Accepted	 102	 1042	
368	 6.1631168e-01	 +6.6189863e-04 -1.4183652e-03	 1.03e+00 Accepted	 104	 1044	
369	 6.1649383e-01	 +1.9512762e-03 -2.9694902e-03	 1.29e+00 Accepted	 103	 1041	
370	 6.1653160e-01	 -3.5341645e-04 -6.4343501e-03	 1.01e+00 Accepted	 105	 1038	
371	 6.1653160e-01	 -3.5341645e-04 -6.4343501e-03	 7.00e-01 Rejected	 103	 1047	
372	 6.1615461e-01	 +1.4235268e-03 -4.9950465e-03	 7.22e-01 Accepted	 105	 1034	
373	 6.1635369e-01	 +2.2620091e-03 -5.1995530e-03	 1.32e+00 Accepted	 105	 1043	
374	 6.1662320e-01	 -1.2092212e-03 -2.2094922e-03	 1.21e+00 Accepted	 109	 1034	
375	 6.1691153e-01	 -4.7069918e-04 -4.6070516e-03	 1.19e+00 Accepted	 107	 1040	
376	 6.1675043e-01	 -1.0914401e-03 -4.5672895e-03	 9.41e-01 Accepted	 109	 1044	
377	 6.1688240e-01	 -1.2679792e-03 -4.6956522e-03	 1.41e+00 Accepted	 107	 1039	
378	 6.1688240e-01	 -1.2679792e-03 -4.6956522e-03	 4.16e-01 Rejected	 113	 1046	
379	 6.1659545e-01	 +1.9828869e-03 -4.5200936e-03	 7.11e-01 Accepted	 115	 1035	
380	 6.1651216e-01	 +3.8439604e-04 -6.5213483e-03	 1.36e+00 Accepted	 126	 1045	
381	 6.1660187e-01	 -1.7488469e-03 -3.8763218e-03	 7.68e-01 Accepted	 109	 1050	
382	 6.1654797e-01	 -9.9245454e-04 -2.3490835e-03	 9.89e-01 Accepted	 121	 1047	
383	 6.1640910e-01	 +1.4180275e-03 -6.4554783e-03	 8.12e-01 Accepted	 103	 1042	
384	 6.1640910e-01	 +1.4180275e-03 -6.4554783e-03	 6.43e-01 Rejected	 104	 1036	
385	 6.1640910e-01	 +1.4180275e-03 -6.4554783e-03	 7.54e-01 Rejected	 100	 1029	
386	 6.1636253e-01	 -8.0996941e-04 -5.2221674e-03	 1.69e+00 Accepted	 102	 1046	
387	 6.1636253e-01	 -8.0996941e-04 -5.2221674e-03	 6.57e-01 Rejected	 101	 1027	
388	 6.1667943e-01	 +1.0103834e-03 -5.9436241e-03	 1.62e+00 Accepted	 102	 1040	
389	 6.1655356e-01	 -6.1496839e-04 -4.6886748e-03	 4.75e-01 Accepted	 102	 1027	
390	 6.1655356e-01	 -6.1496839e-04 -4.6886748e-03	 7.08e-01 Rejected	 103	 1047	
391	 6.1655356e-01	 -6.1496839e-04 -4.6886748e-03	 4.73e-01 Rejected	 101	 1056	
392	 6.1643181e-01	 +5.6691318e-04 -1.8863345e-03	 8.66e-01 Accepted	 103	 1048	
393	 6.1601157e-01	 +3.1458098e-03 -5.1157148e-03	 8.63e-01 Accepted	 104	 1057	
394	 6.1619739e-01	 -1.2751405e-03 -3.8260217e-03	 1.22e+00 Accepted	 106	 1041	
395	 6.1619739e-01	 -1.2751405e-03 -3.8260217e-03	 5.97e-01 Rejected	 104	 1050	
396	 6.1605297e-01	 -1.5824596e-04 -2.1401312e-03	 1.24e+00 Accepted	 106	 1049	
397	 6.1605297e-01	 -1.5824596e-04 -2.1401312e-03	 7.75e-01 Rejected	 104	 1048	
398	 6.1605297e-01	 -1.5824596e-04 -2.1401312e-03	 8.11e-01 Rejected	 107	 1055	
399	 6.1602022e-01	 +2.1818766e-04 -4.1570046e-03	 6.24e-01 Accepted	 107	 1044	
400	 6.1602289e-01	 +1.3006193e-03 -2.5622345e-03	 1.39e+00 Accepted	 110	 1043	
401	 6.1612067e-01	 -3.6420762e-05 -5.0536111e-03	 9.38e-01 Accepted	 106	 1050	
402	 6.1604814e-01	 -9.7637755e-04 -5.2892101e-03	 1.43e+00 Accepted	 112	 1049	
403	 6.1640414e-01	 -3.4904065e-03 -3.7730466e-03	 1.02e+00 Accepted	 108	 1049	
404	 6.1640414e-01	 -3.4904065e-03 -3.7730466e-03	 7.21e-01 Rejected	 129	 1052	
405	 6.1642690e-01	 +7.2435698e-04 -3.8227499e-03	 9.99e-01 Accepted	 111	 1045	
406	 6.1645546e-01	 -9.0234849e-04 -4.2843875e-03	 1.82e+00 Accepted	 122	 1040	
407	 6.1646918e-01	 +1.9857185e-03 -3.0905521e-03	 1.51e+00 Accepted	 106	 1039	
408	 6.1633920e-01	 -9.9290239e-04 -6.3592543e-03	 5.25e-01 Accepted	 109	 1037	
409	 6.1631867e-01	 -6.2809343e-04 -4.9264652e-03	 5.99e-01 Accepted	 102	 1046	
410	 6.1635906e-01	 +1.4458620e-03 -5.1602300e-03	 1.01e+00 Accepted	 103	 1044	
411	 6.1619450e-01	 -2.1595918e-03 -2.7864330e-03	 1.27e+00 Accepted	 101	 1040	
412	 6.1612752e-01	 +6.9291813e-04 -1.7079706e-03	 1.00e+00 Accepted	 104	 1036	
413	 6.1607401e-01	 +5.1955423e-04 -4.6470407e-03	 1.44e+00 Accepted	 101	 1040	
414	 6.1607401e-01	 +5.1955423e-04 -4.6470407e-03	 7.29e-01 Rejected	 104	 1038	
415	 6.1607401e-01	 +5.1955423e-04 -4.6470407e-03	 5.44e-01 Rejected	 102	 1041	
416	 6.1625408e-01	 -5.5882959e-04 -4.0814869e-03	 9.55e-01 Accepted	 105	 1045	
417	 6.1625408e-01	 -5.5882959e-04 -4.0814869e-03	 4.02e-01 Rejected	 104	 1047	
418	 6.1588546e-01	 -1.5475152e-04 -3.2758233e-03	 5.42e-01 Accepted	 106	 1036	
419	 6.1578684e-01	 -2.2571171e-03 -5.3319169e-03	 5.93e-01 Accepted	 105	 1043	
420	 6.1616271e-01	 +4.0082137e-05 -2.2828252e-03	 6.51e-01 Accepted	 105	 1047	
421	 6.1616271e-01	 +4.0082137e-05 -2.2828252e-03	 8.96e-01 Rejected	 105	 1046	
422	 6.1611771e-01	 -1.8988258e-04 -2.3047861e-03	 1.06e+00 Accepted	 107	 1047	
423	 6.1612146e-01	 +3.3481042e-04 -4.5756555e-03	 6.03e-01 Accepted	 106	 1032	
424	 6.1601636e-01	 +2.0300606e-03 -8.2922500e-04	 1.59e+00 Accepted	 109	 1040	
425	 6.1585801e-01	 -3.4052365e-04 -4.3520376e-03	 5.13e-01 Accepted	 107	 1043	
426	 6.1597666e-01	 +5.1679133e-04 -4.9550038e-03	 8.86e-01 Accepted	 110	 1043	
427	 6.1604760e-01	 +2.7800216e-03 -3.3825346e-03	 5.81e-01 Accepted	 109	 1050	
428	 6.1625858e-01	 +1.5682855e-03 -5.7365304e-03	 1.42e+00 Accepted	 115	 1047	
429	 6.1621125e-01	 +1.3955592e-04 -8.0281454e-03	 7.73e-01 Accepted	 121	 1049	
430	 6.1633933e-01	 -2.0693770e-03 -6.3388574e-03	 1.20e+00 Accepted	 119	 1053	
431	 6.1638226e-01	 -5.2085585e-04 -1.6717313e-03	 1.00e+00 Accepted	 112	 1045	
432	 6.1640157e-01	 -1.5253659e-03 -3.5562064e-03	 9.49e-01 Accepted	 114	 1048	
433	 6.1639430e-01	 +1.1656485e-04 -3.6883458e-03	 1.13e+00 Accepted	 103	 1050	
434	 6.1634062e-01	 +1.2392591e-03 -4.3695013e-03	 1.04e+00 Accepted	 106	 1052	
435	 6.1612352e-01	 +6.0509487e-04 -5.7201723e-03	 5.86e-01 Accepted	 102	 1050	
436	 6.1629857e-01	 +3.8954126e-04 -6.0581013e-03	 1.43e+00 Accepted	 103	 1062	
437	 6.1604556e-01	 +3.8790657e-03 -1.8880207e-03	 9.10e-01 Accepted	 104	 1049	
438	 6.1605676e-01	 -7.5036499e-04 -5.1563026e-03	 1.09e+00 Accepted	 104	 1048	
439	 6.1599668e-01	 -1.3009873e-03 -3.4709941e-03	 7.29e-01 Accepted	 102	 1050	
440	 6.1628041e-01	 -4.3301916e-04 -7.7513406e-03	 8.00e-01 Accepted	 103	 1051	
441	 6.1656988e-01	 -9.4908115e-04 -6.0598654e-03	 2.28e+00 Accepted	 102	 1054	
442	 6.1627163e-01	 +8.0094714e-04 -6.0814417e-03	 8.27e-01 Accepted	 105	 1040	
443	 6.1626462e-01	 -1.8173999e-03 -5.1007886e-03	 1.10e+00 Accepted	 104	 1049	
444	 6.1630369e-01	 -1.4518749e-03 -2.2542736e-03	 1.70e+00 Accepted	 106	 1054	
445	 6.1630369e-01	 -1.4518749e-03 -2.2542736e-03	 6.79e-01 Rejected	 104	 1042	
446	 6.1636431e-01	 -6.4922518e-04 -6.4612579e-03	 9.96e-01 Accepted	 108	 1055	
447	 6.1612000e-01	 -1.2795413e-03 -8.8328738e-03	 1.08e+00 Accepted	 107	 1056	
448	 6.1608493e-01	 +3.2183303e-03 -8.3286476e-03	 1.60e+00 Accepted	 110	 1044	
449	 6.1608493e-01	 +3.2183303e-03 -8.3286476e-03	 7.86e-01 Rejected	 110	 1048	
450	 6.1585642e-01	 -2.0089131e-03 -7.9485831e-03	 6.65e-01 Accepted	 110	 1046	
451	 6.1612822e-01	 +2.7441810e-03 -5.5589621e-03	 1.80e+00 Accepted	 111	 1059	
452	 6.1612822e-01	 +2.7441810e-03 -5.5589621e-03	 5.74e-01 Rejected	 112	 1054	
453	 6.1615729e-01	 -7.1233913e-04 -4.9603467e-03	 1.31e+00 Accepted	 118	 1062	
454	 6.1603308e-01	 -3.8227043e-03 -5.9600487e-03	 8.37e-01 Accepted	 127	 1049	
455	 6.1603308e-01	 -3.8227043e-03 -5.9600487e-03	 6.98e-01 Rejected	 123	 1052	
456	 6.1632649e-01	 -3.5968153e-03 -6.4329713e-03	 1.01e+00 Accepted	 117	 1048	
457	 6.1651228e-01	 -1.5196717e-03 -7.1639924e-03	 1.16e+00 Accepted	 107	 1047	
458	 6.1655836e-01	 -2.7769391e-03 -4.8427609e-03	 9.72e-01 Accepted	 110	 1051	
459	 6.1655836e-01	 -2.7769391e-03 -4.8427609e-03	 7.15e-01 Rejected	 110	 1044	
460	 6.1604116e-01	 -2.0370259e-03 -6.7308094e-03	 7.54e-01 Accepted	 116	 1048	
461	 6.1603637e-01	 -3.3240608e-03 -6.9766034e-03	 1.12e+00 Accepted	 131	 1049	
462	 6.1575425e-01	 +1.1142595e-04 -8.2508790e-03	 1.11e+00 Accepted	 169	 1048	
463	 6.1604763e-01	 -2.1678825e-04 -6.9953138e-03	 1.79e+00 Accepted	 276	 1042	
464	 6.1618608e-01	 +9.9423063e-04 -7.3706303e-03	 1.66e+00 Accepted	 347	 1053	
465	 6.1595159e-01	 +7.7742855e-04 -5.3955412e-03	 5.46e-01 Accepted	 362	 1043	
466	 6.1611008e-01	 -5.6770094e-04 -3.5709732e-03	 7.20e-01 Accepted	 413	 1045	
467	 6.1608582e-01	 -1.7938262e-03 -5.8021258e-03	 1.48e+00 Accepted	 490	 1041	
468	 6.1602547e-01	 -3.1667618e-03 -5.7302008e-03	 9.21e-01 Accepted	 489	 1034	
469	 6.1586727e-01	 -4.2740204e-03 -5.3503485e-03	 8.42e-01 Accepted	 542	 1037	
470	 6.1597526e-01	 -4.9421682e-04 -9.1498776e-03	 1.16e+00 Accepted	 566	 1032	
471	 6.1585766e-01	 +1.7541124e-03 -5.8999224e-03	 6.32e-01 Accepted	 601	 1026	
472	 6.1587655e-01	 -1.6790874e-03 -5.7742283e-03	 8.03e-01 Accepted	 618	 1024	
473	 6.1581876e-01	 -5.9954057e-04 -9.4177792e-03	 8.34e-01 Accepted	 652	 1037	
474	 6.1599817e-01	 -3.4807403e-03 -7.9723863e-03	 1.48e+00 Accepted	 708	 1041	
475	 6.1597312e-01	 -2.2958431e-03 -7.1489494e-03	 1.31e+00 Accepted	 748	 1038	
476	 6.1601926e-01	 -1.9810808e-03 -6.2836736e-03	 1.44e+00 Accepted	 743	 1027	
477	 6.1602854e-01	 -2.6702775e-03 -8.6525687e-03	 1.34e+00 Accepted	 777	 1029	
478	 6.1625367e-01	 -3.2609550e-03 -8.0304458e-03	 9.51e-01 Accepted	 749	 1026	
479	 6.1616427e-01	 -1.1649271e-03 -2.3850858e-03	 1.20e+00 Accepted	 781	 1033	
480	 6.1621482e-01	 -9.6245571e-04 -8.2646607e-03	 1.24e+00 Accepted	 776	 1038	
481	 6.1605121e-01	 -4.7031602e-03 -6.2314242e-03	 8.12e-01 Accepted	 785	 1035	
482	 6.1609939e-01	 -9.5336032e-04 -6.2400439e-03	 1.30e+00 Accepted	 779	 1030	
483	 6.1609939e-01	 -9.5336032e-04 -6.2400439e-03	 9.32e-01 Rejected	 784	 1037	
484	 6.1633036e-01	 -3.4227099e-03 -1.0339806e-02	 8.58e-01 Accepted	 780	 1027	
485	 6.1623123e-01	 -1.2351102e-03 -7.2840748e-03	 9.44e-01 Accepted	 796	 1036	
486	 6.1606249e-01	 -2.4977192e-03 -7.7885721e-03	 6.72e-01 Accepted	 722	 1035	
487	 6.1588464e-01	 -6.1330210e-03 -6.5302852e-03	 9.30e-01 Accepted	 737	 1036	
488	 6.1590110e-01	 -1.5083683e-03 -5.1895964e-03	 6.63e-01 Accepted	 718	 1036	
489	 6.1600913e-01	 -2.0793455e-03 -5.4595977e-03	 1.15e+00 Accepted	 732	 1033	
490	 6.1595508e-01	 -4.1922458e-03 -9.1058175e-03	 1.11e+00 Accepted	 725	 1032	
# Starting_type: CheckpointStart
# Trajectory_length / Number_of_MD_steps: 1 / 7
# 	 Plaquette	 Polyakov_Loop(re,im)	 Acc._Probability	 runtime_per_traj(s)	 CG_iterations	
491	 6.1608489e-01	 -2.9363669e-03 -8.0658544e-03	 1.43e+00 Accepted	 95	 1034	
492	 6.1617407e-01	 -3.4529896e-03 -4.1245282e-03	 1.29e+00 Accepted	 101	 1043	
493	 6.1632276e-01	 -3.3030446e-03 -3.4145738e-03	 5.17e-01 Accepted	 98	 1048	
494	 6.1634019e-01	 -3.9796113e-03 -5.5162315e-03	 1.10e+00 Accepted	 100	 1048	
495	 6.1584292e-01	 -1.9114824e-03 -4.7376062e-03	 6.03e-01 Accepted	 100	 1045	
496	 6.1584292e-01	 -1.9114824e-03 -4.7376062e-03	 5.84e-01 Rejected	 101	 1051	
497	 6.1582423e-01	 +1.8204023e-04 -5.2304898e-03	 1.37e+00 Accepted	 99	 1040	
498	 6.1593437e-01	 -5.7311118e-03 -7.0427169e-03	 1.64e+00 Accepted	 101	 1049	
499	 6.1612852e-01	 -1.4217694e-03 -4.4594844e-03	 1.58e+00 Accepted	 99	 1031	
500	 6.1601912e-01	 -1.9288176e-03 -7.3120364e-03	 1.00e+00 Accepted	 100	 1038	
501	 6.1614690e-01	 -3.2900262e-03 -2.8263097e-03	 1.34e+00 Accepted	 99	 1036	
502	 6.1625049e-01	 -2.8056731e-03 -5.3093680e-03	 1.85e+00 Accepted	 100	 1043	
503	 6.1643544e-01	 -4.4451261e-03 -7.7638150e-03	 1.49e+00 Accepted	 98	 1041	
504	 6.1643300e-01	 -4.5749355e-04 -9.2166102e-03	 6.24e-01 Accepted	 100	 1043	
505	 6.1622770e-01	 -2.9015488e-03 -5.2421697e-03	 9.29e-01 Accepted	 99	 1026	
506	 6.1649620e-01	 -3.3802265e-03 -6.0598975e-03	 1.76e+00 Accepted	 101	 1036	
507	 6.1627592e-01	 -3.8234973e-03 -6.0404761e-03	 4.39e-01 Accepted	 98	 1032	
508	 6.1615625e-01	 -1.5824916e-03 -4.9010844e-03	 1.23e+00 Accepted	 100	 1028	
509	 6.1596133e-01	 -2.0211052e-03 -5.7558887e-03	 7.37e-01 Accepted	 99	 1029	
510	 6.1618389e-01	 -3.5350454e-04 -3.8099167e-03	 1.11e+00 Accepted	 101	 1015	
511	 6.1614614e-01	 -4.1945284e-03 -9.3663793e-03	 8.39e-01 Accepted	 98	 1026	
512	 6.1588093e-01	 -1.4705744e-03 -8.2367005e-03	 9.78e-01 Accepted	 100	 1017	
513	 6.1561270e-01	 -6.2284033e-04 -8.7225795e-03	 8.38e-01 Accepted	 98	 1018	
514	 6.1579241e-01	 -1.6982775e-03 -7.3698505e-03	 8.00e-01 Accepted	 100	 1013	
515	 6.1562370e-01	 -8.4811095e-04 -6.0122566e-03	 5.19e-01 Accepted	 98	 1023	
516	 6.1589991e-01	 -2.8798387e-03 -5.8609376e-03	 1.47e+00 Accepted	 100	 1016	
517	 6.1589991e-01	 -2.8798387e-03 -5.8609376e-03	 5.22e-01 Rejected	 98	 1005	
518	 6.1585145e-01	 -3.1120338e-03 -4.8625940e-03	 1.08e+00 Accepted	 100	 1019	
519	 6.1592440e-01	 +2.8764363e-03 -6.5821562e-03	 6.77e-01 Accepted	 99	 1023	
520	 6.1589739e-01	 +7.1010096e-05 -5.8833456e-03	 7.48e-01 Accepted	 100	 1018	
521	 6.1583453e-01	 -2.1393810e-03 -6.9642269e-03	 8.71e-01 Accepted	 99	 1024	
522	 6.1586860e-01	 -1.9867781e-03 -4.8001369e-03	 1.04e+00 Accepted	 101	 1024	
523	 6.1605355e-01	 -2.4574050e-03 -7.3412258e-03	 9.72e-01 Accepted	 100	 1035	
524	 6.1605355e-01	 -2.4574050e-03 -7.3412258e-03	 5.71e-01 Rejected	 101	 1024	
525	 6.1623137e-01	 -2.5318060e-03 -7.2825623e-03	 7.43e-01 Accepted	 100	 1030	
# Starting_type: CheckpointStart
# Trajectory_length / Number_of_MD_steps: 1 / 7
# 	 Plaquette	 Polyakov_Loop(re,im)	 Acc._Probability	 runtime_per_traj(s)	 CG_iterations	
525	 6.1623137e-01	 -2.5318060e-03 -7.2825623e-03	 7.43e-01 Accepted	 92	 1030	
526	 6.1623137e-01	 -2.5318060e-03 -7.2825623e-03	 4.93e-01 Rejected	 94	 1031	
527	 6.1621998e-01	 -2.6620483e-03 -6.0777574e-03	 1.51e+00 Accepted	 92	 1019	
528	 6.1588567e-01	 -1.0016366e-03 -4.7638988e-03	 1.08e+00 Accepted	 93	 1030	
529	 6.1579442e-01	 -7.4058599e-04 -9.0661872e-03	 8.57e-01 Accepted	 93	 1027	
530	 6.1576077e-01	 +3.1560582e-03 -7.7682909e-03	 8.26e-01 Accepted	 94	 1026	
531	 6.1567265e-01	 -1.6090356e-03 -9.0219293e-03	 1.04e+00 Accepted	 92	 1023	
532	 6.1596763e-01	 -2.6067863e-03 -6.1121933e-03	 1.45e+00 Accepted	 94	 1034	
533	 6.1562618e-01	 -2.0502387e-03 -6.5862597e-03	 6.11e-01 Accepted	 93	 1039	
534	 6.1591183e-01	 -1.6334191e-03 -6.2432102e-03	 1.14e+00 Accepted	 95	 1038	
535	 6.1628678e-01	 +6.7505141e-04 -8.1246948e-03	 2.01e+00 Accepted	 93	 1037	
536	 6.1606492e-01	 +2.3326751e-03 -4.4440581e-03	 1.03e+00 Accepted	 94	 1030	
537	 6.1605097e-01	 -1.3073406e-03 -7.4338102e-03	 1.10e+00 Accepted	 93	 1023	
538	 6.1639835e-01	 -3.0931915e-03 -8.2682056e-03	 1.48e+00 Accepted	 94	 1021	
539	 6.1651500e-01	 +7.1622272e-04 -7.7514577e-03	 8.94e-01 Accepted	 93	 1037	
540	 6.1637818e-01	 +9.7223533e-04 -5.8268415e-03	 1.15e+00 Accepted	 94	 1029	
541	 6.1645141e-01	 +1.5726288e-03 -5.7252822e-03	 1.23e+00 Accepted	 92	 1041	
542	 6.1636065e-01	 -1.1095629e-03 -8.7977504e-03	 9.63e-01 Accepted	 94	 1027	
543	 6.1632349e-01	 +4.8496701e-05 -7.5685301e-03	 8.24e-01 Accepted	 93	 1033	
544	 6.1623764e-01	 -4.3403708e-05 -4.3329017e-03	 8.92e-01 Accepted	 94	 1029	
545	 6.1606218e-01	 -4.1586675e-04 -6.8590891e-03	 9.62e-01 Accepted	 92	 1032	
546	 6.1614788e-01	 -7.3301649e-04 -1.0842777e-02	 9.12e-01 Accepted	 94	 1027	
547	 6.1593071e-01	 -7.4224698e-04 -6.8526210e-03	 9.09e-01 Accepted	 92	 1021	
548	 6.1567262e-01	 -4.5173196e-03 -9.6549288e-03	 1.39e+00 Accepted	 94	 1033	
549	 6.1594488e-01	 -3.2043781e-03 -7.7959253e-03	 1.11e+00 Accepted	 92	 1019	
550	 6.1591782e-01	 -2.7173487e-03 -7.1239895e-03	 8.01e-01 Accepted	 94	 1024	
551	 6.1618955e-01	 -7.3784390e-04 -8.0834054e-03	 4.62e-01 Accepted	 93	 1031	
552	 6.1642505e-01	 +3.2866215e-04 -1.1109276e-02	 9.61e-01 Accepted	 94	 1023	
553	 6.1623701e-01	 +1.7659266e-04 -8.3444587e-03	 6.75e-01 Accepted	 93	 1028	
554	 6.1618260e-01	 -4.3971994e-04 -7.7702350e-03	 1.05e+00 Accepted	 94	 1022	
555	 6.1618260e-01	 -4.3971994e-04 -7.7702350e-03	 5.14e-01 Rejected	 93	 1019	
556	 6.1622334e-01	 +7.4859925e-04 -9.8543446e-03	 9.50e-01 Accepted	 95	 1017	
557	 6.1619992e-01	 -3.2976491e-03 -7.4379978e-03	 1.12e+00 Accepted	 93	 1031	
558	 6.1619992e-01	 -3.2976491e-03 -7.4379978e-03	 8.27e-01 Rejected	 95	 1027	
559	 6.1623084e-01	 +9.9202651e-04 -8.7816010e-03	 7.51e-01 Accepted	 94	 1022	
560	 6.1611998e-01	 +2.3812037e-03 -9.8478922e-03	 6.67e-01 Accepted	 96	 1031	
561	 6.1592085e-01	 +1.0111911e-03 -9.9750629e-03	 6.92e-01 Accepted	 93	 1019	
562	 6.1611646e-01	 +7.4270752e-04 -9.2643881e-03	 8.51e-01 Accepted	 96	 1023	
# Starting_type: CheckpointStart
# Trajectory_length / Number_of_MD_steps: 1 / 7
# 	 Plaquette	 Polyakov_Loop(re,im)	 Acc._Probability	 runtime_per_traj(s)	 CG_iterations	
563	 6.1614201e-01	 -2.5681392e-03 -6.1691997e-03	 9.22e-01 Accepted	 91	 1017	
564	 6.1588537e-01	 -3.0962045e-03 -1.0055269e-02	 1.64e+00 Accepted	 94	 1028	
565	 6.1619171e-01	 -2.9676568e-04 -1.1016470e-02	 9.08e-01 Accepted	 92	 1018	
566	 6.1619171e-01	 -2.9676568e-04 -1.1016470e-02	 3.11e-01 Rejected	 94	 1032	
567	 6.1597032e-01	 +1.2199581e-04 -8.8917139e-03	 6.52e-01 Accepted	 92	 1022	
568	 6.1604606e-01	 -6.5997633e-04 -8.7674375e-03	 6.76e-01 Accepted	 93	 1021	
569	 6.1602014e-01	 -3.4487037e-03 -8.9578156e-03	 1.21e+00 Accepted	 92	 1027	
570	 6.1605108e-01	 +2.8033147e-04 -7.3151663e-03	 1.73e+00 Accepted	 94	 1018	
571	 6.1628062e-01	 -1.9273398e-03 -8.9875714e-03	 1.68e+00 Accepted	 91	 1011	
572	 6.1638648e-01	 -3.0358559e-03 -9.9343577e-03	 1.04e+00 Accepted	 93	 1017	
573	 6.1643169e-01	 -1.5497564e-03 -1.1915023e-02	 1.52e+00 Accepted	 92	 1022	
574	 6.1626090e-01	 -1.5595703e-04 -9.9688820e-03	 1.22e+00 Accepted	 94	 1026	
575	 6.1644119e-01	 -1.6708898e-03 -1.0882405e-02	 1.33e+00 Accepted	 92	 1022	
576	 6.1602974e-01	 +9.1397366e-04 -7.5503457e-03	 5.44e-01 Accepted	 93	 1021	
577	 6.1616453e-01	 +5.0044572e-04 -1.1030208e-02	 1.01e+00 Accepted	 92	 1014	
578	 6.1626533e-01	 -6.3067156e-04 -8.2309578e-03	 2.56e+00 Accepted	 94	 1025	
579	 6.1628690e-01	 +1.8271245e-04 -6.8373904e-03	 7.80e-01 Accepted	 92	 1020	
580	 6.1629318e-01	 -3.2129460e-03 -7.1747229e-03	 7.58e-01 Accepted	 93	 1018	
581	 6.1640081e-01	 -3.1443212e-03 -9.0886148e-03	 9.85e-01 Accepted	 91	 1006	
582	 6.1649816e-01	 +3.6185845e-03 -1.0618614e-02	 1.33e+00 Accepted	 93	 1017	
583	 6.1632867e-01	 -6.5250171e-04 -7.9973319e-03	 9.37e-01 Accepted	 92	 1021	
584	 6.1623338e-01	 -2.7097781e-03 -6.3581784e-03	 2.05e+00 Accepted	 93	 1021	
585	 6.1624310e-01	 -3.3187129e-03 -7.9379769e-03	 1.03e+00 Accepted	 92	 1011	
586	 6.1654493e-01	 +1.7567056e-03 -1.1019364e-02	 9.61e-01 Accepted	 93	 1007	
587	 6.1638813e-01	 +8.7743178e-04 -9.3982457e-03	 1.00e+00 Accepted	 92	 1007	
588	 6.1661225e-01	 -1.5043324e-03 -8.4886022e-03	 1.08e+00 Accepted	 93	 1019	
589	 6.1661225e-01	 -1.5043324e-03 -8.4886022e-03	 6.81e-01 Rejected	 92	 1017	
590	 6.1640863e-01	 -1.7174477e-03 -8.0619606e-03	 8.35e-01 Accepted	 93	 1008	
591	 6.1640863e-01	 -1.7174477e-03 -8.0619606e-03	 6.92e-01 Rejected	 92	 1015	
592	 6.1640863e-01	 -1.7174477e-03 -8.0619606e-03	 4.67e-01 Rejected	 94	 1021	
593	 6.1631738e-01	 +1.5612356e-03 -6.6996774e-03	 9.37e-01 Accepted	 92	 1003	
594	 6.1617223e-01	 +1.1808576e-03 -6.8631276e-03	 1.13e+00 Accepted	 94	 1019	
595	 6.1617223e-01	 +1.1808576e-03 -6.8631276e-03	 2.91e-01 Rejected	 93	 1016	
596	 6.1632699e-01	 -8.7939291e-04 -8.9326870e-03	 9.79e-01 Accepted	 94	 1015	
597	 6.1616688e-01	 +7.8425231e-04 -5.2110457e-03	 9.77e-01 Accepted	 93	 1021	
598	 6.1599510e-01	 -2.6613374e-04 -7.6625164e-03	 1.29e+00 Accepted	 95	 1033	
599	 6.1604172e-01	 -2.7773466e-03 -1.0458122e-02	 1.18e+00 Accepted	 93	 1015	
600	 6.1615279e-01	 -5.3389971e-04 -6.5807276e-03	 1.04e+00 Accepted	 95	 1022	
# Starting_type: CheckpointStart
# Trajectory_length / Number_of_MD_steps: 1 / 7
# 	 Plaquette	 Polyakov_Loop(re,im)	 Acc._Probability	 runtime_per_traj(s)	 CG_iterations	
601	 6.1626633e-01	 -1.8771244e-03 -9.3630732e-03	 7.74e-01 Accepted	 90	 1012	
602	 6.1640601e-01	 -7.1113101e-04 -6.7865659e-03	 8.94e-01 Accepted	 92	 1019	
603	 6.1640601e-01	 -7.1113101e-04 -6.7865659e-03	 6.35e-01 Rejected	 92	 1018	
604	 6.1631489e-01	 +5.3477861e-04 -5.4165751e-03	 6.78e-01 Accepted	 95	 1021	
605	 6.1646905e-01	 +3.9438470e-04 -1.0354651e-02	 7.80e-01 Accepted	 94	 1031	
606	 6.1651314e-01	 +2.0845982e-03 -7.5981982e-03	 1.10e+00 Accepted	 95	 1008	
607	 6.1647931e-01	 -8.2579403e-04 -7.5054967e-03	 1.01e+00 Accepted	 93	 1010	
608	 6.1663455e-01	 -7.0006736e-04 -8.8006251e-03	 1.06e+00 Accepted	 95	 1021	
609	 6.1663455e-01	 -7.0006736e-04 -8.8006251e-03	 3.35e-01 Rejected	 94	 1029	
610	 6.1638786e-01	 -1.5784458e-03 -1.0842623e-02	 9.86e-01 Accepted	 96	 1020	
611	 6.1638786e-01	 -1.5784458e-03 -1.0842623e-02	 7.23e-01 Rejected	 94	 1021	
612	 6.1638786e-01	 -1.5784458e-03 -1.0842623e-02	 5.07e-01 Rejected	 95	 1019	
613	 6.1638786e-01	 -1.5784458e-03 -1.0842623e-02	 6.29e-01 Rejected	 94	 1018	
614	 6.1624485e-01	 -3.2432988e-03 -1.0235160e-02	 5.48e-01 Accepted	 95	 1020	
615	 6.1615275e-01	 -5.7861995e-04 -7.0694830e-03	 1.19e+00 Accepted	 94	 1019	
616	 6.1644516e-01	 -1.3060221e-03 -1.0919352e-02	 1.07e+00 Accepted	 95	 1015	
617	 6.1644516e-01	 -1.3060221e-03 -1.0919352e-02	 5.00e-01 Rejected	 94	 1011	
618	 6.1632552e-01	 -1.8261762e-03 -6.0675355e-03	 9.72e-01 Accepted	 95	 1011	
619	 6.1625336e-01	 -1.5266183e-03 -8.5764202e-03	 7.59e-01 Accepted	 93	 1011	
620	 6.1638910e-01	 +5.5127638e-04 -9.7372564e-03	 1.55e+00 Accepted	 95	 1020	
621	 6.1606522e-01	 +6.1764819e-05 -8.5052480e-03	 7.81e-01 Accepted	 94	 1012	
622	 6.1623101e-01	 -5.7726448e-04 -1.0220646e-02	 1.26e+00 Accepted	 95	 1014	
623	 6.1629461e-01	 -1.0053338e-03 -9.9139440e-03	 8.57e-01 Accepted	 93	 1018	
624	 6.1620341e-01	 -1.2864905e-03 -6.1548398e-03	 7.24e-01 Accepted	 96	 1017	
625	 6.1620341e-01	 -1.2864905e-03 -6.1548398e-03	 6.93e-01 Rejected	 94	 1016	
626	 6.1638658e-01	 -1.6475380e-03 -7.1924107e-03	 1.38e+00 Accepted	 96	 1024	
627	 6.1648099e-01	 -3.4042716e-03 -9.0418578e-03	 7.68e-01 Accepted	 94	 1021	
628	 6.1635223e-01	 +1.6104978e-03 -8.7811697e-03	 9.76e-01 Accepted	 96	 1016	
629	 6.1614266e-01	 -2.3004887e-03 -8.9786943e-03	 1.41e+00 Accepted	 94	 1020	
630	 6.1641979e-01	 -1.0956605e-04 -9.4062673e-03	 9.30e-01 Accepted	 96	 1014	
631	 6.1609098e-01	 -7.3458217e-04 -7.2942977e-03	 9.68e-01 Accepted	 94	 1018	
632	 6.1640297e-01	 -1.7234902e-03 -5.9590018e-03	 1.44e+00 Accepted	 96	 1008	
633	 6.1629521e-01	 -3.9991075e-04 -7.7077165e-03	 6.98e-01 Accepted	 95	 1019	
634	 6.1624394e-01	 +1.3671599e-03 -7.8038995e-03	 1.14e+00 Accepted	 96	 1019	
635	 6.1651148e-01	 +1.5015410e-03 -6.5981861e-03	 1.18e+00 Accepted	 95	 1014	
636	 6.1653313e-01	 +2.4852196e-04 -9.9182451e-03	 1.16e+00 Accepted	 97	 1016	
637	 6.1656793e-01	 +1.8793292e-03 -9.2946537e-03	 1.25e+00 Accepted	 95	 1013	
# Starting_type: CheckpointStart
# Trajectory_length / Number_of_MD_steps: 1 / 7
# 	 Plaquette	 Polyakov_Loop(re,im)	 Acc._Probability	 runtime_per_traj(s)	 CG_iterations	
637	 6.1656793e-01	 +1.8793292e-03 -9.2946537e-03	 1.25e+00 Accepted	 91	 1013	
638	 6.1662695e-01	 -1.2341420e-03 -8.8875564e-03	 7.91e-01 Accepted	 92	 1007	
639	 6.1660203e-01	 -6.2213305e-04 -1.3851656e-02	 8.93e-01 Accepted	 91	 1005	
640	 6.1605466e-01	 +2.0898455e-03 -6.4922320e-03	 5.17e-01 Accepted	 92	 1006	
641	 6.1616334e-01	 -7.4868775e-04 -9.0433964e-03	 1.37e+00 Accepted	 91	 996	
642	 6.1616334e-01	 -7.4868775e-04 -9.0433964e-03	 6.59e-01 Rejected	 93	 1006	
643	 6.1600617e-01	 -7.9621469e-04 -1.3052174e-02	 8.30e-01 Accepted	 91	 1014	
644	 6.1624992e-01	 +8.1371231e-04 -9.1934426e-03	 1.39e+00 Accepted	 99	 1006	
645	 6.1631349e-01	 -2.0510916e-04 -9.4457708e-03	 1.30e+00 Accepted	 98	 1008	
646	 6.1630076e-01	 -3.9159978e-03 -9.5286936e-03	 1.70e+00 Accepted	 99	 1009	
647	 6.1657251e-01	 -9.0673094e-04 -9.5094875e-03	 9.30e-01 Accepted	 98	 1005	
648	 6.1657251e-01	 -9.0673094e-04 -9.5094875e-03	 5.65e-01 Rejected	 99	 1009	
649	 6.1657251e-01	 -9.0673094e-04 -9.5094875e-03	 6.34e-01 Rejected	 99	 1015	
650	 6.1659022e-01	 -9.5700143e-04 -7.1020341e-03	 9.77e-01 Accepted	 100	 1003	
651	 6.1648979e-01	 +1.8242057e-03 -8.9822039e-03	 1.52e+00 Accepted	 95	 1017	
652	 6.1616364e-01	 +9.9192633e-04 -7.8711944e-03	 7.58e-01 Accepted	 93	 1005	
653	 6.1623219e-01	 -1.1030931e-03 -5.4676081e-03	 1.28e+00 Accepted	 91	 1007	
654	 6.1623219e-01	 -1.1030931e-03 -5.4676081e-03	 4.85e-01 Rejected	 92	 1007	
655	 6.1618046e-01	 +5.2351661e-04 -4.7237141e-03	 8.94e-01 Accepted	 91	 1012	
656	 6.1588524e-01	 -1.3252567e-03 -1.0392878e-02	 8.31e-01 Accepted	 93	 1007	
657	 6.1630274e-01	 +6.9654795e-04 -8.6515818e-03	 1.03e+00 Accepted	 91	 1007	
658	 6.1610972e-01	 -1.8218623e-03 -5.4076978e-03	 8.89e-01 Accepted	 92	 1009	
659	 6.1617672e-01	 -2.2723617e-03 -5.1483534e-03	 6.32e-01 Accepted	 91	 1015	
660	 6.1595649e-01	 +7.9041576e-04 -9.5394752e-03	 7.38e-01 Accepted	 92	 1008	
661	 6.1632374e-01	 +8.0556455e-04 -5.9817588e-03	 1.21e+00 Accepted	 91	 1004	
662	 6.1632015e-01	 -3.5885586e-03 -6.1223774e-03	 7.96e-01 Accepted	 93	 1010	
663	 6.1567842e-01	 -1.2316803e-03 -7.7750318e-03	 4.68e-01 Accepted	 92	 1003	
664	 6.1589158e-01	 +1.4331928e-03 -6.4256334e-03	 1.42e+00 Accepted	 93	 1017	
665	 6.1608915e-01	 -1.1738554e-03 -4.6752188e-03	 9.67e-01 Accepted	 91	 1016	
666	 6.1630533e-01	 -3.3759540e-04 -6.5454948e-03	 9.60e-01 Accepted	 93	 1019	
667	 6.1632457e-01	 -1.9323827e-03 -9.0462447e-03	 8.75e-01 Accepted	 92	 1018	
668	 6.1632457e-01	 -1.9323827e-03 -9.0462447e-03	 3.38e-01 Rejected	 94	 1018	
669	 6.1632457e-01	 -1.9323827e-03 -9.0462447e-03	 5.69e-01 Rejected	 93	 1010	
670	 6.1621362e-01	 -2.4899398e-03 -9.7480543e-03	 5.47e-01 Accepted	 96	 1018	
671	 6.1621799e-01	 -1.3247481e-03 -8.9495831e-03	 1.44e+00 Accepted	 99	 1015	
672	 6.1613941e-01	 -8.1290052e-04 -6.1363448e-03	 8.47e-01 Accepted	 101	 1015	
673	 6.1614122e-01	 +1.7246645e-03 -4.6396759e-03	 1.01e+00 Accepted	 100	 1022	
# Starting_type: CheckpointStart
# Trajectory_length / Number_of_MD_steps: 1 / 7
# 	 Plaquette	 Polyakov_Loop(re,im)	 Acc._Probability	 runtime_per_traj(s)	 CG_iterations	
673	 6.1614122e-01	 +1.7246645e-03 -4.6396759e-03	 1.01e+00 Accepted	 92	 1022	
674	 6.1593884e-01	 +2.4177512e-04 -8.3680224e-03	 7.91e-01 Accepted	 96	 1008	
675	 6.1586277e-01	 +1.5316082e-03 -6.1373968e-03	 8.31e-01 Accepted	 94	 1009	
676	 6.1610449e-01	 +1.4165844e-03 -5.3711311e-03	 1.70e+00 Accepted	 96	 1012	
677	 6.1622952e-01	 +1.5720218e-03 -6.6211253e-03	 1.20e+00 Accepted	 94	 1013	
678	 6.1610879e-01	 +1.6175377e-03 -7.8792229e-03	 1.78e+00 Accepted	 96	 1009	
679	 6.1610879e-01	 +1.6175377e-03 -7.8792229e-03	 4.79e-01 Rejected	 94	 1008	
680	 6.1607550e-01	 +8.6035620e-04 -4.7992746e-03	 7.20e-01 Accepted	 96	 1014	
681	 6.1615004e-01	 -3.5899522e-03 -5.6685969e-03	 9.58e-01 Accepted	 95	 1009	
682	 6.1615004e-01	 -3.5899522e-03 -5.6685969e-03	 6.79e-01 Rejected	 96	 1011	
683	 6.1628979e-01	 +2.0849467e-03 -8.4168689e-03	 6.21e-01 Accepted	 95	 1020	
684	 6.1613591e-01	 -1.3633824e-03 -1.1549598e-02	 8.89e-01 Accepted	 97	 1009	
685	 6.1613744e-01	 +3.8032349e-03 -8.1853189e-03	 6.87e-01 Accepted	 95	 1009	
686	 6.1589944e-01	 -2.0595374e-03 -8.9083437e-03	 9.08e-01 Accepted	 97	 1018	
687	 6.1597844e-01	 +6.9102511e-05 -7.4586598e-03	 1.68e+00 Accepted	 95	 1018	
688	 6.1606210e-01	 -4.2215634e-04 -1.0660849e-02	 1.04e+00 Accepted	 96	 1016	
689	 6.1588410e-01	 +1.3359987e-03 -1.0533725e-02	 1.05e+00 Accepted	 95	 1007	
690	 6.1588410e-01	 +1.3359987e-03 -1.0533725e-02	 6.57e-01 Rejected	 96	 1025	
691	 6.1588102e-01	 +2.6133475e-04 -1.1912321e-02	 5.44e-01 Accepted	 95	 1019	
692	 6.1582236e-01	 +7.3309262e-04 -9.3985355e-03	 1.57e+00 Accepted	 96	 1018	
693	 6.1594994e-01	 +2.5608090e-03 -8.5922474e-03	 1.14e+00 Accepted	 95	 1024	
694	 6.1594994e-01	 +2.5608090e-03 -8.5922474e-03	 6.71e-01 Rejected	 97	 1020	
695	 6.1600961e-01	 -7.8144261e-04 -9.0797143e-03	 7.94e-01 Accepted	 95	 1015	
696	 6.1600961e-01	 -7.8144261e-04 -9.0797143e-03	 7.61e-01 Rejected	 96	 1011	
697	 6.1609334e-01	 +1.5546790e-03 -6.4671403e-03	 1.27e+00 Accepted	 95	 1020	
698	 6.1619145e-01	 -1.1101771e-03 -5.8561091e-03	 1.38e+00 Accepted	 97	 1015	
699	 6.1619563e-01	 -5.1359989e-04 -6.9700013e-03	 8.59e-01 Accepted	 95	 1017	
700	 6.1626970e-01	 +2.2563612e-03 -6.3322621e-03	 7.60e-01 Accepted	 97	 1018	
701	 6.1624487e-01	 -2.1814932e-03 -9.3257302e-03	 7.81e-01 Accepted	 95	 1014	
702	 6.1624487e-01	 -2.1814932e-03 -9.3257302e-03	 5.11e-01 Rejected	 97	 1019	
703	 6.1628178e-01	 +4.3681829e-04 -6.0024128e-03	 8.36e-01 Accepted	 95	 1020	
704	 6.1607494e-01	 +1.9490861e-04 -8.0320221e-03	 1.00e+00 Accepted	 97	 1014	
705	 6.1606927e-01	 +7.0894926e-05 -6.9602967e-03	 8.19e-01 Accepted	 96	 1024	
706	 6.1608905e-01	 +8.4792331e-04 -7.1376876e-03	 1.16e+00 Accepted	 98	 1021	
707	 6.1608905e-01	 +8.4792331e-04 -7.1376876e-03	 6.72e-01 Rejected	 96	 1029	
708	 6.1605548e-01	 +2.3916621e-04 -1.0303523e-02	 7.31e-01 Accepted	 98	 1032	
709	 6.1605548e-01	 +2.3916621e-04 -1.0303523e-02	 6.23e-01 Rejected	 97	 1037	
# Starting_type: CheckpointStart
# Trajectory_length / Number_of_MD_steps: 1 / 7
# 	 Plaquette	 Polyakov_Loop(re,im)	 Acc._Probability	 runtime_per_traj(s)	 CG_iterations	
709	 6.1605548e-01	 +2.3916621e-04 -1.0303523e-02	 6.23e-01 Rejected	 92	 1037	
710	 6.1608127e-01	 -1.0090158e-03 -8.8529379e-03	 6.65e-01 Accepted	 94	 1027	
711	 6.1596566e-01	 -8.5056132e-04 -6.8405561e-03	 7.03e-01 Accepted	 93	 1025	
712	 6.1585721e-01	 -1.1174883e-03 -5.5732363e-03	 6.37e-01 Accepted	 95	 1030	
713	 6.1626404e-01	 -1.7241794e-03 -8.9390823e-03	 1.35e+00 Accepted	 92	 1026	
714	 6.1626404e-01	 -1.7241794e-03 -8.9390823e-03	 8.35e-01 Rejected	 95	 1031	
715	 6.1619948e-01	 -1.7554857e-03 -8.1030691e-03	 1.18e+00 Accepted	 93	 1035	
716	 6.1615523e-01	 +1.5460742e-03 -7.2964799e-03	 7.93e-01 Accepted	 94	 1036	
717	 6.1617426e-01	 +2.4523210e-03 -6.3371306e-03	 1.05e+00 Accepted	 93	 1026	
718	 6.1645483e-01	 +2.1581385e-03 -6.4926812e-03	 9.65e-01 Accepted	 95	 1021	
719	 6.1634309e-01	 -2.5286963e-03 -1.2167661e-02	 1.51e+00 Accepted	 93	 1035	
720	 6.1634309e-01	 -2.5286963e-03 -1.2167661e-02	 9.13e-01 Rejected	 94	 1033	
721	 6.1633097e-01	 -5.7686817e-04 -9.7770636e-03	 9.18e-01 Accepted	 93	 1038	
722	 6.1633097e-01	 -5.7686817e-04 -9.7770636e-03	 5.04e-01 Rejected	 94	 1036	
723	 6.1633097e-01	 -5.7686817e-04 -9.7770636e-03	 6.78e-01 Rejected	 93	 1033	
724	 6.1613874e-01	 -3.3278094e-03 -7.2388724e-03	 5.27e-01 Accepted	 95	 1035	
725	 6.1607982e-01	 -1.9977751e-03 -5.2962295e-03	 8.31e-01 Accepted	 94	 1036	
726	 6.1638858e-01	 -2.4547963e-03 -3.3988702e-03	 1.60e+00 Accepted	 95	 1042	
727	 6.1651755e-01	 -6.4101480e-04 -8.8904701e-03	 1.13e+00 Accepted	 94	 1047	
728	 6.1628516e-01	 -4.2175716e-03 -4.6493655e-03	 5.26e-01 Accepted	 95	 1047	
729	 6.1608864e-01	 -1.0881133e-03 -5.4742363e-03	 1.48e+00 Accepted	 94	 1040	
730	 6.1597615e-01	 -2.6208208e-04 -4.1720366e-03	 1.52e+00 Accepted	 96	 1049	
731	 6.1597763e-01	 -1.8692549e-03 -4.2720456e-03	 7.07e-01 Accepted	 94	 1049	
732	 6.1598120e-01	 -3.3396361e-03 -6.6193441e-03	 5.50e-01 Accepted	 95	 1043	
733	 6.1600660e-01	 -8.1063053e-04 -5.8676875e-03	 1.23e+00 Accepted	 94	 1046	
734	 6.1590886e-01	 +7.0029609e-04 -3.8427414e-03	 1.61e+00 Accepted	 96	 1047	
735	 6.1619310e-01	 -1.0345483e-03 -5.9232561e-03	 1.48e+00 Accepted	 94	 1045	
736	 6.1625037e-01	 -3.1602129e-04 -6.7939783e-03	 7.29e-01 Accepted	 96	 1043	
737	 6.1591112e-01	 +2.1787896e-04 -7.7261844e-03	 6.18e-01 Accepted	 94	 1046	
738	 6.1587619e-01	 -1.2219024e-03 -8.1842756e-03	 9.85e-01 Accepted	 96	 1042	
739	 6.1587665e-01	 -4.5293881e-04 -3.0015291e-03	 1.05e+00 Accepted	 94	 1043	
740	 6.1553570e-01	 -2.5236054e-03 -5.1314361e-03	 1.05e+00 Accepted	 96	 1039	
741	 6.1567568e-01	 -2.1610821e-03 -3.9776709e-03	 1.39e+00 Accepted	 94	 1034	
742	 6.1579319e-01	 -3.5889424e-03 -8.7097349e-03	 5.19e-01 Accepted	 96	 1047	
743	 6.1588629e-01	 -1.2324932e-03 -1.0977345e-02	 7.85e-01 Accepted	 95	 1052	
744	 6.1604825e-01	 +1.8609340e-05 -7.4659950e-03	 1.64e+00 Accepted	 96	 1047	
745	 6.1617025e-01	 -5.0049247e-03 -6.9948423e-03	 1.06e+00 Accepted	 95	 1047	
# Starting_type: CheckpointStart
# Trajectory_length / Number_of_MD_steps: 1 / 7
# 	 Plaquette	 Polyakov_Loop(re,im)	 Acc._Probability	 runtime_per_traj(s)	 CG_iterations	
745	 6.1617025e-01	 -5.0049247e-03 -6.9948423e-03	 1.06e+00 Accepted	 98	 1047	
