# Starting_type: HotStart
# serial RNG seed: 	[5 22 77 47 5]
# parallel RNG seed:	[28 3 97 73 76]
# Trajectory_length / Number_of_MD_steps: 1 / 8
# 	 Plaquette	 Polyakov_Loop(re,im)	 Acc._Probability	 runtime_per_traj(s)	 CG_iterations	
1	 2.3550027e-01	 -2.6324487e-03 -1.9526947e-03	 6.50e+55 Accepted	 219	 986	
2	 3.3891258e-01	 -2.2655879e-06 -1.5201147e-03	 1.04e+32 Accepted	 299	 1268	
3	 4.0044269e-01	 -1.1845813e-03 +1.0611076e-03	 1.63e+20 Accepted	 343	 1393	
4	 4.4405388e-01	 +8.6347311e-04 +1.3539822e-03	 3.86e+14 Accepted	 362	 1459	
5	 4.7831878e-01	 +8.8715224e-05 -5.2290458e-04	 2.44e+11 Accepted	 376	 1489	
6	 5.0773806e-01	 -1.8137606e-03 +4.4616809e-05	 3.48e+09 Accepted	 375	 1501	
7	 5.3189308e-01	 +2.4263788e-03 +1.6248552e-03	 5.70e+07 Accepted	 379	 1503	
8	 5.5275048e-01	 +1.2242112e-03 -8.9843108e-04	 2.11e+06 Accepted	 377	 1470	
9	 5.6970419e-01	 -7.5131132e-04 -2.6570797e-03	 2.34e+05 Accepted	 376	 1477	
10	 5.8293362e-01	 +1.3961048e-03 +1.3866236e-03	 1.88e+04 Accepted	 371	 1443	
11	 5.9358082e-01	 +4.2907652e-04 +1.9356329e-03	 1.23e+03 Accepted	 366	 1468	
12	 6.0159719e-01	 -5.2963118e-04 -3.0287393e-03	 2.70e+02 Accepted	 369	 1377	
13	 6.0761847e-01	 +1.3790550e-03 +2.5088384e-04	 5.67e+01 Accepted	 353	 1362	
14	 6.1218678e-01	 -8.9964340e-04 -1.0138714e-03	 2.44e+01 Accepted	 340	 1300	
15	 6.1572921e-01	 -8.9155293e-04 +8.1359748e-04	 1.27e+01 Accepted	 338	 1286	
16	 6.1816276e-01	 +1.0022436e-03 -1.4399629e-03	 6.19e+00 Accepted	 337	 1327	
17	 6.2027847e-01	 -8.2663228e-04 -1.0657126e-03	 4.31e+00 Accepted	 335	 1284	
18	 6.2208903e-01	 +9.0951405e-04 -1.2796723e-04	 4.53e+00 Accepted	 324	 1234	
19	 6.2335341e-01	 +2.2325721e-03 -2.0145449e-03	 2.77e+00 Accepted	 323	 1263	
20	 6.2437835e-01	 -1.6009589e-03 +4.2095164e-04	 2.36e+00 Accepted	 328	 1255	
21	 6.2495512e-01	 -1.5175238e-03 +5.1866057e-04	 1.30e+00 Accepted	 326	 1248	
22	 6.2552828e-01	 +9.0236901e-04 +1.4943981e-04	 1.70e+00 Accepted	 319	 1195	
23	 6.2608212e-01	 -1.4413500e-03 -2.7271046e-03	 1.55e+00 Accepted	 309	 1181	
24	 6.2655511e-01	 -1.1254885e-03 -5.6197498e-04	 1.25e+00 Accepted	 308	 1134	
25	 6.2673089e-01	 +1.0538747e-04 +6.9665167e-04	 1.19e+00 Accepted	 294	 1143	
26	 6.2700605e-01	 -1.2752641e-03 +1.2661859e-03	 1.15e+00 Accepted	 295	 1128	
27	 6.2724343e-01	 -2.6470147e-03 +3.1397678e-03	 1.37e+00 Accepted	 293	 1119	
28	 6.2745915e-01	 +2.9366661e-03 -4.8439211e-04	 1.03e+00 Accepted	 293	 1156	
29	 6.2772168e-01	 -1.3500042e-03 -1.5701699e-03	 1.02e+00 Accepted	 298	 1138	
30	 6.2794592e-01	 +3.7072358e-03 -5.0612917e-04	 1.06e+00 Accepted	 295	 1105	
31	 6.2809340e-01	 +5.2693426e-04 +4.3994056e-03	 1.50e+00 Accepted	 291	 1143	
32	 6.2818529e-01	 +1.7669152e-03 +3.5875202e-03	 1.39e+00 Accepted	 301	 1165	
33	 6.2839402e-01	 +3.2364670e-04 +9.8953019e-04	 1.19e+00 Accepted	 298	 1090	
34	 6.2839402e-01	 +3.2364670e-04 +9.8953019e-04	 6.34e-01 Rejected	 286	 1122	
35	 6.2853119e-01	 -1.6879820e-04 +3.6973518e-03	 1.04e+00 Accepted	 289	 1128	
36	 6.2853119e-01	 -1.6879820e-04 +3.6973518e-03	 6.65e-01 Rejected	 293	 1114	
37	 6.2839362e-01	 +9.1453054e-04 -1.6087619e-04	 1.05e+00 Accepted	 286	 1082	
38	 6.2858640e-01	 +2.7978132e-03 +3.2523504e-04	 1.06e+00 Accepted	 282	 1087	
39	 6.2848984e-01	 +2.1935174e-03 +2.8586639e-03	 8.89e-01 Accepted	 282	 1108	
40	 6.2893421e-01	 +3.2628469e-04 +1.1057310e-03	 1.09e+00 Accepted	 294	 1147	
41	 6.2882442e-01	 -4.6824589e-04 +3.7480414e-03	 7.22e-01 Accepted	 291	 1085	
42	 6.2896904e-01	 -1.6013807e-03 -1.3372992e-04	 1.17e+00 Accepted	 280	 1078	
43	 6.2869278e-01	 +1.8560094e-03 +1.4413140e-03	 7.28e-01 Accepted	 280	 1085	
44	 6.2876512e-01	 +1.9561928e-03 +1.7955677e-03	 8.63e-01 Accepted	 279	 1081	
45	 6.2886929e-01	 -8.7583196e-04 +1.6057664e-03	 1.02e+00 Accepted	 282	 1078	
46	 6.2865501e-01	 -1.7465141e-03 -9.3038867e-04	 1.20e+00 Accepted	 279	 1077	
47	 6.2893135e-01	 -1.1321380e-03 +2.6426647e-03	 1.11e+00 Accepted	 281	 1082	
48	 6.2892498e-01	 -6.6176628e-04 -1.3370472e-03	 1.17e+00 Accepted	 279	 1071	
49	 6.2884443e-01	 -8.1759015e-04 -1.5221075e-03	 9.71e-01 Accepted	 281	 1069	
50	 6.2891401e-01	 -2.9747376e-03 +2.4713740e-04	 9.61e-01 Accepted	 278	 1077	
51	 6.2885045e-01	 -3.7348454e-04 +1.2214505e-03	 8.88e-01 Accepted	 282	 1080	
52	 6.2901837e-01	 +8.0745182e-04 -2.1063174e-04	 1.07e+00 Accepted	 281	 1077	
53	 6.2904317e-01	 +3.0479850e-03 -6.1481853e-04	 1.41e+00 Accepted	 280	 1080	
54	 6.2904317e-01	 +3.0479850e-03 -6.1481853e-04	 6.32e-01 Rejected	 280	 1076	
55	 6.2904169e-01	 +1.6600169e-03 +5.5152403e-04	 1.46e+00 Accepted	 280	 1078	
56	 6.2900323e-01	 +2.1499085e-03 -9.4256205e-04	 5.94e-01 Accepted	 279	 1069	
57	 6.2879041e-01	 +1.3418028e-03 +5.1832085e-04	 8.29e-01 Accepted	 280	 1073	
58	 6.2884453e-01	 +3.9972412e-03 +2.8411155e-04	 8.66e-01 Accepted	 282	 1075	
59	 6.2884453e-01	 +3.9972412e-03 +2.8411155e-04	 6.85e-01 Rejected	 280	 1081	
60	 6.2888403e-01	 +3.5480981e-03 -1.5573536e-03	 1.18e+00 Accepted	 280	 1075	
61	 6.2910775e-01	 +2.0069185e-03 -2.2798224e-03	 1.11e+00 Accepted	 276	 1077	
62	 6.2920849e-01	 +5.7112820e-03 +5.8436877e-04	 9.67e-01 Accepted	 279	 1079	
63	 6.2925896e-01	 +1.0174861e-03 -2.3683597e-04	 7.23e-01 Accepted	 279	 1066	
64	 6.2897495e-01	 +1.6542914e-03 -1.7240297e-03	 6.92e-01 Accepted	 283	 1072	
65	 6.2884009e-01	 +4.2045871e-03 -4.5592840e-04	 8.05e-01 Accepted	 279	 1073	
66	 6.2903001e-01	 -3.5566389e-04 -1.9254268e-03	 1.19e+00 Accepted	 282	 1072	
67	 6.2894793e-01	 +1.2298218e-03 -1.2864563e-03	 1.19e+00 Accepted	 281	 1081	
68	 6.2893852e-01	 -1.5619029e-03 -1.6976425e-04	 1.19e+00 Accepted	 279	 1070	
69	 6.2883689e-01	 -6.0120901e-04 -3.4685229e-03	 7.65e-01 Accepted	 279	 1066	
70	 6.2908018e-01	 +3.2777742e-03 -1.0773005e-03	 1.24e+00 Accepted	 279	 1067	
71	 6.2927971e-01	 +1.6270156e-03 -2.6195263e-03	 1.42e+00 Accepted	 278	 1072	
72	 6.2922416e-01	 +3.0710633e-03 -1.0829802e-03	 8.19e-01 Accepted	 281	 1075	
73	 6.2936376e-01	 -7.6493081e-05 +3.1329630e-04	 1.41e+00 Accepted	 278	 1075	
74	 6.2927041e-01	 +1.0029154e-03 -3.5643061e-04	 1.09e+00 Accepted	 277	 1064	
75	 6.2911539e-01	 +9.4892125e-04 -2.4975393e-03	 8.70e-01 Accepted	 279	 1065	
76	 6.2924383e-01	 -4.3493070e-04 -2.4089186e-03	 1.06e+00 Accepted	 280	 1054	
77	 6.2949183e-01	 +6.7122920e-04 -6.3595134e-05	 1.55e+00 Accepted	 277	 1068	
78	 6.2937395e-01	 -1.6772129e-03 +4.4521500e-04	 6.88e-01 Accepted	 277	 1060	
79	 6.2937395e-01	 -1.6772129e-03 +4.4521500e-04	 8.88e-01 Rejected	 277	 1056	
80	 6.2900613e-01	 +1.7427902e-03 -2.8687049e-03	 9.75e-01 Accepted	 277	 1066	
81	 6.2911096e-01	 +2.1310417e-03 -4.8198066e-04	 1.04e+00 Accepted	 279	 1073	
82	 6.2911096e-01	 +2.1310417e-03 -4.8198066e-04	 7.98e-01 Rejected	 278	 1066	
83	 6.2952429e-01	 +9.1495312e-04 -6.1055673e-04	 1.85e+00 Accepted	 279	 1061	
84	 6.2967464e-01	 +2.0825823e-03 +3.6601915e-04	 1.07e+00 Accepted	 281	 1074	
85	 6.2957846e-01	 +4.0856289e-04 -1.0603747e-03	 7.41e-01 Accepted	 282	 1065	
86	 6.2925131e-01	 +4.0752759e-03 -2.0129364e-03	 1.23e+00 Accepted	 278	 1077	
87	 6.2932000e-01	 +1.0518166e-03 -1.9188428e-03	 1.18e+00 Accepted	 277	 1061	
88	 6.2917748e-01	 +2.8916064e-03 -2.0037563e-03	 1.16e+00 Accepted	 277	 1045	
89	 6.2917087e-01	 -1.6788346e-03 -3.1515279e-03	 9.03e-01 Accepted	 275	 1044	
90	 6.2927635e-01	 -2.1971675e-03 -1.1733569e-03	 1.38e+00 Accepted	 272	 1042	
91	 6.2913367e-01	 +3.1699277e-03 +3.2828265e-04	 1.62e+00 Accepted	 272	 1037	
92	 6.2933053e-01	 +1.7748902e-04 -1.1096118e-03	 1.65e+00 Accepted	 273	 1042	
93	 6.2937016e-01	 +2.4735421e-03 -7.1513753e-04	 6.86e-01 Accepted	 270	 1037	
94	 6.2932649e-01	 +2.9629197e-05 -3.6619749e-03	 1.11e+00 Accepted	 270	 1036	
95	 6.2960467e-01	 +1.0340693e-05 +1.4525263e-03	 9.88e-01 Accepted	 267	 1035	
96	 6.2948435e-01	 +8.7189364e-05 -1.7136288e-03	 8.95e-01 Accepted	 270	 1040	
97	 6.2948027e-01	 -1.8724321e-04 +6.1629051e-05	 9.42e-01 Accepted	 269	 1038	
98	 6.2947051e-01	 +2.3491564e-03 -1.3788729e-03	 6.95e-01 Accepted	 270	 1035	
99	 6.2944300e-01	 +1.8999327e-03 +5.2856246e-04	 1.73e+00 Accepted	 270	 1040	
100	 6.2944300e-01	 +1.8999327e-03 +5.2856246e-04	 6.83e-01 Rejected	 273	 1044	
101	 6.2968107e-01	 -1.8700467e-04 -2.7470325e-04	 1.80e+00 Accepted	 270	 1041	
102	 6.2918775e-01	 +4.1686281e-03 +2.9836449e-04	 4.89e-01 Accepted	 271	 1039	
103	 6.2946746e-01	 +2.1131810e-03 -1.1650837e-03	 1.27e+00 Accepted	 268	 1025	
104	 6.2953921e-01	 +1.6262481e-03 +1.2868760e-03	 1.02e+00 Accepted	 269	 1032	
105	 6.2918583e-01	 -3.2620636e-04 +2.1254479e-03	 9.79e-01 Accepted	 267	 1030	
106	 6.2919660e-01	 +3.3293657e-03 +1.8771165e-03	 1.30e+00 Accepted	 268	 1024	
107	 6.2912459e-01	 -4.7928983e-04 +2.1122199e-03	 9.00e-01 Accepted	 263	 1017	
108	 6.2877227e-01	 +4.4183487e-04 +3.9303427e-04	 7.75e-01 Accepted	 267	 1028	
109	 6.2887837e-01	 -3.1105056e-03 -2.9834937e-03	 8.43e-01 Accepted	 266	 1029	
110	 6.2892780e-01	 -9.4998533e-04 +4.8077694e-04	 1.61e+00 Accepted	 266	 1024	
111	 6.2907082e-01	 -2.1704981e-03 -3.7168013e-04	 1.03e+00 Accepted	 267	 1031	
112	 6.2907407e-01	 -1.2294202e-03 +3.5596184e-04	 7.19e-01 Accepted	 269	 1031	
113	 6.2912442e-01	 -5.5165171e-04 -1.9425014e-03	 1.28e+00 Accepted	 268	 1025	
114	 6.2912442e-01	 -5.5165171e-04 -1.9425014e-03	 6.19e-01 Rejected	 269	 1028	
115	 6.2934244e-01	 -4.4241104e-04 -2.3740146e-03	 1.53e+00 Accepted	 269	 1031	
116	 6.2934244e-01	 -4.4241104e-04 -2.3740146e-03	 6.31e-01 Rejected	 267	 1026	
117	 6.2940417e-01	 -8.2287805e-04 -1.4270557e-03	 7.02e-01 Accepted	 269	 1033	
118	 6.2940385e-01	 +1.6007668e-03 +1.9741452e-04	 1.36e+00 Accepted	 268	 1031	
119	 6.2933045e-01	 -2.2653123e-03 -1.0715652e-03	 9.07e-01 Accepted	 271	 1043	
120	 6.2938558e-01	 -1.1371570e-04 -4.6889485e-03	 9.29e-01 Accepted	 268	 1016	
121	 6.2935544e-01	 +1.9917253e-03 -4.9701798e-03	 1.18e+00 Accepted	 269	 1031	
122	 6.2932328e-01	 +1.8889278e-03 -2.8854652e-03	 1.17e+00 Accepted	 271	 1025	
123	 6.2934803e-01	 -2.2071805e-04 -1.2023165e-03	 9.23e-01 Accepted	 267	 1034	
124	 6.2928700e-01	 +2.8090982e-03 -1.8485331e-03	 7.94e-01 Accepted	 265	 1025	
125	 6.2909108e-01	 +1.8036374e-03 -1.1521288e-03	 8.66e-01 Accepted	 267	 1034	
126	 6.2939881e-01	 +1.3265535e-03 -1.6809927e-03	 1.41e+00 Accepted	 268	 1023	
127	 6.2941175e-01	 -4.3376907e-04 -8.6507798e-04	 1.70e+00 Accepted	 267	 1022	
128	 6.2937714e-01	 +2.3107244e-03 +9.8632148e-04	 8.01e-01 Accepted	 267	 1021	
129	 6.2930361e-01	 +3.9026998e-03 -4.4042247e-04	 7.43e-01 Accepted	 266	 1023	
130	 6.2931704e-01	 +8.3680357e-05 -3.6929609e-03	 1.00e+00 Accepted	 266	 1022	
131	 6.2932062e-01	 -3.0798163e-05 -2.4956462e-03	 1.14e+00 Accepted	 266	 1032	
132	 6.2933296e-01	 -6.5483475e-04 -9.0179202e-04	 1.42e+00 Accepted	 269	 1028	
133	 6.2922170e-01	 +3.9075957e-03 -5.3787214e-04	 7.70e-01 Accepted	 266	 1021	
134	 6.2908408e-01	 -6.0243109e-05 -3.5106400e-03	 7.09e-01 Accepted	 265	 1013	
135	 6.2903455e-01	 +8.0090559e-04 -5.6294473e-03	 1.22e+00 Accepted	 264	 1007	
136	 6.2947886e-01	 +1.5574203e-03 -9.0075240e-04	 8.82e-01 Accepted	 268	 1016	
137	 6.2936132e-01	 -4.9360932e-04 +2.0450311e-04	 1.02e+00 Accepted	 263	 1010	
138	 6.2936141e-01	 +1.1530874e-03 -1.1608599e-03	 1.24e+00 Accepted	 262	 1017	
139	 6.2953467e-01	 +2.1924174e-03 -8.3442994e-04	 1.86e+00 Accepted	 264	 1006	
140	 6.2925498e-01	 +5.0706084e-03 -3.3302285e-03	 7.38e-01 Accepted	 263	 1013	
141	 6.2946396e-01	 -1.0843717e-03 -1.1642634e-03	 1.01e+00 Accepted	 263	 1004	
142	 6.2965707e-01	 -3.8055665e-05 -4.5132471e-04	 8.02e-01 Accepted	 262	 1002	
143	 6.2980949e-01	 +5.4212124e-04 +2.7330681e-05	 1.12e+00 Accepted	 260	 1000	
144	 6.2953198e-01	 -8.1851373e-04 -1.7034062e-04	 9.79e-01 Accepted	 259	 997	
145	 6.2953816e-01	 +4.0272516e-03 -2.0971274e-03	 9.71e-01 Accepted	 260	 1002	
146	 6.2935014e-01	 +3.6450771e-03 -3.0660804e-03	 6.93e-01 Accepted	 259	 1004	
147	 6.2948330e-01	 +2.1579510e-03 -4.0674623e-03	 8.70e-01 Accepted	 261	 1002	
148	 6.2948330e-01	 +2.1579510e-03 -4.0674623e-03	 6.63e-01 Rejected	 258	 995	
149	 6.2941242e-01	 +6.7146629e-04 -2.7735128e-03	 1.09e+00 Accepted	 257	 978	
150	 6.2955248e-01	 +1.2058434e-03 -2.4182541e-04	 1.27e+00 Accepted	 258	 992	
151	 6.2953690e-01	 -6.2489372e-04 -2.4167586e-03	 1.45e+00 Accepted	 259	 1005	
# Starting_type: CheckpointStart
# Trajectory_length / Number_of_MD_steps: 1 / 8
# 	 Plaquette	 Polyakov_Loop(re,im)	 Acc._Probability	 runtime_per_traj(s)	 CG_iterations	
151	 6.2953690e-01	 -6.2489372e-04 -2.4167586e-03	 1.45e+00 Accepted	 259	 1005	
152	 6.2956896e-01	 +2.3956842e-03 -2.5665780e-03	 1.04e+00 Accepted	 256	 1002	
153	 6.2955356e-01	 +3.0311172e-03 +3.0359150e-04	 1.62e+00 Accepted	 258	 1005	
154	 6.2960332e-01	 +1.2417027e-03 -3.2180639e-03	 1.18e+00 Accepted	 256	 998	
155	 6.2960332e-01	 +1.2417027e-03 -3.2180639e-03	 5.57e-01 Rejected	 256	 991	
156	 6.2955264e-01	 +1.3744008e-03 -1.3628045e-03	 7.59e-01 Accepted	 256	 998	
157	 6.2946689e-01	 +1.5431116e-03 -3.2491763e-03	 1.32e+00 Accepted	 256	 998	
158	 6.2901922e-01	 +3.9145822e-03 -1.2258672e-03	 5.04e-01 Accepted	 256	 996	
159	 6.2904821e-01	 +5.3553075e-03 -2.3713018e-03	 1.10e+00 Accepted	 257	 993	
160	 6.2918407e-01	 +2.0040766e-03 -1.1238812e-04	 8.30e-01 Accepted	 255	 991	
161	 6.2933411e-01	 +1.1876853e-04 -1.6394925e-03	 9.08e-01 Accepted	 255	 987	
162	 6.2933287e-01	 +5.5341088e-04 -4.3318442e-04	 7.42e-01 Accepted	 255	 991	
163	 6.2928778e-01	 +2.4462208e-03 +3.3782064e-04	 1.97e+00 Accepted	 255	 988	
164	 6.2955707e-01	 -1.4421627e-03 -5.5140645e-04	 1.18e+00 Accepted	 260	 992	
165	 6.2923753e-01	 +5.0063406e-04 -2.9761008e-03	 6.84e-01 Accepted	 258	 982	
166	 6.2923753e-01	 +5.0063406e-04 -2.9761008e-03	 6.88e-01 Rejected	 264	 983	
167	 6.2931259e-01	 +4.6862569e-03 -3.3950033e-03	 9.94e-01 Accepted	 263	 987	
168	 6.2921047e-01	 +6.1105116e-03 -2.5324026e-03	 1.24e+00 Accepted	 264	 991	
169	 6.2929771e-01	 -3.3109320e-04 -2.3505349e-03	 1.45e+00 Accepted	 263	 984	
170	 6.2930103e-01	 +1.6536925e-03 +1.2243776e-03	 9.55e-01 Accepted	 263	 987	
171	 6.2930103e-01	 +1.6536925e-03 +1.2243776e-03	 7.80e-01 Rejected	 264	 989	
172	 6.2936465e-01	 +3.3036967e-03 -1.2740078e-03	 8.32e-01 Accepted	 264	 984	
173	 6.2917411e-01	 +3.9503763e-03 -3.0358329e-03	 1.02e+00 Accepted	 265	 987	
174	 6.2895338e-01	 +1.1200979e-03 -3.1102444e-04	 8.60e-01 Accepted	 263	 990	
175	 6.2911000e-01	 +3.9978693e-03 -1.5047752e-03	 1.05e+00 Accepted	 264	 983	
176	 6.2903148e-01	 +4.9430420e-03 -1.4814192e-03	 1.04e+00 Accepted	 265	 987	
177	 6.2903148e-01	 +4.9430420e-03 -1.4814192e-03	 7.73e-01 Rejected	 264	 986	
178	 6.2901701e-01	 +3.4216448e-03 -7.3877527e-04	 6.85e-01 Accepted	 263	 979	
179	 6.2919751e-01	 +9.5605627e-04 -4.0126629e-03	 1.03e+00 Accepted	 262	 964	
180	 6.2916190e-01	 +2.0934761e-03 -1.8033066e-03	 9.53e-01 Accepted	 260	 967	
181	 6.2921015e-01	 +2.8488934e-03 -6.1069730e-03	 9.71e-01 Accepted	 261	 975	
182	 6.2914243e-01	 +4.2866548e-03 -3.5843380e-03	 1.04e+00 Accepted	 261	 977	
183	 6.2917824e-01	 +3.4263840e-03 -4.5824335e-03	 9.89e-01 Accepted	 261	 971	
184	 6.2927805e-01	 +1.7675588e-03 -4.6785504e-03	 8.68e-01 Accepted	 261	 970	
185	 6.2939393e-01	 +4.1771796e-03 -5.3476333e-03	 6.90e-01 Accepted	 259	 977	
186	 6.2967418e-01	 +2.0198424e-03 -6.1008917e-03	 1.37e+00 Accepted	 262	 984	
187	 6.2941370e-01	 +2.2192758e-03 -4.3574681e-03	 8.35e-01 Accepted	 262	 991	
188	 6.2918156e-01	 +4.0326683e-03 -5.7385669e-03	 1.21e+00 Accepted	 264	 977	
189	 6.2918156e-01	 +4.0326683e-03 -5.7385669e-03	 8.04e-01 Rejected	 262	 989	
190	 6.2918156e-01	 +4.0326683e-03 -5.7385669e-03	 7.08e-01 Rejected	 261	 978	
191	 6.2941964e-01	 +3.3473421e-03 -6.3269446e-03	 1.30e+00 Accepted	 259	 974	
192	 6.2897102e-01	 +3.9222515e-03 -3.4649174e-03	 1.04e+00 Accepted	 259	 972	
193	 6.2911290e-01	 +2.0905931e-03 -3.4883897e-03	 1.08e+00 Accepted	 260	 979	
194	 6.2909204e-01	 +6.0355507e-03 -4.2808121e-03	 6.54e-01 Accepted	 261	 979	
195	 6.2918665e-01	 +1.2137642e-03 -3.5470780e-03	 1.16e+00 Accepted	 262	 983	
196	 6.2915389e-01	 +2.4331717e-03 -1.2260729e-03	 1.01e+00 Accepted	 260	 978	
197	 6.2908855e-01	 +4.1031707e-03 -2.6513026e-03	 9.18e-01 Accepted	 260	 968	
198	 6.2902999e-01	 +3.7226966e-03 -2.7552473e-03	 6.75e-01 Accepted	 260	 976	
199	 6.2899841e-01	 +4.5615721e-03 -6.3741868e-03	 8.83e-01 Accepted	 267	 980	
200	 6.2913932e-01	 +4.3887214e-03 -2.4685715e-03	 1.26e+00 Accepted	 271	 982	
201	 6.2919386e-01	 +4.3832953e-03 -3.9229282e-03	 9.66e-01 Accepted	 272	 1001	
202	 6.2933519e-01	 +2.8850285e-03 -3.5592537e-03	 1.28e+00 Accepted	 273	 1018	
203	 6.2939585e-01	 -1.8533277e-03 -6.9652365e-03	 1.15e+00 Accepted	 277	 993	
204	 6.2936050e-01	 +1.7745038e-03 -4.4357249e-03	 5.86e-01 Accepted	 275	 990	
205	 6.2908178e-01	 -1.5729289e-03 -2.8299885e-03	 8.12e-01 Accepted	 272	 990	
206	 6.2919845e-01	 +5.3844042e-04 -5.5175818e-03	 1.14e+00 Accepted	 271	 978	
207	 6.2903801e-01	 +1.2768305e-03 -5.2765782e-03	 8.21e-01 Accepted	 271	 981	
208	 6.2899516e-01	 -4.9422270e-04 -2.2889373e-03	 9.31e-01 Accepted	 268	 980	
209	 6.2914202e-01	 +2.6525579e-03 -6.7006693e-03	 8.40e-01 Accepted	 273	 988	
210	 6.2925429e-01	 -2.4209392e-03 -5.7798061e-03	 1.34e+00 Accepted	 271	 979	
211	 6.2919537e-01	 +1.8926850e-03 -4.1437883e-03	 8.64e-01 Accepted	 270	 987	
212	 6.2919450e-01	 -4.6864016e-04 -3.5933368e-03	 1.25e+00 Accepted	 272	 985	
213	 6.2930251e-01	 +2.0169506e-04 -5.2063218e-03	 9.83e-01 Accepted	 273	 981	
214	 6.2914053e-01	 +1.0141287e-03 -6.3127913e-03	 8.04e-01 Accepted	 271	 975	
215	 6.2936832e-01	 +3.7800407e-04 -5.5537034e-03	 1.19e+00 Accepted	 268	 973	
216	 6.2932953e-01	 -1.0699926e-03 -3.1236840e-03	 9.50e-01 Accepted	 269	 980	
217	 6.2912850e-01	 +1.5443175e-03 -6.3677978e-03	 8.66e-01 Accepted	 270	 963	
218	 6.2895766e-01	 +7.6474667e-05 -8.1840414e-03	 1.03e+00 Accepted	 269	 974	
219	 6.2895766e-01	 +7.6474667e-05 -8.1840414e-03	 4.72e-01 Rejected	 269	 966	
220	 6.2933689e-01	 +5.0329454e-04 -6.0049434e-03	 1.21e+00 Accepted	 272	 978	
221	 6.2938008e-01	 +4.8397477e-03 -4.9946379e-03	 1.14e+00 Accepted	 268	 969	
222	 6.2941877e-01	 +2.8732402e-03 -7.1290727e-03	 9.96e-01 Accepted	 268	 963	
223	 6.2961130e-01	 -1.2140794e-03 -3.3249801e-03	 1.22e+00 Accepted	 266	 968	
224	 6.2967485e-01	 -5.3029931e-04 -6.2370096e-03	 8.38e-01 Accepted	 268	 975	
225	 6.2969993e-01	 -3.0198836e-03 -7.4064817e-03	 9.93e-01 Accepted	 268	 978	
226	 6.2926301e-01	 -8.2174101e-04 -5.1728762e-03	 8.13e-01 Accepted	 269	 982	
227	 6.2943032e-01	 +1.8642359e-03 -2.7500977e-03	 1.77e+00 Accepted	 271	 982	
228	 6.2900465e-01	 -1.8649878e-04 -5.5725241e-03	 5.47e-01 Accepted	 271	 980	
229	 6.2948678e-01	 +2.2226831e-04 -6.1004928e-03	 1.81e+00 Accepted	 273	 982	
230	 6.2939564e-01	 +1.1497905e-03 -5.4968453e-03	 9.38e-01 Accepted	 272	 976	
231	 6.2965196e-01	 +6.4982447e-04 -4.5374675e-03	 1.14e+00 Accepted	 273	 980	
232	 6.2965196e-01	 +6.4982447e-04 -4.5374675e-03	 7.14e-01 Rejected	 273	 980	
233	 6.2946351e-01	 -9.2851729e-04 -6.8735872e-03	 8.38e-01 Accepted	 274	 985	
234	 6.2958808e-01	 -5.5049332e-04 -4.2149033e-03	 8.24e-01 Accepted	 274	 984	
235	 6.2960107e-01	 +8.9927003e-04 -2.8446310e-03	 1.51e+00 Accepted	 274	 984	
236	 6.2971152e-01	 -1.4878627e-03 -5.7520816e-03	 1.42e+00 Accepted	 276	 988	
237	 6.2971152e-01	 -1.4878627e-03 -5.7520816e-03	 7.39e-01 Rejected	 274	 984	
238	 6.2964369e-01	 -2.2909618e-03 -3.9498449e-03	 6.57e-01 Accepted	 274	 988	
239	 6.2945690e-01	 -1.2474600e-03 -3.3675397e-03	 4.44e-01 Accepted	 274	 983	
240	 6.2945690e-01	 -1.2474600e-03 -3.3675397e-03	 8.05e-01 Rejected	 275	 979	
241	 6.2948311e-01	 -4.0763874e-03 -4.5100089e-03	 1.01e+00 Accepted	 275	 983	
242	 6.2947475e-01	 -4.2547619e-03 -4.5593104e-03	 8.43e-01 Accepted	 273	 982	
243	 6.2947475e-01	 -4.2547619e-03 -4.5593104e-03	 8.93e-01 Rejected	 271	 977	
244	 6.2936262e-01	 -8.3298578e-04 -1.9432884e-03	 7.93e-01 Accepted	 269	 977	
245	 6.2955350e-01	 -2.0018687e-03 -3.8262898e-03	 1.08e+00 Accepted	 271	 981	
246	 6.2988950e-01	 -1.5725234e-03 -6.1982106e-03	 9.19e-01 Accepted	 272	 984	
247	 6.2986757e-01	 -3.0263820e-03 -4.6060436e-03	 1.18e+00 Accepted	 272	 988	
248	 6.2960573e-01	 -4.3444322e-03 -6.6892086e-04	 1.17e+00 Accepted	 273	 996	
249	 6.2960573e-01	 -4.3444322e-03 -6.6892086e-04	 6.38e-01 Rejected	 273	 986	
250	 6.2940691e-01	 -2.9480895e-03 -3.1978731e-03	 7.88e-01 Accepted	 272	 986	
# Starting_type: CheckpointStart
# Trajectory_length / Number_of_MD_steps: 1 / 8
# 	 Plaquette	 Polyakov_Loop(re,im)	 Acc._Probability	 runtime_per_traj(s)	 CG_iterations	
251	 6.2943480e-01	 -8.4197332e-04 -9.0097597e-04	 1.48e+00 Accepted	 262	 981	
252	 6.2927675e-01	 -3.7053574e-03 -3.7310624e-03	 7.56e-01 Accepted	 263	 995	
253	 6.2937616e-01	 -2.0458014e-03 -2.6027526e-03	 6.53e-01 Accepted	 264	 994	
254	 6.2914880e-01	 +1.4115111e-03 -5.2153548e-03	 1.08e+00 Accepted	 265	 995	
255	 6.2914768e-01	 -6.6968040e-04 -2.6673388e-03	 6.45e-01 Accepted	 265	 991	
256	 6.2909668e-01	 -4.4294522e-03 -6.7392915e-03	 8.98e-01 Accepted	 265	 993	
257	 6.2925003e-01	 -1.0474384e-03 -1.1560579e-03	 1.70e+00 Accepted	 265	 1005	
258	 6.2910056e-01	 -1.5077695e-03 -2.0396253e-03	 8.76e-01 Accepted	 265	 998	
259	 6.2923908e-01	 -3.0565384e-03 -5.2791325e-03	 1.47e+00 Accepted	 265	 998	
260	 6.2939337e-01	 -3.3299516e-03 -5.2755074e-03	 1.27e+00 Accepted	 262	 997	
261	 6.2936568e-01	 -1.1613453e-03 -3.8785615e-03	 1.79e+00 Accepted	 263	 995	
262	 6.2936654e-01	 +9.1562468e-04 -4.1030980e-03	 5.46e-01 Accepted	 263	 990	
263	 6.2932446e-01	 -1.9347144e-03 -5.8622538e-03	 1.15e+00 Accepted	 263	 990	
264	 6.2932446e-01	 -1.9347144e-03 -5.8622538e-03	 7.42e-01 Rejected	 264	 984	
265	 6.2931735e-01	 -2.1365735e-03 -7.1259310e-03	 7.14e-01 Accepted	 264	 994	
266	 6.2915018e-01	 -9.3118524e-04 -3.7642356e-03	 1.02e+00 Accepted	 264	 991	
267	 6.2929579e-01	 -4.7993453e-03 -5.6441972e-03	 1.08e+00 Accepted	 266	 993	
268	 6.2942976e-01	 -2.1410607e-03 -5.8522794e-03	 9.34e-01 Accepted	 264	 981	
269	 6.2957281e-01	 +2.3943653e-04 -6.3444227e-03	 1.03e+00 Accepted	 261	 984	
270	 6.2944955e-01	 -1.4593150e-03 -4.2474789e-03	 7.54e-01 Accepted	 263	 986	
271	 6.2944511e-01	 -3.9424732e-03 -4.4943282e-03	 5.56e-01 Accepted	 264	 994	
272	 6.2944511e-01	 -3.9424732e-03 -4.4943282e-03	 6.65e-01 Rejected	 263	 985	
273	 6.2912028e-01	 -1.0138260e-03 -7.1018465e-03	 1.01e+00 Accepted	 265	 997	
274	 6.2922355e-01	 -1.7057371e-04 -3.5086593e-03	 1.57e+00 Accepted	 263	 991	
275	 6.2928206e-01	 -1.3842340e-03 -4.5719050e-03	 1.34e+00 Accepted	 261	 999	
276	 6.2918771e-01	 -4.1209465e-03 -4.6798272e-03	 1.39e+00 Accepted	 263	 1002	
277	 6.2918771e-01	 -4.1209465e-03 -4.6798272e-03	 6.61e-01 Rejected	 263	 1002	
278	 6.2915399e-01	 -3.1452981e-03 -6.5693038e-03	 9.40e-01 Accepted	 263	 997	
279	 6.2906169e-01	 +3.1062615e-04 -5.6428634e-03	 7.51e-01 Accepted	 261	 992	
280	 6.2923924e-01	 -1.3102465e-03 -5.8570092e-04	 1.13e+00 Accepted	 261	 992	
281	 6.2941115e-01	 -2.8571416e-04 -6.9544769e-03	 1.44e+00 Accepted	 261	 992	
282	 6.2931290e-01	 +8.1691178e-04 -8.1466019e-03	 8.57e-01 Accepted	 260	 990	
283	 6.2935956e-01	 +2.0618460e-03 +4.0527759e-04	 1.43e+00 Accepted	 259	 989	
284	 6.2932237e-01	 -3.8487730e-03 -1.6361926e-03	 9.99e-01 Accepted	 260	 985	
285	 6.2923441e-01	 +2.3179859e-04 -6.0479256e-03	 1.45e+00 Accepted	 260	 987	
286	 6.2933233e-01	 -5.2679505e-04 -4.5505973e-03	 1.29e+00 Accepted	 261	 994	
287	 6.2939818e-01	 -4.6912464e-04 -1.8625927e-03	 1.25e+00 Accepted	 260	 988	
288	 6.2934998e-01	 -7.0280045e-04 -4.3764695e-03	 9.15e-01 Accepted	 261	 988	
289	 6.2934998e-01	 -7.0280045e-04 -4.3764695e-03	 7.02e-01 Rejected	 258	 982	
290	 6.2932759e-01	 -5.6848801e-04 -7.7157549e-03	 1.26e+00 Accepted	 258	 988	
291	 6.2926818e-01	 -1.1686060e-03 -5.0161508e-03	 8.80e-01 Accepted	 260	 992	
292	 6.2927995e-01	 -1.0010954e-03 -3.4225707e-03	 1.07e+00 Accepted	 262	 997	
293	 6.2936231e-01	 +1.2606864e-03 -5.4700464e-03	 1.07e+00 Accepted	 261	 991	
294	 6.2936440e-01	 -8.4347291e-04 -4.4974275e-03	 1.20e+00 Accepted	 263	 1001	
295	 6.2922967e-01	 -1.2776948e-03 -4.6709867e-03	 9.44e-01 Accepted	 263	 992	
296	 6.2915135e-01	 +3.0395967e-03 -4.0647910e-03	 7.25e-01 Accepted	 263	 991	
297	 6.2910038e-01	 +4.0590872e-04 -6.0720520e-03	 8.92e-01 Accepted	 264	 999	
298	 6.2877488e-01	 -1.1806085e-03 -4.3483965e-03	 6.52e-01 Accepted	 261	 993	
299	 6.2913754e-01	 -1.6556672e-03 -4.7587004e-03	 1.05e+00 Accepted	 262	 987	
300	 6.2881510e-01	 -2.8951838e-04 -6.8627944e-03	 9.08e-01 Accepted	 263	 998	
301	 6.2913385e-01	 -1.9191591e-03 -4.8277177e-03	 1.84e+00 Accepted	 263	 1001	
302	 6.2890500e-01	 -5.5971089e-04 -4.7817598e-03	 8.57e-01 Accepted	 264	 990	
303	 6.2916441e-01	 -7.1716889e-04 -6.5670792e-03	 1.18e+00 Accepted	 263	 986	
304	 6.2916441e-01	 -7.1716889e-04 -6.5670792e-03	 8.15e-01 Rejected	 262	 986	
305	 6.2891711e-01	 -2.0355759e-03 -4.8533057e-03	 7.34e-01 Accepted	 262	 983	
306	 6.2897022e-01	 +4.6915542e-04 -5.6295645e-03	 6.94e-01 Accepted	 257	 977	
307	 6.2908235e-01	 +4.7897525e-04 -7.5739586e-03	 9.79e-01 Accepted	 259	 973	
308	 6.2911972e-01	 -8.8672320e-04 -7.0790126e-03	 1.14e+00 Accepted	 260	 984	
309	 6.2884853e-01	 +2.4097119e-04 -6.2713365e-03	 8.24e-01 Accepted	 260	 981	
310	 6.2895256e-01	 -2.5242709e-03 -3.3413598e-03	 1.33e+00 Accepted	 258	 973	
311	 6.2901084e-01	 -8.9891135e-04 -2.8636301e-03	 9.56e-01 Accepted	 256	 967	
312	 6.2901084e-01	 -8.9891135e-04 -2.8636301e-03	 7.07e-01 Rejected	 254	 966	
313	 6.2898331e-01	 +1.3139137e-03 -4.5791778e-03	 9.02e-01 Accepted	 256	 969	
314	 6.2929576e-01	 -3.1846546e-03 -4.3917242e-03	 1.22e+00 Accepted	 256	 974	
315	 6.2929576e-01	 -3.1846546e-03 -4.3917242e-03	 8.08e-01 Rejected	 258	 983	
316	 6.2929576e-01	 -3.1846546e-03 -4.3917242e-03	 4.87e-01 Rejected	 255	 968	
317	 6.2926206e-01	 +8.5072019e-04 -5.3670873e-03	 1.30e+00 Accepted	 258	 974	
318	 6.2907726e-01	 -2.4126217e-04 -4.8941892e-03	 1.03e+00 Accepted	 257	 978	
319	 6.2930333e-01	 +2.2057947e-03 -7.2150723e-03	 1.05e+00 Accepted	 257	 979	
320	 6.2926619e-01	 -4.5376945e-04 -5.4744584e-03	 1.32e+00 Accepted	 258	 978	
321	 6.2931883e-01	 -4.9123784e-04 -2.0687333e-03	 1.17e+00 Accepted	 259	 981	
322	 6.2932167e-01	 +1.4435440e-04 -3.6593202e-03	 1.08e+00 Accepted	 258	 993	
323	 6.2935142e-01	 +1.8883977e-03 -2.1899332e-03	 1.12e+00 Accepted	 258	 980	
324	 6.2935142e-01	 +1.8883977e-03 -2.1899332e-03	 7.12e-01 Rejected	 257	 981	
325	 6.2969340e-01	 +1.4036982e-03 -1.4786850e-03	 1.53e+00 Accepted	 258	 986	
326	 6.2969340e-01	 +1.4036982e-03 -1.4786850e-03	 8.04e-01 Rejected	 257	 984	
327	 6.2947609e-01	 +7.4137954e-05 -3.9635623e-03	 6.38e-01 Accepted	 257	 978	
328	 6.2959496e-01	 +1.8856311e-04 -6.9761241e-03	 9.19e-01 Accepted	 257	 980	
329	 6.2934430e-01	 -4.5599418e-04 -3.3532128e-03	 7.36e-01 Accepted	 257	 981	
330	 6.2911674e-01	 +2.6147332e-03 -7.4039941e-03	 1.00e+00 Accepted	 260	 983	
331	 6.2916208e-01	 +2.6077281e-04 -3.2093239e-03	 7.99e-01 Accepted	 258	 981	
332	 6.2961943e-01	 -1.0899649e-03 -3.8797807e-03	 1.90e+00 Accepted	 257	 982	
333	 6.2961943e-01	 -1.0899649e-03 -3.8797807e-03	 6.82e-01 Rejected	 259	 996	
334	 6.2961943e-01	 -1.0899649e-03 -3.8797807e-03	 5.12e-01 Rejected	 258	 979	
335	 6.2947855e-01	 -1.5961772e-03 -4.7886226e-03	 6.86e-01 Accepted	 257	 979	
336	 6.2923281e-01	 -2.9982377e-03 -5.3985824e-03	 7.43e-01 Accepted	 258	 983	
337	 6.2941660e-01	 -1.9554497e-03 -3.8784854e-03	 1.47e+00 Accepted	 260	 980	
338	 6.2926545e-01	 +1.7949701e-03 -6.4407951e-03	 1.08e+00 Accepted	 257	 982	
339	 6.2903948e-01	 +1.5387189e-03 -4.0641901e-03	 8.98e-01 Accepted	 259	 979	
340	 6.2914609e-01	 +4.9862074e-04 -4.0238022e-03	 1.08e+00 Accepted	 261	 979	
341	 6.2921388e-01	 -1.8037538e-03 -5.5606510e-03	 6.35e-01 Accepted	 259	 978	
342	 6.2910291e-01	 +1.3975596e-03 -7.1581447e-03	 7.33e-01 Accepted	 256	 971	
343	 6.2873682e-01	 -9.9954625e-04 -5.8362434e-03	 8.48e-01 Accepted	 259	 979	
344	 6.2916705e-01	 +4.6875155e-04 -4.0169159e-03	 1.53e+00 Accepted	 258	 975	
345	 6.2916705e-01	 +4.6875155e-04 -4.0169159e-03	 8.66e-01 Rejected	 258	 975	
346	 6.2928269e-01	 +8.2590338e-04 -1.7798512e-03	 1.13e+00 Accepted	 258	 976	
347	 6.2925750e-01	 -3.0807001e-04 -4.7272726e-03	 7.47e-01 Accepted	 257	 968	
348	 6.2946207e-01	 +8.2152562e-04 -3.0281445e-03	 9.67e-01 Accepted	 259	 974	
349	 6.2972014e-01	 +2.0496822e-03 -2.3325895e-03	 1.42e+00 Accepted	 256	 975	
350	 6.2959741e-01	 +3.7267934e-04 -2.1699328e-03	 1.25e+00 Accepted	 258	 977	
351	 6.2932806e-01	 +6.1992996e-04 -1.2359587e-03	 8.53e-01 Accepted	 257	 975	
352	 6.2920751e-01	 +7.0887722e-04 -2.9981252e-03	 1.03e+00 Accepted	 259	 975	
353	 6.2931190e-01	 -2.5600822e-03 -4.3071911e-03	 8.33e-01 Accepted	 257	 970	
354	 6.2944584e-01	 +1.9341101e-03 -9.0122752e-04	 1.33e+00 Accepted	 258	 986	
355	 6.2978303e-01	 +3.2657952e-03 -3.9793337e-03	 1.96e+00 Accepted	 261	 975	
356	 6.2949792e-01	 +5.1422230e-03 -4.0952097e-03	 9.65e-01 Accepted	 259	 963	
357	 6.2937662e-01	 +5.7833592e-04 -3.0578640e-03	 8.89e-01 Accepted	 260	 966	
358	 6.2922747e-01	 +2.6859507e-03 -4.5037714e-03	 1.33e+00 Accepted	 257	 977	
359	 6.2922747e-01	 +2.6859507e-03 -4.5037714e-03	 7.09e-01 Rejected	 257	 966	
360	 6.2947386e-01	 +1.3541910e-03 -1.3095522e-03	 1.26e+00 Accepted	 256	 967	
361	 6.2943525e-01	 +2.6351859e-03 -2.4225544e-03	 1.85e+00 Accepted	 257	 973	
362	 6.2943525e-01	 +2.6351859e-03 -2.4225544e-03	 7.24e-01 Rejected	 257	 971	
363	 6.2924290e-01	 +1.1626441e-04 -2.6905836e-03	 8.55e-01 Accepted	 256	 965	
364	 6.2908709e-01	 +4.6799147e-03 -2.6680068e-03	 6.47e-01 Accepted	 258	 969	
365	 6.2914811e-01	 +3.5166600e-03 -6.0440631e-03	 1.47e+00 Accepted	 256	 962	
366	 6.2931204e-01	 +4.9201809e-03 -3.8518356e-03	 1.16e+00 Accepted	 255	 960	
367	 6.2932830e-01	 +2.0890691e-03 -4.6941163e-03	 1.14e+00 Accepted	 255	 956	
368	 6.2917375e-01	 +4.1355255e-03 -3.3377992e-03	 9.15e-01 Accepted	 254	 952	
369	 6.2914569e-01	 +1.7635840e-03 -7.7357694e-04	 1.10e+00 Accepted	 254	 956	
370	 6.2934542e-01	 +3.7015516e-03 -2.7431778e-03	 1.00e+00 Accepted	 253	 953	
371	 6.2917109e-01	 +4.1797910e-03 -6.4152999e-03	 1.09e+00 Accepted	 253	 960	
372	 6.2912941e-01	 +4.0698340e-03 -2.3536255e-03	 5.57e-01 Accepted	 255	 964	
373	 6.2884939e-01	 +4.0543288e-03 -1.8585224e-03	 8.34e-01 Accepted	 254	 955	
374	 6.2903007e-01	 +5.9562951e-03 -1.2420985e-03	 1.39e+00 Accepted	 254	 954	
375	 6.2889041e-01	 +2.9947237e-03 -7.5737609e-04	 9.05e-01 Accepted	 255	 969	
376	 6.2919099e-01	 +4.3392585e-03 -4.2922430e-03	 1.11e+00 Accepted	 254	 968	
377	 6.2926045e-01	 +3.4889625e-03 -4.2688664e-03	 1.07e+00 Accepted	 256	 970	
378	 6.2952748e-01	 +1.1935395e-03 -6.0782135e-03	 1.02e+00 Accepted	 256	 969	
379	 6.2948456e-01	 +3.8518692e-03 -3.5607714e-03	 1.22e+00 Accepted	 256	 964	
380	 6.2928169e-01	 +5.3432344e-03 -3.1840973e-04	 6.72e-01 Accepted	 256	 955	
381	 6.2939720e-01	 +9.9907363e-04 -3.2374038e-03	 6.16e-01 Accepted	 256	 965	
382	 6.2946340e-01	 +3.5547920e-03 -4.2534858e-03	 8.07e-01 Accepted	 257	 968	
383	 6.2921637e-01	 +3.5303167e-03 -2.5456091e-03	 6.09e-01 Accepted	 257	 972	
384	 6.2921335e-01	 +8.7193449e-04 -3.2245119e-03	 7.93e-01 Accepted	 255	 968	
385	 6.2909758e-01	 +2.8302376e-03 -1.3812460e-03	 1.14e+00 Accepted	 256	 958	
386	 6.2919662e-01	 +3.9209990e-03 -2.8431022e-03	 1.30e+00 Accepted	 255	 964	
387	 6.2896887e-01	 +4.0489181e-03 -7.0430148e-03	 1.04e+00 Accepted	 257	 970	
388	 6.2896887e-01	 +4.0489181e-03 -7.0430148e-03	 6.78e-01 Rejected	 256	 963	
389	 6.2910882e-01	 +5.0437443e-03 -5.8452688e-03	 1.59e+00 Accepted	 257	 974	
390	 6.2908926e-01	 +3.8891055e-04 -3.1013410e-03	 1.59e+00 Accepted	 258	 968	
391	 6.2933704e-01	 +2.1556740e-03 -7.4453829e-03	 7.95e-01 Accepted	 256	 964	
392	 6.2933704e-01	 +2.1556740e-03 -7.4453829e-03	 6.96e-01 Rejected	 254	 957	
393	 6.2909107e-01	 +1.2092927e-03 -1.8185956e-03	 9.40e-01 Accepted	 257	 956	
394	 6.2944289e-01	 +2.9867423e-03 -5.4830892e-03	 1.63e+00 Accepted	 253	 954	
395	 6.2920942e-01	 +1.9646161e-03 -2.2849124e-03	 7.83e-01 Accepted	 253	 950	
396	 6.2909910e-01	 +4.4277315e-03 -9.0367195e-04	 7.74e-01 Accepted	 253	 964	
397	 6.2935638e-01	 +2.7321836e-03 +9.4156708e-04	 1.59e+00 Accepted	 255	 975	
398	 6.2921099e-01	 +4.2448892e-03 -3.7392155e-03	 1.57e+00 Accepted	 258	 973	
399	 6.2946075e-01	 +4.1967463e-03 -3.0789889e-03	 1.99e+00 Accepted	 256	 972	
400	 6.2947456e-01	 +2.8242662e-03 -5.0263164e-03	 6.74e-01 Accepted	 257	 970	
401	 6.2946095e-01	 +5.0552295e-03 -4.8841211e-03	 9.91e-01 Accepted	 256	 968	
402	 6.2954912e-01	 +3.7819360e-04 -3.2630224e-03	 1.05e+00 Accepted	 258	 972	
403	 6.2937438e-01	 +5.0916784e-03 -4.2670064e-03	 9.68e-01 Accepted	 257	 969	
404	 6.2961119e-01	 +2.7607563e-03 -6.6717153e-03	 1.61e+00 Accepted	 257	 970	
405	 6.2962689e-01	 -2.2100540e-03 -5.4284551e-03	 1.09e+00 Accepted	 257	 967	
406	 6.2942661e-01	 +1.6423114e-04 -7.5904987e-03	 8.81e-01 Accepted	 256	 967	
407	 6.2960371e-01	 +4.0436821e-04 -2.4097087e-03	 1.02e+00 Accepted	 258	 971	
408	 6.2942349e-01	 -6.0961812e-04 -4.9550245e-03	 1.32e+00 Accepted	 256	 957	
409	 6.2940179e-01	 +2.8146961e-04 -4.1452349e-03	 6.68e-01 Accepted	 254	 961	
410	 6.2944052e-01	 +2.8724646e-04 +2.6132356e-04	 9.80e-01 Accepted	 256	 967	
411	 6.2920655e-01	 +5.4375858e-04 -5.1442743e-03	 1.30e+00 Accepted	 256	 972	
412	 6.2920655e-01	 +5.4375858e-04 -5.1442743e-03	 8.96e-01 Rejected	 259	 981	
413	 6.2912889e-01	 +9.3624588e-04 -2.2911868e-03	 8.44e-01 Accepted	 259	 980	
414	 6.2934856e-01	 -1.4822131e-03 -2.7523146e-03	 1.05e+00 Accepted	 260	 985	
415	 6.2936239e-01	 -1.6848326e-04 -8.2640257e-04	 1.06e+00 Accepted	 261	 989	
416	 6.2919488e-01	 +2.6516216e-03 -1.9760265e-03	 1.30e+00 Accepted	 260	 975	
