# Starting_type: ColdStart
# Trajectory_length / Number_of_MD_steps: 0.2 / 10
# 	 Plaquette	 Polyakov_Loop(re,im)	 Acc._Probability	 runtime_per_traj(s)	 CG_iterations	
1	 1.0000000e+00	 +1.0000000e+00 +0.0000000e+00	 3.05e-02 Rejected	 144	 474	
2	 1.0000000e+00	 +1.0000000e+00 +0.0000000e+00	 3.06e-02 Rejected	 144	 476	
3	 1.0000000e+00	 +1.0000000e+00 +0.0000000e+00	 3.06e-02 Rejected	 143	 476	
4	 1.0000000e+00	 +1.0000000e+00 +0.0000000e+00	 3.07e-02 Rejected	 143	 476	
5	 1.0000000e+00	 +1.0000000e+00 +0.0000000e+00	 3.05e-02 Rejected	 144	 477	
6	 1.0000000e+00	 +1.0000000e+00 +0.0000000e+00	 3.08e-02 Rejected	 143	 475	
7	 1.0000000e+00	 +1.0000000e+00 +0.0000000e+00	 3.10e-02 Rejected	 144	 476	
8	 1.0000000e+00	 +1.0000000e+00 +0.0000000e+00	 3.06e-02 Rejected	 144	 476	
9	 1.0000000e+00	 +1.0000000e+00 +0.0000000e+00	 3.05e-02 Rejected	 142	 473	
10	 1.0000000e+00	 +1.0000000e+00 +0.0000000e+00	 3.06e-02 Rejected	 144	 476	
11	 1.0000000e+00	 +1.0000000e+00 +0.0000000e+00	 3.07e-02 Rejected	 143	 476	
12	 1.0000000e+00	 +1.0000000e+00 +0.0000000e+00	 3.07e-02 Rejected	 144	 476	
13	 1.0000000e+00	 +1.0000000e+00 +0.0000000e+00	 3.03e-02 Rejected	 144	 476	
14	 1.0000000e+00	 +1.0000000e+00 +0.0000000e+00	 3.05e-02 Rejected	 144	 476	
15	 1.0000000e+00	 +1.0000000e+00 +0.0000000e+00	 3.06e-02 Rejected	 143	 477	
16	 1.0000000e+00	 +1.0000000e+00 +0.0000000e+00	 3.06e-02 Rejected	 144	 477	
17	 1.0000000e+00	 +1.0000000e+00 +0.0000000e+00	 3.04e-02 Rejected	 143	 477	
18	 1.0000000e+00	 +1.0000000e+00 +0.0000000e+00	 3.03e-02 Rejected	 143	 477	
19	 1.0000000e+00	 +1.0000000e+00 +0.0000000e+00	 3.05e-02 Rejected	 143	 478	
20	 1.0000000e+00	 +1.0000000e+00 +0.0000000e+00	 3.08e-02 Rejected	 144	 475	
21	 1.0000000e+00	 +1.0000000e+00 +0.0000000e+00	 3.07e-02 Rejected	 144	 476	
22	 1.0000000e+00	 +1.0000000e+00 +0.0000000e+00	 3.04e-02 Rejected	 144	 476	
23	 1.0000000e+00	 +1.0000000e+00 +0.0000000e+00	 3.03e-02 Rejected	 144	 477	
24	 1.0000000e+00	 +1.0000000e+00 +0.0000000e+00	 3.06e-02 Rejected	 143	 474	
25	 1.0000000e+00	 +1.0000000e+00 +0.0000000e+00	 3.10e-02 Rejected	 143	 475	
26	 1.0000000e+00	 +1.0000000e+00 +0.0000000e+00	 3.08e-02 Rejected	 144	 476	
27	 1.0000000e+00	 +1.0000000e+00 +0.0000000e+00	 3.05e-02 Rejected	 143	 475	
28	 1.0000000e+00	 +1.0000000e+00 +0.0000000e+00	 3.05e-02 Rejected	 143	 476	
29	 1.0000000e+00	 +1.0000000e+00 +0.0000000e+00	 3.04e-02 Rejected	 143	 476	
30	 1.0000000e+00	 +1.0000000e+00 +0.0000000e+00	 3.08e-02 Rejected	 144	 477	
31	 1.0000000e+00	 +1.0000000e+00 +0.0000000e+00	 3.04e-02 Rejected	 143	 476	
32	 1.0000000e+00	 +1.0000000e+00 +0.0000000e+00	 3.05e-02 Rejected	 143	 476	
33	 1.0000000e+00	 +1.0000000e+00 +0.0000000e+00	 3.05e-02 Rejected	 143	 476	
34	 1.0000000e+00	 +1.0000000e+00 +0.0000000e+00	 3.05e-02 Rejected	 144	 477	
35	 8.0212157e-01	 +4.7574330e-01 +1.1282173e-04	 3.04e-02 Accepted	 143	 476	
36	 8.0212157e-01	 +4.7574330e-01 +1.1282173e-04	 2.35e-01 Rejected	 173	 512	
37	 8.0212157e-01	 +4.7574330e-01 +1.1282173e-04	 2.37e-01 Rejected	 173	 512	
38	 8.0212157e-01	 +4.7574330e-01 +1.1282173e-04	 2.38e-01 Rejected	 173	 511	
39	 8.0212157e-01	 +4.7574330e-01 +1.1282173e-04	 2.37e-01 Rejected	 173	 511	
40	 8.0212157e-01	 +4.7574330e-01 +1.1282173e-04	 2.35e-01 Rejected	 173	 511	
41	 7.2834289e-01	 +3.0519462e-01 +1.5473422e-03	 2.38e-01 Accepted	 172	 511	
42	 6.8864993e-01	 +2.1812281e-01 +6.2805657e-04	 4.58e-01 Accepted	 181	 533	
43	 6.6421033e-01	 +1.6854226e-01 +2.1839685e-03	 6.16e-01 Accepted	 187	 549	
44	 6.6421033e-01	 +1.6854226e-01 +2.1839685e-03	 7.19e-01 Rejected	 191	 562	
45	 6.4728980e-01	 +1.3936910e-01 -1.6824203e-04	 7.27e-01 Accepted	 191	 564	
46	 6.3526827e-01	 +1.1750751e-01 -1.2007525e-03	 7.92e-01 Accepted	 195	 578	
47	 6.2558260e-01	 +1.0211591e-01 +1.5153901e-03	 8.24e-01 Accepted	 196	 584	
48	 6.1802229e-01	 +9.0098452e-02 -9.9602128e-04	 8.71e-01 Accepted	 197	 592	
49	 6.1189843e-01	 +7.8961776e-02 +2.1630697e-04	 8.90e-01 Accepted	 200	 603	
50	 6.0698241e-01	 +7.0464512e-02 -7.6134657e-04	 9.11e-01 Accepted	 203	 606	
51	 6.0290081e-01	 +6.5474316e-02 +7.7375081e-04	 9.35e-01 Accepted	 203	 610	
52	 5.9947229e-01	 +6.2475353e-02 +6.1855097e-04	 9.51e-01 Accepted	 206	 621	
53	 5.9644031e-01	 +5.6869368e-02 -1.0383069e-03	 9.43e-01 Accepted	 207	 625	
54	 5.9406378e-01	 +5.1191334e-02 -1.6463825e-04	 9.64e-01 Accepted	 209	 624	
55	 5.9172690e-01	 +4.5769228e-02 +4.2612654e-04	 9.54e-01 Accepted	 211	 635	
56	 5.8982285e-01	 +4.5190173e-02 +1.8226140e-03	 9.71e-01 Accepted	 211	 640	
57	 5.8859765e-01	 +4.2922166e-02 +1.5538779e-03	 9.78e-01 Accepted	 214	 649	
58	 5.8709083e-01	 +4.2062052e-02 +8.4213138e-04	 9.68e-01 Accepted	 215	 653	
59	 5.8554075e-01	 +4.1143297e-02 +2.3226094e-03	 9.79e-01 Accepted	 217	 654	
60	 5.8440944e-01	 +3.9350686e-02 +2.2221631e-03	 9.87e-01 Accepted	 218	 657	
61	 5.8326256e-01	 +3.8899551e-02 +1.7584989e-04	 9.65e-01 Accepted	 219	 661	
62	 5.8217915e-01	 +3.7015747e-02 -4.4632555e-04	 9.82e-01 Accepted	 221	 667	
63	 5.8092722e-01	 +3.3811185e-02 -1.9534475e-03	 9.75e-01 Accepted	 221	 668	
64	 5.8009336e-01	 +3.4813675e-02 +2.7500650e-04	 9.92e-01 Accepted	 221	 673	
65	 5.7937322e-01	 +3.4384680e-02 +5.0378508e-04	 9.89e-01 Accepted	 221	 675	
66	 5.7855409e-01	 +3.1064884e-02 -7.7446753e-04	 9.92e-01 Accepted	 223	 679	
67	 5.7793799e-01	 +2.7793087e-02 +3.2083101e-04	 9.85e-01 Accepted	 223	 679	
68	 5.7750529e-01	 +2.5435730e-02 -2.2201333e-04	 1.00e+00 Accepted	 226	 689	
69	 5.7700123e-01	 +2.5380637e-02 -4.9192972e-04	 1.01e+00 Accepted	 226	 687	
70	 5.7658988e-01	 +2.7458533e-02 -1.0550220e-03	 9.81e-01 Accepted	 228	 686	
71	 5.7620423e-01	 +2.4536242e-02 -1.3577658e-04	 9.80e-01 Accepted	 226	 689	
72	 5.7598049e-01	 +2.7274871e-02 +4.1770234e-04	 9.93e-01 Accepted	 228	 691	
73	 5.7559113e-01	 +2.5334020e-02 -6.2436505e-05	 9.90e-01 Accepted	 229	 693	
74	 5.7499275e-01	 +2.2296462e-02 -7.1432183e-04	 9.91e-01 Accepted	 228	 694	
75	 5.7483291e-01	 +2.0860568e-02 -2.0953377e-03	 9.99e-01 Accepted	 228	 697	
76	 5.7434829e-01	 +2.2092355e-02 -4.2306072e-03	 9.90e-01 Accepted	 230	 697	
77	 5.7394007e-01	 +2.4739017e-02 -2.0952249e-03	 9.93e-01 Accepted	 231	 703	
78	 5.7375276e-01	 +2.3149939e-02 -1.0871299e-03	 9.94e-01 Accepted	 232	 705	
79	 5.7358446e-01	 +2.5105549e-02 -2.2431548e-04	 9.94e-01 Accepted	 234	 708	
80	 5.7342855e-01	 +2.2372744e-02 -1.1215624e-03	 1.00e+00 Accepted	 233	 713	
81	 5.7281064e-01	 +2.0896179e-02 -1.2909653e-03	 9.82e-01 Accepted	 234	 712	
82	 5.7269241e-01	 +2.0166618e-02 -1.2437930e-03	 9.88e-01 Accepted	 235	 713	
83	 5.7220938e-01	 +2.0810646e-02 -4.8727522e-04	 9.86e-01 Accepted	 236	 716	
84	 5.7209897e-01	 +1.7862422e-02 -3.0301350e-04	 1.02e+00 Accepted	 237	 721	
85	 5.7163035e-01	 +1.9182172e-02 -9.0137310e-04	 1.01e+00 Accepted	 239	 724	
86	 5.7160690e-01	 +1.9035070e-02 -2.4716088e-03	 1.01e+00 Accepted	 238	 725	
87	 5.7165580e-01	 +1.9039503e-02 -1.8935332e-03	 1.00e+00 Accepted	 239	 726	
88	 5.7143546e-01	 +1.9253883e-02 -6.3662021e-04	 1.01e+00 Accepted	 239	 729	
89	 5.7112264e-01	 +1.9329046e-02 +2.6975575e-03	 1.01e+00 Accepted	 239	 730	
90	 5.7115723e-01	 +1.9379416e-02 -9.5717915e-04	 9.93e-01 Accepted	 241	 735	
91	 5.7096038e-01	 +1.9323658e-02 -3.0931729e-03	 9.82e-01 Accepted	 242	 732	
92	 5.7076020e-01	 +1.8893377e-02 -2.9618900e-03	 1.00e+00 Accepted	 242	 735	
93	 5.7083381e-01	 +2.2463251e-02 -2.0621428e-03	 1.00e+00 Accepted	 241	 736	
94	 5.7044732e-01	 +1.9883366e-02 -7.4675239e-04	 1.00e+00 Accepted	 243	 742	
95	 5.7046752e-01	 +1.7886805e-02 +6.8039110e-04	 9.96e-01 Accepted	 242	 740	
96	 5.7029949e-01	 +1.9447385e-02 -1.3064597e-03	 1.01e+00 Accepted	 241	 737	
97	 5.7010966e-01	 +1.6502972e-02 -2.9502490e-03	 1.00e+00 Accepted	 243	 746	
98	 5.7018545e-01	 +1.6857196e-02 -1.3860859e-03	 1.01e+00 Accepted	 243	 745	
99	 5.7003992e-01	 +1.8166295e-02 -1.4357444e-03	 9.99e-01 Accepted	 244	 749	
100	 5.6988295e-01	 +1.7596420e-02 -3.0102475e-04	 9.98e-01 Accepted	 245	 748	
101	 5.6989197e-01	 +1.6447977e-02 -8.5104856e-04	 9.99e-01 Accepted	 244	 753	
102	 5.6966327e-01	 +1.6502416e-02 -2.0831860e-03	 9.96e-01 Accepted	 245	 750	
103	 5.6961431e-01	 +1.6479409e-02 -2.8790265e-04	 1.00e+00 Accepted	 245	 753	
104	 5.6950890e-01	 +1.6087433e-02 -5.9992247e-04	 1.01e+00 Accepted	 246	 757	
105	 5.6927081e-01	 +1.5776498e-02 -2.0303098e-03	 9.94e-01 Accepted	 246	 757	
106	 5.6911269e-01	 +1.3848365e-02 +6.3859356e-04	 1.01e+00 Accepted	 246	 756	
107	 5.6895099e-01	 +1.5648728e-02 +9.1930796e-05	 9.83e-01 Accepted	 246	 757	
108	 5.6872822e-01	 +1.2714290e-02 -9.4763827e-05	 1.01e+00 Accepted	 246	 759	
109	 5.6873372e-01	 +1.3356530e-02 -9.5683871e-04	 9.97e-01 Accepted	 245	 761	
110	 5.6867928e-01	 +1.2012367e-02 +7.5897397e-04	 1.02e+00 Accepted	 246	 763	
111	 5.6853491e-01	 +9.3350641e-03 +8.8006723e-04	 1.00e+00 Accepted	 248	 758	
112	 5.6859293e-01	 +1.2243003e-02 +7.8565159e-04	 9.87e-01 Accepted	 246	 763	
113	 5.6867645e-01	 +1.4325618e-02 +7.1760563e-04	 1.00e+00 Accepted	 248	 763	
114	 5.6869234e-01	 +1.4454629e-02 +1.7714997e-03	 9.95e-01 Accepted	 247	 768	
115	 5.6838081e-01	 +1.4314925e-02 +1.3700601e-04	 9.84e-01 Accepted	 249	 771	
116	 5.6831197e-01	 +1.4727094e-02 +5.9214981e-04	 9.95e-01 Accepted	 250	 770	
117	 5.6839879e-01	 +1.3008577e-02 -2.0932438e-04	 1.01e+00 Accepted	 250	 771	
118	 5.6827537e-01	 +1.2088219e-02 -3.9653640e-04	 9.98e-01 Accepted	 249	 771	
119	 5.6815841e-01	 +1.4511626e-02 +6.0640329e-04	 9.85e-01 Accepted	 250	 772	
120	 5.6813868e-01	 +1.2984242e-02 +1.8156079e-03	 1.00e+00 Accepted	 253	 776	
121	 5.6795333e-01	 +1.3032672e-02 -2.2351051e-03	 9.95e-01 Accepted	 253	 778	
122	 5.6784042e-01	 +1.2687445e-02 -1.1178237e-03	 1.00e+00 Accepted	 253	 779	
123	 5.6782265e-01	 +1.0123674e-02 -1.1543332e-03	 9.97e-01 Accepted	 254	 778	
124	 5.6777188e-01	 +1.1612821e-02 -3.0796461e-03	 1.00e+00 Accepted	 254	 780	
125	 5.6782434e-01	 +1.4105729e-02 -3.0637666e-03	 9.92e-01 Accepted	 252	 782	
126	 5.6768090e-01	 +1.4479508e-02 +3.0511838e-04	 9.94e-01 Accepted	 254	 779	
127	 5.6762101e-01	 +1.3450030e-02 -3.1066518e-05	 9.89e-01 Accepted	 254	 783	
128	 5.6756980e-01	 +1.2535590e-02 -3.5851613e-04	 1.00e+00 Accepted	 253	 780	
129	 5.6754403e-01	 +1.1240709e-02 -2.7199450e-03	 1.00e+00 Accepted	 252	 781	
130	 5.6755991e-01	 +1.0874065e-02 -6.3612847e-04	 1.00e+00 Accepted	 253	 784	
131	 5.6759089e-01	 +1.1833674e-02 +6.8550361e-04	 1.01e+00 Accepted	 254	 787	
132	 5.6762201e-01	 +1.1347127e-02 +2.3645487e-03	 1.00e+00 Accepted	 251	 788	
133	 5.6773725e-01	 +1.4179322e-02 +5.3216612e-04	 1.01e+00 Accepted	 252	 787	
134	 5.6775215e-01	 +1.3114286e-02 -3.5491979e-04	 9.93e-01 Accepted	 253	 787	
135	 5.6758222e-01	 +1.3205003e-02 +6.1641597e-04	 9.93e-01 Accepted	 253	 790	
136	 5.6742273e-01	 +1.1090967e-02 -1.7505227e-03	 9.97e-01 Accepted	 256	 788	
137	 5.6739508e-01	 +9.7715534e-03 -3.5129107e-04	 9.99e-01 Accepted	 255	 788	
138	 5.6717048e-01	 +8.7427323e-03 -9.8145640e-04	 9.98e-01 Accepted	 255	 787	
139	 5.6727177e-01	 +9.5493760e-03 -9.7389431e-04	 1.01e+00 Accepted	 255	 790	
140	 5.6732453e-01	 +8.2911096e-03 -2.2461812e-03	 1.00e+00 Accepted	 257	 795	
141	 5.6724085e-01	 +8.4386148e-03 -9.2079427e-04	 1.01e+00 Accepted	 258	 793	
142	 5.6731134e-01	 +1.1448984e-02 -6.9529951e-06	 1.01e+00 Accepted	 256	 793	
143	 5.6707512e-01	 +9.7368317e-03 +1.0377409e-04	 1.00e+00 Accepted	 254	 797	
