# Starting_type: ColdStart
# serial RNG seed: 	[11954 7368 14466 57861 48337]
# parallel RNG seed:	[31341 61634 56761 16313 24495]
# Trajectory_length / Number_of_MD_steps: 0.2 / 10
# 	 Plaquette	 Polyakov_Loop(re,im)	 Acc._Probability	 runtime_per_traj(s)	 CG_iterations	
1	 1.0000000e+00	 +1.0000000e+00 +0.0000000e+00	 1.89e-02 Rejected	 143	 474	
2	 1.0000000e+00	 +1.0000000e+00 +0.0000000e+00	 1.90e-02 Rejected	 142	 474	
3	 1.0000000e+00	 +1.0000000e+00 +0.0000000e+00	 1.91e-02 Rejected	 142	 474	
4	 1.0000000e+00	 +1.0000000e+00 +0.0000000e+00	 1.89e-02 Rejected	 142	 473	
5	 1.0000000e+00	 +1.0000000e+00 +0.0000000e+00	 1.91e-02 Rejected	 142	 475	
6	 1.0000000e+00	 +1.0000000e+00 +0.0000000e+00	 1.89e-02 Rejected	 142	 473	
7	 1.0000000e+00	 +1.0000000e+00 +0.0000000e+00	 1.87e-02 Rejected	 143	 475	
8	 1.0000000e+00	 +1.0000000e+00 +0.0000000e+00	 1.89e-02 Rejected	 142	 473	
9	 1.0000000e+00	 +1.0000000e+00 +0.0000000e+00	 1.92e-02 Rejected	 143	 475	
10	 1.0000000e+00	 +1.0000000e+00 +0.0000000e+00	 1.89e-02 Rejected	 142	 474	
11	 1.0000000e+00	 +1.0000000e+00 +0.0000000e+00	 1.92e-02 Rejected	 142	 473	
12	 1.0000000e+00	 +1.0000000e+00 +0.0000000e+00	 1.90e-02 Rejected	 143	 475	
13	 1.0000000e+00	 +1.0000000e+00 +0.0000000e+00	 1.90e-02 Rejected	 141	 475	
14	 1.0000000e+00	 +1.0000000e+00 +0.0000000e+00	 1.90e-02 Rejected	 140	 475	
15	 1.0000000e+00	 +1.0000000e+00 +0.0000000e+00	 1.91e-02 Rejected	 140	 473	
16	 1.0000000e+00	 +1.0000000e+00 +0.0000000e+00	 1.90e-02 Rejected	 140	 473	
17	 1.0000000e+00	 +1.0000000e+00 +0.0000000e+00	 1.92e-02 Rejected	 141	 473	
18	 1.0000000e+00	 +1.0000000e+00 +0.0000000e+00	 1.92e-02 Rejected	 140	 474	
19	 1.0000000e+00	 +1.0000000e+00 +0.0000000e+00	 1.89e-02 Rejected	 141	 476	
20	 1.0000000e+00	 +1.0000000e+00 +0.0000000e+00	 1.90e-02 Rejected	 140	 474	
21	 1.0000000e+00	 +1.0000000e+00 +0.0000000e+00	 1.88e-02 Rejected	 141	 473	
22	 1.0000000e+00	 +1.0000000e+00 +0.0000000e+00	 1.91e-02 Rejected	 140	 474	
23	 1.0000000e+00	 +1.0000000e+00 +0.0000000e+00	 1.91e-02 Rejected	 140	 474	
24	 1.0000000e+00	 +1.0000000e+00 +0.0000000e+00	 1.90e-02 Rejected	 142	 474	
25	 1.0000000e+00	 +1.0000000e+00 +0.0000000e+00	 1.91e-02 Rejected	 141	 474	
26	 1.0000000e+00	 +1.0000000e+00 +0.0000000e+00	 1.90e-02 Rejected	 140	 474	
27	 1.0000000e+00	 +1.0000000e+00 +0.0000000e+00	 1.89e-02 Rejected	 140	 474	
28	 1.0000000e+00	 +1.0000000e+00 +0.0000000e+00	 1.90e-02 Rejected	 141	 474	
29	 1.0000000e+00	 +1.0000000e+00 +0.0000000e+00	 1.88e-02 Rejected	 141	 474	
30	 1.0000000e+00	 +1.0000000e+00 +0.0000000e+00	 1.90e-02 Rejected	 141	 474	
31	 1.0000000e+00	 +1.0000000e+00 +0.0000000e+00	 1.91e-02 Rejected	 141	 473	
32	 1.0000000e+00	 +1.0000000e+00 +0.0000000e+00	 1.87e-02 Rejected	 141	 475	
33	 1.0000000e+00	 +1.0000000e+00 +0.0000000e+00	 1.89e-02 Rejected	 142	 472	
34	 1.0000000e+00	 +1.0000000e+00 +0.0000000e+00	 1.89e-02 Rejected	 143	 473	
35	 1.0000000e+00	 +1.0000000e+00 +0.0000000e+00	 1.88e-02 Rejected	 143	 473	
36	 1.0000000e+00	 +1.0000000e+00 +0.0000000e+00	 1.90e-02 Rejected	 143	 475	
37	 1.0000000e+00	 +1.0000000e+00 +0.0000000e+00	 1.91e-02 Rejected	 142	 472	
38	 8.1450887e-01	 +4.9259328e-01 -2.8075373e-04	 1.88e-02 Accepted	 143	 474	
39	 8.1450887e-01	 +4.9259328e-01 -2.8075373e-04	 2.42e-01 Rejected	 172	 506	
40	 8.1450887e-01	 +4.9259328e-01 -2.8075373e-04	 2.42e-01 Rejected	 171	 506	
41	 7.5681507e-01	 +3.3334915e-01 +5.4583405e-04	 2.40e-01 Accepted	 171	 505	
42	 7.5681507e-01	 +3.3334915e-01 +5.4583405e-04	 4.96e-01 Rejected	 179	 526	
43	 7.5681507e-01	 +3.3334915e-01 +5.4583405e-04	 4.98e-01 Rejected	 179	 525	
44	 7.5681507e-01	 +3.3334915e-01 +5.4583405e-04	 4.92e-01 Rejected	 179	 526	
45	 7.5681507e-01	 +3.3334915e-01 +5.4583405e-04	 4.97e-01 Rejected	 180	 525	
46	 7.2903038e-01	 +2.5763319e-01 -8.4811516e-04	 4.98e-01 Accepted	 179	 525	
47	 7.1323850e-01	 +2.1626723e-01 -1.1257468e-03	 6.67e-01 Accepted	 182	 540	
48	 7.1323850e-01	 +2.1626723e-01 -1.1257468e-03	 7.76e-01 Rejected	 185	 550	
49	 7.0310765e-01	 +1.8791805e-01 +5.9984114e-04	 7.77e-01 Accepted	 186	 550	
50	 7.0310765e-01	 +1.8791805e-01 +5.9984114e-04	 8.35e-01 Rejected	 188	 558	
51	 6.9608675e-01	 +1.6675045e-01 +5.8532095e-04	 8.38e-01 Accepted	 187	 559	
52	 6.9127427e-01	 +1.5461591e-01 -2.1096100e-05	 8.86e-01 Accepted	 193	 567	
53	 6.8766941e-01	 +1.4277416e-01 -3.0254433e-04	 9.19e-01 Accepted	 196	 573	
54	 6.8493304e-01	 +1.3563077e-01 +7.1563861e-04	 9.22e-01 Accepted	 197	 580	
55	 6.8279978e-01	 +1.2528187e-01 -1.7431143e-04	 9.55e-01 Accepted	 199	 583	
56	 6.8138974e-01	 +1.2366187e-01 +2.0767059e-04	 9.72e-01 Accepted	 200	 589	
57	 6.8029428e-01	 +1.1973682e-01 +6.0838001e-04	 9.68e-01 Accepted	 201	 592	
58	 6.7940801e-01	 +1.1306414e-01 +1.4959547e-03	 9.74e-01 Accepted	 202	 599	
59	 6.7862068e-01	 +1.0882183e-01 -8.2336268e-05	 9.86e-01 Accepted	 204	 602	
60	 6.7777293e-01	 +1.1002994e-01 +9.5197931e-05	 9.77e-01 Accepted	 205	 603	
61	 6.7706352e-01	 +1.0842366e-01 -1.6443312e-05	 9.70e-01 Accepted	 203	 603	
62	 6.7662133e-01	 +1.0263801e-01 +1.1615099e-03	 9.99e-01 Accepted	 202	 608	
63	 6.7635417e-01	 +1.0108184e-01 +1.3459740e-03	 9.94e-01 Accepted	 203	 611	
64	 6.7591250e-01	 +9.6519059e-02 +1.9813604e-04	 9.88e-01 Accepted	 205	 615	
65	 6.7593355e-01	 +9.3596163e-02 +6.2874942e-05	 9.90e-01 Accepted	 204	 615	
66	 6.7563713e-01	 +9.3888578e-02 -1.5373571e-03	 1.00e+00 Accepted	 204	 617	
67	 6.7559117e-01	 +9.1421733e-02 +1.5158770e-03	 9.95e-01 Accepted	 206	 623	
68	 6.7535199e-01	 +9.0233176e-02 -3.3112267e-04	 9.91e-01 Accepted	 207	 623	
69	 6.7515756e-01	 +9.0777103e-02 -1.4580919e-03	 9.96e-01 Accepted	 207	 625	
70	 6.7498278e-01	 +8.7263081e-02 -1.2233183e-03	 1.00e+00 Accepted	 207	 629	
71	 6.7450389e-01	 +8.8994864e-02 +9.6477637e-04	 9.88e-01 Accepted	 209	 633	
72	 6.7456335e-01	 +8.7053171e-02 +1.2930526e-03	 9.96e-01 Accepted	 210	 636	
73	 6.7423078e-01	 +8.5234632e-02 +3.2360092e-04	 9.85e-01 Accepted	 209	 629	
74	 6.7447642e-01	 +8.6621194e-02 -4.5560903e-04	 1.01e+00 Accepted	 209	 634	
75	 6.7442628e-01	 +8.6379226e-02 -6.1637824e-04	 1.00e+00 Accepted	 209	 638	
76	 6.7434295e-01	 +8.5627637e-02 -1.0534010e-03	 9.96e-01 Accepted	 210	 638	
77	 6.7424613e-01	 +8.4719774e-02 -5.5058286e-04	 9.94e-01 Accepted	 212	 638	
78	 6.7393309e-01	 +8.3615179e-02 +1.8755216e-03	 9.84e-01 Accepted	 213	 642	
79	 6.7394012e-01	 +8.4170827e-02 -4.9982859e-04	 1.00e+00 Accepted	 212	 641	
80	 6.7361112e-01	 +8.1871501e-02 -1.2361536e-03	 1.01e+00 Accepted	 212	 642	
81	 6.7369696e-01	 +7.9512370e-02 -2.0789275e-03	 1.00e+00 Accepted	 211	 646	
82	 6.7388262e-01	 +8.0126746e-02 -9.6532217e-04	 9.94e-01 Accepted	 213	 644	
83	 6.7399203e-01	 +7.9354917e-02 -1.3130142e-04	 1.01e+00 Accepted	 212	 648	
84	 6.7390224e-01	 +7.7844083e-02 -3.9793961e-04	 1.01e+00 Accepted	 214	 651	
85	 6.7390224e-01	 +7.7844083e-02 -3.9793961e-04	 9.90e-01 Rejected	 213	 648	
86	 6.7396731e-01	 +7.9660322e-02 +1.3374963e-04	 1.00e+00 Accepted	 212	 648	
87	 6.7407554e-01	 +7.6502501e-02 +3.1329544e-04	 9.88e-01 Accepted	 214	 646	
88	 6.7370846e-01	 +7.6448806e-02 +1.6810148e-03	 9.89e-01 Accepted	 214	 651	
89	 6.7365709e-01	 +7.5490028e-02 +4.1039976e-03	 1.01e+00 Accepted	 214	 652	
90	 6.7374900e-01	 +7.5384592e-02 +8.3603333e-04	 9.97e-01 Accepted	 213	 651	
91	 6.7382557e-01	 +7.6117538e-02 +2.8791223e-04	 1.00e+00 Accepted	 213	 653	
92	 6.7404489e-01	 +7.5645240e-02 -8.0574126e-04	 1.00e+00 Accepted	 214	 651	
93	 6.7359737e-01	 +7.4075354e-02 -7.2417930e-05	 9.86e-01 Accepted	 214	 653	
94	 6.7348887e-01	 +7.1891768e-02 -1.0383342e-03	 9.95e-01 Accepted	 215	 653	
95	 6.7343448e-01	 +7.0182363e-02 -1.6214319e-04	 1.00e+00 Accepted	 215	 652	
96	 6.7323578e-01	 +7.2732977e-02 -1.9253839e-03	 9.90e-01 Accepted	 214	 656	
97	 6.7342269e-01	 +7.4500198e-02 -2.3790468e-03	 1.00e+00 Accepted	 215	 655	
98	 6.7357168e-01	 +7.4125588e-02 -2.7766519e-03	 9.92e-01 Accepted	 217	 660	
99	 6.7327029e-01	 +7.1549744e-02 -2.7812346e-03	 9.97e-01 Accepted	 217	 658	
100	 6.7338709e-01	 +7.3003391e-02 -1.5937266e-03	 1.01e+00 Accepted	 217	 662	
101	 6.7352140e-01	 +7.2982131e-02 -3.5140700e-03	 1.01e+00 Accepted	 219	 662	
102	 6.7346825e-01	 +7.2218497e-02 -1.5660752e-03	 1.00e+00 Accepted	 219	 658	
103	 6.7309912e-01	 +6.9369501e-02 +1.2727958e-03	 9.93e-01 Accepted	 217	 660	
104	 6.7306598e-01	 +7.0705937e-02 +8.9247538e-04	 9.93e-01 Accepted	 217	 665	
105	 6.7299486e-01	 +7.1332227e-02 -1.8605260e-03	 9.95e-01 Accepted	 218	 664	
106	 6.7305838e-01	 +7.0416325e-02 -3.6833876e-04	 1.00e+00 Accepted	 217	 661	
107	 6.7314493e-01	 +7.1242458e-02 +8.4513589e-04	 1.01e+00 Accepted	 218	 665	
108	 6.7303848e-01	 +6.9048530e-02 -8.4125506e-05	 1.00e+00 Accepted	 218	 666	
109	 6.7312228e-01	 +7.1585787e-02 -1.1933667e-03	 9.95e-01 Accepted	 218	 669	
110	 6.7320570e-01	 +6.9732953e-02 +3.4278723e-04	 1.00e+00 Accepted	 220	 669	
111	 6.7320460e-01	 +6.8353032e-02 +4.1637030e-04	 1.01e+00 Accepted	 218	 670	
112	 6.7334207e-01	 +6.5980752e-02 -6.9532689e-04	 9.98e-01 Accepted	 220	 670	
113	 6.7307916e-01	 +6.7568450e-02 -5.1523354e-06	 9.94e-01 Accepted	 219	 670	
114	 6.7337497e-01	 +6.9291125e-02 +1.5504539e-03	 1.01e+00 Accepted	 221	 671	
115	 6.7318150e-01	 +6.8073787e-02 +2.3078648e-05	 1.00e+00 Accepted	 222	 674	
116	 6.7317756e-01	 +7.0253224e-02 -3.7058589e-05	 1.01e+00 Accepted	 218	 668	
117	 6.7306956e-01	 +6.8527040e-02 +1.4938192e-03	 1.00e+00 Accepted	 220	 673	
118	 6.7314485e-01	 +6.9748268e-02 +3.1525186e-04	 1.00e+00 Accepted	 221	 674	
119	 6.7293664e-01	 +6.8166156e-02 +1.6925609e-03	 9.95e-01 Accepted	 220	 675	
120	 6.7320605e-01	 +6.7060635e-02 -1.2402103e-03	 1.01e+00 Accepted	 222	 676	
121	 6.7336692e-01	 +7.0746701e-02 +3.1340503e-03	 9.99e-01 Accepted	 222	 675	
122	 6.7320953e-01	 +6.6721353e-02 +1.7687963e-03	 1.00e+00 Accepted	 221	 677	
123	 6.7331899e-01	 +6.5891964e-02 +8.1721501e-04	 9.96e-01 Accepted	 220	 678	
124	 6.7312823e-01	 +6.8457365e-02 +1.8686107e-03	 9.91e-01 Accepted	 221	 677	
125	 6.7326060e-01	 +6.8046695e-02 +1.3230902e-03	 1.01e+00 Accepted	 222	 677	
126	 6.7319317e-01	 +6.5159170e-02 -3.3147328e-04	 9.86e-01 Accepted	 222	 674	
127	 6.7324415e-01	 +6.3995941e-02 +2.0756166e-04	 1.01e+00 Accepted	 223	 682	
128	 6.7327920e-01	 +6.7129108e-02 -4.2457059e-04	 9.98e-01 Accepted	 223	 682	
129	 6.7309802e-01	 +6.6442968e-02 +2.1223196e-03	 9.98e-01 Accepted	 224	 682	
130	 6.7327100e-01	 +6.8114679e-02 -2.9406215e-04	 1.00e+00 Accepted	 224	 688	
131	 6.7326911e-01	 +6.6616140e-02 +4.2998300e-04	 9.94e-01 Accepted	 223	 683	
132	 6.7338975e-01	 +6.4750815e-02 +2.0917738e-03	 1.00e+00 Accepted	 225	 685	
133	 6.7331319e-01	 +6.4146430e-02 +1.0423922e-03	 9.92e-01 Accepted	 225	 683	
134	 6.7317578e-01	 +6.5974654e-02 +7.7584112e-04	 9.96e-01 Accepted	 223	 679	
135	 6.7333051e-01	 +6.4766454e-02 +2.8903841e-03	 1.00e+00 Accepted	 225	 683	
136	 6.7325841e-01	 +6.4656423e-02 +7.7299437e-04	 9.97e-01 Accepted	 224	 680	
137	 6.7330954e-01	 +6.2899888e-02 +7.5557989e-04	 1.00e+00 Accepted	 222	 678	
138	 6.7300296e-01	 +6.4284104e-02 +4.7022350e-04	 1.01e+00 Accepted	 222	 681	
139	 6.7294469e-01	 +6.5625547e-02 -1.1436200e-03	 1.00e+00 Accepted	 224	 682	
140	 6.7312040e-01	 +6.5644002e-02 -2.5828446e-05	 9.94e-01 Accepted	 223	 681	
141	 6.7297492e-01	 +6.6084259e-02 -1.6668445e-03	 1.00e+00 Accepted	 222	 681	
142	 6.7305814e-01	 +6.3619467e-02 +5.4675516e-04	 1.01e+00 Accepted	 225	 687	
143	 6.7333112e-01	 +6.0934638e-02 -3.6283517e-04	 1.01e+00 Accepted	 225	 688	
144	 6.7332730e-01	 +6.4491565e-02 -8.6492884e-04	 1.00e+00 Accepted	 226	 687	
145	 6.7331600e-01	 +6.5935256e-02 +3.3506731e-04	 1.01e+00 Accepted	 223	 684	
146	 6.7321582e-01	 +6.2658174e-02 -3.3867021e-04	 1.01e+00 Accepted	 224	 683	
147	 6.7332722e-01	 +6.3786612e-02 +1.3919235e-03	 1.00e+00 Accepted	 223	 686	
148	 6.7313964e-01	 +6.3020978e-02 +1.2180582e-03	 9.97e-01 Accepted	 224	 685	
149	 6.7303554e-01	 +6.2822541e-02 +1.3645850e-03	 1.00e+00 Accepted	 225	 684	
150	 6.7323256e-01	 +6.4136605e-02 +1.4983724e-04	 1.00e+00 Accepted	 225	 684	
151	 6.7305102e-01	 +6.5581110e-02 -5.6560275e-04	 9.92e-01 Accepted	 223	 683	
152	 6.7306318e-01	 +6.4941246e-02 +7.1276893e-04	 1.00e+00 Accepted	 224	 685	
153	 6.7324885e-01	 +6.4620589e-02 -1.4958600e-03	 1.01e+00 Accepted	 223	 685	
154	 6.7320458e-01	 +6.1509237e-02 +5.7673986e-04	 1.00e+00 Accepted	 224	 686	
155	 6.7316571e-01	 +6.4255379e-02 +2.7767029e-04	 1.00e+00 Accepted	 224	 691	
156	 6.7304826e-01	 +6.4598103e-02 -1.6586896e-03	 1.01e+00 Accepted	 226	 690	
157	 6.7326785e-01	 +6.2444576e-02 -1.7962326e-03	 1.01e+00 Accepted	 225	 691	
158	 6.7310288e-01	 +6.4080179e-02 -1.0338379e-04	 9.96e-01 Accepted	 224	 691	
159	 6.7308932e-01	 +6.4259674e-02 -1.3653337e-03	 1.00e+00 Accepted	 226	 693	
160	 6.7307064e-01	 +6.5759841e-02 -6.0557263e-04	 1.00e+00 Accepted	 226	 694	
161	 6.7298858e-01	 +6.4429663e-02 -3.0052061e-04	 1.00e+00 Accepted	 227	 697	
162	 6.7271832e-01	 +6.2980417e-02 +5.1500527e-04	 9.91e-01 Accepted	 228	 696	
163	 6.7289255e-01	 +6.3435166e-02 +1.3815534e-03	 1.00e+00 Accepted	 227	 695	
164	 6.7304825e-01	 +6.4119120e-02 -9.2869638e-04	 1.00e+00 Accepted	 228	 698	
165	 6.7314432e-01	 +6.4844234e-02 -1.1073657e-03	 9.99e-01 Accepted	 227	 695	
166	 6.7330720e-01	 +6.2673978e-02 -2.2984492e-03	 1.01e+00 Accepted	 227	 694	
167	 6.7298493e-01	 +6.6486400e-02 -2.0761403e-03	 9.92e-01 Accepted	 225	 696	
168	 6.7300921e-01	 +6.5881504e-02 -2.1402883e-03	 9.92e-01 Accepted	 228	 694	
169	 6.7300667e-01	 +6.4175417e-02 -2.7826533e-03	 9.97e-01 Accepted	 225	 694	
170	 6.7314490e-01	 +6.2930773e-02 -1.8313775e-03	 1.00e+00 Accepted	 225	 690	
171	 6.7294581e-01	 +6.2086506e-02 -3.4968050e-03	 9.87e-01 Accepted	 224	 692	
172	 6.7282243e-01	 +6.0211537e-02 -2.7042901e-03	 9.93e-01 Accepted	 227	 690	
173	 6.7314835e-01	 +6.2264176e-02 -3.4375164e-04	 1.00e+00 Accepted	 227	 695	
174	 6.7293560e-01	 +6.2068597e-02 -2.0896158e-03	 1.00e+00 Accepted	 225	 691	
175	 6.7295702e-01	 +6.3381129e-02 +9.9061233e-04	 9.98e-01 Accepted	 226	 697	
176	 6.7288507e-01	 +6.3284105e-02 -8.7683740e-04	 9.97e-01 Accepted	 225	 694	
177	 6.7299393e-01	 +6.1330434e-02 -1.5953944e-03	 1.01e+00 Accepted	 224	 691	
178	 6.7300684e-01	 +6.2176318e-02 -7.0333623e-04	 1.00e+00 Accepted	 226	 691	
179	 6.7311296e-01	 +6.3038336e-02 +1.6573984e-03	 9.99e-01 Accepted	 224	 692	
180	 6.7308680e-01	 +6.4628163e-02 -1.2796811e-03	 9.99e-01 Accepted	 227	 693	
181	 6.7277148e-01	 +6.3790166e-02 -3.7016069e-03	 9.90e-01 Accepted	 226	 696	
182	 6.7279998e-01	 +6.3247267e-02 -2.5888719e-04	 1.01e+00 Accepted	 227	 690	
183	 6.7286708e-01	 +6.3359941e-02 -1.1893357e-03	 1.01e+00 Accepted	 226	 695	
184	 6.7269870e-01	 +6.1736412e-02 -2.5157283e-03	 1.01e+00 Accepted	 226	 693	
185	 6.7272071e-01	 +6.2715519e-02 -4.1626321e-03	 9.95e-01 Accepted	 226	 690	
186	 6.7264596e-01	 +6.2702137e-02 -1.6409324e-03	 9.97e-01 Accepted	 228	 693	
187	 6.7302194e-01	 +6.2495342e-02 +4.8641187e-04	 1.00e+00 Accepted	 227	 696	
188	 6.7314377e-01	 +6.2261466e-02 +1.0681492e-03	 1.01e+00 Accepted	 227	 697	
189	 6.7294354e-01	 +6.3246352e-02 -4.1025196e-04	 9.83e-01 Accepted	 228	 696	
190	 6.7319438e-01	 +6.2463661e-02 +1.1515281e-03	 1.01e+00 Accepted	 227	 696	
191	 6.7276840e-01	 +6.2983317e-02 +1.1365019e-03	 9.86e-01 Accepted	 226	 698	
192	 6.7268555e-01	 +6.2711111e-02 +1.2136520e-03	 1.00e+00 Accepted	 226	 695	
193	 6.7309996e-01	 +6.2430394e-02 -1.4124907e-03	 1.02e+00 Accepted	 226	 695	
194	 6.7303814e-01	 +6.2648431e-02 +9.5033480e-05	 9.95e-01 Accepted	 228	 697	
195	 6.7306348e-01	 +6.3824623e-02 -7.7033578e-04	 9.99e-01 Accepted	 226	 698	
196	 6.7285081e-01	 +6.3366977e-02 -2.4277161e-04	 1.00e+00 Accepted	 227	 697	
197	 6.7303280e-01	 +6.1843819e-02 -8.8852756e-05	 1.00e+00 Accepted	 226	 695	
198	 6.7303375e-01	 +5.9413050e-02 -1.2639674e-03	 9.91e-01 Accepted	 228	 700	
199	 6.7295356e-01	 +6.3566307e-02 -6.7069454e-04	 1.01e+00 Accepted	 228	 697	
200	 6.7287074e-01	 +6.0952850e-02 -2.0600899e-03	 9.98e-01 Accepted	 227	 697	
# Starting_type: CheckpointStart
# Trajectory_length / Number_of_MD_steps: 1 / 8
# 	 Plaquette	 Polyakov_Loop(re,im)	 Acc._Probability	 runtime_per_traj(s)	 CG_iterations	
201	 6.7302553e-01	 +6.2061795e-02 -1.0424503e-03	 1.52e+00 Accepted	 197	 695	
202	 6.7282814e-01	 +6.2226770e-02 -2.2790625e-04	 6.21e-01 Accepted	 196	 702	
203	 6.7271127e-01	 +5.8647055e-02 +1.1141389e-03	 1.26e+00 Accepted	 196	 706	
204	 6.7319283e-01	 +5.7330494e-02 +1.3048494e-03	 1.65e+00 Accepted	 197	 715	
205	 6.7306615e-01	 +5.9359821e-02 -1.2872591e-03	 7.78e-01 Accepted	 198	 709	
206	 6.7306615e-01	 +5.9359821e-02 -1.2872591e-03	 9.33e-01 Rejected	 198	 705	
207	 6.7308735e-01	 +5.8313157e-02 +1.2530709e-03	 1.00e+00 Accepted	 200	 719	
208	 6.7335430e-01	 +5.6253748e-02 +2.2875978e-03	 1.13e+00 Accepted	 201	 723	
209	 6.7313111e-01	 +5.1799470e-02 +8.5101364e-04	 7.01e-01 Accepted	 200	 717	
210	 6.7307387e-01	 +5.4192930e-02 +2.6573987e-03	 1.28e+00 Accepted	 201	 722	
211	 6.7265496e-01	 +5.3277334e-02 +8.9881855e-04	 6.93e-01 Accepted	 200	 724	
212	 6.7250492e-01	 +5.3116306e-02 -8.5996540e-04	 7.01e-01 Accepted	 201	 728	
213	 6.7255760e-01	 +5.6586798e-02 -8.6688339e-04	 9.66e-01 Accepted	 201	 716	
214	 6.7288018e-01	 +5.4961671e-02 -1.1409085e-03	 1.18e+00 Accepted	 201	 732	
215	 6.7293732e-01	 +5.1623887e-02 -3.1963846e-03	 1.08e+00 Accepted	 204	 739	
216	 6.7293732e-01	 +5.1623887e-02 -3.1963846e-03	 7.99e-01 Rejected	 205	 730	
217	 6.7287348e-01	 +5.4245272e-02 +1.1349374e-03	 9.20e-01 Accepted	 205	 736	
218	 6.7298689e-01	 +5.4763961e-02 -1.6611601e-03	 1.34e+00 Accepted	 205	 735	
219	 6.7327033e-01	 +5.3636287e-02 -5.9039200e-04	 9.71e-01 Accepted	 204	 736	
220	 6.7297947e-01	 +5.1014663e-02 +3.0519285e-04	 8.19e-01 Accepted	 204	 735	
221	 6.7309627e-01	 +5.2399368e-02 -3.0069940e-03	 1.41e+00 Accepted	 205	 742	
222	 6.7310992e-01	 +5.2796732e-02 +1.8043307e-03	 1.12e+00 Accepted	 205	 733	
223	 6.7301694e-01	 +5.2606853e-02 +1.6720905e-04	 1.22e+00 Accepted	 207	 743	
224	 6.7287001e-01	 +5.4803770e-02 +1.0464171e-03	 4.89e-01 Accepted	 206	 738	
225	 6.7288185e-01	 +5.3083620e-02 +1.0530106e-03	 1.04e+00 Accepted	 206	 741	
226	 6.7282778e-01	 +5.2342400e-02 -1.4869594e-03	 8.30e-01 Accepted	 206	 736	
227	 6.7275507e-01	 +5.3129173e-02 -2.5234941e-03	 1.40e+00 Accepted	 206	 743	
228	 6.7278083e-01	 +5.2787420e-02 -1.1712266e-03	 6.80e-01 Accepted	 207	 739	
229	 6.7286253e-01	 +5.4411608e-02 -3.1089215e-04	 1.00e+00 Accepted	 207	 739	
230	 6.7286253e-01	 +5.4411608e-02 -3.1089215e-04	 8.10e-01 Rejected	 209	 749	
231	 6.7310094e-01	 +5.5554106e-02 -9.3780023e-04	 1.18e+00 Accepted	 208	 756	
232	 6.7310094e-01	 +5.5554106e-02 -9.3780023e-04	 8.04e-01 Rejected	 210	 751	
233	 6.7303899e-01	 +5.3824423e-02 -1.0747196e-03	 1.16e+00 Accepted	 208	 753	
234	 6.7292909e-01	 +5.1226186e-02 -1.9238783e-03	 1.17e+00 Accepted	 210	 754	
235	 6.7298827e-01	 +5.0403267e-02 -2.5900002e-03	 5.41e-01 Accepted	 209	 751	
236	 6.7297365e-01	 +5.2599012e-02 -5.9086033e-04	 1.02e+00 Accepted	 210	 745	
237	 6.7307656e-01	 +5.1069253e-02 -9.7547484e-05	 9.71e-01 Accepted	 207	 735	
238	 6.7317882e-01	 +5.1459422e-02 +3.7105454e-04	 8.72e-01 Accepted	 205	 732	
239	 6.7293194e-01	 +5.3278778e-02 +1.7040800e-03	 6.36e-01 Accepted	 205	 730	
240	 6.7280384e-01	 +4.9417675e-02 -8.6911659e-04	 8.42e-01 Accepted	 206	 746	
241	 6.7293816e-01	 +5.2478390e-02 +1.4297831e-03	 8.98e-01 Accepted	 209	 756	
242	 6.7309206e-01	 +5.2547897e-02 +7.1223825e-04	 9.33e-01 Accepted	 209	 743	
243	 6.7272278e-01	 +5.3726064e-02 +5.0073274e-04	 8.66e-01 Accepted	 208	 740	
244	 6.7285283e-01	 +5.1684065e-02 +4.8896857e-04	 1.30e+00 Accepted	 206	 735	
245	 6.7308205e-01	 +5.3897925e-02 +4.2597144e-04	 1.06e+00 Accepted	 206	 738	
246	 6.7313106e-01	 +5.2313616e-02 -1.3721673e-03	 1.31e+00 Accepted	 206	 742	
247	 6.7292914e-01	 +5.1280606e-02 +1.0932100e-03	 8.47e-01 Accepted	 208	 743	
248	 6.7287927e-01	 +5.3198002e-02 +1.2360821e-03	 6.92e-01 Accepted	 207	 748	
249	 6.7290430e-01	 +5.3134417e-02 +1.2409121e-03	 1.39e+00 Accepted	 207	 742	
250	 6.7290430e-01	 +5.3134417e-02 +1.2409121e-03	 4.82e-01 Rejected	 208	 748	
251	 6.7290430e-01	 +5.3134417e-02 +1.2409121e-03	 7.72e-01 Rejected	 208	 750	
252	 6.7261542e-01	 +5.5261018e-02 +3.3248676e-03	 8.95e-01 Accepted	 207	 747	
253	 6.7271821e-01	 +5.2794251e-02 -2.1699891e-03	 1.14e+00 Accepted	 208	 744	
254	 6.7294691e-01	 +5.3648894e-02 +1.9621236e-03	 1.36e+00 Accepted	 206	 742	
255	 6.7265222e-01	 +5.2721557e-02 -4.0034919e-04	 9.53e-01 Accepted	 207	 750	
256	 6.7278630e-01	 +5.0523740e-02 +8.5476569e-04	 8.89e-01 Accepted	 208	 746	
257	 6.7279108e-01	 +5.1512758e-02 +6.1958631e-04	 8.17e-01 Accepted	 206	 742	
258	 6.7279108e-01	 +5.1512758e-02 +6.1958631e-04	 7.45e-01 Rejected	 209	 761	
259	 6.7306231e-01	 +5.1092508e-02 +3.9165165e-04	 1.11e+00 Accepted	 207	 735	
260	 6.7306231e-01	 +5.1092508e-02 +3.9165165e-04	 5.06e-01 Rejected	 206	 738	
261	 6.7268452e-01	 +5.1958482e-02 -6.7511688e-05	 7.13e-01 Accepted	 207	 742	
262	 6.7314163e-01	 +5.1361115e-02 -1.1476737e-03	 2.37e+00 Accepted	 207	 735	
263	 6.7314163e-01	 +5.1361115e-02 -1.1476737e-03	 6.12e-01 Rejected	 207	 747	
264	 6.7301638e-01	 +4.7942821e-02 -1.5397719e-03	 8.48e-01 Accepted	 209	 745	
265	 6.7306598e-01	 +4.7090777e-02 +4.3078701e-05	 8.27e-01 Accepted	 207	 745	
266	 6.7324371e-01	 +5.0558564e-02 -2.1150948e-03	 8.99e-01 Accepted	 207	 742	
267	 6.7343943e-01	 +4.9390424e-02 -1.9993149e-03	 1.02e+00 Accepted	 207	 739	
268	 6.7344835e-01	 +5.1216983e-02 +6.6137451e-04	 1.04e+00 Accepted	 206	 744	
269	 6.7298993e-01	 +5.0554561e-02 -8.5402643e-04	 6.57e-01 Accepted	 208	 743	
270	 6.7307390e-01	 +5.3352776e-02 -6.1692661e-04	 9.70e-01 Accepted	 208	 752	
271	 6.7279625e-01	 +5.0015071e-02 -3.8951124e-04	 6.03e-01 Accepted	 209	 754	
272	 6.7299844e-01	 +4.7909592e-02 -2.1450959e-03	 9.64e-01 Accepted	 208	 747	
273	 6.7299844e-01	 +4.7909592e-02 -2.1450959e-03	 7.48e-01 Rejected	 209	 758	
274	 6.7307320e-01	 +4.9229200e-02 +7.8783304e-04	 8.36e-01 Accepted	 208	 754	
275	 6.7299571e-01	 +4.7039313e-02 +2.5488112e-03	 9.88e-01 Accepted	 209	 756	
276	 6.7297814e-01	 +4.5948769e-02 -1.0075711e-03	 7.42e-01 Accepted	 209	 753	
277	 6.7315157e-01	 +4.9411480e-02 -3.9551259e-04	 1.38e+00 Accepted	 208	 753	
278	 6.7315157e-01	 +4.9411480e-02 -3.9551259e-04	 4.26e-01 Rejected	 210	 757	
279	 6.7328479e-01	 +5.0191431e-02 +4.8054809e-04	 9.45e-01 Accepted	 211	 755	
280	 6.7320564e-01	 +4.8586842e-02 -2.9582198e-04	 1.28e+00 Accepted	 209	 760	
281	 6.7297866e-01	 +4.7439334e-02 +2.0639386e-03	 7.84e-01 Accepted	 210	 753	
282	 6.7295444e-01	 +4.9157183e-02 +1.0799469e-04	 1.09e+00 Accepted	 207	 757	
283	 6.7303618e-01	 +5.1021335e-02 -2.7412384e-03	 1.25e+00 Accepted	 210	 749	
284	 6.7253158e-01	 +4.7535799e-02 +7.1728996e-04	 6.96e-01 Accepted	 210	 766	
285	 6.7280239e-01	 +4.9385496e-02 +1.8400630e-03	 1.47e+00 Accepted	 211	 759	
286	 6.7256655e-01	 +4.9271974e-02 +1.8844712e-03	 1.02e+00 Accepted	 210	 761	
287	 6.7295827e-01	 +5.0849646e-02 +9.1462933e-04	 1.27e+00 Accepted	 209	 761	
288	 6.7278704e-01	 +4.9729980e-02 +1.9658118e-03	 1.35e+00 Accepted	 209	 759	
289	 6.7278704e-01	 +4.9729980e-02 +1.9658118e-03	 7.71e-01 Rejected	 210	 760	
290	 6.7304001e-01	 +5.0860084e-02 +1.8543057e-03	 8.30e-01 Accepted	 210	 758	
291	 6.7304001e-01	 +5.0860084e-02 +1.8543057e-03	 7.78e-01 Rejected	 210	 757	
292	 6.7310797e-01	 +5.2132142e-02 -9.3743234e-04	 1.05e+00 Accepted	 209	 745	
293	 6.7301586e-01	 +5.4029214e-02 +1.7273485e-03	 1.43e+00 Accepted	 206	 733	
294	 6.7287932e-01	 +5.2590387e-02 +2.6773029e-03	 7.12e-01 Accepted	 204	 735	
295	 6.7301487e-01	 +4.9659527e-02 -1.3814959e-04	 1.08e+00 Accepted	 206	 738	
296	 6.7301487e-01	 +4.9659527e-02 -1.3814959e-04	 8.31e-01 Rejected	 206	 731	
297	 6.7288998e-01	 +5.0595229e-02 +2.1021107e-03	 8.54e-01 Accepted	 205	 739	
298	 6.7310911e-01	 +4.8538256e-02 +1.1080814e-03	 9.39e-01 Accepted	 206	 741	
299	 6.7305271e-01	 +4.8043561e-02 +3.0185651e-03	 6.55e-01 Accepted	 206	 742	
300	 6.7299956e-01	 +4.7387473e-02 +3.8215972e-04	 1.06e+00 Accepted	 206	 742	
301	 6.7295335e-01	 +4.8713065e-02 -1.8699397e-03	 1.09e+00 Accepted	 208	 746	
302	 6.7308781e-01	 +4.5368014e-02 +2.7443218e-03	 9.41e-01 Accepted	 208	 744	
303	 6.7298330e-01	 +5.0866282e-02 +4.4397008e-04	 6.80e-01 Accepted	 208	 752	
304	 6.7285655e-01	 +4.7564245e-02 +6.7929483e-04	 8.37e-01 Accepted	 208	 751	
305	 6.7282067e-01	 +5.2465077e-02 -1.1780884e-03	 9.92e-01 Accepted	 207	 744	
306	 6.7287137e-01	 +4.8100999e-02 +2.0240314e-03	 1.19e+00 Accepted	 206	 744	
307	 6.7287137e-01	 +4.8100999e-02 +2.0240314e-03	 7.60e-01 Rejected	 206	 745	
308	 6.7314243e-01	 +4.8655424e-02 +1.9294977e-03	 9.12e-01 Accepted	 207	 749	
309	 6.7327648e-01	 +4.9973044e-02 -2.3128765e-03	 1.48e+00 Accepted	 207	 745	
310	 6.7318369e-01	 +4.9179382e-02 -2.0419757e-03	 9.06e-01 Accepted	 207	 743	
311	 6.7284660e-01	 +5.2187794e-02 +8.9503475e-04	 7.56e-01 Accepted	 207	 742	
312	 6.7281525e-01	 +4.7432617e-02 -1.8225974e-03	 1.34e+00 Accepted	 207	 749	
313	 6.7298272e-01	 +5.0984992e-02 -4.0780347e-04	 1.17e+00 Accepted	 206	 740	
314	 6.7284969e-01	 +5.0320731e-02 -1.8429664e-03	 1.00e+00 Accepted	 206	 744	
315	 6.7284969e-01	 +5.0320731e-02 -1.8429664e-03	 8.51e-01 Rejected	 209	 752	
316	 6.7284969e-01	 +5.0320731e-02 -1.8429664e-03	 8.35e-01 Rejected	 208	 751	
317	 6.7286609e-01	 +4.6013790e-02 -6.6607296e-04	 9.48e-01 Accepted	 206	 743	
318	 6.7289689e-01	 +5.0198401e-02 -1.7410692e-03	 8.59e-01 Accepted	 207	 741	
319	 6.7293642e-01	 +5.0151977e-02 +6.4790430e-04	 6.06e-01 Accepted	 205	 741	
320	 6.7325463e-01	 +4.8911779e-02 -7.0204026e-05	 1.68e+00 Accepted	 204	 741	
321	 6.7322424e-01	 +4.7454202e-02 -5.1278981e-04	 8.97e-01 Accepted	 207	 743	
322	 6.7322424e-01	 +4.7454202e-02 -5.1278981e-04	 7.73e-01 Rejected	 206	 734	
323	 6.7325183e-01	 +4.6931936e-02 -1.8174653e-03	 7.75e-01 Accepted	 206	 739	
324	 6.7296263e-01	 +4.9471545e-02 -4.1344396e-04	 7.12e-01 Accepted	 206	 744	
325	 6.7294878e-01	 +4.6173613e-02 -1.3535030e-03	 1.34e+00 Accepted	 206	 742	
326	 6.7294878e-01	 +4.6173613e-02 -1.3535030e-03	 8.28e-01 Rejected	 208	 748	
327	 6.7288001e-01	 +4.6506035e-02 +1.7371111e-03	 7.34e-01 Accepted	 208	 753	
328	 6.7284211e-01	 +4.7495254e-02 -1.2594797e-03	 6.58e-01 Accepted	 209	 754	
329	 6.7263644e-01	 +4.3865839e-02 +1.7239136e-03	 9.87e-01 Accepted	 211	 765	
330	 6.7271068e-01	 +4.6870373e-02 -4.6861321e-04	 8.66e-01 Accepted	 212	 763	
331	 6.7282388e-01	 +5.0510750e-02 +5.3960285e-04	 1.03e+00 Accepted	 212	 766	
332	 6.7310986e-01	 +5.0591948e-02 +3.1337730e-03	 1.09e+00 Accepted	 213	 762	
333	 6.7306768e-01	 +5.1957665e-02 -7.0459611e-04	 9.31e-01 Accepted	 212	 761	
334	 6.7321827e-01	 +4.7608708e-02 -3.3606191e-04	 1.07e+00 Accepted	 210	 758	
335	 6.7279345e-01	 +4.6799914e-02 +5.3475179e-05	 1.18e+00 Accepted	 209	 748	
336	 6.7301344e-01	 +4.8759966e-02 -6.2165401e-04	 8.80e-01 Accepted	 209	 751	
337	 6.7287923e-01	 +4.9069755e-02 -1.2995806e-03	 8.90e-01 Accepted	 209	 752	
338	 6.7287923e-01	 +4.9069755e-02 -1.2995806e-03	 5.82e-01 Rejected	 208	 743	
339	 6.7291905e-01	 +4.7949017e-02 +6.9027440e-04	 7.75e-01 Accepted	 209	 755	
340	 6.7283567e-01	 +4.7676565e-02 -1.1049667e-03	 9.01e-01 Accepted	 210	 759	
341	 6.7273554e-01	 +4.5344034e-02 -1.1094490e-03	 1.07e+00 Accepted	 212	 763	
342	 6.7269689e-01	 +4.8164428e-02 -1.7976478e-03	 1.14e+00 Accepted	 211	 762	
343	 6.7295726e-01	 +4.8330581e-02 +1.0888548e-03	 1.36e+00 Accepted	 211	 763	
344	 6.7306184e-01	 +5.0716630e-02 -6.4527563e-04	 1.34e+00 Accepted	 210	 748	
345	 6.7309982e-01	 +4.5510282e-02 -1.4501825e-03	 9.04e-01 Accepted	 209	 751	
346	 6.7309982e-01	 +4.5510282e-02 -1.4501825e-03	 7.40e-01 Rejected	 210	 757	
347	 6.7303935e-01	 +5.0052949e-02 -2.5187086e-03	 9.31e-01 Accepted	 211	 756	
348	 6.7303484e-01	 +4.9358629e-02 -3.0768308e-03	 7.50e-01 Accepted	 209	 759	
349	 6.7284073e-01	 +4.7406799e-02 -6.3801003e-04	 5.66e-01 Accepted	 211	 761	
350	 6.7310138e-01	 +4.5393026e-02 -2.1397069e-03	 1.26e+00 Accepted	 210	 759	
351	 6.7335235e-01	 +4.5994477e-02 +2.4731273e-04	 1.07e+00 Accepted	 212	 760	
352	 6.7335235e-01	 +4.5994477e-02 +2.4731273e-04	 5.85e-01 Rejected	 210	 756	
353	 6.7311472e-01	 +4.8319007e-02 -2.5316975e-03	 1.22e+00 Accepted	 212	 753	
354	 6.7289563e-01	 +4.9969097e-02 -1.7342198e-05	 1.11e+00 Accepted	 210	 760	
355	 6.7289563e-01	 +4.9969097e-02 -1.7342198e-05	 7.94e-01 Rejected	 208	 748	
356	 6.7292020e-01	 +4.8666500e-02 -1.5807345e-03	 9.91e-01 Accepted	 209	 751	
357	 6.7282019e-01	 +5.1338087e-02 -5.2856382e-05	 8.30e-01 Accepted	 209	 752	
358	 6.7295245e-01	 +4.6264664e-02 +5.1800939e-04	 1.39e+00 Accepted	 208	 748	
359	 6.7271755e-01	 +4.7339406e-02 -6.1300216e-04	 6.11e-01 Accepted	 208	 742	
360	 6.7290273e-01	 +4.8411148e-02 +8.5527028e-04	 1.09e+00 Accepted	 206	 746	
361	 6.7290064e-01	 +4.9894320e-02 +4.1914914e-04	 1.34e+00 Accepted	 209	 747	
362	 6.7294888e-01	 +5.0831210e-02 -7.2892309e-04	 8.26e-01 Accepted	 209	 747	
363	 6.7281285e-01	 +5.0196086e-02 -4.9384199e-04	 5.61e-01 Accepted	 209	 751	
364	 6.7284894e-01	 +4.2727380e-02 +1.0542226e-03	 1.68e+00 Accepted	 209	 750	
365	 6.7284894e-01	 +4.2727380e-02 +1.0542226e-03	 6.26e-01 Rejected	 210	 758	
366	 6.7276756e-01	 +4.6731105e-02 +8.7755861e-04	 9.25e-01 Accepted	 210	 754	
367	 6.7278074e-01	 +4.6694513e-02 +1.7934869e-03	 1.24e+00 Accepted	 209	 759	
368	 6.7270597e-01	 +4.9610831e-02 +2.6970046e-03	 8.62e-01 Accepted	 210	 754	
369	 6.7279105e-01	 +4.9869560e-02 +1.4723042e-03	 9.94e-01 Accepted	 210	 750	
370	 6.7270224e-01	 +4.6486919e-02 +7.6099626e-04	 8.40e-01 Accepted	 210	 750	
371	 6.7282276e-01	 +4.7678922e-02 -3.0968574e-03	 1.19e+00 Accepted	 208	 753	
372	 6.7278618e-01	 +4.6548896e-02 +2.4612374e-03	 8.76e-01 Accepted	 211	 758	
373	 6.7302510e-01	 +4.6096346e-02 -1.3625972e-03	 1.40e+00 Accepted	 210	 759	
374	 6.7298211e-01	 +4.4609287e-02 -7.1848158e-04	 9.25e-01 Accepted	 211	 765	
375	 6.7300219e-01	 +4.5957920e-02 -1.8216063e-03	 8.75e-01 Accepted	 209	 756	
376	 6.7316326e-01	 +4.6701787e-02 -1.2294813e-03	 1.06e+00 Accepted	 209	 751	
377	 6.7323011e-01	 +4.6654149e-02 +6.2805296e-04	 1.29e+00 Accepted	 210	 758	
378	 6.7300155e-01	 +4.7148797e-02 +4.3856330e-04	 1.02e+00 Accepted	 210	 762	
379	 6.7302562e-01	 +4.6497383e-02 -3.7558672e-03	 1.06e+00 Accepted	 211	 756	
380	 6.7303277e-01	 +4.7149338e-02 -3.9091189e-04	 1.03e+00 Accepted	 210	 759	
381	 6.7323895e-01	 +4.7373559e-02 +7.9836921e-04	 1.62e+00 Accepted	 211	 767	
382	 6.7324465e-01	 +4.3204892e-02 +3.7735660e-04	 8.26e-01 Accepted	 213	 763	
383	 6.7329414e-01	 +4.5920097e-02 +3.7869155e-04	 1.23e+00 Accepted	 210	 759	
384	 6.7278831e-01	 +4.6510453e-02 -3.3761002e-03	 8.36e-01 Accepted	 211	 756	
385	 6.7284453e-01	 +4.4667769e-02 -3.7590103e-04	 5.22e-01 Accepted	 209	 755	
386	 6.7281550e-01	 +4.6707683e-02 -3.0182401e-03	 1.13e+00 Accepted	 209	 763	
387	 6.7281550e-01	 +4.6707683e-02 -3.0182401e-03	 7.82e-01 Rejected	 211	 765	
388	 6.7298422e-01	 +5.1008972e-02 +1.4264632e-05	 1.75e+00 Accepted	 210	 749	
389	 6.7298422e-01	 +5.1008972e-02 +1.4264632e-05	 6.99e-01 Rejected	 209	 760	
390	 6.7300713e-01	 +5.0950627e-02 +9.7333635e-05	 9.41e-01 Accepted	 209	 761	
391	 6.7282556e-01	 +4.8515767e-02 -8.5901257e-04	 5.53e-01 Accepted	 212	 759	
392	 6.7297873e-01	 +4.8044572e-02 +1.7198899e-03	 1.12e+00 Accepted	 211	 764	
393	 6.7276841e-01	 +5.2771609e-02 -1.4490847e-04	 6.54e-01 Accepted	 211	 758	
394	 6.7303891e-01	 +4.9781007e-02 +1.3701258e-03	 1.35e+00 Accepted	 211	 763	
395	 6.7303891e-01	 +4.9781007e-02 +1.3701258e-03	 7.71e-01 Rejected	 211	 764	
396	 6.7299537e-01	 +5.0363283e-02 -2.7559253e-03	 9.49e-01 Accepted	 211	 761	
397	 6.7286071e-01	 +4.7691251e-02 +3.9977769e-04	 5.36e-01 Accepted	 212	 767	
398	 6.7294010e-01	 +5.0621593e-02 -2.4532045e-04	 1.09e+00 Accepted	 211	 757	
399	 6.7288018e-01	 +4.5403194e-02 -9.7733501e-04	 1.11e+00 Accepted	 212	 768	
400	 6.7281610e-01	 +4.7766924e-02 -9.6468443e-04	 9.27e-01 Accepted	 213	 767	
