# Starting_type: ColdStart
# serial RNG seed: 	[52257 6226 61135 28002 15550]
# parallel RNG seed:	[5655 22979 35975 36883 59293]
# Trajectory_length / Number_of_MD_steps: 0.2 / 10
# 	 Plaquette	 Polyakov_Loop(re,im)	 Acc._Probability	 runtime_per_traj(s)	 CG_iterations	
1	 1.0000000e+00	 +1.0000000e+00 +0.0000000e+00	 2.40e-02 Rejected	 139	 473	
2	 1.0000000e+00	 +1.0000000e+00 +0.0000000e+00	 2.39e-02 Rejected	 138	 474	
3	 1.0000000e+00	 +1.0000000e+00 +0.0000000e+00	 2.38e-02 Rejected	 139	 476	
4	 1.0000000e+00	 +1.0000000e+00 +0.0000000e+00	 2.38e-02 Rejected	 138	 477	
5	 1.0000000e+00	 +1.0000000e+00 +0.0000000e+00	 2.40e-02 Rejected	 138	 474	
6	 1.0000000e+00	 +1.0000000e+00 +0.0000000e+00	 2.41e-02 Rejected	 138	 476	
7	 1.0000000e+00	 +1.0000000e+00 +0.0000000e+00	 2.39e-02 Rejected	 139	 476	
8	 1.0000000e+00	 +1.0000000e+00 +0.0000000e+00	 2.38e-02 Rejected	 138	 475	
9	 1.0000000e+00	 +1.0000000e+00 +0.0000000e+00	 2.40e-02 Rejected	 139	 475	
10	 1.0000000e+00	 +1.0000000e+00 +0.0000000e+00	 2.40e-02 Rejected	 138	 475	
11	 1.0000000e+00	 +1.0000000e+00 +0.0000000e+00	 2.40e-02 Rejected	 138	 474	
12	 1.0000000e+00	 +1.0000000e+00 +0.0000000e+00	 2.40e-02 Rejected	 138	 475	
13	 1.0000000e+00	 +1.0000000e+00 +0.0000000e+00	 2.43e-02 Rejected	 137	 475	
14	 1.0000000e+00	 +1.0000000e+00 +0.0000000e+00	 2.40e-02 Rejected	 136	 475	
15	 1.0000000e+00	 +1.0000000e+00 +0.0000000e+00	 2.41e-02 Rejected	 137	 473	
16	 1.0000000e+00	 +1.0000000e+00 +0.0000000e+00	 2.39e-02 Rejected	 136	 474	
17	 1.0000000e+00	 +1.0000000e+00 +0.0000000e+00	 2.41e-02 Rejected	 136	 472	
18	 1.0000000e+00	 +1.0000000e+00 +0.0000000e+00	 2.38e-02 Rejected	 136	 474	
19	 1.0000000e+00	 +1.0000000e+00 +0.0000000e+00	 2.39e-02 Rejected	 137	 474	
20	 1.0000000e+00	 +1.0000000e+00 +0.0000000e+00	 2.40e-02 Rejected	 136	 473	
21	 1.0000000e+00	 +1.0000000e+00 +0.0000000e+00	 2.37e-02 Rejected	 136	 475	
22	 1.0000000e+00	 +1.0000000e+00 +0.0000000e+00	 2.39e-02 Rejected	 136	 475	
23	 1.0000000e+00	 +1.0000000e+00 +0.0000000e+00	 2.38e-02 Rejected	 136	 476	
24	 1.0000000e+00	 +1.0000000e+00 +0.0000000e+00	 2.38e-02 Rejected	 137	 475	
25	 1.0000000e+00	 +1.0000000e+00 +0.0000000e+00	 2.38e-02 Rejected	 137	 476	
26	 1.0000000e+00	 +1.0000000e+00 +0.0000000e+00	 2.41e-02 Rejected	 137	 475	
27	 1.0000000e+00	 +1.0000000e+00 +0.0000000e+00	 2.38e-02 Rejected	 136	 475	
28	 1.0000000e+00	 +1.0000000e+00 +0.0000000e+00	 2.39e-02 Rejected	 137	 475	
29	 1.0000000e+00	 +1.0000000e+00 +0.0000000e+00	 2.43e-02 Rejected	 136	 475	
30	 1.0000000e+00	 +1.0000000e+00 +0.0000000e+00	 2.39e-02 Rejected	 138	 475	
31	 1.0000000e+00	 +1.0000000e+00 +0.0000000e+00	 2.38e-02 Rejected	 136	 474	
32	 1.0000000e+00	 +1.0000000e+00 +0.0000000e+00	 2.39e-02 Rejected	 136	 475	
33	 1.0000000e+00	 +1.0000000e+00 +0.0000000e+00	 2.42e-02 Rejected	 137	 474	
34	 1.0000000e+00	 +1.0000000e+00 +0.0000000e+00	 2.41e-02 Rejected	 138	 474	
35	 1.0000000e+00	 +1.0000000e+00 +0.0000000e+00	 2.38e-02 Rejected	 138	 475	
36	 1.0000000e+00	 +1.0000000e+00 +0.0000000e+00	 2.41e-02 Rejected	 138	 476	
37	 1.0000000e+00	 +1.0000000e+00 +0.0000000e+00	 2.40e-02 Rejected	 138	 474	
38	 1.0000000e+00	 +1.0000000e+00 +0.0000000e+00	 2.41e-02 Rejected	 138	 475	
39	 1.0000000e+00	 +1.0000000e+00 +0.0000000e+00	 2.40e-02 Rejected	 138	 475	
40	 1.0000000e+00	 +1.0000000e+00 +0.0000000e+00	 2.39e-02 Rejected	 138	 475	
41	 1.0000000e+00	 +1.0000000e+00 +0.0000000e+00	 2.40e-02 Rejected	 139	 475	
42	 1.0000000e+00	 +1.0000000e+00 +0.0000000e+00	 2.41e-02 Rejected	 138	 475	
43	 1.0000000e+00	 +1.0000000e+00 +0.0000000e+00	 2.40e-02 Rejected	 138	 476	
44	 1.0000000e+00	 +1.0000000e+00 +0.0000000e+00	 2.39e-02 Rejected	 139	 475	
45	 1.0000000e+00	 +1.0000000e+00 +0.0000000e+00	 2.41e-02 Rejected	 138	 475	
46	 1.0000000e+00	 +1.0000000e+00 +0.0000000e+00	 2.39e-02 Rejected	 138	 474	
47	 1.0000000e+00	 +1.0000000e+00 +0.0000000e+00	 2.39e-02 Rejected	 138	 475	
48	 1.0000000e+00	 +1.0000000e+00 +0.0000000e+00	 2.40e-02 Rejected	 138	 475	
49	 1.0000000e+00	 +1.0000000e+00 +0.0000000e+00	 2.38e-02 Rejected	 138	 475	
50	 1.0000000e+00	 +1.0000000e+00 +0.0000000e+00	 2.40e-02 Rejected	 138	 474	
51	 1.0000000e+00	 +1.0000000e+00 +0.0000000e+00	 2.37e-02 Rejected	 138	 475	
52	 1.0000000e+00	 +1.0000000e+00 +0.0000000e+00	 2.40e-02 Rejected	 138	 474	
53	 1.0000000e+00	 +1.0000000e+00 +0.0000000e+00	 2.41e-02 Rejected	 138	 474	
54	 8.0834680e-01	 +4.8410386e-01 -1.1608021e-03	 2.37e-02 Accepted	 138	 475	
55	 8.0834680e-01	 +4.8410386e-01 -1.1608021e-03	 2.36e-01 Rejected	 166	 509	
56	 8.0834680e-01	 +4.8410386e-01 -1.1608021e-03	 2.38e-01 Rejected	 166	 508	
57	 7.4305736e-01	 +3.1873638e-01 +7.3382964e-04	 2.38e-01 Accepted	 166	 508	
58	 7.4305736e-01	 +3.1873638e-01 +7.3382964e-04	 4.75e-01 Rejected	 174	 529	
59	 7.0966793e-01	 +2.3801173e-01 +9.0510409e-04	 4.72e-01 Accepted	 175	 529	
60	 6.8996146e-01	 +1.9394900e-01 -1.0782094e-03	 6.47e-01 Accepted	 179	 544	
61	 6.7703589e-01	 +1.6406246e-01 -2.6603345e-03	 7.58e-01 Accepted	 183	 556	
62	 6.6766945e-01	 +1.4323908e-01 +7.4885088e-04	 8.02e-01 Accepted	 185	 566	
63	 6.6085895e-01	 +1.2560441e-01 -1.4262942e-03	 8.77e-01 Accepted	 188	 574	
64	 6.5576428e-01	 +1.1415479e-01 -1.2611703e-03	 8.93e-01 Accepted	 190	 582	
65	 6.5169026e-01	 +1.0659100e-01 +2.4731495e-04	 9.15e-01 Accepted	 192	 586	
66	 6.4840971e-01	 +9.6506321e-02 +1.6893858e-03	 9.27e-01 Accepted	 194	 593	
67	 6.4595472e-01	 +9.3267987e-02 +1.4008090e-03	 9.50e-01 Accepted	 195	 599	
68	 6.4403638e-01	 +8.5907299e-02 +3.4602535e-04	 9.54e-01 Accepted	 196	 603	
69	 6.4226278e-01	 +8.1903350e-02 -1.2216798e-03	 9.78e-01 Accepted	 196	 610	
70	 6.4071645e-01	 +7.7026495e-02 +2.6278758e-04	 9.75e-01 Accepted	 198	 611	
71	 6.3962331e-01	 +7.4073993e-02 -1.1525084e-03	 9.79e-01 Accepted	 200	 619	
72	 6.3850339e-01	 +7.0954861e-02 -9.6373018e-04	 9.73e-01 Accepted	 200	 620	
73	 6.3763476e-01	 +6.9763525e-02 -1.4947970e-03	 9.75e-01 Accepted	 202	 627	
74	 6.3674912e-01	 +6.7455479e-02 -2.9072943e-04	 9.77e-01 Accepted	 204	 631	
75	 6.3639646e-01	 +6.5012545e-02 +7.3222916e-04	 1.00e+00 Accepted	 206	 635	
76	 6.3572444e-01	 +6.2770716e-02 +1.9467241e-03	 9.87e-01 Accepted	 206	 636	
77	 6.3512032e-01	 +6.1968870e-02 +2.0021938e-03	 9.82e-01 Accepted	 207	 642	
78	 6.3495550e-01	 +6.2752809e-02 -7.4287941e-04	 1.00e+00 Accepted	 208	 645	
79	 6.3456581e-01	 +6.1369285e-02 +1.2786968e-03	 9.92e-01 Accepted	 208	 646	
80	 6.3417389e-01	 +6.1196349e-02 +2.1021905e-03	 9.89e-01 Accepted	 209	 648	
81	 6.3370230e-01	 +5.9674091e-02 +8.3444864e-04	 9.93e-01 Accepted	 208	 653	
82	 6.3318004e-01	 +5.7249820e-02 -6.8183606e-04	 9.80e-01 Accepted	 209	 653	
83	 6.3318825e-01	 +5.7201533e-02 +4.3516855e-03	 1.00e+00 Accepted	 210	 653	
84	 6.3300041e-01	 +5.6941285e-02 +2.5076242e-03	 1.00e+00 Accepted	 209	 656	
85	 6.3270302e-01	 +5.4129375e-02 +1.2751273e-03	 9.88e-01 Accepted	 210	 661	
86	 6.3250979e-01	 +5.3912768e-02 +6.3862009e-04	 9.94e-01 Accepted	 209	 656	
87	 6.3214305e-01	 +5.5348057e-02 +1.7997911e-04	 9.81e-01 Accepted	 211	 662	
88	 6.3214289e-01	 +5.2277661e-02 +2.0200192e-04	 9.91e-01 Accepted	 212	 665	
89	 6.3221194e-01	 +4.9032397e-02 -7.1929173e-04	 1.01e+00 Accepted	 212	 666	
90	 6.3185067e-01	 +4.6578480e-02 +3.0054267e-04	 9.97e-01 Accepted	 212	 662	
91	 6.3163796e-01	 +4.8848148e-02 +1.0260609e-03	 1.00e+00 Accepted	 212	 663	
92	 6.3178588e-01	 +5.0332739e-02 +2.6982866e-03	 1.01e+00 Accepted	 214	 669	
93	 6.3148309e-01	 +4.8511030e-02 +1.2319875e-03	 9.91e-01 Accepted	 216	 671	
94	 6.3139710e-01	 +4.9130746e-02 -6.1750501e-04	 1.00e+00 Accepted	 215	 670	
95	 6.3096782e-01	 +4.6873641e-02 -1.2788234e-03	 9.81e-01 Accepted	 216	 674	
96	 6.3122028e-01	 +4.8401619e-02 +2.7489971e-04	 1.00e+00 Accepted	 217	 679	
97	 6.3113004e-01	 +4.7345608e-02 +6.7247299e-04	 1.01e+00 Accepted	 216	 673	
98	 6.3117235e-01	 +4.8782460e-02 -1.5502161e-03	 1.01e+00 Accepted	 216	 676	
99	 6.3086637e-01	 +4.6961003e-02 +1.8854966e-03	 1.00e+00 Accepted	 217	 679	
100	 6.3076832e-01	 +4.6279214e-02 +3.3131631e-04	 1.00e+00 Accepted	 218	 684	
101	 6.3089735e-01	 +4.3383441e-02 -1.3920065e-03	 1.00e+00 Accepted	 219	 688	
102	 6.3086789e-01	 +4.5329212e-02 -5.6668461e-05	 1.00e+00 Accepted	 219	 683	
103	 6.3103850e-01	 +4.3049427e-02 -6.0979139e-04	 9.95e-01 Accepted	 219	 681	
104	 6.3081515e-01	 +4.3474222e-02 +6.8811378e-04	 1.00e+00 Accepted	 220	 682	
105	 6.3069551e-01	 +4.6779668e-02 +2.1658325e-03	 1.00e+00 Accepted	 217	 683	
106	 6.3090941e-01	 +4.5786495e-02 -5.0460490e-04	 1.01e+00 Accepted	 218	 681	
107	 6.3075320e-01	 +4.5459744e-02 -1.0453417e-03	 9.83e-01 Accepted	 216	 683	
108	 6.3052430e-01	 +4.5545004e-02 +8.7201093e-04	 9.86e-01 Accepted	 218	 685	
109	 6.3066786e-01	 +4.4309097e-02 +1.6015621e-03	 1.01e+00 Accepted	 219	 688	
110	 6.3062743e-01	 +4.5791807e-02 -3.2661908e-04	 1.01e+00 Accepted	 218	 687	
111	 6.3058970e-01	 +4.4197192e-02 +5.3106065e-04	 9.93e-01 Accepted	 218	 689	
112	 6.3068069e-01	 +4.1739260e-02 +5.8569840e-04	 1.00e+00 Accepted	 219	 692	
113	 6.3070931e-01	 +4.2009682e-02 -1.2870471e-05	 1.01e+00 Accepted	 219	 692	
114	 6.3058471e-01	 +4.3726317e-02 -1.0017944e-03	 9.91e-01 Accepted	 219	 692	
115	 6.3070839e-01	 +4.4011550e-02 -1.0328434e-03	 9.92e-01 Accepted	 218	 689	
116	 6.3054659e-01	 +4.4527238e-02 -2.7242961e-03	 1.00e+00 Accepted	 219	 690	
117	 6.3037032e-01	 +4.1530007e-02 -1.2596833e-03	 1.00e+00 Accepted	 219	 696	
118	 6.2999191e-01	 +3.9341003e-02 -9.6020563e-04	 1.01e+00 Accepted	 220	 691	
119	 6.3006504e-01	 +4.1097510e-02 -2.6275675e-03	 9.87e-01 Accepted	 220	 695	
120	 6.3013977e-01	 +4.2255815e-02 -1.5813872e-03	 1.01e+00 Accepted	 222	 697	
121	 6.3025830e-01	 +4.2229599e-02 -1.6661277e-03	 9.95e-01 Accepted	 221	 697	
122	 6.3018571e-01	 +4.0992699e-02 +1.0931464e-03	 9.89e-01 Accepted	 220	 699	
123	 6.3031961e-01	 +4.3017600e-02 +1.9800603e-03	 9.98e-01 Accepted	 222	 694	
124	 6.3044867e-01	 +4.1631064e-02 -1.6284516e-04	 1.00e+00 Accepted	 222	 699	
125	 6.3045614e-01	 +4.3504835e-02 -1.6545229e-03	 1.00e+00 Accepted	 221	 703	
126	 6.3042311e-01	 +4.2039199e-02 -4.8301198e-04	 9.95e-01 Accepted	 221	 697	
127	 6.3046154e-01	 +4.0576638e-02 -2.3394894e-03	 1.00e+00 Accepted	 221	 700	
128	 6.3045384e-01	 +4.2074927e-02 -2.2663112e-03	 1.01e+00 Accepted	 222	 703	
129	 6.3056567e-01	 +4.2640179e-02 +1.0160564e-03	 9.90e-01 Accepted	 222	 706	
130	 6.3035138e-01	 +4.0863660e-02 +8.0794640e-04	 9.90e-01 Accepted	 223	 706	
131	 6.3024481e-01	 +4.0861390e-02 -1.0864945e-03	 1.00e+00 Accepted	 223	 702	
132	 6.3040183e-01	 +4.1045299e-02 -5.6489516e-04	 9.99e-01 Accepted	 222	 701	
133	 6.3015877e-01	 +4.0830664e-02 +2.0275706e-03	 9.86e-01 Accepted	 224	 706	
134	 6.3020328e-01	 +4.2780323e-02 +3.1900436e-03	 1.01e+00 Accepted	 223	 704	
135	 6.3003161e-01	 +4.1398189e-02 +1.3808304e-03	 9.91e-01 Accepted	 223	 705	
136	 6.2981459e-01	 +3.8821023e-02 +4.5138746e-04	 1.00e+00 Accepted	 222	 703	
137	 6.2980766e-01	 +3.8521178e-02 +2.6407961e-04	 9.96e-01 Accepted	 223	 708	
138	 6.2979267e-01	 +3.8795834e-02 -5.6282288e-04	 9.95e-01 Accepted	 224	 703	
139	 6.2985819e-01	 +3.9853315e-02 +2.0875093e-03	 1.00e+00 Accepted	 223	 704	
140	 6.2988205e-01	 +3.9563594e-02 -4.6471578e-04	 1.00e+00 Accepted	 223	 706	
141	 6.2985801e-01	 +3.7870352e-02 +9.1784680e-04	 1.00e+00 Accepted	 223	 709	
142	 6.3000948e-01	 +3.9509007e-02 -1.0809146e-03	 1.00e+00 Accepted	 224	 706	
143	 6.2987031e-01	 +3.9012504e-02 +2.3112378e-03	 9.90e-01 Accepted	 223	 701	
144	 6.2964641e-01	 +3.8155975e-02 +3.1196272e-04	 1.00e+00 Accepted	 223	 705	
145	 6.3008274e-01	 +3.7224914e-02 +2.6464511e-03	 1.00e+00 Accepted	 221	 703	
146	 6.3002047e-01	 +3.8366695e-02 -1.5962092e-03	 1.00e+00 Accepted	 224	 705	
147	 6.2980357e-01	 +3.5596773e-02 -1.8343236e-03	 9.91e-01 Accepted	 223	 705	
148	 6.3022887e-01	 +3.5952376e-02 -1.3360456e-05	 1.01e+00 Accepted	 223	 707	
149	 6.3002318e-01	 +3.7979311e-02 +1.5656901e-03	 9.91e-01 Accepted	 223	 704	
150	 6.3003228e-01	 +3.7274310e-02 -7.0496116e-04	 1.01e+00 Accepted	 224	 710	
151	 6.3033513e-01	 +3.6146215e-02 -1.9956985e-03	 9.90e-01 Accepted	 223	 707	
152	 6.3016141e-01	 +3.5570181e-02 -1.0362081e-03	 9.97e-01 Accepted	 223	 707	
153	 6.2979567e-01	 +3.4934062e-02 -1.0596941e-03	 9.99e-01 Accepted	 224	 707	
154	 6.3006086e-01	 +3.5541325e-02 -6.2884628e-04	 1.01e+00 Accepted	 224	 709	
155	 6.3004386e-01	 +3.3821099e-02 +1.9776111e-03	 9.92e-01 Accepted	 224	 711	
156	 6.2981298e-01	 +3.4221912e-02 +8.8753867e-05	 9.95e-01 Accepted	 225	 709	
157	 6.2990046e-01	 +3.3961454e-02 -2.3905975e-03	 1.01e+00 Accepted	 224	 712	
158	 6.2999942e-01	 +3.4861649e-02 +2.5404599e-04	 1.02e+00 Accepted	 225	 712	
159	 6.2993926e-01	 +3.6842979e-02 -8.0476139e-04	 1.01e+00 Accepted	 226	 715	
160	 6.3000758e-01	 +3.8270304e-02 +1.2054163e-04	 9.99e-01 Accepted	 227	 717	
161	 6.3034958e-01	 +3.8705514e-02 -1.3241759e-03	 1.01e+00 Accepted	 226	 719	
162	 6.3003911e-01	 +3.6125809e-02 +2.4032314e-03	 1.00e+00 Accepted	 227	 717	
163	 6.3015581e-01	 +3.4647718e-02 +2.8231753e-03	 9.91e-01 Accepted	 227	 716	
164	 6.3010219e-01	 +3.6307454e-02 -6.5418870e-04	 9.95e-01 Accepted	 227	 715	
165	 6.2999499e-01	 +3.6083697e-02 -2.1832584e-04	 1.00e+00 Accepted	 225	 714	
166	 6.3021228e-01	 +3.5827940e-02 +4.6208246e-04	 1.01e+00 Accepted	 227	 720	
167	 6.3000484e-01	 +3.5853128e-02 -3.6346969e-03	 1.01e+00 Accepted	 227	 720	
168	 6.3001656e-01	 +3.3479251e-02 -2.1737271e-03	 9.93e-01 Accepted	 228	 722	
169	 6.3012966e-01	 +3.3626405e-02 -2.1963749e-03	 1.00e+00 Accepted	 230	 724	
170	 6.3016815e-01	 +3.4938091e-02 -8.9998891e-04	 1.00e+00 Accepted	 230	 723	
171	 6.3009192e-01	 +3.3650872e-02 -5.3289617e-04	 9.98e-01 Accepted	 229	 719	
172	 6.3015542e-01	 +3.4378458e-02 +9.6289920e-06	 1.01e+00 Accepted	 228	 723	
173	 6.2999485e-01	 +3.5137918e-02 -1.9001763e-03	 9.93e-01 Accepted	 226	 721	
174	 6.3005395e-01	 +3.4334569e-02 +1.6298601e-03	 9.99e-01 Accepted	 228	 722	
175	 6.2995420e-01	 +3.5016254e-02 +4.0559179e-04	 9.96e-01 Accepted	 227	 723	
176	 6.3015944e-01	 +3.5246990e-02 +3.0567697e-03	 1.01e+00 Accepted	 227	 720	
177	 6.3019798e-01	 +3.3010232e-02 +2.1317658e-03	 1.00e+00 Accepted	 228	 722	
178	 6.2988529e-01	 +3.3382867e-02 +2.8376201e-04	 9.96e-01 Accepted	 227	 722	
179	 6.3006702e-01	 +3.3871191e-02 +7.5464741e-04	 1.01e+00 Accepted	 227	 721	
180	 6.3009649e-01	 +3.5064276e-02 -1.4127174e-04	 9.94e-01 Accepted	 228	 728	
181	 6.3005044e-01	 +3.3849398e-02 -1.9271352e-03	 9.98e-01 Accepted	 229	 729	
182	 6.2993432e-01	 +3.2728454e-02 +6.8266256e-04	 9.89e-01 Accepted	 228	 729	
183	 6.2964366e-01	 +3.5973039e-02 +8.9038039e-04	 1.00e+00 Accepted	 229	 725	
184	 6.2979273e-01	 +3.6545551e-02 -1.3568458e-03	 1.00e+00 Accepted	 228	 726	
185	 6.2970588e-01	 +3.6104591e-02 +1.1341204e-03	 1.00e+00 Accepted	 229	 727	
186	 6.2966465e-01	 +3.3985215e-02 +1.1200860e-03	 9.97e-01 Accepted	 230	 727	
187	 6.2956977e-01	 +3.3733307e-02 +1.0108018e-03	 9.97e-01 Accepted	 229	 726	
188	 6.2965458e-01	 +3.3973021e-02 +1.4482236e-03	 1.01e+00 Accepted	 230	 727	
189	 6.2946492e-01	 +3.2961675e-02 +1.3251222e-03	 9.97e-01 Accepted	 228	 725	
190	 6.2970653e-01	 +3.5555957e-02 +3.6624493e-04	 1.00e+00 Accepted	 229	 728	
191	 6.2953853e-01	 +3.6352156e-02 +1.5150130e-03	 1.00e+00 Accepted	 230	 721	
192	 6.2983007e-01	 +3.5361871e-02 -1.0827952e-03	 9.97e-01 Accepted	 231	 727	
193	 6.2974157e-01	 +3.4790632e-02 +4.6906907e-04	 9.98e-01 Accepted	 229	 727	
194	 6.2999016e-01	 +3.6198467e-02 -1.1520528e-03	 1.01e+00 Accepted	 232	 733	
195	 6.2990539e-01	 +3.6049762e-02 +2.4580449e-04	 1.00e+00 Accepted	 233	 737	
196	 6.2990373e-01	 +3.4422167e-02 +1.8428465e-04	 1.00e+00 Accepted	 233	 730	
197	 6.2988697e-01	 +3.4015933e-02 -2.6570668e-04	 9.92e-01 Accepted	 231	 732	
198	 6.2976528e-01	 +3.6122061e-02 -3.0829737e-04	 9.94e-01 Accepted	 231	 732	
199	 6.2983096e-01	 +3.4322581e-02 -1.5379615e-05	 1.01e+00 Accepted	 232	 732	
200	 6.2963187e-01	 +3.3665958e-02 +1.0968718e-03	 9.91e-01 Accepted	 232	 733	
# Starting_type: CheckpointStart
# Trajectory_length / Number_of_MD_steps: 1 / 8
# 	 Plaquette	 Polyakov_Loop(re,im)	 Acc._Probability	 runtime_per_traj(s)	 CG_iterations	
201	 6.2963187e-01	 +3.3665958e-02 +1.0968718e-03	 6.20e-01 Rejected	 210	 739	
202	 6.2967269e-01	 +3.2055892e-02 -2.0861918e-03	 9.41e-01 Accepted	 212	 744	
203	 6.2975684e-01	 +3.4882828e-02 +2.6634825e-04	 1.63e+00 Accepted	 214	 746	
204	 6.2971879e-01	 +3.4171780e-02 -2.9346520e-06	 9.48e-01 Accepted	 213	 745	
205	 6.2956142e-01	 +3.4888223e-02 -2.3940566e-03	 5.69e-01 Accepted	 216	 751	
206	 6.2956142e-01	 +3.4888223e-02 -2.3940566e-03	 6.55e-01 Rejected	 216	 759	
207	 6.2937240e-01	 +3.0647467e-02 +2.3160625e-03	 1.22e+00 Accepted	 216	 751	
208	 6.2950818e-01	 +3.0252993e-02 -2.4338082e-03	 1.67e+00 Accepted	 217	 762	
209	 6.2947143e-01	 +3.0062764e-02 -2.5462648e-03	 8.13e-01 Accepted	 219	 768	
210	 6.2961692e-01	 +2.5836380e-02 +3.7546137e-03	 1.10e+00 Accepted	 218	 760	
211	 6.2955151e-01	 +2.7031865e-02 +1.6547408e-03	 1.01e+00 Accepted	 218	 767	
212	 6.2956466e-01	 +3.0778801e-02 -3.7876559e-04	 1.33e+00 Accepted	 218	 763	
213	 6.2951508e-01	 +3.0317451e-02 -1.2400376e-03	 1.01e+00 Accepted	 219	 765	
214	 6.2981358e-01	 +3.0887255e-02 -7.5135855e-05	 1.08e+00 Accepted	 220	 765	
215	 6.2949116e-01	 +2.8581991e-02 +1.9889899e-03	 1.08e+00 Accepted	 220	 763	
216	 6.2993192e-01	 +3.1698264e-02 -1.1724752e-03	 1.80e+00 Accepted	 221	 769	
217	 6.2993192e-01	 +3.1698264e-02 -1.1724752e-03	 8.98e-01 Rejected	 220	 765	
218	 6.2993192e-01	 +3.1698264e-02 -1.1724752e-03	 6.43e-01 Rejected	 222	 776	
219	 6.2972653e-01	 +2.8266876e-02 -1.1578744e-03	 7.34e-01 Accepted	 220	 766	
220	 6.2987287e-01	 +2.9347248e-02 +9.3853279e-04	 1.19e+00 Accepted	 219	 768	
221	 6.2990091e-01	 +2.9735409e-02 +5.5867571e-04	 1.18e+00 Accepted	 219	 770	
222	 6.2990091e-01	 +2.9735409e-02 +5.5867571e-04	 7.68e-01 Rejected	 221	 762	
223	 6.2985576e-01	 +3.0071577e-02 -3.9354521e-05	 1.28e+00 Accepted	 223	 766	
224	 6.2964925e-01	 +2.7187874e-02 +3.6327134e-04	 1.01e+00 Accepted	 224	 786	
225	 6.2966405e-01	 +2.6080744e-02 -3.0349221e-04	 7.29e-01 Accepted	 224	 778	
226	 6.2963760e-01	 +2.5685868e-02 -1.1995137e-03	 9.01e-01 Accepted	 223	 784	
227	 6.2970025e-01	 +2.5370902e-02 +6.2733700e-04	 9.26e-01 Accepted	 223	 781	
228	 6.2966748e-01	 +2.6825970e-02 -2.3093265e-03	 1.24e+00 Accepted	 224	 787	
229	 6.2996501e-01	 +2.6427309e-02 +1.2563482e-03	 1.49e+00 Accepted	 228	 794	
230	 6.2983447e-01	 +2.4885739e-02 +3.4770913e-04	 7.23e-01 Accepted	 227	 792	
231	 6.2992547e-01	 +2.1883071e-02 +9.7898992e-04	 1.02e+00 Accepted	 226	 788	
232	 6.2958443e-01	 +2.5486625e-02 -1.2072607e-03	 6.64e-01 Accepted	 227	 796	
233	 6.2946315e-01	 +2.5730437e-02 +2.1169064e-03	 9.88e-01 Accepted	 228	 792	
234	 6.2936898e-01	 +2.5451244e-02 +3.4892161e-03	 1.04e+00 Accepted	 226	 796	
235	 6.2941009e-01	 +2.4050938e-02 -9.5554672e-04	 1.34e+00 Accepted	 229	 805	
236	 6.2965510e-01	 +2.1463257e-02 +2.4054660e-03	 1.49e+00 Accepted	 229	 802	
237	 6.2947815e-01	 +2.2284361e-02 -2.0123648e-03	 9.79e-01 Accepted	 229	 800	
238	 6.2955041e-01	 +2.2961442e-02 -7.6370459e-04	 1.01e+00 Accepted	 230	 807	
239	 6.2955041e-01	 +2.2961442e-02 -7.6370459e-04	 4.59e-01 Rejected	 230	 809	
240	 6.2952032e-01	 +2.0714051e-02 +2.5293742e-03	 1.33e+00 Accepted	 229	 795	
241	 6.2940617e-01	 +2.2309767e-02 +5.2013221e-04	 7.81e-01 Accepted	 230	 806	
242	 6.2962096e-01	 +2.5619598e-02 +8.7038549e-04	 7.87e-01 Accepted	 229	 803	
243	 6.2962096e-01	 +2.5619598e-02 +8.7038549e-04	 6.41e-01 Rejected	 229	 803	
244	 6.2949263e-01	 +2.3256538e-02 +1.6537291e-03	 1.00e+00 Accepted	 228	 801	
245	 6.2981381e-01	 +2.4409838e-02 +1.9877565e-03	 1.26e+00 Accepted	 230	 806	
246	 6.2979729e-01	 +2.3681627e-02 +1.4102316e-03	 9.54e-01 Accepted	 230	 800	
247	 6.3002857e-01	 +2.4401846e-02 +1.9150494e-03	 8.46e-01 Accepted	 228	 800	
248	 6.2968745e-01	 +2.5401226e-02 +2.4378696e-04	 8.03e-01 Accepted	 228	 795	
249	 6.2966077e-01	 +2.3060455e-02 -4.4497994e-04	 9.10e-01 Accepted	 230	 810	
250	 6.2977959e-01	 +2.3734328e-02 -1.1807254e-03	 8.31e-01 Accepted	 232	 809	
251	 6.2961345e-01	 +2.4413274e-02 -1.6492736e-03	 1.28e+00 Accepted	 229	 800	
252	 6.2972948e-01	 +2.6829184e-02 -7.5126895e-04	 9.19e-01 Accepted	 228	 805	
253	 6.2983215e-01	 +2.1224185e-02 -2.2695073e-03	 1.25e+00 Accepted	 229	 801	
254	 6.2972875e-01	 +2.5166734e-02 -2.0885286e-03	 1.09e+00 Accepted	 229	 805	
255	 6.2972875e-01	 +2.5166734e-02 -2.0885286e-03	 7.09e-01 Rejected	 231	 801	
256	 6.2989847e-01	 +2.2471827e-02 +2.8325182e-03	 1.82e+00 Accepted	 230	 806	
257	 6.2974664e-01	 +2.4880471e-02 -3.2415725e-04	 6.46e-01 Accepted	 230	 804	
258	 6.2960280e-01	 +2.4657246e-02 +1.3417867e-03	 8.51e-01 Accepted	 231	 803	
259	 6.2960280e-01	 +2.4657246e-02 +1.3417867e-03	 7.13e-01 Rejected	 228	 805	
260	 6.2954665e-01	 +2.5544965e-02 +2.8172580e-04	 9.04e-01 Accepted	 228	 799	
261	 6.2954665e-01	 +2.5544965e-02 +2.8172580e-04	 7.98e-01 Rejected	 229	 799	
262	 6.2967966e-01	 +2.5899580e-02 -1.8888660e-04	 9.08e-01 Accepted	 228	 801	
263	 6.2960710e-01	 +2.3228298e-02 +8.4066817e-04	 1.11e+00 Accepted	 229	 799	
264	 6.2939131e-01	 +2.4399723e-02 -2.6175973e-03	 9.60e-01 Accepted	 229	 797	
265	 6.2953877e-01	 +2.5773252e-02 -6.9129725e-04	 1.14e+00 Accepted	 227	 792	
266	 6.2936894e-01	 +2.1374609e-02 +9.4280133e-04	 9.15e-01 Accepted	 227	 797	
267	 6.2938734e-01	 +2.2156645e-02 +4.4039276e-04	 9.97e-01 Accepted	 228	 797	
268	 6.2938076e-01	 +2.1920839e-02 +1.9130520e-03	 8.85e-01 Accepted	 228	 806	
269	 6.2948794e-01	 +1.8108406e-02 -4.6320274e-04	 1.59e+00 Accepted	 230	 810	
270	 6.2958327e-01	 +2.4442947e-02 -7.0176799e-04	 8.43e-01 Accepted	 231	 813	
271	 6.2958327e-01	 +2.4442947e-02 -7.0176799e-04	 7.84e-01 Rejected	 231	 803	
272	 6.2977087e-01	 +2.3115373e-02 +2.6197257e-03	 1.83e+00 Accepted	 232	 819	
273	 6.2987518e-01	 +2.3126467e-02 -2.7352706e-03	 1.04e+00 Accepted	 233	 817	
274	 6.2966691e-01	 +2.4438446e-02 -2.5461924e-03	 6.14e-01 Accepted	 233	 807	
275	 6.2956137e-01	 +2.3764079e-02 +5.1106580e-04	 9.56e-01 Accepted	 231	 808	
276	 6.2961440e-01	 +2.3173743e-02 -6.6476958e-05	 1.29e+00 Accepted	 229	 803	
277	 6.2948585e-01	 +2.1593757e-02 -6.9367238e-04	 1.17e+00 Accepted	 227	 798	
278	 6.2940757e-01	 +2.1026020e-02 -1.5211785e-03	 1.50e+00 Accepted	 226	 797	
279	 6.2951683e-01	 +2.2683670e-02 +3.4969921e-03	 1.18e+00 Accepted	 227	 792	
280	 6.2977280e-01	 +2.0995091e-02 -1.4510645e-03	 1.80e+00 Accepted	 228	 798	
281	 6.2958529e-01	 +2.2749898e-02 -2.4037134e-03	 7.26e-01 Accepted	 228	 796	
282	 6.2947674e-01	 +2.3649061e-02 -2.8049820e-03	 1.18e+00 Accepted	 229	 796	
283	 6.2947674e-01	 +2.3649061e-02 -2.8049820e-03	 7.56e-01 Rejected	 228	 794	
284	 6.2971378e-01	 +2.3350385e-02 -4.3674704e-03	 1.38e+00 Accepted	 229	 804	
285	 6.2977349e-01	 +2.5929205e-02 -4.9045526e-04	 1.59e+00 Accepted	 229	 809	
286	 6.2986305e-01	 +2.4765860e-02 +1.8690270e-03	 8.05e-01 Accepted	 230	 793	
287	 6.2975489e-01	 +2.1286324e-02 -9.5843732e-05	 8.40e-01 Accepted	 229	 808	
288	 6.2978436e-01	 +2.3577113e-02 -9.3442801e-04	 8.85e-01 Accepted	 228	 794	
289	 6.2955881e-01	 +2.4466375e-02 -2.1494177e-03	 9.35e-01 Accepted	 227	 794	
290	 6.2960345e-01	 +2.0722050e-02 -1.8671654e-03	 1.43e+00 Accepted	 229	 805	
291	 6.2988624e-01	 +2.1737756e-02 +1.1779854e-03	 1.03e+00 Accepted	 228	 804	
292	 6.2988624e-01	 +2.1737756e-02 +1.1779854e-03	 5.13e-01 Rejected	 230	 813	
293	 6.2957481e-01	 +2.1832663e-02 +6.8774401e-05	 1.07e+00 Accepted	 231	 807	
294	 6.2967601e-01	 +1.9929646e-02 -9.7123808e-04	 1.27e+00 Accepted	 230	 808	
295	 6.2955563e-01	 +2.4780033e-02 -1.6363887e-03	 8.29e-01 Accepted	 232	 812	
296	 6.2949467e-01	 +2.0031345e-02 +2.5965821e-03	 1.11e+00 Accepted	 229	 808	
297	 6.2952461e-01	 +2.5929609e-02 -1.5967742e-04	 1.09e+00 Accepted	 231	 804	
298	 6.2981638e-01	 +2.2108991e-02 +3.0408413e-05	 8.77e-01 Accepted	 233	 814	
299	 6.2954519e-01	 +2.3918619e-02 -2.1434666e-03	 8.24e-01 Accepted	 233	 815	
300	 6.2921206e-01	 +2.3343276e-02 -2.2304903e-04	 1.28e+00 Accepted	 231	 810	
301	 6.2937185e-01	 +2.1811989e-02 +7.0086489e-04	 8.83e-01 Accepted	 232	 805	
302	 6.2937185e-01	 +2.1811989e-02 +7.0086489e-04	 8.04e-01 Rejected	 230	 803	
303	 6.2954919e-01	 +2.2569791e-02 +1.4555184e-03	 1.05e+00 Accepted	 231	 802	
304	 6.2954919e-01	 +2.2569791e-02 +1.4555184e-03	 7.72e-01 Rejected	 230	 804	
305	 6.2958406e-01	 +2.2939493e-02 -1.6098126e-04	 9.21e-01 Accepted	 229	 804	
306	 6.2980738e-01	 +2.3726269e-02 -1.4753687e-03	 1.06e+00 Accepted	 231	 809	
307	 6.2985276e-01	 +2.3750931e-02 +1.6094800e-03	 1.02e+00 Accepted	 229	 794	
308	 6.2990205e-01	 +2.4128339e-02 -1.9682775e-03	 1.21e+00 Accepted	 228	 801	
309	 6.2971762e-01	 +2.4334188e-02 -1.1819356e-03	 6.32e-01 Accepted	 229	 810	
310	 6.2970438e-01	 +2.5636682e-02 +3.3579907e-03	 8.85e-01 Accepted	 230	 803	
311	 6.2988346e-01	 +2.2306681e-02 -2.9188306e-03	 1.47e+00 Accepted	 228	 808	
312	 6.2984567e-01	 +2.0793369e-02 -3.2822619e-04	 9.87e-01 Accepted	 231	 809	
313	 6.2978007e-01	 +2.4339702e-02 -2.1370586e-03	 8.52e-01 Accepted	 230	 807	
314	 6.2968990e-01	 +2.3465445e-02 +2.3530657e-03	 1.09e+00 Accepted	 230	 807	
315	 6.2974805e-01	 +2.1792339e-02 -5.2380373e-04	 1.32e+00 Accepted	 232	 809	
316	 6.2955670e-01	 +2.4104190e-02 -3.4953783e-04	 1.08e+00 Accepted	 232	 810	
317	 6.2950604e-01	 +2.5061336e-02 +2.8867318e-03	 9.64e-01 Accepted	 231	 811	
318	 6.2973245e-01	 +2.5277467e-02 +1.2480390e-04	 9.40e-01 Accepted	 231	 805	
319	 6.2973563e-01	 +2.3921251e-02 -9.0700587e-04	 1.11e+00 Accepted	 229	 804	
320	 6.2966091e-01	 +2.2678964e-02 +2.0785207e-03	 7.97e-01 Accepted	 230	 807	
321	 6.2966068e-01	 +2.2895441e-02 -1.9422500e-03	 1.25e+00 Accepted	 231	 801	
322	 6.2955391e-01	 +1.8108696e-02 +1.1573470e-03	 8.73e-01 Accepted	 229	 799	
323	 6.2965091e-01	 +2.4458024e-02 -1.6547891e-04	 7.99e-01 Accepted	 229	 799	
324	 6.2965091e-01	 +2.4458024e-02 -1.6547891e-04	 7.51e-01 Rejected	 229	 805	
325	 6.2959800e-01	 +2.2254968e-02 +3.9022003e-04	 8.59e-01 Accepted	 229	 807	
326	 6.2947394e-01	 +2.0582185e-02 -5.6361052e-04	 8.61e-01 Accepted	 231	 801	
327	 6.2960767e-01	 +1.9939090e-02 -6.8648045e-04	 8.25e-01 Accepted	 229	 804	
328	 6.2955171e-01	 +2.5868923e-02 +1.4766939e-03	 7.46e-01 Accepted	 230	 805	
329	 6.2936063e-01	 +2.3729181e-02 -2.8412645e-04	 7.07e-01 Accepted	 231	 808	
330	 6.2958604e-01	 +2.7041121e-02 -9.9708406e-04	 1.01e+00 Accepted	 229	 806	
331	 6.2958966e-01	 +2.3132756e-02 +2.1446857e-03	 9.32e-01 Accepted	 231	 823	
332	 6.2958966e-01	 +2.3132756e-02 +2.1446857e-03	 8.22e-01 Rejected	 232	 811	
333	 6.2920494e-01	 +2.6669955e-02 +1.9780409e-03	 9.01e-01 Accepted	 232	 810	
334	 6.2937093e-01	 +2.5624098e-02 +1.9013442e-03	 1.09e+00 Accepted	 230	 805	
335	 6.2936513e-01	 +2.4517831e-02 +1.1064282e-03	 7.01e-01 Accepted	 233	 821	
336	 6.2973384e-01	 +2.3960903e-02 +3.6444634e-03	 1.52e+00 Accepted	 233	 818	
337	 6.2972471e-01	 +2.2405254e-02 +8.5697434e-04	 7.73e-01 Accepted	 234	 813	
338	 6.2982093e-01	 +2.1907689e-02 +1.3245084e-03	 8.79e-01 Accepted	 233	 812	
339	 6.2987259e-01	 +2.6199818e-02 +8.6358168e-04	 1.34e+00 Accepted	 232	 804	
340	 6.2976935e-01	 +2.4401015e-02 +1.6146423e-03	 9.90e-01 Accepted	 230	 809	
341	 6.2976935e-01	 +2.4401015e-02 +1.6146423e-03	 6.20e-01 Rejected	 233	 815	
342	 6.2953742e-01	 +2.3121844e-02 +8.6873360e-04	 1.12e+00 Accepted	 232	 820	
343	 6.2966725e-01	 +2.3107940e-02 -1.8418007e-03	 1.54e+00 Accepted	 234	 819	
344	 6.2988041e-01	 +2.2432896e-02 +3.0899348e-03	 7.90e-01 Accepted	 234	 816	
345	 6.2995801e-01	 +2.5932221e-02 -1.2510002e-03	 1.52e+00 Accepted	 233	 812	
346	 6.2995801e-01	 +2.5932221e-02 -1.2510002e-03	 7.15e-01 Rejected	 233	 813	
347	 6.2989672e-01	 +2.4008817e-02 -1.1413877e-03	 1.37e+00 Accepted	 232	 820	
348	 6.2978512e-01	 +2.1419918e-02 -5.7296156e-04	 1.13e+00 Accepted	 231	 824	
349	 6.2978373e-01	 +2.4166719e-02 -1.9357661e-03	 1.23e+00 Accepted	 233	 819	
350	 6.2961053e-01	 +2.2226581e-02 -9.2647005e-04	 9.69e-01 Accepted	 233	 821	
351	 6.2955599e-01	 +2.3473155e-02 -1.2370226e-03	 7.52e-01 Accepted	 232	 814	
352	 6.2963524e-01	 +2.2103095e-02 +2.2686505e-03	 1.19e+00 Accepted	 230	 817	
353	 6.2945613e-01	 +1.9408178e-02 -2.4008713e-03	 1.15e+00 Accepted	 230	 818	
354	 6.2945613e-01	 +1.9408178e-02 -2.4008713e-03	 6.35e-01 Rejected	 229	 818	
355	 6.2945613e-01	 +1.9408178e-02 -2.4008713e-03	 6.47e-01 Rejected	 229	 809	
356	 6.2945613e-01	 +1.9408178e-02 -2.4008713e-03	 5.92e-01 Rejected	 231	 825	
357	 6.2963333e-01	 +2.4033578e-02 +1.9986131e-03	 1.01e+00 Accepted	 231	 813	
358	 6.2928295e-01	 +2.1642230e-02 -3.2873506e-03	 4.54e-01 Accepted	 230	 818	
359	 6.2942444e-01	 +1.9965073e-02 +3.5537288e-04	 1.02e+00 Accepted	 231	 817	
360	 6.2922753e-01	 +1.8754530e-02 +7.5012515e-04	 1.07e+00 Accepted	 230	 818	
361	 6.2918088e-01	 +2.2883177e-02 +2.0540331e-03	 8.82e-01 Accepted	 229	 809	
362	 6.2955614e-01	 +2.4306375e-02 +1.1959208e-04	 1.45e+00 Accepted	 229	 819	
363	 6.2936657e-01	 +2.2400709e-02 +1.2208016e-04	 1.16e+00 Accepted	 230	 819	
364	 6.2954886e-01	 +2.2109957e-02 +3.9984690e-04	 8.16e-01 Accepted	 230	 813	
365	 6.2946637e-01	 +2.4567984e-02 +5.0804755e-04	 1.33e+00 Accepted	 229	 812	
366	 6.2943570e-01	 +1.9780387e-02 +4.6914782e-04	 1.02e+00 Accepted	 229	 820	
367	 6.2950217e-01	 +2.2551465e-02 -5.4073777e-04	 1.21e+00 Accepted	 229	 817	
368	 6.2959964e-01	 +2.5563245e-02 -2.0931098e-03	 1.86e+00 Accepted	 230	 813	
369	 6.2979669e-01	 +2.4416408e-02 +7.9098568e-04	 1.32e+00 Accepted	 227	 819	
370	 6.2968286e-01	 +2.6399512e-02 +1.6487234e-04	 1.18e+00 Accepted	 229	 814	
371	 6.2961026e-01	 +2.4496056e-02 +3.2401868e-04	 9.49e-01 Accepted	 229	 808	
372	 6.2974635e-01	 +2.1577082e-02 -1.4491049e-03	 9.62e-01 Accepted	 228	 811	
373	 6.2971517e-01	 +2.5214208e-02 -7.4540437e-04	 1.11e+00 Accepted	 228	 805	
374	 6.2984192e-01	 +2.0457762e-02 -1.1796367e-03	 1.53e+00 Accepted	 227	 809	
375	 6.2968281e-01	 +2.1668100e-02 -1.1055934e-03	 7.74e-01 Accepted	 230	 809	
376	 6.3006608e-01	 +1.8402664e-02 +4.7670423e-04	 2.03e+00 Accepted	 228	 814	
377	 6.2977393e-01	 +2.0963889e-02 +5.5653883e-04	 9.48e-01 Accepted	 228	 812	
378	 6.2976520e-01	 +2.4404762e-02 +1.4222236e-03	 1.17e+00 Accepted	 227	 803	
379	 6.2976520e-01	 +2.4404762e-02 +1.4222236e-03	 8.54e-01 Rejected	 228	 816	
380	 6.2976718e-01	 +2.2373367e-02 -1.6271765e-03	 1.24e+00 Accepted	 226	 799	
381	 6.2967452e-01	 +1.9590819e-02 -1.8996722e-03	 9.30e-01 Accepted	 225	 809	
382	 6.2971112e-01	 +2.3841054e-02 +1.9471177e-03	 1.09e+00 Accepted	 229	 815	
383	 6.2979672e-01	 +2.2832578e-02 -8.0968533e-04	 1.39e+00 Accepted	 225	 800	
384	 6.2961539e-01	 +2.0640350e-02 +8.3191918e-04	 7.74e-01 Accepted	 220	 793	
385	 6.2963530e-01	 +1.8300994e-02 -1.2101045e-03	 1.23e+00 Accepted	 222	 799	
386	 6.2963530e-01	 +1.8300994e-02 -1.2101045e-03	 7.44e-01 Rejected	 222	 800	
387	 6.2979585e-01	 +2.1234770e-02 +1.9833385e-03	 7.70e-01 Accepted	 222	 797	
388	 6.2970960e-01	 +2.0750643e-02 -2.3644761e-03	 9.38e-01 Accepted	 221	 790	
389	 6.2985657e-01	 +2.1873115e-02 +1.1070847e-03	 1.02e+00 Accepted	 222	 804	
