# Starting_type: ColdStart
# serial RNG seed: 	[23344 10511 35798 14199 38467]
# parallel RNG seed:	[3361 42820 24214 36048 63151]
# Trajectory_length / Number_of_MD_steps: 0.2 / 10
# 	 Plaquette	 Polyakov_Loop(re,im)	 Acc._Probability	 runtime_per_traj(s)	 CG_iterations	
1	 1.0000000e+00	 +1.0000000e+00 +0.0000000e+00	 2.83e-02 Rejected	 143	 475	
2	 1.0000000e+00	 +1.0000000e+00 +0.0000000e+00	 2.82e-02 Rejected	 141	 475	
3	 1.0000000e+00	 +1.0000000e+00 +0.0000000e+00	 2.83e-02 Rejected	 142	 476	
4	 1.0000000e+00	 +1.0000000e+00 +0.0000000e+00	 2.82e-02 Rejected	 142	 475	
5	 1.0000000e+00	 +1.0000000e+00 +0.0000000e+00	 2.83e-02 Rejected	 141	 475	
6	 1.0000000e+00	 +1.0000000e+00 +0.0000000e+00	 2.83e-02 Rejected	 142	 475	
7	 1.0000000e+00	 +1.0000000e+00 +0.0000000e+00	 2.79e-02 Rejected	 144	 477	
8	 1.0000000e+00	 +1.0000000e+00 +0.0000000e+00	 2.81e-02 Rejected	 143	 476	
9	 1.0000000e+00	 +1.0000000e+00 +0.0000000e+00	 2.82e-02 Rejected	 143	 475	
10	 1.0000000e+00	 +1.0000000e+00 +0.0000000e+00	 2.79e-02 Rejected	 142	 475	
11	 1.0000000e+00	 +1.0000000e+00 +0.0000000e+00	 2.82e-02 Rejected	 142	 473	
12	 1.0000000e+00	 +1.0000000e+00 +0.0000000e+00	 2.83e-02 Rejected	 142	 475	
13	 8.0402745e-01	 +4.7931472e-01 -8.3950127e-04	 2.81e-02 Accepted	 142	 477	
14	 8.0402745e-01	 +4.7931472e-01 -8.3950127e-04	 2.36e-01 Rejected	 173	 511	
15	 8.0402745e-01	 +4.7931472e-01 -8.3950127e-04	 2.35e-01 Rejected	 173	 513	
16	 8.0402745e-01	 +4.7931472e-01 -8.3950127e-04	 2.36e-01 Rejected	 173	 510	
17	 8.0402745e-01	 +4.7931472e-01 -8.3950127e-04	 2.36e-01 Rejected	 173	 511	
18	 8.0402745e-01	 +4.7931472e-01 -8.3950127e-04	 2.36e-01 Rejected	 173	 511	
19	 8.0402745e-01	 +4.7931472e-01 -8.3950127e-04	 2.35e-01 Rejected	 171	 511	
20	 8.0402745e-01	 +4.7931472e-01 -8.3950127e-04	 2.38e-01 Rejected	 173	 510	
21	 8.0402745e-01	 +4.7931472e-01 -8.3950127e-04	 2.36e-01 Rejected	 172	 511	
22	 7.3337530e-01	 +3.0938033e-01 +3.8764174e-04	 2.38e-01 Accepted	 174	 512	
23	 7.3337530e-01	 +3.0938033e-01 +3.8764174e-04	 4.62e-01 Rejected	 180	 531	
24	 7.3337530e-01	 +3.0938033e-01 +3.8764174e-04	 4.66e-01 Rejected	 180	 532	
25	 7.3337530e-01	 +3.0938033e-01 +3.8764174e-04	 4.66e-01 Rejected	 180	 531	
26	 6.9624642e-01	 +2.2659214e-01 -4.4917859e-04	 4.68e-01 Accepted	 180	 533	
27	 6.7318563e-01	 +1.7699953e-01 -3.3654402e-04	 6.26e-01 Accepted	 186	 549	
28	 6.5790723e-01	 +1.4571019e-01 -1.6758824e-03	 7.35e-01 Accepted	 190	 562	
29	 6.5790723e-01	 +1.4571019e-01 -1.6758824e-03	 7.90e-01 Rejected	 193	 572	
30	 6.4680016e-01	 +1.2299252e-01 +2.6727605e-04	 8.01e-01 Accepted	 192	 571	
31	 6.3821262e-01	 +1.0635252e-01 -1.6473486e-03	 8.44e-01 Accepted	 196	 580	
32	 6.3162810e-01	 +9.7095484e-02 -5.5276780e-04	 8.79e-01 Accepted	 197	 590	
33	 6.2643555e-01	 +8.8445818e-02 -9.5072046e-04	 9.17e-01 Accepted	 199	 593	
34	 6.2224323e-01	 +8.0525700e-02 +1.2727849e-03	 9.21e-01 Accepted	 201	 603	
35	 6.1880827e-01	 +7.5541406e-02 -8.6825267e-05	 9.33e-01 Accepted	 202	 609	
36	 6.1595772e-01	 +6.8787337e-02 -1.5210539e-03	 9.55e-01 Accepted	 204	 612	
37	 6.1332577e-01	 +6.7777228e-02 -1.6120642e-03	 9.59e-01 Accepted	 204	 616	
38	 6.1103324e-01	 +6.3460062e-02 -6.8227475e-04	 9.55e-01 Accepted	 207	 622	
39	 6.0951491e-01	 +5.9307828e-02 -9.4062813e-04	 9.78e-01 Accepted	 208	 631	
40	 6.0783062e-01	 +5.7112557e-02 -1.5598469e-03	 9.83e-01 Accepted	 210	 634	
41	 6.0628014e-01	 +5.0600927e-02 -1.8909624e-03	 9.64e-01 Accepted	 210	 636	
42	 6.0486259e-01	 +5.0032641e-02 -2.0569507e-03	 9.67e-01 Accepted	 212	 642	
43	 6.0373761e-01	 +4.7380870e-02 +3.8051518e-04	 9.70e-01 Accepted	 213	 643	
44	 6.0276850e-01	 +4.7648113e-02 -1.8467310e-04	 9.91e-01 Accepted	 213	 646	
45	 6.0187173e-01	 +4.5015264e-02 +2.0000461e-03	 9.75e-01 Accepted	 215	 652	
46	 6.0087227e-01	 +4.4408550e-02 -1.0107738e-03	 9.77e-01 Accepted	 218	 658	
47	 6.0043137e-01	 +4.2163637e-02 -1.1355310e-03	 9.85e-01 Accepted	 218	 658	
48	 5.9971318e-01	 +3.9710012e-02 -2.4607860e-03	 9.81e-01 Accepted	 219	 666	
49	 5.9924339e-01	 +3.9230856e-02 -2.2677477e-03	 1.00e+00 Accepted	 222	 671	
50	 5.9868091e-01	 +3.7310464e-02 +8.9569414e-05	 9.88e-01 Accepted	 222	 673	
51	 5.9850130e-01	 +3.7257993e-02 -1.7933336e-03	 1.00e+00 Accepted	 223	 668	
52	 5.9784683e-01	 +3.7634322e-02 +1.6986061e-03	 9.85e-01 Accepted	 223	 675	
53	 5.9766044e-01	 +3.5811401e-02 -2.2196319e-04	 9.93e-01 Accepted	 224	 675	
54	 5.9736604e-01	 +3.4295930e-02 -1.5831864e-03	 1.01e+00 Accepted	 223	 673	
55	 5.9682666e-01	 +3.6215051e-02 -3.9665195e-03	 9.93e-01 Accepted	 222	 674	
56	 5.9682666e-01	 +3.6215051e-02 -3.9665195e-03	 9.82e-01 Rejected	 223	 680	
57	 5.9684625e-01	 +3.2833517e-02 -3.0454955e-03	 1.00e+00 Accepted	 224	 684	
58	 5.9665907e-01	 +3.1698590e-02 -2.2901717e-03	 1.01e+00 Accepted	 225	 682	
59	 5.9634095e-01	 +3.3054432e-02 +1.0757123e-03	 1.01e+00 Accepted	 226	 681	
60	 5.9607011e-01	 +3.3676922e-02 +1.0600621e-03	 9.92e-01 Accepted	 226	 678	
61	 5.9571358e-01	 +3.2168693e-02 +2.0145957e-03	 9.93e-01 Accepted	 228	 691	
62	 5.9544989e-01	 +3.1385826e-02 -2.1787125e-04	 9.94e-01 Accepted	 226	 687	
63	 5.9525315e-01	 +3.0501655e-02 -6.1353845e-04	 9.91e-01 Accepted	 227	 691	
64	 5.9490640e-01	 +2.8812453e-02 -1.5817307e-03	 9.83e-01 Accepted	 228	 694	
65	 5.9484101e-01	 +3.0979687e-02 -1.4391272e-03	 1.00e+00 Accepted	 228	 700	
66	 5.9462034e-01	 +2.8305243e-02 -3.7522947e-04	 9.88e-01 Accepted	 229	 700	
67	 5.9427941e-01	 +3.1707095e-02 -8.4572458e-04	 9.90e-01 Accepted	 228	 697	
68	 5.9425498e-01	 +2.7690478e-02 +6.2281332e-04	 9.94e-01 Accepted	 229	 701	
69	 5.9410663e-01	 +2.9162138e-02 +1.7447168e-03	 9.83e-01 Accepted	 230	 707	
70	 5.9407681e-01	 +2.9865775e-02 +6.3300998e-04	 1.01e+00 Accepted	 230	 705	
71	 5.9396247e-01	 +2.8221253e-02 +7.9870149e-04	 9.98e-01 Accepted	 232	 712	
72	 5.9397086e-01	 +2.6686519e-02 +2.0650210e-04	 9.90e-01 Accepted	 231	 713	
73	 5.9378675e-01	 +2.6760550e-02 -8.5997013e-04	 9.89e-01 Accepted	 232	 714	
74	 5.9366148e-01	 +2.6320409e-02 -7.8236805e-04	 9.95e-01 Accepted	 230	 713	
75	 5.9367202e-01	 +2.7412117e-02 +1.7460036e-03	 1.00e+00 Accepted	 233	 714	
76	 5.9349585e-01	 +2.7419940e-02 -7.5238198e-04	 1.01e+00 Accepted	 233	 714	
77	 5.9309912e-01	 +2.7069979e-02 +7.9161434e-04	 9.83e-01 Accepted	 233	 713	
78	 5.9327922e-01	 +2.6475764e-02 -5.5209576e-04	 1.01e+00 Accepted	 233	 717	
79	 5.9312365e-01	 +2.4728758e-02 -7.5252729e-04	 1.00e+00 Accepted	 232	 716	
80	 5.9293576e-01	 +2.4296879e-02 -3.8230985e-04	 9.97e-01 Accepted	 233	 716	
81	 5.9293386e-01	 +2.5603653e-02 -3.3987438e-03	 1.00e+00 Accepted	 236	 723	
82	 5.9273194e-01	 +2.4791302e-02 -3.3262073e-04	 9.91e-01 Accepted	 234	 722	
83	 5.9268605e-01	 +2.3323226e-02 +1.2520218e-03	 1.00e+00 Accepted	 234	 723	
84	 5.9274700e-01	 +2.4244956e-02 +1.1642718e-03	 9.93e-01 Accepted	 237	 728	
85	 5.9274008e-01	 +2.4180965e-02 -1.6540636e-03	 9.98e-01 Accepted	 236	 730	
86	 5.9249310e-01	 +2.5610091e-02 +9.0777074e-04	 1.01e+00 Accepted	 237	 730	
87	 5.9254207e-01	 +2.3504854e-02 -1.2609095e-03	 9.95e-01 Accepted	 237	 729	
88	 5.9239427e-01	 +2.5825599e-02 -6.5374722e-04	 9.89e-01 Accepted	 237	 735	
89	 5.9243288e-01	 +2.4035073e-02 -9.0461566e-04	 1.01e+00 Accepted	 237	 729	
90	 5.9240845e-01	 +2.5197721e-02 -2.7106883e-03	 1.00e+00 Accepted	 237	 734	
91	 5.9205898e-01	 +2.1987615e-02 -8.1049802e-04	 9.74e-01 Accepted	 240	 735	
92	 5.9237576e-01	 +2.1331814e-02 -1.8742674e-03	 1.00e+00 Accepted	 238	 727	
93	 5.9233874e-01	 +1.9783629e-02 -1.8623746e-03	 1.01e+00 Accepted	 241	 743	
94	 5.9223304e-01	 +2.2429362e-02 -1.3300696e-03	 1.00e+00 Accepted	 240	 737	
95	 5.9214190e-01	 +2.1782589e-02 +8.3705171e-04	 9.98e-01 Accepted	 240	 735	
96	 5.9230639e-01	 +2.2785047e-02 +5.3254099e-04	 1.01e+00 Accepted	 240	 736	
97	 5.9201716e-01	 +2.1890915e-02 -3.6998889e-05	 1.00e+00 Accepted	 240	 733	
98	 5.9219968e-01	 +2.0957425e-02 -2.2660602e-04	 1.00e+00 Accepted	 240	 735	
99	 5.9201196e-01	 +2.0899105e-02 +7.2274655e-04	 1.00e+00 Accepted	 242	 742	
100	 5.9206081e-01	 +2.2692757e-02 +3.3770850e-03	 1.00e+00 Accepted	 242	 743	
101	 5.9182072e-01	 +2.1967147e-02 +1.4919491e-03	 1.00e+00 Accepted	 241	 743	
102	 5.9180419e-01	 +2.2761054e-02 +3.3611688e-03	 9.98e-01 Accepted	 241	 742	
103	 5.9189164e-01	 +2.4082244e-02 +2.3897081e-03	 1.00e+00 Accepted	 240	 744	
104	 5.9164647e-01	 +2.2070216e-02 -2.2067774e-03	 1.01e+00 Accepted	 240	 746	
105	 5.9147423e-01	 +2.1339225e-02 -1.6141182e-03	 9.94e-01 Accepted	 242	 749	
106	 5.9176446e-01	 +2.1282680e-02 +1.3650186e-03	 9.97e-01 Accepted	 242	 748	
107	 5.9195877e-01	 +2.1152934e-02 -1.4786736e-03	 9.98e-01 Accepted	 242	 749	
108	 5.9203627e-01	 +1.8462862e-02 +1.0252934e-03	 9.88e-01 Accepted	 242	 746	
109	 5.9159859e-01	 +1.9879088e-02 -2.2012090e-04	 9.91e-01 Accepted	 242	 749	
110	 5.9149627e-01	 +1.8634875e-02 -1.5491413e-04	 9.97e-01 Accepted	 242	 749	
111	 5.9148022e-01	 +2.0284157e-02 +2.1724524e-03	 9.96e-01 Accepted	 242	 749	
112	 5.9176153e-01	 +1.8729785e-02 +2.9034781e-03	 1.00e+00 Accepted	 242	 747	
113	 5.9158493e-01	 +1.7470572e-02 +6.1454008e-06	 9.85e-01 Accepted	 241	 750	
114	 5.9159227e-01	 +1.8452829e-02 +2.1058533e-03	 1.01e+00 Accepted	 243	 747	
115	 5.9188473e-01	 +1.9194580e-02 +7.5798670e-04	 1.01e+00 Accepted	 243	 753	
116	 5.9174175e-01	 +2.0067752e-02 +2.4933173e-03	 1.00e+00 Accepted	 244	 754	
117	 5.9167273e-01	 +1.7394008e-02 -7.3059491e-04	 9.92e-01 Accepted	 244	 754	
118	 5.9174861e-01	 +1.8310157e-02 -2.1206715e-04	 1.00e+00 Accepted	 244	 755	
119	 5.9165409e-01	 +1.9404952e-02 -4.5524626e-04	 9.94e-01 Accepted	 243	 755	
120	 5.9179151e-01	 +2.0986609e-02 -2.1649355e-03	 9.99e-01 Accepted	 244	 756	
121	 5.9157413e-01	 +1.9530524e-02 -9.3742778e-04	 1.01e+00 Accepted	 243	 759	
122	 5.9172750e-01	 +2.0225756e-02 +1.3920534e-03	 1.01e+00 Accepted	 244	 758	
123	 5.9171891e-01	 +2.1092914e-02 +6.3416667e-04	 9.91e-01 Accepted	 244	 758	
124	 5.9165766e-01	 +2.1547003e-02 +9.3124305e-04	 1.00e+00 Accepted	 245	 765	
125	 5.9142067e-01	 +2.2643067e-02 -1.5450627e-03	 9.95e-01 Accepted	 244	 758	
126	 5.9146691e-01	 +2.0916128e-02 +3.2708105e-04	 9.89e-01 Accepted	 247	 765	
127	 5.9125473e-01	 +1.8834920e-02 -1.6226390e-03	 1.00e+00 Accepted	 245	 762	
128	 5.9121376e-01	 +1.8880289e-02 +5.2433902e-04	 9.93e-01 Accepted	 246	 765	
129	 5.9107787e-01	 +1.9311914e-02 -1.5191354e-04	 1.01e+00 Accepted	 245	 763	
130	 5.9125165e-01	 +1.9356004e-02 -2.0919489e-03	 1.01e+00 Accepted	 245	 757	
131	 5.9124965e-01	 +1.8828935e-02 -1.3041858e-03	 9.91e-01 Accepted	 245	 764	
132	 5.9154623e-01	 +1.6359112e-02 -2.6282259e-03	 1.01e+00 Accepted	 245	 760	
133	 5.9159561e-01	 +1.9370687e-02 -2.0578720e-04	 1.00e+00 Accepted	 246	 763	
134	 5.9161658e-01	 +1.8783779e-02 -2.4207077e-03	 1.00e+00 Accepted	 246	 764	
135	 5.9170586e-01	 +1.8093490e-02 -2.6855419e-03	 1.00e+00 Accepted	 249	 765	
136	 5.9184795e-01	 +2.1888857e-02 -3.0329686e-03	 1.00e+00 Accepted	 248	 769	
137	 5.9182248e-01	 +1.6158814e-02 -1.9912907e-03	 9.99e-01 Accepted	 249	 774	
138	 5.9158789e-01	 +1.7858289e-02 -1.3056628e-04	 9.78e-01 Accepted	 248	 769	
139	 5.9159330e-01	 +1.6994048e-02 -2.6684221e-03	 9.89e-01 Accepted	 249	 775	
140	 5.9124771e-01	 +1.6028905e-02 -1.3193277e-03	 9.93e-01 Accepted	 250	 769	
141	 5.9119590e-01	 +1.9029516e-02 -8.9466420e-04	 9.85e-01 Accepted	 249	 769	
142	 5.9114040e-01	 +1.7930517e-02 -1.3868673e-03	 1.00e+00 Accepted	 250	 773	
143	 5.9125257e-01	 +1.8351020e-02 -6.1556037e-04	 1.01e+00 Accepted	 249	 768	
144	 5.9134374e-01	 +1.7482197e-02 -9.5292914e-04	 1.01e+00 Accepted	 248	 773	
145	 5.9146572e-01	 +1.8263294e-02 -8.3438135e-04	 9.97e-01 Accepted	 249	 777	
146	 5.9138489e-01	 +1.7032307e-02 +1.4532665e-03	 9.97e-01 Accepted	 248	 775	
147	 5.9137053e-01	 +1.6976371e-02 +1.5291125e-03	 9.94e-01 Accepted	 250	 774	
148	 5.9131076e-01	 +1.6942537e-02 -1.5644515e-04	 9.90e-01 Accepted	 249	 773	
149	 5.9138993e-01	 +1.4825026e-02 +6.8614449e-05	 1.01e+00 Accepted	 250	 781	
150	 5.9151752e-01	 +1.8970110e-02 -1.5686877e-03	 9.94e-01 Accepted	 250	 783	
151	 5.9130098e-01	 +1.7699695e-02 -3.3258782e-04	 9.94e-01 Accepted	 252	 785	
152	 5.9127283e-01	 +1.9599068e-02 +4.6807952e-04	 1.01e+00 Accepted	 252	 785	
153	 5.9112632e-01	 +1.9080905e-02 +4.2006676e-03	 1.00e+00 Accepted	 251	 784	
154	 5.9116435e-01	 +1.9977394e-02 +2.2218377e-04	 1.00e+00 Accepted	 251	 780	
155	 5.9092643e-01	 +1.8762684e-02 -6.1896359e-04	 9.95e-01 Accepted	 252	 784	
156	 5.9123913e-01	 +1.7067466e-02 -7.8079634e-04	 9.91e-01 Accepted	 252	 782	
157	 5.9114632e-01	 +1.6730364e-02 +1.7029693e-03	 9.91e-01 Accepted	 254	 789	
158	 5.9119690e-01	 +1.5679813e-02 -1.3155342e-03	 1.01e+00 Accepted	 254	 785	
159	 5.9121086e-01	 +1.6996944e-02 +1.2029659e-03	 1.02e+00 Accepted	 254	 786	
160	 5.9134000e-01	 +1.5253620e-02 -1.0276193e-03	 1.00e+00 Accepted	 255	 788	
161	 5.9142370e-01	 +1.5656514e-02 +1.6068770e-04	 9.99e-01 Accepted	 254	 785	
162	 5.9121635e-01	 +1.7092393e-02 +6.9871841e-04	 1.00e+00 Accepted	 256	 792	
163	 5.9115931e-01	 +1.6005467e-02 +1.7946581e-03	 1.00e+00 Accepted	 259	 798	
164	 5.9105152e-01	 +1.7720634e-02 -1.2191601e-04	 9.98e-01 Accepted	 258	 793	
165	 5.9137414e-01	 +1.7778267e-02 -7.7190224e-04	 1.01e+00 Accepted	 255	 789	
166	 5.9111729e-01	 +1.9265796e-02 +9.4099883e-05	 1.00e+00 Accepted	 257	 787	
167	 5.9105003e-01	 +1.6409435e-02 +3.0975348e-04	 9.93e-01 Accepted	 256	 799	
168	 5.9120903e-01	 +1.8073449e-02 -3.5778284e-03	 1.01e+00 Accepted	 259	 803	
169	 5.9106377e-01	 +1.5769610e-02 -2.7173183e-03	 9.89e-01 Accepted	 257	 797	
170	 5.9120616e-01	 +1.7030190e-02 -3.0450377e-03	 9.99e-01 Accepted	 256	 796	
171	 5.9089964e-01	 +1.7788641e-02 -2.6915971e-03	 9.97e-01 Accepted	 256	 796	
172	 5.9106337e-01	 +1.7595159e-02 -1.2904013e-03	 9.99e-01 Accepted	 257	 798	
173	 5.9094237e-01	 +1.7926745e-02 -9.3462289e-04	 9.94e-01 Accepted	 258	 801	
174	 5.9120145e-01	 +1.7142857e-02 -1.2597703e-03	 1.01e+00 Accepted	 258	 798	
175	 5.9092017e-01	 +1.4783742e-02 -1.5122738e-03	 1.00e+00 Accepted	 255	 797	
176	 5.9102590e-01	 +1.5656493e-02 +3.9504118e-04	 9.93e-01 Accepted	 256	 797	
177	 5.9081999e-01	 +1.4097136e-02 -1.5949081e-03	 9.97e-01 Accepted	 256	 800	
178	 5.9067364e-01	 +1.4576681e-02 -1.9238226e-03	 1.00e+00 Accepted	 256	 797	
179	 5.9068935e-01	 +1.5937600e-02 -2.4812785e-03	 9.98e-01 Accepted	 256	 799	
180	 5.9103442e-01	 +1.6369822e-02 -1.5578851e-03	 1.01e+00 Accepted	 256	 801	
181	 5.9113978e-01	 +1.5013742e-02 -3.6564223e-03	 1.00e+00 Accepted	 257	 800	
182	 5.9106199e-01	 +1.4554106e-02 +1.9951712e-04	 9.83e-01 Accepted	 257	 805	
183	 5.9115943e-01	 +1.5531189e-02 +1.4796562e-03	 9.99e-01 Accepted	 259	 802	
184	 5.9095682e-01	 +1.6431189e-02 -8.8781504e-04	 1.00e+00 Accepted	 259	 802	
185	 5.9077397e-01	 +1.5966551e-02 -5.4652092e-04	 9.92e-01 Accepted	 259	 802	
186	 5.9072268e-01	 +1.5087840e-02 -2.2226907e-03	 9.93e-01 Accepted	 260	 804	
187	 5.9083921e-01	 +1.2785666e-02 +5.3791621e-04	 1.02e+00 Accepted	 258	 798	
188	 5.9094293e-01	 +1.4382223e-02 +8.1139410e-04	 1.01e+00 Accepted	 259	 801	
189	 5.9055328e-01	 +1.5229629e-02 -1.2895185e-03	 9.90e-01 Accepted	 258	 793	
# Starting_type: CheckpointStart
# Trajectory_length / Number_of_MD_steps: 1 / 8
# 	 Plaquette	 Polyakov_Loop(re,im)	 Acc._Probability	 runtime_per_traj(s)	 CG_iterations	
189	 5.9079317e-01	 +1.4782775e-02 -5.6344517e-04	 9.66e-01 Accepted	 213	 807	
190	 5.9071624e-01	 +1.2594806e-02 -1.8072568e-03	 8.56e-01 Accepted	 213	 811	
191	 5.9085960e-01	 +1.3816189e-02 +8.1412489e-05	 1.02e+00 Accepted	 212	 827	
192	 5.9094606e-01	 +1.2462376e-02 +8.3457094e-05	 1.18e+00 Accepted	 217	 826	
193	 5.9060991e-01	 +1.1429822e-02 +1.8747951e-04	 5.92e-01 Accepted	 218	 832	
194	 5.9049940e-01	 +1.3248271e-02 +8.7399609e-04	 1.08e+00 Accepted	 219	 840	
195	 5.9020038e-01	 +1.4640578e-02 +1.5184832e-03	 1.25e+00 Accepted	 220	 856	
196	 5.9030609e-01	 +1.0996858e-02 +1.1054305e-04	 7.50e-01 Accepted	 224	 862	
197	 5.9041050e-01	 +1.1638820e-02 +2.0818846e-03	 1.34e+00 Accepted	 225	 866	
198	 5.9047201e-01	 +1.3785072e-02 -9.4205644e-04	 1.04e+00 Accepted	 225	 864	
199	 5.9083462e-01	 +1.2752711e-02 -2.0579758e-03	 1.01e+00 Accepted	 225	 864	
200	 5.9087603e-01	 +6.7458744e-03 +4.9903747e-04	 9.75e-01 Accepted	 225	 859	
201	 5.9059710e-01	 +1.2481706e-02 -7.5533361e-04	 1.02e+00 Accepted	 225	 867	
202	 5.9061196e-01	 +1.1254808e-02 +3.9614198e-04	 7.85e-01 Accepted	 226	 862	
203	 5.9061196e-01	 +1.1254808e-02 +3.9614198e-04	 5.77e-01 Rejected	 226	 870	
204	 5.9098997e-01	 +1.2709885e-02 -6.4358972e-04	 1.36e+00 Accepted	 227	 879	
205	 5.9098997e-01	 +1.2709885e-02 -6.4358972e-04	 8.59e-01 Rejected	 228	 882	
206	 5.9103762e-01	 +7.5414562e-03 -4.1132691e-05	 8.41e-01 Accepted	 229	 875	
207	 5.9103762e-01	 +7.5414562e-03 -4.1132691e-05	 7.43e-01 Rejected	 228	 876	
208	 5.9110506e-01	 +9.7929702e-03 -1.1048083e-03	 7.67e-01 Accepted	 227	 868	
209	 5.9067836e-01	 +9.2109998e-03 -3.6689081e-04	 9.52e-01 Accepted	 228	 871	
210	 5.9057919e-01	 +1.2717309e-02 -1.0890259e-03	 1.26e+00 Accepted	 226	 862	
211	 5.9055477e-01	 +1.1826587e-02 +2.3214023e-04	 1.14e+00 Accepted	 225	 871	
212	 5.9086389e-01	 +1.3310851e-02 +2.7542022e-05	 1.18e+00 Accepted	 226	 859	
213	 5.9050393e-01	 +8.7955806e-03 -9.3166956e-04	 1.31e+00 Accepted	 225	 872	
214	 5.9065336e-01	 +8.5439378e-03 -3.7733088e-04	 9.51e-01 Accepted	 228	 865	
215	 5.9078265e-01	 +1.0120285e-02 +2.0606427e-03	 1.11e+00 Accepted	 226	 858	
216	 5.9054585e-01	 +1.1926554e-02 -1.0514859e-03	 8.31e-01 Accepted	 228	 872	
217	 5.9044622e-01	 +8.7922293e-03 +7.4578410e-05	 9.61e-01 Accepted	 231	 882	
218	 5.9031701e-01	 +9.5077102e-03 -8.8311252e-04	 1.15e+00 Accepted	 230	 885	
219	 5.9039768e-01	 +1.2268846e-02 +1.2026527e-04	 1.68e+00 Accepted	 230	 886	
220	 5.9039470e-01	 +8.3940808e-03 -3.7747731e-04	 6.90e-01 Accepted	 230	 879	
221	 5.9085976e-01	 +7.7428855e-03 +2.2439904e-04	 1.07e+00 Accepted	 229	 886	
222	 5.9075939e-01	 +8.2249043e-03 +8.9218528e-04	 9.26e-01 Accepted	 230	 888	
223	 5.9059101e-01	 +5.9292196e-03 -8.3474677e-04	 7.58e-01 Accepted	 233	 896	
224	 5.9058170e-01	 +9.1564552e-03 -1.6027315e-03	 1.05e+00 Accepted	 232	 892	
225	 5.9047931e-01	 +1.1746981e-02 -6.4662600e-04	 5.07e-01 Accepted	 233	 894	
226	 5.9062594e-01	 +9.8778506e-03 +1.8240003e-03	 1.18e+00 Accepted	 233	 895	
227	 5.9023479e-01	 +9.8766070e-03 +1.1407631e-03	 9.65e-01 Accepted	 232	 896	
228	 5.9057184e-01	 +8.9210211e-03 -8.5300380e-05	 1.00e+00 Accepted	 233	 899	
229	 5.9057184e-01	 +8.9210211e-03 -8.5300380e-05	 6.14e-01 Rejected	 234	 903	
230	 5.9044625e-01	 +8.7756186e-03 -1.5955925e-03	 1.09e+00 Accepted	 234	 904	
231	 5.9070599e-01	 +6.0528595e-03 +3.6413849e-04	 1.31e+00 Accepted	 235	 904	
232	 5.9036178e-01	 +9.9223719e-03 +1.0634073e-03	 1.20e+00 Accepted	 234	 896	
233	 5.9032730e-01	 +1.0503362e-02 +1.4850289e-03	 7.60e-01 Accepted	 232	 892	
234	 5.9032730e-01	 +1.0503362e-02 +1.4850289e-03	 8.11e-01 Rejected	 233	 902	
235	 5.9060001e-01	 +1.0864592e-02 +2.3020944e-03	 8.97e-01 Accepted	 232	 893	
236	 5.9077914e-01	 +1.0093594e-02 +1.4556122e-03	 1.01e+00 Accepted	 230	 890	
237	 5.9104132e-01	 +9.3281269e-03 +5.8012711e-04	 1.43e+00 Accepted	 231	 894	
238	 5.9083515e-01	 +1.0223250e-02 -1.2944913e-03	 1.04e+00 Accepted	 230	 898	
239	 5.9080526e-01	 +1.1400470e-02 -1.2627094e-03	 8.21e-01 Accepted	 231	 890	
240	 5.9089389e-01	 +9.1548509e-03 +1.4332320e-03	 1.01e+00 Accepted	 231	 887	
241	 5.9068883e-01	 +9.9678739e-03 -7.5193846e-04	 1.22e+00 Accepted	 233	 911	
242	 5.9077101e-01	 +9.0284826e-03 -9.9179572e-04	 9.95e-01 Accepted	 235	 902	
243	 5.9052883e-01	 +7.5558003e-03 -3.9046452e-03	 1.14e+00 Accepted	 234	 897	
244	 5.9049771e-01	 +9.8858701e-03 -1.1269292e-03	 8.62e-01 Accepted	 235	 911	
245	 5.9018733e-01	 +8.7868714e-03 +4.6522340e-04	 6.82e-01 Accepted	 236	 907	
246	 5.9046317e-01	 +8.9482967e-03 +1.2995002e-03	 2.04e+00 Accepted	 238	 924	
247	 5.9039325e-01	 +9.7339933e-03 +5.2080736e-04	 9.85e-01 Accepted	 239	 909	
248	 5.9006390e-01	 +6.8683646e-03 -1.3811398e-03	 8.30e-01 Accepted	 235	 900	
249	 5.9010266e-01	 +9.5548488e-03 -2.0004778e-03	 1.05e+00 Accepted	 233	 898	
250	 5.9030638e-01	 +8.3838205e-03 +4.2879416e-03	 1.51e+00 Accepted	 233	 900	
251	 5.9026871e-01	 +1.0271852e-02 +1.1426986e-03	 1.11e+00 Accepted	 234	 904	
252	 5.9041643e-01	 +6.3423892e-03 +1.1063521e-03	 1.08e+00 Accepted	 235	 901	
253	 5.9045118e-01	 +1.0334423e-02 +3.8482729e-03	 9.78e-01 Accepted	 235	 903	
254	 5.9027387e-01	 +9.2373315e-03 -3.7839423e-04	 6.50e-01 Accepted	 238	 920	
255	 5.9027387e-01	 +9.2373315e-03 -3.7839423e-04	 7.12e-01 Rejected	 236	 921	
256	 5.9027387e-01	 +9.2373315e-03 -3.7839423e-04	 6.18e-01 Rejected	 237	 922	
257	 5.9021114e-01	 +7.4160707e-03 -8.4061997e-04	 1.06e+00 Accepted	 237	 921	
258	 5.9028581e-01	 +4.4812481e-03 -1.2430169e-03	 1.45e+00 Accepted	 238	 922	
259	 5.9018375e-01	 +7.3218085e-03 +4.2579199e-04	 8.43e-01 Accepted	 238	 921	
260	 5.9001182e-01	 +5.1070921e-03 -2.7256048e-03	 9.04e-01 Accepted	 239	 923	
261	 5.9018320e-01	 +4.9119626e-03 -3.1189618e-04	 9.20e-01 Accepted	 237	 913	
262	 5.9018676e-01	 +4.7616299e-03 +3.8712350e-03	 8.05e-01 Accepted	 237	 921	
263	 5.9010196e-01	 +7.4802929e-03 +2.5689962e-04	 1.40e+00 Accepted	 242	 941	
264	 5.9025738e-01	 +7.4338207e-03 +5.0896506e-04	 1.01e+00 Accepted	 242	 935	
265	 5.9055368e-01	 +7.5660231e-03 +1.5826938e-03	 1.32e+00 Accepted	 241	 933	
266	 5.9039928e-01	 +7.4869039e-03 -1.6922739e-03	 1.20e+00 Accepted	 242	 945	
267	 5.9028974e-01	 +6.3360537e-03 -1.8228095e-03	 1.42e+00 Accepted	 243	 947	
268	 5.9040267e-01	 +9.2913578e-03 +7.2877572e-04	 9.00e-01 Accepted	 244	 933	
269	 5.9040267e-01	 +9.2913578e-03 +7.2877572e-04	 5.28e-01 Rejected	 242	 937	
270	 5.9047730e-01	 +6.7739941e-03 -9.8961602e-04	 1.34e+00 Accepted	 244	 938	
271	 5.9054650e-01	 +6.0079314e-03 -1.3398455e-03	 1.16e+00 Accepted	 242	 945	
272	 5.9040003e-01	 +7.8710545e-03 +3.8001930e-03	 8.54e-01 Accepted	 244	 950	
273	 5.9063667e-01	 +7.6203784e-03 +7.1999099e-04	 9.56e-01 Accepted	 246	 949	
274	 5.9056487e-01	 +9.4270471e-03 +5.1953511e-04	 9.35e-01 Accepted	 243	 943	
275	 5.9052242e-01	 +7.7178720e-03 +2.2184291e-03	 1.31e+00 Accepted	 243	 945	
276	 5.9066594e-01	 +9.8566649e-03 +2.0950139e-03	 8.09e-01 Accepted	 243	 950	
277	 5.9048384e-01	 +7.8844106e-03 +2.0177203e-03	 8.62e-01 Accepted	 244	 949	
278	 5.9048384e-01	 +7.8844106e-03 +2.0177203e-03	 6.10e-01 Rejected	 246	 942	
279	 5.9055630e-01	 +7.1617095e-03 +1.3041141e-03	 1.23e+00 Accepted	 243	 924	
280	 5.9041428e-01	 +8.7117530e-03 +1.0353442e-03	 1.21e+00 Accepted	 239	 927	
281	 5.9041428e-01	 +8.7117530e-03 +1.0353442e-03	 5.27e-01 Rejected	 238	 920	
282	 5.9038317e-01	 +5.9480977e-03 +2.7826382e-03	 7.65e-01 Accepted	 239	 934	
283	 5.9024546e-01	 +7.1563911e-03 +2.0738494e-04	 1.38e+00 Accepted	 243	 941	
284	 5.8987054e-01	 +8.7872986e-03 -5.7691701e-04	 5.83e-01 Accepted	 242	 949	
285	 5.9048561e-01	 +6.0834777e-03 +2.0278114e-03	 8.26e-01 Accepted	 242	 951	
286	 5.9052994e-01	 +6.5846302e-03 +1.7126634e-03	 1.05e+00 Accepted	 246	 959	
287	 5.9054514e-01	 +8.0355228e-03 +8.2179371e-04	 1.15e+00 Accepted	 243	 945	
288	 5.9033683e-01	 +7.0638917e-03 +1.7111508e-03	 1.17e+00 Accepted	 246	 959	
289	 5.9054837e-01	 +6.6372655e-03 +2.2764453e-03	 1.45e+00 Accepted	 246	 964	
290	 5.9051382e-01	 +6.0479806e-03 +7.7041566e-04	 1.66e+00 Accepted	 247	 970	
291	 5.9037584e-01	 +6.5561658e-03 +1.9482515e-03	 7.89e-01 Accepted	 248	 978	
292	 5.9024487e-01	 +7.4664654e-03 +2.4999936e-03	 7.51e-01 Accepted	 249	 964	
293	 5.9058521e-01	 +5.5851882e-03 +6.6825192e-04	 2.17e+00 Accepted	 249	 975	
294	 5.9038200e-01	 +6.7609731e-03 +1.0548730e-03	 7.41e-01 Accepted	 251	 968	
295	 5.9015598e-01	 +8.5822457e-03 +1.3533285e-04	 6.83e-01 Accepted	 251	 966	
296	 5.8994827e-01	 +4.4115644e-03 +7.0866439e-04	 7.98e-01 Accepted	 248	 959	
297	 5.9029570e-01	 +8.7565349e-03 -2.5081912e-03	 9.63e-01 Accepted	 249	 969	
298	 5.9029570e-01	 +8.7565349e-03 -2.5081912e-03	 5.42e-01 Rejected	 250	 972	
299	 5.9038277e-01	 +6.4706746e-03 -2.1139655e-03	 1.26e+00 Accepted	 249	 980	
300	 5.9071814e-01	 +7.4870220e-03 -2.9102473e-04	 1.51e+00 Accepted	 254	 986	
301	 5.9047552e-01	 +7.8570625e-03 +6.8944865e-04	 5.05e-01 Accepted	 254	 985	
302	 5.9046358e-01	 +8.0492497e-03 -2.4647960e-03	 1.28e+00 Accepted	 254	 996	
303	 5.9043459e-01	 +4.8190746e-03 +6.5762493e-05	 7.35e-01 Accepted	 254	 983	
304	 5.9031632e-01	 +5.6518551e-03 -1.1023478e-04	 5.25e-01 Accepted	 254	 992	
305	 5.9048709e-01	 +4.8695416e-03 -1.5791690e-03	 7.59e-01 Accepted	 253	 1000	
306	 5.9081938e-01	 +6.2452552e-03 -8.4783048e-04	 1.32e+00 Accepted	 254	 1001	
307	 5.9082309e-01	 +9.1895907e-03 +4.9963945e-04	 1.21e+00 Accepted	 255	 1001	
308	 5.9019325e-01	 +6.6408491e-03 -5.1122956e-04	 5.41e-01 Accepted	 256	 999	
309	 5.9019325e-01	 +6.6408491e-03 -5.1122956e-04	 6.76e-01 Rejected	 258	 1012	
310	 5.9002448e-01	 +4.6405184e-03 -8.1140519e-04	 6.63e-01 Accepted	 256	 1003	
311	 5.9037679e-01	 +9.8130499e-03 +1.3483091e-03	 1.16e+00 Accepted	 256	 1006	
312	 5.9037679e-01	 +9.8130499e-03 +1.3483091e-03	 6.43e-01 Rejected	 256	 1001	
313	 5.9031055e-01	 +3.7698498e-03 +1.1078169e-03	 1.44e+00 Accepted	 255	 1009	
314	 5.9068590e-01	 +7.8961609e-03 +8.7700427e-04	 1.15e+00 Accepted	 255	 999	
315	 5.9052728e-01	 +7.8591392e-03 +3.4556311e-04	 9.61e-01 Accepted	 253	 1005	
316	 5.9050714e-01	 +4.5208073e-03 -2.6727326e-04	 1.04e+00 Accepted	 256	 1001	
317	 5.9025539e-01	 +6.1142411e-03 -2.2041602e-03	 7.74e-01 Accepted	 255	 1012	
318	 5.9038489e-01	 +6.3103154e-03 -1.2451300e-04	 1.20e+00 Accepted	 255	 1010	
319	 5.9022058e-01	 +3.9378674e-03 -1.5177657e-03	 9.86e-01 Accepted	 255	 1005	
320	 5.9046074e-01	 +3.2278578e-03 +5.5282462e-04	 1.26e+00 Accepted	 254	 999	
321	 5.9078139e-01	 +5.7001038e-03 +2.8317631e-04	 7.97e-01 Accepted	 253	 999	
322	 5.9051166e-01	 +5.4312096e-03 -9.5694967e-04	 8.53e-01 Accepted	 254	 1014	
323	 5.9074447e-01	 +4.9522280e-03 +1.1746669e-03	 1.54e+00 Accepted	 255	 997	
324	 5.9079502e-01	 +3.2566884e-03 -6.2919771e-04	 1.18e+00 Accepted	 255	 1002	
325	 5.9079502e-01	 +3.2566884e-03 -6.2919771e-04	 4.96e-01 Rejected	 256	 1010	
326	 5.9105658e-01	 +3.4092496e-03 +3.2048088e-03	 1.31e+00 Accepted	 256	 997	
327	 5.9078086e-01	 +5.2045128e-03 +4.6026406e-04	 1.01e+00 Accepted	 257	 992	
328	 5.9082907e-01	 +2.6482118e-03 +2.9252173e-03	 1.14e+00 Accepted	 257	 1011	
329	 5.9068563e-01	 +5.3969240e-03 -7.6126109e-04	 1.04e+00 Accepted	 258	 1007	
330	 5.9068563e-01	 +5.3969240e-03 -7.6126109e-04	 7.12e-01 Rejected	 257	 1016	
331	 5.9053922e-01	 +7.0118031e-03 -2.3540019e-03	 7.93e-01 Accepted	 258	 1009	
332	 5.9040647e-01	 +6.5709493e-03 -2.3140833e-03	 7.61e-01 Accepted	 258	 1010	
333	 5.9042138e-01	 +6.0521676e-03 -1.7680971e-04	 1.26e+00 Accepted	 258	 1014	
334	 5.9039205e-01	 +7.5769170e-03 +3.2623457e-03	 8.52e-01 Accepted	 257	 1020	
335	 5.9028229e-01	 +7.1309479e-03 -3.0671959e-04	 1.37e+00 Accepted	 259	 1022	
336	 5.9004963e-01	 +6.3088726e-03 -9.3874743e-04	 1.27e+00 Accepted	 259	 1017	
337	 5.9024213e-01	 +7.0143464e-03 -8.1560372e-04	 1.08e+00 Accepted	 259	 1017	
338	 5.9024213e-01	 +7.0143464e-03 -8.1560372e-04	 9.49e-01 Rejected	 257	 1011	
339	 5.9023257e-01	 +3.8494009e-03 -2.1402090e-04	 1.52e+00 Accepted	 257	 1016	
340	 5.9067700e-01	 +8.6308840e-03 +2.5856155e-03	 1.37e+00 Accepted	 258	 1015	
341	 5.9057597e-01	 +2.7986043e-03 -2.5771412e-03	 7.58e-01 Accepted	 256	 1020	
342	 5.9049935e-01	 +5.5576628e-03 +5.1995985e-04	 1.11e+00 Accepted	 257	 1021	
343	 5.9044393e-01	 +2.9248992e-03 +7.0233446e-04	 1.35e+00 Accepted	 258	 1024	
344	 5.9045592e-01	 +2.6854157e-03 -1.2724843e-03	 1.16e+00 Accepted	 259	 1014	
345	 5.9035429e-01	 +4.2496089e-03 +2.3087123e-03	 6.02e-01 Accepted	 259	 1017	
346	 5.9042733e-01	 +4.0612259e-03 +1.2777402e-03	 1.04e+00 Accepted	 260	 1013	
347	 5.9042733e-01	 +4.0612259e-03 +1.2777402e-03	 6.07e-01 Rejected	 256	 1017	
348	 5.9048820e-01	 +5.2575982e-03 +1.3893031e-03	 1.08e+00 Accepted	 260	 1022	
349	 5.9066400e-01	 +6.7382318e-03 -1.6506974e-03	 1.20e+00 Accepted	 260	 1034	
350	 5.9056579e-01	 +2.2747254e-03 -2.6214163e-03	 7.52e-01 Accepted	 260	 1024	
351	 5.9058184e-01	 +5.5233324e-03 +4.8172690e-04	 1.01e+00 Accepted	 263	 1034	
352	 5.9061981e-01	 +5.8883911e-03 +3.7333616e-04	 9.04e-01 Accepted	 262	 1036	
353	 5.9048411e-01	 +3.9256193e-03 -2.8606007e-03	 1.13e+00 Accepted	 262	 1035	
354	 5.9076746e-01	 +3.7357391e-03 -1.2782701e-03	 1.73e+00 Accepted	 262	 1038	
355	 5.9039261e-01	 +1.5610825e-03 +3.0199249e-03	 7.60e-01 Accepted	 261	 1034	
356	 5.9039261e-01	 +1.5610825e-03 +3.0199249e-03	 5.39e-01 Rejected	 262	 1039	
357	 5.9043833e-01	 +4.1303530e-03 +8.6023641e-04	 8.68e-01 Accepted	 260	 1040	
358	 5.9066285e-01	 +5.4140072e-03 +6.7169636e-04	 1.47e+00 Accepted	 260	 1023	
359	 5.9066912e-01	 +5.4900082e-03 -1.6896662e-03	 1.18e+00 Accepted	 259	 1028	
360	 5.9042134e-01	 +3.9712063e-03 +3.1928197e-04	 5.83e-01 Accepted	 261	 1034	
361	 5.9046343e-01	 +4.0873768e-03 -7.4906185e-04	 9.15e-01 Accepted	 261	 1035	
362	 5.9046343e-01	 +4.0873768e-03 -7.4906185e-04	 5.81e-01 Rejected	 261	 1038	
363	 5.9045262e-01	 +3.2605513e-03 -2.2296046e-03	 1.11e+00 Accepted	 262	 1031	
364	 5.9038019e-01	 +4.3828260e-03 -1.7007787e-03	 4.85e-01 Accepted	 262	 1031	
365	 5.9036564e-01	 +6.3352172e-03 +2.1585165e-03	 1.39e+00 Accepted	 262	 1044	
