# Starting_type: HotStart
# serial RNG seed: 	[34 15 28 66 60]
# parallel RNG seed:	[84 59 55 10 56]
# Trajectory_length / Number_of_MD_steps: 1 / 8
# 	 Plaquette	 Polyakov_Loop(re,im)	 Acc._Probability	 runtime_per_traj(s)	 CG_iterations	
1	 2.2562527e-01	 +1.2339625e-03 +2.0787280e-03	 1.03e+46 Accepted	 217	 959	
2	 3.1816909e-01	 -4.9167240e-04 -1.4538188e-03	 2.07e+24 Accepted	 297	 1211	
3	 3.6938433e-01	 +2.0218769e-03 +7.8300108e-04	 7.10e+15 Accepted	 336	 1334	
4	 4.0254466e-01	 +6.6404614e-04 +1.0487123e-03	 4.25e+09 Accepted	 359	 1402	
5	 4.2657907e-01	 +2.4409095e-03 -5.0130766e-04	 2.56e+06 Accepted	 373	 1442	
6	 4.4576056e-01	 +1.2230051e-03 -3.7670463e-04	 2.41e+05 Accepted	 380	 1464	
7	 4.6126064e-01	 -7.7319337e-04 -1.3268822e-03	 3.18e+04 Accepted	 384	 1482	
8	 4.7460151e-01	 +1.5637053e-03 +4.2259234e-03	 3.23e+03 Accepted	 389	 1498	
9	 4.8697441e-01	 -8.6735667e-04 +1.6614074e-03	 7.98e+02 Accepted	 391	 1496	
10	 4.9765589e-01	 +2.5328568e-03 +4.6811255e-04	 2.71e+02 Accepted	 391	 1494	
11	 5.0763419e-01	 -1.3664996e-03 +2.1731988e-03	 2.46e+02 Accepted	 394	 1497	
12	 5.1685979e-01	 -6.0029001e-04 -1.0165889e-03	 3.42e+02 Accepted	 390	 1485	
13	 5.2462874e-01	 -5.6978391e-04 +2.7949771e-04	 1.26e+02 Accepted	 390	 1495	
14	 5.3215664e-01	 -3.1503306e-04 +1.9580689e-03	 2.60e+02 Accepted	 389	 1478	
15	 5.3858994e-01	 +3.0051841e-04 +9.2851968e-04	 2.71e+01 Accepted	 384	 1457	
16	 5.4431107e-01	 +1.6538570e-03 -5.9060556e-04	 1.75e+01 Accepted	 384	 1491	
17	 5.4908194e-01	 +1.9242141e-03 -2.7269560e-03	 6.48e+00 Accepted	 384	 1443	
18	 5.5342250e-01	 +3.2625579e-03 +6.4478447e-04	 5.92e+00 Accepted	 380	 1428	
19	 5.5696395e-01	 +1.2494828e-03 -6.8122557e-05	 6.54e+00 Accepted	 375	 1412	
20	 5.5982687e-01	 +2.4674393e-03 +7.7534622e-04	 3.74e+00 Accepted	 372	 1388	
21	 5.6257500e-01	 -4.2210916e-04 -1.5695974e-03	 5.04e+00 Accepted	 367	 1402	
22	 5.6480404e-01	 +1.5246325e-03 -7.2634678e-05	 2.19e+00 Accepted	 366	 1379	
23	 5.6660645e-01	 -6.8716571e-04 +1.4151448e-03	 3.48e+00 Accepted	 362	 1348	
24	 5.6821510e-01	 +3.0827919e-04 -3.9018243e-04	 2.50e+00 Accepted	 361	 1328	
25	 5.6992266e-01	 +9.0545575e-04 +7.0016434e-04	 4.96e+00 Accepted	 362	 1400	
26	 5.7108938e-01	 -1.3318681e-03 -2.5288290e-03	 1.82e+00 Accepted	 358	 1332	
27	 5.7199687e-01	 +2.6412527e-03 +2.5496939e-03	 1.01e+00 Accepted	 352	 1303	
28	 5.7270916e-01	 -1.3639831e-03 -1.0199521e-03	 1.34e+00 Accepted	 338	 1277	
29	 5.7337052e-01	 +1.6519232e-03 -1.3430777e-03	 1.17e+00 Accepted	 337	 1266	
30	 5.7391630e-01	 +4.1182871e-03 -1.8990617e-03	 1.20e+00 Accepted	 337	 1233	
31	 5.7431984e-01	 +1.9979379e-03 -2.3672496e-04	 1.85e+00 Accepted	 337	 1260	
32	 5.7440272e-01	 +5.6259572e-04 +1.1316181e-03	 9.98e-01 Accepted	 341	 1294	
33	 5.7496548e-01	 -3.1151686e-03 -7.4529074e-05	 1.43e+00 Accepted	 338	 1212	
34	 5.7507348e-01	 +1.1831320e-04 -9.2112824e-04	 1.35e+00 Accepted	 330	 1229	
35	 5.7545260e-01	 -8.4607943e-04 -1.9708281e-03	 8.83e-01 Accepted	 317	 1153	
36	 5.7557322e-01	 -6.6412691e-04 -3.5448054e-03	 1.24e+00 Accepted	 311	 1133	
37	 5.7557322e-01	 -6.6412691e-04 -3.5448054e-03	 9.37e-01 Rejected	 309	 1217	
38	 5.7557322e-01	 -6.6412691e-04 -3.5448054e-03	 8.03e-01 Rejected	 305	 1158	
39	 5.7555022e-01	 -1.3404231e-04 +2.0179955e-03	 1.02e+00 Accepted	 306	 1193	
40	 5.7605500e-01	 -5.6104205e-04 +2.9508339e-03	 1.50e+00 Accepted	 319	 1198	
41	 5.7614827e-01	 +1.1551518e-03 +1.3426236e-03	 7.99e-01 Accepted	 315	 1129	
42	 5.7630625e-01	 -9.4602731e-05 +3.4777445e-04	 9.09e-01 Accepted	 310	 1149	
43	 5.7662981e-01	 +5.9523443e-04 -1.2135951e-03	 1.63e+00 Accepted	 314	 1177	
44	 5.7662981e-01	 +5.9523443e-04 -1.2135951e-03	 5.62e-01 Rejected	 316	 1158	
45	 5.7660180e-01	 +2.3318112e-03 +3.1366438e-03	 1.70e+00 Accepted	 312	 1130	
46	 5.7662890e-01	 -1.0165058e-03 +7.8217359e-04	 1.01e+00 Accepted	 314	 1187	
47	 5.7659909e-01	 +1.7044705e-03 +1.7484764e-03	 1.18e+00 Accepted	 316	 1149	
48	 5.7672792e-01	 +2.0318934e-05 -5.9339600e-04	 8.39e-01 Accepted	 309	 1155	
49	 5.7690157e-01	 +3.5453166e-04 +3.7832276e-03	 1.20e+00 Accepted	 310	 1156	
50	 5.7647976e-01	 +1.4154688e-03 +1.3048031e-03	 5.58e-01 Accepted	 314	 1186	
51	 5.7678206e-01	 +1.5061498e-03 +1.6937805e-04	 1.94e+00 Accepted	 321	 1198	
52	 5.7666036e-01	 +8.2024670e-04 +2.5078158e-03	 8.32e-01 Accepted	 321	 1207	
53	 5.7680214e-01	 -1.6306329e-03 +3.0604374e-04	 1.17e+00 Accepted	 317	 1147	
54	 5.7684994e-01	 -1.6942176e-04 +2.2118645e-04	 1.05e+00 Accepted	 307	 1126	
55	 5.7712616e-01	 +2.4384264e-04 +1.9571626e-03	 1.46e+00 Accepted	 305	 1182	
56	 5.7716816e-01	 +8.0960870e-04 -1.9361632e-03	 1.60e+00 Accepted	 310	 1119	
57	 5.7716816e-01	 +8.0960870e-04 -1.9361632e-03	 8.28e-01 Rejected	 300	 1109	
58	 5.7716816e-01	 +8.0960870e-04 -1.9361632e-03	 6.59e-01 Rejected	 299	 1130	
59	 5.7727824e-01	 -2.7626055e-03 -7.2296078e-04	 1.31e+00 Accepted	 298	 1118	
60	 5.7734623e-01	 -1.2662866e-03 +4.2555462e-04	 8.55e-01 Accepted	 298	 1120	
61	 5.7717190e-01	 -5.0602602e-05 -1.5423277e-03	 6.38e-01 Accepted	 301	 1158	
62	 5.7732198e-01	 +1.5861275e-03 -1.2346784e-03	 1.11e+00 Accepted	 306	 1102	
63	 5.7743773e-01	 +1.4329359e-03 +3.5451240e-04	 9.14e-01 Accepted	 286	 1148	
64	 5.7780048e-01	 -1.5276388e-03 +1.0486442e-03	 1.46e+00 Accepted	 298	 1153	
65	 5.7756911e-01	 -1.0427673e-03 +4.8775333e-04	 7.12e-01 Accepted	 292	 1090	
66	 5.7764839e-01	 +9.4315147e-04 -2.6890848e-04	 1.05e+00 Accepted	 284	 1109	
67	 5.7785874e-01	 -1.5803673e-03 -1.9056435e-04	 9.07e-01 Accepted	 290	 1153	
68	 5.7771802e-01	 -1.8804872e-03 +4.2808477e-04	 9.81e-01 Accepted	 293	 1095	
69	 5.7788001e-01	 +3.4448166e-04 -1.7981663e-04	 8.26e-01 Accepted	 286	 1120	
70	 5.7761647e-01	 +1.1577891e-03 +8.4805248e-04	 6.14e-01 Accepted	 288	 1104	
71	 5.7777272e-01	 -3.3523274e-04 -1.7678657e-03	 1.43e+00 Accepted	 285	 1115	
72	 5.7790493e-01	 -2.7369283e-03 +2.9559089e-04	 1.01e+00 Accepted	 290	 1185	
73	 5.7788366e-01	 -6.8675342e-04 +2.2538471e-03	 8.75e-01 Accepted	 298	 1082	
74	 5.7776665e-01	 -1.8874022e-03 +4.7730185e-04	 1.19e+00 Accepted	 279	 1091	
75	 5.7776665e-01	 -1.8874022e-03 +4.7730185e-04	 4.86e-01 Rejected	 281	 1085	
76	 5.7770492e-01	 -1.7023551e-04 +1.4172321e-03	 1.56e+00 Accepted	 285	 1098	
77	 5.7751254e-01	 -3.5401806e-04 +5.3521319e-05	 6.17e-01 Accepted	 279	 1088	
78	 5.7754344e-01	 +1.2653525e-03 -6.0419075e-04	 7.91e-01 Accepted	 280	 1087	
79	 5.7759366e-01	 +1.4528644e-03 +1.2781359e-03	 1.26e+00 Accepted	 278	 1094	
80	 5.7767932e-01	 -6.1312402e-04 +3.2506679e-03	 9.72e-01 Accepted	 280	 1102	
81	 5.7745744e-01	 -1.3571598e-04 +1.8506191e-03	 1.10e+00 Accepted	 284	 1120	
82	 5.7784559e-01	 -9.1651318e-04 +8.3638725e-04	 1.51e+00 Accepted	 285	 1109	
83	 5.7771644e-01	 +3.2642570e-04 -2.1313776e-03	 5.38e-01 Accepted	 285	 1110	
84	 5.7774446e-01	 +1.9857290e-03 +1.1576014e-03	 1.58e+00 Accepted	 281	 1083	
85	 5.7750506e-01	 +2.1256063e-03 +1.4757944e-03	 9.80e-01 Accepted	 280	 1102	
86	 5.7751417e-01	 -1.4365006e-03 +2.6353633e-03	 9.89e-01 Accepted	 283	 1094	
87	 5.7760157e-01	 +3.3454580e-03 +1.8403045e-03	 7.30e-01 Accepted	 282	 1081	
88	 5.7744904e-01	 +1.2348157e-03 +1.5232031e-03	 7.76e-01 Accepted	 278	 1094	
89	 5.7744904e-01	 +1.2348157e-03 +1.5232031e-03	 8.88e-01 Rejected	 278	 1084	
90	 5.7773162e-01	 +1.3692608e-03 +8.5334019e-04	 1.04e+00 Accepted	 281	 1116	
91	 5.7781465e-01	 +1.0483764e-03 +4.2105100e-04	 8.08e-01 Accepted	 286	 1091	
92	 5.7817415e-01	 -7.9105264e-06 +4.5963454e-05	 6.29e-01 Accepted	 286	 1090	
93	 5.7789956e-01	 +1.0504104e-03 -7.4460857e-04	 7.15e-01 Accepted	 278	 1086	
94	 5.7789956e-01	 +1.0504104e-03 -7.4460857e-04	 8.04e-01 Rejected	 279	 1086	
95	 5.7820997e-01	 +6.0402388e-04 +1.3807738e-03	 9.98e-01 Accepted	 286	 1138	
96	 5.7794429e-01	 -6.1485660e-04 +1.6067725e-03	 1.20e+00 Accepted	 288	 1083	
97	 5.7789660e-01	 +9.1759135e-04 +1.7633724e-03	 1.02e+00 Accepted	 278	 1091	
98	 5.7748852e-01	 -2.0137817e-03 -9.1388369e-04	 8.32e-01 Accepted	 284	 1094	
99	 5.7806319e-01	 -1.3179818e-03 -1.6087589e-03	 1.34e+00 Accepted	 284	 1090	
100	 5.7800171e-01	 +3.4708012e-04 -6.6878917e-04	 1.09e+00 Accepted	 279	 1082	
101	 5.7800171e-01	 +3.4708012e-04 -6.6878917e-04	 6.21e-01 Rejected	 279	 1089	
102	 5.7800171e-01	 +3.4708012e-04 -6.6878917e-04	 5.95e-01 Rejected	 280	 1080	
103	 5.7774713e-01	 +1.5192858e-03 +2.6060810e-04	 1.25e+00 Accepted	 280	 1089	
104	 5.7791690e-01	 +1.5674887e-03 -1.1754739e-03	 1.84e+00 Accepted	 286	 1089	
105	 5.7811266e-01	 +2.3372524e-03 -1.9099547e-04	 9.61e-01 Accepted	 281	 1085	
106	 5.7792171e-01	 -2.7682575e-04 +9.6791396e-04	 7.46e-01 Accepted	 281	 1081	
107	 5.7821744e-01	 -9.0914393e-04 +1.4769435e-03	 1.01e+00 Accepted	 279	 1084	
108	 5.7853987e-01	 +3.9402108e-04 -9.1249558e-04	 1.45e+00 Accepted	 279	 1083	
109	 5.7869855e-01	 +4.1105406e-04 -5.8936771e-04	 8.45e-01 Accepted	 278	 1080	
110	 5.7851099e-01	 +3.1929368e-04 -3.0717543e-03	 9.97e-01 Accepted	 277	 1076	
111	 5.7819731e-01	 -3.9407285e-04 +1.3487642e-03	 5.37e-01 Accepted	 280	 1084	
112	 5.7797939e-01	 +2.8478905e-04 +1.0805430e-03	 7.06e-01 Accepted	 279	 1078	
113	 5.7783494e-01	 -2.2456773e-03 -6.3805470e-04	 1.07e+00 Accepted	 276	 1079	
114	 5.7812247e-01	 -2.4411695e-03 +2.1102790e-03	 1.45e+00 Accepted	 285	 1123	
115	 5.7782143e-01	 +5.1858510e-04 +6.7890363e-04	 8.45e-01 Accepted	 286	 1113	
116	 5.7780484e-01	 +2.6111180e-05 +7.0632963e-04	 1.07e+00 Accepted	 283	 1110	
117	 5.7766939e-01	 -7.9010558e-04 -1.5641567e-03	 8.16e-01 Accepted	 286	 1110	
118	 5.7778377e-01	 -2.8858238e-05 -6.7796194e-04	 9.19e-01 Accepted	 282	 1095	
119	 5.7786889e-01	 +6.5748337e-04 -2.9641922e-04	 1.42e+00 Accepted	 282	 1092	
120	 5.7807450e-01	 +2.2734770e-03 -1.1121711e-03	 8.47e-01 Accepted	 281	 1084	
121	 5.7797344e-01	 +2.7333070e-03 -1.8657600e-04	 9.25e-01 Accepted	 281	 1098	
122	 5.7785017e-01	 +8.1222034e-04 +4.5936563e-04	 9.64e-01 Accepted	 282	 1085	
123	 5.7828873e-01	 -2.5176468e-03 +7.7116572e-04	 7.36e-01 Accepted	 281	 1082	
124	 5.7864855e-01	 +2.7021552e-03 +1.6598996e-03	 8.45e-01 Accepted	 280	 1085	
125	 5.7863730e-01	 -3.0011756e-03 +1.8397430e-03	 1.58e+00 Accepted	 279	 1078	
126	 5.7845237e-01	 -3.7645989e-03 +1.9916127e-03	 1.36e+00 Accepted	 276	 1074	
127	 5.7852439e-01	 -2.7946670e-04 -1.7036536e-03	 1.15e+00 Accepted	 278	 1078	
128	 5.7840179e-01	 +9.9037547e-04 +1.5816931e-03	 1.42e+00 Accepted	 278	 1077	
129	 5.7840345e-01	 -2.5374248e-03 -2.7200351e-03	 8.39e-01 Accepted	 279	 1077	
130	 5.7840345e-01	 -2.5374248e-03 -2.7200351e-03	 5.93e-01 Rejected	 275	 1077	
131	 5.7826133e-01	 +2.7258827e-03 -1.6167264e-03	 8.73e-01 Accepted	 277	 1077	
132	 5.7819687e-01	 -4.3300933e-04 -8.9944279e-04	 1.41e+00 Accepted	 279	 1084	
133	 5.7816947e-01	 +2.3140002e-03 +6.7703497e-04	 1.17e+00 Accepted	 280	 1086	
134	 5.7821543e-01	 -1.9899129e-03 +2.4404278e-03	 7.37e-01 Accepted	 279	 1095	
135	 5.7821543e-01	 -1.9899129e-03 +2.4404278e-03	 6.24e-01 Rejected	 283	 1095	
136	 5.7845505e-01	 -9.2078649e-04 -2.0546759e-04	 1.21e+00 Accepted	 283	 1093	
137	 5.7844930e-01	 +1.4690362e-04 +3.7817810e-03	 5.99e-01 Accepted	 281	 1079	
138	 5.7854369e-01	 -6.6360788e-04 +1.2575615e-03	 1.13e+00 Accepted	 277	 1079	
139	 5.7832909e-01	 +2.5426407e-03 +4.1511531e-04	 6.48e-01 Accepted	 278	 1072	
140	 5.7832916e-01	 -1.1101934e-03 -1.5635112e-03	 1.42e+00 Accepted	 279	 1084	
