# Starting_type: HotStart
# serial RNG seed: 	[33438 64494 39965 9777 24125]
# parallel RNG seed:	[52374 10011 33775 12717 31974]
# Trajectory_length / Number_of_MD_steps: 1 / 7
# 	 Plaquette	 Polyakov_Loop(re,im)	 Acc._Probability	 runtime_per_traj(s)	 CG_iterations	
1	 2.3027701e-01	 -3.2761637e-04 +1.2824483e-03	 4.96e+65 Accepted	 80	 971	
2	 3.2839677e-01	 +1.3515230e-03 +2.6290996e-03	 3.76e+36 Accepted	 106	 1235	
3	 3.8487581e-01	 -1.7179247e-03 +3.4446770e-04	 2.22e+23 Accepted	 119	 1367	
4	 4.2349677e-01	 +1.0281995e-03 -2.9075900e-03	 2.27e+16 Accepted	 127	 1436	
5	 4.5305831e-01	 +4.3108790e-03 +7.3890585e-04	 1.31e+11 Accepted	 129	 1473	
6	 4.7700489e-01	 +7.3138056e-04 +1.3272077e-05	 4.39e+09 Accepted	 132	 1489	
7	 4.9745697e-01	 -1.0686345e-03 +1.4199781e-03	 7.57e+07 Accepted	 131	 1496	
8	 5.1551614e-01	 +1.7713600e-03 +2.0837391e-04	 8.67e+06 Accepted	 134	 1497	
9	 5.3116331e-01	 +1.0197748e-04 +7.2015943e-04	 7.76e+05 Accepted	 131	 1490	
10	 5.4490342e-01	 +6.1938836e-04 -2.8900769e-03	 9.82e+04 Accepted	 133	 1538	
11	 5.5662399e-01	 -2.0459389e-03 -5.1671670e-04	 4.98e+04 Accepted	 131	 1484	
12	 5.6627303e-01	 -2.4860955e-03 +1.0434355e-03	 1.28e+03 Accepted	 130	 1441	
13	 5.7394301e-01	 -3.4034525e-03 +6.4253998e-04	 3.28e+02 Accepted	 128	 1439	
14	 5.8049167e-01	 -2.5455402e-03 -1.1240562e-03	 3.05e+02 Accepted	 126	 1360	
15	 5.8552093e-01	 +3.9502160e-04 -1.2204246e-03	 8.79e+01 Accepted	 123	 1370	
16	 5.8934262e-01	 +8.2505743e-04 +2.6587796e-03	 2.59e+01 Accepted	 123	 1364	
17	 5.9219093e-01	 -9.3485578e-04 -5.4646522e-05	 1.80e+01 Accepted	 122	 1320	
18	 5.9469339e-01	 -6.0145301e-04 +1.8526032e-03	 8.42e+00 Accepted	 123	 1345	
19	 5.9652218e-01	 +1.6693852e-03 -7.2871066e-04	 4.41e+00 Accepted	 120	 1350	
20	 5.9814468e-01	 +1.9515330e-03 -3.4551048e-04	 2.95e+00 Accepted	 123	 1307	
21	 5.9938915e-01	 +8.4301385e-05 +1.3846794e-03	 2.74e+00 Accepted	 118	 1278	
22	 6.0047731e-01	 -1.1417547e-04 -2.0541667e-03	 1.47e+00 Accepted	 118	 1224	
23	 6.0130181e-01	 -1.8910227e-03 -2.1067721e-03	 3.06e+00 Accepted	 113	 1214	
24	 6.0172865e-01	 -1.9256057e-03 +4.1583225e-04	 1.20e+00 Accepted	 115	 1230	
25	 6.0257115e-01	 -2.2493426e-03 -4.9932098e-04	 1.66e+00 Accepted	 114	 1200	
26	 6.0297730e-01	 -8.0673169e-05 +2.3365062e-04	 1.02e+00 Accepted	 114	 1189	
27	 6.0345913e-01	 -9.5703242e-04 +7.5083843e-04	 1.84e+00 Accepted	 110	 1143	
28	 6.0370905e-01	 -1.6838423e-03 -5.1112846e-04	 1.74e+00 Accepted	 111	 1229	
29	 6.0366842e-01	 +2.7213213e-03 +1.2378305e-03	 5.77e-01 Accepted	 114	 1224	
30	 6.0390978e-01	 -3.4361172e-03 -7.6514260e-04	 1.30e+00 Accepted	 113	 1114	
31	 6.0410934e-01	 -1.4167886e-03 -7.5897236e-05	 1.07e+00 Accepted	 108	 1121	
32	 6.0410934e-01	 -1.4167886e-03 -7.5897236e-05	 5.52e-01 Rejected	 109	 1143	
33	 6.0437890e-01	 -1.6586802e-03 -1.2794092e-03	 8.98e-01 Accepted	 109	 1120	
34	 6.0476325e-01	 +1.2701143e-03 -2.7494610e-03	 1.75e+00 Accepted	 110	 1145	
35	 6.0477726e-01	 -2.8643443e-03 +4.0468201e-04	 7.22e-01 Accepted	 110	 1123	
36	 6.0477726e-01	 -2.8643443e-03 +4.0468201e-04	 6.09e-01 Rejected	 110	 1175	
37	 6.0503344e-01	 -2.0638357e-03 -5.4685993e-04	 1.25e+00 Accepted	 106	 1092	
38	 6.0523778e-01	 +1.0449840e-03 -1.8513767e-03	 1.39e+00 Accepted	 114	 1153	
39	 6.0507559e-01	 +1.4421334e-03 -1.7129932e-04	 8.38e-01 Accepted	 115	 1084	
40	 6.0506303e-01	 -4.0884930e-04 +2.7169350e-03	 4.47e-01 Accepted	 119	 1125	
41	 6.0516825e-01	 -4.5826489e-04 -1.1692251e-03	 1.28e+00 Accepted	 114	 1105	
42	 6.0506624e-01	 -2.6099848e-03 +4.5950710e-04	 7.91e-01 Accepted	 115	 1116	
43	 6.0493224e-01	 -3.8587681e-05 -1.4853389e-03	 6.50e-01 Accepted	 111	 1116	
44	 6.0512911e-01	 -1.4882520e-03 +1.8056680e-03	 1.44e+00 Accepted	 113	 1105	
45	 6.0560608e-01	 +2.9771515e-04 +9.0820619e-05	 1.51e+00 Accepted	 112	 1112	
46	 6.0572558e-01	 +2.7572079e-03 -1.3938605e-03	 6.87e-01 Accepted	 114	 1150	
47	 6.0568317e-01	 +8.1338902e-04 -1.1821865e-03	 1.03e+00 Accepted	 113	 1084	
48	 6.0581775e-01	 -9.3012420e-04 +2.1103081e-03	 9.87e-01 Accepted	 113	 1072	
49	 6.0581775e-01	 -9.3012420e-04 +2.1103081e-03	 7.54e-01 Rejected	 110	 1077	
50	 6.0591001e-01	 +1.2244413e-03 -7.9123275e-05	 1.27e+00 Accepted	 112	 1086	
51	 6.0590532e-01	 -1.1285382e-03 -2.1736508e-03	 6.54e-01 Accepted	 111	 1077	
52	 6.0557344e-01	 +3.1384441e-04 -2.1420156e-03	 6.95e-01 Accepted	 114	 1071	
53	 6.0556204e-01	 -8.8250342e-04 -3.9060364e-04	 7.15e-01 Accepted	 112	 1077	
54	 6.0561830e-01	 +1.7929379e-03 -1.7228343e-03	 8.31e-01 Accepted	 115	 1071	
55	 6.0554273e-01	 +7.0400493e-04 +6.2077700e-04	 6.17e-01 Accepted	 112	 1071	
56	 6.0568873e-01	 -2.6384215e-03 +9.2273703e-05	 2.02e+00 Accepted	 114	 1079	
57	 6.0586518e-01	 +2.3522926e-03 -2.8823074e-04	 1.31e+00 Accepted	 112	 1074	
58	 6.0587434e-01	 -1.9305621e-03 -1.3871779e-03	 1.33e+00 Accepted	 114	 1075	
59	 6.0587434e-01	 -1.9305621e-03 -1.3871779e-03	 7.97e-01 Rejected	 111	 1072	
60	 6.0568499e-01	 +1.5796248e-03 +1.5772866e-03	 9.30e-01 Accepted	 116	 1073	
61	 6.0562889e-01	 +3.9802119e-04 -1.1810290e-03	 1.22e+00 Accepted	 115	 1073	
62	 6.0595014e-01	 +2.4164141e-03 +9.2843693e-04	 1.33e+00 Accepted	 116	 1073	
63	 6.0597340e-01	 -7.3653379e-04 +1.1823874e-03	 1.14e+00 Accepted	 113	 1071	
64	 6.0597340e-01	 -7.3653379e-04 +1.1823874e-03	 4.65e-01 Rejected	 113	 1072	
65	 6.0611680e-01	 +2.5219046e-03 +2.0282454e-03	 5.81e-01 Accepted	 109	 1073	
66	 6.0611680e-01	 +2.5219046e-03 +2.0282454e-03	 7.80e-01 Rejected	 111	 1071	
67	 6.0611680e-01	 +2.5219046e-03 +2.0282454e-03	 4.29e-01 Rejected	 110	 1069	
68	 6.0575404e-01	 +4.6497078e-04 +3.4199955e-03	 1.36e+00 Accepted	 111	 1073	
69	 6.0611474e-01	 +7.4499065e-04 +1.5697044e-03	 1.31e+00 Accepted	 110	 1072	
70	 6.0627449e-01	 +4.8403139e-04 +1.0448768e-03	 1.32e+00 Accepted	 111	 1065	
71	 6.0627449e-01	 +4.8403139e-04 +1.0448768e-03	 6.41e-01 Rejected	 111	 1066	
72	 6.0627449e-01	 +4.8403139e-04 +1.0448768e-03	 7.77e-01 Rejected	 112	 1100	
73	 6.0589450e-01	 -8.3768356e-04 +2.2327702e-04	 6.95e-01 Accepted	 110	 1070	
74	 6.0584759e-01	 +1.2993915e-04 +8.8689754e-04	 1.14e+00 Accepted	 113	 1071	
75	 6.0595302e-01	 +2.7155169e-03 -6.8093079e-04	 5.99e-01 Accepted	 113	 1070	
76	 6.0624402e-01	 +5.2651208e-03 +1.2980901e-03	 1.85e+00 Accepted	 114	 1075	
77	 6.0611206e-01	 -4.1131069e-04 +5.4749247e-04	 6.01e-01 Accepted	 112	 1068	
78	 6.0616081e-01	 +4.5841459e-04 +1.7564738e-03	 1.16e+00 Accepted	 114	 1073	
79	 6.0654236e-01	 -1.6914149e-05 +3.9448061e-04	 8.76e-01 Accepted	 113	 1070	
80	 6.0634373e-01	 -5.2736670e-04 +1.1484131e-04	 1.13e+00 Accepted	 115	 1069	
81	 6.0634373e-01	 -5.2736670e-04 +1.1484131e-04	 7.51e-01 Rejected	 113	 1071	
82	 6.0647082e-01	 +7.4166535e-04 +1.7509260e-03	 1.55e+00 Accepted	 115	 1074	
83	 6.0609977e-01	 -3.6036918e-03 -2.1374905e-03	 6.77e-01 Accepted	 114	 1074	
84	 6.0566180e-01	 +2.0727418e-03 +1.2150053e-03	 7.70e-01 Accepted	 117	 1072	
85	 6.0575968e-01	 -2.8415510e-04 -2.4106808e-04	 8.82e-01 Accepted	 119	 1074	
86	 6.0575639e-01	 +1.6707516e-03 -1.9052051e-03	 1.90e+00 Accepted	 116	 1062	
87	 6.0580363e-01	 +1.5425335e-04 -1.1748017e-03	 8.82e-01 Accepted	 111	 1065	
88	 6.0580363e-01	 +1.5425335e-04 -1.1748017e-03	 5.60e-01 Rejected	 113	 1093	
89	 6.0610628e-01	 -1.1009784e-03 +1.8290992e-03	 1.74e+00 Accepted	 109	 1067	
90	 6.0579146e-01	 +7.1722985e-04 +2.5236169e-03	 6.90e-01 Accepted	 110	 1066	
91	 6.0633980e-01	 -1.6468741e-03 -7.2753715e-04	 2.24e+00 Accepted	 109	 1069	
92	 6.0633980e-01	 -1.6468741e-03 -7.2753715e-04	 8.45e-01 Rejected	 111	 1070	
93	 6.0615184e-01	 -5.8969808e-06 +9.9002087e-04	 9.60e-01 Accepted	 110	 1070	
94	 6.0621720e-01	 +5.1901763e-04 +1.7951423e-03	 1.29e+00 Accepted	 111	 1067	
95	 6.0631312e-01	 +1.3450075e-04 -8.8919247e-04	 1.06e+00 Accepted	 111	 1073	
96	 6.0635180e-01	 +3.7073969e-03 -2.1807045e-03	 1.10e+00 Accepted	 112	 1074	
97	 6.0648813e-01	 +4.8775301e-04 -3.5124995e-05	 1.55e+00 Accepted	 112	 1080	
98	 6.0635736e-01	 +1.2837020e-03 +3.9117348e-03	 7.66e-01 Accepted	 114	 1065	
99	 6.0638486e-01	 -7.4083049e-04 +2.2639401e-03	 1.10e+00 Accepted	 114	 1070	
100	 6.0643341e-01	 -2.4706245e-03 +1.7227962e-03	 1.15e+00 Accepted	 114	 1073	
101	 6.0643341e-01	 -2.4706245e-03 +1.7227962e-03	 5.31e-01 Rejected	 114	 1066	
102	 6.0662963e-01	 -1.2373666e-03 -7.5593243e-04	 1.16e+00 Accepted	 117	 1070	
103	 6.0634622e-01	 +6.0080929e-04 +1.1663120e-03	 1.10e+00 Accepted	 115	 1076	
104	 6.0628579e-01	 -1.7299756e-03 -4.9389208e-04	 1.26e+00 Accepted	 117	 1066	
105	 6.0609342e-01	 +9.8297895e-04 +1.1535201e-03	 9.55e-01 Accepted	 116	 1070	
106	 6.0584109e-01	 +2.7107201e-03 -1.3348385e-03	 5.64e-01 Accepted	 119	 1083	
107	 6.0594383e-01	 +2.4733973e-03 -1.2168956e-03	 1.32e+00 Accepted	 116	 1079	
108	 6.0585610e-01	 +5.8788746e-04 +3.1082700e-04	 9.41e-01 Accepted	 123	 1070	
109	 6.0623106e-01	 -2.7125753e-03 +1.8880838e-03	 1.90e+00 Accepted	 111	 1071	
110	 6.0623106e-01	 -2.7125753e-03 +1.8880838e-03	 5.94e-01 Rejected	 113	 1079	
111	 6.0623106e-01	 -2.7125753e-03 +1.8880838e-03	 9.13e-01 Rejected	 109	 1070	
112	 6.0627285e-01	 +1.5016567e-03 +1.8415002e-03	 1.64e+00 Accepted	 111	 1073	
113	 6.0639068e-01	 -2.2480392e-03 +1.1942915e-04	 1.22e+00 Accepted	 109	 1068	
114	 6.0639068e-01	 -2.2480392e-03 +1.1942915e-04	 4.68e-01 Rejected	 111	 1071	
115	 6.0639068e-01	 -2.2480392e-03 +1.1942915e-04	 8.04e-01 Rejected	 111	 1069	
116	 6.0639068e-01	 -2.2480392e-03 +1.1942915e-04	 6.23e-01 Rejected	 111	 1070	
117	 6.0657635e-01	 -1.1688635e-03 -2.0749776e-03	 9.36e-01 Accepted	 110	 1065	
118	 6.0617959e-01	 +1.7760372e-03 +9.8669577e-04	 4.02e-01 Accepted	 112	 1072	
119	 6.0613944e-01	 +2.7306505e-03 +1.4524264e-03	 9.44e-01 Accepted	 110	 1068	
120	 6.0609403e-01	 -1.9517320e-03 -6.1335486e-05	 6.93e-01 Accepted	 114	 1069	
121	 6.0586448e-01	 -1.1096209e-03 +8.0211195e-04	 1.52e+00 Accepted	 111	 1074	
122	 6.0615339e-01	 +1.0848081e-03 +2.1355218e-03	 1.30e+00 Accepted	 113	 1068	
123	 6.0606040e-01	 +3.8743229e-03 +2.1987777e-04	 1.15e+00 Accepted	 111	 1068	
124	 6.0624668e-01	 -1.3082996e-03 -1.6078348e-03	 1.07e+00 Accepted	 114	 1067	
125	 6.0624668e-01	 -1.3082996e-03 -1.6078348e-03	 9.32e-01 Rejected	 114	 1068	
126	 6.0598123e-01	 +1.2564953e-04 -1.2640918e-04	 9.15e-01 Accepted	 118	 1068	
127	 6.0598518e-01	 -7.3670664e-04 -8.8943816e-04	 9.29e-01 Accepted	 115	 1066	
128	 6.0588334e-01	 +1.5768796e-03 -2.3196386e-03	 1.02e+00 Accepted	 118	 1068	
129	 6.0613264e-01	 +1.2880325e-03 -1.3789886e-03	 2.28e+00 Accepted	 117	 1061	
130	 6.0639480e-01	 -9.9487330e-04 -9.7483581e-04	 1.21e+00 Accepted	 121	 1063	
131	 6.0646955e-01	 +1.2921121e-03 -5.8422085e-04	 6.94e-01 Accepted	 117	 1060	
132	 6.0629800e-01	 +1.1276768e-03 -1.3952332e-03	 1.19e+00 Accepted	 115	 1066	
133	 6.0625548e-01	 -8.4422792e-04 -5.5182081e-03	 8.17e-01 Accepted	 110	 1072	
134	 6.0635277e-01	 -1.7859920e-03 -1.8425293e-03	 8.82e-01 Accepted	 112	 1066	
135	 6.0635277e-01	 -1.7859920e-03 -1.8425293e-03	 7.34e-01 Rejected	 110	 1068	
136	 6.0633533e-01	 -6.5944098e-04 +6.7146975e-05	 6.10e-01 Accepted	 113	 1073	
137	 6.0624586e-01	 +9.4371766e-04 -2.6307897e-03	 1.65e+00 Accepted	 110	 1058	
138	 6.0624519e-01	 -3.3321763e-03 -3.2099078e-04	 1.22e+00 Accepted	 112	 1068	
139	 6.0641005e-01	 +1.2018889e-03 -2.0531999e-03	 1.36e+00 Accepted	 110	 1063	
140	 6.0630464e-01	 +8.9415027e-06 -2.0754833e-03	 9.17e-01 Accepted	 111	 1061	
141	 6.0644372e-01	 -1.9252484e-03 -5.7191042e-03	 6.29e-01 Accepted	 110	 1068	
142	 6.0668185e-01	 +6.6607315e-04 -4.1542112e-03	 1.80e+00 Accepted	 112	 1065	
143	 6.0672089e-01	 +1.2557331e-03 -3.4062040e-03	 7.91e-01 Accepted	 111	 1063	
144	 6.0672089e-01	 +1.2557331e-03 -3.4062040e-03	 6.02e-01 Rejected	 113	 1062	
145	 6.0672089e-01	 +1.2557331e-03 -3.4062040e-03	 7.44e-01 Rejected	 112	 1067	
146	 6.0672089e-01	 +1.2557331e-03 -3.4062040e-03	 6.99e-01 Rejected	 112	 1062	
147	 6.0647655e-01	 +1.5275934e-03 -4.4197602e-03	 1.20e+00 Accepted	 110	 1071	
148	 6.0647655e-01	 +1.5275934e-03 -4.4197602e-03	 6.27e-01 Rejected	 116	 1060	
149	 6.0626606e-01	 +1.1406240e-03 -4.1831976e-03	 6.54e-01 Accepted	 114	 1062	
150	 6.0656582e-01	 +1.3441555e-03 -2.7695191e-03	 9.06e-01 Accepted	 116	 1067	
151	 6.0640690e-01	 +7.8642362e-04 +1.4275381e-04	 9.50e-01 Accepted	 115	 1062	
152	 6.0646093e-01	 +2.7134026e-03 -1.9888882e-03	 1.34e+00 Accepted	 118	 1058	
153	 6.0646093e-01	 +2.7134026e-03 -1.9888882e-03	 6.81e-01 Rejected	 120	 1058	
154	 6.0661664e-01	 -1.6050795e-03 -2.1524777e-03	 1.13e+00 Accepted	 123	 1067	
155	 6.0661664e-01	 -1.6050795e-03 -2.1524777e-03	 5.04e-01 Rejected	 111	 1063	
156	 6.0635609e-01	 -2.3761284e-04 -3.8158029e-03	 8.32e-01 Accepted	 118	 1056	
157	 6.0657845e-01	 +2.2889644e-04 -1.6370147e-03	 2.59e+00 Accepted	 113	 1066	
158	 6.0657845e-01	 +2.2889644e-04 -1.6370147e-03	 5.59e-01 Rejected	 112	 1067	
159	 6.0628696e-01	 +1.0185129e-04 -4.0127135e-03	 8.78e-01 Accepted	 108	 1064	
160	 6.0642871e-01	 -2.0631998e-04 -4.5855027e-03	 1.28e+00 Accepted	 113	 1062	
161	 6.0650656e-01	 +6.8246753e-04 -9.4644680e-04	 1.19e+00 Accepted	 110	 1063	
162	 6.0650387e-01	 +2.2379987e-03 -2.6335836e-03	 1.03e+00 Accepted	 110	 1054	
163	 6.0651449e-01	 -2.3960263e-03 +1.2281688e-03	 1.44e+00 Accepted	 109	 1073	
164	 6.0641131e-01	 -7.5005457e-04 +6.7739698e-04	 7.50e-01 Accepted	 110	 1059	
165	 6.0624465e-01	 -7.7990038e-04 -1.0311096e-03	 9.96e-01 Accepted	 111	 1064	
166	 6.0636451e-01	 +3.1822563e-03 -5.0723772e-05	 7.20e-01 Accepted	 112	 1062	
167	 6.0631856e-01	 +1.2897686e-04 -1.5336634e-03	 8.00e-01 Accepted	 111	 1055	
168	 6.0669653e-01	 +2.6478792e-03 -2.7509529e-03	 1.30e+00 Accepted	 114	 1063	
169	 6.0669653e-01	 +2.6478792e-03 -2.7509529e-03	 6.21e-01 Rejected	 112	 1058	
170	 6.0647902e-01	 -9.8128349e-04 +1.8893561e-03	 1.05e+00 Accepted	 113	 1065	
171	 6.0654963e-01	 -6.8704733e-04 -2.2953333e-03	 6.74e-01 Accepted	 116	 1062	
172	 6.0654963e-01	 -6.8704733e-04 -2.2953333e-03	 6.37e-01 Rejected	 117	 1063	
173	 6.0655188e-01	 -1.4513395e-03 -7.3101971e-04	 8.19e-01 Accepted	 115	 1057	
174	 6.0655188e-01	 -1.4513395e-03 -7.3101971e-04	 6.50e-01 Rejected	 119	 1056	
175	 6.0644021e-01	 +2.1321418e-03 +1.1066214e-03	 8.34e-01 Accepted	 114	 1061	
176	 6.0630761e-01	 +1.6700829e-03 -1.7688431e-03	 1.02e+00 Accepted	 123	 1062	
177	 6.0630761e-01	 +1.6700829e-03 -1.7688431e-03	 6.88e-01 Rejected	 118	 1061	
178	 6.0642907e-01	 -2.2155468e-03 -7.4845205e-04	 1.60e+00 Accepted	 117	 1044	
179	 6.0645846e-01	 -4.5947466e-03 -1.2388076e-03	 2.03e+00 Accepted	 109	 1070	
180	 6.0617891e-01	 +3.4637212e-04 -3.2878400e-04	 6.98e-01 Accepted	 112	 1058	
181	 6.0628469e-01	 -5.4228835e-04 -1.6543596e-04	 1.14e+00 Accepted	 108	 1061	
182	 6.0605073e-01	 -2.2511114e-03 +8.5402125e-05	 9.53e-01 Accepted	 110	 1061	
183	 6.0628187e-01	 -5.8167802e-04 -1.6443480e-03	 9.06e-01 Accepted	 108	 1051	
184	 6.0614234e-01	 +2.3082067e-03 -4.4967572e-03	 8.14e-01 Accepted	 111	 1060	
185	 6.0622317e-01	 +1.4074962e-03 -2.5388151e-03	 1.08e+00 Accepted	 109	 1053	
186	 6.0622317e-01	 +1.4074962e-03 -2.5388151e-03	 4.30e-01 Rejected	 111	 1066	
187	 6.0588675e-01	 +3.0859168e-03 -2.4511063e-03	 5.26e-01 Accepted	 111	 1063	
