# Starting_type: HotStart
# serial RNG seed: 	[31528 30800 4594 65194 60285]
# parallel RNG seed:	[8178 43313 37118 58877 9421]
# Trajectory_length / Number_of_MD_steps: 1 / 7
# 	 Plaquette	 Polyakov_Loop(re,im)	 Acc._Probability	 runtime_per_traj(s)	 CG_iterations	
1	 2.1951538e-01	 -4.7124732e-04 -9.6221087e-04	 6.41e+32 Accepted	 96	 309	
2	 3.0597133e-01	 -6.2029848e-04 +1.1203609e-03	 1.29e+15 Accepted	 117	 408	
3	 3.5103952e-01	 -1.1627389e-03 +1.9964143e-03	 3.69e+08 Accepted	 138	 503	
4	 3.7838569e-01	 +2.2844159e-03 +6.4990078e-04	 3.35e+05 Accepted	 157	 584	
5	 3.9632110e-01	 +2.3139366e-03 +3.7458748e-04	 6.81e+03 Accepted	 176	 657	
6	 4.0914979e-01	 -5.0294450e-04 -1.9786209e-03	 6.79e+02 Accepted	 192	 720	
7	 4.1857287e-01	 +5.0601476e-04 +1.9720852e-03	 1.42e+02 Accepted	 205	 786	
8	 4.2544912e-01	 -1.0170570e-03 -1.1872434e-03	 5.90e+01 Accepted	 216	 834	
9	 4.3142579e-01	 -1.0411100e-03 -2.8746524e-03	 2.96e+01 Accepted	 227	 890	
10	 4.3613010e-01	 -1.9754502e-05 -2.3490555e-03	 1.13e+01 Accepted	 238	 937	
11	 4.3970288e-01	 +3.2751270e-03 -2.3082620e-03	 9.57e+00 Accepted	 245	 955	
12	 4.4310412e-01	 +2.0162824e-03 -7.1147068e-04	 8.59e+00 Accepted	 253	 1018	
13	 4.4640597e-01	 +6.6359466e-04 +1.3878468e-03	 9.01e+00 Accepted	 261	 1016	
14	 4.4872769e-01	 -3.4276263e-04 +1.3548428e-03	 6.23e+00 Accepted	 263	 1057	
15	 4.5066381e-01	 -2.5934546e-03 +7.8578636e-05	 4.08e+00 Accepted	 271	 1072	
16	 4.5262464e-01	 -1.0715799e-03 -3.2807114e-04	 2.57e+00 Accepted	 276	 1098	
17	 4.5484680e-01	 -2.5596239e-03 -2.4700292e-04	 3.14e+00 Accepted	 279	 1119	
18	 4.5660714e-01	 +1.9917075e-03 -2.7767907e-03	 3.53e+00 Accepted	 284	 1141	
19	 4.5778922e-01	 +1.5173317e-03 -1.9523876e-03	 2.81e+00 Accepted	 289	 1166	
20	 4.5955287e-01	 +9.4839779e-04 -7.4798743e-04	 3.38e+00 Accepted	 293	 1168	
21	 4.6057993e-01	 -2.2432015e-03 -8.4235135e-04	 2.47e+00 Accepted	 295	 1189	
22	 4.6173138e-01	 +2.3401748e-04 -1.9198158e-03	 3.00e+00 Accepted	 303	 1226	
23	 4.6311100e-01	 +7.4791111e-04 +3.2898049e-03	 2.74e+00 Accepted	 308	 1226	
24	 4.6427678e-01	 +2.4355175e-03 +3.4015630e-04	 1.13e+00 Accepted	 309	 1253	
25	 4.6506171e-01	 +7.9787913e-04 +1.9727500e-03	 1.90e+00 Accepted	 310	 1246	
26	 4.6513553e-01	 +3.3176629e-04 -1.0831454e-03	 1.01e+00 Accepted	 311	 1251	
27	 4.6603027e-01	 -1.0269769e-03 +1.2586514e-03	 2.25e+00 Accepted	 313	 1286	
28	 4.6643786e-01	 +1.4042998e-03 +2.2474578e-03	 1.22e+00 Accepted	 314	 1274	
29	 4.6644274e-01	 +4.8110175e-04 -4.1628839e-03	 1.01e+00 Accepted	 318	 1281	
30	 4.6657303e-01	 +1.3822283e-03 -1.3423571e-03	 1.00e+00 Accepted	 316	 1256	
31	 4.6678986e-01	 +5.6880074e-04 +1.8288828e-04	 2.05e+00 Accepted	 316	 1272	
32	 4.6745678e-01	 -1.6979415e-03 +4.2771358e-04	 1.09e+00 Accepted	 320	 1302	
33	 4.6825908e-01	 -5.1164702e-04 -8.1037164e-04	 1.59e+00 Accepted	 321	 1315	
34	 4.6872754e-01	 -8.3656685e-04 +2.3527624e-03	 7.61e-01 Accepted	 325	 1296	
35	 4.6874184e-01	 +1.0966340e-04 +1.8606284e-04	 1.30e+00 Accepted	 323	 1304	
36	 4.6897743e-01	 +2.7286368e-04 +1.6571621e-03	 1.66e+00 Accepted	 323	 1300	
37	 4.6991927e-01	 +1.5527878e-03 +7.1098422e-04	 1.68e+00 Accepted	 324	 1322	
38	 4.6988144e-01	 +1.3559174e-04 +1.2369494e-03	 7.38e-01 Accepted	 325	 1321	
39	 4.6992820e-01	 +3.7737152e-03 +4.5892718e-03	 1.52e+00 Accepted	 327	 1329	
40	 4.7068399e-01	 -8.9976957e-04 -1.2448419e-03	 1.46e+00 Accepted	 325	 1312	
41	 4.7068399e-01	 -8.9976957e-04 -1.2448419e-03	 8.70e-01 Rejected	 324	 1321	
42	 4.7080927e-01	 +4.2650397e-04 +2.7108027e-03	 1.18e+00 Accepted	 326	 1326	
43	 4.7140326e-01	 +9.9131594e-04 +8.6013417e-04	 1.04e+00 Accepted	 328	 1340	
44	 4.7200507e-01	 +2.0058848e-03 +1.9807471e-03	 2.03e+00 Accepted	 330	 1331	
45	 4.7200507e-01	 +2.0058848e-03 +1.9807471e-03	 7.55e-01 Rejected	 329	 1353	
46	 4.7224980e-01	 -1.2538327e-03 -3.1520808e-04	 6.79e-01 Accepted	 332	 1370	
47	 4.7247392e-01	 +7.3931157e-04 -1.9482304e-04	 1.08e+00 Accepted	 332	 1350	
48	 4.7268917e-01	 +3.3056515e-04 -2.1537778e-03	 1.06e+00 Accepted	 333	 1367	
49	 4.7302438e-01	 +1.5497796e-03 -4.2949768e-04	 8.87e-01 Accepted	 333	 1356	
50	 4.7325625e-01	 +2.0287797e-03 +1.6599235e-03	 1.14e+00 Accepted	 335	 1378	
51	 4.7364628e-01	 -2.9398564e-05 -2.0108006e-03	 8.46e-01 Accepted	 338	 1387	
52	 4.7345153e-01	 +3.2838876e-03 +5.6295903e-04	 8.87e-01 Accepted	 342	 1392	
53	 4.7378141e-01	 -2.2857335e-03 -2.3368438e-03	 1.76e+00 Accepted	 338	 1384	
54	 4.7383684e-01	 -3.4012739e-03 -1.0313683e-03	 1.46e+00 Accepted	 337	 1374	
55	 4.7373584e-01	 -1.4996040e-03 -8.5840996e-04	 9.91e-01 Accepted	 339	 1385	
56	 4.7391453e-01	 -1.5558847e-03 +2.9718777e-03	 9.01e-01 Accepted	 337	 1375	
57	 4.7399112e-01	 -1.5481832e-03 -3.2321537e-04	 8.10e-01 Accepted	 341	 1388	
58	 4.7388394e-01	 +2.6659495e-04 +1.9872397e-03	 7.28e-01 Accepted	 342	 1377	
59	 4.7399372e-01	 -1.8359988e-03 -1.3887938e-03	 9.59e-01 Accepted	 338	 1408	
60	 4.7405858e-01	 +1.1860814e-03 +7.7038946e-04	 1.06e+00 Accepted	 341	 1368	
61	 4.7406662e-01	 -4.5961624e-04 +4.5027394e-05	 7.48e-01 Accepted	 336	 1376	
62	 4.7372610e-01	 +6.2012859e-05 -2.3268167e-03	 1.13e+00 Accepted	 335	 1375	
63	 4.7381404e-01	 +5.2814755e-04 -4.3494862e-03	 1.34e+00 Accepted	 337	 1369	
64	 4.7395839e-01	 +1.5820287e-03 +6.3044371e-04	 2.11e+00 Accepted	 336	 1393	
65	 4.7423508e-01	 +9.2168703e-04 -3.5316940e-05	 1.35e+00 Accepted	 338	 1386	
66	 4.7427271e-01	 -6.8835744e-04 +8.9846510e-04	 7.23e-01 Accepted	 342	 1435	
67	 4.7410896e-01	 -8.0976023e-04 -2.2623179e-04	 7.57e-01 Accepted	 347	 1377	
68	 4.7350163e-01	 -1.4905050e-03 +1.5043044e-03	 1.01e+00 Accepted	 336	 1379	
69	 4.7416674e-01	 -1.3061528e-03 -2.5025862e-04	 1.79e+00 Accepted	 336	 1363	
70	 4.7424333e-01	 +2.7528048e-03 -7.1464159e-04	 1.20e+00 Accepted	 336	 1373	
71	 4.7473163e-01	 +1.4336622e-03 -7.4748152e-05	 1.34e+00 Accepted	 341	 1404	
72	 4.7433868e-01	 -2.2057305e-03 -1.4670786e-03	 1.19e+00 Accepted	 344	 1401	
73	 4.7424803e-01	 -1.0734169e-03 +1.7133437e-03	 1.17e+00 Accepted	 342	 1404	
74	 4.7429106e-01	 -2.6365894e-03 -1.2844493e-03	 1.91e+00 Accepted	 342	 1412	
75	 4.7429106e-01	 -2.6365894e-03 -1.2844493e-03	 7.80e-01 Rejected	 343	 1381	
76	 4.7420492e-01	 -5.9814243e-05 +1.4389071e-03	 7.07e-01 Accepted	 343	 1396	
77	 4.7436721e-01	 +9.1568119e-04 -3.5715271e-03	 8.36e-01 Accepted	 342	 1413	
78	 4.7500298e-01	 +9.6079869e-04 -6.0757292e-04	 1.01e+00 Accepted	 342	 1386	
79	 4.7522841e-01	 -1.3124215e-03 -5.0694102e-04	 1.37e+00 Accepted	 341	 1399	
80	 4.7484846e-01	 +6.5076726e-04 +4.7295677e-04	 6.39e-01 Accepted	 342	 1382	
81	 4.7527860e-01	 -2.1038360e-03 -6.6034285e-04	 6.76e-01 Accepted	 343	 1418	
82	 4.7520195e-01	 +7.5698826e-04 +7.5618338e-04	 1.66e+00 Accepted	 346	 1397	
83	 4.7530173e-01	 +1.7305032e-03 +9.2733815e-04	 1.20e+00 Accepted	 342	 1392	
84	 4.7489082e-01	 +1.5107014e-04 +1.4511935e-03	 4.29e-01 Accepted	 339	 1380	
85	 4.7482898e-01	 +5.4603558e-05 +2.3323456e-04	 1.10e+00 Accepted	 345	 1420	
86	 4.7482916e-01	 +1.3723717e-03 -1.4754194e-03	 1.33e+00 Accepted	 344	 1377	
87	 4.7513018e-01	 +3.3345597e-03 +1.5408522e-03	 1.01e+00 Accepted	 339	 1399	
88	 4.7554050e-01	 +5.6687947e-04 +8.6861517e-04	 1.08e+00 Accepted	 341	 1385	
89	 4.7552135e-01	 +8.9978154e-04 +8.6115704e-04	 7.29e-01 Accepted	 342	 1426	
90	 4.7552135e-01	 +8.9978154e-04 +8.6115704e-04	 8.31e-01 Rejected	 346	 1418	
91	 4.7545808e-01	 -1.0616183e-04 -3.2731522e-03	 9.99e-01 Accepted	 343	 1397	
92	 4.7545808e-01	 -1.0616183e-04 -3.2731522e-03	 4.77e-01 Rejected	 339	 1366	
93	 4.7522963e-01	 +1.6031336e-03 +1.3540232e-04	 9.30e-01 Accepted	 338	 1368	
94	 4.7532765e-01	 -1.1835391e-03 +1.2458620e-03	 1.04e+00 Accepted	 338	 1386	
95	 4.7523383e-01	 -2.7542660e-05 +1.1273559e-03	 1.35e+00 Accepted	 341	 1393	
96	 4.7479828e-01	 -2.6621901e-03 -4.2150708e-04	 7.51e-01 Accepted	 339	 1375	
97	 4.7506181e-01	 +2.7371824e-04 -1.6420689e-03	 8.84e-01 Accepted	 339	 1374	
98	 4.7506181e-01	 +2.7371824e-04 -1.6420689e-03	 8.29e-01 Rejected	 339	 1391	
99	 4.7485164e-01	 +1.3168736e-03 -1.6149682e-03	 1.33e+00 Accepted	 341	 1382	
100	 4.7534618e-01	 -9.9741735e-04 +2.0265269e-03	 1.72e+00 Accepted	 344	 1412	
101	 4.7546039e-01	 -1.4081700e-03 -2.9305289e-03	 8.56e-01 Accepted	 344	 1373	
102	 4.7545792e-01	 +1.8927888e-03 -9.3078968e-04	 5.76e-01 Accepted	 337	 1386	
103	 4.7520496e-01	 -1.0069504e-03 -1.8633676e-03	 8.81e-01 Accepted	 341	 1388	
104	 4.7551594e-01	 +1.4927606e-03 -5.1963851e-04	 5.88e-01 Accepted	 340	 1386	
105	 4.7554737e-01	 +1.2580739e-03 -6.7787429e-04	 1.31e+00 Accepted	 338	 1380	
106	 4.7616581e-01	 -3.0615181e-04 +2.7012343e-04	 1.21e+00 Accepted	 339	 1373	
107	 4.7615000e-01	 +1.3917024e-03 -1.1300248e-03	 9.41e-01 Accepted	 338	 1381	
108	 4.7631562e-01	 -8.0121007e-04 -1.3221439e-03	 1.84e+00 Accepted	 339	 1388	
109	 4.7606020e-01	 -1.3911371e-03 -2.7947402e-04	 8.35e-01 Accepted	 340	 1409	
110	 4.7606020e-01	 -1.3911371e-03 -2.7947402e-04	 6.90e-01 Rejected	 343	 1419	
111	 4.7626523e-01	 +2.7466014e-04 -1.8095648e-03	 6.58e-01 Accepted	 343	 1395	
112	 4.7649013e-01	 +3.6447437e-03 +1.0190141e-03	 1.07e+00 Accepted	 341	 1399	
113	 4.7580167e-01	 +1.4038857e-03 +1.3757595e-03	 1.29e+00 Accepted	 340	 1386	
114	 4.7580167e-01	 +1.4038857e-03 +1.3757595e-03	 7.14e-01 Rejected	 343	 1414	
115	 4.7575767e-01	 +6.7765234e-04 +1.8561213e-03	 9.27e-01 Accepted	 340	 1389	
116	 4.7559552e-01	 -2.1517988e-03 +3.8927164e-04	 9.40e-01 Accepted	 340	 1383	
117	 4.7569751e-01	 +2.1466457e-03 -2.5574931e-05	 1.29e+00 Accepted	 336	 1372	
118	 4.7552928e-01	 -6.4186022e-05 +9.9978427e-04	 1.21e+00 Accepted	 337	 1371	
119	 4.7582311e-01	 -1.5342481e-03 +1.6210694e-03	 1.16e+00 Accepted	 337	 1399	
120	 4.7540637e-01	 -9.1894924e-04 -1.2057205e-03	 9.33e-01 Accepted	 344	 1395	
121	 4.7569475e-01	 -2.1239865e-03 +7.5939615e-04	 1.32e+00 Accepted	 341	 1394	
122	 4.7588642e-01	 -1.3461202e-03 +1.8133004e-03	 9.15e-01 Accepted	 339	 1391	
123	 4.7544648e-01	 +5.5191364e-04 -1.8295287e-03	 1.03e+00 Accepted	 337	 1373	
124	 4.7516929e-01	 +1.2358316e-03 -6.7915596e-04	 8.47e-01 Accepted	 337	 1402	
125	 4.7578691e-01	 +1.5367598e-03 -5.5742730e-04	 1.14e+00 Accepted	 341	 1406	
126	 4.7559883e-01	 -1.3085623e-03 -1.4816117e-04	 7.95e-01 Accepted	 343	 1391	
127	 4.7613159e-01	 -4.4470406e-04 +2.0731187e-03	 1.17e+00 Accepted	 339	 1396	
128	 4.7601938e-01	 +1.3199037e-03 -3.8172202e-05	 5.70e-01 Accepted	 342	 1386	
129	 4.7580946e-01	 +1.8191746e-03 -5.0930510e-04	 1.30e+00 Accepted	 342	 1383	
130	 4.7580946e-01	 +1.8191746e-03 -5.0930510e-04	 7.50e-01 Rejected	 342	 1384	
131	 4.7557538e-01	 -1.3954168e-03 +8.1851216e-04	 7.39e-01 Accepted	 343	 1401	
132	 4.7519520e-01	 +1.6397329e-03 -1.2980919e-03	 1.06e+00 Accepted	 341	 1378	
133	 4.7479902e-01	 -1.3842997e-03 -1.6197252e-03	 6.55e-01 Accepted	 341	 1407	
134	 4.7520573e-01	 +1.5142886e-03 +1.5854661e-03	 1.12e+00 Accepted	 340	 1383	
135	 4.7513256e-01	 -3.5300653e-03 -1.5662526e-03	 6.64e-01 Accepted	 336	 1360	
# Starting_type: CheckpointStart
# Trajectory_length / Number_of_MD_steps: 1 / 7
# 	 Plaquette	 Polyakov_Loop(re,im)	 Acc._Probability	 runtime_per_traj(s)	 CG_iterations	
135	 4.7513256e-01	 -3.5300653e-03 -1.5662526e-03	 6.64e-01 Accepted	 347	 1360	
136	 4.7503223e-01	 +4.5087736e-04 +2.2698602e-04	 7.80e-01 Accepted	 338	 1403	
137	 4.7508181e-01	 +1.6259866e-04 -1.9823464e-03	 1.28e+00 Accepted	 342	 1410	
138	 4.7470449e-01	 -7.8893343e-04 +2.7661273e-04	 7.98e-01 Accepted	 343	 1386	
139	 4.7463086e-01	 +7.0899071e-04 -1.2235470e-03	 1.24e+00 Accepted	 341	 1382	
140	 4.7467316e-01	 +2.6324522e-03 -1.4527962e-03	 1.15e+00 Accepted	 340	 1377	
141	 4.7476600e-01	 -6.4928727e-04 -7.1895241e-04	 1.50e+00 Accepted	 339	 1381	
142	 4.7490530e-01	 +3.6567590e-04 -4.7107205e-04	 6.84e-01 Accepted	 341	 1400	
143	 4.7501869e-01	 +4.0101741e-03 -1.1856011e-03	 1.16e+00 Accepted	 340	 1386	
144	 4.7520480e-01	 -7.1105879e-04 +1.2056179e-03	 1.55e+00 Accepted	 339	 1375	
145	 4.7527237e-01	 +2.1256031e-04 +1.0895796e-03	 9.31e-01 Accepted	 339	 1400	
146	 4.7576143e-01	 -3.0311463e-04 +1.9580623e-03	 1.62e+00 Accepted	 341	 1397	
147	 4.7585442e-01	 +2.3252386e-03 -1.5708189e-03	 5.42e-01 Accepted	 343	 1392	
148	 4.7552924e-01	 +1.5735388e-03 -3.6642047e-04	 7.71e-01 Accepted	 345	 1422	
149	 4.7559183e-01	 -1.3720537e-03 -5.0394078e-04	 1.08e+00 Accepted	 346	 1398	
150	 4.7535304e-01	 +2.2503304e-03 -2.7869220e-04	 9.58e-01 Accepted	 344	 1418	
151	 4.7513915e-01	 -1.3517548e-03 -1.0411035e-03	 6.41e-01 Accepted	 341	 1375	
152	 4.7570224e-01	 -1.4044814e-03 +1.0803880e-04	 1.17e+00 Accepted	 343	 1396	
153	 4.7598964e-01	 -8.6627401e-04 -5.1181469e-04	 1.10e+00 Accepted	 342	 1376	
154	 4.7579737e-01	 -1.2640444e-03 +2.1069290e-03	 1.13e+00 Accepted	 338	 1386	
155	 4.7579737e-01	 -1.2640444e-03 +2.1069290e-03	 6.93e-01 Rejected	 342	 1409	
156	 4.7584665e-01	 -5.8795324e-05 +6.7201615e-04	 9.92e-01 Accepted	 342	 1407	
157	 4.7564711e-01	 -2.6453838e-04 -1.0443062e-03	 1.08e+00 Accepted	 345	 1397	
158	 4.7546150e-01	 -8.8375034e-04 -2.2872431e-03	 1.11e+00 Accepted	 345	 1387	
159	 4.7542436e-01	 -1.8605254e-03 +2.4383221e-03	 1.09e+00 Accepted	 343	 1408	
160	 4.7490833e-01	 +3.0747273e-03 +2.4307004e-04	 5.49e-01 Accepted	 343	 1387	
161	 4.7490833e-01	 +3.0747273e-03 +2.4307004e-04	 8.62e-01 Rejected	 340	 1408	
162	 4.7443764e-01	 +4.4434914e-04 -1.6380369e-03	 7.98e-01 Accepted	 340	 1390	
163	 4.7436671e-01	 +1.9161678e-04 +2.0329616e-04	 1.02e+00 Accepted	 341	 1396	
164	 4.7458459e-01	 +2.0693400e-04 -8.5695039e-04	 6.37e-01 Accepted	 346	 1411	
165	 4.7473025e-01	 -2.7530049e-03 +3.3846384e-05	 1.13e+00 Accepted	 345	 1392	
166	 4.7473025e-01	 -2.7530049e-03 +3.3846384e-05	 8.33e-01 Rejected	 342	 1439	
167	 4.7478738e-01	 +4.1101511e-05 -2.8241499e-05	 1.33e+00 Accepted	 343	 1426	
168	 4.7490876e-01	 +1.8248180e-03 -1.7009128e-04	 8.81e-01 Accepted	 343	 1399	
169	 4.7486534e-01	 -3.6573688e-04 +2.5951021e-03	 7.86e-01 Accepted	 340	 1391	
170	 4.7476600e-01	 -3.4766536e-05 +1.7435504e-03	 1.63e+00 Accepted	 341	 1412	
171	 4.7502819e-01	 +8.0330253e-04 +3.5503148e-03	 1.14e+00 Accepted	 342	 1380	
172	 4.7502819e-01	 +8.0330253e-04 +3.5503148e-03	 6.07e-01 Rejected	 339	 1362	
173	 4.7473413e-01	 -3.7243150e-04 +1.0979201e-03	 7.99e-01 Accepted	 339	 1386	
174	 4.7451873e-01	 -3.4357165e-04 -2.7871475e-04	 1.20e+00 Accepted	 338	 1370	
175	 4.7474809e-01	 +1.9542764e-03 +2.6883569e-03	 1.62e+00 Accepted	 338	 1381	
176	 4.7474809e-01	 +1.9542764e-03 +2.6883569e-03	 7.93e-01 Rejected	 342	 1392	
177	 4.7486527e-01	 +6.2920065e-04 -2.4768554e-03	 1.49e+00 Accepted	 339	 1368	
178	 4.7514546e-01	 +2.1452473e-03 -2.4732939e-03	 1.27e+00 Accepted	 341	 1389	
179	 4.7551953e-01	 +7.2286700e-05 -1.6721302e-03	 1.81e+00 Accepted	 340	 1398	
180	 4.7520765e-01	 +3.9096039e-05 +6.5823103e-04	 1.36e+00 Accepted	 346	 1409	
181	 4.7547838e-01	 -1.2264347e-03 +9.0814793e-04	 8.76e-01 Accepted	 344	 1395	
182	 4.7636611e-01	 -4.9240568e-04 +2.0495213e-04	 2.47e+00 Accepted	 344	 1413	
183	 4.7590233e-01	 -7.6402447e-04 -9.7028990e-04	 6.57e-01 Accepted	 346	 1407	
184	 4.7590233e-01	 -7.6402447e-04 -9.7028990e-04	 7.12e-01 Rejected	 342	 1387	
185	 4.7602351e-01	 +7.6634977e-04 +2.0309620e-03	 9.77e-01 Accepted	 343	 1410	
186	 4.7580581e-01	 +3.2312987e-03 +8.0874829e-04	 9.26e-01 Accepted	 344	 1387	
187	 4.7580581e-01	 +3.2312987e-03 +8.0874829e-04	 8.43e-01 Rejected	 341	 1430	
188	 4.7543730e-01	 +9.0065802e-04 +5.0304458e-05	 7.20e-01 Accepted	 345	 1413	
189	 4.7530853e-01	 +2.2782682e-03 +4.0265757e-04	 1.30e+00 Accepted	 343	 1394	
190	 4.7543245e-01	 +5.3557673e-04 +5.5714671e-04	 1.59e+00 Accepted	 342	 1411	
191	 4.7580363e-01	 -6.6102722e-05 +2.8694870e-03	 1.36e+00 Accepted	 344	 1395	
192	 4.7582479e-01	 -1.2373105e-04 -4.8365868e-04	 1.20e+00 Accepted	 342	 1404	
193	 4.7575572e-01	 +7.2707856e-04 -5.2765249e-04	 1.14e+00 Accepted	 344	 1411	
194	 4.7575572e-01	 +7.2707856e-04 -5.2765249e-04	 6.13e-01 Rejected	 344	 1428	
195	 4.7575572e-01	 +7.2707856e-04 -5.2765249e-04	 5.11e-01 Rejected	 342	 1386	
196	 4.7539756e-01	 +2.2725406e-04 +5.8881575e-04	 1.14e+00 Accepted	 340	 1397	
197	 4.7586338e-01	 +8.5987234e-04 -3.9731654e-04	 1.39e+00 Accepted	 341	 1406	
198	 4.7638739e-01	 +2.4996818e-03 -6.8592718e-04	 9.75e-01 Accepted	 342	 1399	
199	 4.7590913e-01	 +1.1870728e-03 -5.2252598e-04	 1.02e+00 Accepted	 343	 1403	
200	 4.7559491e-01	 +3.6395209e-04 +3.3386280e-04	 5.55e-01 Accepted	 342	 1386	
201	 4.7536532e-01	 -9.1563517e-04 -1.0215143e-03	 2.09e+00 Accepted	 340	 1395	
202	 4.7563415e-01	 +9.5955456e-04 -1.3124074e-03	 1.16e+00 Accepted	 344	 1400	
203	 4.7576117e-01	 +4.0573143e-04 -9.8943902e-04	 1.21e+00 Accepted	 344	 1408	
204	 4.7595013e-01	 +1.3609172e-04 +6.3169609e-04	 9.49e-01 Accepted	 350	 1404	
205	 4.7589782e-01	 +3.5366506e-03 -1.1863937e-03	 5.43e-01 Accepted	 345	 1415	
206	 4.7573087e-01	 +2.5979491e-03 +1.1752936e-03	 1.35e+00 Accepted	 347	 1426	
207	 4.7557921e-01	 +4.0922019e-04 +7.4142729e-04	 7.69e-01 Accepted	 348	 1397	
208	 4.7557921e-01	 +4.0922019e-04 +7.4142729e-04	 6.96e-01 Rejected	 344	 1403	
209	 4.7557921e-01	 +4.0922019e-04 +7.4142729e-04	 8.84e-01 Rejected	 342	 1397	
210	 4.7525151e-01	 -8.2110807e-05 -5.9747828e-04	 8.39e-01 Accepted	 342	 1416	
211	 4.7528906e-01	 -1.4428461e-03 -2.3861525e-04	 7.93e-01 Accepted	 344	 1394	
212	 4.7486795e-01	 -2.8549733e-04 -6.1769958e-04	 7.66e-01 Accepted	 344	 1416	
213	 4.7480855e-01	 +1.3380648e-05 -2.8814533e-03	 7.53e-01 Accepted	 340	 1381	
214	 4.7501628e-01	 +3.0328310e-03 +1.4155003e-03	 9.93e-01 Accepted	 341	 1400	
215	 4.7506627e-01	 -1.3974269e-05 +1.5517108e-03	 1.04e+00 Accepted	 345	 1395	
216	 4.7494917e-01	 -4.9487382e-04 -3.3526155e-03	 1.34e+00 Accepted	 344	 1422	
217	 4.7473480e-01	 +2.5465299e-03 -1.1253529e-03	 9.06e-01 Accepted	 341	 1373	
218	 4.7418726e-01	 -2.6947998e-04 +1.8730981e-03	 5.11e-01 Accepted	 337	 1364	
219	 4.7401294e-01	 +1.0375143e-03 -9.6642116e-04	 1.44e+00 Accepted	 337	 1377	
220	 4.7339699e-01	 +2.6186034e-03 +1.0247257e-03	 7.42e-01 Accepted	 336	 1346	
221	 4.7375138e-01	 +1.3156042e-03 +4.9785764e-04	 1.05e+00 Accepted	 335	 1379	
222	 4.7395977e-01	 -7.6874758e-04 +1.6800755e-04	 1.62e+00 Accepted	 338	 1362	
223	 4.7422371e-01	 -2.9337150e-04 +2.0680954e-03	 2.03e+00 Accepted	 340	 1390	
224	 4.7390180e-01	 +5.5725151e-04 +9.1407540e-04	 6.14e-01 Accepted	 339	 1363	
225	 4.7374122e-01	 +1.1163781e-03 +1.3878208e-03	 9.91e-01 Accepted	 335	 1365	
226	 4.7378591e-01	 -1.5817234e-03 +1.5747769e-03	 7.00e-01 Accepted	 336	 1356	
227	 4.7397746e-01	 +2.3487442e-04 +2.4931419e-03	 1.24e+00 Accepted	 335	 1393	
228	 4.7356966e-01	 +1.0718477e-03 -8.9784042e-04	 6.23e-01 Accepted	 340	 1372	
229	 4.7386652e-01	 -8.5926992e-04 +5.4725781e-04	 9.76e-01 Accepted	 335	 1366	
230	 4.7341573e-01	 -1.3558731e-03 -8.1962232e-04	 9.82e-01 Accepted	 338	 1362	
231	 4.7341573e-01	 -1.3558731e-03 -8.1962232e-04	 7.69e-01 Rejected	 332	 1342	
232	 4.7329273e-01	 -2.3431248e-03 -1.5377542e-03	 1.14e+00 Accepted	 336	 1372	
233	 4.7319026e-01	 -2.9012556e-03 +2.6877848e-04	 1.14e+00 Accepted	 335	 1350	
234	 4.7319026e-01	 -2.9012556e-03 +2.6877848e-04	 9.13e-01 Rejected	 335	 1380	
235	 4.7328431e-01	 +2.7500174e-03 +1.7760839e-03	 1.23e+00 Accepted	 333	 1366	
236	 4.7344657e-01	 -1.4813168e-03 +6.2692541e-04	 1.16e+00 Accepted	 337	 1364	
237	 4.7341360e-01	 +1.3270436e-04 +1.3215918e-03	 9.90e-01 Accepted	 336	 1356	
238	 4.7367704e-01	 +1.1584208e-03 -7.0879981e-04	 9.98e-01 Accepted	 336	 1388	
239	 4.7438275e-01	 +7.4996694e-04 +1.9237690e-03	 1.68e+00 Accepted	 343	 1403	
240	 4.7439416e-01	 -1.8208128e-03 +1.7844267e-03	 1.16e+00 Accepted	 340	 1358	
241	 4.7477461e-01	 -2.3104658e-04 +1.0325938e-03	 8.21e-01 Accepted	 336	 1383	
242	 4.7478693e-01	 -7.8765929e-04 +1.7859088e-03	 1.19e+00 Accepted	 338	 1387	
243	 4.7426061e-01	 +7.4178538e-04 -1.0732316e-05	 6.90e-01 Accepted	 338	 1363	
244	 4.7437205e-01	 +2.6037519e-04 +2.7214577e-03	 1.69e+00 Accepted	 336	 1383	
245	 4.7443947e-01	 +9.4012984e-04 -7.3846947e-04	 9.38e-01 Accepted	 339	 1387	
246	 4.7449027e-01	 +2.8557854e-03 +3.3525138e-03	 1.22e+00 Accepted	 341	 1386	
247	 4.7484018e-01	 +3.5245490e-03 -6.7430416e-04	 1.41e+00 Accepted	 338	 1368	
248	 4.7499047e-01	 -3.2567750e-03 -8.8179616e-04	 9.77e-01 Accepted	 338	 1405	
249	 4.7503016e-01	 +6.5333120e-04 +1.4880891e-03	 1.23e+00 Accepted	 342	 1397	
250	 4.7493375e-01	 +1.4361959e-03 +9.1829422e-04	 7.23e-01 Accepted	 340	 1385	
251	 4.7426705e-01	 +5.7001109e-04 -1.2501034e-03	 7.43e-01 Accepted	 336	 1365	
252	 4.7461757e-01	 +1.6688967e-03 +8.5560984e-04	 1.81e+00 Accepted	 339	 1417	
253	 4.7441057e-01	 -2.4394942e-03 +1.7840851e-03	 6.56e-01 Accepted	 343	 1395	
254	 4.7451636e-01	 +1.1587038e-03 -1.5260395e-03	 1.49e+00 Accepted	 341	 1382	
255	 4.7481512e-01	 +1.6901540e-03 +1.6084558e-03	 1.39e+00 Accepted	 338	 1388	
256	 4.7523353e-01	 -2.6676489e-03 -5.9134601e-04	 1.51e+00 Accepted	 343	 1378	
257	 4.7552325e-01	 +3.9910543e-04 +5.8043962e-04	 1.12e+00 Accepted	 341	 1391	
258	 4.7563530e-01	 +8.9281711e-04 +1.5813966e-04	 1.10e+00 Accepted	 344	 1420	
259	 4.7559318e-01	 +8.0483551e-04 -4.9540124e-04	 1.00e+00 Accepted	 344	 1368	
260	 4.7559318e-01	 +8.0483551e-04 -4.9540124e-04	 3.91e-01 Rejected	 337	 1383	
# Starting_type: CheckpointStart
# Trajectory_length / Number_of_MD_steps: 1 / 7
# 	 Plaquette	 Polyakov_Loop(re,im)	 Acc._Probability	 runtime_per_traj(s)	 CG_iterations	
261	 4.7559318e-01	 +8.0483551e-04 -4.9540124e-04	 7.55e-01 Rejected	 353	 1387	
262	 4.7559318e-01	 +8.0483551e-04 -4.9540124e-04	 5.28e-01 Rejected	 336	 1381	
263	 4.7531318e-01	 +7.6556204e-04 -2.5528701e-03	 8.73e-01 Accepted	 339	 1398	
264	 4.7562562e-01	 +5.4832084e-04 +8.3949037e-04	 1.07e+00 Accepted	 342	 1383	
265	 4.7562562e-01	 +5.4832084e-04 +8.3949037e-04	 7.58e-01 Rejected	 337	 1378	
266	 4.7536965e-01	 -4.3397897e-05 +3.3641017e-04	 6.40e-01 Accepted	 338	 1385	
267	 4.7546664e-01	 +1.2063417e-03 +2.1038459e-03	 9.97e-01 Accepted	 341	 1380	
268	 4.7546664e-01	 +1.2063417e-03 +2.1038459e-03	 6.50e-01 Rejected	 338	 1379	
269	 4.7546664e-01	 +1.2063417e-03 +2.1038459e-03	 5.39e-01 Rejected	 339	 1365	
270	 4.7517369e-01	 -3.2264245e-04 -1.0895254e-03	 8.61e-01 Accepted	 338	 1381	
271	 4.7464868e-01	 +5.7373066e-04 +2.1129421e-03	 8.13e-01 Accepted	 338	 1365	
272	 4.7428598e-01	 +1.2243983e-05 -1.3942181e-03	 5.39e-01 Accepted	 338	 1393	
273	 4.7461925e-01	 -1.2611264e-03 -3.2695576e-03	 1.11e+00 Accepted	 341	 1385	
274	 4.7479597e-01	 -2.4914808e-03 -1.8958060e-04	 1.34e+00 Accepted	 342	 1419	
275	 4.7501673e-01	 -9.1282126e-04 +5.3749227e-04	 9.99e-01 Accepted	 343	 1406	
276	 4.7478316e-01	 +4.1197918e-03 -1.2920740e-03	 8.93e-01 Accepted	 344	 1411	
277	 4.7437796e-01	 +1.5258437e-03 -1.2524563e-03	 8.37e-01 Accepted	 343	 1390	
278	 4.7447986e-01	 -1.2612502e-04 -1.5300890e-03	 1.03e+00 Accepted	 342	 1392	
279	 4.7418554e-01	 +1.4001429e-04 +1.0397001e-03	 1.53e+00 Accepted	 342	 1385	
280	 4.7366718e-01	 +4.4847876e-04 -3.1165450e-04	 8.92e-01 Accepted	 340	 1403	
281	 4.7386040e-01	 +1.0054361e-03 -7.9682122e-04	 1.32e+00 Accepted	 339	 1369	
282	 4.7379617e-01	 +9.5215075e-04 +2.0714317e-03	 1.29e+00 Accepted	 338	 1376	
283	 4.7414660e-01	 +4.2764314e-03 +1.3436202e-03	 9.89e-01 Accepted	 338	 1376	
284	 4.7402181e-01	 +4.1899152e-04 +4.4967201e-04	 1.61e+00 Accepted	 338	 1393	
285	 4.7451887e-01	 -3.9200063e-04 +2.4670973e-04	 1.02e+00 Accepted	 339	 1374	
286	 4.7451887e-01	 -3.9200063e-04 +2.4670973e-04	 5.92e-01 Rejected	 337	 1383	
287	 4.7460767e-01	 +1.1556310e-03 -5.4700764e-04	 9.40e-01 Accepted	 338	 1376	
288	 4.7435635e-01	 -1.4950474e-03 -8.2273481e-04	 7.49e-01 Accepted	 336	 1383	
289	 4.7476719e-01	 +1.2390776e-03 +2.4524225e-03	 1.06e+00 Accepted	 341	 1390	
290	 4.7510203e-01	 -1.0438230e-03 -6.2061452e-04	 8.11e-01 Accepted	 337	 1374	
291	 4.7592919e-01	 -1.7059558e-03 -1.6368895e-04	 1.12e+00 Accepted	 339	 1391	
292	 4.7553272e-01	 -8.1540916e-05 -3.5052296e-04	 1.21e+00 Accepted	 344	 1389	
293	 4.7530963e-01	 -7.0142671e-05 +4.0370965e-04	 8.66e-01 Accepted	 339	 1386	
294	 4.7530963e-01	 -7.0142671e-05 +4.0370965e-04	 7.20e-01 Rejected	 343	 1402	
295	 4.7530963e-01	 -7.0142671e-05 +4.0370965e-04	 6.31e-01 Rejected	 340	 1392	
296	 4.7530547e-01	 +2.3021846e-04 +1.4758205e-03	 7.67e-01 Accepted	 348	 1401	
297	 4.7493523e-01	 -1.7114413e-03 -1.2901028e-03	 1.76e+00 Accepted	 344	 1386	
298	 4.7493523e-01	 -1.7114413e-03 -1.2901028e-03	 7.86e-01 Rejected	 340	 1381	
299	 4.7492775e-01	 -1.0113677e-03 -8.1522043e-04	 1.09e+00 Accepted	 340	 1386	
300	 4.7499611e-01	 -2.1901858e-03 -1.7756519e-03	 1.02e+00 Accepted	 341	 1399	
301	 4.7499611e-01	 -2.1901858e-03 -1.7756519e-03	 6.96e-01 Rejected	 341	 1382	
302	 4.7494922e-01	 -1.2969735e-04 +9.0849117e-04	 1.22e+00 Accepted	 345	 1419	
303	 4.7525742e-01	 +6.4807037e-04 -8.4464730e-05	 6.40e-01 Accepted	 344	 1386	
304	 4.7519795e-01	 +2.6690512e-03 -8.3866065e-04	 1.83e+00 Accepted	 345	 1409	
305	 4.7536426e-01	 -1.3992555e-03 +1.9815021e-04	 1.04e+00 Accepted	 342	 1383	
306	 4.7536426e-01	 -1.3992555e-03 +1.9815021e-04	 6.38e-01 Rejected	 339	 1382	
307	 4.7545226e-01	 +2.9874511e-04 +3.4952728e-04	 8.31e-01 Accepted	 341	 1400	
308	 4.7524046e-01	 +5.2972093e-04 -2.1715950e-05	 1.08e+00 Accepted	 346	 1436	
309	 4.7542833e-01	 +4.2381141e-04 -7.7309333e-04	 1.02e+00 Accepted	 346	 1386	
310	 4.7588921e-01	 -2.0231677e-03 -1.8668273e-03	 1.49e+00 Accepted	 342	 1410	
311	 4.7588921e-01	 -2.0231677e-03 -1.8668273e-03	 6.37e-01 Rejected	 343	 1396	
312	 4.7569753e-01	 +1.2354453e-03 -5.1961091e-04	 8.07e-01 Accepted	 349	 1414	
313	 4.7557683e-01	 +2.2825878e-04 -2.0066901e-03	 8.02e-01 Accepted	 346	 1406	
314	 4.7527476e-01	 +2.5893701e-03 -3.9007257e-04	 6.47e-01 Accepted	 344	 1389	
315	 4.7512110e-01	 +9.1900794e-04 +6.3593879e-04	 9.63e-01 Accepted	 339	 1406	
316	 4.7501683e-01	 +6.7019545e-04 +4.1641577e-04	 1.11e+00 Accepted	 343	 1409	
317	 4.7501683e-01	 +6.7019545e-04 +4.1641577e-04	 7.95e-01 Rejected	 343	 1408	
318	 4.7531593e-01	 -1.9017602e-03 +2.1809054e-03	 9.64e-01 Accepted	 347	 1423	
319	 4.7523585e-01	 -1.3406136e-03 +1.9906030e-03	 1.16e+00 Accepted	 344	 1408	
320	 4.7504442e-01	 +1.5540136e-03 +3.7348100e-03	 1.41e+00 Accepted	 340	 1394	
321	 4.7508154e-01	 +1.3199736e-03 +1.4627700e-03	 9.28e-01 Accepted	 339	 1382	
322	 4.7548530e-01	 -1.3504292e-03 +1.5463692e-03	 1.54e+00 Accepted	 339	 1382	
323	 4.7515237e-01	 +1.1374447e-03 +8.9332430e-04	 8.39e-01 Accepted	 338	 1389	
324	 4.7515237e-01	 +1.1374447e-03 +8.9332430e-04	 6.80e-01 Rejected	 340	 1400	
325	 4.7510926e-01	 -2.2975710e-04 +1.1249820e-03	 7.44e-01 Accepted	 339	 1397	
326	 4.7492714e-01	 +7.5674369e-05 -1.6058429e-03	 7.30e-01 Accepted	 339	 1376	
327	 4.7499894e-01	 +4.4164153e-04 -1.7396028e-03	 7.40e-01 Accepted	 335	 1377	
328	 4.7501940e-01	 +1.8469738e-03 +2.8269220e-04	 8.60e-01 Accepted	 338	 1386	
329	 4.7500733e-01	 -5.7841825e-04 -8.7238744e-04	 1.24e+00 Accepted	 337	 1381	
330	 4.7458586e-01	 -2.6389332e-03 +2.3928917e-05	 1.60e+00 Accepted	 338	 1380	
331	 4.7442810e-01	 +2.1431190e-03 +1.2526369e-03	 1.40e+00 Accepted	 337	 1399	
332	 4.7463479e-01	 +5.6440725e-04 -2.6184218e-03	 1.78e+00 Accepted	 342	 1407	
333	 4.7468532e-01	 -2.2277834e-04 +1.3547558e-03	 5.78e-01 Accepted	 341	 1377	
334	 4.7478419e-01	 +3.5730919e-04 +5.3743690e-04	 7.75e-01 Accepted	 337	 1377	
335	 4.7478419e-01	 +3.5730919e-04 +5.3743690e-04	 6.88e-01 Rejected	 340	 1376	
336	 4.7440845e-01	 +1.7187455e-03 +4.5058759e-04	 1.38e+00 Accepted	 338	 1401	
337	 4.7420968e-01	 +3.1440124e-03 +8.1330084e-04	 7.91e-01 Accepted	 338	 1361	
338	 4.7431081e-01	 +4.6121532e-04 +1.7913578e-04	 9.14e-01 Accepted	 336	 1374	
339	 4.7427360e-01	 +2.0699460e-03 -3.6407547e-04	 7.54e-01 Accepted	 339	 1393	
340	 4.7437628e-01	 +3.4934510e-04 -9.5495251e-04	 1.71e+00 Accepted	 340	 1358	
341	 4.7427764e-01	 -1.8514862e-04 +6.9534546e-04	 1.01e+00 Accepted	 335	 1378	
342	 4.7427764e-01	 -1.8514862e-04 +6.9534546e-04	 6.93e-01 Rejected	 338	 1382	
343	 4.7438257e-01	 -9.0783066e-04 +4.0084728e-04	 2.06e+00 Accepted	 335	 1371	
344	 4.7452649e-01	 -2.0216682e-03 +2.5357600e-03	 1.57e+00 Accepted	 334	 1379	
345	 4.7436353e-01	 +4.9291287e-04 -3.9440560e-03	 1.17e+00 Accepted	 336	 1384	
346	 4.7453234e-01	 -1.5894319e-03 +3.1302758e-03	 1.15e+00 Accepted	 340	 1371	
347	 4.7433396e-01	 -1.6659290e-03 -1.1324194e-03	 1.20e+00 Accepted	 334	 1359	
348	 4.7457895e-01	 -1.9413656e-03 +5.9041284e-04	 9.28e-01 Accepted	 336	 1377	
349	 4.7463611e-01	 +2.5195989e-03 -2.4398562e-03	 1.38e+00 Accepted	 339	 1387	
350	 4.7460088e-01	 +2.1289529e-03 +3.5477289e-04	 8.18e-01 Accepted	 341	 1377	
351	 4.7460088e-01	 +2.1289529e-03 +3.5477289e-04	 8.33e-01 Rejected	 338	 1379	
352	 4.7442048e-01	 +9.3614932e-04 +1.7607198e-03	 8.39e-01 Accepted	 339	 1373	
353	 4.7478254e-01	 +7.4367171e-04 -2.0636543e-03	 1.01e+00 Accepted	 337	 1402	
354	 4.7478254e-01	 +7.4367171e-04 -2.0636543e-03	 8.25e-01 Rejected	 341	 1389	
355	 4.7478254e-01	 +7.4367171e-04 -2.0636543e-03	 7.64e-01 Rejected	 345	 1405	
356	 4.7520908e-01	 +2.4802955e-03 +1.6370854e-03	 1.02e+00 Accepted	 341	 1384	
357	 4.7534747e-01	 -2.8803840e-04 +1.4704543e-03	 1.24e+00 Accepted	 338	 1396	
358	 4.7549728e-01	 -2.6490208e-03 -1.9417238e-04	 1.14e+00 Accepted	 341	 1400	
359	 4.7533500e-01	 +1.7418136e-03 -6.0410103e-04	 6.00e-01 Accepted	 339	 1395	
360	 4.7494947e-01	 +5.9712765e-04 +1.5780081e-03	 1.05e+00 Accepted	 339	 1375	
361	 4.7508739e-01	 +4.4027101e-05 +4.9534591e-04	 7.23e-01 Accepted	 337	 1362	
362	 4.7440429e-01	 +1.4480484e-03 -5.0607460e-04	 8.26e-01 Accepted	 338	 1365	
363	 4.7461940e-01	 +2.6689507e-04 -1.8305690e-03	 1.30e+00 Accepted	 338	 1400	
364	 4.7478069e-01	 -1.4584424e-03 +1.2656078e-03	 1.17e+00 Accepted	 343	 1392	
365	 4.7466538e-01	 -5.2312840e-04 -9.0936671e-04	 7.97e-01 Accepted	 339	 1385	
366	 4.7427292e-01	 +1.6694959e-03 -1.1317017e-03	 6.79e-01 Accepted	 338	 1378	
367	 4.7468682e-01	 -3.1423798e-03 +8.2256613e-04	 1.22e+00 Accepted	 337	 1381	
368	 4.7476265e-01	 +1.1786693e-03 -2.2232350e-03	 5.81e-01 Accepted	 339	 1397	
369	 4.7442524e-01	 -4.2367328e-04 -1.2074080e-03	 1.17e+00 Accepted	 342	 1406	
370	 4.7465116e-01	 -1.2140075e-03 -7.6511113e-05	 5.77e-01 Accepted	 341	 1369	
371	 4.7486799e-01	 +3.1479963e-04 -2.8520281e-05	 1.14e+00 Accepted	 340	 1380	
372	 4.7491312e-01	 -1.8696887e-04 -1.1459051e-03	 6.89e-01 Accepted	 338	 1392	
373	 4.7491312e-01	 -1.8696887e-04 -1.1459051e-03	 7.44e-01 Rejected	 341	 1389	
374	 4.7444551e-01	 +1.6883617e-03 +1.1414624e-03	 9.88e-01 Accepted	 342	 1419	
375	 4.7444551e-01	 +1.6883617e-03 +1.1414624e-03	 4.49e-01 Rejected	 344	 1400	
376	 4.7470615e-01	 +7.0237574e-04 -1.6016449e-04	 1.67e+00 Accepted	 344	 1380	
377	 4.7457151e-01	 +1.6833383e-03 +1.3485115e-03	 7.37e-01 Accepted	 338	 1387	
378	 4.7497926e-01	 +3.8369916e-04 +5.0332883e-04	 1.20e+00 Accepted	 341	 1390	
379	 4.7493296e-01	 -2.9528677e-03 +1.4564019e-03	 8.69e-01 Accepted	 343	 1385	
380	 4.7521384e-01	 +5.1043823e-04 +1.3222006e-03	 1.35e+00 Accepted	 342	 1381	
381	 4.7496709e-01	 -8.6886101e-04 +1.9947989e-03	 9.05e-01 Accepted	 340	 1389	
382	 4.7470778e-01	 -1.4387399e-03 -1.6510652e-03	 6.16e-01 Accepted	 338	 1399	
383	 4.7506346e-01	 +3.2238254e-04 -9.3338481e-04	 1.19e+00 Accepted	 339	 1395	
384	 4.7493721e-01	 +8.4287973e-04 +2.0885721e-04	 1.25e+00 Accepted	 340	 1386	
385	 4.7471867e-01	 -1.4889300e-03 +1.3693254e-03	 6.84e-01 Accepted	 341	 1393	
386	 4.7434201e-01	 +3.1759732e-04 -2.8813344e-04	 9.44e-01 Accepted	 344	 1414	
# Starting_type: CheckpointStart
# Trajectory_length / Number_of_MD_steps: 1 / 7
# 	 Plaquette	 Polyakov_Loop(re,im)	 Acc._Probability	 runtime_per_traj(s)	 CG_iterations	
387	 4.7440999e-01	 +1.2268306e-03 +7.6294432e-05	 1.36e+00 Accepted	 369	 1372	
388	 4.7454829e-01	 +1.8663280e-03 +2.1384384e-03	 1.50e+00 Accepted	 355	 1386	
389	 4.7507100e-01	 -9.4496574e-04 +1.7260368e-03	 1.24e+00 Accepted	 348	 1402	
390	 4.7548674e-01	 -1.4703579e-03 -1.2671508e-03	 1.64e+00 Accepted	 353	 1430	
391	 4.7522678e-01	 -1.6432240e-03 -5.3347881e-05	 7.88e-01 Accepted	 353	 1397	
392	 4.7507980e-01	 -5.9955695e-04 +6.6220424e-04	 1.06e+00 Accepted	 348	 1383	
393	 4.7507980e-01	 -5.9955695e-04 +6.6220424e-04	 9.00e-01 Rejected	 348	 1393	
394	 4.7507980e-01	 -5.9955695e-04 +6.6220424e-04	 5.40e-01 Rejected	 347	 1383	
395	 4.7545229e-01	 -1.1576561e-03 +1.6758808e-04	 1.35e+00 Accepted	 347	 1404	
396	 4.7545229e-01	 -1.1576561e-03 +1.6758808e-04	 5.01e-01 Rejected	 349	 1405	
397	 4.7534164e-01	 -1.1887755e-03 -5.5995713e-04	 7.00e-01 Accepted	 349	 1390	
398	 4.7532341e-01	 +4.6330145e-04 +2.3141714e-03	 9.07e-01 Accepted	 345	 1385	
399	 4.7523774e-01	 +1.4777980e-03 +2.5503835e-03	 9.10e-01 Accepted	 347	 1409	
400	 4.7550626e-01	 -1.8465752e-03 -6.2408870e-04	 1.54e+00 Accepted	 352	 1392	
401	 4.7552179e-01	 +3.5902648e-03 +1.9198756e-04	 7.29e-01 Accepted	 346	 1399	
402	 4.7503927e-01	 +3.3425070e-03 -3.2627153e-04	 7.71e-01 Accepted	 351	 1391	
403	 4.7503927e-01	 +3.3425070e-03 -3.2627153e-04	 5.83e-01 Rejected	 349	 1375	
404	 4.7527995e-01	 +1.1933793e-03 +1.3766692e-03	 8.56e-01 Accepted	 347	 1382	
405	 4.7513742e-01	 -2.8397389e-04 -1.9022898e-03	 1.02e+00 Accepted	 349	 1386	
406	 4.7517981e-01	 +9.3668017e-05 -2.1537110e-04	 1.23e+00 Accepted	 350	 1401	
407	 4.7530580e-01	 +1.3108678e-03 -1.8234869e-04	 1.50e+00 Accepted	 347	 1383	
408	 4.7510278e-01	 +1.1898872e-04 -7.9680788e-04	 9.52e-01 Accepted	 347	 1394	
409	 4.7517580e-01	 -1.4200340e-04 -2.9675550e-04	 8.70e-01 Accepted	 350	 1420	
410	 4.7517580e-01	 -1.4200340e-04 -2.9675550e-04	 7.34e-01 Rejected	 352	 1395	
411	 4.7553327e-01	 +1.7737099e-03 -9.0597531e-04	 9.06e-01 Accepted	 352	 1402	
412	 4.7537657e-01	 +8.0109992e-04 +7.7084908e-04	 1.12e+00 Accepted	 350	 1400	
413	 4.7585602e-01	 -3.7087234e-05 -3.8138123e-03	 1.00e+00 Accepted	 346	 1397	
414	 4.7504682e-01	 +8.7860227e-05 -1.3984247e-03	 5.99e-01 Accepted	 349	 1380	
415	 4.7476794e-01	 +1.8415497e-04 +6.7510167e-05	 5.58e-01 Accepted	 346	 1387	
416	 4.7520614e-01	 +6.3426076e-04 -6.1290281e-04	 1.85e+00 Accepted	 348	 1382	
417	 4.7504443e-01	 -5.4966482e-04 +9.8628967e-04	 1.06e+00 Accepted	 347	 1380	
418	 4.7531496e-01	 -1.7554635e-04 -1.4294302e-03	 7.62e-01 Accepted	 347	 1377	
419	 4.7529533e-01	 +4.2221407e-04 +4.2296349e-03	 7.16e-01 Accepted	 348	 1390	
420	 4.7525589e-01	 +1.4236989e-03 +1.4764365e-03	 1.25e+00 Accepted	 351	 1409	
421	 4.7510932e-01	 +5.3902499e-04 -1.3005280e-03	 7.49e-01 Accepted	 353	 1386	
422	 4.7521122e-01	 +7.7150614e-04 -5.6533206e-05	 1.19e+00 Accepted	 346	 1372	
423	 4.7521122e-01	 +7.7150614e-04 -5.6533206e-05	 6.38e-01 Rejected	 348	 1392	
424	 4.7521033e-01	 +1.3903593e-03 +3.5813592e-04	 1.02e+00 Accepted	 344	 1388	
425	 4.7521033e-01	 +1.3903593e-03 +3.5813592e-04	 7.28e-01 Rejected	 347	 1366	
426	 4.7521545e-01	 +1.0541143e-03 -1.2520510e-03	 1.06e+00 Accepted	 345	 1385	
427	 4.7543481e-01	 +2.0302907e-03 +7.7914062e-05	 1.11e+00 Accepted	 350	 1396	
428	 4.7543481e-01	 +2.0302907e-03 +7.7914062e-05	 7.55e-01 Rejected	 350	 1395	
429	 4.7571513e-01	 -4.1156006e-05 -3.1840525e-03	 1.61e+00 Accepted	 348	 1394	
430	 4.7571513e-01	 -4.1156006e-05 -3.1840525e-03	 8.91e-01 Rejected	 348	 1391	
431	 4.7553321e-01	 +6.9323653e-04 -1.2166727e-03	 1.18e+00 Accepted	 350	 1403	
432	 4.7549680e-01	 +4.7829823e-04 -7.2954726e-04	 8.55e-01 Accepted	 352	 1392	
433	 4.7556355e-01	 +1.6850844e-03 -2.2114172e-03	 9.74e-01 Accepted	 348	 1387	
434	 4.7556355e-01	 +1.6850844e-03 -2.2114172e-03	 6.75e-01 Rejected	 350	 1391	
435	 4.7526506e-01	 +2.7080569e-03 +1.4036617e-04	 1.23e+00 Accepted	 345	 1368	
436	 4.7510357e-01	 +2.6025277e-03 +2.5654034e-03	 8.53e-01 Accepted	 348	 1391	
437	 4.7502397e-01	 +8.3867976e-04 +1.3748115e-03	 1.58e+00 Accepted	 350	 1386	
438	 4.7562897e-01	 +9.8086087e-04 -3.1650574e-04	 8.44e-01 Accepted	 348	 1371	
439	 4.7497379e-01	 +1.1207903e-03 +1.0610281e-03	 9.15e-01 Accepted	 345	 1372	
440	 4.7543617e-01	 +2.4811268e-03 +1.3160991e-03	 1.05e+00 Accepted	 347	 1379	
441	 4.7516472e-01	 -4.3060833e-04 +8.9310490e-04	 7.71e-01 Accepted	 349	 1385	
442	 4.7542508e-01	 +1.0235826e-03 -1.1240881e-03	 9.50e-01 Accepted	 348	 1415	
443	 4.7527360e-01	 +4.7428260e-04 +2.0580527e-04	 7.72e-01 Accepted	 351	 1387	
444	 4.7527360e-01	 +4.7428260e-04 +2.0580527e-04	 7.06e-01 Rejected	 350	 1378	
445	 4.7506739e-01	 +2.3185691e-03 +1.8876033e-04	 1.60e+00 Accepted	 348	 1406	
446	 4.7514913e-01	 -2.1312274e-03 +1.8646067e-04	 9.17e-01 Accepted	 351	 1400	
447	 4.7538655e-01	 -6.3552489e-04 -2.1747203e-03	 6.72e-01 Accepted	 348	 1391	
448	 4.7520491e-01	 +2.9592209e-04 +1.7840017e-03	 1.22e+00 Accepted	 350	 1390	
449	 4.7506075e-01	 +1.4494988e-03 -8.0270275e-04	 1.58e+00 Accepted	 347	 1387	
450	 4.7487566e-01	 -2.0645208e-03 -2.6218695e-03	 5.94e-01 Accepted	 349	 1398	
451	 4.7553282e-01	 -7.9096052e-04 +1.3308626e-03	 1.26e+00 Accepted	 350	 1388	
452	 4.7553282e-01	 -7.9096052e-04 +1.3308626e-03	 5.17e-01 Rejected	 350	 1407	
453	 4.7596033e-01	 -2.8167548e-04 +6.5251453e-04	 1.79e+00 Accepted	 350	 1398	
454	 4.7569853e-01	 +1.4602493e-03 -2.5497581e-04	 7.57e-01 Accepted	 352	 1398	
455	 4.7569853e-01	 +1.4602493e-03 -2.5497581e-04	 5.58e-01 Rejected	 351	 1397	
456	 4.7582517e-01	 +2.4414095e-03 +1.9348958e-03	 8.21e-01 Accepted	 351	 1433	
457	 4.7599324e-01	 -3.7968506e-03 -1.6021669e-03	 1.14e+00 Accepted	 355	 1407	
458	 4.7596458e-01	 +2.5741718e-03 +3.0277856e-04	 1.21e+00 Accepted	 351	 1392	
459	 4.7585885e-01	 +8.3114047e-04 +8.5822994e-04	 1.14e+00 Accepted	 350	 1403	
460	 4.7619340e-01	 +1.5678752e-03 -2.2773525e-03	 1.47e+00 Accepted	 349	 1411	
461	 4.7608174e-01	 +1.1641830e-03 -1.6252140e-03	 1.26e+00 Accepted	 355	 1418	
462	 4.7611197e-01	 +1.3951259e-03 -1.3480094e-04	 9.53e-01 Accepted	 353	 1391	
463	 4.7633848e-01	 +6.8581381e-04 +8.5074276e-04	 9.18e-01 Accepted	 348	 1401	
464	 4.7643322e-01	 -1.1037123e-03 -1.6816844e-03	 1.18e+00 Accepted	 352	 1412	
465	 4.7643322e-01	 -1.1037123e-03 -1.6816844e-03	 5.34e-01 Rejected	 354	 1408	
466	 4.7633551e-01	 +3.6218582e-03 -1.3392559e-03	 1.13e+00 Accepted	 351	 1394	
467	 4.7607219e-01	 -1.6056302e-03 -2.3359210e-03	 9.69e-01 Accepted	 352	 1442	
468	 4.7625967e-01	 +1.1918821e-03 -1.0141441e-03	 9.87e-01 Accepted	 355	 1399	
469	 4.7645479e-01	 -2.4607143e-03 -2.4207231e-03	 6.54e-01 Accepted	 352	 1414	
470	 4.7646378e-01	 +1.6747560e-03 -5.7668820e-04	 8.71e-01 Accepted	 353	 1427	
471	 4.7657300e-01	 +1.3823749e-03 -2.6454179e-03	 1.29e+00 Accepted	 355	 1407	
472	 4.7607001e-01	 -1.7864434e-03 +6.9211742e-04	 9.30e-01 Accepted	 351	 1396	
473	 4.7626186e-01	 +1.2759776e-03 +4.5747926e-04	 9.08e-01 Accepted	 355	 1422	
474	 4.7644139e-01	 +1.0755695e-03 +2.8002895e-03	 1.51e+00 Accepted	 355	 1426	
475	 4.7644139e-01	 +1.0755695e-03 +2.8002895e-03	 8.76e-01 Rejected	 355	 1401	
476	 4.7644139e-01	 +1.0755695e-03 +2.8002895e-03	 8.52e-01 Rejected	 353	 1408	
477	 4.7729280e-01	 -5.5829023e-04 -4.0083956e-05	 2.08e+00 Accepted	 358	 1452	
478	 4.7706666e-01	 -5.5589133e-04 -8.5503538e-04	 6.49e-01 Accepted	 357	 1419	
479	 4.7689317e-01	 +5.7242265e-04 -1.1151648e-03	 9.66e-01 Accepted	 354	 1431	
480	 4.7672169e-01	 +1.7547684e-03 +3.1676983e-04	 4.89e-01 Accepted	 357	 1418	
481	 4.7672169e-01	 +1.7547684e-03 +3.1676983e-04	 5.35e-01 Rejected	 355	 1440	
482	 4.7658088e-01	 +5.0927624e-04 +4.8703758e-04	 6.30e-01 Accepted	 356	 1420	
483	 4.7659858e-01	 +2.1974701e-03 -7.9276284e-04	 1.33e+00 Accepted	 356	 1451	
484	 4.7655814e-01	 +1.7904178e-03 +1.4827580e-03	 1.04e+00 Accepted	 358	 1401	
485	 4.7674837e-01	 +4.0617066e-04 +1.0601976e-03	 9.07e-01 Accepted	 352	 1406	
486	 4.7641152e-01	 -1.5418959e-03 +2.5964520e-03	 8.40e-01 Accepted	 352	 1395	
487	 4.7688854e-01	 -3.0631159e-04 -2.7759332e-04	 1.46e+00 Accepted	 352	 1417	
488	 4.7657988e-01	 -2.6006177e-05 -1.3651178e-03	 8.84e-01 Accepted	 357	 1432	
489	 4.7660255e-01	 +4.7451463e-04 -4.4602081e-04	 1.19e+00 Accepted	 362	 1467	
490	 4.7689217e-01	 +2.0511271e-03 +4.6826216e-04	 1.82e+00 Accepted	 357	 1409	
491	 4.7662144e-01	 -3.6849675e-03 -6.2931609e-04	 9.86e-01 Accepted	 355	 1422	
492	 4.7651725e-01	 -5.2962103e-04 -4.1328783e-04	 1.39e+00 Accepted	 357	 1423	
493	 4.7629396e-01	 +6.7361529e-04 -1.2068747e-03	 4.87e-01 Accepted	 357	 1435	
494	 4.7582008e-01	 +9.2241490e-04 +2.7519225e-03	 4.96e-01 Accepted	 358	 1405	
495	 4.7582008e-01	 +9.2241490e-04 +2.7519225e-03	 6.40e-01 Rejected	 356	 1448	
496	 4.7577619e-01	 -1.2028437e-03 +4.0439013e-04	 1.47e+00 Accepted	 355	 1448	
497	 4.7520491e-01	 -9.5672638e-04 +1.1048010e-03	 6.86e-01 Accepted	 356	 1444	
498	 4.7543042e-01	 +4.2299643e-04 -1.6893335e-03	 1.19e+00 Accepted	 358	 1417	
499	 4.7517729e-01	 +3.3750942e-03 +1.7884277e-03	 8.16e-01 Accepted	 350	 1418	
500	 4.7475259e-01	 +2.4273249e-03 +1.9888527e-03	 9.98e-01 Accepted	 353	 1426	
501	 4.7475259e-01	 +2.4273249e-03 +1.9888527e-03	 5.28e-01 Rejected	 355	 1414	
502	 4.7517464e-01	 +2.5862686e-03 +9.8972216e-04	 1.53e+00 Accepted	 355	 1408	
503	 4.7607154e-01	 -1.9411245e-04 +6.3302796e-04	 1.25e+00 Accepted	 354	 1429	
504	 4.7607154e-01	 -1.9411245e-04 +6.3302796e-04	 8.47e-01 Rejected	 352	 1418	
505	 4.7579383e-01	 +1.7059323e-03 +1.2283748e-03	 9.97e-01 Accepted	 353	 1398	
506	 4.7579383e-01	 +1.7059323e-03 +1.2283748e-03	 6.75e-01 Rejected	 351	 1400	
507	 4.7577754e-01	 +1.0776878e-03 +4.5219277e-04	 1.11e+00 Accepted	 351	 1401	
508	 4.7604435e-01	 +1.8007360e-03 -1.6820809e-03	 1.09e+00 Accepted	 352	 1403	
# Starting_type: CheckpointStart
# Trajectory_length / Number_of_MD_steps: 1 / 7
# 	 Plaquette	 Polyakov_Loop(re,im)	 Acc._Probability	 runtime_per_traj(s)	 CG_iterations	
509	 4.7627102e-01	 +2.9047067e-04 -5.3296303e-04	 1.14e+00 Accepted	 350	 1410	
510	 4.7625532e-01	 -6.6315273e-06 +4.8808258e-04	 1.23e+00 Accepted	 344	 1415	
511	 4.7647784e-01	 +1.8050645e-03 -1.5662475e-03	 1.63e+00 Accepted	 345	 1425	
512	 4.7647784e-01	 +1.8050645e-03 -1.5662475e-03	 5.81e-01 Rejected	 345	 1414	
513	 4.7676168e-01	 +1.4820621e-03 -1.4489491e-03	 1.18e+00 Accepted	 345	 1417	
514	 4.7676168e-01	 +1.4820621e-03 -1.4489491e-03	 9.47e-01 Rejected	 345	 1414	
515	 4.7626461e-01	 +8.5212613e-04 +1.5393493e-03	 9.73e-01 Accepted	 348	 1403	
516	 4.7594594e-01	 +1.8139037e-03 +2.0931463e-03	 9.42e-01 Accepted	 344	 1444	
517	 4.7590421e-01	 +2.1836954e-04 -7.9046341e-04	 8.17e-01 Accepted	 346	 1419	
518	 4.7590421e-01	 +2.1836954e-04 -7.9046341e-04	 7.24e-01 Rejected	 346	 1423	
519	 4.7591929e-01	 +1.2623240e-03 -1.9765082e-03	 7.78e-01 Accepted	 345	 1410	
520	 4.7595787e-01	 -2.1055156e-03 +1.0117158e-03	 8.51e-01 Accepted	 345	 1397	
521	 4.7617146e-01	 +8.5116487e-04 +2.0510712e-03	 1.12e+00 Accepted	 339	 1383	
522	 4.7599305e-01	 +8.8607387e-05 +1.7099449e-03	 1.46e+00 Accepted	 341	 1398	
523	 4.7593380e-01	 -9.4897672e-04 +5.0825947e-04	 7.48e-01 Accepted	 343	 1396	
524	 4.7612451e-01	 -3.0094180e-04 +1.1006971e-03	 1.22e+00 Accepted	 340	 1387	
525	 4.7564205e-01	 -7.6578072e-04 -8.1612574e-05	 8.02e-01 Accepted	 342	 1405	
526	 4.7608528e-01	 +2.6978970e-03 -2.7206411e-03	 6.46e-01 Accepted	 344	 1421	
527	 4.7600836e-01	 -8.5559393e-04 -3.0451929e-03	 1.11e+00 Accepted	 346	 1418	
528	 4.7600836e-01	 -8.5559393e-04 -3.0451929e-03	 6.19e-01 Rejected	 350	 1419	
529	 4.7610296e-01	 +9.3314307e-04 -1.3278075e-04	 1.31e+00 Accepted	 348	 1451	
530	 4.7577589e-01	 -9.5345287e-04 +3.3715187e-04	 7.63e-01 Accepted	 347	 1424	
531	 4.7570454e-01	 +3.3703611e-04 +1.8510638e-03	 1.15e+00 Accepted	 346	 1432	
532	 4.7596159e-01	 +1.3560274e-03 -2.5729400e-04	 8.63e-01 Accepted	 347	 1403	
533	 4.7582704e-01	 -1.5474285e-04 -3.6554001e-04	 8.71e-01 Accepted	 339	 1388	
534	 4.7582704e-01	 -1.5474285e-04 -3.6554001e-04	 9.80e-01 Rejected	 344	 1413	
535	 4.7596590e-01	 +4.4748001e-03 -3.4196597e-04	 1.03e+00 Accepted	 343	 1406	
536	 4.7680901e-01	 +1.7585798e-03 +2.9218175e-03	 1.39e+00 Accepted	 341	 1391	
537	 4.7647074e-01	 -3.6698086e-04 -1.1285607e-03	 6.94e-01 Accepted	 342	 1407	
538	 4.7615368e-01	 -7.7087712e-04 +1.2397479e-03	 6.35e-01 Accepted	 342	 1414	
539	 4.7605195e-01	 +2.6962034e-03 +1.2408417e-03	 9.40e-01 Accepted	 343	 1397	
540	 4.7571945e-01	 +7.8556247e-04 -1.4978261e-03	 6.45e-01 Accepted	 340	 1389	
541	 4.7537596e-01	 -2.5683236e-03 +2.0236788e-03	 1.41e+00 Accepted	 339	 1377	
542	 4.7525734e-01	 +1.3380673e-03 +1.5752300e-03	 9.65e-01 Accepted	 336	 1374	
543	 4.7519958e-01	 +1.0407873e-03 -1.9885342e-03	 9.43e-01 Accepted	 336	 1390	
544	 4.7498345e-01	 +2.4723633e-03 +4.0051827e-05	 5.36e-01 Accepted	 341	 1409	
545	 4.7501217e-01	 +1.5778375e-03 +7.5581679e-04	 1.43e+00 Accepted	 342	 1391	
546	 4.7471887e-01	 -1.7343764e-03 +6.3327169e-05	 1.38e+00 Accepted	 339	 1367	
547	 4.7520392e-01	 +1.2231472e-03 -3.0478215e-04	 1.08e+00 Accepted	 340	 1402	
548	 4.7478777e-01	 +4.0336357e-04 +1.0954451e-03	 8.42e-01 Accepted	 341	 1423	
549	 4.7453626e-01	 +7.6945127e-04 +6.0066907e-05	 8.36e-01 Accepted	 345	 1412	
550	 4.7453626e-01	 +7.6945127e-04 +6.0066907e-05	 6.02e-01 Rejected	 342	 1380	
551	 4.7432169e-01	 +8.9079877e-04 +1.9266560e-03	 8.60e-01 Accepted	 341	 1388	
552	 4.7458219e-01	 +3.9331112e-04 -3.0539150e-04	 1.20e+00 Accepted	 337	 1386	
553	 4.7479603e-01	 -6.4625529e-04 -1.0984882e-03	 1.20e+00 Accepted	 339	 1395	
554	 4.7488271e-01	 +2.1195923e-03 -2.6990663e-03	 1.55e+00 Accepted	 340	 1404	
555	 4.7467064e-01	 +7.5784597e-04 +2.0310439e-04	 8.34e-01 Accepted	 340	 1403	
556	 4.7521839e-01	 +4.8412483e-04 +6.2266709e-04	 1.61e+00 Accepted	 345	 1405	
557	 4.7521839e-01	 +4.8412483e-04 +6.2266709e-04	 8.31e-01 Rejected	 341	 1384	
558	 4.7521385e-01	 +2.3909091e-04 -4.7731738e-04	 1.09e+00 Accepted	 342	 1399	
559	 4.7524718e-01	 +9.7572129e-05 +1.6015952e-03	 7.63e-01 Accepted	 343	 1393	
560	 4.7525087e-01	 -6.2843321e-04 +1.5642627e-04	 9.28e-01 Accepted	 340	 1372	
561	 4.7525087e-01	 -6.2843321e-04 +1.5642627e-04	 7.11e-01 Rejected	 340	 1393	
562	 4.7519640e-01	 +1.4205793e-03 +5.1195339e-04	 1.28e+00 Accepted	 341	 1407	
563	 4.7501439e-01	 -2.1542593e-03 +9.5320078e-04	 8.26e-01 Accepted	 343	 1392	
564	 4.7510262e-01	 +7.6994661e-04 -9.1309623e-04	 1.30e+00 Accepted	 340	 1384	
565	 4.7510262e-01	 +7.6994661e-04 -9.1309623e-04	 6.78e-01 Rejected	 339	 1380	
566	 4.7533386e-01	 +1.3583495e-03 +5.4691879e-04	 8.94e-01 Accepted	 338	 1383	
567	 4.7581588e-01	 +8.9154019e-04 +8.0193455e-04	 1.02e+00 Accepted	 342	 1402	
568	 4.7559437e-01	 -1.8581019e-03 -1.8522545e-03	 9.76e-01 Accepted	 340	 1396	
569	 4.7562271e-01	 +1.8168175e-03 -1.7325413e-03	 8.26e-01 Accepted	 342	 1406	
570	 4.7575782e-01	 +2.1890970e-03 -2.1359379e-03	 1.03e+00 Accepted	 339	 1390	
571	 4.7555301e-01	 +2.0323334e-03 -1.8301033e-03	 1.20e+00 Accepted	 341	 1365	
572	 4.7533694e-01	 +3.9605485e-04 +1.5398890e-03	 1.86e+00 Accepted	 337	 1394	
573	 4.7530397e-01	 -3.1161610e-04 +2.5795864e-03	 9.37e-01 Accepted	 339	 1383	
574	 4.7525981e-01	 -4.1685123e-04 +3.6737296e-03	 9.31e-01 Accepted	 339	 1411	
575	 4.7555444e-01	 +2.3023463e-03 +1.0365095e-03	 1.24e+00 Accepted	 341	 1392	
576	 4.7517992e-01	 +4.3956672e-03 -1.4741527e-03	 1.20e+00 Accepted	 342	 1382	
577	 4.7564130e-01	 -1.4386070e-03 +1.3308265e-03	 7.02e-01 Accepted	 340	 1419	
578	 4.7564628e-01	 -1.5487954e-03 +1.6430922e-03	 1.11e+00 Accepted	 343	 1410	
579	 4.7578193e-01	 -1.0212630e-03 +2.3079103e-04	 1.43e+00 Accepted	 342	 1398	
580	 4.7575085e-01	 +3.8078594e-03 +2.0475403e-03	 8.39e-01 Accepted	 343	 1412	
581	 4.7608613e-01	 +5.1356610e-04 -1.2679841e-03	 1.11e+00 Accepted	 344	 1405	
582	 4.7623166e-01	 -1.8167392e-03 +1.6420327e-03	 1.03e+00 Accepted	 344	 1393	
583	 4.7639387e-01	 +1.7591414e-03 -1.3877687e-03	 1.12e+00 Accepted	 341	 1407	
584	 4.7611384e-01	 +3.3518001e-03 -1.6894268e-03	 9.10e-01 Accepted	 343	 1421	
585	 4.7625707e-01	 -1.7324232e-04 +8.4060039e-04	 1.10e+00 Accepted	 343	 1391	
586	 4.7588447e-01	 +1.6087892e-03 +1.5203294e-03	 1.03e+00 Accepted	 341	 1398	
587	 4.7590797e-01	 +4.9779852e-04 +2.5447309e-03	 6.76e-01 Accepted	 344	 1415	
588	 4.7583587e-01	 +6.1057812e-04 -1.6427416e-03	 9.99e-01 Accepted	 345	 1432	
589	 4.7562581e-01	 +1.4421373e-03 -2.7008285e-03	 1.22e+00 Accepted	 344	 1436	
590	 4.7614441e-01	 -1.4263167e-03 -2.1674143e-04	 2.11e+00 Accepted	 346	 1407	
591	 4.7650927e-01	 +1.5601612e-03 +3.2464355e-04	 1.57e+00 Accepted	 349	 1434	
592	 4.7658461e-01	 -1.4121749e-05 -5.3479438e-05	 1.39e+00 Accepted	 349	 1423	
593	 4.7666593e-01	 +9.6398110e-04 +6.0526283e-04	 6.83e-01 Accepted	 349	 1430	
594	 4.7657709e-01	 +2.2375153e-03 +8.0180701e-04	 1.11e+00 Accepted	 353	 1484	
595	 4.7627584e-01	 +5.4492338e-04 -1.7335723e-03	 7.00e-01 Accepted	 352	 1407	
596	 4.7578493e-01	 -8.5072952e-04 -1.1139657e-03	 1.11e+00 Accepted	 339	 1378	
597	 4.7577689e-01	 -6.3020285e-04 -1.1280577e-03	 9.74e-01 Accepted	 339	 1415	
598	 4.7582063e-01	 +2.3197442e-03 -9.8589293e-04	 6.86e-01 Accepted	 342	 1389	
599	 4.7582063e-01	 +2.3197442e-03 -9.8589293e-04	 7.54e-01 Rejected	 340	 1394	
600	 4.7568225e-01	 -9.4720933e-04 -4.3373406e-04	 1.14e+00 Accepted	 339	 1421	
601	 4.7526128e-01	 -2.6385652e-04 +2.4696145e-03	 8.95e-01 Accepted	 348	 1445	
602	 4.7515094e-01	 -2.0321987e-03 +1.4553279e-03	 8.25e-01 Accepted	 348	 1418	
603	 4.7514700e-01	 -1.5992409e-03 +1.2910108e-03	 7.74e-01 Accepted	 345	 1404	
604	 4.7519989e-01	 -2.4718213e-04 +4.3293791e-04	 8.98e-01 Accepted	 339	 1408	
605	 4.7492804e-01	 -3.5994658e-04 -4.1638732e-04	 5.64e-01 Accepted	 344	 1397	
606	 4.7518573e-01	 -1.7319522e-03 +5.6990967e-05	 2.07e+00 Accepted	 344	 1418	
607	 4.7518573e-01	 -1.7319522e-03 +5.6990967e-05	 7.44e-01 Rejected	 347	 1406	
608	 4.7525487e-01	 +3.3298531e-03 -5.6451708e-04	 8.51e-01 Accepted	 343	 1377	
609	 4.7488306e-01	 -1.6704013e-04 +1.1961065e-03	 8.99e-01 Accepted	 339	 1389	
610	 4.7518332e-01	 -1.6955468e-03 +4.4057758e-04	 1.41e+00 Accepted	 343	 1432	
611	 4.7518332e-01	 -1.6955468e-03 +4.4057758e-04	 5.86e-01 Rejected	 347	 1383	
612	 4.7515226e-01	 -1.3056900e-03 +6.4768166e-04	 1.03e+00 Accepted	 348	 1410	
613	 4.7525738e-01	 +9.8936164e-04 -3.4665264e-03	 1.04e+00 Accepted	 341	 1390	
614	 4.7516469e-01	 -1.2297755e-04 -1.1839256e-03	 8.31e-01 Accepted	 339	 1417	
615	 4.7506554e-01	 +4.9631438e-04 -1.0825289e-04	 8.02e-01 Accepted	 341	 1379	
616	 4.7487348e-01	 -1.0943231e-03 +3.0469477e-04	 5.56e-01 Accepted	 339	 1381	
617	 4.7509877e-01	 -6.4863433e-04 +1.0022145e-03	 7.55e-01 Accepted	 340	 1383	
618	 4.7481467e-01	 +9.9652565e-05 -4.0421645e-04	 7.90e-01 Accepted	 340	 1414	
619	 4.7482770e-01	 -1.3953831e-04 +3.1291186e-03	 1.36e+00 Accepted	 341	 1370	
620	 4.7448248e-01	 +5.5902470e-04 +4.4518804e-04	 5.18e-01 Accepted	 340	 1389	
621	 4.7468075e-01	 -1.1880595e-03 -3.3316050e-04	 1.41e+00 Accepted	 337	 1382	
622	 4.7447366e-01	 -8.0339153e-04 -5.6805120e-04	 5.01e-01 Accepted	 337	 1364	
623	 4.7447366e-01	 -8.0339153e-04 -5.6805120e-04	 7.32e-01 Rejected	 331	 1350	
624	 4.7433719e-01	 -1.7844580e-03 -3.4292354e-04	 1.53e+00 Accepted	 335	 1376	
625	 4.7432909e-01	 -2.4255484e-04 +8.6290269e-04	 6.56e-01 Accepted	 337	 1379	
626	 4.7402771e-01	 -1.2699538e-04 -1.6548587e-04	 6.58e-01 Accepted	 338	 1377	
627	 4.7425000e-01	 -1.4958575e-03 +1.4642093e-04	 9.91e-01 Accepted	 337	 1370	
628	 4.7422255e-01	 -8.2983919e-04 -1.2287644e-03	 1.20e+00 Accepted	 336	 1367	
629	 4.7421008e-01	 +1.5037269e-03 -1.3312133e-03	 1.22e+00 Accepted	 335	 1368	
630	 4.7378059e-01	 -1.9851880e-03 +1.3136791e-03	 8.55e-01 Accepted	 336	 1368	
631	 4.7357651e-01	 +2.0350660e-03 -1.9270519e-05	 6.22e-01 Accepted	 336	 1396	
632	 4.7317530e-01	 -6.2453944e-04 -4.3816219e-04	 8.48e-01 Accepted	 338	 1380	
633	 4.7334132e-01	 -1.4734319e-03 -1.7982441e-03	 9.87e-01 Accepted	 337	 1379	
634	 4.7291927e-01	 -8.6375293e-04 +9.5238447e-04	 8.24e-01 Accepted	 335	 1356	
# Starting_type: CheckpointStart
# Trajectory_length / Number_of_MD_steps: 1 / 7
# 	 Plaquette	 Polyakov_Loop(re,im)	 Acc._Probability	 runtime_per_traj(s)	 CG_iterations	
635	 4.7291927e-01	 -8.6375293e-04 +9.5238447e-04	 8.64e-01 Rejected	 343	 1373	
636	 4.7311695e-01	 -5.5696451e-05 -8.4527742e-04	 1.40e+00 Accepted	 333	 1373	
637	 4.7324879e-01	 -6.0790949e-04 +5.1556841e-04	 9.95e-01 Accepted	 336	 1363	
638	 4.7334040e-01	 -5.0196660e-04 +1.4618151e-03	 7.89e-01 Accepted	 336	 1367	
639	 4.7343721e-01	 -2.0988760e-03 +1.0189092e-03	 1.39e+00 Accepted	 334	 1375	
640	 4.7351350e-01	 +1.5742787e-03 -1.0628670e-03	 1.05e+00 Accepted	 333	 1371	
641	 4.7332541e-01	 -1.3958068e-03 +7.4856402e-04	 1.04e+00 Accepted	 335	 1347	
642	 4.7332541e-01	 -1.3958068e-03 +7.4856402e-04	 7.88e-01 Rejected	 336	 1379	
643	 4.7310115e-01	 -2.1951560e-04 -2.6455434e-03	 1.15e+00 Accepted	 332	 1372	
644	 4.7310115e-01	 -2.1951560e-04 -2.6455434e-03	 7.40e-01 Rejected	 336	 1359	
645	 4.7361959e-01	 +9.2209288e-04 -4.8275800e-04	 1.05e+00 Accepted	 335	 1382	
646	 4.7383313e-01	 -8.1645030e-05 +1.5654946e-03	 1.24e+00 Accepted	 334	 1360	
647	 4.7393256e-01	 -2.3808522e-03 +9.3934793e-04	 1.20e+00 Accepted	 335	 1364	
648	 4.7429578e-01	 -1.3141633e-03 +1.5422013e-03	 1.00e+00 Accepted	 332	 1353	
649	 4.7413664e-01	 -1.4014047e-03 -5.8896995e-04	 9.95e-01 Accepted	 335	 1380	
650	 4.7409551e-01	 +1.2495065e-03 +1.5911252e-04	 1.05e+00 Accepted	 336	 1372	
651	 4.7380338e-01	 -1.4527045e-03 -2.2980854e-03	 7.69e-01 Accepted	 334	 1359	
652	 4.7380338e-01	 -1.4527045e-03 -2.2980854e-03	 5.69e-01 Rejected	 336	 1361	
653	 4.7361863e-01	 -3.5438610e-04 +1.6679910e-03	 8.00e-01 Accepted	 333	 1367	
654	 4.7420307e-01	 -8.1260805e-04 +3.6832863e-03	 1.31e+00 Accepted	 338	 1403	
655	 4.7431579e-01	 -3.4722788e-04 -4.9264844e-04	 1.82e+00 Accepted	 342	 1364	
656	 4.7439606e-01	 -2.0980205e-03 +2.0738932e-03	 5.43e-01 Accepted	 334	 1370	
657	 4.7437859e-01	 -7.5605265e-04 +3.6454704e-04	 9.59e-01 Accepted	 334	 1359	
658	 4.7437859e-01	 -7.5605265e-04 +3.6454704e-04	 8.17e-01 Rejected	 335	 1356	
659	 4.7440138e-01	 +1.4033018e-03 -2.8159697e-03	 1.69e+00 Accepted	 334	 1378	
660	 4.7442000e-01	 +1.2132394e-03 -2.3967480e-03	 1.32e+00 Accepted	 336	 1357	
661	 4.7425725e-01	 +2.5523072e-04 -4.6930929e-03	 6.81e-01 Accepted	 336	 1380	
662	 4.7461331e-01	 +6.1260133e-04 -8.3172657e-06	 9.41e-01 Accepted	 335	 1355	
663	 4.7428082e-01	 +3.0782129e-03 +1.0878300e-03	 8.00e-01 Accepted	 333	 1355	
664	 4.7452714e-01	 +2.8342267e-03 -1.1977740e-03	 1.14e+00 Accepted	 337	 1392	
665	 4.7468684e-01	 +1.8674591e-03 +1.0887761e-03	 1.00e+00 Accepted	 339	 1373	
666	 4.7492614e-01	 -2.0632130e-04 +4.0608465e-05	 1.84e+00 Accepted	 338	 1380	
667	 4.7492614e-01	 -2.0632130e-04 +4.0608465e-05	 6.27e-01 Rejected	 338	 1385	
668	 4.7520830e-01	 -8.3934334e-04 -2.0458379e-03	 1.32e+00 Accepted	 338	 1402	
669	 4.7538795e-01	 +9.3642693e-04 -1.4666545e-03	 1.50e+00 Accepted	 344	 1422	
670	 4.7538795e-01	 +9.3642693e-04 -1.4666545e-03	 6.40e-01 Rejected	 345	 1384	
671	 4.7499354e-01	 +1.5760725e-03 -5.3780334e-04	 5.32e-01 Accepted	 343	 1404	
672	 4.7474167e-01	 -2.8721404e-03 +2.3785720e-03	 4.78e-01 Accepted	 340	 1366	
673	 4.7511192e-01	 -2.0247713e-03 +2.6155570e-03	 1.34e+00 Accepted	 336	 1382	
674	 4.7495758e-01	 +2.8932583e-03 +7.5531871e-04	 6.59e-01 Accepted	 341	 1423	
675	 4.7444253e-01	 -5.9227747e-04 +6.0567347e-04	 8.74e-01 Accepted	 344	 1397	
676	 4.7492319e-01	 +1.0043428e-03 -1.6326647e-03	 1.94e+00 Accepted	 344	 1433	
677	 4.7492319e-01	 +1.0043428e-03 -1.6326647e-03	 8.64e-01 Rejected	 350	 1433	
678	 4.7545706e-01	 +1.4693752e-03 -1.4445456e-03	 1.12e+00 Accepted	 345	 1397	
679	 4.7542185e-01	 -1.2483908e-03 +5.5781379e-04	 1.10e+00 Accepted	 340	 1385	
680	 4.7538797e-01	 +7.6618058e-04 +3.0115268e-04	 1.11e+00 Accepted	 341	 1390	
681	 4.7583418e-01	 -1.2873664e-03 -1.2805530e-03	 1.41e+00 Accepted	 340	 1399	
682	 4.7569232e-01	 -2.6301108e-04 -9.0449291e-04	 7.94e-01 Accepted	 344	 1423	
683	 4.7575963e-01	 +1.6689997e-03 +1.2087098e-03	 1.23e+00 Accepted	 345	 1406	
684	 4.7571436e-01	 +8.8528260e-04 +2.8650349e-03	 1.56e+00 Accepted	 342	 1383	
685	 4.7585363e-01	 +9.7983477e-04 +1.7165227e-03	 9.86e-01 Accepted	 339	 1418	
686	 4.7585363e-01	 +9.7983477e-04 +1.7165227e-03	 4.82e-01 Rejected	 351	 1461	
687	 4.7596423e-01	 +6.5339626e-04 -1.2761699e-05	 1.33e+00 Accepted	 344	 1425	
688	 4.7582189e-01	 +1.8967464e-03 +1.0454750e-03	 1.02e+00 Accepted	 341	 1400	
689	 4.7513197e-01	 +3.8066195e-04 +1.2947463e-03	 6.76e-01 Accepted	 342	 1398	
690	 4.7513984e-01	 -8.3182269e-04 +1.9313501e-03	 7.88e-01 Accepted	 341	 1393	
691	 4.7479334e-01	 +1.4690721e-03 +1.1594836e-03	 5.41e-01 Accepted	 338	 1372	
692	 4.7540719e-01	 -5.0065391e-04 -5.8537651e-04	 1.45e+00 Accepted	 338	 1402	
693	 4.7558699e-01	 +1.2737487e-03 -4.3297326e-04	 1.10e+00 Accepted	 341	 1412	
694	 4.7560800e-01	 -8.0508339e-04 +1.5277308e-05	 1.13e+00 Accepted	 344	 1415	
695	 4.7585848e-01	 -1.4691604e-03 -3.1995778e-03	 1.25e+00 Accepted	 343	 1417	
696	 4.7563733e-01	 -1.9027860e-03 +2.0424532e-03	 1.12e+00 Accepted	 343	 1383	
697	 4.7524731e-01	 -9.1053754e-04 +1.2283646e-03	 9.72e-01 Accepted	 339	 1405	
698	 4.7563023e-01	 -1.6891221e-03 -7.0185604e-04	 1.19e+00 Accepted	 345	 1399	
699	 4.7559696e-01	 +2.8042670e-03 +3.6146932e-04	 1.21e+00 Accepted	 343	 1432	
700	 4.7559696e-01	 +2.8042670e-03 +3.6146932e-04	 7.62e-01 Rejected	 344	 1388	
701	 4.7532644e-01	 -2.1301955e-03 -1.6981815e-03	 1.19e+00 Accepted	 344	 1393	
702	 4.7525553e-01	 -2.1950719e-03 -4.1163148e-05	 8.62e-01 Accepted	 340	 1384	
703	 4.7579709e-01	 -1.2198442e-03 +3.1045475e-03	 1.63e+00 Accepted	 339	 1399	
704	 4.7585755e-01	 +2.6483032e-03 -8.9313633e-04	 6.54e-01 Accepted	 341	 1417	
705	 4.7555342e-01	 -1.5654035e-03 +1.2710437e-03	 7.86e-01 Accepted	 348	 1420	
706	 4.7503650e-01	 -1.6776879e-03 +2.5334474e-03	 1.43e+00 Accepted	 344	 1395	
707	 4.7524701e-01	 +4.3731663e-05 +1.9281004e-03	 7.41e-01 Accepted	 343	 1388	
708	 4.7524938e-01	 +3.5447417e-03 +3.7378762e-05	 1.05e+00 Accepted	 340	 1388	
709	 4.7519356e-01	 +2.2547468e-03 +7.0000644e-05	 1.32e+00 Accepted	 336	 1363	
710	 4.7519356e-01	 +2.2547468e-03 +7.0000644e-05	 7.44e-01 Rejected	 337	 1377	
711	 4.7501666e-01	 +2.0958255e-03 -1.3194158e-03	 1.18e+00 Accepted	 335	 1377	
712	 4.7460134e-01	 -2.6511013e-04 -8.4538471e-04	 6.45e-01 Accepted	 339	 1382	
713	 4.7395270e-01	 +1.3638095e-03 -2.3770555e-03	 6.17e-01 Accepted	 339	 1392	
714	 4.7411763e-01	 +1.5725888e-04 +9.2194094e-04	 1.14e+00 Accepted	 337	 1364	
715	 4.7435305e-01	 +4.1772313e-04 +1.3476878e-03	 1.29e+00 Accepted	 335	 1369	
716	 4.7475257e-01	 +2.3687703e-03 -2.2522577e-03	 8.24e-01 Accepted	 336	 1383	
717	 4.7464238e-01	 +1.0572521e-03 -4.1930002e-03	 9.01e-01 Accepted	 338	 1376	
718	 4.7432066e-01	 +1.4849089e-03 -3.2334460e-03	 1.02e+00 Accepted	 338	 1380	
719	 4.7349513e-01	 +2.0651482e-04 -3.0608072e-03	 5.36e-01 Accepted	 339	 1368	
720	 4.7348264e-01	 -2.5760789e-04 +8.9297790e-04	 7.95e-01 Accepted	 333	 1351	
721	 4.7341346e-01	 +1.0141759e-03 -1.3231386e-03	 9.89e-01 Accepted	 332	 1367	
722	 4.7330063e-01	 -2.0118987e-03 -7.3814908e-04	 9.28e-01 Accepted	 333	 1354	
723	 4.7330063e-01	 -2.0118987e-03 -7.3814908e-04	 6.78e-01 Rejected	 336	 1356	
724	 4.7362739e-01	 -1.4830878e-03 -1.0592745e-03	 7.73e-01 Accepted	 336	 1358	
725	 4.7304899e-01	 -7.8816206e-04 +6.5975818e-05	 6.13e-01 Accepted	 334	 1363	
726	 4.7289463e-01	 -1.1210313e-03 +1.3862752e-03	 7.81e-01 Accepted	 337	 1358	
727	 4.7363854e-01	 +1.8043756e-03 +1.9511287e-03	 7.51e-01 Accepted	 336	 1374	
728	 4.7345354e-01	 -8.8044882e-04 +2.7297841e-03	 9.08e-01 Accepted	 338	 1371	
729	 4.7394841e-01	 +1.6838295e-03 -2.4183135e-03	 9.62e-01 Accepted	 337	 1378	
730	 4.7391859e-01	 +1.4296126e-03 +3.4973965e-04	 8.20e-01 Accepted	 343	 1416	
731	 4.7423273e-01	 +4.2608720e-03 +4.9749909e-04	 1.12e+00 Accepted	 341	 1378	
732	 4.7374499e-01	 +5.6678633e-04 -1.5874358e-03	 1.55e+00 Accepted	 338	 1395	
733	 4.7349435e-01	 -2.4013549e-03 +3.5208359e-04	 5.14e-01 Accepted	 339	 1356	
734	 4.7388953e-01	 +2.4643632e-03 -2.7329950e-03	 1.22e+00 Accepted	 335	 1358	
735	 4.7422967e-01	 -1.7552192e-03 -1.7398801e-03	 1.96e+00 Accepted	 334	 1383	
736	 4.7432250e-01	 +1.3493853e-03 -2.7633453e-03	 1.63e+00 Accepted	 339	 1423	
737	 4.7432982e-01	 +8.2389386e-04 -1.8775294e-03	 8.92e-01 Accepted	 344	 1390	
738	 4.7432982e-01	 +8.2389386e-04 -1.8775294e-03	 4.27e-01 Rejected	 342	 1383	
739	 4.7445786e-01	 +3.6802053e-03 +6.8932667e-04	 1.09e+00 Accepted	 339	 1386	
740	 4.7431268e-01	 +3.0546994e-03 -2.6846402e-03	 9.82e-01 Accepted	 336	 1382	
741	 4.7441115e-01	 +8.2246611e-04 +3.9074881e-04	 9.84e-01 Accepted	 340	 1381	
742	 4.7427450e-01	 +1.0875343e-03 +2.6994553e-04	 1.73e+00 Accepted	 337	 1370	
743	 4.7427450e-01	 +1.0875343e-03 +2.6994553e-04	 6.02e-01 Rejected	 339	 1384	
744	 4.7427450e-01	 +1.0875343e-03 +2.6994553e-04	 7.11e-01 Rejected	 338	 1390	
745	 4.7410487e-01	 -2.1740258e-03 +1.8450298e-03	 1.08e+00 Accepted	 338	 1371	
746	 4.7410487e-01	 -2.1740258e-03 +1.8450298e-03	 9.36e-01 Rejected	 339	 1376	
747	 4.7424811e-01	 +1.5799158e-03 -2.8328247e-03	 8.62e-01 Accepted	 339	 1396	
748	 4.7426328e-01	 -1.2235223e-03 -1.4876392e-03	 8.82e-01 Accepted	 341	 1370	
749	 4.7416173e-01	 +1.6508090e-03 +4.2288373e-04	 5.32e-01 Accepted	 339	 1383	
750	 4.7486724e-01	 -2.7657300e-03 +2.5646332e-03	 1.57e+00 Accepted	 336	 1378	
751	 4.7503804e-01	 +2.1850380e-04 -9.8876939e-04	 8.48e-01 Accepted	 339	 1387	
752	 4.7503804e-01	 +2.1850380e-04 -9.8876939e-04	 7.01e-01 Rejected	 340	 1391	
753	 4.7491499e-01	 -1.4424164e-03 +1.8173128e-04	 8.99e-01 Accepted	 338	 1384	
754	 4.7503881e-01	 -3.9946458e-03 +3.2341314e-04	 1.02e+00 Accepted	 340	 1383	
755	 4.7529635e-01	 -1.2078734e-03 -2.5689451e-04	 1.75e+00 Accepted	 342	 1391	
756	 4.7500347e-01	 +1.1541510e-03 -5.6083669e-04	 6.99e-01 Accepted	 339	 1380	
757	 4.7451287e-01	 +1.5497670e-03 -2.4017332e-04	 5.44e-01 Accepted	 338	 1386	
758	 4.7494621e-01	 +1.1930103e-03 +2.5548790e-03	 1.61e+00 Accepted	 338	 1381	
759	 4.7512073e-01	 +5.6947272e-05 -2.8620995e-03	 9.45e-01 Accepted	 338	 1373	
760	 4.7529629e-01	 +7.8126237e-04 +3.6762436e-04	 9.69e-01 Accepted	 339	 1374	
761	 4.7541238e-01	 +1.4781779e-03 -1.3351234e-03	 1.17e+00 Accepted	 338	 1392	
