# Starting_type: ColdStart
# serial RNG seed: 	[51963 38339 39271 23863 49768]
# parallel RNG seed:	[63484 7722 27373 18420 65253]
# Trajectory_length / Number_of_MD_steps: 1 / 7
# 	 Plaquette	 Polyakov_Loop(re,im)	 Acc._Probability	 runtime_per_traj(s)	 CG_iterations	
1	 8.0294455e-01	 +4.2181572e-01 +4.1341932e-04	 3.12e-31 Skipping	 103	 381	
2	 7.2732595e-01	 +2.4159148e-01 +6.4748273e-04	 1.47e-16 Skipping	 127	 442	
3	 6.7875246e-01	 +1.5967802e-01 -5.8679763e-04	 1.45e-11 Skipping	 137	 488	
4	 6.4367187e-01	 +1.1847096e-01 -1.1523191e-03	 1.62e-08 Skipping	 147	 537	
5	 6.1818559e-01	 +9.3728486e-02 -8.0305958e-04	 1.83e-06 Skipping	 156	 574	
6	 5.9921194e-01	 +7.4505511e-02 -2.7252166e-04	 4.87e-05 Skipping	 164	 602	
7	 5.8552964e-01	 +6.1229413e-02 -2.8594538e-03	 1.23e-03 Skipping	 169	 638	
8	 5.7558949e-01	 +4.7808784e-02 -4.3800760e-03	 4.39e-03 Skipping	 179	 694	
9	 5.6817943e-01	 +4.4129752e-02 +1.3097966e-03	 1.75e-02 Skipping	 191	 715	
10	 5.6294236e-01	 +4.4570656e-02 -5.4182959e-04	 5.72e-02 Skipping	 196	 735	
11	 5.5864342e-01	 +3.9016617e-02 -4.8534784e-04	 8.84e-02 Skipping	 201	 779	
12	 5.5566827e-01	 +3.3393906e-02 +2.5720782e-03	 2.43e-01 Skipping	 211	 822	
13	 5.5379694e-01	 +3.1933792e-02 +1.7120634e-03	 3.64e-01 Skipping	 220	 865	
14	 5.5209536e-01	 +2.8416069e-02 +8.8286116e-05	 2.35e-01 Skipping	 228	 904	
15	 5.5109907e-01	 +2.9509095e-02 -2.0984089e-03	 5.20e-01 Skipping	 241	 951	
16	 5.5017087e-01	 +2.6304723e-02 +9.9747304e-04	 7.19e-01 Skipping	 246	 958	
17	 5.4902256e-01	 +2.4269732e-02 -1.6209538e-03	 6.60e-01 Skipping	 248	 961	
18	 5.4802394e-01	 +2.6297164e-02 +8.2908577e-04	 4.89e-01 Skipping	 252	 1017	
19	 5.4738770e-01	 +2.2578772e-02 -6.9793672e-04	 5.73e-01 Skipping	 272	 1110	
20	 5.4656936e-01	 +1.9277298e-02 +4.5302135e-04	 5.86e-01 Skipping	 287	 1127	
21	 5.4672935e-01	 +2.1065212e-02 -4.0208083e-04	 1.35e+00 Skipping	 281	 1058	
22	 5.4616878e-01	 +2.0929994e-02 +1.9076538e-03	 1.25e+00 Skipping	 284	 1195	
23	 5.4592296e-01	 +1.9415852e-02 +1.8783099e-03	 1.14e+00 Skipping	 295	 1110	
24	 5.4551719e-01	 +2.1140436e-02 -8.3081442e-04	 1.00e+00 Skipping	 285	 1153	
25	 5.4546508e-01	 +1.6356840e-02 -2.8448433e-03	 1.46e+00 Skipping	 305	 1350	
26	 5.4581977e-01	 +1.6553548e-02 +2.1120038e-04	 8.08e-01 Skipping	 338	 1327	
27	 5.4602917e-01	 +1.7857265e-02 +1.5333679e-05	 1.37e+00 Skipping	 336	 1337	
28	 5.4535555e-01	 +1.5570213e-02 +1.7253502e-03	 7.23e-01 Skipping	 323	 1277	
29	 5.4550986e-01	 +1.5366902e-02 +2.6517817e-03	 8.17e-01 Skipping	 323	 1404	
30	 5.4547814e-01	 +1.8678482e-02 +2.1747559e-03	 1.01e+00 Skipping	 325	 1404	
31	 5.4549495e-01	 +1.3667295e-02 -7.8276744e-04	 9.18e-01 Skipping	 347	 1488	
32	 5.4550048e-01	 +1.4815807e-02 -2.4242451e-03	 8.97e-01 Skipping	 365	 1460	
33	 5.4477391e-01	 +1.6920466e-02 -7.1703712e-04	 6.05e-01 Skipping	 375	 1647	
34	 5.4505558e-01	 +1.8425940e-02 -1.4110230e-03	 9.98e-01 Skipping	 392	 1622	
35	 5.4503912e-01	 +1.5119472e-02 -1.1281951e-03	 8.75e-01 Skipping	 391	 1633	
36	 5.4511986e-01	 +1.3978887e-02 +9.4737556e-04	 1.10e+00 Skipping	 393	 1580	
37	 5.4481994e-01	 +1.2755643e-02 -3.0568637e-03	 8.62e-01 Skipping	 395	 1668	
38	 5.4474537e-01	 +1.2033108e-02 -2.0140199e-03	 1.02e+00 Skipping	 404	 1683	
39	 5.4458496e-01	 +1.3059811e-02 -1.8287900e-03	 5.54e-01 Skipping	 407	 1733	
40	 5.4453452e-01	 +1.4011382e-02 -4.5158752e-04	 6.69e-01 Skipping	 411	 1680	
41	 5.4463952e-01	 +1.5925253e-02 +7.1104686e-04	 1.47e+00 Skipping	 405	 1689	
42	 5.4424101e-01	 +1.0544077e-02 +1.3435281e-03	 1.12e+00 Skipping	 404	 1630	
43	 5.4463563e-01	 +1.0398771e-02 -2.1127559e-03	 2.27e+00 Skipping	 400	 1707	
44	 5.4410427e-01	 +1.3003945e-02 -2.4657544e-03	 5.70e-01 Skipping	 409	 1647	
45	 5.4411522e-01	 +1.0959768e-02 -1.5777040e-03	 6.58e-01 Skipping	 395	 1671	
46	 5.4448952e-01	 +1.3314703e-02 -2.8711680e-03	 1.06e+00 Skipping	 398	 1697	
47	 5.4410410e-01	 +1.3192082e-02 -9.0537830e-04	 8.79e-01 Skipping	 407	 1738	
48	 5.4395878e-01	 +6.6639360e-03 +2.3150903e-03	 6.13e-01 Skipping	 419	 1769	
49	 5.4416320e-01	 +1.0697419e-02 -1.8684199e-03	 2.16e+00 Skipping	 412	 1679	
50	 5.4382537e-01	 +6.8766506e-03 -6.6034997e-04	 5.90e-01 Skipping	 406	 1705	
51	 5.4342161e-01	 +1.1476610e-02 +2.7964799e-03	 6.49e-01 Accepted	 412	 1707	
52	 5.4363699e-01	 +1.0891531e-02 -1.9840888e-03	 7.58e-01 Accepted	 415	 1723	
53	 5.4388496e-01	 +1.2716739e-02 -3.1533932e-03	 1.08e+00 Accepted	 407	 1636	
54	 5.4406771e-01	 +6.3633051e-03 -1.2247518e-03	 1.07e+00 Accepted	 395	 1652	
55	 5.4376991e-01	 +8.9342973e-03 -7.9627604e-05	 8.84e-01 Accepted	 405	 1723	
56	 5.4367748e-01	 +8.1116848e-03 +1.7626963e-03	 8.41e-01 Accepted	 414	 1729	
57	 5.4355392e-01	 +4.6949941e-03 -1.9658290e-04	 9.62e-01 Accepted	 414	 1710	
58	 5.4352572e-01	 +7.1753123e-03 +7.9579457e-04	 9.99e-01 Accepted	 415	 1730	
59	 5.4393225e-01	 +6.4126819e-03 -6.6063726e-04	 1.04e+00 Accepted	 421	 1773	
60	 5.4345937e-01	 +4.9769242e-03 +1.4147556e-03	 7.27e-01 Accepted	 416	 1704	
61	 5.4368667e-01	 +6.8675525e-03 -1.9846151e-03	 1.01e+00 Accepted	 416	 1746	
62	 5.4338274e-01	 +5.6570654e-03 +6.5206334e-04	 1.19e+00 Accepted	 419	 1739	
63	 5.4368089e-01	 +4.9321138e-03 -2.2699970e-03	 1.34e+00 Accepted	 416	 1726	
64	 5.4329162e-01	 +1.9681350e-03 -9.4935844e-04	 6.81e-01 Accepted	 414	 1734	
65	 5.4329162e-01	 +1.9681350e-03 -9.4935844e-04	 6.35e-01 Rejected	 418	 1739	
66	 5.4329162e-01	 +1.9681350e-03 -9.4935844e-04	 6.90e-01 Rejected	 415	 1737	
67	 5.4320405e-01	 +6.6084471e-03 -6.9095579e-04	 1.05e+00 Accepted	 417	 1724	
68	 5.4329569e-01	 +7.3822369e-03 +1.0283442e-03	 1.14e+00 Accepted	 416	 1730	
69	 5.4283040e-01	 +5.7499798e-03 -2.5180319e-03	 7.54e-01 Accepted	 414	 1705	
70	 5.4229231e-01	 +6.7033813e-03 -2.1500593e-03	 1.01e+00 Accepted	 415	 1771	
71	 5.4290825e-01	 +4.9759673e-03 -3.8700139e-03	 1.24e+00 Accepted	 419	 1756	
72	 5.4255537e-01	 +9.7751315e-03 -1.7740543e-04	 1.33e+00 Accepted	 421	 1731	
73	 5.4314305e-01	 +5.3769175e-03 +1.2314393e-03	 1.24e+00 Accepted	 416	 1725	
74	 5.4311000e-01	 +5.8780709e-03 -5.5223980e-03	 1.42e+00 Accepted	 416	 1703	
75	 5.4282661e-01	 +3.4163186e-03 +2.7389359e-04	 1.14e+00 Accepted	 415	 1736	
76	 5.4323548e-01	 +5.1050150e-03 +8.9782842e-05	 9.19e-01 Accepted	 422	 1763	
77	 5.4323548e-01	 +5.1050150e-03 +8.9782842e-05	 9.35e-01 Rejected	 419	 1724	
78	 5.4328021e-01	 +4.5501798e-03 +1.0674468e-03	 1.03e+00 Accepted	 417	 1740	
79	 5.4301223e-01	 +2.0411464e-03 +1.5398324e-03	 1.23e+00 Accepted	 415	 1694	
80	 5.4275682e-01	 +5.5241666e-03 -8.4047297e-05	 1.33e+00 Accepted	 405	 1720	
81	 5.4310791e-01	 +3.6177280e-03 -1.2785636e-03	 1.46e+00 Accepted	 411	 1708	
82	 5.4332167e-01	 +2.0261544e-03 -2.7155260e-03	 1.43e+00 Accepted	 408	 1708	
83	 5.4304658e-01	 +4.2779674e-03 +2.0027837e-04	 1.40e+00 Accepted	 419	 1766	
84	 5.4273174e-01	 +4.9826985e-03 -2.4207573e-03	 1.09e+00 Accepted	 421	 1735	
85	 5.4256868e-01	 +4.6446702e-03 -1.2735848e-03	 8.79e-01 Accepted	 413	 1753	
86	 5.4270512e-01	 +4.2656989e-03 -1.3486498e-03	 1.05e+00 Accepted	 422	 1767	
87	 5.4243169e-01	 +4.1297851e-03 -2.5631091e-03	 5.42e-01 Accepted	 423	 1751	
88	 5.4254448e-01	 +3.9970292e-03 -3.6382361e-03	 9.86e-01 Accepted	 424	 1802	
89	 5.4262898e-01	 +4.8059154e-03 -2.3204101e-04	 1.11e+00 Accepted	 427	 1740	
90	 5.4262898e-01	 +4.8059154e-03 -2.3204101e-04	 7.72e-01 Rejected	 414	 1728	
91	 5.4296469e-01	 +2.4336092e-03 -8.1227118e-05	 1.24e+00 Accepted	 416	 1714	
92	 5.4296579e-01	 +3.5029232e-03 +1.0214454e-03	 8.37e-01 Accepted	 414	 1731	
93	 5.4309766e-01	 +3.7685122e-03 -3.6273547e-04	 8.77e-01 Accepted	 418	 1723	
94	 5.4312442e-01	 +8.3921836e-04 +5.3488528e-04	 1.65e+00 Accepted	 416	 1730	
95	 5.4277575e-01	 +7.2834281e-03 +4.6856559e-04	 9.99e-01 Accepted	 406	 1685	
96	 5.4258700e-01	 +4.2103487e-03 -1.6857528e-03	 5.93e-01 Accepted	 407	 1703	
97	 5.4306279e-01	 +4.7130612e-03 +2.0866442e-03	 1.78e+00 Accepted	 411	 1717	
98	 5.4346528e-01	 +3.4359918e-03 -1.6015231e-03	 1.45e+00 Accepted	 411	 1731	
99	 5.4346528e-01	 +3.4359918e-03 -1.6015231e-03	 6.32e-01 Rejected	 413	 1714	
100	 5.4286523e-01	 +5.3104039e-03 -7.9908826e-04	 6.99e-01 Accepted	 412	 1751	
101	 5.4252523e-01	 +2.8524255e-03 +1.1775186e-03	 1.09e+00 Accepted	 417	 1744	
102	 5.4252523e-01	 +2.8524255e-03 +1.1775186e-03	 8.87e-01 Rejected	 421	 1708	
103	 5.4267515e-01	 +4.0424659e-03 +5.9118569e-04	 8.25e-01 Accepted	 416	 1725	
104	 5.4223133e-01	 +2.7455583e-03 -2.7816439e-03	 1.03e+00 Accepted	 417	 1738	
105	 5.4220053e-01	 +2.1196270e-03 -3.0966446e-05	 1.33e+00 Accepted	 420	 1753	
106	 5.4236492e-01	 +2.8112396e-03 -3.3099569e-03	 8.26e-01 Accepted	 417	 1736	
107	 5.4270018e-01	 +6.9983530e-03 +1.4434068e-03	 1.05e+00 Accepted	 417	 1725	
108	 5.4263535e-01	 +5.2401993e-03 +9.5062050e-04	 1.32e+00 Accepted	 418	 1750	
109	 5.4246977e-01	 +1.7645464e-03 -1.9859357e-03	 6.39e-01 Accepted	 416	 1718	
110	 5.4286654e-01	 +5.1126656e-03 -3.5889927e-04	 2.04e+00 Accepted	 415	 1765	
111	 5.4265986e-01	 +1.0024421e-03 -1.1290648e-03	 7.95e-01 Accepted	 419	 1724	
112	 5.4269280e-01	 +1.7725053e-03 -2.1615614e-03	 9.38e-01 Accepted	 416	 1777	
113	 5.4314968e-01	 +4.1266659e-03 -7.7417275e-03	 1.73e+00 Accepted	 430	 1810	
114	 5.4300591e-01	 +1.3287468e-03 -3.0763083e-03	 1.13e+00 Accepted	 428	 1748	
115	 5.4267256e-01	 +1.6870762e-03 -1.8738749e-03	 7.91e-01 Accepted	 420	 1790	
116	 5.4267256e-01	 +1.6870762e-03 -1.8738749e-03	 5.56e-01 Rejected	 430	 1776	
117	 5.4277043e-01	 +6.2585152e-03 -2.6067681e-03	 7.40e-01 Accepted	 424	 1774	
# Starting_type: CheckpointStart
# Trajectory_length / Number_of_MD_steps: 1 / 7
# 	 Plaquette	 Polyakov_Loop(re,im)	 Acc._Probability	 runtime_per_traj(s)	 CG_iterations	
117	 5.4277043e-01	 +6.2585152e-03 -2.6067681e-03	 7.40e-01 Accepted	 440	 1774	
118	 5.4271978e-01	 +1.8451964e-03 -2.8831113e-03	 1.13e+00 Accepted	 421	 1741	
119	 5.4285767e-01	 +2.0885078e-03 -2.8505521e-03	 1.39e+00 Accepted	 415	 1715	
120	 5.4254731e-01	 +3.5997969e-03 -1.4510744e-03	 1.22e+00 Accepted	 414	 1754	
121	 5.4265536e-01	 +4.1909438e-03 -2.1593511e-03	 9.93e-01 Accepted	 420	 1793	
122	 5.4230113e-01	 +3.8062449e-03 -6.9910567e-04	 1.34e+00 Accepted	 428	 1788	
123	 5.4246776e-01	 +3.1838728e-03 -2.4092903e-03	 1.13e+00 Accepted	 428	 1780	
124	 5.4266489e-01	 +3.3779417e-03 -1.0291136e-03	 1.92e+00 Accepted	 423	 1781	
125	 5.4243081e-01	 +2.9192070e-03 -3.0332637e-03	 6.19e-01 Accepted	 427	 1815	
126	 5.4262880e-01	 +3.0330696e-03 -1.7590266e-03	 9.63e-01 Accepted	 430	 1742	
127	 5.4262880e-01	 +3.0330696e-03 -1.7590266e-03	 5.35e-01 Rejected	 415	 1721	
128	 5.4315482e-01	 +4.9477715e-03 -1.5458424e-03	 1.04e+00 Accepted	 423	 1780	
129	 5.4337409e-01	 +4.1130136e-03 +1.3806766e-04	 1.29e+00 Accepted	 418	 1732	
130	 5.4357712e-01	 +5.1474302e-03 -5.4085431e-04	 1.45e+00 Accepted	 415	 1730	
131	 5.4339732e-01	 +3.4421517e-03 -4.8854412e-03	 5.61e-01 Accepted	 412	 1727	
132	 5.4342106e-01	 +2.7508545e-03 +1.5186179e-03	 9.27e-01 Accepted	 417	 1720	
133	 5.4337441e-01	 +4.6390407e-03 -2.9161624e-03	 1.08e+00 Accepted	 414	 1732	
134	 5.4319807e-01	 +4.9520408e-03 +5.0442104e-05	 6.97e-01 Accepted	 412	 1721	
135	 5.4302833e-01	 +3.0557150e-03 +1.3906024e-03	 9.34e-01 Accepted	 408	 1697	
136	 5.4289171e-01	 +4.1094411e-03 -1.7217037e-03	 7.53e-01 Accepted	 413	 1746	
137	 5.4291996e-01	 +2.5465107e-03 -2.1080716e-04	 1.58e+00 Accepted	 417	 1771	
138	 5.4307230e-01	 +5.9551312e-03 -2.9265805e-03	 9.10e-01 Accepted	 423	 1746	
139	 5.4338387e-01	 +4.7615972e-03 -4.2500046e-03	 1.23e+00 Accepted	 418	 1782	
140	 5.4339409e-01	 +2.0100898e-03 -2.3670159e-03	 1.07e+00 Accepted	 426	 1761	
141	 5.4316012e-01	 +5.7767403e-03 +2.1265563e-05	 9.56e-01 Accepted	 420	 1737	
142	 5.4331146e-01	 +3.9270257e-03 +3.0557787e-04	 1.20e+00 Accepted	 420	 1796	
143	 5.4319939e-01	 +5.5230744e-03 -3.5909032e-04	 9.85e-01 Accepted	 424	 1731	
144	 5.4277643e-01	 +4.5704014e-03 -4.9866419e-04	 9.82e-01 Accepted	 415	 1754	
145	 5.4253932e-01	 +3.5407093e-03 +1.2367093e-03	 5.09e-01 Accepted	 419	 1793	
146	 5.4235269e-01	 +2.0932315e-03 +8.3996057e-04	 6.76e-01 Accepted	 420	 1739	
147	 5.4239022e-01	 +6.6927850e-04 -2.3566360e-03	 6.88e-01 Accepted	 419	 1747	
148	 5.4239022e-01	 +6.6927850e-04 -2.3566360e-03	 8.22e-01 Rejected	 419	 1736	
149	 5.4261508e-01	 +4.0928354e-03 -3.7190309e-04	 1.13e+00 Accepted	 417	 1723	
150	 5.4237652e-01	 +1.7006672e-03 +3.5108072e-04	 9.74e-01 Accepted	 414	 1760	
151	 5.4251082e-01	 +1.6441996e-03 +1.5755773e-03	 1.01e+00 Accepted	 416	 1731	
152	 5.4222343e-01	 +6.4997378e-04 -7.1751804e-04	 9.71e-01 Accepted	 413	 1739	
153	 5.4241381e-01	 +2.5512605e-03 -7.3262919e-04	 1.06e+00 Accepted	 417	 1730	
154	 5.4273329e-01	 -1.8094512e-03 +1.2032920e-03	 1.11e+00 Accepted	 416	 1725	
155	 5.4237827e-01	 +8.1025962e-04 -1.4115405e-03	 7.04e-01 Accepted	 415	 1730	
156	 5.4189694e-01	 -2.7196789e-03 +9.5453937e-05	 7.00e-01 Accepted	 419	 1746	
157	 5.4202644e-01	 +2.7686396e-03 +1.5547325e-03	 9.70e-01 Accepted	 415	 1761	
158	 5.4210558e-01	 +1.6530373e-03 -2.3764121e-03	 8.50e-01 Accepted	 419	 1776	
159	 5.4221878e-01	 -7.3621264e-04 -4.1588774e-05	 1.19e+00 Accepted	 423	 1740	
160	 5.4200342e-01	 +3.3969561e-03 -2.2610197e-03	 8.15e-01 Accepted	 421	 1781	
161	 5.4250624e-01	 +3.3675098e-03 -2.4771841e-03	 1.02e+00 Accepted	 423	 1783	
162	 5.4264496e-01	 +1.6064018e-03 -1.1551872e-03	 1.39e+00 Accepted	 425	 1741	
163	 5.4264496e-01	 +1.6064018e-03 -1.1551872e-03	 6.87e-01 Rejected	 423	 1750	
164	 5.4252383e-01	 +2.1659360e-03 +8.2383348e-04	 9.09e-01 Accepted	 417	 1724	
165	 5.4247207e-01	 +1.3195793e-03 -1.8927286e-03	 9.95e-01 Accepted	 414	 1701	
166	 5.4226441e-01	 +3.2956129e-03 +2.9052543e-03	 9.03e-01 Accepted	 415	 1765	
167	 5.4280297e-01	 +2.4067477e-03 +4.6969436e-03	 1.67e+00 Accepted	 419	 1728	
168	 5.4210636e-01	 +2.0264256e-03 +2.1803968e-03	 8.09e-01 Accepted	 419	 1772	
169	 5.4227490e-01	 +2.9193273e-03 -6.1077027e-05	 1.11e+00 Accepted	 419	 1798	
170	 5.4200765e-01	 +1.4522823e-03 +3.7907577e-03	 5.73e-01 Accepted	 423	 1750	
171	 5.4164964e-01	 +1.8759142e-03 +1.4703766e-03	 7.06e-01 Accepted	 421	 1748	
172	 5.4171392e-01	 +2.6157635e-03 +8.3386146e-04	 6.75e-01 Accepted	 420	 1746	
173	 5.4211300e-01	 -3.5505461e-04 +1.1398777e-03	 9.61e-01 Accepted	 423	 1771	
174	 5.4241119e-01	 +1.9518043e-03 -1.7316404e-03	 7.88e-01 Accepted	 419	 1709	
175	 5.4206224e-01	 +4.3865330e-03 +1.7413141e-04	 7.91e-01 Accepted	 414	 1745	
176	 5.4167396e-01	 +1.1200699e-03 +4.2640402e-05	 9.69e-01 Accepted	 419	 1769	
177	 5.4224979e-01	 +5.6355020e-04 -4.8360380e-04	 9.43e-01 Accepted	 418	 1713	
178	 5.4226273e-01	 +2.3029857e-03 -4.1286751e-04	 9.07e-01 Accepted	 414	 1725	
179	 5.4256053e-01	 -6.8488324e-04 -2.6442571e-04	 1.01e+00 Accepted	 419	 1753	
180	 5.4256053e-01	 -6.8488324e-04 -2.6442571e-04	 8.25e-01 Rejected	 425	 1774	
181	 5.4237372e-01	 +3.8589573e-03 -1.7360312e-03	 6.66e-01 Accepted	 425	 1800	
182	 5.4208221e-01	 -7.4441677e-05 +3.0624087e-03	 8.22e-01 Accepted	 428	 1773	
183	 5.4225040e-01	 +7.7794436e-04 -1.9658778e-03	 1.42e+00 Accepted	 426	 1779	
184	 5.4216360e-01	 +3.0823963e-03 -4.1992284e-05	 1.30e+00 Accepted	 425	 1769	
185	 5.4211364e-01	 +3.2623563e-03 -1.7562853e-03	 1.17e+00 Accepted	 419	 1761	
186	 5.4218804e-01	 +9.1076995e-04 -7.7371791e-04	 1.11e+00 Accepted	 426	 1760	
187	 5.4240286e-01	 +1.3285802e-03 +1.5679329e-04	 9.86e-01 Accepted	 422	 1792	
188	 5.4241266e-01	 +5.5234410e-03 +3.0562187e-03	 1.04e+00 Accepted	 423	 1805	
189	 5.4238939e-01	 +1.0182193e-03 -5.1430741e-04	 1.05e+00 Accepted	 425	 1762	
190	 5.4239608e-01	 +3.1315382e-03 +7.6180401e-04	 1.05e+00 Accepted	 416	 1712	
191	 5.4229071e-01	 +2.6009345e-03 -7.5979954e-04	 1.01e+00 Accepted	 416	 1772	
192	 5.4225351e-01	 -4.5223651e-04 -2.9252435e-03	 7.55e-01 Accepted	 425	 1782	
193	 5.4206671e-01	 +4.9394235e-04 -1.7887381e-03	 1.05e+00 Accepted	 420	 1746	
194	 5.4248756e-01	 +2.1548961e-03 -4.3647253e-03	 1.15e+00 Accepted	 419	 1794	
195	 5.4262014e-01	 +2.9012781e-03 -7.7338608e-05	 1.08e+00 Accepted	 423	 1765	
196	 5.4288211e-01	 +1.6315051e-03 -5.4700983e-05	 8.95e-01 Accepted	 420	 1762	
197	 5.4294036e-01	 +1.1204330e-03 -1.1798190e-03	 1.36e+00 Accepted	 421	 1754	
198	 5.4288959e-01	 +2.9358953e-03 -2.4386141e-04	 1.20e+00 Accepted	 420	 1772	
199	 5.4288959e-01	 +2.9358953e-03 -2.4386141e-04	 7.77e-01 Rejected	 422	 1757	
200	 5.4290513e-01	 -2.2042965e-03 -1.1960536e-03	 1.10e+00 Accepted	 425	 1775	
201	 5.4266260e-01	 +5.8853782e-04 +1.5508955e-04	 9.41e-01 Accepted	 423	 1760	
202	 5.4265700e-01	 -3.1398301e-03 +8.6458180e-04	 1.07e+00 Accepted	 424	 1769	
203	 5.4324264e-01	 +3.2938043e-03 +2.0496003e-03	 1.70e+00 Accepted	 419	 1763	
204	 5.4296226e-01	 +1.0619682e-03 -3.3536626e-03	 7.34e-01 Accepted	 418	 1757	
205	 5.4242349e-01	 +2.1590562e-03 +2.5402530e-03	 1.09e+00 Accepted	 424	 1760	
206	 5.4227428e-01	 +2.6110990e-03 -1.6813176e-03	 1.27e+00 Accepted	 418	 1733	
207	 5.4219778e-01	 +1.3890590e-03 +8.7315827e-04	 5.82e-01 Accepted	 418	 1775	
208	 5.4213642e-01	 +2.9214953e-03 -1.1509063e-03	 1.11e+00 Accepted	 420	 1788	
209	 5.4237284e-01	 +2.2047735e-03 +1.3410108e-03	 8.77e-01 Accepted	 420	 1760	
210	 5.4258820e-01	 +5.1199218e-04 -5.1710912e-04	 1.16e+00 Accepted	 423	 1809	
211	 5.4267000e-01	 +2.4112656e-03 -1.8212705e-03	 1.50e+00 Accepted	 428	 1795	
212	 5.4210126e-01	 +4.0337864e-03 -5.8729743e-04	 8.59e-01 Accepted	 426	 1775	
213	 5.4205037e-01	 +9.8339273e-04 -1.8278246e-03	 9.75e-01 Accepted	 422	 1764	
214	 5.4196399e-01	 +1.6456729e-03 -3.3710796e-03	 8.40e-01 Accepted	 420	 1754	
215	 5.4230433e-01	 +9.6277041e-04 +2.6684104e-04	 1.33e+00 Accepted	 416	 1751	
216	 5.4230433e-01	 +9.6277041e-04 +2.6684104e-04	 5.34e-01 Rejected	 417	 1721	
217	 5.4236933e-01	 +2.9392892e-04 +3.6618879e-04	 8.98e-01 Accepted	 417	 1737	
218	 5.4237958e-01	 +2.8890909e-03 +8.1420703e-05	 7.11e-01 Accepted	 415	 1741	
# Starting_type: CheckpointStart
# Trajectory_length / Number_of_MD_steps: 1 / 7
# 	 Plaquette	 Polyakov_Loop(re,im)	 Acc._Probability	 runtime_per_traj(s)	 CG_iterations	
219	 5.4228749e-01	 -2.0829401e-03 -1.8609321e-03	 1.04e+00 Accepted	 430	 1746	
220	 5.4215412e-01	 +1.2213473e-03 -1.4913786e-05	 8.20e-01 Accepted	 421	 1783	
221	 5.4240219e-01	 +4.2479469e-03 -3.3696001e-04	 1.23e+00 Accepted	 427	 1774	
222	 5.4231465e-01	 +4.3032109e-03 -8.0650959e-04	 1.58e+00 Accepted	 424	 1756	
223	 5.4223972e-01	 +2.9111427e-03 -1.1766653e-03	 1.25e+00 Accepted	 426	 1788	
224	 5.4245856e-01	 +5.5764276e-03 +1.9853740e-03	 9.79e-01 Accepted	 425	 1750	
225	 5.4228626e-01	 +3.3412198e-04 +7.7074155e-04	 6.92e-01 Accepted	 422	 1725	
226	 5.4225461e-01	 +8.0930558e-03 -7.4653294e-04	 8.69e-01 Accepted	 426	 1834	
227	 5.4243045e-01	 +1.8349120e-03 -3.2370604e-04	 8.22e-01 Accepted	 437	 1773	
228	 5.4259402e-01	 +1.5342103e-03 -7.5307085e-04	 2.05e+00 Accepted	 430	 1799	
229	 5.4284297e-01	 +4.0520724e-03 +1.7612073e-03	 8.23e-01 Accepted	 429	 1724	
230	 5.4269398e-01	 +3.7954677e-03 -1.6703564e-03	 6.59e-01 Accepted	 417	 1717	
231	 5.4249478e-01	 +3.6433548e-03 -2.3682123e-03	 1.07e+00 Accepted	 419	 1738	
232	 5.4249478e-01	 +3.6433548e-03 -2.3682123e-03	 5.55e-01 Rejected	 429	 1797	
233	 5.4249478e-01	 +3.6433548e-03 -2.3682123e-03	 8.52e-01 Rejected	 424	 1741	
234	 5.4263967e-01	 +1.7616040e-03 -1.3734296e-03	 1.07e+00 Accepted	 421	 1739	
235	 5.4271485e-01	 +5.5100622e-03 -2.9959046e-03	 7.35e-01 Accepted	 425	 1732	
236	 5.4271485e-01	 +5.5100622e-03 -2.9959046e-03	 8.36e-01 Rejected	 428	 1784	
237	 5.4250131e-01	 +3.7659015e-03 -1.4907406e-03	 1.10e+00 Accepted	 420	 1756	
238	 5.4294909e-01	 +1.4251039e-03 -1.5103608e-03	 1.43e+00 Accepted	 420	 1704	
239	 5.4294909e-01	 +1.4251039e-03 -1.5103608e-03	 5.19e-01 Rejected	 418	 1739	
240	 5.4294909e-01	 +1.4251039e-03 -1.5103608e-03	 4.15e-01 Rejected	 420	 1726	
241	 5.4323619e-01	 +3.3837104e-03 -3.9121202e-03	 9.92e-01 Accepted	 413	 1717	
242	 5.4345314e-01	 +5.8876525e-04 -1.9393524e-04	 8.93e-01 Accepted	 418	 1720	
243	 5.4338714e-01	 -2.2496859e-04 +3.1792927e-03	 1.14e+00 Accepted	 415	 1745	
244	 5.4327914e-01	 +4.4941080e-03 +3.1373515e-03	 1.35e+00 Accepted	 422	 1722	
245	 5.4328392e-01	 +2.9663087e-03 +1.4538552e-03	 1.40e+00 Accepted	 416	 1705	
246	 5.4288411e-01	 +4.1083779e-03 -2.0601920e-03	 7.58e-01 Accepted	 417	 1726	
247	 5.4284628e-01	 +4.5583980e-03 -1.4542965e-03	 7.83e-01 Accepted	 423	 1749	
248	 5.4272563e-01	 +1.2111957e-04 +1.2987418e-03	 9.34e-01 Accepted	 423	 1775	
249	 5.4272563e-01	 +1.2111957e-04 +1.2987418e-03	 5.98e-01 Rejected	 425	 1768	
250	 5.4315528e-01	 +4.8260104e-03 +2.0911457e-03	 9.48e-01 Accepted	 419	 1723	
251	 5.4315079e-01	 +2.0943830e-03 +2.0249775e-03	 9.75e-01 Accepted	 412	 1697	
252	 5.4298533e-01	 +4.5043814e-03 +1.7158161e-03	 9.33e-01 Accepted	 411	 1683	
253	 5.4302819e-01	 +2.6323892e-03 -2.7830409e-04	 1.05e+00 Accepted	 414	 1699	
254	 5.4302819e-01	 +2.6323892e-03 -2.7830409e-04	 4.82e-01 Rejected	 419	 1745	
255	 5.4321518e-01	 +3.2303219e-03 +1.4358867e-03	 1.08e+00 Accepted	 417	 1786	
256	 5.4286706e-01	 +1.2553408e-03 -1.8403425e-03	 8.72e-01 Accepted	 432	 1769	
257	 5.4286706e-01	 +1.2553408e-03 -1.8403425e-03	 7.67e-01 Rejected	 424	 1757	
258	 5.4232305e-01	 -2.7179481e-03 +1.5602056e-03	 6.17e-01 Accepted	 429	 1766	
259	 5.4242175e-01	 -8.0108444e-04 -2.8270186e-03	 1.03e+00 Accepted	 422	 1750	
260	 5.4237204e-01	 +3.4429768e-04 +8.2703441e-04	 1.09e+00 Accepted	 422	 1734	
261	 5.4225737e-01	 +1.6460064e-03 +2.9080868e-03	 1.03e+00 Accepted	 422	 1737	
262	 5.4243138e-01	 -5.0614171e-04 -3.0757557e-03	 1.26e+00 Accepted	 421	 1744	
263	 5.4260055e-01	 +9.2146415e-04 +9.3181395e-04	 9.70e-01 Accepted	 420	 1731	
264	 5.4216471e-01	 +1.4163892e-04 +6.8197087e-04	 8.75e-01 Accepted	 417	 1739	
265	 5.4177966e-01	 +1.5751062e-03 -3.6648264e-03	 6.05e-01 Accepted	 421	 1779	
266	 5.4199403e-01	 +1.0938434e-03 -8.7481361e-04	 7.44e-01 Accepted	 422	 1734	
267	 5.4208764e-01	 -1.0860075e-03 +1.1219393e-03	 8.27e-01 Accepted	 421	 1752	
268	 5.4202359e-01	 +5.7428875e-04 -2.0939895e-03	 1.21e+00 Accepted	 424	 1738	
269	 5.4221743e-01	 +1.9858368e-04 +2.6069284e-03	 9.70e-01 Accepted	 423	 1784	
270	 5.4168980e-01	 +2.3372754e-03 -2.0066926e-03	 6.21e-01 Accepted	 434	 1804	
271	 5.4177020e-01	 +3.7378592e-04 +4.1510672e-04	 8.81e-01 Accepted	 436	 1802	
272	 5.4191828e-01	 +1.8073135e-03 +1.3707528e-03	 8.26e-01 Accepted	 435	 1779	
273	 5.4175822e-01	 +2.8193291e-03 +2.5020414e-03	 8.47e-01 Accepted	 432	 1792	
274	 5.4181841e-01	 +1.3028317e-03 -2.6885260e-04	 1.04e+00 Accepted	 427	 1744	
275	 5.4232261e-01	 +2.9386153e-03 +4.4865026e-04	 7.49e-01 Accepted	 425	 1770	
276	 5.4232261e-01	 +2.9386153e-03 +4.4865026e-04	 8.63e-01 Rejected	 430	 1741	
277	 5.4296474e-01	 -1.8368878e-03 -2.0948795e-03	 1.24e+00 Accepted	 435	 1795	
278	 5.4235200e-01	 -9.3600702e-04 +4.2613891e-04	 7.66e-01 Accepted	 431	 1727	
279	 5.4223568e-01	 -1.1972157e-03 -8.0846360e-04	 7.23e-01 Accepted	 424	 1764	
280	 5.4223568e-01	 -1.1972157e-03 -8.0846360e-04	 6.70e-01 Rejected	 424	 1746	
281	 5.4209283e-01	 +1.5621994e-04 -4.9228295e-04	 8.11e-01 Accepted	 430	 1776	
282	 5.4197819e-01	 +2.7936774e-03 +1.4644721e-04	 1.21e+00 Accepted	 433	 1772	
283	 5.4200093e-01	 +3.7111047e-03 -1.0527406e-03	 8.00e-01 Accepted	 430	 1783	
284	 5.4198529e-01	 -6.4979171e-04 -1.5402669e-04	 6.21e-01 Accepted	 428	 1750	
285	 5.4239427e-01	 -4.1809760e-04 +2.1648349e-03	 1.17e+00 Accepted	 423	 1745	
286	 5.4237717e-01	 +2.9064830e-03 -1.3693939e-03	 1.10e+00 Accepted	 422	 1744	
287	 5.4230868e-01	 +3.6117271e-03 -1.9878732e-03	 8.84e-01 Accepted	 423	 1734	
288	 5.4206755e-01	 +2.9668821e-03 +1.2154329e-03	 6.75e-01 Accepted	 422	 1738	
289	 5.4179715e-01	 +1.5468912e-03 +2.1073674e-04	 9.60e-01 Accepted	 425	 1781	
290	 5.4217918e-01	 +2.2806489e-03 +2.0435144e-03	 1.40e+00 Accepted	 426	 1734	
291	 5.4241970e-01	 +2.6140319e-03 +7.5959307e-04	 9.42e-01 Accepted	 417	 1757	
292	 5.4233228e-01	 +1.8052695e-03 -1.1074637e-03	 5.93e-01 Accepted	 423	 1792	
293	 5.4218296e-01	 -6.0054949e-05 -4.7598956e-04	 8.40e-01 Accepted	 433	 1767	
294	 5.4215268e-01	 +4.2744458e-03 +1.5307801e-04	 1.18e+00 Accepted	 429	 1758	
295	 5.4198649e-01	 +1.1820758e-03 -1.8576944e-03	 9.10e-01 Accepted	 426	 1749	
296	 5.4208298e-01	 +3.2012936e-03 +1.5829126e-03	 1.16e+00 Accepted	 425	 1720	
297	 5.4184431e-01	 +1.4949516e-03 +1.1043833e-03	 5.89e-01 Accepted	 427	 1851	
298	 5.4236659e-01	 +2.5129304e-03 +1.8091988e-03	 9.41e-01 Accepted	 437	 1723	
299	 5.4209426e-01	 +1.5414086e-03 +1.6984811e-03	 1.01e+00 Accepted	 424	 1738	
300	 5.4238594e-01	 -8.8785668e-04 -1.5439778e-03	 1.14e+00 Accepted	 426	 1734	
301	 5.4256492e-01	 -1.0777721e-03 +2.5646168e-03	 1.72e+00 Accepted	 418	 1713	
302	 5.4255677e-01	 +1.5006026e-03 +2.8278621e-04	 1.30e+00 Accepted	 416	 1716	
303	 5.4286704e-01	 +6.5022263e-04 +4.5952595e-04	 1.47e+00 Accepted	 418	 1735	
304	 5.4286338e-01	 +1.0358229e-03 +2.7183192e-03	 7.15e-01 Accepted	 421	 1725	
305	 5.4256453e-01	 +9.2055669e-04 -4.7156629e-04	 7.02e-01 Accepted	 421	 1750	
306	 5.4238241e-01	 -8.2181404e-04 -2.1220302e-04	 7.47e-01 Accepted	 427	 1732	
307	 5.4250514e-01	 +1.9101994e-03 -7.1167625e-04	 9.88e-01 Accepted	 422	 1730	
308	 5.4256942e-01	 -4.7208269e-04 -1.4802589e-03	 7.43e-01 Accepted	 424	 1798	
309	 5.4256942e-01	 -4.7208269e-04 -1.4802589e-03	 3.25e-01 Rejected	 427	 1759	
310	 5.4290073e-01	 -2.3056970e-03 -5.9836430e-04	 1.59e+00 Accepted	 431	 1764	
311	 5.4326667e-01	 -5.3850491e-04 -1.8573606e-03	 6.01e-01 Accepted	 423	 1758	
312	 5.4326667e-01	 -5.3850491e-04 -1.8573606e-03	 8.66e-01 Rejected	 419	 1767	
313	 5.4283996e-01	 +9.0856649e-05 -3.9224384e-03	 5.80e-01 Accepted	 423	 1750	
314	 5.4283996e-01	 +9.0856649e-05 -3.9224384e-03	 6.70e-01 Rejected	 418	 1690	
315	 5.4234143e-01	 +1.1094580e-03 +2.3893838e-03	 5.10e-01 Accepted	 424	 1764	
316	 5.4218766e-01	 -2.2828143e-04 +1.6178445e-03	 8.97e-01 Accepted	 427	 1766	
317	 5.4218795e-01	 +7.5695057e-04 -2.9813361e-04	 8.66e-01 Accepted	 430	 1803	
318	 5.4229850e-01	 +4.1648724e-04 +9.5679144e-04	 1.20e+00 Accepted	 427	 1774	
319	 5.4230445e-01	 +1.0990389e-03 -1.0112904e-03	 6.92e-01 Accepted	 422	 1752	
# Starting_type: CheckpointStart
# Trajectory_length / Number_of_MD_steps: 1 / 7
# 	 Plaquette	 Polyakov_Loop(re,im)	 Acc._Probability	 runtime_per_traj(s)	 CG_iterations	
319	 5.4230445e-01	 +1.0990389e-03 -1.0112904e-03	 6.92e-01 Accepted	 435	 1752	
320	 5.4221772e-01	 +4.0575402e-03 -2.1072961e-04	 1.00e+00 Accepted	 425	 1801	
321	 5.4208781e-01	 +1.7121946e-03 -7.9460567e-04	 8.09e-01 Accepted	 429	 1730	
322	 5.4235856e-01	 -5.4171304e-04 -9.8171669e-04	 1.38e+00 Accepted	 419	 1738	
323	 5.4182661e-01	 +1.0906651e-03 -3.3506385e-03	 9.44e-01 Accepted	 421	 1787	
324	 5.4202183e-01	 +3.6655047e-03 -1.2966931e-03	 9.73e-01 Accepted	 426	 1773	
325	 5.4211748e-01	 +1.2605610e-03 -1.7353228e-03	 1.02e+00 Accepted	 422	 1757	
326	 5.4210216e-01	 +8.4100839e-04 +4.8634789e-04	 9.87e-01 Accepted	 416	 1725	
327	 5.4170076e-01	 +8.7055073e-04 +2.1507009e-03	 5.75e-01 Accepted	 414	 1750	
328	 5.4212234e-01	 +4.0896249e-03 -8.2271405e-04	 1.29e+00 Accepted	 422	 1754	
329	 5.4169947e-01	 -1.0684320e-03 -3.0837702e-03	 5.06e-01 Accepted	 420	 1731	
330	 5.4174804e-01	 -2.8611192e-04 -6.6053876e-04	 7.14e-01 Accepted	 415	 1731	
331	 5.4162205e-01	 +2.4828988e-03 -2.3113098e-03	 9.94e-01 Accepted	 418	 1752	
332	 5.4143695e-01	 -1.4447025e-04 +9.1226613e-04	 9.25e-01 Accepted	 416	 1741	
333	 5.4143695e-01	 -1.4447025e-04 +9.1226613e-04	 5.89e-01 Rejected	 419	 1739	
334	 5.4123763e-01	 +3.3107483e-03 +2.7561683e-04	 6.71e-01 Accepted	 420	 1756	
335	 5.4166925e-01	 +3.1705705e-03 +1.1456220e-03	 1.76e+00 Accepted	 424	 1763	
336	 5.4174100e-01	 +2.3392595e-03 +1.4494474e-03	 1.40e+00 Accepted	 424	 1792	
337	 5.4172425e-01	 +3.5152105e-03 -9.9233646e-04	 1.04e+00 Accepted	 425	 1769	
338	 5.4185917e-01	 +9.9495199e-04 -4.9965392e-04	 1.63e+00 Accepted	 422	 1742	
339	 5.4157054e-01	 +5.2515423e-03 +5.2935325e-04	 9.37e-01 Accepted	 421	 1759	
340	 5.4168069e-01	 +2.8481230e-03 -1.9687492e-03	 9.19e-01 Accepted	 426	 1775	
341	 5.4179244e-01	 +3.2893464e-03 +4.5954047e-04	 1.01e+00 Accepted	 429	 1825	
342	 5.4217256e-01	 +4.7036455e-03 -3.2101207e-03	 9.15e-01 Accepted	 430	 1787	
343	 5.4198955e-01	 +1.5299340e-03 -2.9613969e-03	 1.28e+00 Accepted	 427	 1794	
344	 5.4206878e-01	 +3.0869341e-03 +1.3718891e-03	 8.74e-01 Accepted	 425	 1771	
345	 5.4206878e-01	 +3.0869341e-03 +1.3718891e-03	 9.56e-01 Rejected	 425	 1743	
346	 5.4165636e-01	 +1.2368336e-03 -6.3732285e-04	 6.54e-01 Accepted	 424	 1769	
347	 5.4145887e-01	 +2.3451868e-03 +1.3046353e-03	 9.62e-01 Accepted	 423	 1760	
348	 5.4140542e-01	 +4.1316856e-04 -3.3352421e-03	 9.91e-01 Accepted	 426	 1772	
349	 5.4189858e-01	 +5.2646872e-03 -1.2112358e-03	 1.01e+00 Accepted	 424	 1776	
350	 5.4185421e-01	 +1.0376505e-03 -4.4541042e-04	 8.19e-01 Accepted	 424	 1728	
351	 5.4180190e-01	 +2.5632567e-03 -3.7237177e-03	 1.66e+00 Accepted	 420	 1759	
352	 5.4223213e-01	 +2.9099223e-03 +8.9511113e-04	 1.39e+00 Accepted	 424	 1748	
353	 5.4223213e-01	 +2.9099223e-03 +8.9511113e-04	 7.45e-01 Rejected	 419	 1785	
354	 5.4253659e-01	 +2.5574599e-03 -4.2604253e-03	 1.15e+00 Accepted	 418	 1727	
355	 5.4276948e-01	 +1.0230449e-03 -1.3220884e-03	 1.05e+00 Accepted	 419	 1738	
356	 5.4255289e-01	 +6.1207701e-03 +2.7484293e-04	 1.02e+00 Accepted	 422	 1775	
357	 5.4220308e-01	 +7.2986909e-04 +2.7609812e-04	 7.10e-01 Accepted	 424	 1787	
358	 5.4220308e-01	 +7.2986909e-04 +2.7609812e-04	 7.47e-01 Rejected	 425	 1778	
359	 5.4193079e-01	 +2.5518076e-03 -4.7307898e-04	 1.02e+00 Accepted	 423	 1737	
360	 5.4220744e-01	 +2.5153237e-03 +1.0109262e-03	 1.07e+00 Accepted	 421	 1751	
361	 5.4220744e-01	 +2.5153237e-03 +1.0109262e-03	 7.00e-01 Rejected	 424	 1765	
362	 5.4242572e-01	 +2.8261696e-03 -7.9159413e-04	 1.01e+00 Accepted	 423	 1775	
363	 5.4204684e-01	 +2.7477766e-03 +1.0056722e-03	 8.92e-01 Accepted	 423	 1755	
364	 5.4251307e-01	 +4.4909933e-03 +6.7968957e-04	 8.01e-01 Accepted	 416	 1713	
365	 5.4261032e-01	 +3.9640876e-03 -2.3326424e-03	 8.91e-01 Accepted	 414	 1764	
366	 5.4277237e-01	 +5.5736037e-03 +2.7628718e-04	 1.13e+00 Accepted	 420	 1728	
367	 5.4301951e-01	 +2.1054299e-03 -1.7328832e-04	 1.51e+00 Accepted	 412	 1765	
368	 5.4301951e-01	 +2.1054299e-03 -1.7328832e-04	 8.70e-01 Rejected	 423	 1775	
369	 5.4282515e-01	 +5.3130513e-03 +1.7791941e-03	 1.09e+00 Accepted	 423	 1768	
370	 5.4296158e-01	 +5.0082465e-03 -5.4124470e-04	 7.64e-01 Accepted	 422	 1764	
371	 5.4287968e-01	 +2.2584166e-03 -1.3724030e-03	 8.04e-01 Accepted	 424	 1719	
372	 5.4280913e-01	 +2.7006744e-03 -1.5971359e-03	 1.08e+00 Accepted	 417	 1757	
373	 5.4266682e-01	 +2.2124907e-03 +4.4243193e-04	 1.07e+00 Accepted	 417	 1750	
374	 5.4273069e-01	 +3.5093088e-03 +1.5787795e-03	 9.35e-01 Accepted	 420	 1754	
375	 5.4255517e-01	 +2.6130164e-03 +1.2900839e-03	 7.45e-01 Accepted	 421	 1734	
376	 5.4276757e-01	 +3.9838849e-03 +7.0933736e-04	 9.75e-01 Accepted	 421	 1788	
377	 5.4278274e-01	 +1.4946747e-03 +3.5528356e-03	 8.42e-01 Accepted	 425	 1762	
378	 5.4256118e-01	 +3.2683861e-03 -1.4220715e-04	 8.29e-01 Accepted	 422	 1767	
379	 5.4288774e-01	 +3.8019351e-03 -2.2111576e-03	 1.71e+00 Accepted	 422	 1775	
380	 5.4285907e-01	 +2.9450434e-03 -2.0925160e-03	 1.01e+00 Accepted	 426	 1754	
381	 5.4263853e-01	 +2.7726721e-03 +4.9172246e-04	 6.95e-01 Accepted	 421	 1743	
382	 5.4263539e-01	 +3.4729785e-03 -1.1492892e-04	 7.84e-01 Accepted	 414	 1718	
383	 5.4305506e-01	 +3.9607601e-03 +9.0500867e-04	 1.00e+00 Accepted	 412	 1755	
384	 5.4305506e-01	 +3.9607601e-03 +9.0500867e-04	 7.11e-01 Rejected	 417	 1776	
385	 5.4298199e-01	 -3.9881098e-04 +1.4052605e-03	 1.33e+00 Accepted	 418	 1733	
386	 5.4290877e-01	 +1.7341978e-03 +5.0446403e-04	 8.39e-01 Accepted	 424	 1736	
387	 5.4249260e-01	 +2.3559366e-03 -5.1512373e-04	 9.89e-01 Accepted	 420	 1747	
388	 5.4223168e-01	 +3.1462766e-03 +4.3109778e-04	 1.25e+00 Accepted	 419	 1764	
389	 5.4216914e-01	 +2.7093619e-03 +4.4405411e-04	 5.83e-01 Accepted	 422	 1773	
390	 5.4211931e-01	 +2.4122513e-03 -1.5935741e-03	 8.58e-01 Accepted	 422	 1759	
391	 5.4224970e-01	 +2.6517399e-03 -7.8848360e-04	 1.08e+00 Accepted	 421	 1771	
392	 5.4224717e-01	 +1.5411910e-03 +8.7225473e-05	 1.48e+00 Accepted	 421	 1728	
393	 5.4224717e-01	 +1.5411910e-03 +8.7225473e-05	 9.42e-01 Rejected	 417	 1756	
394	 5.4193411e-01	 +5.2809422e-03 -2.2621980e-04	 1.02e+00 Accepted	 416	 1709	
395	 5.4218649e-01	 +4.3737536e-03 +8.5550250e-05	 1.21e+00 Accepted	 415	 1743	
396	 5.4207066e-01	 -1.4855825e-04 +3.1953436e-03	 1.08e+00 Accepted	 421	 1713	
397	 5.4207066e-01	 -1.4855825e-04 +3.1953436e-03	 7.78e-01 Rejected	 417	 1760	
398	 5.4217855e-01	 +2.7685884e-04 +3.6395070e-03	 1.38e+00 Accepted	 413	 1719	
399	 5.4212092e-01	 +5.5339707e-03 +8.2244512e-05	 1.05e+00 Accepted	 411	 1718	
400	 5.4259328e-01	 +4.5371129e-03 -9.0437197e-04	 1.66e+00 Accepted	 428	 1861	
401	 5.4292796e-01	 +4.1766859e-03 -9.3741581e-04	 7.73e-01 Accepted	 427	 1756	
402	 5.4298427e-01	 +2.4575276e-03 -1.9742049e-03	 1.11e+00 Accepted	 424	 1779	
403	 5.4322335e-01	 +2.2978332e-03 +2.8981402e-04	 1.00e+00 Accepted	 427	 1778	
404	 5.4344081e-01	 +2.6515071e-03 +1.7175954e-03	 1.98e+00 Accepted	 431	 1776	
405	 5.4355792e-01	 +4.9261695e-03 +6.6941201e-04	 9.29e-01 Accepted	 421	 1693	
406	 5.4346258e-01	 +2.3327628e-03 -2.0391954e-03	 1.32e+00 Accepted	 415	 1757	
407	 5.4346258e-01	 +2.3327628e-03 -2.0391954e-03	 6.35e-01 Rejected	 415	 1735	
408	 5.4343010e-01	 +6.7303546e-03 -9.9148551e-04	 1.39e+00 Accepted	 418	 1722	
409	 5.4303484e-01	 +6.7776711e-03 -1.1473336e-03	 6.95e-01 Accepted	 422	 1765	
410	 5.4343163e-01	 +2.6171650e-03 -1.0724528e-03	 1.05e+00 Accepted	 427	 1742	
411	 5.4343163e-01	 +2.6171650e-03 -1.0724528e-03	 6.47e-01 Rejected	 417	 1701	
412	 5.4309115e-01	 +1.9618012e-03 -1.7081407e-03	 6.15e-01 Accepted	 425	 1768	
413	 5.4327427e-01	 +4.6293825e-03 -2.3461226e-03	 1.23e+00 Accepted	 419	 1726	
414	 5.4327427e-01	 +4.6293825e-03 -2.3461226e-03	 8.67e-01 Rejected	 421	 1753	
415	 5.4296628e-01	 +4.4094431e-03 -6.6253672e-04	 9.13e-01 Accepted	 413	 1729	
416	 5.4325510e-01	 +2.4718567e-03 +8.0477696e-04	 7.20e-01 Accepted	 417	 1765	
417	 5.4261781e-01	 +4.1327131e-03 +6.4328542e-04	 7.14e-01 Accepted	 425	 1772	
418	 5.4230263e-01	 +4.8850309e-03 -1.5500498e-04	 8.02e-01 Accepted	 422	 1735	
419	 5.4306228e-01	 +3.3354644e-03 -3.7828201e-04	 1.77e+00 Accepted	 415	 1742	
420	 5.4306228e-01	 +3.3354644e-03 -3.7828201e-04	 7.12e-01 Rejected	 419	 1741	
# Starting_type: CheckpointStart
# Trajectory_length / Number_of_MD_steps: 1 / 7
# 	 Plaquette	 Polyakov_Loop(re,im)	 Acc._Probability	 runtime_per_traj(s)	 CG_iterations	
421	 5.4306228e-01	 +3.3354644e-03 -3.7828201e-04	 8.38e-01 Rejected	 437	 1714	
422	 5.4295667e-01	 +6.4478149e-03 +5.4861802e-04	 7.49e-01 Accepted	 424	 1710	
423	 5.4335324e-01	 +4.3076845e-03 +1.9320542e-03	 1.48e+00 Accepted	 421	 1709	
424	 5.4335324e-01	 +4.3076845e-03 +1.9320542e-03	 6.93e-01 Rejected	 416	 1688	
425	 5.4306252e-01	 +2.3838799e-03 +2.0256565e-03	 7.62e-01 Accepted	 419	 1702	
426	 5.4312861e-01	 +2.1760914e-03 +4.4501930e-04	 1.18e+00 Accepted	 423	 1749	
427	 5.4312861e-01	 +2.1760914e-03 +4.4501930e-04	 8.51e-01 Rejected	 426	 1730	
428	 5.4291565e-01	 +3.7294628e-03 -9.0507869e-04	 6.44e-01 Accepted	 428	 1759	
429	 5.4239874e-01	 +3.8143564e-03 +9.2563214e-04	 1.24e+00 Accepted	 426	 1732	
430	 5.4213028e-01	 +1.9334598e-03 +4.2332502e-04	 1.13e+00 Accepted	 420	 1717	
431	 5.4204123e-01	 +3.9822447e-03 +2.6991571e-03	 1.13e+00 Accepted	 424	 1755	
432	 5.4260840e-01	 +3.6900657e-03 +4.5880592e-04	 1.63e+00 Accepted	 428	 1739	
433	 5.4290906e-01	 +3.6670963e-03 -8.0332863e-04	 1.15e+00 Accepted	 430	 1792	
434	 5.4221374e-01	 +4.5257477e-03 +8.3397646e-04	 6.96e-01 Accepted	 432	 1767	
435	 5.4240122e-01	 +4.3562360e-03 -2.0499427e-03	 8.75e-01 Accepted	 431	 1798	
436	 5.4238023e-01	 +3.8283719e-04 +1.6957058e-03	 7.61e-01 Accepted	 433	 1768	
437	 5.4261911e-01	 +3.8932327e-03 -2.0207895e-03	 1.01e+00 Accepted	 434	 1791	
438	 5.4295593e-01	 +2.4240960e-03 -2.5558281e-04	 1.21e+00 Accepted	 434	 1731	
439	 5.4288120e-01	 +2.1451929e-03 +2.4874108e-03	 1.01e+00 Accepted	 429	 1738	
440	 5.4289263e-01	 +1.0730233e-03 -2.0780040e-03	 1.30e+00 Accepted	 426	 1746	
441	 5.4293125e-01	 +2.3647206e-04 +1.9481247e-03	 1.37e+00 Accepted	 429	 1761	
442	 5.4293125e-01	 +2.3647206e-04 +1.9481247e-03	 5.83e-01 Rejected	 432	 1762	
443	 5.4272938e-01	 +1.4441667e-03 -1.5103812e-04	 9.68e-01 Accepted	 432	 1789	
444	 5.4299587e-01	 +2.6758442e-03 -1.0979009e-03	 6.80e-01 Accepted	 435	 1777	
445	 5.4315438e-01	 +3.5381970e-03 +1.4498014e-03	 1.24e+00 Accepted	 433	 1756	
446	 5.4315438e-01	 +3.5381970e-03 +1.4498014e-03	 6.35e-01 Rejected	 429	 1772	
447	 5.4315438e-01	 +3.5381970e-03 +1.4498014e-03	 3.88e-01 Rejected	 434	 1766	
448	 5.4300921e-01	 +1.7568674e-03 -6.3328922e-04	 7.49e-01 Accepted	 431	 1734	
449	 5.4332428e-01	 +4.2399197e-03 +1.3370559e-03	 9.75e-01 Accepted	 425	 1747	
450	 5.4272436e-01	 +5.0030469e-03 +1.0020246e-03	 6.56e-01 Accepted	 429	 1743	
451	 5.4247935e-01	 +2.3455472e-03 +1.2756526e-03	 7.24e-01 Accepted	 430	 1774	
452	 5.4248134e-01	 +5.4168793e-03 +3.4159892e-03	 8.50e-01 Accepted	 431	 1783	
453	 5.4238670e-01	 +4.0944585e-03 -1.2770536e-03	 8.85e-01 Accepted	 432	 1751	
454	 5.4216403e-01	 +8.7900051e-04 +1.1359293e-03	 9.83e-01 Accepted	 432	 1764	
455	 5.4205660e-01	 +3.2321736e-03 +3.3187798e-03	 1.40e+00 Accepted	 430	 1746	
456	 5.4254145e-01	 +3.7934066e-03 +2.2561249e-03	 8.30e-01 Accepted	 432	 1778	
457	 5.4256410e-01	 +2.5717953e-03 +9.0601583e-04	 9.50e-01 Accepted	 429	 1744	
458	 5.4258644e-01	 +2.6459496e-03 -8.7164843e-04	 9.23e-01 Accepted	 433	 1781	
459	 5.4267035e-01	 -1.3817226e-04 +1.5998490e-03	 7.56e-01 Accepted	 433	 1728	
460	 5.4275407e-01	 +7.8170568e-04 +2.8877650e-03	 9.75e-01 Accepted	 425	 1729	
461	 5.4221006e-01	 +2.0244740e-03 -2.2904214e-03	 9.28e-01 Accepted	 425	 1724	
462	 5.4242373e-01	 +3.8349569e-03 -8.6632588e-05	 1.01e+00 Accepted	 429	 1769	
463	 5.4199065e-01	 +3.9922181e-03 +4.7022788e-04	 1.12e+00 Accepted	 434	 1744	
464	 5.4199065e-01	 +3.9922181e-03 +4.7022788e-04	 5.20e-01 Rejected	 427	 1740	
465	 5.4216654e-01	 +4.2199127e-03 +1.5346721e-03	 8.12e-01 Accepted	 433	 1768	
466	 5.4170568e-01	 +1.8296476e-03 -3.0276514e-03	 8.45e-01 Accepted	 436	 1793	
467	 5.4180165e-01	 +1.7171259e-03 +1.6592574e-03	 1.04e+00 Accepted	 435	 1772	
468	 5.4180165e-01	 +1.7171259e-03 +1.6592574e-03	 7.94e-01 Rejected	 435	 1797	
469	 5.4180165e-01	 +1.7171259e-03 +1.6592574e-03	 8.89e-01 Rejected	 437	 1781	
470	 5.4126954e-01	 +4.7719587e-03 -1.4559478e-03	 5.04e-01 Accepted	 434	 1779	
471	 5.4126954e-01	 +4.7719587e-03 -1.4559478e-03	 7.31e-01 Rejected	 437	 1797	
472	 5.4149495e-01	 +4.1354251e-03 +1.3338336e-03	 1.58e+00 Accepted	 437	 1753	
473	 5.4188821e-01	 -1.1992201e-03 -8.2503293e-04	 1.61e+00 Accepted	 428	 1745	
474	 5.4211683e-01	 +2.2850732e-03 +1.1372740e-03	 1.26e+00 Accepted	 428	 1766	
475	 5.4197756e-01	 +2.0690898e-03 +4.5088031e-04	 1.56e+00 Accepted	 431	 1737	
476	 5.4197756e-01	 +2.0690898e-03 +4.5088031e-04	 7.94e-01 Rejected	 428	 1741	
477	 5.4214790e-01	 +9.6018865e-04 +2.1392893e-03	 9.41e-01 Accepted	 426	 1751	
478	 5.4214790e-01	 +9.6018865e-04 +2.1392893e-03	 7.46e-01 Rejected	 434	 1806	
479	 5.4196973e-01	 +2.4213333e-03 +8.3824952e-04	 8.76e-01 Accepted	 431	 1741	
480	 5.4196443e-01	 +4.2846377e-04 +7.9293329e-04	 8.52e-01 Accepted	 429	 1761	
481	 5.4188006e-01	 -2.9959881e-04 +2.5656099e-04	 1.33e+00 Accepted	 429	 1750	
482	 5.4215331e-01	 -1.6893154e-03 +1.6481069e-03	 1.41e+00 Accepted	 428	 1757	
483	 5.4189289e-01	 +3.7631457e-03 -2.2064408e-04	 7.83e-01 Accepted	 428	 1771	
484	 5.4188222e-01	 -5.7773079e-04 +4.0784478e-05	 1.09e+00 Accepted	 431	 1772	
485	 5.4191008e-01	 -1.3408192e-03 -2.2326579e-04	 1.20e+00 Accepted	 431	 1738	
486	 5.4196758e-01	 +2.3002656e-03 +1.7003261e-03	 1.36e+00 Accepted	 430	 1803	
487	 5.4216775e-01	 +7.5233262e-04 +1.3212782e-03	 9.63e-01 Accepted	 437	 1780	
488	 5.4203588e-01	 +2.0958008e-03 -1.1731358e-03	 9.54e-01 Accepted	 434	 1773	
489	 5.4198797e-01	 +2.8171219e-03 +4.6452090e-04	 1.24e+00 Accepted	 439	 1816	
490	 5.4200323e-01	 +3.9398144e-03 +1.1869708e-03	 8.60e-01 Accepted	 438	 1774	
491	 5.4194499e-01	 +5.2476319e-04 -3.6576227e-04	 1.68e+00 Accepted	 429	 1753	
492	 5.4194499e-01	 +5.2476319e-04 -3.6576227e-04	 3.90e-01 Rejected	 430	 1766	
493	 5.4188997e-01	 +8.5293779e-04 -2.2571857e-03	 8.61e-01 Accepted	 430	 1744	
494	 5.4274813e-01	 +2.6759789e-03 -1.0267421e-03	 2.00e+00 Accepted	 429	 1738	
495	 5.4201720e-01	 +1.2734771e-03 +1.1491468e-04	 5.75e-01 Accepted	 425	 1746	
496	 5.4177416e-01	 +1.3696147e-03 +3.1162860e-04	 7.93e-01 Accepted	 429	 1772	
497	 5.4194309e-01	 +2.6295799e-03 +8.6130644e-04	 1.67e+00 Accepted	 428	 1748	
498	 5.4165954e-01	 +1.4348033e-03 +7.9963516e-04	 1.27e+00 Accepted	 427	 1759	
499	 5.4214530e-01	 +1.9488395e-03 +2.2001271e-03	 1.24e+00 Accepted	 425	 1723	
500	 5.4218114e-01	 -5.8020238e-04 -1.4009799e-04	 1.16e+00 Accepted	 428	 1768	
501	 5.4186560e-01	 +1.3732351e-03 +5.1187825e-04	 9.79e-01 Accepted	 432	 1769	
502	 5.4221516e-01	 -1.1875270e-06 +3.1984920e-03	 1.11e+00 Accepted	 431	 1754	
503	 5.4230386e-01	 +2.3302955e-03 +9.0189682e-04	 1.02e+00 Accepted	 430	 1757	
504	 5.4230768e-01	 +2.1028835e-03 +8.0608444e-04	 6.29e-01 Accepted	 435	 1789	
505	 5.4229372e-01	 +1.9975293e-03 +6.3154173e-04	 7.19e-01 Accepted	 436	 1755	
506	 5.4209416e-01	 +3.0134070e-04 -1.9116073e-03	 1.22e+00 Accepted	 432	 1770	
507	 5.4244749e-01	 +2.6937074e-04 +1.1521580e-05	 9.15e-01 Accepted	 432	 1775	
508	 5.4244749e-01	 +2.6937074e-04 +1.1521580e-05	 8.49e-01 Rejected	 435	 1784	
509	 5.4204109e-01	 +1.9739945e-03 -1.3646144e-03	 9.20e-01 Accepted	 436	 1792	
510	 5.4191761e-01	 +1.7556523e-03 -4.9640130e-04	 7.65e-01 Accepted	 434	 1745	
511	 5.4184427e-01	 -1.2938576e-03 -4.7120890e-03	 1.06e+00 Accepted	 431	 1793	
512	 5.4190563e-01	 +3.0009384e-03 -1.1841487e-03	 9.03e-01 Accepted	 438	 1805	
513	 5.4167123e-01	 +1.3799510e-03 +2.8998635e-03	 1.20e+00 Accepted	 436	 1788	
514	 5.4177465e-01	 +1.6629170e-03 +1.0440919e-03	 1.21e+00 Accepted	 437	 1783	
515	 5.4156356e-01	 -1.5005245e-03 -1.4340985e-03	 1.09e+00 Accepted	 436	 1765	
516	 5.4173270e-01	 +5.7497302e-04 -1.0036836e-03	 1.02e+00 Accepted	 431	 1789	
517	 5.4185720e-01	 -3.1444789e-04 +1.6831899e-03	 1.15e+00 Accepted	 434	 1795	
518	 5.4199758e-01	 +1.2247683e-03 -4.5125620e-04	 1.00e+00 Accepted	 435	 1753	
519	 5.4176150e-01	 +1.0135393e-03 +1.6436118e-03	 7.04e-01 Accepted	 423	 1726	
520	 5.4186952e-01	 +1.6040615e-03 +5.3590171e-04	 1.18e+00 Accepted	 423	 1719	
# Starting_type: CheckpointStart
# Trajectory_length / Number_of_MD_steps: 1 / 7
# 	 Plaquette	 Polyakov_Loop(re,im)	 Acc._Probability	 runtime_per_traj(s)	 CG_iterations	
521	 5.4186683e-01	 +2.9102537e-05 -5.3836483e-05	 1.24e+00 Accepted	 427	 1761	
522	 5.4164074e-01	 +7.9597149e-04 +1.1473708e-03	 1.10e+00 Accepted	 425	 1824	
523	 5.4164074e-01	 +7.9597149e-04 +1.1473708e-03	 8.74e-01 Rejected	 435	 1759	
524	 5.4225558e-01	 -2.8682586e-03 -2.8416106e-04	 1.89e+00 Accepted	 429	 1744	
525	 5.4222465e-01	 -1.1515834e-03 -3.8209448e-04	 1.32e+00 Accepted	 415	 1752	
526	 5.4234252e-01	 -6.7906710e-04 -2.8063840e-04	 6.46e-01 Accepted	 419	 1735	
527	 5.4205180e-01	 -6.9046384e-04 +5.2356022e-04	 1.01e+00 Accepted	 418	 1752	
528	 5.4245122e-01	 -4.8583624e-04 +1.4150442e-03	 1.26e+00 Accepted	 420	 1782	
529	 5.4249531e-01	 -2.0001612e-03 -1.7510644e-03	 1.36e+00 Accepted	 423	 1759	
530	 5.4233508e-01	 +1.7767249e-03 +2.6872831e-03	 8.21e-01 Accepted	 420	 1752	
531	 5.4229547e-01	 -1.7637848e-03 +5.0130124e-04	 1.26e+00 Accepted	 416	 1725	
532	 5.4238104e-01	 -1.3193077e-03 +2.2728319e-03	 1.03e+00 Accepted	 422	 1749	
533	 5.4235762e-01	 -2.8518220e-04 +1.3800339e-03	 7.88e-01 Accepted	 417	 1735	
534	 5.4251747e-01	 +2.6266795e-03 +7.3658052e-04	 7.19e-01 Accepted	 409	 1688	
535	 5.4177236e-01	 -1.1934411e-03 -1.2311382e-03	 6.46e-01 Accepted	 411	 1763	
536	 5.4184394e-01	 +1.7069357e-04 -2.7429986e-03	 1.36e+00 Accepted	 418	 1755	
537	 5.4212761e-01	 -2.2507660e-03 +2.4963735e-03	 1.05e+00 Accepted	 418	 1765	
538	 5.4176375e-01	 -4.8720877e-04 -2.2627625e-03	 1.01e+00 Accepted	 420	 1743	
539	 5.4201160e-01	 -2.3872604e-03 +3.0243521e-03	 1.70e+00 Accepted	 414	 1761	
540	 5.4190345e-01	 -9.8930373e-05 +1.5935615e-03	 1.22e+00 Accepted	 423	 1731	
541	 5.4218593e-01	 +1.7863816e-03 -9.8532004e-04	 1.29e+00 Accepted	 416	 1767	
542	 5.4172252e-01	 +5.0942117e-04 -3.0558825e-03	 6.34e-01 Accepted	 422	 1796	
543	 5.4231149e-01	 +7.6149765e-04 -8.9000003e-04	 2.12e+00 Accepted	 427	 1783	
544	 5.4244226e-01	 +1.9847905e-03 +8.6452920e-04	 8.51e-01 Accepted	 420	 1759	
545	 5.4244183e-01	 +7.8694787e-04 +7.5857829e-04	 1.39e+00 Accepted	 419	 1801	
546	 5.4244183e-01	 +7.8694787e-04 +7.5857829e-04	 6.88e-01 Rejected	 434	 1861	
547	 5.4215422e-01	 +3.6112568e-03 +3.0426695e-03	 6.07e-01 Accepted	 424	 1780	
548	 5.4227279e-01	 +2.8839461e-03 -2.9771565e-04	 1.24e+00 Accepted	 421	 1768	
549	 5.4202399e-01	 +1.2563458e-03 +1.1916817e-03	 9.24e-01 Accepted	 423	 1766	
550	 5.4260230e-01	 -7.4106271e-04 +2.2589766e-03	 1.36e+00 Accepted	 420	 1753	
551	 5.4214550e-01	 +1.7398526e-03 +2.7650005e-03	 9.67e-01 Accepted	 422	 1795	
552	 5.4246553e-01	 +5.8284159e-04 -1.0529192e-03	 7.81e-01 Accepted	 421	 1758	
553	 5.4254597e-01	 -5.1187783e-05 -1.3983579e-03	 1.16e+00 Accepted	 418	 1765	
554	 5.4225049e-01	 +1.3714213e-03 -1.1471496e-04	 8.96e-01 Accepted	 421	 1740	
555	 5.4192300e-01	 +2.0041851e-03 -3.9853399e-04	 1.05e+00 Accepted	 417	 1752	
556	 5.4220802e-01	 +1.2495895e-03 -2.6600484e-03	 9.24e-01 Accepted	 423	 1780	
557	 5.4188483e-01	 +3.9029440e-03 +2.4380044e-03	 8.30e-01 Accepted	 422	 1754	
558	 5.4199777e-01	 +2.3369533e-03 -9.2414343e-04	 1.14e+00 Accepted	 422	 1734	
559	 5.4240670e-01	 +1.7707544e-03 -3.6588209e-04	 1.55e+00 Accepted	 421	 1754	
560	 5.4157745e-01	 +2.8860505e-03 -3.3408494e-04	 5.13e-01 Accepted	 416	 1738	
561	 5.4197172e-01	 -6.3156219e-04 +1.3204506e-03	 8.30e-01 Accepted	 416	 1775	
562	 5.4246823e-01	 +3.3144688e-03 +1.8155771e-04	 8.05e-01 Accepted	 415	 1743	
563	 5.4226186e-01	 +2.3172347e-03 -7.5499155e-04	 1.07e+00 Accepted	 413	 1752	
564	 5.4273969e-01	 +3.1884039e-03 -8.7433166e-05	 1.01e+00 Accepted	 418	 1748	
565	 5.4285912e-01	 +3.1879234e-03 +5.2446094e-03	 8.15e-01 Accepted	 413	 1692	
566	 5.4285912e-01	 +3.1879234e-03 +5.2446094e-03	 6.39e-01 Rejected	 406	 1707	
567	 5.4285912e-01	 +3.1879234e-03 +5.2446094e-03	 9.20e-01 Rejected	 415	 1814	
568	 5.4302506e-01	 +1.5345333e-03 +2.9189724e-03	 9.93e-01 Accepted	 410	 1730	
569	 5.4294485e-01	 +4.6743878e-03 +8.1270374e-04	 9.70e-01 Accepted	 412	 1714	
570	 5.4294714e-01	 +9.5179996e-04 +2.3833735e-03	 1.07e+00 Accepted	 408	 1725	
571	 5.4273702e-01	 +4.9950831e-03 +1.7257182e-03	 6.96e-01 Accepted	 412	 1741	
572	 5.4216154e-01	 +4.7387704e-03 +8.3916211e-04	 5.92e-01 Accepted	 419	 1782	
573	 5.4245983e-01	 -1.8128742e-05 -2.1272631e-03	 1.58e+00 Accepted	 427	 1779	
574	 5.4254402e-01	 +4.1756909e-04 -2.4384850e-03	 8.81e-01 Accepted	 425	 1781	
575	 5.4278570e-01	 +2.0403191e-03 +3.3267711e-04	 9.99e-01 Accepted	 420	 1709	
576	 5.4290222e-01	 +1.3035382e-03 +1.2383046e-03	 1.32e+00 Accepted	 413	 1773	
577	 5.4267236e-01	 +4.2610419e-04 -5.3743253e-04	 7.99e-01 Accepted	 425	 1738	
578	 5.4265205e-01	 +3.3224487e-03 -4.2342681e-03	 1.04e+00 Accepted	 419	 1772	
579	 5.4241221e-01	 -6.2951741e-04 -2.9763167e-03	 8.86e-01 Accepted	 423	 1749	
580	 5.4226077e-01	 +3.9277528e-03 +1.1394667e-03	 1.13e+00 Accepted	 419	 1750	
581	 5.4246141e-01	 +5.6265985e-03 -8.4420863e-04	 9.89e-01 Accepted	 417	 1766	
582	 5.4239224e-01	 +1.8206205e-03 -4.2271697e-04	 6.08e-01 Accepted	 420	 1779	
583	 5.4202963e-01	 +4.2930701e-03 -2.3705368e-03	 6.83e-01 Accepted	 425	 1776	
584	 5.4232295e-01	 +1.8501329e-03 -3.3113698e-03	 1.37e+00 Accepted	 424	 1756	
585	 5.4226813e-01	 +2.3532230e-03 +1.7187420e-03	 9.78e-01 Accepted	 420	 1753	
586	 5.4226813e-01	 +2.3532230e-03 +1.7187420e-03	 7.92e-01 Rejected	 414	 1714	
587	 5.4232308e-01	 +2.4460985e-03 +2.1152444e-03	 1.14e+00 Accepted	 421	 1756	
588	 5.4248189e-01	 -8.6859069e-04 -1.7145826e-03	 1.49e+00 Accepted	 418	 1752	
589	 5.4249552e-01	 +5.6259604e-04 -1.3051524e-03	 7.67e-01 Accepted	 418	 1769	
590	 5.4246077e-01	 +3.9829697e-03 -3.0781846e-03	 7.58e-01 Accepted	 425	 1739	
591	 5.4246077e-01	 +3.9829697e-03 -3.0781846e-03	 6.75e-01 Rejected	 418	 1779	
592	 5.4308770e-01	 +3.8675157e-03 +1.0595281e-03	 1.52e+00 Accepted	 421	 1754	
593	 5.4308758e-01	 +6.8447139e-04 +5.0284582e-04	 1.49e+00 Accepted	 417	 1741	
594	 5.4323488e-01	 -1.2883790e-03 +2.9285069e-03	 1.34e+00 Accepted	 421	 1730	
595	 5.4301156e-01	 +1.1247134e-03 -9.4242886e-04	 9.13e-01 Accepted	 415	 1729	
596	 5.4320507e-01	 -2.9154337e-04 +8.5836390e-04	 1.06e+00 Accepted	 412	 1716	
597	 5.4320507e-01	 -2.9154337e-04 +8.5836390e-04	 6.61e-01 Rejected	 416	 1780	
598	 5.4314399e-01	 +3.2661659e-03 -2.3546706e-03	 8.08e-01 Accepted	 414	 1719	
599	 5.4296115e-01	 -1.0062135e-03 -1.5160329e-03	 9.00e-01 Accepted	 414	 1733	
600	 5.4296115e-01	 -1.0062135e-03 -1.5160329e-03	 8.07e-01 Rejected	 421	 1788	
601	 5.4282393e-01	 +1.7436356e-03 -2.6986072e-03	 7.22e-01 Accepted	 417	 1730	
602	 5.4297398e-01	 -1.3240533e-04 -2.3455467e-03	 1.29e+00 Accepted	 410	 1700	
603	 5.4255955e-01	 +1.3148075e-03 +2.6477947e-03	 9.63e-01 Accepted	 414	 1743	
604	 5.4241180e-01	 +4.6266438e-03 -2.4448107e-03	 8.95e-01 Accepted	 417	 1780	
605	 5.4293374e-01	 +3.2133059e-03 -9.5549826e-04	 1.43e+00 Accepted	 421	 1737	
606	 5.4290927e-01	 +2.2548457e-03 -1.0688140e-03	 1.47e+00 Accepted	 417	 1763	
607	 5.4290927e-01	 +2.2548457e-03 -1.0688140e-03	 6.96e-01 Rejected	 421	 1747	
608	 5.4259735e-01	 +3.4143378e-03 -1.4710094e-03	 7.76e-01 Accepted	 428	 1801	
609	 5.4276923e-01	 +8.1567536e-04 +3.3197978e-03	 1.25e+00 Accepted	 428	 1853	
610	 5.4298865e-01	 +6.0384036e-04 +1.5750823e-03	 1.00e+00 Accepted	 435	 1785	
611	 5.4302971e-01	 +3.2909875e-03 +6.0486892e-04	 1.19e+00 Accepted	 425	 1772	
612	 5.4345147e-01	 +1.1331802e-03 +2.9499684e-03	 1.87e+00 Accepted	 422	 1758	
613	 5.4345147e-01	 +1.1331802e-03 +2.9499684e-03	 6.86e-01 Rejected	 419	 1737	
614	 5.4332216e-01	 +2.9330450e-03 +3.6229652e-03	 7.66e-01 Accepted	 419	 1738	
615	 5.4268740e-01	 +2.2199597e-03 +6.0246351e-04	 7.14e-01 Accepted	 415	 1741	
616	 5.4276286e-01	 +3.3562672e-03 -4.0412399e-03	 1.56e+00 Accepted	 426	 1788	
617	 5.4225399e-01	 -1.4977056e-03 +1.6159108e-03	 1.40e+00 Accepted	 437	 1838	
618	 5.4250632e-01	 +6.1510252e-04 +1.4211738e-03	 1.65e+00 Accepted	 434	 1752	
619	 5.4248696e-01	 -5.6613673e-04 -8.0392402e-04	 1.66e+00 Accepted	 421	 1765	
620	 5.4248696e-01	 -5.6613673e-04 -8.0392402e-04	 4.56e-01 Rejected	 421	 1749	
621	 5.4256606e-01	 -1.7329995e-03 -2.1398078e-03	 1.07e+00 Accepted	 417	 1746	
622	 5.4268683e-01	 -1.0674360e-03 +1.3928948e-03	 1.08e+00 Accepted	 419	 1755	
# Starting_type: CheckpointStart
# Trajectory_length / Number_of_MD_steps: 1 / 7
# 	 Plaquette	 Polyakov_Loop(re,im)	 Acc._Probability	 runtime_per_traj(s)	 CG_iterations	
623	 5.4225421e-01	 +8.9317935e-04 -9.9245365e-04	 8.93e-01 Accepted	 427	 1773	
624	 5.4225421e-01	 +8.9317935e-04 -9.9245365e-04	 6.54e-01 Rejected	 420	 1751	
625	 5.4244640e-01	 +4.1280983e-05 +1.2408425e-03	 1.35e+00 Accepted	 417	 1747	
626	 5.4233715e-01	 +5.9594568e-04 -9.9683260e-04	 1.22e+00 Accepted	 409	 1699	
627	 5.4270460e-01	 -7.0012837e-04 +5.0312868e-04	 1.34e+00 Accepted	 410	 1719	
628	 5.4249072e-01	 +1.7207556e-03 +1.2633473e-03	 8.18e-01 Accepted	 408	 1735	
629	 5.4289113e-01	 +7.7024451e-04 +2.7460055e-03	 1.16e+00 Accepted	 415	 1767	
630	 5.4286358e-01	 +4.1260964e-04 -1.0369902e-03	 9.55e-01 Accepted	 416	 1721	
631	 5.4248897e-01	 -6.1229724e-04 -1.0803359e-04	 8.92e-01 Accepted	 417	 1757	
632	 5.4262218e-01	 +1.5729819e-03 +2.1948336e-04	 7.42e-01 Accepted	 418	 1718	
633	 5.4262218e-01	 +1.5729819e-03 +2.1948336e-04	 7.37e-01 Rejected	 417	 1754	
634	 5.4262218e-01	 +1.5729819e-03 +2.1948336e-04	 7.43e-01 Rejected	 415	 1752	
635	 5.4262218e-01	 +1.5729819e-03 +2.1948336e-04	 5.72e-01 Rejected	 412	 1744	
636	 5.4248310e-01	 +1.3688202e-06 +2.1626223e-04	 5.90e-01 Accepted	 410	 1720	
637	 5.4236918e-01	 +2.2925288e-03 +9.5262998e-04	 8.66e-01 Accepted	 412	 1730	
638	 5.4210901e-01	 -1.7421011e-04 -1.4454577e-03	 1.33e+00 Accepted	 414	 1745	
639	 5.4210901e-01	 -1.7421011e-04 -1.4454577e-03	 5.12e-01 Rejected	 419	 1737	
640	 5.4210901e-01	 -1.7421011e-04 -1.4454577e-03	 7.13e-01 Rejected	 414	 1713	
641	 5.4235567e-01	 +1.6993164e-03 +1.0098846e-03	 9.27e-01 Accepted	 416	 1779	
642	 5.4257616e-01	 +1.1316658e-03 +5.1559206e-04	 8.86e-01 Accepted	 419	 1717	
643	 5.4275909e-01	 +1.1151081e-03 -1.3033458e-03	 9.86e-01 Accepted	 413	 1726	
644	 5.4283860e-01	 -4.6053790e-04 +2.6810348e-03	 6.75e-01 Accepted	 414	 1739	
645	 5.4270282e-01	 +1.3511563e-03 +1.9682279e-03	 1.07e+00 Accepted	 416	 1727	
646	 5.4238982e-01	 +2.7315347e-03 +1.4858187e-03	 5.73e-01 Accepted	 412	 1708	
647	 5.4267990e-01	 +2.1498745e-03 +2.6511953e-03	 1.61e+00 Accepted	 411	 1793	
648	 5.4235151e-01	 +5.4335843e-03 +2.2437147e-03	 4.55e-01 Accepted	 425	 1762	
649	 5.4239218e-01	 +1.1345695e-03 +2.6750045e-04	 1.47e+00 Accepted	 426	 1797	
650	 5.4230017e-01	 -4.9382097e-04 -3.4663475e-04	 1.23e+00 Accepted	 423	 1783	
651	 5.4222173e-01	 +1.6213544e-04 +1.6790404e-03	 7.03e-01 Accepted	 425	 1803	
652	 5.4220600e-01	 -3.5693567e-04 +2.6416668e-04	 1.02e+00 Accepted	 427	 1774	
653	 5.4215300e-01	 +3.5832858e-03 +1.0866373e-03	 8.55e-01 Accepted	 422	 1732	
654	 5.4186922e-01	 +6.8681389e-04 +1.7757629e-03	 5.96e-01 Accepted	 416	 1712	
655	 5.4207699e-01	 +4.6503866e-03 +2.0036184e-03	 1.33e+00 Accepted	 414	 1764	
656	 5.4243182e-01	 +1.1335858e-03 -5.9507421e-04	 1.28e+00 Accepted	 420	 1759	
657	 5.4282852e-01	 +4.2955907e-04 -1.6254986e-03	 1.08e+00 Accepted	 418	 1780	
658	 5.4282852e-01	 +4.2955907e-04 -1.6254986e-03	 5.71e-01 Rejected	 421	 1715	
659	 5.4276897e-01	 +1.6106421e-04 -8.9112949e-04	 1.14e+00 Accepted	 417	 1699	
660	 5.4250979e-01	 -9.1694349e-04 -8.7277046e-04	 4.97e-01 Accepted	 412	 1729	
661	 5.4252327e-01	 +1.7677576e-03 -3.7024970e-03	 1.05e+00 Accepted	 415	 1729	
662	 5.4284505e-01	 -3.0290397e-04 +1.2154146e-03	 1.30e+00 Accepted	 422	 1753	
663	 5.4296045e-01	 -6.6186337e-04 -4.9986445e-03	 1.33e+00 Accepted	 421	 1743	
664	 5.4296045e-01	 -6.6186337e-04 -4.9986445e-03	 5.55e-01 Rejected	 416	 1715	
665	 5.4296045e-01	 -6.6186337e-04 -4.9986445e-03	 5.82e-01 Rejected	 423	 1767	
666	 5.4296045e-01	 -6.6186337e-04 -4.9986445e-03	 7.68e-01 Rejected	 416	 1748	
667	 5.4211256e-01	 +1.5968045e-03 -4.3433388e-04	 5.52e-01 Accepted	 409	 1702	
668	 5.4205575e-01	 -2.8700839e-03 -1.8127791e-03	 8.02e-01 Accepted	 407	 1714	
669	 5.4223291e-01	 +1.6004654e-04 -1.1398812e-03	 1.11e+00 Accepted	 417	 1749	
670	 5.4223291e-01	 +1.6004654e-04 -1.1398812e-03	 7.31e-01 Rejected	 425	 1790	
671	 5.4220324e-01	 -5.1021731e-05 -2.6562439e-03	 6.82e-01 Accepted	 416	 1721	
672	 5.4220324e-01	 -5.1021731e-05 -2.6562439e-03	 6.42e-01 Rejected	 411	 1725	
673	 5.4202303e-01	 -1.8580147e-03 -1.0947166e-04	 8.13e-01 Accepted	 415	 1765	
674	 5.4257740e-01	 +2.7776472e-03 -8.8854405e-04	 1.16e+00 Accepted	 422	 1743	
675	 5.4252105e-01	 +1.0593728e-03 -3.1211788e-03	 1.40e+00 Accepted	 416	 1747	
676	 5.4275351e-01	 -1.3607658e-03 +1.5758689e-03	 9.71e-01 Accepted	 416	 1741	
677	 5.4275351e-01	 -1.3607658e-03 +1.5758689e-03	 8.41e-01 Rejected	 415	 1736	
678	 5.4263651e-01	 +2.4745895e-03 +1.1516812e-03	 8.42e-01 Accepted	 423	 1796	
679	 5.4263651e-01	 +2.4745895e-03 +1.1516812e-03	 4.66e-01 Rejected	 427	 1779	
680	 5.4225514e-01	 +1.1544380e-03 -1.8874481e-03	 7.50e-01 Accepted	 422	 1767	
681	 5.4218282e-01	 +1.5941916e-03 +1.5483639e-04	 1.43e+00 Accepted	 426	 1758	
682	 5.4209554e-01	 -3.4637547e-03 -1.3789471e-03	 8.30e-01 Accepted	 416	 1774	
683	 5.4168056e-01	 -7.3161028e-04 +1.0908317e-04	 1.39e+00 Accepted	 421	 1769	
684	 5.4169140e-01	 -7.9056846e-04 -3.0194229e-03	 8.39e-01 Accepted	 422	 1778	
685	 5.4186452e-01	 +3.6970877e-04 -7.2598674e-04	 1.31e+00 Accepted	 418	 1759	
686	 5.4165278e-01	 +1.0264120e-03 -6.7212656e-04	 9.61e-01 Accepted	 420	 1765	
687	 5.4191299e-01	 +9.6886471e-04 -2.7840923e-03	 9.53e-01 Accepted	 423	 1796	
688	 5.4175716e-01	 -1.3075868e-03 +6.5039478e-04	 9.72e-01 Accepted	 428	 1772	
689	 5.4175716e-01	 -1.3075868e-03 +6.5039478e-04	 5.80e-01 Rejected	 422	 1781	
690	 5.4175716e-01	 -1.3075868e-03 +6.5039478e-04	 6.80e-01 Rejected	 418	 1749	
691	 5.4193803e-01	 +2.1959133e-03 +1.6005864e-03	 1.30e+00 Accepted	 420	 1766	
692	 5.4205314e-01	 +7.2761811e-04 +1.9989237e-03	 1.09e+00 Accepted	 416	 1744	
693	 5.4205314e-01	 +7.2761811e-04 +1.9989237e-03	 7.37e-01 Rejected	 411	 1748	
694	 5.4179169e-01	 -4.0382535e-03 -4.0360024e-03	 9.57e-01 Accepted	 411	 1731	
695	 5.4211981e-01	 -3.2734052e-04 -1.7659484e-03	 1.01e+00 Accepted	 410	 1730	
696	 5.4220988e-01	 -2.7405568e-04 -1.5917231e-03	 1.48e+00 Accepted	 416	 1760	
697	 5.4244637e-01	 -1.5440907e-03 -2.0685044e-03	 1.66e+00 Accepted	 419	 1780	
698	 5.4269871e-01	 +2.1115710e-03 -1.0351883e-03	 7.78e-01 Accepted	 422	 1778	
699	 5.4213969e-01	 +2.3837316e-03 +3.9116867e-04	 6.77e-01 Accepted	 419	 1757	
700	 5.4213969e-01	 +2.3837316e-03 +3.9116867e-04	 5.02e-01 Rejected	 423	 1781	
701	 5.4239819e-01	 +9.2767381e-04 -2.0475015e-03	 1.17e+00 Accepted	 421	 1760	
702	 5.4257368e-01	 -1.4319592e-03 -2.2941489e-04	 8.95e-01 Accepted	 419	 1779	
703	 5.4214810e-01	 +4.0700289e-04 -1.6122034e-04	 6.89e-01 Accepted	 425	 1755	
704	 5.4216876e-01	 +2.7830992e-03 -1.2398697e-03	 1.17e+00 Accepted	 421	 1781	
705	 5.4216876e-01	 +2.7830992e-03 -1.2398697e-03	 9.20e-01 Rejected	 416	 1729	
706	 5.4216876e-01	 +2.7830992e-03 -1.2398697e-03	 6.20e-01 Rejected	 420	 1766	
707	 5.4208129e-01	 +2.5508198e-03 +3.2163367e-04	 1.14e+00 Accepted	 416	 1740	
708	 5.4210645e-01	 -3.4347898e-03 +1.7062904e-03	 1.65e+00 Accepted	 420	 1814	
709	 5.4212278e-01	 +5.8945665e-05 +9.9785804e-05	 1.02e+00 Accepted	 418	 1719	
710	 5.4264032e-01	 -1.7398721e-03 +1.0260748e-03	 1.42e+00 Accepted	 414	 1748	
711	 5.4243757e-01	 +2.0181458e-03 -1.5107916e-03	 6.82e-01 Accepted	 409	 1735	
712	 5.4255798e-01	 -8.1796274e-04 +2.7573641e-04	 9.97e-01 Accepted	 415	 1767	
713	 5.4255941e-01	 +2.6767929e-03 +2.4613313e-03	 1.09e+00 Accepted	 415	 1711	
714	 5.4254741e-01	 +2.3083171e-03 -1.6822863e-03	 1.61e+00 Accepted	 413	 1750	
715	 5.4228081e-01	 -1.1876014e-04 +3.9600209e-04	 7.25e-01 Accepted	 416	 1737	
716	 5.4203632e-01	 +5.0382468e-04 +5.4180783e-04	 5.65e-01 Accepted	 419	 1731	
717	 5.4244586e-01	 -3.3363626e-04 -3.4353376e-03	 9.26e-01 Accepted	 413	 1760	
718	 5.4239987e-01	 +1.0452183e-03 +4.1454222e-04	 1.01e+00 Accepted	 417	 1719	
719	 5.4209006e-01	 -2.3381497e-03 -1.9935032e-03	 9.92e-01 Accepted	 416	 1765	
720	 5.4209006e-01	 -2.3381497e-03 -1.9935032e-03	 5.60e-01 Rejected	 418	 1757	
721	 5.4223991e-01	 -9.3551176e-04 +1.5081501e-03	 8.41e-01 Accepted	 414	 1720	
722	 5.4243499e-01	 +3.7243262e-04 +6.0120741e-04	 1.12e+00 Accepted	 415	 1753	
723	 5.4291590e-01	 -5.8064240e-04 +2.6382433e-03	 1.04e+00 Accepted	 414	 1752	
724	 5.4284013e-01	 +1.5425126e-03 +1.3175051e-04	 8.04e-01 Accepted	 419	 1727	
725	 5.4283156e-01	 +1.6759245e-04 -2.4762514e-04	 1.17e+00 Accepted	 416	 1788	
# Starting_type: CheckpointStart
# Trajectory_length / Number_of_MD_steps: 1 / 7
# 	 Plaquette	 Polyakov_Loop(re,im)	 Acc._Probability	 runtime_per_traj(s)	 CG_iterations	
725	 5.4283156e-01	 +1.6759245e-04 -2.4762514e-04	 1.17e+00 Accepted	 419	 1788	
726	 5.4201893e-01	 -3.5209190e-05 +1.1556332e-03	 5.27e-01 Accepted	 424	 1768	
727	 5.4186434e-01	 -1.6465380e-03 -2.7959119e-05	 1.02e+00 Accepted	 424	 1770	
728	 5.4186434e-01	 -1.6465380e-03 -2.7959119e-05	 7.53e-01 Rejected	 418	 1734	
729	 5.4156342e-01	 -2.2691840e-03 +5.8232865e-03	 7.23e-01 Accepted	 414	 1724	
730	 5.4179740e-01	 -8.6804073e-04 +2.1203716e-03	 8.72e-01 Accepted	 412	 1744	
731	 5.4213997e-01	 +4.7861634e-04 +1.0028120e-03	 1.02e+00 Accepted	 418	 1782	
732	 5.4213487e-01	 -6.4402680e-04 +1.8676504e-05	 1.06e+00 Accepted	 419	 1779	
733	 5.4214155e-01	 -6.4573989e-05 +1.4464236e-04	 1.05e+00 Accepted	 420	 1770	
734	 5.4214155e-01	 -6.4573989e-05 +1.4464236e-04	 6.35e-01 Rejected	 415	 1737	
735	 5.4212415e-01	 +6.5454422e-04 -1.5714016e-03	 9.49e-01 Accepted	 419	 1721	
736	 5.4208623e-01	 -1.1486630e-03 -1.1956993e-03	 8.65e-01 Accepted	 409	 1716	
737	 5.4162656e-01	 +2.3063593e-03 -1.2994811e-03	 8.83e-01 Accepted	 413	 1736	
738	 5.4208176e-01	 +1.3176895e-03 +1.3270839e-04	 1.24e+00 Accepted	 416	 1751	
739	 5.4199328e-01	 +5.9652474e-04 +1.0269355e-03	 1.27e+00 Accepted	 417	 1739	
740	 5.4199328e-01	 +5.9652474e-04 +1.0269355e-03	 7.98e-01 Rejected	 418	 1760	
741	 5.4199328e-01	 +5.9652474e-04 +1.0269355e-03	 5.53e-01 Rejected	 421	 1756	
742	 5.4212703e-01	 -1.3088162e-03 -2.1783273e-03	 1.51e+00 Accepted	 416	 1744	
743	 5.4230296e-01	 +2.7136871e-03 -2.1005362e-04	 1.19e+00 Accepted	 420	 1730	
744	 5.4248926e-01	 +1.1985369e-03 -1.4381628e-03	 1.06e+00 Accepted	 418	 1720	
745	 5.4248926e-01	 +1.1985369e-03 -1.4381628e-03	 4.82e-01 Rejected	 416	 1764	
746	 5.4277530e-01	 +8.1369711e-04 -5.6222337e-04	 1.22e+00 Accepted	 411	 1755	
747	 5.4277530e-01	 +8.1369711e-04 -5.6222337e-04	 4.74e-01 Rejected	 419	 1791	
748	 5.4282061e-01	 -1.4669101e-04 -1.3771598e-03	 9.95e-01 Accepted	 412	 1766	
749	 5.4302122e-01	 +3.3631779e-03 -9.6340541e-04	 1.10e+00 Accepted	 414	 1711	
750	 5.4282722e-01	 +4.8891960e-04 -1.0825524e-03	 9.00e-01 Accepted	 409	 1711	
751	 5.4286225e-01	 -1.0167584e-03 +2.1747768e-03	 7.58e-01 Accepted	 410	 1716	
752	 5.4258926e-01	 -1.0770083e-03 -1.7145868e-04	 8.99e-01 Accepted	 417	 1778	
753	 5.4242624e-01	 -6.6344730e-04 -5.5978353e-04	 8.28e-01 Accepted	 420	 1719	
754	 5.4234709e-01	 -9.5643491e-05 -8.1185221e-04	 9.12e-01 Accepted	 418	 1764	
755	 5.4264331e-01	 +1.8604860e-03 +1.4915385e-03	 1.70e+00 Accepted	 420	 1727	
756	 5.4269248e-01	 -1.2296786e-03 -1.4012241e-03	 1.61e+00 Accepted	 415	 1741	
757	 5.4266149e-01	 +1.0173702e-03 +2.8102529e-03	 1.29e+00 Accepted	 412	 1720	
758	 5.4249176e-01	 -1.6725025e-03 +2.6488291e-03	 7.01e-01 Accepted	 411	 1706	
759	 5.4219954e-01	 +1.2313210e-04 -7.6135417e-05	 7.12e-01 Accepted	 416	 1752	
760	 5.4256281e-01	 +6.0415565e-04 -1.8617702e-03	 8.17e-01 Accepted	 414	 1718	
761	 5.4241621e-01	 +6.0044658e-05 +2.6676094e-04	 9.40e-01 Accepted	 411	 1718	
762	 5.4227727e-01	 +1.7754353e-03 -1.4243195e-04	 9.26e-01 Accepted	 418	 1745	
763	 5.4221713e-01	 +3.3192523e-03 +1.5234475e-03	 1.02e+00 Accepted	 421	 1748	
764	 5.4221713e-01	 +3.3192523e-03 +1.5234475e-03	 6.38e-01 Rejected	 418	 1717	
765	 5.4235270e-01	 +2.2811789e-03 +4.9780260e-05	 9.59e-01 Accepted	 416	 1737	
766	 5.4235270e-01	 +2.2811789e-03 +4.9780260e-05	 8.50e-01 Rejected	 414	 1751	
767	 5.4250051e-01	 -7.0191474e-04 +9.7567602e-04	 9.65e-01 Accepted	 417	 1772	
768	 5.4262460e-01	 +1.4808936e-03 +6.5664260e-04	 2.05e+00 Accepted	 423	 1747	
769	 5.4294104e-01	 +2.2598886e-03 -1.8348740e-03	 1.01e+00 Accepted	 415	 1751	
770	 5.4253541e-01	 -2.7746574e-04 -1.2878598e-03	 8.23e-01 Accepted	 420	 1728	
771	 5.4237436e-01	 -9.7221779e-04 -1.5864608e-03	 8.97e-01 Accepted	 418	 1752	
772	 5.4280446e-01	 +6.6206984e-04 +2.3378154e-03	 1.43e+00 Accepted	 416	 1730	
773	 5.4288508e-01	 +3.7310068e-04 -7.8236858e-04	 5.76e-01 Accepted	 414	 1741	
774	 5.4303009e-01	 +1.4559556e-03 -8.2357163e-04	 1.03e+00 Accepted	 416	 1720	
775	 5.4303009e-01	 +1.4559556e-03 -8.2357163e-04	 5.99e-01 Rejected	 412	 1730	
776	 5.4306330e-01	 +1.8760142e-03 -2.4116304e-04	 1.33e+00 Accepted	 413	 1710	
777	 5.4328663e-01	 -1.3650854e-03 -1.0003233e-03	 8.86e-01 Accepted	 412	 1702	
778	 5.4318710e-01	 +1.2180534e-03 +9.2466178e-04	 8.71e-01 Accepted	 412	 1736	
779	 5.4318710e-01	 +1.2180534e-03 +9.2466178e-04	 5.17e-01 Rejected	 418	 1740	
780	 5.4320322e-01	 +7.5465156e-04 -2.1937099e-03	 1.25e+00 Accepted	 420	 1778	
781	 5.4318821e-01	 -1.2550618e-03 -9.6626248e-04	 7.84e-01 Accepted	 425	 1776	
782	 5.4318821e-01	 -1.2550618e-03 -9.6626248e-04	 5.87e-01 Rejected	 424	 1771	
783	 5.4331456e-01	 +1.8573551e-03 -8.9847643e-04	 8.52e-01 Accepted	 420	 1733	
784	 5.4317733e-01	 -1.1828916e-03 -4.9362510e-04	 8.54e-01 Accepted	 413	 1723	
785	 5.4294733e-01	 +1.2004551e-03 +1.5172910e-03	 1.30e+00 Accepted	 415	 1723	
786	 5.4349101e-01	 +3.0928358e-03 -1.2854584e-03	 1.20e+00 Accepted	 420	 1724	
787	 5.4335362e-01	 +2.1461733e-03 +1.1944442e-03	 1.01e+00 Accepted	 420	 1722	
788	 5.4339920e-01	 +3.5203099e-03 -1.0328813e-03	 9.17e-01 Accepted	 419	 1698	
789	 5.4371887e-01	 +1.7163612e-05 -4.9757606e-04	 1.35e+00 Accepted	 415	 1749	
790	 5.4356470e-01	 -6.3086761e-04 +2.4298629e-04	 8.39e-01 Accepted	 424	 1800	
791	 5.4338453e-01	 -1.1089584e-03 +6.1806063e-04	 1.02e+00 Accepted	 420	 1686	
792	 5.4316004e-01	 +2.8131009e-03 +1.1172375e-03	 1.57e+00 Accepted	 412	 1734	
793	 5.4280884e-01	 -3.9785587e-04 -8.9162393e-04	 8.53e-01 Accepted	 419	 1742	
794	 5.4280884e-01	 -3.9785587e-04 -8.9162393e-04	 7.33e-01 Rejected	 418	 1769	
795	 5.4254553e-01	 +2.1277385e-03 +1.0169846e-03	 1.00e+00 Accepted	 415	 1725	
796	 5.4251212e-01	 +2.5634778e-03 -4.8250447e-04	 1.17e+00 Accepted	 412	 1720	
797	 5.4249253e-01	 +1.0080451e-04 +3.6608660e-04	 1.24e+00 Accepted	 413	 1768	
798	 5.4302833e-01	 +1.2043597e-03 +1.1618543e-03	 1.19e+00 Accepted	 413	 1730	
799	 5.4297386e-01	 -4.5523284e-04 -2.8226356e-04	 4.33e-01 Accepted	 414	 1724	
800	 5.4294126e-01	 +2.1414521e-03 +1.8136849e-03	 1.29e+00 Accepted	 418	 1747	
801	 5.4298171e-01	 +2.5950420e-03 +3.8128310e-03	 1.25e+00 Accepted	 422	 1760	
802	 5.4298171e-01	 +2.5950420e-03 +3.8128310e-03	 7.90e-01 Rejected	 422	 1754	
803	 5.4299656e-01	 +2.2090264e-03 +1.7550859e-03	 5.17e-01 Accepted	 416	 1708	
804	 5.4273270e-01	 +3.8841166e-03 +5.3306744e-04	 1.26e+00 Accepted	 415	 1772	
805	 5.4263534e-01	 +3.3711876e-03 +4.1934687e-04	 8.19e-01 Accepted	 426	 1786	
806	 5.4305558e-01	 +5.3837455e-04 -1.8696193e-03	 1.40e+00 Accepted	 420	 1760	
807	 5.4353008e-01	 +3.1215321e-03 +1.8092647e-03	 1.62e+00 Accepted	 419	 1804	
808	 5.4341464e-01	 +1.6593720e-03 -1.0516992e-03	 6.49e-01 Accepted	 427	 1735	
809	 5.4302108e-01	 +3.9113444e-03 +1.5859181e-03	 9.98e-01 Accepted	 414	 1707	
810	 5.4302896e-01	 +4.7453527e-03 +9.5318962e-04	 1.18e+00 Accepted	 413	 1737	
811	 5.4307219e-01	 +4.9107312e-03 -8.9263142e-04	 8.26e-01 Accepted	 416	 1739	
812	 5.4288391e-01	 +9.9487041e-04 -1.0357101e-03	 1.12e+00 Accepted	 420	 1752	
813	 5.4300009e-01	 +2.7032741e-03 -1.8625833e-03	 1.09e+00 Accepted	 419	 1752	
814	 5.4287360e-01	 +1.3005659e-03 -1.4068714e-03	 9.36e-01 Accepted	 418	 1743	
815	 5.4287360e-01	 +1.3005659e-03 -1.4068714e-03	 5.77e-01 Rejected	 415	 1741	
816	 5.4280881e-01	 +2.2771836e-03 +1.6712582e-03	 8.31e-01 Accepted	 417	 1727	
817	 5.4254391e-01	 -1.3588871e-03 -4.4568834e-04	 7.74e-01 Accepted	 417	 1757	
818	 5.4254391e-01	 -1.3588871e-03 -4.4568834e-04	 6.60e-01 Rejected	 419	 1736	
819	 5.4270232e-01	 +2.5990469e-03 -2.9523106e-03	 1.21e+00 Accepted	 421	 1785	
820	 5.4267711e-01	 +2.5658523e-04 -2.0453263e-03	 9.44e-01 Accepted	 422	 1762	
821	 5.4277094e-01	 +3.6104611e-03 -4.1159867e-05	 1.33e+00 Accepted	 418	 1750	
822	 5.4291179e-01	 +3.0884823e-03 -2.2128788e-03	 9.75e-01 Accepted	 419	 1789	
823	 5.4331733e-01	 +4.7087014e-03 +1.9261453e-03	 1.32e+00 Accepted	 429	 1768	
824	 5.4314573e-01	 +2.6525874e-03 -6.7373572e-04	 9.42e-01 Accepted	 422	 1759	
825	 5.4289488e-01	 +1.7532037e-03 +2.1474543e-03	 5.85e-01 Accepted	 421	 1776	
826	 5.4365248e-01	 +4.9202109e-03 +1.6505037e-03	 1.13e+00 Accepted	 425	 1752	
827	 5.4307740e-01	 +5.0343799e-03 +1.5363403e-03	 5.05e-01 Accepted	 421	 1768	
# Starting_type: CheckpointStart
# Trajectory_length / Number_of_MD_steps: 1 / 7
# 	 Plaquette	 Polyakov_Loop(re,im)	 Acc._Probability	 runtime_per_traj(s)	 CG_iterations	
827	 5.4307740e-01	 +5.0343799e-03 +1.5363403e-03	 5.05e-01 Accepted	 429	 1768	
828	 5.4307740e-01	 +5.0343799e-03 +1.5363403e-03	 9.62e-01 Rejected	 416	 1734	
829	 5.4333827e-01	 +4.0122086e-03 +2.8087905e-03	 8.97e-01 Accepted	 413	 1725	
830	 5.4323550e-01	 +3.9569583e-03 +1.1814077e-03	 1.36e+00 Accepted	 414	 1727	
831	 5.4318924e-01	 +3.3332953e-03 +3.4493205e-03	 7.19e-01 Accepted	 411	 1716	
832	 5.4264692e-01	 +6.5409918e-03 -2.4168915e-03	 6.93e-01 Accepted	 409	 1720	
833	 5.4273809e-01	 +6.5522403e-03 -9.6189020e-08	 7.93e-01 Accepted	 415	 1742	
834	 5.4277740e-01	 +4.3196115e-03 -1.4804866e-03	 6.69e-01 Accepted	 415	 1773	
835	 5.4280437e-01	 +2.7585637e-04 -1.1753366e-03	 1.47e+00 Accepted	 417	 1731	
836	 5.4238493e-01	 +3.1138569e-03 +2.5855189e-03	 1.13e+00 Accepted	 419	 1798	
837	 5.4252281e-01	 +2.4836210e-03 +3.6119684e-04	 9.18e-01 Accepted	 425	 1775	
838	 5.4262034e-01	 +4.8073030e-03 -2.5276996e-03	 1.20e+00 Accepted	 421	 1782	
839	 5.4266669e-01	 +2.7399287e-03 -1.1034639e-03	 1.43e+00 Accepted	 425	 1786	
840	 5.4279100e-01	 +3.2649268e-03 -6.8795290e-04	 9.67e-01 Accepted	 423	 1759	
841	 5.4289852e-01	 +5.0072927e-03 +1.2111261e-03	 1.01e+00 Accepted	 420	 1769	
842	 5.4298097e-01	 +5.9785508e-03 +6.3656583e-04	 7.71e-01 Accepted	 423	 1773	
843	 5.4316774e-01	 +7.8015554e-03 +3.1278522e-05	 1.54e+00 Accepted	 422	 1752	
844	 5.4286586e-01	 +6.0964340e-03 -3.8627117e-04	 1.02e+00 Accepted	 418	 1754	
845	 5.4315315e-01	 +1.9387728e-03 -8.6938822e-05	 7.90e-01 Accepted	 422	 1766	
846	 5.4307342e-01	 +3.4506583e-03 -3.8101411e-03	 1.59e+00 Accepted	 420	 1712	
847	 5.4305425e-01	 +4.9029786e-03 -1.9431041e-03	 2.59e+00 Accepted	 417	 1726	
848	 5.4320816e-01	 +2.6482135e-03 -9.5976156e-04	 1.06e+00 Accepted	 407	 1696	
849	 5.4324506e-01	 +9.9538327e-04 -1.1349642e-04	 2.04e+00 Accepted	 411	 1706	
850	 5.4336770e-01	 +3.3672496e-03 -3.3309008e-03	 1.74e+00 Accepted	 417	 1775	
851	 5.4336770e-01	 +3.3672496e-03 -3.3309008e-03	 6.07e-01 Rejected	 423	 1739	
852	 5.4313846e-01	 +1.1250666e-03 -8.5357523e-04	 8.66e-01 Accepted	 423	 1767	
853	 5.4273754e-01	 +3.0789674e-03 -2.0782178e-03	 5.43e-01 Accepted	 423	 1734	
854	 5.4285262e-01	 +1.7128632e-03 +2.7691971e-04	 7.68e-01 Accepted	 417	 1742	
855	 5.4253326e-01	 +2.7127023e-03 +8.7042702e-04	 7.59e-01 Accepted	 416	 1736	
856	 5.4286733e-01	 +1.3190362e-03 -8.6329264e-04	 1.60e+00 Accepted	 418	 1740	
857	 5.4270098e-01	 +1.8594065e-03 +3.2258093e-03	 1.29e+00 Accepted	 429	 1777	
858	 5.4277594e-01	 +1.7856507e-03 +2.1963167e-03	 9.38e-01 Accepted	 423	 1780	
859	 5.4311520e-01	 +4.0469036e-03 +1.9767552e-03	 9.81e-01 Accepted	 418	 1742	
860	 5.4273394e-01	 +5.5212237e-04 +1.9979674e-03	 9.21e-01 Accepted	 420	 1765	
861	 5.4271592e-01	 +2.6087553e-03 +1.6763890e-03	 1.52e+00 Accepted	 423	 1763	
862	 5.4271592e-01	 +2.6087553e-03 +1.6763890e-03	 9.17e-01 Rejected	 421	 1734	
863	 5.4245232e-01	 +3.9011150e-03 +1.0113390e-03	 7.16e-01 Accepted	 424	 1757	
864	 5.4237176e-01	 +7.1501605e-03 +2.1871723e-03	 9.98e-01 Accepted	 418	 1747	
865	 5.4240532e-01	 +5.3602220e-03 +1.0801216e-03	 1.27e+00 Accepted	 417	 1738	
866	 5.4209327e-01	 +3.6747680e-03 +1.3612849e-03	 8.30e-01 Accepted	 415	 1725	
867	 5.4232584e-01	 +3.3882809e-03 +6.5735156e-04	 9.30e-01 Accepted	 415	 1709	
868	 5.4277337e-01	 +1.4191759e-03 +1.4762671e-03	 8.33e-01 Accepted	 410	 1724	
869	 5.4277337e-01	 +1.4191759e-03 +1.4762671e-03	 7.42e-01 Rejected	 419	 1760	
870	 5.4257250e-01	 +3.0167089e-03 +1.4900796e-04	 8.08e-01 Accepted	 419	 1746	
871	 5.4232643e-01	 +2.7443782e-03 -5.8447846e-04	 5.99e-01 Accepted	 425	 1798	
872	 5.4238654e-01	 -9.9918982e-04 -1.4626588e-03	 1.03e+00 Accepted	 426	 1719	
873	 5.4202530e-01	 +4.5134678e-03 +6.4125532e-04	 1.03e+00 Accepted	 423	 1827	
874	 5.4199162e-01	 +3.1015310e-03 -8.5605620e-04	 1.66e+00 Accepted	 432	 1780	
875	 5.4248755e-01	 +3.5130877e-03 -3.0287985e-03	 1.12e+00 Accepted	 431	 1817	
876	 5.4278583e-01	 +3.5992455e-03 -1.1134027e-03	 1.63e+00 Accepted	 428	 1775	
877	 5.4272370e-01	 +1.5354996e-03 -1.1403031e-03	 1.24e+00 Accepted	 422	 1760	
878	 5.4306588e-01	 +2.4717248e-03 -1.7746967e-03	 9.95e-01 Accepted	 424	 1782	
879	 5.4283310e-01	 +2.0627363e-03 -5.6558045e-04	 8.08e-01 Accepted	 422	 1728	
880	 5.4300967e-01	 +1.1698188e-03 -2.3092042e-04	 7.35e-01 Accepted	 418	 1763	
881	 5.4239860e-01	 +1.0694668e-03 -1.6878417e-03	 1.22e+00 Accepted	 423	 1726	
882	 5.4263826e-01	 -1.4815816e-03 +1.8082940e-03	 1.08e+00 Accepted	 418	 1811	
883	 5.4284979e-01	 -3.9515566e-04 +4.0288334e-03	 9.33e-01 Accepted	 425	 1745	
884	 5.4290181e-01	 +4.8161931e-04 +3.2704631e-04	 9.76e-01 Accepted	 420	 1796	
885	 5.4256661e-01	 -2.0777482e-03 +3.5246352e-03	 1.12e+00 Accepted	 431	 1794	
886	 5.4235025e-01	 -7.4088474e-04 +2.6668960e-03	 8.67e-01 Accepted	 428	 1772	
887	 5.4219632e-01	 +7.3865340e-04 +2.1009048e-03	 8.77e-01 Accepted	 428	 1788	
888	 5.4233131e-01	 +5.2542641e-04 +1.5603680e-03	 1.47e+00 Accepted	 426	 1787	
889	 5.4246195e-01	 +2.8832124e-03 -1.1437489e-03	 1.44e+00 Accepted	 429	 1756	
890	 5.4252554e-01	 +1.8084770e-03 +3.3184380e-03	 1.06e+00 Accepted	 422	 1766	
891	 5.4236430e-01	 +3.3804001e-03 -2.1411869e-03	 8.52e-01 Accepted	 420	 1788	
892	 5.4230258e-01	 +2.8044247e-03 -1.9519476e-03	 8.11e-01 Accepted	 420	 1747	
893	 5.4217839e-01	 -2.7311580e-04 -2.9821275e-03	 1.46e+00 Accepted	 423	 1774	
894	 5.4213912e-01	 +1.2114950e-03 -3.0271658e-03	 1.22e+00 Accepted	 427	 1776	
895	 5.4223742e-01	 -1.2287388e-03 +8.7764329e-04	 1.04e+00 Accepted	 417	 1717	
896	 5.4239917e-01	 +2.0773240e-03 +2.6088817e-04	 1.10e+00 Accepted	 415	 1730	
897	 5.4219558e-01	 +2.3361141e-03 -9.2664120e-04	 9.32e-01 Accepted	 415	 1750	
898	 5.4248511e-01	 -4.7953221e-04 -1.1419069e-03	 1.15e+00 Accepted	 421	 1737	
899	 5.4222617e-01	 +9.9963964e-04 +5.3528587e-04	 7.30e-01 Accepted	 423	 1824	
