# Starting_type: HotStart
# serial RNG seed: 	[799 2537 23206 14698 27469]
# parallel RNG seed:	[6904 20368 35034 23326 63701]
# Trajectory_length / Number_of_MD_steps: 1 / 7
# 	 Plaquette	 Polyakov_Loop(re,im)	 Acc._Probability	 runtime_per_traj(s)	 CG_iterations	
1	 2.2058720e-01	 +2.8110292e-03 -2.3633187e-04	 4.67e+33 Accepted	 99	 313	
2	 3.0812049e-01	 -1.3721528e-03 -2.3614570e-03	 3.34e+15 Accepted	 118	 422	
3	 3.5417695e-01	 -1.3666052e-03 -1.2010524e-03	 1.21e+09 Accepted	 141	 523	
4	 3.8208204e-01	 -6.0875726e-04 -1.9440200e-03	 6.58e+05 Accepted	 163	 614	
5	 4.0100721e-01	 -1.3054353e-04 +1.7303787e-03	 2.65e+04 Accepted	 184	 714	
6	 4.1466678e-01	 +4.1569458e-03 +6.0771833e-04	 1.52e+03 Accepted	 205	 806	
7	 4.2515148e-01	 +5.2048241e-04 -1.8333769e-03	 2.75e+02 Accepted	 224	 891	
8	 4.3301943e-01	 +8.3933016e-04 +8.7005879e-04	 1.10e+02 Accepted	 242	 960	
9	 4.3938504e-01	 -3.4942003e-03 -5.3926023e-04	 5.69e+01 Accepted	 257	 1048	
10	 4.4503130e-01	 +8.6286042e-04 +4.3958650e-04	 2.93e+01 Accepted	 274	 1138	
11	 4.4986219e-01	 -8.1027643e-04 -3.0734150e-03	 1.70e+01 Accepted	 290	 1186	
12	 4.5371654e-01	 +8.6218730e-04 -4.6912283e-04	 1.24e+01 Accepted	 303	 1283	
13	 4.5756451e-01	 +5.0398883e-04 -6.2383834e-05	 1.01e+01 Accepted	 318	 1316	
14	 4.6046300e-01	 -2.5115851e-04 -6.7225902e-04	 8.62e+00 Accepted	 329	 1400	
15	 4.6309091e-01	 -2.6641701e-04 +4.1734299e-04	 6.92e+00 Accepted	 342	 1430	
16	 4.6585013e-01	 +4.6292828e-05 -1.4657388e-03	 4.98e+00 Accepted	 351	 1489	
17	 4.6821844e-01	 +1.5241375e-03 -2.2227801e-03	 3.25e+00 Accepted	 364	 1529	
18	 4.7051332e-01	 -5.2231202e-05 +1.1198965e-04	 6.83e+00 Accepted	 373	 1601	
19	 4.7258458e-01	 +1.9720376e-04 -9.2670213e-04	 4.30e+00 Accepted	 389	 1679	
20	 4.7439848e-01	 -1.4029829e-03 +9.9016117e-04	 4.25e+00 Accepted	 401	 1726	
21	 4.7577004e-01	 -1.4652797e-04 +1.7575511e-03	 2.60e+00 Accepted	 413	 1750	
22	 4.7764306e-01	 +4.7452715e-03 -5.3356052e-04	 2.63e+00 Accepted	 422	 1835	
23	 4.7919632e-01	 +2.5108511e-04 +6.5577261e-04	 3.37e+00 Accepted	 439	 1866	
24	 4.8044441e-01	 -2.8892786e-04 +7.5287482e-04	 1.94e+00 Accepted	 447	 1917	
25	 4.8179343e-01	 +1.5357327e-04 -2.5820964e-03	 2.84e+00 Accepted	 457	 2002	
26	 4.8336438e-01	 -3.7516050e-03 +1.8859700e-03	 4.74e+00 Accepted	 470	 2040	
27	 4.8450679e-01	 -1.6069860e-03 -2.7282871e-04	 1.65e+00 Accepted	 482	 2100	
28	 4.8529995e-01	 -2.1667992e-03 +8.0061905e-04	 2.79e+00 Accepted	 488	 2086	
29	 4.8669848e-01	 +5.2478426e-04 +3.1783442e-04	 3.56e+00 Accepted	 488	 2206	
30	 4.8773649e-01	 +3.2418039e-04 +2.0700683e-04	 1.67e+00 Accepted	 503	 2164	
31	 4.8898944e-01	 +1.8179005e-03 -3.0874479e-03	 1.95e+00 Accepted	 516	 2349	
32	 4.9016619e-01	 +1.2204283e-03 -7.9784083e-04	 1.37e+00 Accepted	 526	 2257	
33	 4.9147519e-01	 -3.1708934e-04 -9.9532635e-04	 4.17e+00 Accepted	 526	 2288	
34	 4.9215344e-01	 +3.0663439e-04 -2.3385633e-05	 3.17e+00 Accepted	 535	 2363	
35	 4.9334045e-01	 -3.5063137e-04 +3.4937937e-04	 2.47e+00 Accepted	 549	 2577	
36	 4.9366559e-01	 +1.6637758e-03 -1.4981178e-03	 1.40e+00 Accepted	 592	 2583	
37	 4.9438282e-01	 +3.8215557e-04 +1.4877159e-03	 1.77e+00 Accepted	 581	 2554	
38	 4.9450577e-01	 -1.7944988e-03 -8.7151656e-04	 7.71e-01 Accepted	 582	 2563	
39	 4.9550237e-01	 +4.1429759e-03 -7.9704571e-04	 1.08e+00 Accepted	 580	 2597	
40	 4.9629783e-01	 +2.1583571e-03 -5.2505432e-04	 4.21e+00 Accepted	 595	 2593	
41	 4.9751851e-01	 +2.5788953e-04 +3.1978974e-03	 1.52e+00 Accepted	 607	 2791	
42	 4.9827163e-01	 +3.9501932e-03 -1.8477256e-03	 1.91e+00 Accepted	 641	 2896	
43	 4.9916613e-01	 +3.1848429e-04 -1.5158571e-03	 1.19e+00 Accepted	 667	 3019	
44	 4.9966272e-01	 -1.9661421e-05 -2.0363054e-03	 1.79e+00 Accepted	 666	 2803	
45	 5.0031830e-01	 +3.4146875e-04 -1.4676579e-03	 9.07e-01 Accepted	 642	 2842	
46	 5.0133384e-01	 -1.1130040e-03 +3.0336368e-04	 1.55e+00 Accepted	 649	 2910	
47	 5.0257943e-01	 -7.0415183e-05 -7.1921681e-04	 2.60e+00 Accepted	 656	 2910	
48	 5.0287536e-01	 +1.0875867e-03 +6.7547461e-04	 8.75e-01 Accepted	 668	 2987	
49	 5.0371803e-01	 +1.3602106e-03 +1.4459887e-03	 2.33e+00 Accepted	 680	 3061	
50	 5.0456534e-01	 -6.3540836e-04 -1.0999930e-03	 1.96e+00 Accepted	 696	 3194	
51	 5.0492160e-01	 +6.2525046e-04 +2.1931669e-03	 7.45e-01 Accepted	 710	 3070	
52	 5.0583108e-01	 -7.7537731e-04 -2.2125840e-04	 1.40e+00 Accepted	 707	 3135	
53	 5.0647459e-01	 +2.1404882e-03 +3.9275784e-03	 9.89e-01 Accepted	 715	 3174	
54	 5.0667711e-01	 +1.9918690e-04 +1.5230684e-03	 8.48e-01 Accepted	 710	 3195	
55	 5.0719558e-01	 +8.9860087e-04 -2.0085255e-03	 2.10e+00 Accepted	 726	 3288	
56	 5.0690411e-01	 +6.4062463e-04 -8.3007287e-04	 1.23e+00 Accepted	 734	 3293	
57	 5.0775566e-01	 -8.0059599e-04 +1.4970519e-03	 1.19e+00 Accepted	 735	 3374	
58	 5.0785329e-01	 +1.2513035e-03 +9.7284178e-04	 1.16e+00 Accepted	 762	 3406	
59	 5.0804238e-01	 +5.0303267e-04 +5.9648929e-04	 7.18e-01 Accepted	 753	 3330	
60	 5.0905963e-01	 +4.7448438e-04 -5.9991725e-04	 1.03e+00 Accepted	 764	 3639	
61	 5.0908408e-01	 +7.9295641e-04 -1.0055199e-03	 1.02e+00 Accepted	 800	 3520	
62	 5.0908408e-01	 +7.9295641e-04 -1.0055199e-03	 8.12e-01 Rejected	 784	 3461	
63	 5.0937400e-01	 -3.0482405e-04 -1.1417616e-04	 8.59e-01 Accepted	 785	 3509	
64	 5.0975717e-01	 +1.0607353e-04 +1.1159158e-03	 1.10e+00 Accepted	 797	 3522	
65	 5.1011673e-01	 +5.6712247e-04 +8.7727327e-04	 1.54e+00 Accepted	 804	 3679	
66	 5.1073933e-01	 -3.1444336e-03 -3.5397461e-05	 7.44e-01 Accepted	 823	 3835	
67	 5.1105473e-01	 -2.2551712e-03 -8.6920277e-04	 1.43e+00 Accepted	 829	 3605	
68	 5.1105473e-01	 -2.2551712e-03 -8.6920277e-04	 7.37e-01 Rejected	 812	 3737	
69	 5.1133325e-01	 -5.9149915e-04 +6.9363196e-04	 1.48e+00 Accepted	 822	 3762	
70	 5.1154008e-01	 +1.1302322e-03 +2.2941691e-04	 9.69e-01 Accepted	 842	 3866	
71	 5.1256971e-01	 -8.6994053e-04 +3.2142603e-03	 4.74e+00 Accepted	 868	 3927	
72	 5.1256971e-01	 -8.6994053e-04 +3.2142603e-03	 7.27e-01 Rejected	 873	 3877	
73	 5.1251844e-01	 -1.9186095e-03 +1.5212556e-03	 7.62e-01 Accepted	 862	 3799	
74	 5.1309504e-01	 -1.6123797e-03 -3.3698355e-04	 8.29e-01 Accepted	 848	 3836	
75	 5.1309504e-01	 -1.6123797e-03 -3.3698355e-04	 5.46e-01 Rejected	 873	 3966	
76	 5.1317963e-01	 -1.3962724e-03 -7.9265987e-04	 1.25e+00 Accepted	 888	 3992	
# Starting_type: CheckpointStart
# Trajectory_length / Number_of_MD_steps: 1 / 7
# 	 Plaquette	 Polyakov_Loop(re,im)	 Acc._Probability	 runtime_per_traj(s)	 CG_iterations	
77	 5.1354092e-01	 -1.0955416e-03 -1.0428825e-04	 1.57e+00 Accepted	 887	 3790	
78	 5.1387973e-01	 +1.0604335e-03 +1.3055247e-03	 1.20e+00 Accepted	 847	 3784	
79	 5.1417942e-01	 +3.6562266e-03 +5.1478364e-04	 1.30e+00 Accepted	 856	 3818	
80	 5.1427411e-01	 +1.5171020e-03 +1.2854213e-03	 1.69e+00 Accepted	 863	 4016	
81	 5.1427411e-01	 +1.5171020e-03 +1.2854213e-03	 3.82e-01 Rejected	 878	 3953	
82	 5.1415782e-01	 +5.0132648e-04 +5.4962592e-03	 1.11e+00 Accepted	 879	 3916	
83	 5.1461456e-01	 -1.9111695e-03 -3.0810914e-03	 1.55e+00 Accepted	 882	 4003	
84	 5.1494219e-01	 +1.4384766e-03 -1.8364875e-03	 6.92e-01 Accepted	 888	 4003	
85	 5.1504488e-01	 +2.6005903e-03 +2.9462651e-04	 1.22e+00 Accepted	 884	 4096	
86	 5.1553993e-01	 +8.5695775e-04 -8.8673002e-04	 2.23e+00 Accepted	 907	 4180	
87	 5.1576879e-01	 +1.0384166e-03 -2.3832434e-04	 2.77e+00 Accepted	 903	 4058	
88	 5.1560939e-01	 +1.0028578e-03 +2.1021886e-03	 8.93e-01 Accepted	 892	 4031	
89	 5.1594462e-01	 +2.3334552e-03 -4.4835570e-04	 6.70e-01 Accepted	 900	 4084	
90	 5.1602911e-01	 -1.7158940e-03 -2.2359737e-03	 8.16e-01 Accepted	 897	 4101	
91	 5.1682895e-01	 +1.5381028e-03 +1.9363996e-03	 2.06e+00 Accepted	 903	 4183	
92	 5.1713872e-01	 +3.6374404e-04 -2.3965522e-03	 7.10e-01 Accepted	 913	 4054	
93	 5.1713872e-01	 +3.6374404e-04 -2.3965522e-03	 3.69e-01 Rejected	 909	 4151	
94	 5.1753864e-01	 -6.6004028e-04 +9.4938293e-04	 1.66e+00 Accepted	 919	 4282	
95	 5.1762661e-01	 +1.0756203e-03 +5.2648996e-04	 1.04e+00 Accepted	 934	 4235	
96	 5.1803681e-01	 -9.0911290e-05 +1.3280503e-03	 5.58e-01 Accepted	 936	 4307	
97	 5.1839545e-01	 -3.0453637e-03 +2.3058590e-04	 1.52e+00 Accepted	 935	 4258	
98	 5.1826525e-01	 +2.7432905e-03 -2.2191721e-03	 4.68e-01 Accepted	 927	 4339	
99	 5.1899000e-01	 -1.4805227e-03 +1.6251260e-03	 7.65e-01 Accepted	 955	 4398	
100	 5.1956357e-01	 -1.2039727e-03 +3.0711782e-03	 5.86e-01 Accepted	 949	 4361	
101	 5.1957318e-01	 +4.7418696e-04 +1.6519004e-03	 1.52e+00 Accepted	 950	 4242	
102	 5.1954221e-01	 -3.0982904e-04 -1.5586758e-03	 1.68e+00 Accepted	 963	 4595	
103	 5.1929855e-01	 -2.4363416e-05 -1.3309800e-05	 1.45e+00 Accepted	 996	 4444	
104	 5.1959347e-01	 -1.0273279e-03 +2.6251982e-03	 1.22e+00 Accepted	 970	 4423	
105	 5.1959347e-01	 -1.0273279e-03 +2.6251982e-03	 7.69e-01 Rejected	 982	 4478	
106	 5.1980776e-01	 +7.1045198e-04 +1.1070793e-03	 1.50e+00 Accepted	 974	 4488	
107	 5.1980776e-01	 +7.1045198e-04 +1.1070793e-03	 3.30e-01 Rejected	 1003	 4587	
108	 5.2033690e-01	 -1.1042047e-03 -1.5024108e-03	 1.74e+00 Accepted	 994	 4498	
109	 5.2074052e-01	 -1.8047196e-03 +1.6762899e-03	 6.83e-01 Accepted	 991	 4559	
110	 5.2074176e-01	 +9.7825322e-04 +7.5743909e-04	 1.15e+00 Accepted	 993	 4454	
111	 5.2087839e-01	 +9.5109849e-04 -2.8341719e-03	 8.71e-01 Accepted	 983	 4640	
112	 5.2083971e-01	 -6.4974416e-04 -4.3134960e-04	 5.52e-01 Accepted	 1026	 4620	
113	 5.2037241e-01	 +3.1385896e-03 +7.8563695e-04	 4.23e-01 Accepted	 1017	 4640	
114	 5.2091677e-01	 +5.9076683e-04 -1.0338268e-03	 1.78e+00 Accepted	 994	 4477	
115	 5.2141707e-01	 -1.4858424e-03 +1.3920550e-03	 1.07e+00 Accepted	 996	 4644	
116	 5.2169930e-01	 +2.3973228e-04 +1.6014955e-04	 5.39e-01 Accepted	 1001	 4679	
117	 5.2183944e-01	 +9.5897146e-04 +1.5845966e-03	 6.78e-01 Accepted	 1016	 4707	
118	 5.2230431e-01	 +1.9103609e-03 +3.5356392e-05	 1.07e+00 Accepted	 1006	 4677	
119	 5.2215397e-01	 +1.3986702e-03 +2.1303153e-03	 1.38e+00 Accepted	 1002	 4557	
120	 5.2242550e-01	 +9.6195350e-04 +7.3760509e-04	 1.82e+00 Accepted	 1008	 4826	
121	 5.2238567e-01	 +7.6000645e-04 -1.1124401e-03	 1.08e+00 Accepted	 1059	 4767	
# Starting_type: CheckpointStart
# Trajectory_length / Number_of_MD_steps: 1 / 7
# 	 Plaquette	 Polyakov_Loop(re,im)	 Acc._Probability	 runtime_per_traj(s)	 CG_iterations	
121	 5.2238567e-01	 +7.6000645e-04 -1.1124401e-03	 1.08e+00 Accepted	 1092	 4767	
122	 5.2234344e-01	 +2.1558850e-03 +1.3239277e-03	 6.78e-01 Accepted	 1054	 4779	
123	 5.2234344e-01	 +2.1558850e-03 +1.3239277e-03	 6.98e-01 Rejected	 1046	 4895	
124	 5.2254677e-01	 -8.8092598e-05 -4.7544800e-04	 1.07e+00 Accepted	 1038	 4716	
125	 5.2240315e-01	 +8.6723050e-04 +1.6297575e-03	 4.92e-01 Accepted	 1035	 4782	
126	 5.2221544e-01	 +2.3797280e-03 -2.9879839e-04	 5.54e-01 Accepted	 1084	 5041	
127	 5.2240388e-01	 -1.2836877e-03 +1.0279689e-03	 3.17e+00 Accepted	 1095	 4789	
128	 5.2260971e-01	 +2.1548326e-03 +2.2939380e-04	 4.04e-01 Accepted	 1050	 4697	
129	 5.2260971e-01	 +2.1548326e-03 +2.2939380e-04	 3.38e-01 Rejected	 1022	 4694	
130	 5.2263537e-01	 -1.8040256e-03 -2.7450665e-03	 7.53e-01 Accepted	 1028	 4669	
131	 5.2263537e-01	 -1.8040256e-03 -2.7450665e-03	 8.45e-01 Rejected	 1068	 5072	
132	 5.2246883e-01	 +6.1199560e-04 +5.4609287e-04	 1.32e+00 Accepted	 1031	 4783	
133	 5.2246883e-01	 +6.1199560e-04 +5.4609287e-04	 3.73e-01 Rejected	 1038	 4652	
134	 5.2246883e-01	 +6.1199560e-04 +5.4609287e-04	 8.23e-01 Rejected	 1051	 4815	
135	 5.2246883e-01	 +6.1199560e-04 +5.4609287e-04	 6.37e-01 Rejected	 1060	 4818	
136	 5.2236039e-01	 +7.5283166e-04 +1.1034489e-03	 2.38e+00 Accepted	 1048	 4768	
137	 5.2240181e-01	 +1.6856472e-03 +5.5454268e-04	 1.54e+00 Accepted	 1047	 4685	
138	 5.2216976e-01	 -2.7377275e-03 +8.8257501e-04	 1.17e+00 Accepted	 1046	 4762	
139	 5.2216976e-01	 -2.7377275e-03 +8.8257501e-04	 3.14e-01 Rejected	 1048	 4613	
140	 5.2216976e-01	 -2.7377275e-03 +8.8257501e-04	 4.40e-01 Rejected	 1042	 4731	
141	 5.2253983e-01	 +2.9257211e-04 -2.4599011e-03	 1.46e+00 Accepted	 1039	 4718	
142	 5.2241686e-01	 -3.3392119e-04 +2.9519345e-04	 2.47e+00 Accepted	 1057	 4886	
143	 5.2233456e-01	 +8.8587519e-04 +2.4420958e-04	 1.04e+00 Accepted	 1079	 5087	
144	 5.2260705e-01	 +8.0396415e-04 -4.6542692e-04	 1.25e+00 Accepted	 1064	 4818	
145	 5.2256487e-01	 -1.4915663e-03 -6.2030711e-04	 2.35e+00 Accepted	 1039	 4765	
146	 5.2256487e-01	 -1.4915663e-03 -6.2030711e-04	 4.84e-01 Rejected	 1043	 4750	
147	 5.2256487e-01	 -1.4915663e-03 -6.2030711e-04	 3.96e-01 Rejected	 1050	 4856	
148	 5.2256487e-01	 -1.4915663e-03 -6.2030711e-04	 4.71e-01 Rejected	 1031	 4674	
149	 5.2229078e-01	 -1.0053422e-04 -1.9662777e-03	 1.40e+00 Accepted	 1055	 4931	
150	 5.2229078e-01	 -1.0053422e-04 -1.9662777e-03	 5.07e-01 Rejected	 1055	 4758	
151	 5.2276472e-01	 -2.7462921e-04 -1.0990769e-04	 7.52e-01 Accepted	 1058	 4883	
152	 5.2259788e-01	 -2.4058355e-03 -1.2110651e-03	 1.24e+00 Accepted	 1062	 4800	
153	 5.2293377e-01	 -7.0010082e-04 +1.0353245e-03	 8.81e-01 Accepted	 1039	 4743	
154	 5.2309813e-01	 +5.0512040e-04 -3.8998084e-05	 1.21e+00 Accepted	 1038	 4753	
155	 5.2321607e-01	 -1.9540974e-04 +9.4075236e-04	 1.03e+00 Accepted	 1035	 4760	
156	 5.2363199e-01	 +3.2931157e-04 -3.2469057e-04	 6.90e-01 Accepted	 1051	 4822	
157	 5.2341939e-01	 -2.0354707e-04 +1.6465383e-03	 1.18e+00 Accepted	 1082	 4966	
158	 5.2327752e-01	 +2.6034292e-03 +6.3640210e-05	 7.85e-01 Accepted	 1095	 4965	
159	 5.2366868e-01	 +7.5335113e-04 -3.6988271e-04	 1.50e+00 Accepted	 1077	 4805	
160	 5.2335336e-01	 -2.7984918e-04 +3.6017977e-03	 7.26e-01 Accepted	 1064	 4876	
# Starting_type: CheckpointStart
# Trajectory_length / Number_of_MD_steps: 1 / 7
# 	 Plaquette	 Polyakov_Loop(re,im)	 Acc._Probability	 runtime_per_traj(s)	 CG_iterations	
161	 5.2390920e-01	 -1.3272927e-03 -9.7556218e-04	 2.96e+00 Accepted	 1111	 4974	
162	 5.2372082e-01	 +9.6220643e-04 -6.1748971e-04	 6.55e-01 Accepted	 1082	 4838	
163	 5.2386265e-01	 +3.3917396e-04 -4.3337282e-05	 4.96e-01 Accepted	 1094	 4926	
164	 5.2379733e-01	 +3.5779275e-04 -1.0111070e-03	 1.81e+00 Accepted	 1060	 4755	
165	 5.2377010e-01	 +8.0051252e-04 -5.5453175e-04	 7.52e-01 Accepted	 1055	 4821	
166	 5.2339292e-01	 +1.2675945e-03 -7.7185513e-04	 6.04e-01 Accepted	 1045	 4729	
167	 5.2328464e-01	 +3.0453442e-04 +3.4579448e-03	 1.15e+00 Accepted	 1045	 4737	
168	 5.2328464e-01	 +3.0453442e-04 +3.4579448e-03	 5.10e-01 Rejected	 1056	 4879	
169	 5.2338483e-01	 +2.4779909e-03 -1.5557089e-03	 7.10e-01 Accepted	 1060	 4961	
170	 5.2338483e-01	 +2.4779909e-03 -1.5557089e-03	 2.97e-01 Rejected	 1089	 4897	
171	 5.2438701e-01	 -1.4819844e-03 -1.6745362e-03	 3.20e+00 Accepted	 1110	 5156	
172	 5.2438701e-01	 -1.4819844e-03 -1.6745362e-03	 2.62e-01 Rejected	 1117	 5046	
173	 5.2419252e-01	 +2.1455240e-03 +8.2703312e-04	 6.66e-01 Accepted	 1133	 5059	
174	 5.2421205e-01	 +1.5123561e-03 -8.8917412e-04	 7.43e-01 Accepted	 1090	 4845	
175	 5.2415957e-01	 +1.1900889e-04 -4.6233561e-04	 6.31e-01 Accepted	 1066	 4965	
176	 5.2347735e-01	 +7.9067289e-04 -1.6217184e-04	 1.04e+00 Accepted	 1067	 4698	
177	 5.2347735e-01	 +7.9067289e-04 -1.6217184e-04	 9.36e-01 Rejected	 1039	 4946	
178	 5.2354507e-01	 +1.0245526e-04 -1.9345198e-03	 1.64e+00 Accepted	 1067	 4941	
179	 5.2354507e-01	 +1.0245526e-04 -1.9345198e-03	 8.48e-01 Rejected	 1078	 4814	
180	 5.2360244e-01	 +1.8228773e-03 -1.0670865e-03	 2.31e+00 Accepted	 1118	 5196	
181	 5.2360244e-01	 +1.8228773e-03 -1.0670865e-03	 2.13e-01 Rejected	 1132	 4986	
182	 5.2365858e-01	 -1.2179088e-03 +2.4982770e-03	 5.67e+00 Accepted	 1146	 5230	
183	 5.2350345e-01	 +2.1254734e-03 -1.6362387e-03	 4.90e-01 Accepted	 1132	 4954	
184	 5.2373028e-01	 +7.1085277e-04 +6.2249459e-05	 5.79e-01 Accepted	 1104	 5038	
185	 5.2406683e-01	 +1.7257912e-03 +2.0915978e-03	 7.95e-01 Accepted	 1104	 4953	
186	 5.2406683e-01	 +1.7257912e-03 +2.0915978e-03	 6.37e-01 Rejected	 1076	 4887	
187	 5.2394268e-01	 +1.2289214e-03 -1.5220930e-04	 1.15e+00 Accepted	 1085	 5076	
188	 5.2383536e-01	 +1.5027595e-03 -6.2300995e-04	 8.74e-01 Accepted	 1108	 4941	
189	 5.2368737e-01	 -9.1301597e-04 +4.8273067e-04	 1.41e+00 Accepted	 1080	 4901	
190	 5.2366408e-01	 +2.2886994e-03 +5.4861675e-04	 7.76e-01 Accepted	 1081	 4941	
191	 5.2385148e-01	 -1.4584425e-03 -1.3686832e-04	 1.19e+00 Accepted	 1084	 4825	
192	 5.2387730e-01	 -1.2104593e-03 -1.1926602e-03	 1.40e+00 Accepted	 1109	 5378	
193	 5.2401591e-01	 -2.5449778e-04 -3.2577543e-04	 3.07e+00 Accepted	 1137	 4990	
194	 5.2412019e-01	 +4.7369931e-04 +9.5882298e-05	 1.37e+00 Accepted	 1105	 4900	
195	 5.2412019e-01	 +4.7369931e-04 +9.5882298e-05	 9.01e-01 Rejected	 1077	 5099	
196	 5.2437214e-01	 +1.0010656e-03 +4.2123331e-04	 8.30e-01 Accepted	 1096	 5056	
197	 5.2463599e-01	 -1.1869188e-03 +8.2729829e-04	 1.33e+00 Accepted	 1111	 4984	
198	 5.2416851e-01	 +2.4034748e-03 +8.8268096e-04	 7.29e-01 Accepted	 1116	 5178	
199	 5.2419401e-01	 -3.2621473e-04 -3.9734584e-04	 6.05e-01 Accepted	 1139	 5184	
# Starting_type: CheckpointStart
# Trajectory_length / Number_of_MD_steps: 1 / 7
# 	 Plaquette	 Polyakov_Loop(re,im)	 Acc._Probability	 runtime_per_traj(s)	 CG_iterations	
199	 5.2419401e-01	 -3.2621473e-04 -3.9734584e-04	 6.05e-01 Accepted	 1163	 5184	
200	 5.2363284e-01	 +6.9699737e-04 +6.5115902e-04	 1.15e+00 Accepted	 1115	 5041	
201	 5.2371667e-01	 +9.9926292e-04 +8.7525680e-04	 2.00e-01 Accepted	 1090	 4752	
202	 5.2399292e-01	 -1.9645257e-04 -4.2217160e-04	 1.33e+00 Accepted	 1065	 4980	
203	 5.2408700e-01	 +3.3600409e-03 -1.4175957e-03	 2.05e+00 Accepted	 1080	 5022	
204	 5.2407055e-01	 -2.3660484e-03 +8.3056290e-04	 1.55e+00 Accepted	 1089	 4892	
205	 5.2468079e-01	 -2.9810203e-03 -8.1915876e-04	 2.43e+00 Accepted	 1087	 5104	
206	 5.2453213e-01	 +1.2904912e-03 +1.2380040e-03	 1.05e+00 Accepted	 1124	 5304	
207	 5.2453251e-01	 +1.5148016e-03 +9.2229236e-06	 5.39e-01 Accepted	 1127	 4963	
208	 5.2467657e-01	 -1.2442171e-06 -1.4018634e-04	 1.12e+00 Accepted	 1105	 5041	
209	 5.2495322e-01	 -1.1470808e-04 +1.6789751e-03	 1.04e+00 Accepted	 1101	 4941	
210	 5.2455774e-01	 -9.0683536e-04 +2.2354832e-03	 3.54e-01 Accepted	 1109	 5052	
211	 5.2426370e-01	 +2.5120045e-03 -1.6901985e-03	 8.22e-01 Accepted	 1102	 5096	
212	 5.2411410e-01	 +4.6211273e-03 -1.9242294e-03	 1.17e+00 Accepted	 1120	 5215	
213	 5.2395755e-01	 +3.9096800e-03 +7.1796593e-04	 2.28e+00 Accepted	 1117	 5040	
214	 5.2384938e-01	 +1.0522145e-03 -1.5527350e-03	 1.10e+00 Accepted	 1105	 4976	
215	 5.2429259e-01	 +1.9156359e-03 +1.0055602e-04	 1.03e+00 Accepted	 1119	 5252	
216	 5.2437387e-01	 +3.8252947e-04 -4.2215877e-05	 1.33e+00 Accepted	 1134	 4955	
217	 5.2429221e-01	 +7.5727840e-04 -7.5502287e-04	 6.45e-01 Accepted	 1091	 4803	
218	 5.2427790e-01	 -7.7913402e-05 -1.0249735e-03	 1.74e+00 Accepted	 1067	 5061	
219	 5.2427790e-01	 -7.7913402e-05 -1.0249735e-03	 6.90e-01 Rejected	 1105	 5130	
220	 5.2427790e-01	 -7.7913402e-05 -1.0249735e-03	 4.21e-01 Rejected	 1095	 4820	
221	 5.2452338e-01	 +9.6282689e-04 +4.4892617e-04	 2.38e+00 Accepted	 1095	 5019	
222	 5.2498163e-01	 -5.9427622e-05 -2.2551455e-03	 1.10e+00 Accepted	 1096	 4894	
223	 5.2466849e-01	 -3.3434091e-03 -2.2797729e-03	 1.11e+00 Accepted	 1084	 4877	
224	 5.2466849e-01	 -3.3434091e-03 -2.2797729e-03	 5.03e-01 Rejected	 1071	 4809	
225	 5.2461109e-01	 +9.4847850e-04 +3.6308627e-03	 1.57e+00 Accepted	 1083	 4981	
226	 5.2474815e-01	 -5.3969467e-04 +1.4366511e-03	 1.47e+00 Accepted	 1082	 4956	
227	 5.2474815e-01	 -5.3969467e-04 +1.4366511e-03	 7.76e-01 Rejected	 1101	 5101	
228	 5.2510832e-01	 -6.0245218e-04 +1.8425610e-03	 8.08e-01 Accepted	 1067	 4804	
229	 5.2522193e-01	 -1.2755465e-04 +2.9446616e-03	 1.07e+00 Accepted	 1084	 5067	
230	 5.2555437e-01	 -5.0424626e-04 +8.3252293e-04	 6.39e-01 Accepted	 1107	 5145	
231	 5.2553822e-01	 +4.8048534e-04 +1.6068326e-03	 5.39e-01 Accepted	 1121	 5096	
232	 5.2550817e-01	 +9.4971987e-04 +1.4316102e-03	 1.18e+00 Accepted	 1092	 5025	
233	 5.2603244e-01	 +1.6200768e-03 +5.9078959e-05	 2.21e+00 Accepted	 1092	 5057	
234	 5.2634661e-01	 +2.4095871e-03 -1.1302013e-03	 8.97e-01 Accepted	 1114	 5049	
235	 5.2634661e-01	 +2.4095871e-03 -1.1302013e-03	 7.09e-01 Rejected	 1106	 4967	
236	 5.2591056e-01	 -1.2326173e-03 -1.9072511e-03	 7.62e-01 Accepted	 1117	 5069	
237	 5.2590395e-01	 +1.1963867e-03 -3.3859979e-03	 2.17e+00 Accepted	 1126	 5264	
# Starting_type: CheckpointStart
# Trajectory_length / Number_of_MD_steps: 1 / 7
# 	 Plaquette	 Polyakov_Loop(re,im)	 Acc._Probability	 runtime_per_traj(s)	 CG_iterations	
237	 5.2590395e-01	 +1.1963867e-03 -3.3859979e-03	 2.17e+00 Accepted	 863	 5264	
238	 5.2619116e-01	 +4.2713754e-04 +3.7473803e-04	 8.77e-01 Accepted	 854	 5093	
239	 5.2637958e-01	 +1.0343700e-03 -2.1204231e-03	 1.44e+00 Accepted	 865	 5260	
240	 5.2677990e-01	 -1.6067072e-03 -6.9250903e-04	 7.72e-01 Accepted	 847	 5305	
241	 5.2645069e-01	 +3.4574826e-03 -4.1047550e-04	 8.05e-01 Accepted	 832	 5274	
242	 5.2608558e-01	 +3.0044967e-03 +4.0236511e-03	 7.07e-01 Accepted	 807	 5117	
243	 5.2613381e-01	 -1.5792783e-04 -1.6799318e-03	 3.06e-01 Accepted	 795	 5177	
244	 5.2613381e-01	 -1.5792783e-04 -1.6799318e-03	 5.26e-01 Rejected	 789	 5016	
245	 5.2564778e-01	 +2.7805746e-03 +2.7575532e-03	 6.05e-01 Accepted	 821	 5360	
246	 5.2528247e-01	 +1.6967593e-03 +1.4415364e-03	 7.69e-01 Accepted	 833	 5379	
247	 5.2553852e-01	 +1.0007712e-04 -6.4662809e-04	 1.42e+00 Accepted	 830	 5257	
248	 5.2576892e-01	 +2.6655438e-03 -1.9891844e-03	 1.74e+00 Accepted	 829	 5363	
249	 5.2623640e-01	 +2.7512308e-03 +3.7282692e-03	 2.20e+00 Accepted	 816	 5176	
250	 5.2601385e-01	 +2.4417077e-03 +2.7502410e-04	 5.49e-01 Accepted	 808	 5124	
251	 5.2639549e-01	 +1.8706369e-03 +1.0207712e-03	 8.26e-01 Accepted	 792	 4937	
252	 5.2639549e-01	 +1.8706369e-03 +1.0207712e-03	 6.14e-01 Rejected	 772	 5004	
253	 5.2639549e-01	 +1.8706369e-03 +1.0207712e-03	 6.99e-01 Rejected	 789	 5082	
254	 5.2627042e-01	 +3.0406345e-03 -2.4334922e-03	 9.93e-01 Accepted	 777	 4995	
255	 5.2632703e-01	 +2.4853387e-03 +6.4507064e-04	 7.87e-01 Accepted	 793	 5109	
256	 5.2688984e-01	 +3.5618984e-03 -2.4863617e-04	 1.27e+00 Accepted	 794	 5093	
257	 5.2670702e-01	 +1.1252341e-03 +2.2302085e-03	 4.18e-01 Accepted	 793	 5125	
258	 5.2694727e-01	 +1.3528385e-03 +6.3785970e-04	 7.48e-01 Accepted	 797	 5110	
259	 5.2639663e-01	 +3.0909273e-04 -1.3594560e-03	 6.67e-01 Accepted	 805	 5212	
260	 5.2639663e-01	 +3.0909273e-04 -1.3594560e-03	 8.03e-01 Rejected	 826	 5335	
261	 5.2627045e-01	 +9.6662306e-04 +2.8969114e-04	 1.13e+00 Accepted	 828	 5241	
262	 5.2612675e-01	 +1.6132989e-03 +2.4219629e-03	 1.35e+00 Accepted	 812	 5007	
263	 5.2612675e-01	 +1.6132989e-03 +2.4219629e-03	 4.07e-01 Rejected	 792	 5115	
264	 5.2626288e-01	 +2.7656479e-03 +1.3074546e-03	 4.82e+00 Accepted	 791	 5319	
265	 5.2620616e-01	 +2.1283434e-03 +2.4852649e-03	 1.14e+00 Accepted	 828	 5366	
266	 5.2620616e-01	 +2.1283434e-03 +2.4852649e-03	 3.56e-01 Rejected	 806	 5151	
267	 5.2626289e-01	 -7.5799254e-04 +1.3598447e-04	 3.01e-01 Accepted	 819	 5075	
268	 5.2621733e-01	 +1.6399898e-03 +3.1465032e-03	 3.61e+00 Accepted	 814	 5259	
269	 5.2593016e-01	 -5.6272213e-04 +3.3555565e-04	 1.02e+00 Accepted	 822	 5185	
270	 5.2596566e-01	 +6.2283469e-03 +1.6151439e-03	 1.18e+00 Accepted	 808	 5086	
271	 5.2610962e-01	 +8.9342830e-04 -6.7547490e-04	 2.56e+00 Accepted	 810	 5303	
272	 5.2584541e-01	 +1.4368985e-03 +1.6496255e-03	 3.37e-01 Accepted	 828	 5275	
273	 5.2570094e-01	 +1.8478990e-03 +9.9766695e-04	 5.46e-01 Accepted	 822	 5149	
274	 5.2564681e-01	 +1.1272356e-03 -1.3549311e-03	 1.46e+00 Accepted	 818	 5313	
275	 5.2569917e-01	 +1.2206538e-03 +1.4533933e-03	 5.71e-01 Accepted	 816	 5134	
276	 5.2582212e-01	 -2.9378043e-04 +1.1182580e-03	 4.81e-01 Accepted	 809	 5290	
277	 5.2582212e-01	 -2.9378043e-04 +1.1182580e-03	 3.22e-01 Rejected	 849	 5549	
278	 5.2582212e-01	 -2.9378043e-04 +1.1182580e-03	 2.42e-01 Rejected	 818	 5004	
279	 5.2591829e-01	 +9.7215299e-04 -1.2733593e-03	 9.96e-01 Accepted	 819	 4974	
280	 5.2558750e-01	 +2.6678712e-03 -2.0506690e-03	 2.58e+00 Accepted	 815	 5439	
281	 5.2558111e-01	 +3.1603957e-04 +1.7715672e-03	 1.05e+00 Accepted	 836	 5338	
282	 5.2568021e-01	 +3.6164976e-03 +1.7964632e-03	 6.38e-01 Accepted	 814	 5013	
283	 5.2568021e-01	 +3.6164976e-03 +1.7964632e-03	 4.90e-01 Rejected	 788	 5144	
284	 5.2557067e-01	 +1.8052509e-03 -3.2183021e-03	 6.86e-01 Accepted	 786	 4878	
285	 5.2557067e-01	 +1.8052509e-03 -3.2183021e-03	 5.55e-01 Rejected	 765	 4933	
286	 5.2551212e-01	 +1.8191128e-03 -3.2033343e-03	 1.45e+00 Accepted	 775	 5021	
287	 5.2551212e-01	 +1.8191128e-03 -3.2033343e-03	 5.27e-01 Rejected	 791	 5056	
288	 5.2513907e-01	 +1.7096166e-03 -2.0560804e-04	 9.52e-01 Accepted	 792	 5180	
289	 5.2559584e-01	 +1.4324474e-03 -2.8505080e-04	 9.03e-01 Accepted	 800	 5078	
# Starting_type: CheckpointStart
# Trajectory_length / Number_of_MD_steps: 1 / 7
# 	 Plaquette	 Polyakov_Loop(re,im)	 Acc._Probability	 runtime_per_traj(s)	 CG_iterations	
289	 5.2559584e-01	 +1.4324474e-03 -2.8505080e-04	 9.03e-01 Accepted	 856	 5078	
290	 5.2523256e-01	 +4.6503485e-03 +2.2350119e-03	 1.08e+00 Accepted	 804	 5066	
291	 5.2525125e-01	 +1.4981512e-03 -1.6189947e-03	 1.53e+00 Accepted	 797	 5155	
292	 5.2525125e-01	 +1.4981512e-03 -1.6189947e-03	 3.86e-01 Rejected	 798	 5151	
293	 5.2525125e-01	 +1.4981512e-03 -1.6189947e-03	 3.31e-01 Rejected	 811	 5147	
294	 5.2525125e-01	 +1.4981512e-03 -1.6189947e-03	 7.93e-01 Rejected	 806	 5233	
295	 5.2525125e-01	 +1.4981512e-03 -1.6189947e-03	 6.75e-01 Rejected	 783	 4944	
296	 5.2498023e-01	 +3.5897669e-04 -1.5675308e-03	 4.36e-01 Accepted	 795	 5062	
297	 5.2506733e-01	 +2.8900070e-03 -1.0746401e-04	 9.08e-01 Accepted	 778	 4980	
298	 5.2509958e-01	 +4.0572705e-04 -3.3130039e-03	 9.92e-01 Accepted	 781	 5002	
299	 5.2516133e-01	 +1.7046997e-03 -5.2001590e-04	 9.90e-01 Accepted	 772	 4927	
300	 5.2528898e-01	 +1.7150550e-03 -4.8995615e-04	 7.67e-01 Accepted	 770	 4983	
301	 5.2528898e-01	 +1.7150550e-03 -4.8995615e-04	 6.94e-01 Rejected	 780	 5000	
302	 5.2486774e-01	 -9.9680660e-04 +1.6010164e-03	 1.11e+00 Accepted	 777	 5090	
303	 5.2519578e-01	 -5.2401597e-04 +1.8096922e-04	 1.17e+00 Accepted	 787	 4920	
304	 5.2497925e-01	 +7.6913273e-04 -1.1015704e-03	 7.64e-01 Accepted	 768	 4946	
305	 5.2519734e-01	 -2.0850786e-03 +9.6881531e-04	 1.22e+00 Accepted	 785	 5134	
306	 5.2555996e-01	 +1.0101076e-03 +8.4954939e-04	 8.25e-01 Accepted	 807	 5308	
307	 5.2572035e-01	 -2.9039280e-04 -1.0953026e-03	 2.35e+00 Accepted	 818	 5156	
308	 5.2563218e-01	 +1.0577243e-03 -2.2018421e-03	 6.28e-01 Accepted	 779	 4923	
309	 5.2570994e-01	 +5.2793927e-04 +1.3408878e-03	 1.46e+00 Accepted	 776	 4946	
310	 5.2542969e-01	 -8.5057724e-04 +1.4708891e-03	 1.49e+00 Accepted	 786	 5067	
311	 5.2561475e-01	 +1.3129733e-03 +9.3829656e-04	 5.70e-01 Accepted	 803	 5094	
312	 5.2562087e-01	 -5.1995335e-04 +3.3432771e-03	 1.31e+00 Accepted	 799	 5104	
313	 5.2562087e-01	 -5.1995335e-04 +3.3432771e-03	 4.66e-01 Rejected	 789	 5013	
314	 5.2568850e-01	 +2.3248614e-05 -1.7202255e-03	 7.16e-01 Accepted	 802	 5322	
315	 5.2568850e-01	 +2.3248614e-05 -1.7202255e-03	 5.97e-01 Rejected	 815	 5047	
316	 5.2563048e-01	 -1.1989577e-03 -2.3542095e-03	 8.10e-01 Accepted	 836	 5319	
317	 5.2605674e-01	 +9.1879720e-04 -1.0198473e-03	 2.55e+00 Accepted	 815	 5123	
318	 5.2605674e-01	 +9.1879720e-04 -1.0198473e-03	 5.36e-01 Rejected	 820	 5325	
319	 5.2552013e-01	 -1.2398736e-04 -2.4878008e-03	 8.61e-01 Accepted	 808	 5238	
320	 5.2552013e-01	 -1.2398736e-04 -2.4878008e-03	 5.50e-01 Rejected	 813	 5185	
321	 5.2552013e-01	 -1.2398736e-04 -2.4878008e-03	 2.66e-01 Rejected	 810	 4996	
322	 5.2565726e-01	 +1.2143184e-03 -2.0744338e-03	 1.98e+00 Accepted	 808	 5096	
323	 5.2584181e-01	 -7.6604117e-04 -2.2967728e-03	 8.77e-01 Accepted	 806	 5181	
324	 5.2562607e-01	 +2.4554442e-03 -1.7205637e-03	 3.11e-01 Accepted	 793	 5003	
325	 5.2562607e-01	 +2.4554442e-03 -1.7205637e-03	 7.74e-01 Rejected	 790	 4997	
326	 5.2580594e-01	 +3.6924016e-03 +2.5923512e-03	 7.78e-01 Accepted	 792	 5175	
327	 5.2569452e-01	 -2.9645433e-04 -5.0920595e-04	 8.52e-01 Accepted	 811	 5169	
328	 5.2569452e-01	 -2.9645433e-04 -5.0920595e-04	 7.39e-01 Rejected	 797	 5127	
329	 5.2569452e-01	 -2.9645433e-04 -5.0920595e-04	 7.43e-01 Rejected	 810	 5144	
330	 5.2544565e-01	 -9.5089232e-04 -8.7263404e-04	 6.31e-01 Accepted	 800	 4991	
331	 5.2544565e-01	 -9.5089232e-04 -8.7263404e-04	 5.90e-01 Rejected	 783	 5004	
332	 5.2541946e-01	 -1.2178268e-03 -2.7817695e-03	 1.36e+00 Accepted	 789	 5018	
333	 5.2523136e-01	 +1.5052489e-03 +6.9129531e-04	 1.35e+00 Accepted	 782	 4909	
334	 5.2521337e-01	 -4.9838199e-04 -2.5329134e-03	 4.35e-01 Accepted	 770	 5097	
335	 5.2563584e-01	 +9.6784530e-04 -1.3042675e-03	 1.33e+00 Accepted	 789	 5032	
336	 5.2603769e-01	 +1.7506818e-03 -3.6520041e-03	 7.32e-01 Accepted	 791	 5103	
337	 5.2590967e-01	 -2.6523133e-03 -2.8025417e-03	 4.29e-01 Accepted	 792	 5030	
338	 5.2600517e-01	 +1.4791343e-03 -5.9778131e-04	 1.32e+00 Accepted	 807	 5204	
