# Starting_type: ColdStart
# serial RNG seed: 	[33334 1406 30074 59567 26368]
# parallel RNG seed:	[23851 10384 33167 61765 1191]
# Trajectory_length / Number_of_MD_steps: 0.1 / 10
# 	 Plaquette	 Polyakov_Loop(re,im)	 Acc._Probability	 runtime_per_traj(s)	 CG_iterations	
1	 1.0000000e+00	 +1.0000000e+00 +0.0000000e+00	 7.77e-01 Rejected	 126	 290	
2	 1.0000000e+00	 +1.0000000e+00 +0.0000000e+00	 7.77e-01 Rejected	 122	 290	
3	 9.3293143e-01	 +8.6796470e-01 +4.2752602e-05	 7.76e-01 Accepted	 120	 290	
4	 8.8290806e-01	 +7.6840612e-01 -1.8276654e-05	 8.30e-01 Accepted	 128	 299	
5	 8.4430286e-01	 +6.9046706e-01 -8.7405855e-05	 8.68e-01 Accepted	 131	 306	
6	 8.1373163e-01	 +6.2861387e-01 -4.3200685e-04	 8.94e-01 Accepted	 133	 313	
7	 7.8871857e-01	 +5.7515388e-01 -8.2651219e-04	 9.13e-01 Accepted	 135	 319	
8	 7.8871857e-01	 +5.7515388e-01 -8.2651219e-04	 9.30e-01 Rejected	 136	 324	
9	 7.6798053e-01	 +5.3132366e-01 -4.9313955e-04	 9.29e-01 Accepted	 137	 323	
10	 7.5068927e-01	 +4.9462160e-01 -1.9658501e-04	 9.41e-01 Accepted	 138	 329	
11	 7.3594644e-01	 +4.6285791e-01 -1.9568516e-04	 9.50e-01 Accepted	 139	 333	
12	 7.2305765e-01	 +4.3631332e-01 -7.2496644e-04	 9.56e-01 Accepted	 141	 337	
13	 7.1185033e-01	 +4.1211187e-01 -7.0906039e-04	 9.62e-01 Accepted	 141	 340	
14	 7.0214732e-01	 +3.9094796e-01 -9.3641416e-04	 9.68e-01 Accepted	 142	 343	
15	 6.9352988e-01	 +3.7243744e-01 -1.4826036e-03	 9.70e-01 Accepted	 143	 346	
16	 6.8586658e-01	 +3.5493547e-01 -1.2061719e-03	 9.74e-01 Accepted	 144	 350	
17	 6.7898577e-01	 +3.3918751e-01 -1.4710805e-03	 9.78e-01 Accepted	 145	 353	
18	 6.7296058e-01	 +3.2502768e-01 -1.8454138e-03	 9.80e-01 Accepted	 146	 354	
19	 6.6742877e-01	 +3.1309312e-01 -9.1411014e-04	 9.81e-01 Accepted	 146	 360	
20	 6.6240251e-01	 +3.0121866e-01 -7.1425565e-04	 9.84e-01 Accepted	 147	 362	
21	 6.5768367e-01	 +2.9078885e-01 -4.4897725e-04	 9.84e-01 Accepted	 147	 364	
22	 6.5346313e-01	 +2.8096449e-01 -3.8539940e-04	 9.85e-01 Accepted	 148	 366	
23	 6.4964445e-01	 +2.7258624e-01 -2.4363596e-04	 9.88e-01 Accepted	 148	 368	
24	 6.4607348e-01	 +2.6633955e-01 +4.8036985e-04	 9.88e-01 Accepted	 149	 370	
25	 6.4260013e-01	 +2.5993953e-01 +5.2227816e-04	 9.88e-01 Accepted	 149	 373	
26	 6.3969417e-01	 +2.5155320e-01 +5.5633341e-04	 9.92e-01 Accepted	 150	 375	
27	 6.3664917e-01	 +2.4460088e-01 +1.7281692e-03	 9.90e-01 Accepted	 151	 377	
28	 6.3416485e-01	 +2.3769836e-01 +1.9018147e-03	 9.92e-01 Accepted	 151	 380	
29	 6.3166653e-01	 +2.3214385e-01 +2.6233508e-03	 9.94e-01 Accepted	 151	 380	
30	 6.2936712e-01	 +2.2512395e-01 +2.0123599e-03	 9.92e-01 Accepted	 152	 380	
31	 6.2710648e-01	 +2.1943497e-01 +1.3440361e-03	 9.93e-01 Accepted	 153	 386	
32	 6.2500709e-01	 +2.1421804e-01 +8.1461485e-04	 9.93e-01 Accepted	 153	 384	
33	 6.2316214e-01	 +2.1070764e-01 -4.5018976e-06	 9.93e-01 Accepted	 154	 388	
34	 6.2124303e-01	 +2.0531070e-01 +4.9747961e-04	 9.94e-01 Accepted	 154	 388	
35	 6.1942261e-01	 +2.0135977e-01 +6.3659271e-04	 9.95e-01 Accepted	 154	 389	
36	 6.1786595e-01	 +1.9776975e-01 +2.6671809e-04	 9.94e-01 Accepted	 154	 389	
37	 6.1629203e-01	 +1.9439439e-01 +7.4734149e-05	 9.95e-01 Accepted	 155	 392	
38	 6.1469762e-01	 +1.9067803e-01 +3.0034247e-04	 9.94e-01 Accepted	 155	 394	
39	 6.1330843e-01	 +1.8751545e-01 -9.0681438e-05	 9.96e-01 Accepted	 156	 395	
40	 6.1193422e-01	 +1.8457935e-01 -2.8571835e-05	 9.95e-01 Accepted	 156	 397	
41	 6.1061623e-01	 +1.8201552e-01 -3.8870650e-05	 9.96e-01 Accepted	 155	 396	
42	 6.0930161e-01	 +1.7789490e-01 -5.8837492e-04	 9.96e-01 Accepted	 157	 398	
43	 6.0805694e-01	 +1.7427867e-01 -4.5067783e-04	 9.97e-01 Accepted	 157	 400	
44	 6.0703384e-01	 +1.7171247e-01 +4.7791620e-04	 9.97e-01 Accepted	 157	 400	
45	 6.0594901e-01	 +1.6815531e-01 +6.3239848e-04	 9.96e-01 Accepted	 158	 401	
46	 6.0504892e-01	 +1.6565313e-01 +1.7211755e-04	 9.97e-01 Accepted	 159	 405	
47	 6.0410572e-01	 +1.6357586e-01 -1.8246581e-03	 9.97e-01 Accepted	 158	 405	
48	 6.0317526e-01	 +1.6228715e-01 -1.4230449e-03	 9.98e-01 Accepted	 158	 406	
49	 6.0239450e-01	 +1.5986939e-01 -4.6522070e-04	 9.98e-01 Accepted	 159	 408	
# Starting_type: CheckpointStart
# Trajectory_length / Number_of_MD_steps: 0.5 / 10
# 	 Plaquette	 Polyakov_Loop(re,im)	 Acc._Probability	 runtime_per_traj(s)	 CG_iterations	
49	 6.0317526e-01	 +1.6228715e-01 -1.4230449e-03	 3.82e-01 Rejected	 165	 430	
50	 6.0317526e-01	 +1.6228715e-01 -1.4230449e-03	 3.58e-01 Rejected	 161	 429	
51	 5.9045403e-01	 +1.2563409e-01 -6.1807665e-04	 3.61e-01 Accepted	 160	 428	
52	 5.8300170e-01	 +1.0508791e-01 +4.9571047e-05	 6.13e-01 Accepted	 167	 446	
# Starting_type: CheckpointStart
# Trajectory_length / Number_of_MD_steps: 1 / 8
# 	 Plaquette	 Polyakov_Loop(re,im)	 Acc._Probability	 runtime_per_traj(s)	 CG_iterations	
49	 6.0317526e-01	 +1.6228715e-01 -1.4230449e-03	 1.26e-03 Rejected	 145	 461	
50	 6.0317526e-01	 +1.6228715e-01 -1.4230449e-03	 9.21e-04 Rejected	 141	 459	
51	 6.0317526e-01	 +1.6228715e-01 -1.4230449e-03	 1.13e-03 Rejected	 140	 460	
52	 6.0317526e-01	 +1.6228715e-01 -1.4230449e-03	 1.14e-03 Rejected	 141	 459	
53	 6.0317526e-01	 +1.6228715e-01 -1.4230449e-03	 1.62e-03 Rejected	 140	 456	
54	 6.0317526e-01	 +1.6228715e-01 -1.4230449e-03	 1.29e-03 Rejected	 141	 461	
55	 6.0317526e-01	 +1.6228715e-01 -1.4230449e-03	 9.50e-04 Rejected	 141	 460	
56	 6.0317526e-01	 +1.6228715e-01 -1.4230449e-03	 9.87e-04 Rejected	 141	 456	
57	 6.0317526e-01	 +1.6228715e-01 -1.4230449e-03	 1.07e-03 Rejected	 142	 459	
