# Starting_type: HotStart
# serial RNG seed: 	[55440 64158 29063 7901 20296]
# parallel RNG seed:	[54732 18033 22812 33841 60838]
# Trajectory_length / Number_of_MD_steps: 1 / 7
# 	 Plaquette	 Polyakov_Loop(re,im)	 Acc._Probability	 runtime_per_traj(s)	 CG_iterations	
1	 2.2001993e-01	 -2.2152122e-03 -4.7270940e-04	 8.38e+32 Accepted	 95	 313	
2	 3.0593480e-01	 +6.4720138e-04 +1.9935853e-03	 1.34e+15 Accepted	 117	 416	
3	 3.5100893e-01	 -1.6978050e-03 -3.3927841e-03	 2.69e+08 Accepted	 139	 510	
4	 3.7840737e-01	 +1.7191526e-03 -8.9595796e-04	 2.94e+05 Accepted	 161	 607	
5	 3.9623024e-01	 +9.8605681e-04 -1.1770377e-03	 9.84e+03 Accepted	 179	 690	
6	 4.0871987e-01	 -8.5689105e-04 +6.8238248e-06	 7.99e+02 Accepted	 198	 765	
7	 4.1840739e-01	 -6.3527229e-04 -2.8304264e-03	 2.54e+02 Accepted	 213	 833	
8	 4.2570464e-01	 -2.2865721e-03 +6.8029266e-04	 3.43e+01 Accepted	 229	 913	
9	 4.3132363e-01	 -1.1558668e-03 +1.7235872e-04	 2.25e+01 Accepted	 241	 953	
10	 4.3586994e-01	 +1.6204486e-03 -7.7086970e-04	 1.38e+01 Accepted	 252	 1010	
11	 4.3984815e-01	 -4.0620412e-04 -1.0563955e-03	 1.11e+01 Accepted	 266	 1072	
12	 4.4299339e-01	 -1.5393532e-04 -2.3797803e-03	 8.03e+00 Accepted	 277	 1113	
13	 4.4620239e-01	 -1.1459014e-03 -5.7509269e-04	 6.64e+00 Accepted	 285	 1181	
14	 4.4861953e-01	 +5.6895046e-05 +6.8043706e-04	 6.10e+00 Accepted	 297	 1193	
15	 4.5043813e-01	 -2.9623161e-04 +3.9668342e-03	 2.33e+00 Accepted	 301	 1226	
16	 4.5251643e-01	 +1.6264631e-03 +3.0616345e-05	 3.30e+00 Accepted	 306	 1258	
17	 4.5400017e-01	 +1.3459743e-03 +3.6855617e-04	 3.61e+00 Accepted	 316	 1335	
18	 4.5609663e-01	 -8.7185019e-05 +1.1993641e-03	 2.60e+00 Accepted	 326	 1340	
19	 4.5730633e-01	 -8.7174883e-04 -3.2339740e-03	 2.77e+00 Accepted	 331	 1363	
20	 4.5795344e-01	 +1.4859884e-03 -1.8273709e-03	 1.60e+00 Accepted	 336	 1389	
21	 4.5920826e-01	 -4.1360172e-04 +5.5459544e-04	 1.78e+00 Accepted	 347	 1404	
22	 4.6028022e-01	 -2.2281963e-03 +6.1292848e-04	 2.09e+00 Accepted	 345	 1442	
23	 4.6154827e-01	 -4.2175967e-04 +2.0195642e-03	 2.00e+00 Accepted	 350	 1467	
24	 4.6182267e-01	 +2.4162059e-03 -1.1836619e-03	 9.45e-01 Accepted	 355	 1457	
25	 4.6310748e-01	 +2.3526418e-03 +1.8947417e-04	 1.16e+00 Accepted	 355	 1475	
26	 4.6375057e-01	 -3.3095915e-04 -9.2166507e-04	 1.74e+00 Accepted	 358	 1485	
27	 4.6419546e-01	 +2.4143923e-03 -7.6802805e-05	 1.23e+00 Accepted	 362	 1526	
28	 4.6408720e-01	 +4.9768992e-04 -1.0724747e-03	 9.95e-01 Accepted	 369	 1541	
29	 4.6468437e-01	 -2.4221200e-03 +3.2053432e-04	 1.87e+00 Accepted	 367	 1550	
30	 4.6521070e-01	 +1.1122971e-03 -1.7818793e-03	 2.41e+00 Accepted	 372	 1585	
31	 4.6521070e-01	 +1.1122971e-03 -1.7818793e-03	 7.99e-01 Rejected	 380	 1586	
32	 4.6613737e-01	 -2.6035057e-04 -2.0262138e-03	 1.40e+00 Accepted	 382	 1564	
33	 4.6681633e-01	 -1.2051579e-03 +6.9732584e-04	 1.67e+00 Accepted	 374	 1531	
34	 4.6734785e-01	 +2.4654569e-03 -1.2202105e-03	 1.31e+00 Accepted	 376	 1604	
35	 4.6770925e-01	 +4.2267445e-03 +2.4084537e-03	 1.13e+00 Accepted	 385	 1648	
36	 4.6804782e-01	 -1.1825447e-03 +4.2008935e-04	 1.12e+00 Accepted	 386	 1611	
37	 4.6818629e-01	 -1.1518985e-03 -1.6891332e-03	 8.13e-01 Accepted	 388	 1636	
38	 4.6888496e-01	 +5.9746259e-04 -1.2794365e-03	 1.32e+00 Accepted	 395	 1648	
39	 4.6956499e-01	 +1.2487279e-04 -4.4841902e-04	 1.24e+00 Accepted	 394	 1651	
40	 4.6978698e-01	 +9.0935131e-04 -7.6859683e-04	 1.07e+00 Accepted	 395	 1671	
41	 4.7047100e-01	 -5.3676150e-04 -1.7947874e-03	 1.59e+00 Accepted	 396	 1641	
42	 4.7039698e-01	 -1.0014944e-03 +3.5224945e-03	 1.21e+00 Accepted	 394	 1691	
43	 4.7108964e-01	 +3.0793681e-03 +2.6683594e-04	 2.74e+00 Accepted	 403	 1678	
44	 4.7064347e-01	 +1.4205331e-03 +5.4292465e-04	 5.14e-01 Accepted	 403	 1711	
45	 4.7121061e-01	 +1.5317705e-03 +5.3453415e-04	 1.56e+00 Accepted	 409	 1726	
46	 4.7129310e-01	 +2.5464882e-03 +6.3388678e-04	 1.58e+00 Accepted	 408	 1739	
47	 4.7148341e-01	 -5.2353551e-04 -3.7206698e-03	 1.10e+00 Accepted	 413	 1757	
48	 4.7092377e-01	 +8.1931042e-04 +2.6891801e-04	 9.17e-01 Accepted	 416	 1702	
49	 4.7092377e-01	 +8.1931042e-04 +2.6891801e-04	 9.44e-01 Rejected	 411	 1762	
50	 4.7102183e-01	 -8.9549154e-04 -2.1166892e-03	 9.61e-01 Accepted	 411	 1738	
51	 4.7147568e-01	 -1.3125741e-03 +1.6253285e-03	 1.05e+00 Accepted	 417	 1743	
52	 4.7206133e-01	 -3.2833358e-04 +1.3944453e-03	 1.57e+00 Accepted	 413	 1716	
53	 4.7218585e-01	 -1.4029704e-03 -3.8198402e-04	 8.02e-01 Accepted	 411	 1750	
54	 4.7255495e-01	 -3.6527839e-05 +1.8436644e-03	 9.63e-01 Accepted	 419	 1786	
55	 4.7254556e-01	 +2.0905985e-03 -2.3268792e-04	 7.99e-01 Accepted	 422	 1761	
56	 4.7234693e-01	 -8.8447190e-04 +1.6637630e-03	 6.50e-01 Accepted	 414	 1755	
57	 4.7217865e-01	 +6.9622118e-04 +4.5919672e-04	 1.12e+00 Accepted	 421	 1798	
58	 4.7230640e-01	 -8.3069066e-04 -9.2362901e-04	 9.46e-01 Accepted	 423	 1771	
59	 4.7202243e-01	 -6.7529265e-04 -1.4645202e-03	 8.56e-01 Accepted	 414	 1698	
60	 4.7208338e-01	 +4.2731580e-04 +2.6826864e-03	 1.10e+00 Accepted	 406	 1719	
61	 4.7278002e-01	 -2.6561538e-04 +1.5154586e-04	 1.56e+00 Accepted	 412	 1787	
62	 4.7319006e-01	 -5.3336441e-04 +2.2693004e-03	 1.11e+00 Accepted	 418	 1722	
63	 4.7300327e-01	 -7.9415520e-04 -4.9374503e-04	 7.77e-01 Accepted	 415	 1780	
64	 4.7272037e-01	 +1.2165470e-03 +3.4662766e-03	 1.15e+00 Accepted	 429	 1821	
65	 4.7274086e-01	 +1.1554886e-03 +2.5159857e-03	 9.59e-01 Accepted	 427	 1792	
66	 4.7274086e-01	 +1.1554886e-03 +2.5159857e-03	 4.85e-01 Rejected	 420	 1748	
67	 4.7292490e-01	 +1.2078157e-03 +7.2993530e-04	 8.59e-01 Accepted	 423	 1738	
68	 4.7295815e-01	 -8.6079262e-04 +8.5981999e-04	 7.60e-01 Accepted	 413	 1745	
69	 4.7305449e-01	 -1.7979280e-03 -1.4968272e-03	 1.24e+00 Accepted	 414	 1739	
70	 4.7303999e-01	 -2.0981947e-03 +1.7457300e-04	 5.93e-01 Accepted	 414	 1735	
71	 4.7272648e-01	 +1.4987210e-03 +1.0140318e-03	 1.06e+00 Accepted	 411	 1733	
72	 4.7299588e-01	 +1.6923957e-04 -7.9916985e-05	 1.06e+00 Accepted	 410	 1754	
73	 4.7311196e-01	 +1.8804936e-03 -1.4148070e-03	 1.56e+00 Accepted	 419	 1758	
74	 4.7330483e-01	 +4.8775161e-04 +1.0297713e-03	 1.62e+00 Accepted	 423	 1741	
75	 4.7322382e-01	 +1.0760983e-03 -7.4332603e-04	 9.04e-01 Accepted	 418	 1750	
76	 4.7326792e-01	 +1.2830122e-03 -2.0396014e-03	 1.14e+00 Accepted	 422	 1800	
77	 4.7321253e-01	 +2.3991137e-03 -3.3980642e-04	 1.51e+00 Accepted	 429	 1839	
78	 4.7338988e-01	 -1.0455247e-03 -2.1609591e-03	 9.41e-01 Accepted	 432	 1779	
79	 4.7323207e-01	 +8.1681172e-04 +4.1154006e-04	 1.64e+00 Accepted	 426	 1808	
80	 4.7346196e-01	 +1.0151866e-03 -5.8146177e-04	 1.28e+00 Accepted	 427	 1800	
81	 4.7344181e-01	 -1.1032823e-03 -2.5505343e-03	 1.04e+00 Accepted	 426	 1792	
82	 4.7344181e-01	 -1.1032823e-03 -2.5505343e-03	 5.63e-01 Rejected	 425	 1819	
83	 4.7346313e-01	 -3.6694764e-04 -9.8185319e-04	 8.81e-01 Accepted	 420	 1785	
84	 4.7366904e-01	 -6.8705928e-04 +4.6532077e-04	 1.20e+00 Accepted	 421	 1779	
85	 4.7319674e-01	 +1.1846918e-03 -6.3657881e-04	 7.52e-01 Accepted	 422	 1754	
86	 4.7319674e-01	 +1.1846918e-03 -6.3657881e-04	 5.71e-01 Rejected	 422	 1772	
87	 4.7325434e-01	 -1.9564570e-03 -6.4021487e-04	 9.52e-01 Accepted	 421	 1791	
88	 4.7369121e-01	 -2.2142354e-03 +2.8239425e-04	 1.37e+00 Accepted	 421	 1791	
89	 4.7339474e-01	 -6.9965722e-04 +6.6408790e-04	 7.19e-01 Accepted	 423	 1805	
90	 4.7340744e-01	 +2.2319715e-03 +1.1018396e-03	 9.35e-01 Accepted	 423	 1787	
91	 4.7340744e-01	 +2.2319715e-03 +1.1018396e-03	 8.43e-01 Rejected	 422	 1769	
92	 4.7307592e-01	 -2.1213824e-03 +1.5585732e-04	 1.25e+00 Accepted	 426	 1843	
93	 4.7353139e-01	 -2.0405173e-03 +2.3999074e-03	 9.89e-01 Accepted	 436	 1777	
94	 4.7296764e-01	 +1.0744261e-03 +2.0285878e-04	 6.09e-01 Accepted	 417	 1794	
95	 4.7277931e-01	 -4.7527008e-04 -5.3052975e-04	 8.45e-01 Accepted	 426	 1792	
96	 4.7259321e-01	 +1.1168066e-03 +2.3642882e-03	 1.26e+00 Accepted	 428	 1803	
97	 4.7238179e-01	 +5.7875699e-04 -6.6526594e-04	 7.24e-01 Accepted	 429	 1821	
98	 4.7271758e-01	 +4.7120854e-04 +2.1318230e-03	 1.36e+00 Accepted	 425	 1783	
99	 4.7322518e-01	 -2.8694871e-04 +2.4876446e-04	 1.17e+00 Accepted	 424	 1790	
100	 4.7308356e-01	 +2.6461935e-03 -1.7139617e-03	 8.74e-01 Accepted	 418	 1729	
101	 4.7370378e-01	 -5.5620047e-04 -1.6906902e-04	 6.79e-01 Accepted	 415	 1777	
102	 4.7348023e-01	 -1.1759660e-04 +7.3343041e-04	 8.31e-01 Accepted	 424	 1843	
103	 4.7301722e-01	 +3.8635139e-03 +4.9751936e-04	 1.39e+00 Accepted	 436	 1879	
104	 4.7296889e-01	 -1.2367080e-03 +9.6543574e-04	 1.78e+00 Accepted	 436	 1794	
105	 4.7340893e-01	 +4.9453612e-04 -2.5195043e-03	 9.37e-01 Accepted	 424	 1785	
106	 4.7285786e-01	 +4.8254629e-03 -2.0171318e-03	 6.68e-01 Accepted	 419	 1794	
107	 4.7318102e-01	 -2.8252304e-04 -1.4972485e-03	 1.23e+00 Accepted	 424	 1746	
108	 4.7369686e-01	 -2.4890398e-04 -3.0647305e-03	 1.61e+00 Accepted	 423	 1789	
109	 4.7356012e-01	 +1.5121896e-04 -2.8406435e-03	 1.06e+00 Accepted	 423	 1805	
110	 4.7356012e-01	 +1.5121896e-04 -2.8406435e-03	 6.01e-01 Rejected	 425	 1802	
111	 4.7345740e-01	 +8.8680945e-04 -7.2513599e-04	 8.98e-01 Accepted	 427	 1880	
112	 4.7296540e-01	 +1.6725881e-03 +6.4553924e-04	 7.98e-01 Accepted	 430	 1758	
113	 4.7318609e-01	 +1.8086477e-03 -1.3979965e-04	 1.05e+00 Accepted	 424	 1803	
# Starting_type: CheckpointStart
# Trajectory_length / Number_of_MD_steps: 1 / 7
# 	 Plaquette	 Polyakov_Loop(re,im)	 Acc._Probability	 runtime_per_traj(s)	 CG_iterations	
113	 4.7318609e-01	 +1.8086477e-03 -1.3979965e-04	 1.05e+00 Accepted	 440	 1803	
114	 4.7323967e-01	 -2.6051486e-04 +5.9586955e-04	 6.19e-01 Accepted	 430	 1783	
115	 4.7294142e-01	 +2.0275483e-03 +1.0868919e-03	 6.53e-01 Accepted	 420	 1761	
116	 4.7291705e-01	 -1.8037838e-03 +3.0394556e-04	 1.08e+00 Accepted	 420	 1783	
117	 4.7321496e-01	 +1.9065788e-03 +1.5140441e-03	 8.40e-01 Accepted	 423	 1767	
118	 4.7362929e-01	 +3.0080734e-04 +1.0526651e-03	 1.50e+00 Accepted	 423	 1774	
119	 4.7357531e-01	 -2.8287657e-03 +3.0556819e-03	 6.88e-01 Accepted	 420	 1760	
120	 4.7334923e-01	 +1.5386752e-03 +4.0490970e-04	 1.41e+00 Accepted	 418	 1768	
121	 4.7337905e-01	 -1.0611945e-03 +1.0949544e-03	 8.82e-01 Accepted	 421	 1777	
122	 4.7337905e-01	 -1.0611945e-03 +1.0949544e-03	 7.45e-01 Rejected	 419	 1734	
123	 4.7341281e-01	 -8.0994465e-04 -1.5855432e-03	 8.22e-01 Accepted	 423	 1821	
124	 4.7342002e-01	 +6.7786446e-04 -2.1214174e-03	 2.22e+00 Accepted	 423	 1742	
125	 4.7352094e-01	 -3.5646622e-04 -1.6517221e-03	 5.62e-01 Accepted	 420	 1743	
126	 4.7347259e-01	 +1.5092661e-03 +1.2881810e-03	 1.24e+00 Accepted	 420	 1761	
127	 4.7347259e-01	 +1.5092661e-03 +1.2881810e-03	 8.63e-01 Rejected	 425	 1810	
128	 4.7355856e-01	 +2.9849139e-03 +5.0923176e-03	 8.72e-01 Accepted	 421	 1812	
129	 4.7411025e-01	 -8.4191406e-05 +5.6016168e-04	 2.48e+00 Accepted	 436	 1827	
130	 4.7411025e-01	 -8.4191406e-05 +5.6016168e-04	 8.48e-01 Rejected	 426	 1765	
131	 4.7396848e-01	 +1.1601908e-03 +2.2713457e-03	 8.24e-01 Accepted	 433	 1835	
132	 4.7396848e-01	 +1.1601908e-03 +2.2713457e-03	 7.45e-01 Rejected	 432	 1832	
133	 4.7424525e-01	 +6.1031095e-04 -1.3567481e-03	 2.80e+00 Accepted	 425	 1779	
134	 4.7405715e-01	 +3.3421761e-03 +3.6781074e-03	 9.97e-01 Accepted	 433	 1801	
135	 4.7416868e-01	 -1.4649451e-03 +2.4812832e-03	 1.58e+00 Accepted	 432	 1811	
136	 4.7416868e-01	 -1.4649451e-03 +2.4812832e-03	 6.49e-01 Rejected	 430	 1834	
137	 4.7392742e-01	 +1.5542755e-03 +1.5649127e-04	 1.45e+00 Accepted	 424	 1753	
138	 4.7406740e-01	 -1.9740739e-03 +8.0762837e-04	 9.42e-01 Accepted	 422	 1814	
139	 4.7406740e-01	 -1.9740739e-03 +8.0762837e-04	 6.63e-01 Rejected	 428	 1757	
140	 4.7397495e-01	 -3.6738107e-04 -1.0808784e-03	 1.04e+00 Accepted	 432	 1790	
141	 4.7390630e-01	 -7.5535003e-05 +1.3300844e-03	 1.47e+00 Accepted	 423	 1778	
142	 4.7379415e-01	 +2.5311512e-03 -6.4239733e-04	 5.79e-01 Accepted	 425	 1830	
143	 4.7397013e-01	 +1.9405228e-03 -1.2953891e-04	 1.38e+00 Accepted	 431	 1782	
144	 4.7438259e-01	 +9.6909405e-04 +3.3102643e-03	 1.58e+00 Accepted	 427	 1779	
145	 4.7481778e-01	 -9.5538090e-05 -2.1375171e-03	 1.84e+00 Accepted	 425	 1779	
146	 4.7468257e-01	 -1.3814309e-03 +1.2054454e-04	 1.26e+00 Accepted	 425	 1799	
147	 4.7468257e-01	 -1.3814309e-03 +1.2054454e-04	 5.87e-01 Rejected	 429	 1777	
148	 4.7461192e-01	 +1.0046903e-03 +1.2963828e-03	 9.64e-01 Accepted	 426	 1766	
149	 4.7408584e-01	 +2.1385198e-03 -3.9606738e-04	 9.85e-01 Accepted	 425	 1847	
150	 4.7408584e-01	 +2.1385198e-03 -3.9606738e-04	 6.71e-01 Rejected	 427	 1791	
151	 4.7463902e-01	 +1.2344005e-03 -1.4460817e-03	 9.46e-01 Accepted	 426	 1778	
152	 4.7466183e-01	 +1.4392695e-03 -2.9946810e-03	 9.79e-01 Accepted	 426	 1836	
153	 4.7451037e-01	 +2.9246053e-03 -1.5882992e-03	 7.22e-01 Accepted	 429	 1768	
154	 4.7457913e-01	 +1.2240671e-04 -8.1090490e-04	 9.85e-01 Accepted	 427	 1786	
155	 4.7467768e-01	 +6.0010781e-04 +1.2440198e-04	 9.32e-01 Accepted	 430	 1818	
156	 4.7453044e-01	 +2.1697058e-03 -8.0723358e-04	 1.23e+00 Accepted	 426	 1755	
157	 4.7453044e-01	 +2.1697058e-03 -8.0723358e-04	 7.56e-01 Rejected	 421	 1788	
158	 4.7489567e-01	 +2.4438179e-04 +4.2489780e-04	 1.38e+00 Accepted	 424	 1782	
159	 4.7515333e-01	 -6.9992527e-04 +8.9387027e-04	 1.92e+00 Accepted	 429	 1821	
160	 4.7487002e-01	 -4.8082127e-04 +1.9460563e-04	 8.58e-01 Accepted	 429	 1840	
161	 4.7454188e-01	 -3.1421537e-04 +2.2096952e-03	 5.77e-01 Accepted	 434	 1803	
162	 4.7449911e-01	 +6.5521725e-04 -2.2170464e-04	 1.28e+00 Accepted	 432	 1818	
163	 4.7449911e-01	 +6.5521725e-04 -2.2170464e-04	 7.47e-01 Rejected	 425	 1788	
164	 4.7414993e-01	 +1.5275070e-03 -1.1785502e-03	 6.81e-01 Accepted	 429	 1798	
165	 4.7427190e-01	 -5.6294626e-05 -1.0977327e-03	 7.69e-01 Accepted	 428	 1807	
166	 4.7427190e-01	 -5.6294626e-05 -1.0977327e-03	 8.43e-01 Rejected	 430	 1800	
167	 4.7454740e-01	 +2.5188756e-04 +2.2921305e-03	 1.25e+00 Accepted	 432	 1849	
168	 4.7465840e-01	 -4.2132227e-04 -2.5804217e-03	 1.13e+00 Accepted	 432	 1796	
169	 4.7490116e-01	 -2.7660672e-03 -1.6345502e-03	 1.68e+00 Accepted	 432	 1843	
170	 4.7497431e-01	 +2.3148490e-03 -1.9865190e-03	 9.35e-01 Accepted	 434	 1836	
171	 4.7496908e-01	 -9.8001420e-04 +4.2494519e-04	 1.34e+00 Accepted	 435	 1843	
172	 4.7492851e-01	 +5.0521341e-04 +3.8766057e-03	 5.02e-01 Accepted	 431	 1822	
173	 4.7500573e-01	 +4.6880593e-04 +7.0660509e-04	 9.33e-01 Accepted	 431	 1829	
174	 4.7515095e-01	 -7.9920787e-04 -9.4921416e-05	 1.40e+00 Accepted	 437	 1848	
175	 4.7524147e-01	 +1.2995042e-04 -1.1166586e-03	 9.27e-01 Accepted	 438	 1863	
176	 4.7502728e-01	 +4.0938634e-04 -1.4623135e-03	 1.36e+00 Accepted	 438	 1815	
177	 4.7501017e-01	 -5.9193131e-04 +1.3130409e-03	 7.99e-01 Accepted	 430	 1790	
178	 4.7501017e-01	 -5.9193131e-04 +1.3130409e-03	 8.57e-01 Rejected	 424	 1802	
179	 4.7494163e-01	 -4.9888661e-04 -6.8989345e-04	 1.86e+00 Accepted	 440	 1943	
180	 4.7469076e-01	 +3.6025300e-04 -6.1253890e-04	 5.93e-01 Accepted	 447	 1829	
181	 4.7461635e-01	 +3.7314632e-04 -5.8807630e-04	 5.72e-01 Accepted	 432	 1798	
182	 4.7460672e-01	 +1.2707880e-03 +5.3223352e-04	 1.21e+00 Accepted	 429	 1826	
183	 4.7399192e-01	 +1.2461459e-03 +1.9674773e-03	 7.26e-01 Accepted	 431	 1827	
184	 4.7389000e-01	 -1.0984544e-03 +2.7173726e-03	 1.43e+00 Accepted	 439	 1913	
185	 4.7431813e-01	 +1.1981676e-04 +9.6434563e-04	 1.53e+00 Accepted	 445	 1868	
186	 4.7389083e-01	 -1.6439753e-04 -1.3278815e-03	 9.01e-01 Accepted	 432	 1833	
187	 4.7364085e-01	 +2.2953731e-03 +4.5919553e-05	 3.81e-01 Accepted	 434	 1828	
188	 4.7395518e-01	 -1.3314234e-03 +8.8789719e-04	 1.03e+00 Accepted	 440	 1894	
189	 4.7359856e-01	 -5.3322085e-04 -8.7582104e-04	 7.40e-01 Accepted	 435	 1819	
190	 4.7380480e-01	 -1.9144209e-03 +7.4548446e-04	 1.00e+00 Accepted	 433	 1817	
191	 4.7344493e-01	 +1.1506531e-03 +1.9062839e-03	 8.99e-01 Accepted	 437	 1880	
192	 4.7351858e-01	 -2.2106622e-03 +8.9552923e-04	 1.35e+00 Accepted	 434	 1779	
193	 4.7333170e-01	 +1.2713782e-03 +1.9036977e-03	 1.27e+00 Accepted	 421	 1770	
194	 4.7372589e-01	 -4.3205773e-04 +3.8660032e-04	 9.81e-01 Accepted	 426	 1802	
195	 4.7337329e-01	 +3.4829915e-04 +1.5878275e-03	 9.06e-01 Accepted	 429	 1832	
196	 4.7343778e-01	 -1.0008404e-03 -7.3745062e-04	 1.49e+00 Accepted	 431	 1789	
197	 4.7319266e-01	 -1.3122775e-03 -1.2069269e-03	 7.60e-01 Accepted	 428	 1853	
198	 4.7319266e-01	 -1.3122775e-03 -1.2069269e-03	 5.65e-01 Rejected	 427	 1752	
199	 4.7319266e-01	 -1.3122775e-03 -1.2069269e-03	 7.08e-01 Rejected	 430	 1786	
200	 4.7323331e-01	 -8.6962061e-04 +8.1841443e-04	 1.36e+00 Accepted	 432	 1797	
201	 4.7329942e-01	 +2.6864850e-04 +7.1094031e-04	 1.44e+00 Accepted	 426	 1831	
202	 4.7357575e-01	 +4.5590100e-04 +1.8348107e-03	 1.73e+00 Accepted	 427	 1803	
203	 4.7362759e-01	 +7.9955406e-04 -1.8098772e-03	 1.33e+00 Accepted	 424	 1774	
204	 4.7338335e-01	 -5.6181646e-04 -2.4933508e-03	 1.64e+00 Accepted	 427	 1811	
205	 4.7348717e-01	 -6.1660186e-04 +9.1758943e-04	 1.61e+00 Accepted	 429	 1792	
206	 4.7403548e-01	 +1.2603069e-04 +1.5152593e-03	 5.29e-01 Accepted	 430	 1823	
207	 4.7414551e-01	 -1.1917945e-03 -7.7325598e-04	 7.14e-01 Accepted	 435	 1836	
208	 4.7406961e-01	 +5.8097389e-04 +5.7167089e-04	 8.95e-01 Accepted	 428	 1820	
209	 4.7400969e-01	 +8.9720109e-04 -6.1294068e-04	 1.03e+00 Accepted	 435	 1840	
210	 4.7395298e-01	 +6.2957919e-05 -1.3609423e-03	 7.10e-01 Accepted	 428	 1745	
211	 4.7359589e-01	 +2.8471452e-04 +2.9701371e-04	 1.23e+00 Accepted	 417	 1750	
212	 4.7397407e-01	 -3.9859824e-04 -1.5687906e-04	 1.47e+00 Accepted	 424	 1800	
# Starting_type: CheckpointStart
# Trajectory_length / Number_of_MD_steps: 1 / 7
# 	 Plaquette	 Polyakov_Loop(re,im)	 Acc._Probability	 runtime_per_traj(s)	 CG_iterations	
213	 4.7377501e-01	 -3.8514838e-05 +9.8674223e-04	 1.21e+00 Accepted	 442	 1847	
214	 4.7345070e-01	 +1.5056372e-03 +3.1840883e-03	 7.25e-01 Accepted	 430	 1776	
215	 4.7345070e-01	 +1.5056372e-03 +3.1840883e-03	 5.33e-01 Rejected	 423	 1778	
216	 4.7342317e-01	 -6.6850935e-04 +1.2168838e-03	 5.39e-01 Accepted	 427	 1786	
217	 4.7307382e-01	 -1.1753168e-03 -1.3376672e-03	 9.90e-01 Accepted	 425	 1830	
218	 4.7331599e-01	 -5.8189407e-04 +3.3608018e-05	 1.36e+00 Accepted	 426	 1788	
219	 4.7342632e-01	 -2.4057983e-04 +4.5823057e-06	 9.11e-01 Accepted	 426	 1771	
220	 4.7351149e-01	 +4.2760119e-03 +2.3633587e-03	 5.58e-01 Accepted	 430	 1830	
221	 4.7320349e-01	 +4.0702015e-05 -2.3670883e-03	 1.59e+00 Accepted	 428	 1784	
222	 4.7334262e-01	 -1.0778572e-03 +6.3292391e-04	 6.88e-01 Accepted	 421	 1796	
223	 4.7301353e-01	 -7.3079921e-04 +2.0694879e-03	 9.21e-01 Accepted	 421	 1788	
224	 4.7301353e-01	 -7.3079921e-04 +2.0694879e-03	 4.28e-01 Rejected	 428	 1835	
225	 4.7301353e-01	 -7.3079921e-04 +2.0694879e-03	 4.72e-01 Rejected	 425	 1791	
226	 4.7304874e-01	 +1.6451759e-03 -1.8559943e-03	 1.23e+00 Accepted	 420	 1737	
227	 4.7349296e-01	 -2.4454192e-03 +2.1065052e-04	 8.47e-01 Accepted	 419	 1806	
228	 4.7320922e-01	 -4.0021078e-04 +1.7941690e-03	 8.22e-01 Accepted	 426	 1773	
229	 4.7304728e-01	 +8.5005560e-04 +3.1896907e-04	 1.08e+00 Accepted	 426	 1822	
230	 4.7307769e-01	 -3.7542981e-03 -1.5664945e-03	 7.53e-01 Accepted	 423	 1778	
231	 4.7358239e-01	 -2.6288972e-04 -7.5932566e-04	 1.08e+00 Accepted	 418	 1793	
232	 4.7355346e-01	 -7.4692263e-04 +1.5486243e-03	 9.40e-01 Accepted	 433	 1835	
233	 4.7318942e-01	 +2.6387811e-03 -1.4534071e-04	 8.07e-01 Accepted	 427	 1770	
234	 4.7309717e-01	 -1.4836193e-03 +7.4571495e-04	 9.10e-01 Accepted	 418	 1758	
235	 4.7263152e-01	 +1.5596501e-03 -2.2227382e-03	 8.13e-01 Accepted	 417	 1793	
236	 4.7299574e-01	 -1.6531483e-03 +3.0924710e-04	 1.40e+00 Accepted	 428	 1823	
237	 4.7294255e-01	 +7.5835385e-04 +2.4742640e-03	 9.86e-01 Accepted	 426	 1808	
238	 4.7310328e-01	 -2.3121363e-04 +1.0489441e-03	 4.98e-01 Accepted	 423	 1781	
239	 4.7348654e-01	 +2.9746440e-04 +3.5593773e-03	 1.07e+00 Accepted	 431	 1856	
240	 4.7317476e-01	 -1.1912183e-03 -2.0992736e-03	 6.35e-01 Accepted	 430	 1769	
241	 4.7331669e-01	 +5.9794349e-04 -1.9009732e-03	 1.08e+00 Accepted	 423	 1788	
242	 4.7372211e-01	 -1.8953282e-03 +2.2217989e-04	 7.78e-01 Accepted	 430	 1846	
243	 4.7359729e-01	 -1.2636063e-03 +5.5842112e-04	 9.61e-01 Accepted	 432	 1792	
244	 4.7359729e-01	 -1.2636063e-03 +5.5842112e-04	 4.91e-01 Rejected	 423	 1733	
245	 4.7319677e-01	 -1.4970946e-03 +8.8247902e-04	 8.30e-01 Accepted	 423	 1771	
246	 4.7361290e-01	 -1.9589707e-03 -1.1212897e-03	 1.07e+00 Accepted	 420	 1803	
247	 4.7365292e-01	 -1.3656128e-03 -1.9740838e-03	 9.31e-01 Accepted	 417	 1754	
248	 4.7374460e-01	 +2.6147323e-03 +5.9942665e-04	 1.24e+00 Accepted	 416	 1762	
249	 4.7437855e-01	 -1.2419027e-04 +1.5926917e-03	 2.82e+00 Accepted	 427	 1833	
250	 4.7440421e-01	 -1.4053960e-03 -8.3677169e-04	 6.48e-01 Accepted	 434	 1847	
251	 4.7440421e-01	 -1.4053960e-03 -8.3677169e-04	 5.67e-01 Rejected	 429	 1792	
252	 4.7413310e-01	 -1.6369476e-03 -3.3771969e-03	 9.17e-01 Accepted	 426	 1798	
253	 4.7453727e-01	 +2.0497882e-03 -6.7886675e-04	 9.73e-01 Accepted	 427	 1821	
254	 4.7433097e-01	 -8.5574810e-04 +2.2131147e-04	 1.15e+00 Accepted	 433	 1845	
255	 4.7475274e-01	 -7.0686041e-04 +3.9861166e-04	 1.51e+00 Accepted	 431	 1841	
256	 4.7453148e-01	 +2.0643448e-03 -9.9274475e-04	 6.46e-01 Accepted	 432	 1817	
257	 4.7414661e-01	 +9.4902873e-04 -1.1259321e-03	 1.12e+00 Accepted	 430	 1819	
258	 4.7416527e-01	 +2.4463317e-03 -3.2128441e-03	 9.26e-01 Accepted	 431	 1809	
259	 4.7468135e-01	 +1.5307452e-08 +4.8802593e-05	 1.35e+00 Accepted	 427	 1871	
260	 4.7424404e-01	 -1.4587166e-03 +1.2783689e-03	 9.08e-01 Accepted	 439	 1869	
261	 4.7401155e-01	 +1.0771051e-03 +1.6068323e-03	 4.79e-01 Accepted	 442	 1829	
262	 4.7452749e-01	 +4.1261721e-04 -1.4672374e-04	 1.65e+00 Accepted	 433	 1862	
263	 4.7436356e-01	 +8.0040895e-04 -1.9127255e-03	 1.08e+00 Accepted	 437	 1855	
264	 4.7421110e-01	 -9.5736106e-04 -5.0831584e-04	 1.37e+00 Accepted	 439	 1844	
265	 4.7421110e-01	 -9.5736106e-04 -5.0831584e-04	 6.97e-01 Rejected	 437	 1830	
266	 4.7421110e-01	 -9.5736106e-04 -5.0831584e-04	 6.10e-01 Rejected	 441	 1896	
267	 4.7448990e-01	 +1.6450728e-04 +9.9991271e-04	 1.30e+00 Accepted	 437	 1800	
268	 4.7436484e-01	 -1.7328599e-03 +2.5366335e-03	 8.04e-01 Accepted	 429	 1854	
269	 4.7452406e-01	 -4.1427805e-04 +1.6904554e-03	 1.07e+00 Accepted	 431	 1815	
270	 4.7439215e-01	 +2.0781745e-03 -2.4713653e-03	 7.18e-01 Accepted	 430	 1881	
271	 4.7458563e-01	 -8.0272503e-04 +1.7378920e-03	 1.06e+00 Accepted	 443	 1897	
272	 4.7441824e-01	 -1.3488598e-03 +7.9231284e-04	 7.88e-01 Accepted	 434	 1794	
273	 4.7418119e-01	 +2.2629369e-03 +8.1188974e-04	 8.16e-01 Accepted	 427	 1831	
274	 4.7413679e-01	 -4.3968469e-05 -5.2853913e-05	 1.42e+00 Accepted	 428	 1813	
275	 4.7431644e-01	 +1.0556869e-03 -1.6186712e-03	 9.90e-01 Accepted	 433	 1836	
276	 4.7431195e-01	 +8.8833092e-04 -3.1594621e-03	 1.46e+00 Accepted	 431	 1815	
277	 4.7453881e-01	 -4.8236602e-04 +2.3782827e-03	 1.39e+00 Accepted	 435	 1824	
278	 4.7467018e-01	 +4.4608421e-04 +4.4360257e-04	 1.18e+00 Accepted	 430	 1791	
279	 4.7467018e-01	 +4.4608421e-04 +4.4360257e-04	 5.97e-01 Rejected	 427	 1803	
280	 4.7447562e-01	 +3.7767133e-04 +2.4768825e-04	 9.52e-01 Accepted	 429	 1849	
281	 4.7439529e-01	 +1.8008014e-04 -2.2486455e-03	 1.59e+00 Accepted	 434	 1842	
282	 4.7423597e-01	 +1.2317741e-03 -1.1262340e-03	 1.49e+00 Accepted	 437	 1777	
283	 4.7419626e-01	 -1.2049675e-03 +2.1681385e-03	 8.14e-01 Accepted	 426	 1806	
284	 4.7429587e-01	 +3.0320889e-04 +3.2966730e-03	 9.58e-01 Accepted	 426	 1795	
285	 4.7429587e-01	 +3.0320889e-04 +3.2966730e-03	 6.38e-01 Rejected	 425	 1785	
286	 4.7380836e-01	 +1.4793563e-03 -7.1639638e-05	 6.18e-01 Accepted	 427	 1774	
287	 4.7446303e-01	 +2.2371313e-03 -1.1566343e-03	 1.30e+00 Accepted	 427	 1835	
288	 4.7446303e-01	 +2.2371313e-03 -1.1566343e-03	 7.52e-01 Rejected	 435	 1852	
289	 4.7443111e-01	 -1.8110447e-03 +3.6327121e-03	 1.01e+00 Accepted	 431	 1856	
290	 4.7443111e-01	 -1.8110447e-03 +3.6327121e-03	 4.42e-01 Rejected	 435	 1853	
291	 4.7511854e-01	 +1.0928075e-03 +2.2000637e-03	 1.08e+00 Accepted	 429	 1817	
292	 4.7485796e-01	 +8.1021808e-04 -1.8114219e-03	 9.68e-01 Accepted	 434	 1875	
293	 4.7474831e-01	 +2.5158937e-03 -6.6700659e-04	 8.36e-01 Accepted	 433	 1839	
294	 4.7474831e-01	 +2.5158937e-03 -6.6700659e-04	 6.17e-01 Rejected	 434	 1815	
295	 4.7489658e-01	 +6.9357365e-04 +2.7799167e-03	 9.18e-01 Accepted	 430	 1804	
296	 4.7475962e-01	 +1.2959797e-03 -1.2901615e-04	 1.41e+00 Accepted	 426	 1778	
297	 4.7463121e-01	 -3.1417790e-04 +1.9134320e-04	 1.11e+00 Accepted	 427	 1838	
298	 4.7455436e-01	 -3.3390057e-03 -7.3697631e-04	 7.28e-01 Accepted	 433	 1816	
299	 4.7430735e-01	 +1.5187165e-03 -1.5726277e-03	 9.73e-01 Accepted	 427	 1817	
300	 4.7413866e-01	 -3.3908944e-05 +6.6927377e-05	 7.21e-01 Accepted	 429	 1794	
301	 4.7437454e-01	 -1.4853229e-03 -6.1592532e-04	 1.38e+00 Accepted	 431	 1834	
302	 4.7437454e-01	 -1.4853229e-03 -6.1592532e-04	 6.88e-01 Rejected	 433	 1819	
303	 4.7464666e-01	 +3.3145821e-03 +2.3198119e-03	 1.29e+00 Accepted	 443	 1860	
304	 4.7467609e-01	 +4.5394344e-03 -1.6692893e-03	 9.61e-01 Accepted	 436	 1834	
305	 4.7426694e-01	 -1.9918373e-03 +5.2004109e-04	 1.06e+00 Accepted	 425	 1819	
306	 4.7445748e-01	 -1.2287898e-04 -1.6291211e-04	 1.39e+00 Accepted	 434	 1849	
307	 4.7448071e-01	 +2.2452392e-03 -5.1280614e-04	 2.18e+00 Accepted	 439	 1842	
308	 4.7405653e-01	 +1.6651338e-03 -1.0447367e-03	 1.28e+00 Accepted	 433	 1865	
309	 4.7404564e-01	 +6.1832274e-04 -8.5719082e-04	 8.94e-01 Accepted	 439	 1831	
310	 4.7404564e-01	 +6.1832274e-04 -8.5719082e-04	 8.33e-01 Rejected	 428	 1770	
311	 4.7454749e-01	 -2.7380457e-04 +4.4375118e-04	 2.18e+00 Accepted	 435	 1899	
312	 4.7454749e-01	 -2.7380457e-04 +4.4375118e-04	 6.93e-01 Rejected	 441	 1825	
# Starting_type: CheckpointStart
# Trajectory_length / Number_of_MD_steps: 1 / 7
# 	 Plaquette	 Polyakov_Loop(re,im)	 Acc._Probability	 runtime_per_traj(s)	 CG_iterations	
313	 4.7493742e-01	 +1.3366613e-03 -2.3364497e-03	 9.94e-01 Accepted	 450	 1910	
314	 4.7470371e-01	 +7.3491291e-04 -6.0764980e-04	 9.53e-01 Accepted	 442	 1879	
315	 4.7512909e-01	 +8.0598803e-04 +5.9434167e-04	 1.10e+00 Accepted	 443	 1913	
316	 4.7540635e-01	 +9.8511787e-04 +2.0157370e-03	 7.75e-01 Accepted	 451	 1894	
317	 4.7530762e-01	 +5.6045766e-04 -1.2648273e-03	 1.85e+00 Accepted	 445	 1845	
318	 4.7541175e-01	 +8.4572556e-04 +5.9446878e-04	 8.85e-01 Accepted	 437	 1837	
319	 4.7489119e-01	 +2.6742030e-03 +1.3675272e-03	 6.95e-01 Accepted	 438	 1829	
320	 4.7453581e-01	 +1.6090159e-03 +9.8763817e-04	 9.67e-01 Accepted	 436	 1858	
321	 4.7465901e-01	 -1.6013400e-03 -2.1955471e-03	 2.12e+00 Accepted	 433	 1802	
322	 4.7465901e-01	 -1.6013400e-03 -2.1955471e-03	 8.00e-01 Rejected	 425	 1780	
323	 4.7474017e-01	 -1.5880736e-03 +1.1472310e-04	 8.53e-01 Accepted	 434	 1855	
324	 4.7483405e-01	 -7.1693011e-04 -1.0489494e-03	 8.26e-01 Accepted	 435	 1815	
325	 4.7475818e-01	 -3.3687734e-03 +2.8376073e-03	 1.10e+00 Accepted	 434	 1824	
326	 4.7483036e-01	 -8.4347751e-04 -6.2281391e-05	 6.80e-01 Accepted	 430	 1830	
327	 4.7483036e-01	 -8.4347751e-04 -6.2281391e-05	 7.75e-01 Rejected	 435	 1825	
328	 4.7502405e-01	 +1.1334397e-03 -4.1416029e-04	 1.03e+00 Accepted	 432	 1829	
329	 4.7470451e-01	 +1.4206448e-03 +6.9175276e-04	 9.36e-01 Accepted	 435	 1841	
330	 4.7486281e-01	 +1.5143513e-03 +1.0894440e-03	 1.64e+00 Accepted	 433	 1830	
331	 4.7486281e-01	 +1.5143513e-03 +1.0894440e-03	 8.03e-01 Rejected	 429	 1774	
332	 4.7487393e-01	 +2.4928726e-03 -5.6863985e-04	 1.22e+00 Accepted	 423	 1780	
333	 4.7446339e-01	 +4.2614002e-03 +1.2783462e-03	 8.48e-01 Accepted	 426	 1783	
334	 4.7392194e-01	 -1.8224663e-03 -1.0550092e-04	 6.84e-01 Accepted	 430	 1826	
335	 4.7411994e-01	 +5.2331472e-04 -2.1867786e-04	 1.55e+00 Accepted	 435	 1817	
336	 4.7417316e-01	 -7.9584818e-04 -8.8264931e-06	 8.41e-01 Accepted	 430	 1817	
337	 4.7390676e-01	 -3.4124024e-04 -1.1212246e-03	 7.20e-01 Accepted	 422	 1735	
338	 4.7417872e-01	 -4.2679166e-04 -9.5380263e-04	 1.27e+00 Accepted	 416	 1783	
339	 4.7422075e-01	 +9.1894978e-04 -1.6997042e-03	 1.21e+00 Accepted	 423	 1780	
340	 4.7422075e-01	 +9.1894978e-04 -1.6997042e-03	 7.20e-01 Rejected	 427	 1798	
341	 4.7385843e-01	 +4.3351926e-04 +5.8934974e-04	 4.24e-01 Accepted	 428	 1788	
342	 4.7360447e-01	 +1.0593966e-03 -2.2934213e-03	 5.10e-01 Accepted	 426	 1827	
343	 4.7413284e-01	 +4.4944738e-04 +7.1742356e-05	 1.07e+00 Accepted	 429	 1823	
344	 4.7375182e-01	 +1.2763815e-04 +5.5990468e-04	 1.35e+00 Accepted	 426	 1838	
345	 4.7416588e-01	 -8.3657051e-04 +6.4623844e-04	 1.06e+00 Accepted	 430	 1811	
346	 4.7416588e-01	 -8.3657051e-04 +6.4623844e-04	 8.37e-01 Rejected	 430	 1870	
347	 4.7416588e-01	 -8.3657051e-04 +6.4623844e-04	 7.61e-01 Rejected	 430	 1818	
348	 4.7444961e-01	 +2.0078198e-03 +1.0702982e-04	 1.49e+00 Accepted	 432	 1773	
349	 4.7431802e-01	 +2.6732140e-03 +3.8429136e-03	 8.58e-01 Accepted	 426	 1823	
350	 4.7431802e-01	 +2.6732140e-03 +3.8429136e-03	 6.58e-01 Rejected	 428	 1806	
351	 4.7417180e-01	 +4.0619943e-03 +2.4257367e-03	 8.16e-01 Accepted	 434	 1816	
352	 4.7400987e-01	 -1.6062878e-04 -5.4751468e-04	 1.48e+00 Accepted	 430	 1799	
353	 4.7470696e-01	 -2.4217284e-04 +3.0539518e-03	 1.92e+00 Accepted	 429	 1820	
354	 4.7448397e-01	 -1.0553847e-03 +1.4664573e-03	 1.11e+00 Accepted	 425	 1810	
355	 4.7438615e-01	 +3.3639254e-03 +1.4756162e-03	 1.03e+00 Accepted	 437	 1856	
356	 4.7438960e-01	 +6.6232703e-04 -9.8702812e-04	 9.98e-01 Accepted	 436	 1835	
357	 4.7429570e-01	 +1.1073787e-03 -1.1346025e-03	 1.28e+00 Accepted	 434	 1844	
358	 4.7403776e-01	 +1.1496679e-03 -7.2703970e-04	 7.19e-01 Accepted	 428	 1798	
359	 4.7398809e-01	 +1.6492370e-03 -2.3377210e-03	 1.38e+00 Accepted	 425	 1779	
360	 4.7363737e-01	 +4.9789219e-04 +7.4465912e-04	 8.90e-01 Accepted	 422	 1754	
361	 4.7374746e-01	 -3.9632158e-05 -1.6129672e-04	 1.62e+00 Accepted	 421	 1830	
362	 4.7385446e-01	 -2.3249175e-06 -1.3013634e-03	 9.61e-01 Accepted	 432	 1857	
363	 4.7400142e-01	 +1.0455124e-03 +3.3688490e-03	 1.09e+00 Accepted	 430	 1782	
364	 4.7393229e-01	 +9.8066000e-05 +4.8192131e-04	 7.40e-01 Accepted	 425	 1788	
365	 4.7410220e-01	 +1.2773469e-03 -1.9464630e-04	 1.29e+00 Accepted	 430	 1861	
366	 4.7410220e-01	 +1.2773469e-03 -1.9464630e-04	 5.88e-01 Rejected	 438	 1844	
367	 4.7346655e-01	 -9.0469502e-04 -2.5618620e-03	 8.42e-01 Accepted	 430	 1780	
368	 4.7324901e-01	 +6.2218562e-04 -9.8284160e-04	 9.66e-01 Accepted	 429	 1827	
369	 4.7367463e-01	 +3.9882006e-04 -2.2656969e-03	 1.26e+00 Accepted	 425	 1781	
370	 4.7386760e-01	 +7.2322565e-04 -4.3271098e-04	 8.38e-01 Accepted	 430	 1835	
371	 4.7350017e-01	 -8.0670234e-04 +6.6113508e-04	 8.15e-01 Accepted	 437	 1807	
372	 4.7379509e-01	 +1.4528697e-03 +9.3442153e-04	 1.06e+00 Accepted	 432	 1887	
373	 4.7399495e-01	 +2.7225366e-04 -3.4330707e-05	 9.07e-01 Accepted	 436	 1787	
374	 4.7399495e-01	 +2.7225366e-04 -3.4330707e-05	 5.27e-01 Rejected	 427	 1778	
375	 4.7399495e-01	 +2.7225366e-04 -3.4330707e-05	 7.23e-01 Rejected	 425	 1816	
376	 4.7412886e-01	 +8.2740987e-04 -1.2600473e-03	 1.29e+00 Accepted	 424	 1769	
377	 4.7412886e-01	 +8.2740987e-04 -1.2600473e-03	 6.78e-01 Rejected	 423	 1753	
378	 4.7398801e-01	 +2.2249547e-03 +3.9923252e-03	 1.01e+00 Accepted	 424	 1854	
379	 4.7418459e-01	 +4.8194523e-04 -2.6252694e-03	 1.86e+00 Accepted	 437	 1869	
380	 4.7436352e-01	 +1.8588060e-03 +5.8001061e-04	 9.04e-01 Accepted	 449	 1930	
381	 4.7435806e-01	 +8.0713091e-04 +1.4393517e-05	 1.11e+00 Accepted	 450	 1844	
382	 4.7431260e-01	 +7.2858001e-04 +1.2342930e-03	 1.30e+00 Accepted	 437	 1844	
383	 4.7405798e-01	 -8.7670325e-04 +6.1552933e-04	 4.90e-01 Accepted	 433	 1817	
384	 4.7411252e-01	 +2.4199684e-03 +2.4887689e-04	 1.11e+00 Accepted	 428	 1806	
385	 4.7377693e-01	 -2.9468542e-04 +3.6799091e-04	 7.64e-01 Accepted	 429	 1856	
386	 4.7419012e-01	 -2.6962952e-03 +4.2353721e-04	 1.46e+00 Accepted	 434	 1820	
387	 4.7450318e-01	 -4.2611522e-04 +1.5954054e-03	 9.34e-01 Accepted	 432	 1834	
388	 4.7449965e-01	 -1.5629607e-03 +7.3475668e-04	 7.40e-01 Accepted	 434	 1801	
389	 4.7474422e-01	 -3.6909195e-04 -1.9586658e-04	 1.59e+00 Accepted	 427	 1820	
390	 4.7485790e-01	 -1.1005397e-03 -1.7227643e-03	 1.50e+00 Accepted	 429	 1819	
391	 4.7506481e-01	 -3.1733076e-04 +7.4748439e-04	 1.17e+00 Accepted	 427	 1798	
392	 4.7507687e-01	 -8.2745794e-05 +2.0302205e-03	 9.36e-01 Accepted	 431	 1831	
393	 4.7507687e-01	 -8.2745794e-05 +2.0302205e-03	 4.05e-01 Rejected	 438	 1850	
394	 4.7521059e-01	 +5.2591111e-04 -1.4890202e-03	 1.34e+00 Accepted	 437	 1849	
395	 4.7512448e-01	 +1.7302361e-04 -2.0056378e-03	 7.36e-01 Accepted	 439	 1854	
396	 4.7545772e-01	 -6.7871115e-04 -6.2587879e-04	 2.04e+00 Accepted	 438	 1874	
397	 4.7525876e-01	 +1.7626277e-03 +1.6202372e-03	 9.07e-01 Accepted	 447	 1862	
398	 4.7496798e-01	 +3.3240836e-04 +5.2935524e-04	 1.08e+00 Accepted	 436	 1813	
399	 4.7455560e-01	 -1.7330101e-03 -1.1818892e-03	 1.06e+00 Accepted	 432	 1833	
400	 4.7474530e-01	 +1.3405329e-03 -8.7198635e-04	 1.05e+00 Accepted	 434	 1801	
401	 4.7475654e-01	 +8.1517935e-04 -1.4398034e-03	 7.87e-01 Accepted	 428	 1824	
402	 4.7474934e-01	 -4.0096930e-03 -4.1836170e-04	 1.12e+00 Accepted	 427	 1821	
403	 4.7475110e-01	 -3.1553340e-03 -9.9827584e-04	 6.52e-01 Accepted	 428	 1784	
404	 4.7483105e-01	 -2.2260121e-03 +3.8294825e-04	 1.33e+00 Accepted	 430	 1803	
405	 4.7502858e-01	 -2.1376394e-03 +2.2197016e-03	 1.04e+00 Accepted	 430	 1844	
406	 4.7502858e-01	 -2.1376394e-03 +2.2197016e-03	 6.08e-01 Rejected	 429	 1820	
407	 4.7508804e-01	 -1.0026425e-03 +2.3771486e-03	 1.28e+00 Accepted	 432	 1812	
408	 4.7510502e-01	 -1.3552089e-03 -3.8649487e-05	 1.70e+00 Accepted	 434	 1857	
409	 4.7512051e-01	 -2.5992167e-03 -1.5554524e-04	 1.50e+00 Accepted	 440	 1837	
410	 4.7562052e-01	 +8.8731965e-04 +1.8365996e-03	 1.66e+00 Accepted	 434	 1851	
411	 4.7545901e-01	 +1.0693482e-03 -3.1852441e-03	 5.83e-01 Accepted	 434	 1813	
412	 4.7513874e-01	 +2.3798254e-03 -1.1945453e-03	 8.96e-01 Accepted	 436	 1919	
# Starting_type: CheckpointStart
# Trajectory_length / Number_of_MD_steps: 1 / 7
# 	 Plaquette	 Polyakov_Loop(re,im)	 Acc._Probability	 runtime_per_traj(s)	 CG_iterations	
413	 4.7550928e-01	 +1.0453195e-03 -5.9979597e-05	 1.50e+00 Accepted	 452	 1839	
414	 4.7567209e-01	 -2.0863452e-03 -4.9369869e-04	 1.83e+00 Accepted	 428	 1792	
415	 4.7556444e-01	 +9.8092245e-04 -1.4563672e-03	 1.07e+00 Accepted	 431	 1842	
416	 4.7549618e-01	 +1.9781218e-03 +9.6533290e-04	 1.30e+00 Accepted	 436	 1851	
417	 4.7564497e-01	 +8.0688244e-05 -1.5442242e-03	 9.94e-01 Accepted	 435	 1824	
418	 4.7527676e-01	 +2.1446228e-04 -3.1187639e-04	 7.60e-01 Accepted	 429	 1855	
419	 4.7502995e-01	 +3.9727604e-04 +1.1005630e-03	 9.50e-01 Accepted	 435	 1859	
420	 4.7512087e-01	 -9.6374425e-04 +3.3935114e-03	 8.70e-01 Accepted	 436	 1902	
421	 4.7515077e-01	 +1.5964497e-03 -4.8078371e-05	 6.90e-01 Accepted	 437	 1807	
422	 4.7515077e-01	 +1.5964497e-03 -4.8078371e-05	 7.95e-01 Rejected	 427	 1869	
423	 4.7537375e-01	 -2.8580269e-03 -3.0909545e-03	 1.01e+00 Accepted	 434	 1910	
424	 4.7536130e-01	 -3.3543819e-04 +1.6658949e-03	 6.49e-01 Accepted	 439	 1847	
425	 4.7547818e-01	 +8.1211248e-04 -3.7222145e-04	 1.16e+00 Accepted	 428	 1785	
426	 4.7527584e-01	 +3.3334295e-04 +1.4086301e-03	 1.34e+00 Accepted	 431	 1866	
427	 4.7552887e-01	 +3.3655452e-03 -1.9593050e-04	 6.65e-01 Accepted	 437	 1884	
428	 4.7592671e-01	 +2.4698273e-05 +1.4336049e-03	 1.09e+00 Accepted	 432	 1805	
429	 4.7592671e-01	 +2.4698273e-05 +1.4336049e-03	 6.97e-01 Rejected	 431	 1862	
430	 4.7602369e-01	 +7.6946471e-04 -2.7382266e-03	 1.09e+00 Accepted	 433	 1839	
431	 4.7618422e-01	 +2.6694697e-04 -2.0039037e-03	 1.34e+00 Accepted	 433	 1819	
432	 4.7618422e-01	 +2.6694697e-04 -2.0039037e-03	 4.68e-01 Rejected	 433	 1816	
433	 4.7581642e-01	 +1.6642312e-03 -1.9468230e-03	 1.27e+00 Accepted	 437	 1885	
434	 4.7581642e-01	 +1.6642312e-03 -1.9468230e-03	 7.48e-01 Rejected	 440	 1825	
435	 4.7572445e-01	 +7.8351748e-04 +1.3408094e-03	 1.29e+00 Accepted	 443	 1918	
436	 4.7582492e-01	 -7.6362824e-04 +4.0678429e-04	 9.34e-01 Accepted	 438	 1853	
437	 4.7542429e-01	 +4.3084049e-04 -6.2771169e-04	 1.20e+00 Accepted	 440	 1826	
438	 4.7522045e-01	 +2.5249336e-03 -1.0416185e-03	 1.13e+00 Accepted	 432	 1855	
439	 4.7492210e-01	 -7.8180516e-04 +2.5821154e-03	 9.17e-01 Accepted	 433	 1840	
440	 4.7492210e-01	 -7.8180516e-04 +2.5821154e-03	 6.05e-01 Rejected	 437	 1851	
441	 4.7517534e-01	 +7.5925301e-04 +1.7683397e-03	 1.54e+00 Accepted	 437	 1860	
442	 4.7515035e-01	 +6.6700916e-04 +1.6158368e-03	 1.49e+00 Accepted	 436	 1802	
443	 4.7475884e-01	 -2.6423152e-04 -6.0021686e-05	 7.16e-01 Accepted	 433	 1807	
444	 4.7490504e-01	 +9.0514101e-04 +2.1903324e-03	 1.28e+00 Accepted	 431	 1835	
445	 4.7460160e-01	 -3.5162860e-05 +9.0871436e-04	 8.46e-01 Accepted	 431	 1819	
446	 4.7461242e-01	 +4.7695635e-03 -3.1446366e-03	 8.75e-01 Accepted	 427	 1827	
447	 4.7444790e-01	 +1.1181955e-03 +1.3431118e-03	 8.82e-01 Accepted	 437	 1876	
448	 4.7444790e-01	 +1.1181955e-03 +1.3431118e-03	 7.51e-01 Rejected	 437	 1839	
449	 4.7448792e-01	 +3.4023791e-03 -6.3156945e-04	 7.76e-01 Accepted	 443	 1892	
450	 4.7420390e-01	 -5.3425782e-04 -1.5521231e-03	 6.72e-01 Accepted	 437	 1892	
451	 4.7466407e-01	 +9.3394518e-04 +8.1000440e-04	 2.25e+00 Accepted	 439	 1889	
452	 4.7441442e-01	 -3.5556135e-04 +5.8497922e-04	 1.04e+00 Accepted	 445	 1855	
453	 4.7513801e-01	 -8.9186388e-04 +1.1368790e-04	 1.65e+00 Accepted	 438	 1851	
454	 4.7569299e-01	 +2.5378665e-03 +2.6046785e-03	 2.09e+00 Accepted	 439	 1935	
455	 4.7569299e-01	 +2.5378665e-03 +2.6046785e-03	 5.92e-01 Rejected	 448	 1814	
456	 4.7530046e-01	 +2.9260684e-05 -1.3582404e-03	 7.67e-01 Accepted	 448	 1915	
457	 4.7494633e-01	 -1.4532092e-04 +2.7515319e-04	 1.29e+00 Accepted	 443	 1847	
458	 4.7488162e-01	 +5.2977104e-04 +9.9126812e-04	 1.12e+00 Accepted	 433	 1817	
459	 4.7477436e-01	 +5.8225707e-04 +8.1877967e-04	 5.23e-01 Accepted	 431	 1823	
460	 4.7453564e-01	 -1.2018739e-03 -2.0653667e-03	 4.53e-01 Accepted	 429	 1819	
461	 4.7445240e-01	 -4.6652857e-04 +2.7749856e-04	 1.02e+00 Accepted	 426	 1800	
462	 4.7466266e-01	 +1.5454413e-03 +1.6096220e-03	 1.03e+00 Accepted	 429	 1819	
463	 4.7432016e-01	 +1.7331215e-03 +8.1471448e-04	 1.02e+00 Accepted	 430	 1800	
464	 4.7449086e-01	 +4.4921609e-04 -1.1787273e-03	 1.34e+00 Accepted	 427	 1856	
465	 4.7416916e-01	 -1.2904714e-03 +6.8121179e-04	 8.17e-01 Accepted	 440	 1831	
466	 4.7412526e-01	 +1.4993446e-03 -2.6532932e-03	 9.87e-01 Accepted	 432	 1844	
467	 4.7425083e-01	 -1.1562950e-04 -1.6319360e-04	 1.54e+00 Accepted	 433	 1821	
468	 4.7376882e-01	 +6.1201529e-05 -8.1248511e-04	 5.08e-01 Accepted	 430	 1765	
469	 4.7340761e-01	 -2.0749624e-04 +2.7470275e-04	 8.20e-01 Accepted	 420	 1795	
470	 4.7388930e-01	 -9.5766334e-04 +1.9285961e-03	 1.31e+00 Accepted	 424	 1793	
471	 4.7388930e-01	 -9.5766334e-04 +1.9285961e-03	 6.05e-01 Rejected	 427	 1820	
472	 4.7390504e-01	 +1.2158452e-03 -2.1433676e-04	 1.16e+00 Accepted	 425	 1813	
473	 4.7414874e-01	 -7.8760106e-04 -2.0387153e-04	 1.63e+00 Accepted	 430	 1798	
474	 4.7433728e-01	 -1.3783910e-03 -3.2388967e-03	 2.16e+00 Accepted	 430	 1786	
475	 4.7447144e-01	 +2.5284302e-04 -1.5788307e-03	 1.40e+00 Accepted	 424	 1784	
476	 4.7418777e-01	 -1.2275303e-03 -1.0557755e-03	 8.72e-01 Accepted	 432	 1798	
477	 4.7449048e-01	 -2.6351010e-03 +2.5126834e-03	 1.59e+00 Accepted	 430	 1819	
478	 4.7461454e-01	 +2.9362324e-03 +6.6909841e-04	 8.69e-01 Accepted	 435	 1834	
479	 4.7470269e-01	 -3.9524230e-04 +1.6395207e-03	 6.49e-01 Accepted	 428	 1793	
480	 4.7417416e-01	 +2.6999983e-03 -1.1628295e-03	 9.07e-01 Accepted	 427	 1790	
481	 4.7423229e-01	 +1.5137852e-03 -1.9534510e-03	 1.02e+00 Accepted	 426	 1771	
482	 4.7400912e-01	 -1.1431747e-03 -1.1127531e-04	 7.77e-01 Accepted	 422	 1791	
483	 4.7400455e-01	 +1.3769035e-03 -2.7630578e-03	 1.55e+00 Accepted	 423	 1780	
484	 4.7398900e-01	 -1.0297178e-03 -3.8871653e-04	 9.00e-01 Accepted	 425	 1793	
485	 4.7357937e-01	 +1.3927968e-03 +8.6619029e-04	 8.23e-01 Accepted	 421	 1790	
486	 4.7326842e-01	 +2.2142307e-03 -5.1650942e-04	 6.42e-01 Accepted	 421	 1778	
487	 4.7350142e-01	 +3.9090621e-04 +1.9770127e-03	 1.28e+00 Accepted	 417	 1765	
488	 4.7387769e-01	 +1.1310329e-03 -6.2656586e-04	 9.48e-01 Accepted	 422	 1809	
489	 4.7377457e-01	 +2.6790815e-04 -1.3347241e-03	 1.46e+00 Accepted	 427	 1774	
490	 4.7357996e-01	 -4.6567658e-04 +1.3978799e-03	 6.93e-01 Accepted	 422	 1769	
491	 4.7379236e-01	 -5.0695330e-04 +1.0430861e-03	 9.47e-01 Accepted	 417	 1768	
492	 4.7310649e-01	 +5.6457600e-04 -1.8214964e-03	 5.84e-01 Accepted	 421	 1779	
493	 4.7286461e-01	 +2.6264448e-03 +1.0720479e-03	 6.04e-01 Accepted	 421	 1748	
494	 4.7279499e-01	 +3.1591692e-03 -4.1065569e-04	 7.39e-01 Accepted	 413	 1758	
495	 4.7275900e-01	 -2.1431649e-03 -9.6435077e-04	 1.20e+00 Accepted	 419	 1775	
496	 4.7297225e-01	 -1.0457409e-03 +3.0558440e-03	 9.18e-01 Accepted	 418	 1744	
497	 4.7301828e-01	 +1.0000917e-03 -2.5642342e-04	 1.19e+00 Accepted	 424	 1825	
498	 4.7308468e-01	 +1.8199188e-03 -2.7463069e-04	 8.02e-01 Accepted	 432	 1776	
499	 4.7307791e-01	 +3.1429275e-03 -3.9047446e-05	 6.81e-01 Accepted	 422	 1766	
500	 4.7307791e-01	 +3.1429275e-03 -3.9047446e-05	 5.60e-01 Rejected	 415	 1734	
501	 4.7307791e-01	 +3.1429275e-03 -3.9047446e-05	 7.83e-01 Rejected	 420	 1768	
502	 4.7285212e-01	 +1.8518045e-03 +1.2046347e-03	 9.34e-01 Accepted	 422	 1816	
503	 4.7285212e-01	 +1.8518045e-03 +1.2046347e-03	 6.60e-01 Rejected	 424	 1780	
504	 4.7335010e-01	 +7.5548488e-04 +2.7673474e-03	 1.68e+00 Accepted	 429	 1884	
505	 4.7356409e-01	 +2.1911059e-03 -8.3205382e-04	 1.39e+00 Accepted	 434	 1793	
506	 4.7355196e-01	 +9.1004204e-04 +2.7640737e-03	 1.48e+00 Accepted	 427	 1780	
507	 4.7346129e-01	 -5.2395900e-04 +3.0940342e-03	 8.93e-01 Accepted	 419	 1759	
508	 4.7331887e-01	 -3.2315915e-03 -1.4614526e-03	 1.10e+00 Accepted	 418	 1741	
509	 4.7339216e-01	 -8.4888126e-04 +5.1803584e-04	 1.58e+00 Accepted	 425	 1877	
510	 4.7373061e-01	 +7.6321294e-04 +8.1637605e-04	 1.17e+00 Accepted	 432	 1758	
511	 4.7357552e-01	 +2.0439200e-03 +6.1793172e-04	 1.04e+00 Accepted	 418	 1781	
512	 4.7357552e-01	 +2.0439200e-03 +6.1793172e-04	 9.08e-01 Rejected	 423	 1855	
# Starting_type: CheckpointStart
# Trajectory_length / Number_of_MD_steps: 1 / 7
# 	 Plaquette	 Polyakov_Loop(re,im)	 Acc._Probability	 runtime_per_traj(s)	 CG_iterations	
513	 4.7357552e-01	 +2.0439200e-03 +6.1793172e-04	 6.20e-01 Rejected	 327	 1758	
514	 4.7322414e-01	 -4.5880097e-04 +3.4500781e-04	 7.28e-01 Accepted	 318	 1746	
515	 4.7322414e-01	 -4.5880097e-04 +3.4500781e-04	 6.29e-01 Rejected	 306	 1796	
516	 4.7352767e-01	 +3.9476508e-04 +2.8882385e-05	 9.45e-01 Accepted	 303	 1776	
517	 4.7352767e-01	 +3.9476508e-04 +2.8882385e-05	 8.06e-01 Rejected	 304	 1769	
518	 4.7361103e-01	 +1.0059247e-03 -4.7792709e-03	 1.22e+00 Accepted	 308	 1777	
519	 4.7386798e-01	 +1.5790657e-03 -1.2415903e-03	 1.25e+00 Accepted	 303	 1780	
520	 4.7403825e-01	 +1.8523440e-03 -2.5055635e-03	 1.45e+00 Accepted	 304	 1766	
521	 4.7410739e-01	 -7.8985799e-04 -6.8804782e-04	 1.34e+00 Accepted	 307	 1784	
522	 4.7410739e-01	 -7.8985799e-04 -6.8804782e-04	 9.00e-01 Rejected	 307	 1798	
523	 4.7378453e-01	 +3.8833827e-04 -1.1866615e-04	 1.01e+00 Accepted	 308	 1839	
524	 4.7405647e-01	 +1.5724995e-03 +1.0085543e-03	 1.67e+00 Accepted	 310	 1807	
525	 4.7400640e-01	 +5.7666818e-04 -2.8573344e-03	 1.51e+00 Accepted	 310	 1796	
526	 4.7398559e-01	 +4.4906720e-04 +8.3520614e-04	 5.56e-01 Accepted	 310	 1840	
527	 4.7398559e-01	 +4.4906720e-04 +8.3520614e-04	 8.51e-01 Rejected	 316	 1802	
528	 4.7415808e-01	 +1.1849787e-03 +2.2354370e-03	 1.27e+00 Accepted	 313	 1864	
529	 4.7436147e-01	 -2.5328271e-03 +1.2936096e-04	 1.33e+00 Accepted	 313	 1800	
530	 4.7443921e-01	 +2.7255896e-03 +8.5554137e-04	 1.15e+00 Accepted	 307	 1852	
531	 4.7470003e-01	 +1.7650250e-03 -1.5036654e-03	 8.35e-01 Accepted	 310	 1811	
532	 4.7482139e-01	 +9.4059688e-04 +3.0496806e-03	 1.14e+00 Accepted	 309	 1813	
533	 4.7497861e-01	 +2.2436555e-04 +4.4170957e-03	 1.28e+00 Accepted	 308	 1821	
534	 4.7459000e-01	 -1.4756050e-04 -7.5270257e-04	 7.65e-01 Accepted	 314	 1903	
535	 4.7485849e-01	 +1.5743084e-04 -8.2464440e-05	 9.61e-01 Accepted	 316	 1814	
536	 4.7468546e-01	 +1.1485654e-03 -2.7419445e-03	 9.41e-01 Accepted	 311	 1819	
537	 4.7499418e-01	 +2.5321363e-03 -2.0192722e-03	 1.28e+00 Accepted	 314	 1882	
538	 4.7504398e-01	 +2.7116862e-05 +1.1866883e-03	 1.34e+00 Accepted	 315	 1803	
539	 4.7527955e-01	 +6.2649973e-05 +1.3325237e-03	 1.28e+00 Accepted	 307	 1799	
540	 4.7530635e-01	 +1.9861457e-03 +2.9251787e-03	 1.39e+00 Accepted	 311	 1798	
541	 4.7516375e-01	 +5.8080801e-04 -6.8424750e-04	 1.25e+00 Accepted	 312	 1867	
542	 4.7522175e-01	 -1.6814498e-03 +1.2054238e-03	 1.01e+00 Accepted	 317	 1877	
543	 4.7522175e-01	 -1.6814498e-03 +1.2054238e-03	 5.92e-01 Rejected	 318	 1897	
544	 4.7522175e-01	 -1.6814498e-03 +1.2054238e-03	 5.82e-01 Rejected	 313	 1795	
545	 4.7497984e-01	 +3.2653957e-04 +2.7674731e-03	 7.85e-01 Accepted	 316	 1798	
546	 4.7441212e-01	 +4.9691304e-04 +5.7440585e-04	 6.59e-01 Accepted	 309	 1806	
547	 4.7457574e-01	 +1.2040734e-03 +9.8614055e-04	 1.29e+00 Accepted	 308	 1802	
548	 4.7432884e-01	 +4.7861935e-04 -6.7254984e-04	 1.60e+00 Accepted	 309	 1819	
549	 4.7393304e-01	 -2.6346031e-04 +2.9002192e-03	 8.25e-01 Accepted	 309	 1838	
550	 4.7361485e-01	 +1.6288013e-03 -5.9524366e-04	 7.70e-01 Accepted	 313	 1765	
551	 4.7408564e-01	 +6.3885108e-04 +2.8598425e-04	 1.27e+00 Accepted	 306	 1819	
552	 4.7408564e-01	 +6.3885108e-04 +2.8598425e-04	 7.17e-01 Rejected	 312	 1783	
553	 4.7379524e-01	 +2.7198958e-03 +3.3022159e-04	 8.63e-01 Accepted	 311	 1800	
554	 4.7407685e-01	 +7.0632502e-06 +1.4902062e-03	 1.11e+00 Accepted	 307	 1806	
555	 4.7428962e-01	 +1.4025306e-03 +2.6781804e-03	 7.97e-01 Accepted	 303	 1757	
556	 4.7390375e-01	 +1.0590347e-03 -2.4112817e-03	 1.13e+00 Accepted	 304	 1785	
557	 4.7370042e-01	 -7.6190123e-04 -1.3988801e-03	 9.44e-01 Accepted	 305	 1796	
558	 4.7370042e-01	 -7.6190123e-04 -1.3988801e-03	 7.48e-01 Rejected	 306	 1792	
559	 4.7394545e-01	 -1.4119797e-03 -1.1953302e-03	 1.76e+00 Accepted	 307	 1775	
560	 4.7412064e-01	 +1.0304515e-03 -7.0559125e-04	 1.97e+00 Accepted	 304	 1784	
561	 4.7427637e-01	 +1.3709120e-03 +3.5622372e-03	 1.60e+00 Accepted	 307	 1777	
562	 4.7411163e-01	 +3.4861732e-04 -1.0398001e-03	 1.17e+00 Accepted	 308	 1813	
563	 4.7428232e-01	 -4.4611247e-04 +7.8609024e-04	 1.23e+00 Accepted	 307	 1802	
564	 4.7402253e-01	 -3.3895945e-04 +8.6881036e-04	 6.42e-01 Accepted	 306	 1757	
565	 4.7419625e-01	 +6.9717937e-04 -1.5462756e-03	 9.10e-01 Accepted	 307	 1790	
566	 4.7419625e-01	 +6.9717937e-04 -1.5462756e-03	 9.65e-01 Rejected	 309	 1794	
567	 4.7419625e-01	 +6.9717937e-04 -1.5462756e-03	 7.26e-01 Rejected	 306	 1790	
568	 4.7477718e-01	 +7.8654975e-05 -1.7672606e-03	 9.17e-01 Accepted	 311	 1836	
569	 4.7477718e-01	 +7.8654975e-05 -1.7672606e-03	 5.97e-01 Rejected	 313	 1813	
570	 4.7477718e-01	 +7.8654975e-05 -1.7672606e-03	 6.04e-01 Rejected	 309	 1798	
571	 4.7452011e-01	 +1.4351943e-03 +1.4730644e-03	 5.27e-01 Accepted	 312	 1833	
572	 4.7456821e-01	 +1.7088118e-03 +1.2271559e-03	 1.07e+00 Accepted	 313	 1832	
573	 4.7456395e-01	 -2.0621191e-04 +2.2837497e-04	 5.65e-01 Accepted	 311	 1785	
574	 4.7458579e-01	 -3.6775116e-04 +1.3972821e-03	 1.33e+00 Accepted	 308	 1783	
575	 4.7400029e-01	 +1.4053121e-03 -7.9643716e-04	 1.15e+00 Accepted	 310	 1792	
576	 4.7443645e-01	 +6.3302599e-04 +1.4146310e-03	 1.07e+00 Accepted	 312	 1807	
577	 4.7460644e-01	 +1.3920133e-03 +1.3547311e-03	 1.36e+00 Accepted	 313	 1783	
578	 4.7484381e-01	 +2.3811651e-04 -1.5630062e-03	 1.06e+00 Accepted	 312	 1877	
579	 4.7476355e-01	 +1.3349437e-04 +5.3971258e-04	 1.32e+00 Accepted	 323	 1875	
580	 4.7476355e-01	 +1.3349437e-04 +5.3971258e-04	 4.98e-01 Rejected	 319	 1848	
581	 4.7492720e-01	 +8.7970796e-04 -3.6146301e-04	 1.08e+00 Accepted	 318	 1806	
582	 4.7481034e-01	 +4.9398047e-04 -3.0416364e-04	 1.19e+00 Accepted	 319	 1877	
583	 4.7454082e-01	 +9.2846107e-04 -4.1259790e-03	 5.12e-01 Accepted	 315	 1824	
584	 4.7454082e-01	 +9.2846107e-04 -4.1259790e-03	 5.46e-01 Rejected	 312	 1798	
585	 4.7474705e-01	 -4.7628090e-04 +4.8978937e-03	 7.23e-01 Accepted	 317	 1821	
586	 4.7463909e-01	 +1.8868252e-03 -1.2736274e-03	 9.19e-01 Accepted	 313	 1875	
587	 4.7450702e-01	 -3.2211755e-03 +1.4051511e-03	 1.19e+00 Accepted	 318	 1825	
588	 4.7470608e-01	 -3.1042478e-03 +1.6850945e-03	 1.11e+00 Accepted	 310	 1816	
589	 4.7468515e-01	 +1.6730415e-03 -1.5921223e-03	 1.10e+00 Accepted	 309	 1818	
590	 4.7438909e-01	 +5.5400545e-04 +1.1120577e-04	 1.06e+00 Accepted	 312	 1836	
591	 4.7448170e-01	 +1.1410796e-03 +2.4266080e-03	 1.01e+00 Accepted	 320	 1903	
592	 4.7448170e-01	 +1.1410796e-03 +2.4266080e-03	 6.55e-01 Rejected	 316	 1817	
593	 4.7395718e-01	 +6.5390181e-04 -1.0812408e-03	 6.12e-01 Accepted	 320	 1810	
594	 4.7395718e-01	 +6.5390181e-04 -1.0812408e-03	 5.66e-01 Rejected	 315	 1882	
595	 4.7466733e-01	 +6.4347107e-04 -1.9569461e-03	 2.21e+00 Accepted	 316	 1924	
596	 4.7485582e-01	 +4.7313606e-03 -4.8694017e-04	 1.12e+00 Accepted	 327	 1910	
597	 4.7514116e-01	 -2.4930897e-04 -6.1036068e-04	 8.51e-01 Accepted	 325	 1863	
598	 4.7487510e-01	 -6.5080571e-05 -1.1856283e-04	 1.14e+00 Accepted	 313	 1824	
599	 4.7490442e-01	 +4.2421853e-04 +1.2889472e-03	 9.53e-01 Accepted	 315	 1913	
600	 4.7486178e-01	 +9.6661083e-04 -5.6761211e-04	 1.20e+00 Accepted	 318	 1836	
601	 4.7486178e-01	 +9.6661083e-04 -5.6761211e-04	 6.25e-01 Rejected	 318	 1873	
602	 4.7502652e-01	 -7.2873186e-04 +5.2494739e-04	 8.30e-01 Accepted	 317	 1870	
603	 4.7502652e-01	 -7.2873186e-04 +5.2494739e-04	 7.98e-01 Rejected	 318	 1867	
604	 4.7469213e-01	 +6.3644329e-05 +7.9873589e-04	 6.89e-01 Accepted	 316	 1833	
605	 4.7462282e-01	 -3.1481819e-04 +8.2960316e-04	 5.23e-01 Accepted	 311	 1826	
606	 4.7471624e-01	 +1.4174088e-03 +2.9538520e-04	 8.94e-01 Accepted	 320	 1919	
607	 4.7471624e-01	 +1.4174088e-03 +2.9538520e-04	 8.39e-01 Rejected	 330	 1944	
608	 4.7512987e-01	 +1.1796174e-03 +1.6875761e-03	 1.30e+00 Accepted	 322	 1881	
609	 4.7481519e-01	 -1.8469795e-03 +3.3119549e-03	 6.39e-01 Accepted	 313	 1831	
610	 4.7505094e-01	 -6.3204319e-04 -1.9416359e-03	 1.27e+00 Accepted	 312	 1848	
611	 4.7484543e-01	 +1.6846663e-03 -2.6444995e-03	 8.70e-01 Accepted	 311	 1836	
612	 4.7450862e-01	 -2.6871574e-03 +7.5498318e-04	 1.21e+00 Accepted	 313	 1832	
613	 4.7464290e-01	 -1.9775009e-03 -1.5647867e-03	 9.80e-01 Accepted	 309	 1815	
614	 4.7442829e-01	 +2.2863594e-03 -3.4565853e-03	 8.27e-01 Accepted	 311	 1864	
615	 4.7442829e-01	 +2.2863594e-03 -3.4565853e-03	 2.65e-01 Rejected	 312	 1832	
616	 4.7481021e-01	 +2.6463550e-03 -3.8160696e-04	 1.65e+00 Accepted	 312	 1870	
617	 4.7481021e-01	 +2.6463550e-03 -3.8160696e-04	 8.43e-01 Rejected	 316	 1871	
618	 4.7507036e-01	 -1.1701060e-03 +7.5910483e-04	 1.02e+00 Accepted	 313	 1838	
619	 4.7474937e-01	 -5.1831285e-03 +6.8399211e-04	 1.16e+00 Accepted	 316	 1871	
620	 4.7435762e-01	 +2.7393225e-04 +1.4115851e-03	 1.01e+00 Accepted	 317	 1903	
621	 4.7467272e-01	 -1.1171540e-03 -7.0772247e-04	 2.06e+00 Accepted	 318	 1892	
622	 4.7448194e-01	 +8.1499789e-04 +8.0194932e-04	 1.07e+00 Accepted	 319	 1951	
623	 4.7448194e-01	 +8.1499789e-04 +8.0194932e-04	 6.51e-01 Rejected	 324	 1802	
624	 4.7435612e-01	 -4.5910684e-04 -2.2562379e-03	 1.73e+00 Accepted	 324	 1869	
625	 4.7419671e-01	 +1.0037832e-03 +1.7810317e-03	 1.78e+00 Accepted	 315	 1840	
626	 4.7433341e-01	 +2.3791697e-03 -3.8429784e-04	 9.69e-01 Accepted	 312	 1860	
627	 4.7431877e-01	 +6.1839078e-05 -1.5304310e-03	 1.03e+00 Accepted	 311	 1860	
628	 4.7436911e-01	 +2.5760834e-03 +3.2067588e-03	 8.17e-01 Accepted	 314	 1809	
629	 4.7442155e-01	 -3.2317990e-03 +2.9994797e-03	 8.99e-01 Accepted	 309	 1809	
630	 4.7363714e-01	 -6.3873724e-04 -5.3803839e-04	 4.40e-01 Accepted	 303	 1765	
631	 4.7363714e-01	 -6.3873724e-04 -5.3803839e-04	 7.86e-01 Rejected	 300	 1795	
632	 4.7363644e-01	 +9.7845182e-04 -8.2272468e-04	 1.01e+00 Accepted	 304	 1836	
633	 4.7363644e-01	 +9.7845182e-04 -8.2272468e-04	 7.85e-01 Rejected	 309	 1792	
634	 4.7414493e-01	 +2.2710364e-03 +1.3899679e-03	 1.86e+00 Accepted	 312	 1820	
635	 4.7452478e-01	 +2.4195235e-03 +8.3084246e-05	 1.10e+00 Accepted	 308	 1825	
636	 4.7464698e-01	 -6.8921456e-04 -1.5517490e-03	 2.32e+00 Accepted	 307	 1829	
637	 4.7448743e-01	 +2.5865583e-03 +1.5386865e-03	 6.50e-01 Accepted	 307	 1836	
638	 4.7473183e-01	 +5.8917277e-04 +1.6448086e-03	 1.57e+00 Accepted	 310	 1823	
639	 4.7497171e-01	 -1.0850803e-03 -1.1913001e-03	 1.11e+00 Accepted	 311	 1827	
640	 4.7491905e-01	 -1.6144986e-03 +6.3158977e-05	 1.13e+00 Accepted	 308	 1854	
641	 4.7474110e-01	 +3.2668361e-04 -3.5587029e-04	 4.87e-01 Accepted	 313	 1840	
642	 4.7470047e-01	 -1.1229184e-03 +4.4260890e-04	 1.22e+00 Accepted	 311	 1847	
643	 4.7473279e-01	 +1.1983036e-05 +8.0799989e-04	 1.07e+00 Accepted	 312	 1872	
644	 4.7450859e-01	 +6.5544725e-04 +6.1281166e-04	 6.20e-01 Accepted	 315	 1894	
645	 4.7434457e-01	 +3.1612715e-04 -1.6639434e-03	 1.14e+00 Accepted	 313	 1804	
646	 4.7456040e-01	 -2.0345265e-03 +2.0524622e-03	 1.26e+00 Accepted	 311	 1821	
647	 4.7438799e-01	 +1.2296615e-04 +1.3344062e-03	 1.08e+00 Accepted	 312	 1818	
648	 4.7403761e-01	 +7.4458876e-04 -1.1984444e-03	 7.71e-01 Accepted	 306	 1748	
649	 4.7418536e-01	 +5.1107833e-05 -8.8576801e-04	 9.11e-01 Accepted	 302	 1774	
650	 4.7442374e-01	 +3.7230084e-03 -7.6321146e-05	 1.82e+00 Accepted	 308	 1844	
