# Starting_type: ColdStart
# serial RNG seed: 	[37119 18657 18449 57687 1164]
# parallel RNG seed:	[21876 1124 20429 48999 58196]
# Trajectory_length / Number_of_MD_steps: 1 / 8
# 	 Plaquette	 Polyakov_Loop(re,im)	 Acc._Probability	 runtime_per_traj(s)	 CG_iterations	
1	 8.0666256e-01	 +4.3834922e-01 -3.5174905e-05	 8.33e-29 Skipping	 95	 224	
2	 7.3564317e-01	 +2.7495287e-01 +1.4064404e-03	 9.17e-14 Skipping	 92	 216	
3	 6.9289515e-01	 +1.9290097e-01 -8.3538816e-05	 2.23e-09 Skipping	 90	 211	
4	 6.6361062e-01	 +1.4377620e-01 -5.7034354e-04	 1.07e-06 Skipping	 90	 209	
5	 6.4287023e-01	 +1.1677570e-01 +1.1065972e-04	 4.45e-05 Skipping	 89	 207	
6	 6.2772259e-01	 +1.0021627e-01 -1.5796588e-04	 9.85e-04 Skipping	 89	 207	
7	 6.1691847e-01	 +9.1052356e-02 +1.3207163e-03	 5.46e-03 Skipping	 89	 207	
8	 6.0971841e-01	 +7.9399425e-02 -5.9428112e-04	 3.39e-02 Skipping	 89	 207	
9	 6.0409411e-01	 +7.3228781e-02 -1.0002492e-04	 8.26e-02 Skipping	 90	 216	
10	 6.0039386e-01	 +6.9237396e-02 -1.8866591e-03	 1.32e-01 Skipping	 92	 219	
11	 5.9736014e-01	 +6.1596234e-02 +2.5115859e-04	 1.68e-01 Skipping	 91	 210	
12	 5.9520459e-01	 +6.0296114e-02 -1.0719561e-03	 3.57e-01 Skipping	 91	 224	
13	 5.9396814e-01	 +6.0372992e-02 +5.2788933e-04	 5.59e-01 Skipping	 96	 262	
14	 5.9323124e-01	 +6.0747564e-02 +1.7217012e-03	 6.86e-01 Skipping	 99	 216	
15	 5.9252364e-01	 +5.5612048e-02 -2.7645332e-03	 7.23e-01 Skipping	 92	 216	
16	 5.9196162e-01	 +5.5452716e-02 +3.2615304e-03	 8.62e-01 Skipping	 93	 231	
17	 5.9161386e-01	 +5.7133043e-02 +1.0447542e-03	 9.89e-01 Skipping	 95	 244	
18	 5.9056956e-01	 +5.1043205e-02 -1.8185165e-03	 5.78e-01 Skipping	 98	 217	
19	 5.9052546e-01	 +5.2231679e-02 -5.0399951e-04	 1.20e+00 Skipping	 93	 221	
20	 5.9031907e-01	 +4.7034744e-02 -4.1475145e-03	 9.20e-01 Skipping	 96	 265	
21	 5.9018747e-01	 +5.0825838e-02 +4.0535463e-04	 8.23e-01 Skipping	 98	 227	
22	 5.9034197e-01	 +4.9084582e-02 -1.8115337e-03	 1.18e+00 Skipping	 96	 229	
23	 5.9010387e-01	 +4.7940549e-02 -5.8579882e-04	 9.11e-01 Skipping	 98	 243	
24	 5.9011117e-01	 +4.7941582e-02 +1.6584869e-03	 8.59e-01 Skipping	 96	 228	
25	 5.8996630e-01	 +4.3788842e-02 -2.1956063e-03	 1.01e+00 Skipping	 95	 232	
26	 5.8990521e-01	 +4.8879135e-02 +2.0178602e-03	 7.30e-01 Skipping	 94	 218	
27	 5.8991631e-01	 +4.4489497e-02 -6.6833276e-04	 8.08e-01 Skipping	 93	 231	
28	 5.9013610e-01	 +4.5471349e-02 +1.4688647e-03	 1.02e+00 Skipping	 95	 224	
29	 5.9018249e-01	 +4.4781987e-02 +9.3239611e-04	 1.28e+00 Skipping	 94	 225	
30	 5.9010427e-01	 +4.3782667e-02 +1.0272109e-03	 9.23e-01 Skipping	 101	 296	
31	 5.9001582e-01	 +4.4758174e-02 -1.1604179e-03	 7.03e-01 Skipping	 104	 237	
32	 5.9054800e-01	 +4.6020025e-02 -6.9557641e-04	 1.35e+00 Skipping	 95	 225	
33	 5.8998580e-01	 +4.1764119e-02 +1.6690894e-03	 9.19e-01 Skipping	 97	 265	
34	 5.8958850e-01	 +4.3936067e-02 +1.3784906e-03	 8.15e-01 Skipping	 101	 222	
35	 5.8987399e-01	 +4.4396645e-02 +3.5917129e-03	 1.21e+00 Skipping	 94	 215	
36	 5.8981980e-01	 +4.2427625e-02 +9.2775048e-04	 8.83e-01 Skipping	 92	 230	
37	 5.9009472e-01	 +4.2589584e-02 +4.9281889e-04	 1.11e+00 Skipping	 94	 224	
38	 5.8968426e-01	 +4.6045174e-02 +7.8672915e-04	 1.19e+00 Skipping	 93	 225	
39	 5.9008199e-01	 +4.3990269e-02 -8.1428070e-04	 1.24e+00 Skipping	 95	 245	
40	 5.8987601e-01	 +4.4846252e-02 -1.5148391e-03	 9.37e-01 Skipping	 96	 222	
41	 5.9003141e-01	 +4.7686059e-02 -1.9459782e-03	 1.01e+00 Skipping	 93	 215	
42	 5.8953591e-01	 +4.5486578e-02 -6.2315778e-04	 7.15e-01 Skipping	 95	 244	
43	 5.8978377e-01	 +4.7753057e-02 -2.6306902e-03	 1.11e+00 Skipping	 98	 221	
44	 5.8983516e-01	 +4.5599293e-02 -7.6354891e-04	 8.37e-01 Skipping	 97	 288	
45	 5.8957480e-01	 +4.4640043e-02 -3.8993509e-04	 7.73e-01 Skipping	 101	 242	
46	 5.9009626e-01	 +4.4804714e-02 -2.6007204e-03	 1.28e+00 Skipping	 99	 262	
47	 5.8989592e-01	 +4.0595702e-02 -5.3897007e-05	 6.94e-01 Skipping	 101	 254	
48	 5.9021993e-01	 +4.2594839e-02 -4.6898443e-03	 1.10e+00 Skipping	 102	 224	
49	 5.8997836e-01	 +4.2556020e-02 -2.8534030e-03	 7.61e-01 Skipping	 95	 224	
50	 5.8969374e-01	 +4.5661348e-02 +1.7707913e-03	 8.04e-01 Skipping	 95	 227	
51	 5.8980949e-01	 +4.0960789e-02 +1.1242617e-04	 8.68e-01 Accepted	 99	 266	
52	 5.9011127e-01	 +4.4468096e-02 +1.0087129e-03	 8.72e-01 Accepted	 106	 246	
53	 5.9030027e-01	 +4.4003899e-02 +3.1498800e-03	 1.06e+00 Accepted	 97	 223	
54	 5.9030027e-01	 +4.4003899e-02 +3.1498800e-03	 8.60e-01 Rejected	 96	 253	
55	 5.9032115e-01	 +4.6821300e-02 -3.6464391e-04	 1.12e+00 Accepted	 94	 223	
56	 5.8990910e-01	 +4.1605380e-02 -4.7375236e-03	 7.97e-01 Accepted	 94	 230	
57	 5.9015873e-01	 +4.1591668e-02 +2.4116666e-03	 1.19e+00 Accepted	 94	 237	
58	 5.9044978e-01	 +4.3130935e-02 +2.2134100e-04	 1.02e+00 Accepted	 97	 235	
59	 5.8999273e-01	 +4.2285451e-02 -2.6101876e-04	 7.13e-01 Accepted	 96	 244	
60	 5.9015989e-01	 +4.5203414e-02 -1.7454061e-03	 1.17e+00 Accepted	 96	 223	
61	 5.8986832e-01	 +4.2945677e-02 -6.5114912e-04	 6.66e-01 Accepted	 95	 226	
62	 5.8986832e-01	 +4.2945677e-02 -6.5114912e-04	 7.95e-01 Rejected	 96	 237	
63	 5.8987737e-01	 +4.1861960e-02 -6.5070902e-04	 9.92e-01 Accepted	 95	 237	
64	 5.8975734e-01	 +4.1829578e-02 +6.3905082e-04	 9.28e-01 Accepted	 95	 221	
65	 5.8975734e-01	 +4.1829578e-02 +6.3905082e-04	 8.84e-01 Rejected	 96	 273	
66	 5.8984280e-01	 +4.3478707e-02 +5.2822171e-04	 9.70e-01 Accepted	 94	 224	
67	 5.9013350e-01	 +4.1947292e-02 -2.9744632e-03	 9.62e-01 Accepted	 94	 231	
68	 5.9015857e-01	 +4.3037554e-02 -3.3879760e-04	 1.05e+00 Accepted	 96	 233	
69	 5.8984413e-01	 +4.0690249e-02 -4.2529246e-03	 9.50e-01 Accepted	 96	 235	
70	 5.8971940e-01	 +4.5063179e-02 -5.2077956e-04	 6.00e-01 Accepted	 96	 237	
71	 5.9000670e-01	 +4.2105111e-02 +5.3562469e-04	 1.20e+00 Accepted	 95	 231	
72	 5.9047738e-01	 +4.1753527e-02 +2.3486561e-03	 1.18e+00 Accepted	 98	 230	
73	 5.9010718e-01	 +4.2274099e-02 +2.4875369e-03	 7.82e-01 Accepted	 95	 226	
74	 5.9010231e-01	 +4.3846826e-02 +1.2876532e-03	 1.19e+00 Accepted	 96	 224	
75	 5.9010231e-01	 +4.3846826e-02 +1.2876532e-03	 8.84e-01 Rejected	 96	 224	
76	 5.9011906e-01	 +4.3104811e-02 +3.2287598e-03	 9.61e-01 Accepted	 97	 234	
77	 5.9009713e-01	 +4.0989879e-02 +1.4658762e-03	 1.08e+00 Accepted	 97	 225	
78	 5.9032058e-01	 +4.2033984e-02 +2.2108590e-03	 1.02e+00 Accepted	 95	 225	
79	 5.9052935e-01	 +4.0770435e-02 -8.2533706e-04	 1.06e+00 Accepted	 95	 215	
80	 5.9039400e-01	 +4.2079410e-02 +2.8719435e-05	 1.02e+00 Accepted	 92	 222	
81	 5.9019355e-01	 +4.5935814e-02 -1.5188574e-03	 8.53e-01 Accepted	 93	 213	
82	 5.9019355e-01	 +4.5935814e-02 -1.5188574e-03	 8.23e-01 Rejected	 94	 246	
83	 5.9019355e-01	 +4.5935814e-02 -1.5188574e-03	 9.20e-01 Rejected	 93	 230	
84	 5.9034776e-01	 +4.5344990e-02 +3.1645617e-03	 1.18e+00 Accepted	 93	 233	
85	 5.9032149e-01	 +4.4500055e-02 +2.4057975e-03	 8.97e-01 Accepted	 97	 245	
86	 5.9032149e-01	 +4.4500055e-02 +2.4057975e-03	 7.02e-01 Rejected	 97	 219	
87	 5.9032149e-01	 +4.4500055e-02 +2.4057975e-03	 8.38e-01 Rejected	 103	 252	
88	 5.8970003e-01	 +4.5292826e-02 +5.8708137e-03	 7.37e-01 Accepted	 105	 271	
89	 5.9015431e-01	 +4.4977437e-02 +2.4057335e-03	 1.03e+00 Accepted	 108	 241	
90	 5.9015128e-01	 +4.6357569e-02 +1.1752199e-03	 9.85e-01 Accepted	 96	 221	
91	 5.9060591e-01	 +4.2339975e-02 +2.0588153e-03	 9.63e-01 Accepted	 94	 228	
92	 5.9019465e-01	 +4.5077817e-02 +4.2007068e-03	 7.99e-01 Accepted	 96	 230	
93	 5.9007796e-01	 +4.3125621e-02 +3.6945512e-03	 1.33e+00 Accepted	 95	 234	
94	 5.9016314e-01	 +4.6239178e-02 -5.5527715e-04	 1.10e+00 Accepted	 96	 230	
95	 5.8981112e-01	 +4.3760298e-02 +3.7002229e-03	 8.24e-01 Accepted	 98	 242	
96	 5.9028690e-01	 +4.1299631e-02 +2.4460584e-03	 1.53e+00 Accepted	 99	 229	
97	 5.9009307e-01	 +4.2444896e-02 +2.4597974e-04	 9.53e-01 Accepted	 95	 221	
98	 5.9036140e-01	 +3.9956316e-02 +2.8808135e-04	 1.15e+00 Accepted	 96	 238	
99	 5.9036140e-01	 +3.9956316e-02 +2.8808135e-04	 7.49e-01 Rejected	 97	 223	
100	 5.9022144e-01	 +3.9333833e-02 +1.5032942e-03	 7.58e-01 Accepted	 95	 235	
101	 5.9031308e-01	 +3.7701237e-02 +2.8677267e-03	 1.14e+00 Accepted	 96	 232	
102	 5.9031197e-01	 +4.1342246e-02 +2.8884778e-03	 1.11e+00 Accepted	 99	 232	
