# Starting_type: HotStart
# serial RNG seed: 	[1834 30282 8345 50018 47353]
# parallel RNG seed:	[17170 63683 7747 14623 47555]
# Trajectory_length / Number_of_MD_steps: 1 / 7
# 	 Plaquette	 Polyakov_Loop(re,im)	 Acc._Probability	 runtime_per_traj(s)	 CG_iterations	
1	 2.2402969e-01	 -1.6131992e-03 -1.2753136e-03	 7.00e+35 Accepted	 95	 315	
2	 3.1479053e-01	 -2.7445570e-04 -4.9035143e-04	 1.01e+17 Accepted	 119	 430	
3	 3.6376710e-01	 -1.8391810e-05 +1.6579531e-03	 1.67e+10 Accepted	 145	 552	
4	 3.9537377e-01	 -9.3952650e-04 +1.9979955e-03	 9.74e+06 Accepted	 172	 676	
5	 4.1696928e-01	 -2.3689136e-03 -1.1117906e-03	 1.62e+05 Accepted	 200	 810	
6	 4.3259496e-01	 +1.0738397e-03 -1.3772491e-05	 1.09e+04 Accepted	 228	 937	
7	 4.4570027e-01	 +4.1081151e-03 -3.9169945e-04	 5.61e+03 Accepted	 256	 1068	
8	 4.5612757e-01	 +1.2319141e-03 -2.0612897e-03	 1.14e+03 Accepted	 288	 1238	
9	 4.6505495e-01	 +3.2063264e-04 -7.1144594e-04	 7.09e+02 Accepted	 319	 1392	
10	 4.7324493e-01	 +8.4600758e-04 -1.2285248e-03	 2.92e+02 Accepted	 353	 1544	
11	 4.8014775e-01	 +2.2925579e-03 -7.9311149e-04	 1.59e+02 Accepted	 389	 1760	
12	 4.8704683e-01	 -4.2668070e-04 +1.8921387e-03	 1.09e+02 Accepted	 434	 1918	
13	 4.9286513e-01	 +7.6057892e-04 +8.0784375e-04	 5.12e+01 Accepted	 463	 2103	
14	 4.9803679e-01	 +5.9266399e-04 +2.7720745e-03	 7.35e+01 Accepted	 508	 2416	
15	 5.0311295e-01	 +9.4616890e-05 +2.6297423e-03	 4.71e+01 Accepted	 559	 2487	
16	 5.0776245e-01	 -1.3412081e-03 +8.4366080e-04	 3.93e+01 Accepted	 592	 2778	
17	 5.1261480e-01	 +2.7227494e-04 -2.1655870e-04	 4.81e+01 Accepted	 648	 2988	
18	 5.1700779e-01	 +1.2975349e-03 +1.0352769e-03	 1.53e+01 Accepted	 704	 3251	
19	 5.2120135e-01	 -8.6310916e-04 +3.3390169e-03	 1.47e+01 Accepted	 743	 3412	
20	 5.2463728e-01	 -1.9434433e-04 -1.2625754e-03	 1.26e+01 Accepted	 786	 3828	
21	 5.2792165e-01	 -5.2042487e-05 +2.1770823e-03	 1.02e+01 Accepted	 850	 4024	
22	 5.3105303e-01	 -1.2652184e-03 -6.7262114e-04	 3.64e+00 Accepted	 914	 4324	
23	 5.3404749e-01	 +1.7972605e-03 +1.1292196e-03	 4.76e+00 Accepted	 984	 4745	
24	 5.3652902e-01	 -7.3889410e-05 -6.7521947e-04	 6.86e+00 Accepted	 1046	 4838	
25	 5.3890719e-01	 -1.1336375e-04 +2.4722420e-04	 5.19e+00 Accepted	 1062	 5026	
26	 5.4147911e-01	 +5.8760101e-04 -8.3781687e-04	 6.17e+00 Accepted	 1135	 5489	
27	 5.4373789e-01	 +2.9276668e-03 -1.6949632e-03	 1.30e+00 Accepted	 1197	 5532	
28	 5.4523801e-01	 +5.9570041e-03 -7.1309482e-05	 3.13e+00 Accepted	 1223	 5622	
29	 5.4715773e-01	 -5.0980953e-06 +1.5546398e-03	 4.35e+00 Accepted	 1242	 5864	
30	 5.4881457e-01	 +1.7431340e-03 -1.0280440e-04	 1.77e+00 Accepted	 1267	 5928	
31	 5.4881457e-01	 +1.7431340e-03 -1.0280440e-04	 8.04e-01 Rejected	 1282	 5883	
32	 5.4984415e-01	 +3.3988062e-03 -3.8343864e-03	 4.01e+00 Accepted	 1299	 5848	
33	 5.5142132e-01	 +3.2104591e-03 -1.0647990e-03	 1.02e+00 Accepted	 1319	 6076	
34	 5.5275250e-01	 +2.5457989e-03 -1.6831817e-03	 3.90e-01 Accepted	 1358	 6226	
35	 5.5374761e-01	 -3.4454660e-04 +2.5278142e-04	 1.17e+00 Accepted	 1382	 6247	
36	 5.5481786e-01	 +2.7231413e-03 +3.6344142e-04	 1.17e+00 Accepted	 1372	 6226	
37	 5.5516034e-01	 +1.0418560e-03 +2.1385137e-03	 9.12e-01 Accepted	 1356	 6212	
38	 5.5556610e-01	 +3.7598017e-04 +3.0435696e-03	 4.40e-01 Accepted	 1366	 6220	
39	 5.5586540e-01	 +3.6834942e-03 +6.5708835e-04	 1.16e+00 Accepted	 1384	 6249	
40	 5.5586540e-01	 +3.6834942e-03 +6.5708835e-04	 3.83e-01 Rejected	 1383	 6327	
41	 5.5586540e-01	 +3.6834942e-03 +6.5708835e-04	 3.19e-01 Rejected	 1384	 6401	
42	 5.5642827e-01	 +7.2173925e-04 +1.9597537e-03	 1.56e+00 Accepted	 1379	 6306	
43	 5.5687765e-01	 +1.1870942e-03 +4.5400272e-03	 9.01e-01 Accepted	 1361	 6317	
44	 5.5687765e-01	 +1.1870942e-03 +4.5400272e-03	 2.29e-01 Rejected	 1379	 6177	
45	 5.5748479e-01	 +4.0569468e-04 +3.4677149e-03	 6.30e-01 Accepted	 1401	 6343	
46	 5.5748479e-01	 +4.0569468e-04 +3.4677149e-03	 4.03e-01 Rejected	 1400	 6385	
47	 5.5770141e-01	 +4.6006694e-03 +3.0392236e-03	 4.26e-01 Accepted	 1402	 6386	
# Starting_type: CheckpointStart
# Trajectory_length / Number_of_MD_steps: 1 / 7
# 	 Plaquette	 Polyakov_Loop(re,im)	 Acc._Probability	 runtime_per_traj(s)	 CG_iterations	
47	 5.5770141e-01	 +4.6006694e-03 +3.0392236e-03	 4.26e-01 Accepted	 1435	 6386	
48	 5.5782529e-01	 +6.6233934e-04 -7.0661975e-04	 3.82e-01 Accepted	 1384	 6142	
49	 5.5782529e-01	 +6.6233934e-04 -7.0661975e-04	 4.09e-01 Rejected	 1351	 6177	
50	 5.5859886e-01	 +4.7412181e-03 +2.6897301e-03	 1.68e+00 Accepted	 1349	 6036	
51	 5.5859886e-01	 +4.7412181e-03 +2.6897301e-03	 9.23e-01 Rejected	 1372	 6250	
52	 5.5893301e-01	 -6.2472501e-04 +4.5466608e-03	 1.27e+00 Accepted	 1365	 6235	
53	 5.5890395e-01	 -6.5844215e-04 +1.4088307e-03	 7.80e-01 Accepted	 1366	 6206	
54	 5.5896312e-01	 +2.8350083e-03 +1.4061695e-03	 4.19e-01 Accepted	 1358	 6096	
55	 5.5919744e-01	 +1.7163620e-04 +1.0807439e-03	 7.55e-01 Accepted	 1367	 6183	
56	 5.5948579e-01	 +1.2111053e-03 +3.1162540e-03	 8.67e-01 Accepted	 1360	 6120	
57	 5.5994182e-01	 +1.3017849e-03 -6.7118273e-04	 2.21e+00 Accepted	 1351	 6231	
58	 5.6046702e-01	 +2.5826250e-03 +2.9990398e-03	 8.59e-01 Accepted	 1357	 6238	
59	 5.6066625e-01	 +3.0257310e-03 +1.5103586e-03	 5.78e-01 Accepted	 1370	 6399	
60	 5.6041521e-01	 +2.8584321e-03 +7.4483547e-04	 3.17e+00 Accepted	 1407	 6430	
61	 5.6019749e-01	 +4.5377419e-03 +2.6042696e-03	 1.09e+00 Accepted	 1381	 6149	
62	 5.6029343e-01	 +2.0692754e-03 +4.5525573e-04	 5.46e-01 Accepted	 1373	 6290	
63	 5.6038404e-01	 -5.0216252e-04 +3.5203634e-03	 1.18e+00 Accepted	 1364	 6225	
64	 5.6112645e-01	 +2.5746525e-03 +1.2690200e-04	 4.76e-01 Accepted	 1360	 6175	
65	 5.6115322e-01	 +3.1700268e-03 +1.9705061e-03	 7.18e-01 Accepted	 1358	 6135	
66	 5.6125532e-01	 +1.6693128e-03 +9.9240942e-04	 7.18e-01 Accepted	 1354	 6259	
67	 5.6125532e-01	 +1.6693128e-03 +9.9240942e-04	 4.91e-01 Rejected	 1337	 5927	
68	 5.6125532e-01	 +1.6693128e-03 +9.9240942e-04	 5.38e-01 Rejected	 1347	 6008	
69	 5.6125532e-01	 +1.6693128e-03 +9.9240942e-04	 4.42e-01 Rejected	 1345	 6046	
70	 5.6112320e-01	 +3.5095197e-03 -1.0990727e-04	 1.56e+00 Accepted	 1334	 6110	
71	 5.6101019e-01	 +2.2850992e-03 -1.7368734e-03	 1.75e+00 Accepted	 1307	 5897	
72	 5.6067119e-01	 +2.1805757e-03 +2.6164929e-03	 1.14e+00 Accepted	 1316	 6016	
73	 5.6088611e-01	 +1.2689941e-03 -7.4704967e-04	 7.29e-01 Accepted	 1313	 5853	
74	 5.6135946e-01	 +2.1910438e-03 -2.4519015e-03	 8.75e-01 Accepted	 1282	 5724	
75	 5.6135946e-01	 +2.1910438e-03 -2.4519015e-03	 5.80e-01 Rejected	 1269	 5575	
76	 5.6141508e-01	 +5.1501988e-03 -8.8935353e-04	 1.66e+00 Accepted	 1305	 5869	
77	 5.6131228e-01	 +3.3016671e-03 +1.1717319e-03	 9.91e-01 Accepted	 1296	 5771	
78	 5.6124618e-01	 +1.7689570e-03 +9.1959608e-04	 8.66e-01 Accepted	 1302	 6028	
# Starting_type: CheckpointStart
# Trajectory_length / Number_of_MD_steps: 1 / 7
# 	 Plaquette	 Polyakov_Loop(re,im)	 Acc._Probability	 runtime_per_traj(s)	 CG_iterations	
79	 5.6126935e-01	 +2.5958193e-03 -3.9556657e-04	 8.68e-01 Accepted	 1351	 6204	
80	 5.6120068e-01	 +2.8110147e-03 -1.9940313e-03	 7.68e-01 Accepted	 1316	 5948	
81	 5.6152611e-01	 +3.8429272e-03 +4.1132801e-04	 1.03e+00 Accepted	 1284	 5878	
82	 5.6151638e-01	 +7.5967234e-03 +9.5059045e-04	 7.48e-01 Accepted	 1325	 6016	
83	 5.6099375e-01	 +1.8372136e-03 +2.6439308e-03	 7.62e-01 Accepted	 1304	 5843	
84	 5.6099375e-01	 +1.8372136e-03 +2.6439308e-03	 3.26e-01 Rejected	 1307	 6154	
85	 5.6098299e-01	 +5.3298209e-03 +2.3687471e-03	 3.39e-01 Accepted	 1300	 5943	
86	 5.6103999e-01	 +2.7507075e-04 +2.1522961e-03	 8.48e-01 Accepted	 1280	 5669	
87	 5.6099596e-01	 +6.1364958e-03 -2.0262534e-03	 7.59e-01 Accepted	 1285	 5770	
88	 5.6163097e-01	 -2.7064000e-03 +6.7665990e-04	 2.75e+00 Accepted	 1262	 5720	
89	 5.6163097e-01	 -2.7064000e-03 +6.7665990e-04	 8.00e-01 Rejected	 1277	 5803	
90	 5.6178654e-01	 +3.7809588e-03 -1.3956512e-03	 1.27e+00 Accepted	 1253	 5757	
91	 5.6187521e-01	 +3.1922953e-03 +3.2679790e-03	 5.45e-01 Accepted	 1263	 5795	
92	 5.6145935e-01	 +3.3853767e-03 -2.9545035e-04	 1.09e+00 Accepted	 1250	 5686	
93	 5.6143344e-01	 +3.0086368e-03 +2.8194334e-04	 9.67e-01 Accepted	 1289	 5761	
94	 5.6119042e-01	 +2.4813804e-03 -4.5378977e-04	 6.86e-01 Accepted	 1281	 5877	
95	 5.6083471e-01	 +3.9328786e-03 +8.7276128e-04	 1.14e+00 Accepted	 1309	 5947	
96	 5.6082120e-01	 +3.2467208e-03 +3.4953041e-03	 2.49e+00 Accepted	 1299	 5813	
97	 5.6082120e-01	 +3.2467208e-03 +3.4953041e-03	 8.50e-01 Rejected	 1291	 5746	
98	 5.6117809e-01	 +2.0075646e-03 +1.3364632e-03	 5.64e-01 Accepted	 1279	 5817	
99	 5.6123580e-01	 +2.6838021e-03 +1.6678593e-03	 7.03e-01 Accepted	 1277	 5729	
100	 5.6122997e-01	 +2.0126035e-03 +2.6863243e-03	 8.51e-01 Accepted	 1276	 5824	
101	 5.6130708e-01	 +1.2378116e-03 +1.3914139e-03	 8.08e-01 Accepted	 1280	 5628	
102	 5.6130708e-01	 +1.2378116e-03 +1.3914139e-03	 5.60e-01 Rejected	 1274	 5842	
103	 5.6137039e-01	 +2.4343229e-03 -4.0554528e-04	 1.37e+00 Accepted	 1267	 5703	
104	 5.6100298e-01	 +2.5577986e-03 +3.6562222e-03	 8.35e-01 Accepted	 1278	 5912	
105	 5.6100298e-01	 +2.5577986e-03 +3.6562222e-03	 5.98e-01 Rejected	 1294	 5921	
106	 5.6083227e-01	 +6.7634760e-03 +3.3671265e-03	 1.20e+00 Accepted	 1278	 5855	
107	 5.6128719e-01	 +4.5038311e-03 +4.5044357e-03	 1.57e+00 Accepted	 1305	 5920	
108	 5.6157208e-01	 +3.7643762e-03 +1.2583919e-03	 1.25e+00 Accepted	 1302	 5877	
109	 5.6157208e-01	 +3.7643762e-03 +1.2583919e-03	 8.58e-01 Rejected	 1289	 5951	
110	 5.6160581e-01	 +4.4406703e-03 +1.9923272e-03	 6.55e-01 Accepted	 1275	 5679	
111	 5.6139227e-01	 +3.2186053e-03 +2.9136006e-03	 9.43e-01 Accepted	 1286	 5951	
# Starting_type: CheckpointStart
# Trajectory_length / Number_of_MD_steps: 1 / 7
# 	 Plaquette	 Polyakov_Loop(re,im)	 Acc._Probability	 runtime_per_traj(s)	 CG_iterations	
111	 5.6139227e-01	 +3.2186053e-03 +2.9136006e-03	 9.43e-01 Accepted	 1350	 5951	
112	 5.6092015e-01	 +4.0090766e-03 +2.5137472e-03	 7.24e-01 Accepted	 1271	 5816	
113	 5.6119839e-01	 +3.5632090e-03 -1.8659419e-03	 1.05e+00 Accepted	 1269	 5562	
114	 5.6079157e-01	 +4.3882860e-04 -1.7340190e-03	 5.48e-01 Accepted	 1270	 5860	
115	 5.6105443e-01	 +3.4754437e-03 -2.7934665e-04	 8.64e-01 Accepted	 1277	 5765	
116	 5.6105443e-01	 +3.4754437e-03 -2.7934665e-04	 3.86e-01 Rejected	 1283	 5918	
117	 5.6147759e-01	 +3.5337654e-03 -1.6888372e-03	 1.03e+00 Accepted	 1271	 5766	
118	 5.6147759e-01	 +3.5337654e-03 -1.6888372e-03	 7.15e-01 Rejected	 1251	 5662	
119	 5.6150332e-01	 +4.0215941e-03 -3.7669254e-03	 6.01e-01 Accepted	 1242	 5553	
120	 5.6146282e-01	 +5.3411990e-03 +2.2781596e-03	 1.36e+00 Accepted	 1254	 5892	
121	 5.6132685e-01	 +3.8355582e-03 -5.1197994e-04	 1.33e+00 Accepted	 1263	 5689	
122	 5.6100840e-01	 +5.4690982e-03 +2.8567172e-04	 7.29e-01 Accepted	 1256	 5701	
123	 5.6114049e-01	 +5.2526358e-04 -6.3351615e-04	 9.89e-01 Accepted	 1276	 5875	
124	 5.6134899e-01	 +7.2093170e-03 +7.2269160e-04	 1.08e+00 Accepted	 1261	 5716	
125	 5.6111053e-01	 +2.6558880e-03 -1.3199175e-03	 4.27e-01 Accepted	 1246	 5581	
126	 5.6107629e-01	 +4.7031095e-03 +7.5943632e-05	 1.42e+00 Accepted	 1227	 5557	
127	 5.6133577e-01	 +1.4548504e-03 +2.1437519e-04	 1.42e+00 Accepted	 1228	 5771	
128	 5.6147271e-01	 -3.9533190e-04 +1.5076275e-03	 6.49e-01 Accepted	 1247	 5559	
129	 5.6149326e-01	 +2.5763767e-03 -7.8428410e-04	 6.10e-01 Accepted	 1241	 5616	
130	 5.6134571e-01	 +2.4353510e-03 -9.7505019e-04	 3.66e-01 Accepted	 1242	 5607	
131	 5.6158867e-01	 +5.9632049e-04 -1.3596861e-03	 1.01e+00 Accepted	 1231	 5633	
132	 5.6138302e-01	 +4.2060147e-03 -2.3194700e-03	 8.46e-01 Accepted	 1233	 5789	
133	 5.6124278e-01	 +1.5354801e-04 -2.3941315e-03	 1.18e+00 Accepted	 1253	 5649	
134	 5.6136248e-01	 +3.3180350e-03 -5.8718032e-04	 1.95e+00 Accepted	 1247	 5603	
135	 5.6153176e-01	 +2.0156577e-03 +1.2051237e-03	 5.95e-01 Accepted	 1228	 5644	
136	 5.6153176e-01	 +2.0156577e-03 +1.2051237e-03	 7.52e-01 Rejected	 1227	 5564	
137	 5.6176342e-01	 +4.4299216e-03 -1.7770551e-03	 6.61e-01 Accepted	 1226	 5529	
138	 5.6154076e-01	 +2.2051103e-03 -1.9104792e-04	 1.18e+00 Accepted	 1229	 5708	
139	 5.6155977e-01	 +2.4570976e-03 -3.5057852e-04	 5.38e-01 Accepted	 1223	 5481	
140	 5.6109812e-01	 +4.5942654e-04 -1.5575634e-03	 8.22e-01 Accepted	 1232	 5620	
141	 5.6109812e-01	 +4.5942654e-04 -1.5575634e-03	 2.53e-01 Rejected	 1231	 5596	
142	 5.6107826e-01	 +2.0862693e-03 -3.1880203e-05	 1.55e+00 Accepted	 1232	 5674	
143	 5.6107826e-01	 +2.0862693e-03 -3.1880203e-05	 3.86e-01 Rejected	 1230	 5535	
144	 5.6143535e-01	 +1.4607125e-03 -2.5654525e-03	 2.25e+00 Accepted	 1227	 5638	
# Starting_type: CheckpointStart
# Trajectory_length / Number_of_MD_steps: 1 / 7
# 	 Plaquette	 Polyakov_Loop(re,im)	 Acc._Probability	 runtime_per_traj(s)	 CG_iterations	
145	 5.6143535e-01	 +1.4607125e-03 -2.5654525e-03	 7.65e-01 Rejected	 1265	 5396	
146	 5.6143535e-01	 +1.4607125e-03 -2.5654525e-03	 5.99e-01 Rejected	 1275	 5690	
147	 5.6143535e-01	 +1.4607125e-03 -2.5654525e-03	 5.98e-01 Rejected	 1218	 5398	
148	 5.6143535e-01	 +1.4607125e-03 -2.5654525e-03	 5.91e-01 Rejected	 1234	 5600	
149	 5.6135453e-01	 +1.1277562e-03 -6.4066117e-03	 4.55e-01 Accepted	 1222	 5631	
150	 5.6115555e-01	 +3.0213867e-03 -1.8236122e-03	 4.33e-01 Accepted	 1210	 5345	
151	 5.6110526e-01	 +4.0041612e-03 -4.2308421e-03	 3.91e-01 Accepted	 1192	 5394	
152	 5.6108947e-01	 +8.7616346e-04 +6.4153534e-04	 1.67e+00 Accepted	 1211	 5568	
153	 5.6092343e-01	 -7.8403163e-04 +1.2473892e-03	 7.06e-01 Accepted	 1206	 5267	
154	 5.6108034e-01	 +3.8426697e-03 -1.9260788e-03	 5.64e-01 Accepted	 1230	 5572	
155	 5.6108034e-01	 +3.8426697e-03 -1.9260788e-03	 2.85e-01 Rejected	 1223	 5570	
156	 5.6152720e-01	 +2.0587154e-03 -1.8354313e-03	 1.11e+00 Accepted	 1229	 5619	
157	 5.6183548e-01	 +6.0306962e-03 -3.3359434e-03	 1.03e+00 Accepted	 1206	 5464	
158	 5.6183548e-01	 +6.0306962e-03 -3.3359434e-03	 3.12e-01 Rejected	 1212	 5469	
159	 5.6200479e-01	 +3.7111217e-04 -1.5262426e-03	 1.08e+00 Accepted	 1196	 5203	
160	 5.6190629e-01	 +2.7804136e-03 -2.5396282e-03	 1.46e+00 Accepted	 1173	 5440	
161	 5.6163706e-01	 +6.7972907e-03 -2.0188158e-03	 7.33e-01 Accepted	 1206	 5495	
162	 5.6163706e-01	 +6.7972907e-03 -2.0188158e-03	 4.12e-01 Rejected	 1185	 5452	
163	 5.6175390e-01	 +6.0808001e-03 -1.4022394e-03	 2.44e+00 Accepted	 1180	 5252	
164	 5.6195876e-01	 +1.1497551e-03 -3.2873506e-03	 1.59e+00 Accepted	 1147	 5338	
165	 5.6189436e-01	 +9.2545782e-03 -7.2346497e-04	 8.80e-01 Accepted	 1149	 5284	
166	 5.6174300e-01	 +6.0816201e-03 -2.4914434e-03	 1.36e+00 Accepted	 1154	 5102	
167	 5.6174300e-01	 +6.0816201e-03 -2.4914434e-03	 6.12e-01 Rejected	 1166	 5341	
168	 5.6139774e-01	 +2.5579136e-03 -1.1312078e-03	 3.89e-01 Accepted	 1160	 5162	
169	 5.6156075e-01	 +6.9658381e-03 -1.9292031e-03	 4.82e-01 Accepted	 1170	 5336	
170	 5.6183171e-01	 +3.2146410e-03 -7.1332245e-04	 8.89e-01 Accepted	 1186	 5616	
171	 5.6158776e-01	 +3.2766382e-03 +1.1051357e-03	 4.96e-01 Accepted	 1202	 5557	
172	 5.6141786e-01	 +7.2935007e-04 +4.1655049e-04	 8.32e-01 Accepted	 1206	 5433	
173	 5.6182657e-01	 +3.8251627e-03 +2.4062391e-04	 1.28e+00 Accepted	 1228	 5717	
174	 5.6153124e-01	 +4.2135110e-03 -5.2546034e-03	 1.28e+00 Accepted	 1233	 5753	
175	 5.6173982e-01	 +2.5883181e-03 -1.5904603e-03	 1.91e+00 Accepted	 1235	 5488	
176	 5.6173982e-01	 +2.5883181e-03 -1.5904603e-03	 3.98e-01 Rejected	 1214	 5451	
177	 5.6161755e-01	 +3.0639472e-03 +7.3097303e-04	 6.59e-01 Accepted	 1210	 5597	
178	 5.6170770e-01	 +8.7088354e-04 -2.0187538e-03	 8.58e-01 Accepted	 1229	 5595	
179	 5.6170770e-01	 +8.7088354e-04 -2.0187538e-03	 6.98e-01 Rejected	 1209	 5633	
# Starting_type: CheckpointStart
# Trajectory_length / Number_of_MD_steps: 1 / 7
# 	 Plaquette	 Polyakov_Loop(re,im)	 Acc._Probability	 runtime_per_traj(s)	 CG_iterations	
179	 5.6170770e-01	 +8.7088354e-04 -2.0187538e-03	 6.98e-01 Rejected	 946	 5633	
180	 5.6170770e-01	 +8.7088354e-04 -2.0187538e-03	 7.48e-01 Rejected	 948	 5726	
181	 5.6177196e-01	 +3.0078156e-03 -2.2596538e-03	 1.58e+00 Accepted	 884	 5549	
182	 5.6164282e-01	 +1.6576397e-03 -4.8820896e-04	 8.43e-01 Accepted	 854	 5380	
183	 5.6133244e-01	 +2.6538155e-03 -4.1520692e-04	 5.99e-01 Accepted	 858	 5496	
184	 5.6109168e-01	 +2.6291692e-03 -9.5250290e-04	 8.55e-01 Accepted	 868	 5347	
185	 5.6052255e-01	 +2.2702410e-03 -2.8475230e-04	 9.99e-01 Accepted	 836	 5489	
186	 5.6074549e-01	 +2.0595505e-03 -1.2345959e-03	 1.31e+00 Accepted	 858	 5237	
187	 5.6061305e-01	 +4.0421629e-03 +2.0824615e-03	 3.43e-01 Accepted	 855	 5464	
188	 5.6108218e-01	 +6.8068938e-03 -2.7230092e-03	 1.43e+00 Accepted	 866	 5675	
189	 5.6108218e-01	 +6.8068938e-03 -2.7230092e-03	 2.90e-01 Rejected	 850	 5449	
190	 5.6072213e-01	 +3.8561401e-03 +9.4667581e-05	 7.23e-01 Accepted	 866	 5483	
191	 5.6112482e-01	 +3.5899936e-03 -5.6626752e-04	 1.38e+00 Accepted	 855	 5241	
192	 5.6100586e-01	 +5.1146715e-03 -2.5030019e-03	 7.57e-01 Accepted	 840	 5329	
193	 5.6097162e-01	 +4.6364262e-03 -8.3313459e-04	 5.72e-01 Accepted	 850	 5442	
194	 5.6097162e-01	 +4.6364262e-03 -8.3313459e-04	 3.35e-01 Rejected	 871	 5399	
195	 5.6097162e-01	 +4.6364262e-03 -8.3313459e-04	 8.29e-01 Rejected	 861	 5608	
196	 5.6098004e-01	 +3.1286833e-03 +1.0773943e-03	 1.16e+00 Accepted	 855	 5303	
197	 5.6135011e-01	 +4.1074594e-03 -6.3781466e-04	 9.43e-01 Accepted	 818	 4957	
198	 5.6156435e-01	 +4.7179595e-03 +9.9959389e-04	 1.47e+00 Accepted	 815	 5169	
199	 5.6121920e-01	 +1.3532191e-03 +2.1964724e-03	 9.23e-01 Accepted	 823	 5242	
200	 5.6108200e-01	 +5.9566444e-03 -4.8817889e-04	 5.42e-01 Accepted	 834	 5351	
201	 5.6106990e-01	 +5.6438654e-03 +2.7632978e-03	 7.93e-01 Accepted	 834	 5160	
202	 5.6064904e-01	 +3.2263349e-03 -3.0085905e-03	 6.69e-01 Accepted	 822	 5148	
203	 5.6124960e-01	 +7.2261584e-03 -6.7898690e-05	 1.53e+00 Accepted	 822	 5128	
204	 5.6147524e-01	 +4.8019377e-03 -9.0664333e-04	 2.20e+00 Accepted	 833	 5374	
205	 5.6168094e-01	 +9.6306898e-03 +3.1867600e-05	 8.45e-01 Accepted	 833	 5052	
206	 5.6203768e-01	 +4.4984181e-03 -1.4243648e-03	 1.26e+00 Accepted	 845	 5484	
207	 5.6193161e-01	 +3.1300700e-03 +2.7416094e-03	 9.18e-01 Accepted	 846	 5468	
208	 5.6196770e-01	 +4.4620495e-03 +4.7142063e-03	 7.52e-01 Accepted	 842	 5062	
209	 5.6197225e-01	 +5.0407804e-03 -5.5490657e-04	 8.11e-01 Accepted	 833	 5393	
210	 5.6202242e-01	 +4.7037702e-03 +2.2649756e-03	 1.59e+00 Accepted	 849	 5373	
211	 5.6202242e-01	 +4.7037702e-03 +2.2649756e-03	 8.51e-01 Rejected	 846	 5254	
212	 5.6202242e-01	 +4.7037702e-03 +2.2649756e-03	 5.23e-01 Rejected	 848	 5169	
213	 5.6193990e-01	 +6.0686931e-03 +9.8134998e-04	 7.46e-01 Accepted	 857	 5484	
214	 5.6201938e-01	 +5.8587935e-03 +2.5080460e-03	 7.24e-01 Accepted	 850	 5305	
215	 5.6201938e-01	 +5.8587935e-03 +2.5080460e-03	 5.61e-01 Rejected	 847	 5548	
216	 5.6201938e-01	 +5.8587935e-03 +2.5080460e-03	 4.65e-01 Rejected	 824	 5267	
217	 5.6179904e-01	 +5.9707405e-03 -2.2504442e-03	 9.34e-01 Accepted	 839	 5218	
218	 5.6216950e-01	 +7.5725088e-03 +1.9744680e-04	 1.53e+00 Accepted	 842	 5461	
219	 5.6175389e-01	 +7.5029969e-03 +2.1052981e-03	 8.46e-01 Accepted	 848	 5433	
220	 5.6176692e-01	 +5.0041235e-03 -7.5630497e-04	 1.32e+00 Accepted	 826	 4959	
221	 5.6191770e-01	 +5.2485527e-03 +1.0532822e-03	 8.45e-01 Accepted	 780	 4915	
222	 5.6181813e-01	 +8.3342411e-03 +7.7740640e-04	 4.04e-01 Accepted	 771	 5015	
223	 5.6202689e-01	 +7.3574233e-03 -2.3497340e-04	 1.19e+00 Accepted	 804	 5074	
224	 5.6229299e-01	 +6.8074422e-03 -1.0201858e-03	 1.64e+00 Accepted	 805	 5093	
225	 5.6197987e-01	 +7.6538512e-03 -1.6856992e-04	 1.05e+00 Accepted	 789	 4838	
226	 5.6197987e-01	 +7.6538512e-03 -1.6856992e-04	 9.85e-01 Rejected	 757	 4769	
227	 5.6184814e-01	 +5.3567560e-03 +2.7022715e-03	 6.13e-01 Accepted	 765	 4717	
228	 5.6180177e-01	 +7.0862447e-03 +4.6588876e-04	 5.06e-01 Accepted	 749	 4687	
229	 5.6188056e-01	 +8.2895552e-03 +5.9813579e-05	 1.11e+00 Accepted	 745	 4725	
# Starting_type: CheckpointStart
# Trajectory_length / Number_of_MD_steps: 1 / 7
# 	 Plaquette	 Polyakov_Loop(re,im)	 Acc._Probability	 runtime_per_traj(s)	 CG_iterations	
229	 5.6188056e-01	 +8.2895552e-03 +5.9813579e-05	 1.11e+00 Accepted	 802	 4725	
230	 5.6208944e-01	 +9.4601255e-03 -1.7736415e-03	 9.80e-01 Accepted	 782	 4794	
231	 5.6223227e-01	 +7.3583969e-03 +4.8356015e-04	 9.24e-01 Accepted	 778	 4874	
232	 5.6238917e-01	 +6.1710260e-03 -2.3166045e-03	 1.43e+00 Accepted	 773	 4856	
233	 5.6223415e-01	 +8.6626215e-03 -4.3098622e-03	 7.08e-01 Accepted	 779	 4876	
234	 5.6223415e-01	 +8.6626215e-03 -4.3098622e-03	 7.93e-01 Rejected	 791	 5044	
235	 5.6238772e-01	 +7.3291372e-03 +5.1747916e-04	 1.02e+00 Accepted	 772	 4850	
236	 5.6199701e-01	 +6.5160260e-03 -1.2033393e-03	 1.08e+00 Accepted	 769	 4811	
237	 5.6217350e-01	 +6.5931203e-03 -2.5449516e-03	 1.56e+00 Accepted	 771	 4821	
238	 5.6164591e-01	 +6.8620511e-03 +8.7849954e-04	 1.03e+00 Accepted	 767	 4764	
239	 5.6183970e-01	 +6.4375668e-03 +7.0745225e-04	 9.00e-01 Accepted	 745	 4573	
240	 5.6191004e-01	 +8.7577529e-03 -2.6902148e-03	 1.05e+00 Accepted	 757	 4815	
241	 5.6176096e-01	 +6.9745847e-03 -4.4673990e-03	 9.14e-01 Accepted	 763	 4769	
242	 5.6191838e-01	 +9.0666362e-03 -1.2220330e-03	 1.43e+00 Accepted	 763	 4863	
243	 5.6210180e-01	 +8.3588694e-03 -2.7461298e-03	 1.01e+00 Accepted	 766	 4764	
244	 5.6210458e-01	 +5.9391334e-03 +1.6642327e-03	 6.42e-01 Accepted	 764	 4656	
245	 5.6184301e-01	 +7.5224368e-03 -3.6937316e-04	 2.16e+00 Accepted	 766	 4765	
246	 5.6180852e-01	 +7.3945585e-03 -3.8443102e-03	 1.32e+00 Accepted	 753	 4725	
247	 5.6150104e-01	 +5.8642517e-03 -2.6173493e-03	 5.40e-01 Accepted	 755	 4728	
248	 5.6150104e-01	 +5.8642517e-03 -2.6173493e-03	 6.53e-01 Rejected	 758	 4759	
249	 5.6219216e-01	 +6.8739831e-03 -1.8893285e-03	 1.08e+00 Accepted	 755	 4833	
250	 5.6234416e-01	 +8.3397148e-03 -1.5061910e-03	 1.58e+00 Accepted	 766	 4750	
251	 5.6207989e-01	 +7.8664700e-03 -2.0415795e-03	 6.96e-01 Accepted	 760	 4856	
252	 5.6192297e-01	 +1.0526437e-02 -1.8303024e-03	 7.87e-01 Accepted	 778	 4838	
253	 5.6188386e-01	 +9.0447270e-03 -4.1344294e-03	 4.96e-01 Accepted	 764	 4749	
254	 5.6196735e-01	 +7.3321250e-03 -1.2092270e-03	 1.92e+00 Accepted	 768	 4794	
255	 5.6197468e-01	 +1.0879341e-02 -3.9445664e-03	 8.05e-01 Accepted	 760	 4759	
256	 5.6197468e-01	 +1.0879341e-02 -3.9445664e-03	 5.70e-01 Rejected	 771	 4877	
257	 5.6197287e-01	 +7.8240785e-03 -3.6401683e-03	 1.01e+00 Accepted	 773	 4932	
258	 5.6213230e-01	 +1.0968148e-02 -5.6834575e-03	 1.86e+00 Accepted	 770	 4868	
259	 5.6149747e-01	 +1.0037539e-02 +6.1479642e-04	 8.01e-01 Accepted	 757	 4604	
260	 5.6208401e-01	 +1.0455502e-02 -1.6683867e-03	 7.61e-01 Accepted	 767	 4837	
261	 5.6215303e-01	 +8.0926005e-03 -6.4422755e-04	 1.56e+00 Accepted	 771	 4973	
262	 5.6186914e-01	 +6.5409907e-03 -1.3314464e-03	 1.30e+00 Accepted	 797	 5075	
263	 5.6185092e-01	 +8.8029982e-03 -2.0768106e-03	 1.67e+00 Accepted	 820	 5172	
264	 5.6188150e-01	 +7.1006349e-03 -1.3680906e-03	 6.94e-01 Accepted	 803	 5032	
265	 5.6177768e-01	 +7.0918426e-03 -1.9122961e-03	 5.19e-01 Accepted	 797	 5062	
