# Starting_type: HotStart
# serial RNG seed: 	[61975 40121 36742 33193 27118]
# parallel RNG seed:	[14221 15945 36732 64048 937]
# Trajectory_length / Number_of_MD_steps: 1 / 8
# 	 Plaquette	 Polyakov_Loop(re,im)	 Acc._Probability	 runtime_per_traj(s)	 CG_iterations	
1	 2.1952374e-01	 +1.1032170e-03 +6.6831416e-04	 1.62e+24 Accepted	 186	 640	
2	 3.0560359e-01	 +1.1608349e-03 -7.1665989e-04	 3.01e+11 Accepted	 204	 647	
3	 3.5105491e-01	 +1.8664260e-03 -4.3186179e-04	 2.27e+06 Accepted	 199	 639	
4	 3.7924875e-01	 -8.5779836e-05 -2.3392450e-04	 1.31e+04 Accepted	 197	 631	
5	 3.9724504e-01	 -4.1118975e-04 +1.7479269e-03	 5.39e+02 Accepted	 195	 626	
6	 4.1051095e-01	 -1.9351678e-03 +2.3136670e-05	 1.40e+02 Accepted	 195	 622	
7	 4.2022253e-01	 +7.8520146e-04 -8.5700189e-05	 2.91e+01 Accepted	 194	 619	
8	 4.2763667e-01	 -1.2966260e-04 +1.4151763e-03	 1.64e+01 Accepted	 193	 615	
9	 4.3402173e-01	 +1.5211728e-03 +1.8847275e-05	 1.31e+01 Accepted	 192	 613	
10	 4.3964689e-01	 -9.6413225e-05 +1.1372133e-03	 9.38e+00 Accepted	 192	 611	
11	 4.4385653e-01	 +2.0014281e-03 -1.9514434e-03	 5.56e+00 Accepted	 190	 608	
12	 4.4839908e-01	 +1.3716503e-04 -2.2705228e-03	 6.85e+00 Accepted	 190	 607	
13	 4.5154223e-01	 +2.2785214e-03 -1.9637963e-03	 3.35e+00 Accepted	 190	 606	
14	 4.5419663e-01	 +3.7180853e-03 -8.7272123e-04	 3.85e+00 Accepted	 191	 605	
15	 4.5711881e-01	 +1.1814236e-03 -5.2465932e-04	 3.24e+00 Accepted	 190	 603	
16	 4.5927676e-01	 +4.0820395e-04 +2.5988794e-03	 3.45e+00 Accepted	 189	 601	
17	 4.6142631e-01	 +4.8183430e-04 +7.1271415e-04	 2.57e+00 Accepted	 189	 601	
18	 4.6320203e-01	 -1.2454945e-03 +2.4784671e-03	 2.38e+00 Accepted	 188	 599	
19	 4.6526742e-01	 -3.6354555e-03 +5.5069107e-04	 2.03e+00 Accepted	 189	 599	
20	 4.6693620e-01	 +1.9757482e-03 -1.6884227e-03	 1.80e+00 Accepted	 189	 598	
21	 4.6871798e-01	 -7.9319029e-04 +3.5483051e-04	 2.29e+00 Accepted	 188	 597	
22	 4.7036801e-01	 +5.0107784e-04 +3.4420821e-03	 2.07e+00 Accepted	 188	 597	
23	 4.7192268e-01	 +1.8436716e-04 -9.5237804e-04	 2.38e+00 Accepted	 188	 594	
24	 4.7284543e-01	 -1.2839409e-04 -1.9409533e-03	 1.93e+00 Accepted	 187	 595	
25	 4.7444832e-01	 -3.1699782e-03 -3.4810516e-03	 1.64e+00 Accepted	 187	 593	
26	 4.7544695e-01	 +3.4865194e-03 +8.8301758e-05	 9.69e-01 Accepted	 188	 595	
27	 4.7713501e-01	 +2.7637145e-03 -2.5337975e-03	 2.26e+00 Accepted	 187	 592	
28	 4.7766831e-01	 +1.8217820e-03 +3.4290336e-03	 1.29e+00 Accepted	 187	 592	
29	 4.7906509e-01	 +1.1465083e-04 +1.9338959e-03	 2.03e+00 Accepted	 187	 592	
30	 4.7998501e-01	 +3.6100784e-04 -1.3428490e-03	 2.04e+00 Accepted	 186	 591	
31	 4.8072799e-01	 -1.4489171e-04 +2.4265520e-04	 2.24e+00 Accepted	 187	 589	
32	 4.8183197e-01	 -1.7596903e-03 -2.8052068e-03	 1.24e+00 Accepted	 186	 590	
33	 4.8261881e-01	 -8.2470752e-04 +2.5235134e-03	 1.36e+00 Accepted	 185	 591	
34	 4.8318830e-01	 +2.7461799e-04 +1.4513920e-03	 8.86e-01 Accepted	 186	 592	
35	 4.8400642e-01	 -2.9926410e-03 -8.0828804e-04	 1.41e+00 Accepted	 185	 588	
36	 4.8473771e-01	 -2.1634017e-03 +3.0394844e-03	 1.54e+00 Accepted	 186	 587	
37	 4.8588436e-01	 -9.9760524e-04 -2.4998619e-03	 1.85e+00 Accepted	 186	 587	
38	 4.8634020e-01	 +9.8492475e-04 +1.1016757e-04	 1.22e+00 Accepted	 186	 589	
39	 4.8699369e-01	 -1.9970476e-03 +8.9737611e-04	 1.29e+00 Accepted	 186	 587	
40	 4.8734854e-01	 +2.0401550e-03 -7.0302943e-04	 1.20e+00 Accepted	 185	 586	
41	 4.8773918e-01	 +1.7327030e-03 +1.7941728e-03	 1.30e+00 Accepted	 185	 588	
42	 4.8802758e-01	 -5.4130442e-04 +2.6766804e-03	 1.28e+00 Accepted	 185	 587	
43	 4.8863966e-01	 +4.7351819e-04 -1.0073611e-04	 2.05e+00 Accepted	 185	 586	
44	 4.8903848e-01	 +7.4697171e-04 -1.3185014e-04	 1.61e+00 Accepted	 185	 587	
45	 4.8939755e-01	 -4.1210191e-04 -1.4938933e-04	 1.33e+00 Accepted	 185	 587	
46	 4.8998739e-01	 -2.5384197e-03 -6.4832490e-04	 1.51e+00 Accepted	 185	 583	
47	 4.9023046e-01	 +8.0107622e-04 -1.8079839e-03	 8.80e-01 Accepted	 185	 585	
48	 4.9061287e-01	 +1.1190118e-03 +3.8097231e-03	 1.25e+00 Accepted	 185	 584	
49	 4.9127568e-01	 +2.4832485e-04 +4.1226221e-04	 1.47e+00 Accepted	 184	 584	
50	 4.9150543e-01	 -1.1094031e-03 +4.9826454e-05	 1.22e+00 Accepted	 185	 585	
51	 4.9176766e-01	 +1.4323647e-03 -2.3716096e-03	 1.01e+00 Accepted	 185	 583	
52	 4.9239738e-01	 -1.3202269e-04 +7.6344178e-04	 1.51e+00 Accepted	 185	 583	
53	 4.9239738e-01	 -1.3202269e-04 +7.6344178e-04	 7.73e-01 Rejected	 185	 584	
54	 4.9312431e-01	 -1.6341642e-03 -1.7496815e-03	 1.51e+00 Accepted	 185	 584	
55	 4.9339212e-01	 -2.5293156e-04 +4.0340878e-03	 1.28e+00 Accepted	 185	 587	
56	 4.9369369e-01	 +1.5273517e-03 -2.4690052e-03	 1.23e+00 Accepted	 185	 583	
57	 4.9433806e-01	 +1.7482047e-03 -2.9802054e-03	 1.59e+00 Accepted	 185	 582	
58	 4.9473813e-01	 -3.0440965e-03 +2.1620966e-03	 1.07e+00 Accepted	 184	 586	
59	 4.9473813e-01	 -3.0440965e-03 +2.1620966e-03	 8.87e-01 Rejected	 185	 582	
60	 4.9508910e-01	 -2.9776279e-03 +2.0398712e-03	 1.14e+00 Accepted	 184	 580	
61	 4.9521462e-01	 +9.1254168e-04 +2.3394341e-03	 1.07e+00 Accepted	 185	 582	
62	 4.9544381e-01	 -8.0194878e-04 +1.5235343e-03	 1.12e+00 Accepted	 184	 584	
63	 4.9552120e-01	 -2.6581764e-03 +2.7388340e-03	 1.02e+00 Accepted	 184	 581	
64	 4.9581243e-01	 -8.4048692e-04 -1.6371752e-04	 1.15e+00 Accepted	 184	 581	
65	 4.9583091e-01	 -3.4879103e-03 +1.6538870e-03	 1.13e+00 Accepted	 184	 583	
66	 4.9611886e-01	 +8.1069260e-04 -3.1533885e-04	 1.18e+00 Accepted	 184	 581	
67	 4.9647822e-01	 +1.7404522e-03 +1.4000291e-03	 1.63e+00 Accepted	 184	 581	
68	 4.9647545e-01	 +1.4984240e-03 -2.0417217e-03	 9.12e-01 Accepted	 184	 581	
69	 4.9690202e-01	 +9.8952365e-04 -3.2737732e-03	 1.11e+00 Accepted	 184	 580	
70	 4.9676490e-01	 +2.0294113e-03 -1.1427083e-03	 8.38e-01 Accepted	 184	 581	
71	 4.9753577e-01	 -6.9353781e-04 +1.1992172e-03	 1.26e+00 Accepted	 184	 581	
72	 4.9799486e-01	 +1.9503707e-03 -7.7099473e-04	 1.35e+00 Accepted	 184	 580	
73	 4.9766699e-01	 +7.2352063e-04 +2.0311445e-03	 8.36e-01 Accepted	 183	 580	
74	 4.9762840e-01	 -1.3939039e-03 +1.3129288e-03	 1.06e+00 Accepted	 184	 582	
75	 4.9785552e-01	 +1.1857393e-03 -4.5069772e-04	 1.17e+00 Accepted	 184	 580	
76	 4.9855564e-01	 +1.3098401e-03 +9.7623462e-04	 1.22e+00 Accepted	 185	 581	
77	 4.9902184e-01	 -1.6164355e-03 +1.0638861e-03	 1.31e+00 Accepted	 184	 579	
78	 4.9934359e-01	 +1.8701322e-03 -1.9185774e-03	 1.25e+00 Accepted	 184	 585	
79	 4.9953451e-01	 -1.4629160e-03 +1.9781502e-04	 1.04e+00 Accepted	 184	 578	
80	 4.9961985e-01	 -7.9669264e-04 +4.7107863e-03	 9.97e-01 Accepted	 184	 582	
81	 4.9982480e-01	 +9.9994500e-04 -7.3017518e-04	 1.28e+00 Accepted	 184	 581	
82	 4.9995911e-01	 -1.3096474e-03 +1.9574620e-03	 1.11e+00 Accepted	 183	 579	
83	 5.0016069e-01	 -4.6543020e-04 +1.3613133e-03	 1.06e+00 Accepted	 183	 578	
84	 5.0001184e-01	 +9.7034393e-04 -2.7574451e-04	 1.05e+00 Accepted	 183	 579	
85	 5.0001184e-01	 +9.7034393e-04 -2.7574451e-04	 9.41e-01 Rejected	 184	 579	
86	 5.0001184e-01	 +9.7034393e-04 -2.7574451e-04	 8.12e-01 Rejected	 183	 578	
87	 5.0015072e-01	 +3.4412046e-04 +3.3144526e-04	 1.00e+00 Accepted	 184	 582	
88	 5.0033687e-01	 +8.7241730e-05 -4.2854158e-03	 1.16e+00 Accepted	 184	 577	
89	 4.9996185e-01	 +1.2660919e-03 -4.4679963e-05	 8.65e-01 Accepted	 182	 580	
90	 4.9998526e-01	 +3.6184799e-03 -2.5026384e-03	 1.16e+00 Accepted	 184	 581	
91	 5.0023908e-01	 -1.2401087e-03 -3.4820775e-03	 9.56e-01 Accepted	 184	 579	
92	 5.0048193e-01	 -6.6603061e-04 +1.3030715e-03	 9.46e-01 Accepted	 183	 577	
93	 5.0022711e-01	 +3.5778243e-03 -1.6186647e-03	 8.17e-01 Accepted	 183	 579	
94	 5.0059876e-01	 +1.8700418e-03 +3.1275204e-04	 1.30e+00 Accepted	 183	 578	
95	 5.0050494e-01	 -1.6350809e-03 +3.1673858e-03	 9.74e-01 Accepted	 184	 579	
96	 5.0093667e-01	 -7.0863262e-05 +4.7642188e-04	 1.34e+00 Accepted	 183	 579	
97	 5.0132693e-01	 -9.2344666e-04 -5.6575753e-04	 1.27e+00 Accepted	 183	 579	
98	 5.0094204e-01	 -1.0189116e-03 -4.9986743e-04	 7.19e-01 Accepted	 184	 579	
99	 5.0102751e-01	 -2.0720856e-03 +6.2724237e-04	 8.61e-01 Accepted	 183	 579	
100	 5.0088357e-01	 -1.5719573e-03 +3.3151537e-03	 1.18e+00 Accepted	 184	 581	
101	 5.0075152e-01	 +1.7105240e-03 +4.1530894e-03	 9.36e-01 Accepted	 183	 582	
102	 5.0123924e-01	 +1.4423685e-03 +5.6029976e-04	 1.26e+00 Accepted	 184	 579	
103	 5.0143519e-01	 +4.1395867e-03 +1.2294872e-04	 9.93e-01 Accepted	 183	 578	
104	 5.0153186e-01	 -5.3314080e-05 -1.1214098e-05	 8.64e-01 Accepted	 184	 579	
105	 5.0152227e-01	 -1.6703841e-03 -2.8402660e-03	 8.19e-01 Accepted	 184	 577	
106	 5.0165589e-01	 +4.3552555e-04 -9.8757485e-04	 9.68e-01 Accepted	 183	 580	
107	 5.0192428e-01	 +2.2432840e-05 -2.3814404e-04	 1.43e+00 Accepted	 184	 580	
108	 5.0247581e-01	 -3.0177769e-04 -1.0124854e-05	 8.24e-01 Accepted	 183	 577	
109	 5.0250638e-01	 +1.7947184e-03 -1.1361834e-03	 9.82e-01 Accepted	 184	 575	
110	 5.0263305e-01	 +1.5989987e-03 +2.9790124e-04	 1.10e+00 Accepted	 183	 578	
111	 5.0282084e-01	 +1.9056434e-03 +2.0823678e-03	 1.34e+00 Accepted	 184	 581	
112	 5.0289941e-01	 +8.1507569e-04 +1.8332886e-04	 1.13e+00 Accepted	 183	 575	
113	 5.0321239e-01	 +7.4568462e-04 -1.7800456e-03	 1.08e+00 Accepted	 182	 575	
114	 5.0338211e-01	 +2.6496128e-04 -2.7797458e-03	 1.10e+00 Accepted	 183	 578	
115	 5.0341927e-01	 +3.3667397e-03 +1.1409879e-03	 1.12e+00 Accepted	 183	 581	
116	 5.0324801e-01	 -2.5112724e-03 +1.6206698e-03	 8.54e-01 Accepted	 183	 577	
117	 5.0290039e-01	 -1.0315166e-03 -3.3358080e-04	 1.18e+00 Accepted	 183	 578	
118	 5.0273919e-01	 +1.3299646e-03 +1.3253928e-03	 9.65e-01 Accepted	 183	 575	
119	 5.0295387e-01	 +1.4726945e-03 +2.2632033e-04	 7.97e-01 Accepted	 184	 587	
120	 5.0321281e-01	 +1.5709735e-03 -7.3798490e-05	 1.03e+00 Accepted	 184	 577	
121	 5.0283479e-01	 -5.4444950e-04 -1.8966780e-03	 6.48e-01 Accepted	 183	 577	
122	 5.0303175e-01	 +2.5638507e-03 -2.9337090e-03	 1.25e+00 Accepted	 183	 580	
123	 5.0334490e-01	 -7.6031416e-04 +2.4609322e-03	 1.21e+00 Accepted	 183	 577	
124	 5.0363279e-01	 +1.3936319e-03 +6.2574693e-04	 8.51e-01 Accepted	 183	 578	
125	 5.0410000e-01	 +2.3634807e-04 -7.5220083e-04	 1.23e+00 Accepted	 183	 578	
126	 5.0410000e-01	 +2.3634807e-04 -7.5220083e-04	 9.06e-01 Rejected	 183	 579	
127	 5.0423852e-01	 +4.7133905e-04 -6.0254873e-04	 1.22e+00 Accepted	 182	 575	
128	 5.0379260e-01	 +2.9135064e-03 -5.3139830e-04	 5.57e-01 Accepted	 182	 575	
129	 5.0381613e-01	 +1.6300097e-03 +4.8995784e-04	 8.39e-01 Accepted	 183	 576	
130	 5.0357893e-01	 +1.0594995e-03 +1.3399260e-03	 8.73e-01 Accepted	 183	 576	
131	 5.0370136e-01	 -9.0317331e-04 +1.4478425e-03	 8.38e-01 Accepted	 183	 578	
132	 5.0367541e-01	 -1.4820363e-04 -4.0981431e-04	 7.59e-01 Accepted	 183	 577	
133	 5.0370130e-01	 -9.4576018e-04 -1.4856645e-05	 8.45e-01 Accepted	 183	 579	
134	 5.0393777e-01	 +2.3734672e-03 -1.0854122e-03	 1.15e+00 Accepted	 183	 575	
135	 5.0416635e-01	 -2.5502848e-03 -1.2459961e-03	 9.64e-01 Accepted	 183	 585	
136	 5.0435415e-01	 -2.5923659e-03 +2.4887097e-03	 1.14e+00 Accepted	 183	 579	
137	 5.0435773e-01	 -1.9107074e-03 +5.9342672e-04	 8.55e-01 Accepted	 183	 584	
138	 5.0407753e-01	 +1.2130230e-03 -2.4962591e-04	 9.48e-01 Accepted	 183	 581	
139	 5.0407753e-01	 +1.2130230e-03 -2.4962591e-04	 6.01e-01 Rejected	 182	 578	
140	 5.0425601e-01	 -1.5448857e-04 -9.1898932e-04	 7.15e-01 Accepted	 183	 578	
141	 5.0418762e-01	 +1.0737523e-03 -2.1004679e-03	 9.58e-01 Accepted	 183	 575	
142	 5.0426023e-01	 -3.2258331e-04 +1.3778767e-03	 1.35e+00 Accepted	 183	 577	
143	 5.0428612e-01	 -2.6525239e-03 -5.7091752e-04	 7.49e-01 Accepted	 182	 578	
144	 5.0408302e-01	 -2.5918437e-03 -1.1128760e-03	 1.05e+00 Accepted	 182	 577	
145	 5.0426844e-01	 -9.5667402e-04 -1.2894009e-03	 6.71e-01 Accepted	 183	 579	
146	 5.0460447e-01	 -1.8719091e-03 -6.9908754e-05	 1.13e+00 Accepted	 183	 577	
147	 5.0491354e-01	 -1.2147877e-03 -2.3420842e-03	 1.08e+00 Accepted	 183	 579	
148	 5.0476437e-01	 +1.2446528e-03 -2.6378827e-03	 8.06e-01 Accepted	 183	 574	
149	 5.0541587e-01	 -1.9250650e-04 +4.6552709e-04	 1.10e+00 Accepted	 182	 576	
150	 5.0519703e-01	 -3.5556838e-03 +3.4369479e-03	 9.02e-01 Accepted	 182	 573	
151	 5.0537674e-01	 +1.4381610e-03 -3.7182850e-03	 9.28e-01 Accepted	 183	 574	
152	 5.0485796e-01	 -1.1996844e-04 +6.5197113e-04	 9.15e-01 Accepted	 183	 577	
153	 5.0485796e-01	 -1.1996844e-04 +6.5197113e-04	 7.17e-01 Rejected	 183	 578	
154	 5.0476701e-01	 -1.0895864e-03 -1.5449130e-03	 7.33e-01 Accepted	 184	 580	
155	 5.0476701e-01	 -1.0895864e-03 -1.5449130e-03	 8.26e-01 Rejected	 182	 577	
156	 5.0452277e-01	 +3.1461764e-04 -1.0156511e-03	 1.00e+00 Accepted	 183	 576	
157	 5.0427923e-01	 +8.7064310e-04 -1.1868948e-03	 1.00e+00 Accepted	 183	 577	
158	 5.0424457e-01	 -1.9792725e-04 +1.4025400e-03	 6.99e-01 Accepted	 183	 576	
159	 5.0431524e-01	 +3.7326274e-04 +5.7632416e-04	 1.35e+00 Accepted	 183	 578	
160	 5.0434415e-01	 +9.5804414e-04 +9.5427374e-04	 8.60e-01 Accepted	 182	 578	
161	 5.0444014e-01	 -2.2039523e-04 -3.5871441e-03	 7.80e-01 Accepted	 183	 577	
162	 5.0467862e-01	 -6.3790703e-04 +1.8091047e-03	 1.32e+00 Accepted	 182	 578	
163	 5.0463070e-01	 -2.0393223e-03 -9.6831762e-04	 9.55e-01 Accepted	 182	 575	
164	 5.0494297e-01	 -4.8883789e-04 +5.2192432e-05	 1.03e+00 Accepted	 183	 577	
165	 5.0494297e-01	 -4.8883789e-04 +5.2192432e-05	 6.85e-01 Rejected	 183	 580	
166	 5.0520645e-01	 -7.6495102e-04 -2.4988148e-04	 1.56e+00 Accepted	 184	 579	
167	 5.0469751e-01	 +3.9920436e-04 -3.2210177e-03	 7.61e-01 Accepted	 183	 577	
168	 5.0428412e-01	 +8.9893565e-04 -5.0344430e-04	 9.39e-01 Accepted	 183	 575	
169	 5.0466639e-01	 +3.6781386e-03 -4.6166373e-04	 9.84e-01 Accepted	 182	 579	
170	 5.0474478e-01	 -8.5727471e-04 +3.3685923e-03	 8.03e-01 Accepted	 184	 576	
171	 5.0463349e-01	 +1.8332721e-03 +4.2792682e-05	 1.05e+00 Accepted	 182	 574	
172	 5.0447465e-01	 -2.0368438e-03 -3.1697011e-04	 7.50e-01 Accepted	 182	 577	
173	 5.0453304e-01	 +1.5492247e-03 -1.0358442e-03	 1.01e+00 Accepted	 182	 575	
174	 5.0440107e-01	 -5.2303287e-05 +7.9405865e-04	 9.33e-01 Accepted	 182	 580	
175	 5.0454516e-01	 +4.7522513e-04 -2.8585568e-03	 1.06e+00 Accepted	 183	 576	
176	 5.0424974e-01	 -6.8288839e-04 -2.4603630e-03	 8.44e-01 Accepted	 183	 578	
177	 5.0469639e-01	 +1.0905205e-03 -2.5858530e-03	 1.34e+00 Accepted	 182	 575	
178	 5.0444964e-01	 +2.6914471e-03 +6.8924679e-04	 1.00e+00 Accepted	 182	 578	
179	 5.0474242e-01	 +2.4854490e-03 -8.7243696e-04	 1.20e+00 Accepted	 183	 575	
180	 5.0512419e-01	 -1.5723007e-03 -5.5558671e-04	 1.30e+00 Accepted	 182	 575	
181	 5.0532503e-01	 -4.5796864e-04 -5.4562540e-04	 1.04e+00 Accepted	 182	 576	
182	 5.0523791e-01	 +1.8668937e-03 +2.5064496e-03	 6.40e-01 Accepted	 183	 575	
183	 5.0526489e-01	 +2.1953958e-03 -6.2406872e-04	 1.31e+00 Accepted	 183	 578	
184	 5.0534882e-01	 -3.1144375e-04 +1.7139062e-04	 1.00e+00 Accepted	 184	 577	
185	 5.0542426e-01	 +7.4073262e-04 +1.3858685e-03	 1.60e+00 Accepted	 182	 578	
186	 5.0576708e-01	 +1.2842705e-03 +2.6915844e-04	 1.04e+00 Accepted	 183	 577	
187	 5.0517630e-01	 -2.0710579e-03 -9.8980274e-04	 7.56e-01 Accepted	 183	 579	
188	 5.0488509e-01	 +6.0537197e-04 +2.6165221e-04	 8.75e-01 Accepted	 183	 580	
189	 5.0512033e-01	 +4.2989870e-04 -5.1098617e-04	 1.07e+00 Accepted	 183	 578	
190	 5.0516587e-01	 -1.0716633e-03 -4.6122867e-04	 1.01e+00 Accepted	 183	 580	
191	 5.0561773e-01	 -4.5766142e-04 +2.0451485e-04	 1.13e+00 Accepted	 183	 577	
192	 5.0556813e-01	 -3.4996863e-03 -5.7887319e-05	 1.34e+00 Accepted	 183	 576	
193	 5.0533944e-01	 -1.0977081e-03 -2.0464350e-03	 8.75e-01 Accepted	 183	 574	
194	 5.0552701e-01	 +1.0933253e-03 +1.9093176e-03	 1.25e+00 Accepted	 183	 575	
195	 5.0552701e-01	 +1.0933253e-03 +1.9093176e-03	 7.67e-01 Rejected	 183	 577	
196	 5.0544611e-01	 +2.8607439e-03 +1.5706799e-03	 7.92e-01 Accepted	 182	 576	
197	 5.0539992e-01	 -1.7131572e-03 -1.7440217e-03	 1.25e+00 Accepted	 183	 579	
198	 5.0499994e-01	 +1.3797414e-03 -9.3771469e-04	 8.65e-01 Accepted	 183	 582	
199	 5.0484641e-01	 -1.8431247e-04 +1.0151005e-03	 7.51e-01 Accepted	 183	 576	
200	 5.0484641e-01	 -1.8431247e-04 +1.0151005e-03	 9.38e-01 Rejected	 182	 575	
201	 5.0445575e-01	 -1.3919330e-03 +7.5717975e-05	 7.18e-01 Accepted	 182	 575	
202	 5.0489896e-01	 -1.6997952e-03 -2.1335801e-04	 1.52e+00 Accepted	 182	 576	
203	 5.0509009e-01	 +5.9954335e-03 -1.5288961e-04	 1.01e+00 Accepted	 183	 578	
204	 5.0508936e-01	 +1.4637317e-03 -3.9597791e-04	 8.19e-01 Accepted	 183	 576	
205	 5.0497701e-01	 +1.4004006e-03 +1.3670655e-03	 9.02e-01 Accepted	 183	 575	
206	 5.0465759e-01	 +1.4130821e-04 +1.1142449e-04	 1.05e+00 Accepted	 182	 575	
207	 5.0492112e-01	 +5.2398000e-04 +3.1194930e-04	 1.29e+00 Accepted	 183	 575	
208	 5.0507952e-01	 -1.1467578e-03 +5.4201252e-04	 1.10e+00 Accepted	 182	 574	
209	 5.0513567e-01	 +1.9170255e-03 -5.0147774e-04	 9.20e-01 Accepted	 182	 574	
210	 5.0530650e-01	 -1.5611394e-04 +6.4618244e-04	 7.09e-01 Accepted	 183	 579	
211	 5.0552363e-01	 +1.0797684e-03 +1.6654914e-03	 1.03e+00 Accepted	 183	 578	
212	 5.0536464e-01	 +5.8250215e-04 -1.6684182e-03	 9.18e-01 Accepted	 183	 577	
213	 5.0517696e-01	 -4.7616969e-04 -1.5696862e-03	 9.44e-01 Accepted	 182	 575	
214	 5.0523952e-01	 +1.2318112e-03 -2.6091387e-04	 1.20e+00 Accepted	 182	 578	
215	 5.0519450e-01	 -3.6504067e-04 +3.7157833e-04	 9.06e-01 Accepted	 183	 580	
216	 5.0523266e-01	 +2.2977354e-03 +2.0408168e-03	 9.88e-01 Accepted	 183	 577	
217	 5.0502302e-01	 -1.3704957e-03 -7.2301397e-04	 8.02e-01 Accepted	 182	 574	
218	 5.0522949e-01	 -3.7914241e-04 -5.8500915e-04	 7.51e-01 Accepted	 182	 577	
219	 5.0464272e-01	 -5.3763955e-05 +1.0188901e-03	 9.80e-01 Accepted	 183	 578	
220	 5.0471417e-01	 -2.8786206e-03 +6.6677924e-04	 7.98e-01 Accepted	 183	 580	
221	 5.0466961e-01	 +3.9434831e-04 +1.3108266e-03	 9.80e-01 Accepted	 182	 580	
222	 5.0468144e-01	 +9.7685306e-04 -6.0715400e-05	 8.45e-01 Accepted	 184	 582	
223	 5.0445464e-01	 +1.3543031e-04 -3.8156448e-03	 1.03e+00 Accepted	 183	 574	
224	 5.0458161e-01	 +1.5383112e-03 -9.9664124e-04	 1.03e+00 Accepted	 183	 579	
225	 5.0450487e-01	 +1.6498440e-03 +2.8152970e-04	 9.76e-01 Accepted	 183	 582	
226	 5.0444860e-01	 -2.9740618e-04 +1.8640942e-04	 1.13e+00 Accepted	 184	 580	
227	 5.0478668e-01	 +5.9607514e-04 -7.7098722e-04	 9.56e-01 Accepted	 184	 577	
228	 5.0478668e-01	 +5.9607514e-04 -7.7098722e-04	 7.43e-01 Rejected	 182	 579	
229	 5.0487046e-01	 -1.6024164e-03 -1.9872376e-03	 1.16e+00 Accepted	 182	 576	
230	 5.0493098e-01	 +8.7767441e-04 +1.7760032e-03	 9.52e-01 Accepted	 182	 579	
231	 5.0502170e-01	 -6.2903446e-04 -2.4326517e-04	 8.54e-01 Accepted	 182	 577	
232	 5.0512265e-01	 -1.7103645e-04 -6.2586907e-04	 1.04e+00 Accepted	 183	 575	
233	 5.0512265e-01	 -1.7103645e-04 -6.2586907e-04	 9.22e-01 Rejected	 182	 581	
234	 5.0511257e-01	 -1.3575193e-03 -7.7745907e-04	 1.11e+00 Accepted	 182	 581	
