# Starting_type: HotStart
# serial RNG seed: 	[17916 1197 42319 10957 61285]
# parallel RNG seed:	[12852 22940 45242 38040 25059]
# Trajectory_length / Number_of_MD_steps: 1 / 8
# 	 Plaquette	 Polyakov_Loop(re,im)	 Acc._Probability	 runtime_per_traj(s)	 CG_iterations	
1	 2.2480533e-01	 +7.5206626e-04 +3.1053155e-03	 1.16e+27 Accepted	 182	 641	
2	 3.1693006e-01	 +5.9117384e-04 -3.5852769e-04	 2.18e+13 Accepted	 196	 646	
3	 3.6745928e-01	 +7.2664545e-04 +9.6566605e-04	 9.73e+07 Accepted	 197	 635	
4	 3.9997664e-01	 -5.4427164e-04 -1.3691458e-03	 2.54e+05 Accepted	 195	 626	
5	 4.2350423e-01	 -1.0741308e-03 +1.8719699e-03	 1.82e+04 Accepted	 194	 619	
6	 4.4110347e-01	 -1.0913281e-03 +4.7041422e-04	 1.69e+03 Accepted	 191	 612	
7	 4.5616980e-01	 -1.2341328e-03 +5.4942561e-04	 4.12e+02 Accepted	 190	 606	
8	 4.6887382e-01	 +7.4660471e-04 +1.0249614e-03	 3.26e+02 Accepted	 189	 601	
9	 4.7976190e-01	 -2.2344617e-03 +1.9152293e-03	 1.69e+02 Accepted	 188	 595	
10	 4.8922229e-01	 +9.0815157e-04 -2.0907969e-03	 6.44e+01 Accepted	 186	 590	
11	 4.9846216e-01	 -2.6553297e-03 +1.1757045e-03	 1.14e+02 Accepted	 186	 587	
12	 5.0615086e-01	 -1.4769081e-03 +1.3020526e-04	 4.32e+01 Accepted	 184	 583	
13	 5.1326150e-01	 -2.3580562e-04 -2.6863406e-04	 2.21e+01 Accepted	 183	 578	
14	 5.1983849e-01	 +5.3322383e-04 +1.6795945e-04	 2.80e+01 Accepted	 182	 576	
15	 5.2586132e-01	 +1.0606032e-03 -1.8071630e-03	 2.23e+01 Accepted	 181	 577	
16	 5.3146454e-01	 +8.3747506e-04 -1.3476572e-03	 1.28e+01 Accepted	 181	 571	
17	 5.3614026e-01	 -1.5534402e-03 -2.3398731e-03	 8.83e+00 Accepted	 180	 566	
18	 5.4064607e-01	 +5.4004870e-04 -1.3569865e-04	 7.53e+00 Accepted	 178	 561	
19	 5.4420317e-01	 -2.8692270e-04 +8.9780804e-04	 4.24e+00 Accepted	 178	 557	
20	 5.4749762e-01	 +4.7784829e-04 -4.7457449e-04	 4.84e+00 Accepted	 177	 550	
21	 5.5056460e-01	 -5.1956298e-04 -1.7194078e-03	 4.59e+00 Accepted	 177	 553	
22	 5.5335522e-01	 -7.4785513e-04 -1.4117134e-03	 3.56e+00 Accepted	 176	 554	
23	 5.5545689e-01	 -2.5858390e-03 -4.6705002e-04	 2.59e+00 Accepted	 175	 543	
24	 5.5714069e-01	 -7.1397398e-04 +2.0854924e-03	 1.83e+00 Accepted	 174	 535	
25	 5.5897389e-01	 -2.2255610e-03 +2.8766117e-03	 2.68e+00 Accepted	 174	 538	
26	 5.6064341e-01	 +4.1059444e-04 +1.4163287e-03	 2.41e+00 Accepted	 172	 532	
27	 5.6184463e-01	 -1.4992226e-03 -1.1929001e-03	 1.69e+00 Accepted	 172	 535	
28	 5.6247098e-01	 -2.0961200e-04 +1.9450783e-04	 1.05e+00 Accepted	 171	 525	
29	 5.6307134e-01	 +3.2702225e-03 -2.7579473e-03	 1.37e+00 Accepted	 168	 522	
30	 5.6341215e-01	 +8.0586412e-04 +2.8443664e-03	 1.60e+00 Accepted	 168	 520	
31	 5.6406422e-01	 -1.4508639e-03 +2.3911042e-04	 9.62e-01 Accepted	 169	 511	
32	 5.6463896e-01	 +1.6417736e-03 -2.4012173e-03	 1.61e+00 Accepted	 166	 513	
33	 5.6533952e-01	 -1.7085221e-03 -3.8111959e-04	 1.19e+00 Accepted	 165	 512	
34	 5.6601047e-01	 +1.1392739e-03 +1.1763783e-03	 1.34e+00 Accepted	 166	 514	
35	 5.6641042e-01	 +1.6599515e-03 -2.5736362e-03	 1.17e+00 Accepted	 167	 493	
36	 5.6655509e-01	 -2.8723126e-03 -5.7532585e-05	 9.26e-01 Accepted	 163	 499	
37	 5.6679163e-01	 +7.1212782e-04 -8.8115931e-04	 1.13e+00 Accepted	 163	 503	
38	 5.6718323e-01	 -3.8431421e-03 -1.8882742e-03	 1.29e+00 Accepted	 162	 495	
39	 5.6733192e-01	 +1.2159203e-03 -1.4283894e-03	 1.54e+00 Accepted	 162	 502	
40	 5.6757239e-01	 +8.1719898e-04 +1.4013016e-03	 1.16e+00 Accepted	 163	 504	
41	 5.6773455e-01	 -3.9805838e-03 -3.0999593e-03	 1.06e+00 Accepted	 161	 481	
42	 5.6783971e-01	 +1.4436188e-03 +1.0391934e-03	 1.23e+00 Accepted	 160	 488	
43	 5.6774065e-01	 +1.3941240e-03 -3.5393555e-03	 8.03e-01 Accepted	 162	 498	
44	 5.6767364e-01	 -1.7586717e-05 -6.2729052e-04	 6.82e-01 Accepted	 162	 483	
45	 5.6786901e-01	 -1.9342332e-03 -3.0331665e-03	 1.19e+00 Accepted	 160	 498	
46	 5.6840464e-01	 +1.7707558e-03 -2.6405545e-03	 1.20e+00 Accepted	 162	 497	
47	 5.6880427e-01	 -7.3163057e-04 -5.6125911e-03	 9.37e-01 Accepted	 161	 481	
48	 5.6919799e-01	 +3.1825101e-04 -2.3274199e-03	 1.08e+00 Accepted	 158	 494	
49	 5.6907539e-01	 -1.9615439e-03 -3.7791676e-04	 9.77e-01 Accepted	 158	 476	
50	 5.6909944e-01	 -1.4201663e-03 -2.4761540e-03	 1.20e+00 Accepted	 156	 465	
51	 5.6879207e-01	 +1.1742697e-03 -4.6518377e-03	 7.36e-01 Accepted	 156	 491	
52	 5.6908038e-01	 -3.4906200e-03 -2.0131825e-03	 1.12e+00 Accepted	 158	 466	
53	 5.6900991e-01	 -9.9993683e-04 +5.1435527e-05	 9.12e-01 Accepted	 156	 471	
54	 5.6914723e-01	 -2.1561632e-03 -2.0818549e-03	 8.60e-01 Accepted	 153	 465	
55	 5.6905599e-01	 -8.9126511e-04 -4.8127765e-03	 1.07e+00 Accepted	 152	 456	
56	 5.6909840e-01	 -1.1420842e-03 -2.1907270e-03	 1.13e+00 Accepted	 152	 434	
57	 5.6910268e-01	 +2.0462672e-03 -2.7192780e-03	 1.13e+00 Accepted	 151	 449	
58	 5.6914565e-01	 -1.8494204e-03 -3.8359527e-04	 9.00e-01 Accepted	 149	 433	
59	 5.6939178e-01	 -2.2920099e-03 -3.7398488e-04	 1.23e+00 Accepted	 149	 454	
60	 5.6954898e-01	 +1.6763686e-05 +4.7598489e-04	 9.85e-01 Accepted	 142	 354	
61	 5.6955171e-01	 -1.4994614e-04 +1.3834236e-05	 1.07e+00 Accepted	 133	 391	
62	 5.6961265e-01	 +4.8529468e-04 -3.6694225e-03	 8.52e-01 Accepted	 144	 455	
63	 5.6980118e-01	 +6.1242775e-04 -1.9355863e-03	 1.10e+00 Accepted	 149	 369	
64	 5.6939495e-01	 -5.1008318e-04 -2.4355154e-03	 7.76e-01 Accepted	 134	 403	
65	 5.6927179e-01	 -2.0221509e-03 -1.6161924e-03	 9.06e-01 Accepted	 139	 435	
66	 5.6942276e-01	 -4.7885813e-04 +6.2217785e-04	 1.23e+00 Accepted	 136	 332	
67	 5.6950970e-01	 +7.7076199e-04 -5.0691414e-03	 9.41e-01 Accepted	 130	 381	
68	 5.6923023e-01	 -5.9329309e-04 -1.3771569e-03	 1.12e+00 Accepted	 140	 420	
69	 5.6963895e-01	 -6.7327944e-04 -1.2945947e-04	 1.21e+00 Accepted	 139	 372	
70	 5.6970844e-01	 -5.6302548e-04 -1.5462117e-03	 1.15e+00 Accepted	 134	 413	
71	 5.6974231e-01	 -2.0071155e-03 -1.1167989e-03	 9.50e-01 Accepted	 136	 368	
72	 5.6999150e-01	 -6.4008714e-04 +1.0717876e-03	 1.11e+00 Accepted	 139	 459	
73	 5.6999150e-01	 -6.4008714e-04 +1.0717876e-03	 9.21e-01 Rejected	 149	 395	
74	 5.7014075e-01	 -2.9373019e-03 -1.5635629e-03	 1.14e+00 Accepted	 144	 438	
75	 5.7009105e-01	 -5.7649201e-04 -3.2128039e-03	 1.03e+00 Accepted	 148	 385	
76	 5.7058930e-01	 +1.4007290e-03 +4.1805348e-04	 1.11e+00 Accepted	 142	 413	
77	 5.7057430e-01	 -2.4076594e-04 -5.2484291e-04	 8.81e-01 Accepted	 141	 416	
78	 5.7034569e-01	 -2.4260117e-03 -1.7623478e-03	 9.65e-01 Accepted	 138	 386	
79	 5.7047236e-01	 +1.2790771e-03 -1.8276157e-03	 1.16e+00 Accepted	 138	 415	
80	 5.7106493e-01	 +1.4946151e-03 -1.2820874e-03	 1.46e+00 Accepted	 147	 425	
81	 5.7033374e-01	 -4.5340820e-04 -5.7894772e-04	 6.26e-01 Accepted	 140	 340	
82	 5.7033374e-01	 -4.5340820e-04 -5.7894772e-04	 8.29e-01 Rejected	 121	 328	
83	 5.7090105e-01	 +2.9873900e-03 +5.8174320e-04	 1.57e+00 Accepted	 130	 451	
84	 5.7080926e-01	 +6.4792438e-04 +4.1769907e-04	 1.08e+00 Accepted	 139	 314	
85	 5.7075121e-01	 -3.6558976e-03 -3.5480423e-03	 8.61e-01 Accepted	 131	 441	
86	 5.7049691e-01	 -3.8245047e-04 -2.9448258e-03	 7.46e-01 Accepted	 135	 312	
87	 5.7063588e-01	 +8.8428196e-04 -2.9001988e-03	 1.14e+00 Accepted	 120	 414	
88	 5.7059101e-01	 +1.5160675e-03 -5.1873457e-04	 1.03e+00 Accepted	 140	 410	
89	 5.7058697e-01	 +1.8621581e-03 -7.1225992e-04	 8.56e-01 Accepted	 147	 431	
90	 5.7065700e-01	 +3.0670099e-03 -3.8395258e-03	 1.08e+00 Accepted	 135	 310	
91	 5.7029813e-01	 -3.2130871e-03 -5.4733265e-03	 7.71e-01 Accepted	 116	 278	
92	 5.7063407e-01	 +2.9586703e-03 -4.9134527e-03	 1.38e+00 Accepted	 117	 322	
93	 5.7087667e-01	 +6.9211710e-04 -4.0827401e-03	 9.65e-01 Accepted	 129	 379	
94	 5.7120437e-01	 +3.5008146e-03 -2.6456612e-03	 1.28e+00 Accepted	 138	 390	
95	 5.7098857e-01	 +8.2636059e-04 -2.2469860e-03	 9.33e-01 Accepted	 135	 300	
96	 5.7098857e-01	 +8.2636059e-04 -2.2469860e-03	 8.34e-01 Rejected	 121	 372	
97	 5.7073106e-01	 +1.5003961e-03 -2.4948399e-03	 8.50e-01 Accepted	 127	 428	
98	 5.7056178e-01	 +1.8985249e-03 -3.1571685e-03	 1.11e+00 Accepted	 146	 421	
99	 5.7067020e-01	 -5.5112589e-04 +5.1165686e-04	 9.89e-01 Accepted	 146	 472	
100	 5.7083887e-01	 +3.3430760e-03 +2.6139614e-03	 1.04e+00 Accepted	 152	 456	
101	 5.7083887e-01	 +3.3430760e-03 +2.6139614e-03	 7.39e-01 Rejected	 143	 423	
102	 5.7062654e-01	 +1.7622785e-03 -3.0598813e-03	 8.48e-01 Accepted	 149	 434	
103	 5.7041575e-01	 +2.2126089e-03 -1.1349638e-03	 1.10e+00 Accepted	 145	 387	
104	 5.7086419e-01	 +3.4321015e-03 -1.6270755e-03	 1.04e+00 Accepted	 135	 369	
105	 5.7075103e-01	 +1.7979523e-04 -1.3368464e-03	 7.34e-01 Accepted	 138	 388	
106	 5.7047602e-01	 -5.8360574e-05 -1.1735429e-03	 1.28e+00 Accepted	 137	 429	
107	 5.7039537e-01	 +6.3991949e-06 -1.1066683e-04	 1.04e+00 Accepted	 132	 304	
108	 5.7042672e-01	 +2.1488859e-03 +1.0125895e-03	 9.46e-01 Accepted	 126	 377	
109	 5.7021758e-01	 +6.5879275e-04 -5.3473707e-05	 9.14e-01 Accepted	 139	 465	
110	 5.7049891e-01	 +3.0084380e-03 -1.6997921e-03	 1.28e+00 Accepted	 148	 367	
111	 5.7040002e-01	 +3.2703935e-05 -3.5001984e-03	 9.45e-01 Accepted	 128	 330	
112	 5.7040002e-01	 +3.2703935e-05 -3.5001984e-03	 8.84e-01 Rejected	 132	 422	
113	 5.7057022e-01	 -1.2314513e-03 -2.7606939e-03	 8.64e-01 Accepted	 121	 345	
114	 5.7057022e-01	 -1.2314513e-03 -2.7606939e-03	 7.03e-01 Rejected	 127	 400	
115	 5.7061403e-01	 +2.0905553e-03 -2.2101489e-03	 1.06e+00 Accepted	 132	 417	
116	 5.7036013e-01	 +3.7526307e-04 +1.2449646e-03	 8.63e-01 Accepted	 137	 410	
117	 5.7026579e-01	 +1.7020463e-03 -1.1378433e-03	 6.72e-01 Accepted	 142	 382	
118	 5.7038286e-01	 +1.3077493e-03 -2.2223043e-04	 9.28e-01 Accepted	 140	 442	
119	 5.7013060e-01	 +1.1981275e-03 -1.5977592e-03	 8.77e-01 Accepted	 154	 452	
120	 5.7003835e-01	 +2.3257645e-03 -4.4583161e-03	 9.11e-01 Accepted	 157	 456	
121	 5.7015559e-01	 +1.1027699e-03 -3.3859903e-03	 1.14e+00 Accepted	 153	 435	
122	 5.7028283e-01	 -3.0048626e-04 -1.6180298e-03	 1.31e+00 Accepted	 142	 360	
123	 5.7035407e-01	 +5.0288057e-04 -6.6569248e-03	 9.63e-01 Accepted	 132	 398	
124	 5.7018331e-01	 +3.1297146e-03 -5.5556317e-04	 9.01e-01 Accepted	 134	 338	
125	 5.7008606e-01	 +1.9170753e-03 -8.3341702e-04	 1.01e+00 Accepted	 133	 474	
126	 5.7004490e-01	 +1.5879154e-03 -1.0944956e-03	 9.00e-01 Accepted	 149	 389	
127	 5.7016394e-01	 +4.0899597e-03 -2.0089782e-05	 1.32e+00 Accepted	 140	 382	
128	 5.7039105e-01	 +6.3357708e-04 +1.1733210e-03	 9.93e-01 Accepted	 142	 435	
129	 5.7068134e-01	 -4.7971608e-05 +1.7483913e-04	 1.45e+00 Accepted	 140	 369	
130	 5.7073869e-01	 +4.9419275e-03 -4.0234345e-03	 9.67e-01 Accepted	 140	 421	
131	 5.7130762e-01	 +2.8884308e-03 -1.5875371e-03	 1.22e+00 Accepted	 142	 379	
132	 5.7122637e-01	 -9.9186725e-04 -2.2213102e-03	 1.21e+00 Accepted	 125	 306	
133	 5.7077151e-01	 +1.6871998e-03 -1.9595547e-03	 9.07e-01 Accepted	 118	 290	
134	 5.7063777e-01	 +2.4222758e-03 -1.8825660e-03	 9.18e-01 Accepted	 115	 307	
135	 5.7076983e-01	 +1.4151313e-03 -1.2049922e-03	 8.75e-01 Accepted	 133	 436	
136	 5.7076983e-01	 +1.4151313e-03 -1.2049922e-03	 7.34e-01 Rejected	 148	 459	
137	 5.7032433e-01	 -3.4156299e-04 -3.5307751e-03	 8.35e-01 Accepted	 146	 420	
138	 5.7047654e-01	 -2.5120291e-03 -5.5443145e-04	 7.05e-01 Accepted	 143	 396	
139	 5.7078008e-01	 +1.0216475e-04 -8.7776107e-04	 1.32e+00 Accepted	 138	 388	
140	 5.7078008e-01	 +1.0216475e-04 -8.7776107e-04	 6.77e-01 Rejected	 136	 420	
141	 5.7074043e-01	 +2.8507565e-03 -2.9168765e-04	 1.10e+00 Accepted	 138	 397	
142	 5.7140673e-01	 +9.0414189e-04 -6.8802781e-04	 1.68e+00 Accepted	 139	 414	
143	 5.7116472e-01	 +2.8111328e-03 -2.1202418e-03	 8.68e-01 Accepted	 143	 385	
144	 5.7125211e-01	 +1.6370774e-03 -3.2896804e-03	 1.12e+00 Accepted	 134	 359	
145	 5.7131857e-01	 -1.4964001e-03 -2.3790346e-04	 9.87e-01 Accepted	 135	 450	
146	 5.7144523e-01	 -1.8567234e-03 -2.3821242e-03	 1.14e+00 Accepted	 143	 336	
147	 5.7132226e-01	 +2.8164153e-03 -1.5254864e-03	 1.03e+00 Accepted	 122	 357	
148	 5.7101416e-01	 +1.7829959e-03 -3.2226074e-03	 7.45e-01 Accepted	 125	 301	
149	 5.7061483e-01	 -7.9974756e-04 -3.3785350e-03	 7.08e-01 Accepted	 111	 324	
150	 5.7059620e-01	 -7.1693194e-05 -3.8756754e-03	 1.12e+00 Accepted	 122	 388	
151	 5.7049734e-01	 -4.4498766e-04 -2.0124950e-03	 1.03e+00 Accepted	 130	 316	
152	 5.7044326e-01	 +2.7212057e-03 -2.4040627e-03	 9.27e-01 Accepted	 122	 370	
153	 5.7041814e-01	 +1.9168081e-04 +1.3633310e-03	 8.54e-01 Accepted	 138	 460	
154	 5.7024108e-01	 +2.0563120e-03 -3.3019446e-03	 9.55e-01 Accepted	 150	 434	
155	 5.7012746e-01	 +1.5516906e-03 -4.0943096e-03	 9.19e-01 Accepted	 130	 299	
156	 5.6985280e-01	 -9.6770584e-04 -1.9164044e-03	 9.58e-01 Accepted	 113	 299	
157	 5.6990667e-01	 +1.1904334e-03 -9.5638374e-04	 1.00e+00 Accepted	 117	 309	
158	 5.7014834e-01	 +5.8277564e-04 -1.3821887e-03	 1.04e+00 Accepted	 120	 405	
159	 5.7065068e-01	 +1.8850433e-03 -2.9486099e-03	 1.34e+00 Accepted	 138	 375	
160	 5.7045136e-01	 +3.2046999e-03 -8.6877175e-04	 8.07e-01 Accepted	 122	 305	
161	 5.7035090e-01	 -2.2921359e-04 -4.3183301e-04	 1.07e+00 Accepted	 117	 356	
162	 5.7047764e-01	 -7.4117206e-04 -2.2423825e-03	 9.66e-01 Accepted	 128	 353	
163	 5.7054120e-01	 +7.2032877e-04 -1.2277067e-03	 1.06e+00 Accepted	 133	 363	
164	 5.7037504e-01	 -8.4266123e-04 -3.3266579e-03	 9.54e-01 Accepted	 135	 437	
165	 5.7099754e-01	 +5.2259650e-04 -2.1822649e-03	 1.36e+00 Accepted	 152	 465	
166	 5.7105375e-01	 -1.0570064e-03 -4.5975324e-03	 9.36e-01 Accepted	 151	 409	
167	 5.7104919e-01	 +1.6069145e-03 -1.6224283e-03	 1.04e+00 Accepted	 144	 401	
168	 5.7101861e-01	 -1.3850821e-04 -4.7574835e-03	 8.56e-01 Accepted	 134	 331	
169	 5.7101861e-01	 -1.3850821e-04 -4.7574835e-03	 8.47e-01 Rejected	 122	 310	
170	 5.7112221e-01	 +6.8410839e-04 -2.5919531e-03	 1.34e+00 Accepted	 129	 425	
171	 5.7085056e-01	 +3.6048231e-03 -1.4616737e-03	 1.08e+00 Accepted	 143	 383	
172	 5.7054847e-01	 +5.7854148e-03 -2.1566055e-03	 8.54e-01 Accepted	 133	 391	
173	 5.7044443e-01	 +1.9206126e-03 -4.1408130e-03	 1.01e+00 Accepted	 137	 360	
174	 5.7050584e-01	 +2.5611357e-03 -3.4045202e-03	 9.72e-01 Accepted	 123	 301	
175	 5.7085181e-01	 +4.0185711e-03 -1.7971193e-03	 9.77e-01 Accepted	 125	 360	
176	 5.7070446e-01	 +4.4297245e-03 -2.9311256e-03	 8.45e-01 Accepted	 131	 376	
177	 5.7056619e-01	 +1.1231627e-03 -5.1218777e-03	 1.06e+00 Accepted	 127	 310	
178	 5.7050412e-01	 +2.7441394e-03 -5.1190484e-03	 1.02e+00 Accepted	 119	 351	
179	 5.7077686e-01	 +1.9085472e-03 -3.0544652e-03	 1.05e+00 Accepted	 132	 451	
180	 5.7081775e-01	 +1.7733976e-03 +3.9714892e-04	 1.14e+00 Accepted	 147	 381	
181	 5.7081464e-01	 +5.2223950e-05 -2.9851937e-03	 9.87e-01 Accepted	 136	 386	
182	 5.7030463e-01	 +4.4376366e-04 -1.6821632e-03	 6.58e-01 Accepted	 137	 362	
183	 5.7061517e-01	 +3.2550023e-03 -5.1335561e-03	 1.49e+00 Accepted	 133	 393	
184	 5.7055699e-01	 +4.9762173e-03 -5.0975418e-03	 1.28e+00 Accepted	 133	 359	
185	 5.7042023e-01	 +1.0777031e-03 -2.9218448e-03	 9.46e-01 Accepted	 129	 343	
186	 5.7021733e-01	 +1.9234988e-03 -3.7500543e-03	 9.78e-01 Accepted	 125	 353	
187	 5.7038077e-01	 +1.3622429e-03 -3.2746176e-03	 1.36e+00 Accepted	 125	 404	
188	 5.7028950e-01	 +1.3561448e-03 -5.3423637e-03	 1.02e+00 Accepted	 137	 353	
189	 5.7000488e-01	 +1.7061117e-03 -1.6692440e-03	 8.34e-01 Accepted	 130	 433	
190	 5.7034841e-01	 +3.2328287e-03 -4.2222496e-03	 1.19e+00 Accepted	 138	 374	
191	 5.7099356e-01	 +3.7463967e-03 -2.7166993e-03	 8.39e-01 Accepted	 136	 330	
192	 5.7127244e-01	 +4.3622860e-03 -2.4808054e-03	 9.99e-01 Accepted	 126	 342	
193	 5.7126508e-01	 +1.9386794e-03 -2.8006418e-03	 1.22e+00 Accepted	 136	 442	
194	 5.7134157e-01	 +3.6310378e-03 -3.4073147e-04	 1.01e+00 Accepted	 141	 336	
195	 5.7104066e-01	 -4.1369385e-04 -3.2809114e-03	 8.15e-01 Accepted	 122	 327	
196	 5.7092028e-01	 +3.0394554e-03 -3.7740855e-03	 6.85e-01 Accepted	 128	 324	
197	 5.7088087e-01	 +3.9606924e-03 -4.9356160e-03	 8.56e-01 Accepted	 127	 409	
198	 5.7071190e-01	 +2.6150646e-03 -2.7254660e-03	 7.96e-01 Accepted	 138	 388	
199	 5.7084035e-01	 +2.2018721e-03 -3.1279500e-03	 9.44e-01 Accepted	 126	 276	
200	 5.7061330e-01	 +1.9446928e-03 -1.9289554e-03	 9.88e-01 Accepted	 113	 340	
201	 5.7061330e-01	 +1.9446928e-03 -1.9289554e-03	 8.43e-01 Rejected	 130	 391	
202	 5.7097103e-01	 +4.0793036e-03 -3.9738691e-03	 1.09e+00 Accepted	 125	 345	
203	 5.7074900e-01	 +1.3761024e-03 -7.0099961e-05	 6.87e-01 Accepted	 122	 355	
204	 5.7086693e-01	 +2.8155774e-03 -8.7153180e-04	 1.13e+00 Accepted	 125	 278	
205	 5.7101719e-01	 +1.8334248e-03 -1.4657421e-03	 1.02e+00 Accepted	 118	 366	
206	 5.7096310e-01	 +2.0403240e-03 +1.6812829e-03	 8.16e-01 Accepted	 133	 363	
207	 5.7120240e-01	 +3.5648858e-03 -6.1885684e-04	 1.05e+00 Accepted	 121	 306	
208	 5.7092637e-01	 +2.1955125e-03 -1.3146434e-03	 9.68e-01 Accepted	 119	 326	
209	 5.7103640e-01	 +2.4536745e-03 +1.3717715e-03	 1.16e+00 Accepted	 126	 356	
210	 5.7084759e-01	 +2.3313343e-03 -9.6085543e-04	 9.11e-01 Accepted	 125	 350	
211	 5.7137307e-01	 +3.7133052e-03 -7.2049502e-04	 1.56e+00 Accepted	 126	 291	
212	 5.7125774e-01	 +1.8056310e-03 +1.0223472e-03	 9.13e-01 Accepted	 121	 334	
213	 5.7106142e-01	 +1.9558739e-03 +1.8957723e-03	 8.89e-01 Accepted	 122	 322	
214	 5.7107152e-01	 +1.3246707e-03 -2.0693752e-03	 1.09e+00 Accepted	 128	 419	
215	 5.7105979e-01	 +2.0874562e-03 -3.3252360e-03	 8.30e-01 Accepted	 132	 299	
216	 5.7087893e-01	 +3.9922245e-03 -8.8214142e-04	 1.05e+00 Accepted	 117	 303	
217	 5.7114135e-01	 +2.0514001e-03 -2.4015971e-04	 8.09e-01 Accepted	 116	 326	
218	 5.7083211e-01	 +2.0052926e-03 +8.6181391e-04	 1.01e+00 Accepted	 119	 299	
219	 5.7060570e-01	 +2.5834814e-03 -1.1931881e-03	 1.05e+00 Accepted	 116	 309	
220	 5.7040465e-01	 -2.3984453e-04 -7.5620567e-05	 8.73e-01 Accepted	 127	 423	
221	 5.7041914e-01	 +4.1790456e-03 -1.2362160e-03	 1.06e+00 Accepted	 140	 381	
222	 5.7027608e-01	 +3.3680240e-03 +2.0089490e-04	 9.82e-01 Accepted	 127	 313	
223	 5.7045921e-01	 +5.2183526e-03 +8.6654651e-04	 1.03e+00 Accepted	 113	 311	
224	 5.7043148e-01	 +2.1290213e-03 -1.4809572e-03	 9.61e-01 Accepted	 121	 340	
225	 5.7032880e-01	 +1.3965287e-03 +6.0178731e-04	 1.04e+00 Accepted	 125	 337	
226	 5.7047538e-01	 +6.7761016e-03 +2.5930226e-03	 7.49e-01 Accepted	 128	 429	
227	 5.7051817e-01	 +2.1689141e-03 +2.9854176e-03	 1.13e+00 Accepted	 144	 368	
228	 5.7088843e-01	 +2.6193402e-03 -1.8748603e-04	 1.40e+00 Accepted	 141	 438	
229	 5.7080127e-01	 -2.9818940e-03 +3.2094820e-03	 8.53e-01 Accepted	 144	 423	
230	 5.7113988e-01	 +2.9118051e-03 -1.2126708e-03	 1.27e+00 Accepted	 141	 381	
231	 5.7046849e-01	 +2.2290477e-03 +2.0335930e-03	 8.47e-01 Accepted	 137	 416	
232	 5.7022957e-01	 +1.9963454e-03 +1.6294338e-03	 8.47e-01 Accepted	 132	 313	
233	 5.7017241e-01	 +2.1059192e-03 +1.4658356e-04	 1.02e+00 Accepted	 122	 386	
234	 5.7017042e-01	 +3.2365960e-03 -1.4383274e-03	 1.06e+00 Accepted	 132	 373	
235	 5.7032467e-01	 +5.9658073e-04 +1.6973978e-03	 9.01e-01 Accepted	 138	 403	
236	 5.7074181e-01	 +1.7081694e-03 +6.7985773e-04	 1.07e+00 Accepted	 134	 316	
237	 5.7063251e-01	 +9.9518574e-04 +2.9682836e-03	 1.25e+00 Accepted	 118	 301	
238	 5.7058982e-01	 -1.0762576e-03 +5.6742108e-03	 9.51e-01 Accepted	 118	 345	
239	 5.7097410e-01	 +1.4759190e-03 +2.4533265e-03	 1.17e+00 Accepted	 127	 329	
240	 5.7143140e-01	 -2.5058937e-04 +2.1900029e-03	 1.09e+00 Accepted	 118	 279	
241	 5.7138782e-01	 +8.0642342e-04 +1.9804357e-03	 9.23e-01 Accepted	 116	 331	
242	 5.7117103e-01	 -2.5335991e-04 +2.8100214e-03	 9.03e-01 Accepted	 136	 442	
243	 5.7083619e-01	 +2.8203394e-03 +4.3672208e-03	 6.45e-01 Accepted	 147	 435	
244	 5.7124545e-01	 +2.0990012e-03 +2.7186604e-04	 8.97e-01 Accepted	 142	 374	
245	 5.7108382e-01	 -7.6275727e-04 +1.4009770e-03	 1.44e+00 Accepted	 142	 453	
246	 5.7112888e-01	 -1.9511811e-03 +1.8823225e-03	 1.20e+00 Accepted	 150	 424	
247	 5.7095956e-01	 -2.5259703e-04 -5.2288245e-04	 8.26e-01 Accepted	 145	 385	
248	 5.7113651e-01	 -8.4397480e-05 +4.1168127e-03	 9.69e-01 Accepted	 134	 352	
249	 5.7107414e-01	 +1.8176918e-03 +1.9239353e-03	 1.28e+00 Accepted	 136	 406	
250	 5.7107414e-01	 +1.8176918e-03 +1.9239353e-03	 9.71e-01 Rejected	 131	 366	
251	 5.7088501e-01	 +2.3988352e-03 +1.7646566e-03	 9.12e-01 Accepted	 139	 344	
252	 5.7071254e-01	 +1.7455722e-03 -1.1227474e-04	 8.73e-01 Accepted	 127	 339	
253	 5.7076777e-01	 +2.1810398e-03 +1.2578631e-03	 1.08e+00 Accepted	 125	 400	
254	 5.7063108e-01	 +1.1359589e-03 -1.0086275e-03	 8.63e-01 Accepted	 142	 408	
255	 5.7075793e-01	 +3.0721664e-03 +1.2745342e-03	 1.16e+00 Accepted	 137	 363	
256	 5.7075481e-01	 +3.7005372e-03 +1.8994262e-03	 9.82e-01 Accepted	 130	 353	
257	 5.7085804e-01	 +2.5044497e-04 +1.4190803e-03	 9.28e-01 Accepted	 130	 365	
258	 5.7085804e-01	 +2.5044497e-04 +1.4190803e-03	 7.24e-01 Rejected	 132	 401	
259	 5.7070470e-01	 -8.1554937e-04 +2.7850929e-03	 8.21e-01 Accepted	 139	 376	
260	 5.7073024e-01	 +2.9344348e-03 +6.4241010e-04	 1.05e+00 Accepted	 123	 280	
261	 5.7096571e-01	 +2.1533095e-03 +4.3550184e-03	 1.10e+00 Accepted	 110	 329	
262	 5.7075666e-01	 +2.8158071e-03 +2.4380898e-03	 9.11e-01 Accepted	 129	 381	
263	 5.7059927e-01	 +4.5494284e-03 +3.4304661e-03	 1.03e+00 Accepted	 131	 365	
264	 5.7052669e-01	 -6.0173263e-04 +2.9706303e-03	 8.53e-01 Accepted	 129	 353	
265	 5.7067371e-01	 +9.3437498e-04 +5.5897486e-03	 1.10e+00 Accepted	 127	 315	
266	 5.7088144e-01	 +2.7242650e-03 +4.5955037e-03	 9.10e-01 Accepted	 122	 376	
267	 5.7088144e-01	 +2.7242650e-03 +4.5955037e-03	 7.91e-01 Rejected	 132	 307	
268	 5.7091680e-01	 +1.7711200e-03 +4.6176669e-03	 8.13e-01 Accepted	 136	 387	
269	 5.7083891e-01	 +3.1964974e-04 +2.2367859e-03	 1.03e+00 Accepted	 137	 403	
270	 5.7099081e-01	 +4.9020798e-03 +3.8787562e-03	 8.55e-01 Accepted	 127	 304	
271	 5.7096924e-01	 +1.9016183e-04 +3.8599877e-03	 9.28e-01 Accepted	 111	 308	
272	 5.7139906e-01	 -1.4365572e-03 +3.0214482e-03	 1.34e+00 Accepted	 116	 300	
273	 5.7132865e-01	 -1.2376319e-03 +5.5182534e-04	 9.86e-01 Accepted	 121	 343	
274	 5.7120151e-01	 +9.8211809e-04 +2.3309640e-03	 8.56e-01 Accepted	 132	 429	
275	 5.7131104e-01	 +2.2249514e-03 +4.0120348e-03	 1.23e+00 Accepted	 135	 372	
276	 5.7092344e-01	 -1.7863842e-04 -1.2971775e-03	 8.09e-01 Accepted	 128	 397	
277	 5.7057083e-01	 +1.2074455e-03 +9.5054638e-04	 8.60e-01 Accepted	 128	 363	
278	 5.7044140e-01	 +7.5420769e-04 +2.4723222e-03	 9.39e-01 Accepted	 120	 282	
279	 5.7076196e-01	 +1.2657006e-03 +5.1210218e-04	 1.46e+00 Accepted	 119	 384	
280	 5.7081808e-01	 +1.6515642e-03 +5.2298894e-03	 1.16e+00 Accepted	 133	 353	
281	 5.7079468e-01	 -5.2098699e-04 +2.3586771e-03	 9.28e-01 Accepted	 129	 332	
282	 5.7087294e-01	 -2.3695824e-05 +2.3585467e-03	 8.44e-01 Accepted	 121	 333	
283	 5.7087294e-01	 -2.3695824e-05 +2.3585467e-03	 7.35e-01 Rejected	 120	 400	
284	 5.7070697e-01	 +5.1110889e-03 +6.3690414e-05	 9.06e-01 Accepted	 119	 330	
285	 5.7048242e-01	 +1.6151370e-03 +7.1644432e-03	 8.62e-01 Accepted	 126	 421	
286	 5.7038642e-01	 -2.3261555e-03 -9.9002717e-04	 8.97e-01 Accepted	 139	 305	
287	 5.7040171e-01	 +6.2999203e-04 +3.2261043e-03	 1.14e+00 Accepted	 117	 336	
288	 5.7049551e-01	 +7.8402598e-04 +4.5353849e-03	 9.12e-01 Accepted	 128	 406	
289	 5.7024341e-01	 +3.8235751e-03 +3.3333750e-03	 9.73e-01 Accepted	 144	 400	
290	 5.7039395e-01	 +3.3383194e-03 +2.7667247e-03	 1.01e+00 Accepted	 143	 408	
291	 5.7024238e-01	 +1.1258310e-03 +1.0097333e-03	 8.73e-01 Accepted	 138	 352	
292	 5.7024238e-01	 +1.1258310e-03 +1.0097333e-03	 7.26e-01 Rejected	 128	 329	
293	 5.7042390e-01	 +1.8734187e-03 +1.6108059e-03	 8.67e-01 Accepted	 128	 388	
294	 5.7042390e-01	 +1.8734187e-03 +1.6108059e-03	 9.16e-01 Rejected	 127	 293	
295	 5.7020934e-01	 +2.9237492e-03 +2.4678195e-03	 9.60e-01 Accepted	 127	 355	
296	 5.7093355e-01	 +2.6937700e-03 -3.5183733e-05	 1.51e+00 Accepted	 118	 279	
297	 5.7036240e-01	 +5.9881467e-03 +1.8526653e-03	 7.52e-01 Accepted	 112	 304	
298	 5.7091320e-01	 +5.2413891e-03 -1.0642456e-03	 1.56e+00 Accepted	 122	 404	
299	 5.7061513e-01	 +2.1365979e-03 -1.5900475e-03	 8.74e-01 Accepted	 133	 302	
300	 5.7061513e-01	 +2.1365979e-03 -1.5900475e-03	 8.65e-01 Rejected	 116	 309	
301	 5.7092642e-01	 +3.9689601e-03 +1.7449613e-03	 1.20e+00 Accepted	 124	 438	
302	 5.7080250e-01	 +3.7158452e-03 +2.4292531e-03	 9.73e-01 Accepted	 151	 424	
303	 5.7045188e-01	 +3.2629237e-03 +6.5603422e-05	 8.68e-01 Accepted	 148	 431	
304	 5.7038515e-01	 +3.5145790e-03 +8.4238448e-04	 6.55e-01 Accepted	 144	 396	
305	 5.7048856e-01	 +6.5699629e-03 -6.9667192e-04	 9.32e-01 Accepted	 132	 371	
306	 5.7042948e-01	 +1.7263226e-03 +1.8823435e-03	 1.05e+00 Accepted	 129	 349	
307	 5.7063395e-01	 +4.7119744e-03 -4.1471302e-04	 8.19e-01 Accepted	 127	 388	
308	 5.7058356e-01	 +2.4324950e-03 -8.4997419e-05	 8.56e-01 Accepted	 131	 374	
309	 5.7056054e-01	 +1.3178387e-03 -1.2182710e-03	 9.75e-01 Accepted	 133	 366	
# Starting_type: CheckpointStart
# Trajectory_length / Number_of_MD_steps: 1 / 8
# 	 Plaquette	 Polyakov_Loop(re,im)	 Acc._Probability	 runtime_per_traj(s)	 CG_iterations	
309	 5.7056054e-01	 +1.3178387e-03 -1.2182710e-03	 9.75e-01 Accepted	 135	 366	
310	 5.7043946e-01	 +3.4138215e-03 -2.5299294e-03	 8.50e-01 Accepted	 135	 373	
311	 5.7032849e-01	 +4.1916006e-03 -2.8156766e-03	 9.95e-01 Accepted	 137	 420	
312	 5.7063511e-01	 +2.7600266e-03 -1.1479942e-04	 1.28e+00 Accepted	 138	 336	
313	 5.7054150e-01	 +3.6557649e-03 +6.2912219e-04	 9.33e-01 Accepted	 120	 307	
314	 5.7124429e-01	 +8.0485810e-04 +1.8411468e-04	 1.45e+00 Accepted	 119	 379	
315	 5.7123315e-01	 +5.7478090e-03 -2.4437613e-03	 9.99e-01 Accepted	 125	 324	
316	 5.7123315e-01	 +5.7478090e-03 -2.4437613e-03	 6.07e-01 Rejected	 122	 355	
317	 5.7117213e-01	 +6.7520488e-03 -2.2105005e-03	 8.07e-01 Accepted	 117	 314	
318	 5.7126820e-01	 +1.1271352e-03 -4.5483650e-03	 9.83e-01 Accepted	 114	 302	
319	 5.7063218e-01	 -3.0864926e-03 -1.8941868e-03	 8.19e-01 Accepted	 115	 331	
320	 5.7051857e-01	 +8.2463341e-04 -1.7173434e-03	 1.13e+00 Accepted	 119	 303	
321	 5.7067745e-01	 +6.5668273e-04 +6.5226453e-04	 1.15e+00 Accepted	 113	 312	
322	 5.7083565e-01	 +9.6198224e-04 +1.7551330e-03	 1.21e+00 Accepted	 125	 356	
323	 5.7049798e-01	 +8.0117661e-04 -9.9299246e-04	 8.54e-01 Accepted	 128	 338	
324	 5.7085341e-01	 +8.4656335e-04 +1.4805152e-03	 1.15e+00 Accepted	 123	 346	
325	 5.7087295e-01	 +9.6609713e-04 +6.4443840e-03	 9.52e-01 Accepted	 125	 345	
326	 5.7109441e-01	 -7.1864188e-04 +1.1095668e-03	 1.19e+00 Accepted	 121	 295	
327	 5.7126501e-01	 +4.2096349e-04 -3.8339445e-04	 1.36e+00 Accepted	 111	 287	
328	 5.7153586e-01	 +9.8516881e-04 +4.6925615e-03	 1.16e+00 Accepted	 119	 419	
329	 5.7147350e-01	 +1.5368281e-03 +3.6584215e-03	 8.81e-01 Accepted	 141	 393	
330	 5.7165237e-01	 +1.7512686e-03 +1.2573393e-03	 1.40e+00 Accepted	 143	 434	
331	 5.7146743e-01	 +2.2901148e-04 +4.1817211e-04	 1.00e+00 Accepted	 144	 395	
332	 5.7098024e-01	 -1.7972705e-03 +1.9552593e-03	 7.85e-01 Accepted	 138	 387	
333	 5.7120792e-01	 +3.6350434e-03 +1.7820100e-03	 1.23e+00 Accepted	 132	 361	
334	 5.7105645e-01	 +2.0981577e-03 +1.0614282e-03	 7.90e-01 Accepted	 131	 404	
335	 5.7099929e-01	 +3.3159492e-05 -7.8940188e-04	 9.84e-01 Accepted	 139	 361	
336	 5.7106288e-01	 -1.1345173e-04 +5.6218116e-04	 1.37e+00 Accepted	 122	 298	
337	 5.7116783e-01	 -2.5541898e-03 -9.5178437e-04	 8.96e-01 Accepted	 120	 351	
338	 5.7081103e-01	 +4.5544428e-03 +6.7083612e-04	 8.97e-01 Accepted	 122	 330	
339	 5.7077668e-01	 +2.4901954e-03 -3.0951045e-03	 1.22e+00 Accepted	 124	 368	
340	 5.7067481e-01	 -1.1635788e-03 +2.1068144e-03	 8.56e-01 Accepted	 127	 331	
341	 5.7068541e-01	 +7.4384001e-04 -9.9388529e-04	 1.16e+00 Accepted	 118	 314	
342	 5.7080769e-01	 +3.0661283e-04 -1.2395311e-03	 1.09e+00 Accepted	 119	 334	
343	 5.7090972e-01	 -6.4090856e-05 +9.7016786e-04	 1.01e+00 Accepted	 128	 435	
344	 5.7061733e-01	 +1.3781369e-03 -3.0301756e-03	 1.15e+00 Accepted	 147	 453	
345	 5.7051978e-01	 -3.1645768e-03 -4.8028160e-04	 9.98e-01 Accepted	 140	 344	
346	 5.7054397e-01	 -8.1015123e-04 -1.9857349e-03	 9.96e-01 Accepted	 136	 459	
347	 5.7068306e-01	 -1.2925722e-03 +1.6292144e-04	 8.34e-01 Accepted	 155	 476	
348	 5.7081484e-01	 +2.0767109e-03 +1.2618185e-04	 9.45e-01 Accepted	 147	 393	
349	 5.7091568e-01	 -3.8847541e-03 +7.0795382e-04	 1.11e+00 Accepted	 131	 331	
350	 5.7091568e-01	 -3.8847541e-03 +7.0795382e-04	 7.25e-01 Rejected	 126	 372	
351	 5.7131345e-01	 +1.4115689e-04 +2.3173850e-04	 1.10e+00 Accepted	 128	 385	
352	 5.7093435e-01	 -4.1181565e-04 -2.4016032e-04	 8.57e-01 Accepted	 127	 325	
353	 5.7116102e-01	 -3.6680727e-03 -2.3040884e-03	 1.40e+00 Accepted	 117	 316	
354	 5.7106270e-01	 -1.6112214e-03 +2.7334662e-04	 9.68e-01 Accepted	 130	 414	
355	 5.7088166e-01	 -6.0571958e-03 -1.1079507e-03	 1.04e+00 Accepted	 144	 426	
356	 5.7083969e-01	 -4.2566666e-03 -6.5624374e-04	 1.11e+00 Accepted	 144	 419	
357	 5.7060806e-01	 -5.2188204e-03 +9.8202261e-04	 9.73e-01 Accepted	 140	 322	
358	 5.7039737e-01	 -4.1606125e-03 -1.3256149e-04	 9.00e-01 Accepted	 123	 359	
359	 5.7056999e-01	 -2.4278072e-03 -3.3050976e-03	 7.60e-01 Accepted	 138	 413	
360	 5.7049686e-01	 -4.0556320e-03 +2.5061984e-03	 8.63e-01 Accepted	 144	 428	
361	 5.7081198e-01	 -2.4632550e-03 -4.1260644e-04	 1.25e+00 Accepted	 142	 389	
362	 5.7078378e-01	 -9.9770457e-04 +1.0261850e-03	 1.10e+00 Accepted	 132	 370	
363	 5.7088038e-01	 -2.6606843e-03 +3.4619017e-04	 9.56e-01 Accepted	 134	 390	
364	 5.7071820e-01	 -2.6323793e-03 +3.5717528e-04	 1.15e+00 Accepted	 135	 380	
365	 5.7089564e-01	 -4.6439295e-03 -4.4092663e-04	 1.49e+00 Accepted	 131	 322	
366	 5.7120681e-01	 -1.7749989e-03 +3.5311416e-04	 1.02e+00 Accepted	 130	 414	
367	 5.7077607e-01	 -2.0219324e-03 +1.2953017e-03	 8.86e-01 Accepted	 134	 315	
368	 5.7082042e-01	 -3.2636680e-03 -7.7237833e-04	 8.96e-01 Accepted	 118	 375	
369	 5.7069926e-01	 -2.0999005e-03 -1.5985264e-03	 8.68e-01 Accepted	 123	 290	
370	 5.7069315e-01	 -3.8720886e-03 -1.9244121e-03	 1.05e+00 Accepted	 113	 349	
371	 5.7069325e-01	 -5.1103241e-03 -2.6076632e-03	 1.12e+00 Accepted	 124	 334	
372	 5.7028844e-01	 -6.6377052e-03 +6.5584541e-05	 7.27e-01 Accepted	 129	 354	
373	 5.7068807e-01	 -4.4077673e-03 -6.5616154e-04	 1.08e+00 Accepted	 122	 306	
374	 5.7029171e-01	 -8.2327787e-04 +7.3949688e-04	 8.48e-01 Accepted	 117	 311	
375	 5.7040645e-01	 -2.7185630e-03 -1.2114613e-03	 1.37e+00 Accepted	 121	 370	
376	 5.7032240e-01	 -2.7671821e-03 -2.3034751e-03	 1.15e+00 Accepted	 137	 345	
377	 5.7037031e-01	 +9.5022831e-04 -1.3297037e-03	 9.42e-01 Accepted	 124	 384	
378	 5.7037031e-01	 +9.5022831e-04 -1.3297037e-03	 7.21e-01 Rejected	 133	 325	
379	 5.7030556e-01	 -2.3645759e-04 +7.4403526e-04	 8.92e-01 Accepted	 124	 298	
380	 5.7036366e-01	 -1.4856671e-03 -4.5202288e-04	 1.13e+00 Accepted	 124	 428	
381	 5.7027373e-01	 -2.8011377e-03 -1.2672815e-03	 8.68e-01 Accepted	 135	 311	
382	 5.7033208e-01	 -3.1868888e-03 +5.9058110e-05	 1.03e+00 Accepted	 123	 363	
383	 5.7022451e-01	 -1.4882211e-03 -1.4653396e-03	 9.10e-01 Accepted	 129	 362	
384	 5.7024412e-01	 -1.4331618e-03 -7.9917462e-04	 8.61e-01 Accepted	 137	 405	
385	 5.7029591e-01	 +8.2206546e-05 +3.6384957e-03	 7.54e-01 Accepted	 141	 366	
386	 5.7033189e-01	 -4.8717329e-03 +1.6350602e-03	 1.13e+00 Accepted	 137	 448	
387	 5.7030658e-01	 -2.1023636e-03 +3.2155923e-04	 1.01e+00 Accepted	 142	 330	
388	 5.7046575e-01	 -2.2993884e-03 +1.7399720e-03	 1.07e+00 Accepted	 120	 316	
389	 5.7049825e-01	 -2.6178074e-03 -1.4358042e-03	 6.65e-01 Accepted	 123	 312	
390	 5.7042695e-01	 -5.5429581e-03 +9.5838046e-05	 9.34e-01 Accepted	 120	 392	
391	 5.7088250e-01	 -1.3517796e-03 +1.2223492e-03	 1.06e+00 Accepted	 134	 324	
392	 5.7088250e-01	 -1.3517796e-03 +1.2223492e-03	 6.68e-01 Rejected	 128	 388	
393	 5.7057216e-01	 -3.1430325e-03 +8.7693633e-04	 9.56e-01 Accepted	 131	 399	
394	 5.7050317e-01	 -4.7352851e-03 +2.8441104e-03	 1.01e+00 Accepted	 131	 330	
395	 5.7079694e-01	 -3.8398232e-03 +1.4207940e-03	 1.43e+00 Accepted	 127	 346	
396	 5.7075394e-01	 -2.5996448e-03 +1.6118091e-03	 8.31e-01 Accepted	 129	 413	
397	 5.7121345e-01	 -6.1332186e-03 +8.9316806e-04	 1.11e+00 Accepted	 142	 375	
398	 5.7096716e-01	 -9.3521243e-04 +1.0526654e-04	 7.60e-01 Accepted	 126	 333	
399	 5.7123634e-01	 -3.3867017e-03 +2.8410517e-03	 9.99e-01 Accepted	 121	 357	
400	 5.7078229e-01	 -5.5853997e-03 +1.5422541e-03	 8.97e-01 Accepted	 125	 305	
401	 5.7090992e-01	 -7.1912593e-04 +2.4827646e-03	 9.83e-01 Accepted	 124	 428	
402	 5.7077026e-01	 -6.0074237e-03 +1.0105148e-03	 9.94e-01 Accepted	 147	 470	
403	 5.7100387e-01	 -2.8584858e-03 +2.5646845e-03	 1.40e+00 Accepted	 152	 451	
404	 5.7102886e-01	 -1.7051984e-03 +4.0752064e-03	 1.11e+00 Accepted	 149	 403	
405	 5.7091421e-01	 -2.7441774e-03 +1.6887965e-03	 9.56e-01 Accepted	 144	 440	
406	 5.7077438e-01	 +5.0461730e-04 +5.7235073e-03	 9.55e-01 Accepted	 135	 301	
407	 5.7056100e-01	 -4.0987552e-03 +3.3684793e-03	 8.09e-01 Accepted	 125	 428	
408	 5.7052652e-01	 -4.4785001e-04 +5.4558331e-03	 8.24e-01 Accepted	 145	 422	
409	 5.7042172e-01	 -7.2249800e-04 +5.8659557e-03	 1.01e+00 Accepted	 148	 432	
410	 5.7030774e-01	 -1.0282113e-04 +7.5224470e-03	 8.92e-01 Accepted	 149	 451	
411	 5.7023129e-01	 -1.2803270e-03 +4.9411316e-03	 1.10e+00 Accepted	 141	 340	
412	 5.7055769e-01	 -9.6801117e-04 +4.7228404e-03	 8.95e-01 Accepted	 132	 427	
413	 5.7016665e-01	 -2.1222537e-03 +5.7841299e-03	 8.98e-01 Accepted	 139	 345	
414	 5.7006665e-01	 -1.9097991e-03 +3.8752484e-03	 1.07e+00 Accepted	 124	 312	
415	 5.7051255e-01	 -2.8413496e-03 +4.2200565e-03	 1.45e+00 Accepted	 124	 436	
416	 5.6998761e-01	 -1.8646299e-03 +3.4475943e-03	 6.89e-01 Accepted	 135	 322	
417	 5.7034405e-01	 -4.8048537e-04 +1.4290288e-03	 1.14e+00 Accepted	 127	 421	
418	 5.7034405e-01	 -4.8048537e-04 +1.4290288e-03	 7.46e-01 Rejected	 142	 353	
419	 5.7042576e-01	 -2.8036871e-03 +3.1721698e-03	 1.01e+00 Accepted	 136	 321	
420	 5.7060247e-01	 +1.8491272e-03 +1.8514836e-03	 8.64e-01 Accepted	 121	 338	
421	 5.7065671e-01	 +4.5931748e-04 +3.2888444e-03	 1.09e+00 Accepted	 121	 299	
422	 5.7065872e-01	 +2.5850990e-04 +3.9298906e-03	 1.09e+00 Accepted	 113	 310	
423	 5.7090408e-01	 -2.9161344e-03 +2.6906602e-03	 1.62e+00 Accepted	 118	 298	
424	 5.7107487e-01	 -1.8501618e-03 +5.2642843e-03	 1.16e+00 Accepted	 120	 396	
425	 5.7083719e-01	 -7.4887029e-04 +2.7763507e-04	 7.98e-01 Accepted	 132	 331	
426	 5.7134135e-01	 -4.9238607e-03 +3.0025291e-03	 1.21e+00 Accepted	 121	 328	
427	 5.7134135e-01	 -4.9238607e-03 +3.0025291e-03	 9.82e-01 Rejected	 130	 434	
428	 5.7130190e-01	 -3.9293872e-03 -5.1559278e-04	 9.49e-01 Accepted	 124	 395	
429	 5.7107403e-01	 -5.9196529e-04 -1.4560715e-03	 7.55e-01 Accepted	 127	 295	
430	 5.7119929e-01	 +1.7288860e-03 +2.4785337e-03	 1.07e+00 Accepted	 117	 361	
431	 5.7125074e-01	 +1.2935609e-03 -3.1417277e-03	 9.53e-01 Accepted	 130	 349	
432	 5.7123101e-01	 -2.1953197e-03 +8.7293239e-04	 1.09e+00 Accepted	 128	 336	
433	 5.7085717e-01	 -2.0839049e-03 -8.1483025e-04	 6.51e-01 Accepted	 127	 361	
434	 5.7047623e-01	 -2.0174657e-03 -5.3303783e-03	 7.95e-01 Accepted	 125	 326	
435	 5.7035665e-01	 -2.4189251e-03 +4.6408069e-04	 1.05e+00 Accepted	 125	 389	
436	 5.7015794e-01	 +1.5546159e-03 -5.8048064e-04	 8.99e-01 Accepted	 135	 377	
437	 5.7036730e-01	 -7.1655256e-04 +5.7810397e-05	 1.19e+00 Accepted	 124	 343	
438	 5.7039634e-01	 -6.7517708e-04 +1.9677514e-03	 1.04e+00 Accepted	 129	 360	
439	 5.7028362e-01	 -1.6190374e-03 +3.9707180e-03	 9.26e-01 Accepted	 126	 336	
440	 5.7028362e-01	 -1.6190374e-03 +3.9707180e-03	 7.88e-01 Rejected	 120	 292	
441	 5.7067665e-01	 -8.2056421e-04 +2.2144122e-03	 1.23e+00 Accepted	 118	 316	
442	 5.7055494e-01	 -2.3696611e-03 +3.1241547e-03	 1.07e+00 Accepted	 119	 343	
443	 5.7032729e-01	 -2.7381296e-03 +4.4917038e-03	 8.91e-01 Accepted	 119	 334	
444	 5.7066077e-01	 -1.4490730e-03 +5.3049950e-03	 9.61e-01 Accepted	 122	 364	
445	 5.7091431e-01	 +1.0667691e-04 +5.0179516e-03	 1.21e+00 Accepted	 139	 422	
446	 5.7090264e-01	 -2.9910388e-03 +4.6963774e-03	 1.24e+00 Accepted	 147	 464	
447	 5.7072135e-01	 -1.9867474e-04 +6.9543503e-03	 1.05e+00 Accepted	 144	 348	
448	 5.7048575e-01	 +4.3296692e-04 +3.5399328e-03	 9.48e-01 Accepted	 130	 387	
449	 5.7055005e-01	 -1.0762023e-03 +2.8336367e-03	 1.39e+00 Accepted	 134	 377	
450	 5.7056402e-01	 -5.4280051e-04 +1.1698233e-03	 9.95e-01 Accepted	 133	 374	
451	 5.7083368e-01	 -1.2769648e-03 +4.0101183e-03	 1.13e+00 Accepted	 135	 365	
452	 5.7034069e-01	 -3.0545540e-03 +1.2310209e-03	 7.94e-01 Accepted	 139	 430	
453	 5.7052748e-01	 -2.8736783e-04 -2.0569676e-04	 1.19e+00 Accepted	 142	 375	
454	 5.7051823e-01	 +4.2014710e-04 +1.3793263e-03	 1.04e+00 Accepted	 138	 391	
455	 5.7051537e-01	 +1.1198508e-03 -2.4513023e-04	 7.85e-01 Accepted	 142	 414	
456	 5.7051537e-01	 +1.1198508e-03 -2.4513023e-04	 8.58e-01 Rejected	 144	 389	
457	 5.7059237e-01	 +1.1715630e-04 +3.7717914e-03	 1.33e+00 Accepted	 128	 312	
458	 5.7059237e-01	 +1.1715630e-04 +3.7717914e-03	 8.47e-01 Rejected	 122	 377	
459	 5.7064288e-01	 +1.9863585e-03 +5.5469806e-04	 1.06e+00 Accepted	 114	 343	
460	 5.7068156e-01	 +1.7164558e-03 +2.9238812e-03	 1.01e+00 Accepted	 123	 311	
461	 5.7033864e-01	 +4.1545397e-03 +1.9515684e-03	 8.72e-01 Accepted	 122	 347	
462	 5.7041408e-01	 +4.1403849e-03 -1.3149876e-04	 1.04e+00 Accepted	 123	 353	
463	 5.7047651e-01	 +1.3200165e-03 +4.1185109e-03	 9.68e-01 Accepted	 130	 381	
464	 5.7063757e-01	 +5.2727489e-03 +2.0276977e-03	 1.01e+00 Accepted	 131	 370	
465	 5.7022463e-01	 +4.6401075e-03 +8.1506709e-04	 9.25e-01 Accepted	 128	 314	
466	 5.7022463e-01	 +4.6401075e-03 +8.1506709e-04	 5.70e-01 Rejected	 124	 386	
467	 5.6977914e-01	 +5.6181046e-04 +1.0862700e-03	 6.42e-01 Accepted	 121	 300	
468	 5.6987501e-01	 -1.8475915e-04 +6.8163816e-04	 9.45e-01 Accepted	 123	 407	
469	 5.7014413e-01	 +4.6722350e-03 -8.1308765e-04	 1.11e+00 Accepted	 133	 359	
470	 5.7026497e-01	 +3.6494825e-03 +2.4463663e-04	 1.20e+00 Accepted	 132	 392	
471	 5.7053324e-01	 +3.5077553e-03 -4.8363237e-04	 1.22e+00 Accepted	 133	 387	
472	 5.7043132e-01	 +3.1981248e-04 -9.6461839e-04	 9.08e-01 Accepted	 128	 328	
473	 5.7044147e-01	 +3.5254155e-03 +2.9222736e-03	 9.74e-01 Accepted	 124	 380	
474	 5.7016344e-01	 +2.8446785e-03 -2.2191813e-03	 8.82e-01 Accepted	 123	 288	
475	 5.7047252e-01	 -2.9596334e-05 +1.5294910e-03	 1.16e+00 Accepted	 115	 298	
476	 5.7065634e-01	 +1.5326001e-03 -9.8892811e-04	 9.93e-01 Accepted	 114	 309	
477	 5.7094536e-01	 +1.2352273e-03 +4.6901040e-03	 1.34e+00 Accepted	 121	 357	
478	 5.7119788e-01	 +2.7815687e-03 +1.3704349e-03	 9.54e-01 Accepted	 133	 377	
479	 5.7082040e-01	 +3.1197505e-03 +5.6334281e-03	 9.48e-01 Accepted	 130	 372	
480	 5.7080580e-01	 +3.5608247e-03 +1.0876599e-03	 1.35e+00 Accepted	 132	 419	
481	 5.7080580e-01	 +2.6173761e-03 +4.1707910e-03	 7.39e-01 Accepted	 143	 371	
482	 5.7067812e-01	 +4.7479660e-04 +3.2249562e-03	 9.58e-01 Accepted	 131	 353	
483	 5.7033194e-01	 -3.4763380e-04 +4.6843362e-03	 7.90e-01 Accepted	 129	 351	
484	 5.7071981e-01	 +2.0524477e-03 +5.4842996e-03	 8.68e-01 Accepted	 128	 327	
485	 5.7048692e-01	 -1.5914112e-03 +2.5448012e-03	 8.23e-01 Accepted	 118	 309	
486	 5.7046545e-01	 +7.7975895e-04 +3.0788571e-04	 8.07e-01 Accepted	 124	 341	
487	 5.7064361e-01	 -6.4448290e-04 +3.8492065e-03	 9.97e-01 Accepted	 128	 384	
488	 5.7071984e-01	 +1.1641549e-03 +3.3209953e-03	 8.87e-01 Accepted	 133	 376	
489	 5.7096531e-01	 +3.4323117e-03 +2.7208503e-03	 8.10e-01 Accepted	 127	 361	
490	 5.7100554e-01	 +2.0497926e-03 +6.5176676e-03	 1.08e+00 Accepted	 126	 336	
491	 5.7083884e-01	 +1.1159100e-03 +3.2704029e-03	 1.03e+00 Accepted	 118	 286	
492	 5.7074526e-01	 -1.9021713e-03 +5.0734692e-03	 9.26e-01 Accepted	 114	 349	
493	 5.7075567e-01	 +1.7463938e-03 +4.9687259e-03	 1.05e+00 Accepted	 118	 293	
494	 5.7060141e-01	 +3.6243841e-03 +4.6153428e-03	 8.13e-01 Accepted	 113	 360	
495	 5.7021130e-01	 +1.1045263e-03 +1.5583744e-03	 7.79e-01 Accepted	 126	 348	
496	 5.7012466e-01	 -2.7021305e-04 +4.8623557e-03	 1.08e+00 Accepted	 136	 404	
497	 5.7016785e-01	 -1.8397867e-03 +6.4362473e-03	 1.13e+00 Accepted	 139	 392	
498	 5.7031233e-01	 +3.5548301e-04 +2.8906759e-03	 1.09e+00 Accepted	 138	 347	
499	 5.7053026e-01	 -4.6524196e-04 +4.1563365e-03	 1.03e+00 Accepted	 123	 326	
500	 5.7072316e-01	 -9.0757108e-04 +1.3139497e-03	 9.48e-01 Accepted	 116	 321	
501	 5.7071593e-01	 +1.5098739e-03 +2.9613557e-03	 1.07e+00 Accepted	 120	 339	
502	 5.7087931e-01	 +1.6272830e-03 +3.7104072e-03	 1.39e+00 Accepted	 125	 378	
503	 5.7066044e-01	 -8.7140353e-04 +8.7468241e-04	 8.84e-01 Accepted	 140	 440	
504	 5.7105213e-01	 +1.2123769e-03 +6.7475636e-04	 9.88e-01 Accepted	 140	 305	
505	 5.7058404e-01	 +4.5737796e-03 -2.2205412e-03	 1.01e+00 Accepted	 119	 302	
506	 5.7068221e-01	 +1.0310584e-03 +1.8850947e-03	 8.40e-01 Accepted	 118	 333	
507	 5.7064122e-01	 -1.2016589e-03 +6.7389164e-04	 9.87e-01 Accepted	 124	 393	
508	 5.7074553e-01	 +3.4322115e-03 +3.5752113e-05	 1.11e+00 Accepted	 132	 338	
509	 5.7074553e-01	 +3.4322115e-03 +3.5752113e-05	 7.17e-01 Rejected	 123	 348	
510	 5.7039955e-01	 -5.3968062e-04 -3.4707229e-04	 1.08e+00 Accepted	 121	 349	
511	 5.7034922e-01	 +3.6688771e-04 +2.9725084e-04	 8.21e-01 Accepted	 121	 288	
512	 5.7055133e-01	 +8.0186396e-04 +2.7675465e-03	 1.29e+00 Accepted	 116	 339	
513	 5.6996969e-01	 +2.1272626e-03 +1.6990482e-03	 8.50e-01 Accepted	 126	 371	
514	 5.7078340e-01	 +1.0482699e-03 +2.6063893e-03	 1.36e+00 Accepted	 135	 384	
515	 5.7057643e-01	 +4.9114921e-04 +3.8331472e-03	 9.99e-01 Accepted	 129	 336	
516	 5.7058508e-01	 +3.1628873e-03 +5.8892428e-03	 1.02e+00 Accepted	 127	 407	
517	 5.7078357e-01	 +1.3749034e-03 +4.2557481e-03	 1.29e+00 Accepted	 131	 295	
518	 5.7088193e-01	 +2.6783706e-03 +5.5955789e-03	 1.21e+00 Accepted	 110	 284	
519	 5.7068460e-01	 +1.4628123e-03 +4.3165575e-03	 1.01e+00 Accepted	 115	 338	
520	 5.7065086e-01	 +3.3434759e-03 +4.8018476e-03	 7.76e-01 Accepted	 119	 314	
521	 5.7072087e-01	 +2.3075216e-03 +7.1945620e-03	 9.97e-01 Accepted	 120	 328	
522	 5.7061719e-01	 -4.1433589e-04 +4.9867319e-03	 9.98e-01 Accepted	 123	 330	
523	 5.7115634e-01	 -1.5577877e-03 +1.2683317e-03	 1.06e+00 Accepted	 118	 316	
524	 5.7065037e-01	 +1.9083957e-03 +4.6031138e-03	 6.95e-01 Accepted	 121	 345	
525	 5.7065037e-01	 +1.9083957e-03 +4.6031138e-03	 9.18e-01 Rejected	 122	 330	
526	 5.7055327e-01	 +1.0820432e-04 +1.9402890e-03	 9.43e-01 Accepted	 118	 275	
527	 5.7097346e-01	 +4.2399816e-04 +2.1720535e-03	 1.26e+00 Accepted	 114	 348	
528	 5.7048172e-01	 +2.4884644e-04 +2.5738450e-03	 9.48e-01 Accepted	 128	 365	
529	 5.7040278e-01	 +6.7863727e-04 +4.9553770e-03	 1.09e+00 Accepted	 129	 340	
530	 5.7025737e-01	 -3.1520270e-03 +4.7587118e-03	 1.04e+00 Accepted	 126	 351	
531	 5.7027941e-01	 -3.0665238e-03 +1.8122952e-03	 9.06e-01 Accepted	 123	 370	
532	 5.7054158e-01	 -3.1751187e-03 +5.1885610e-03	 1.07e+00 Accepted	 132	 363	
533	 5.7087108e-01	 -1.2894925e-03 -5.0550152e-04	 1.20e+00 Accepted	 130	 421	
534	 5.7080621e-01	 -8.3930151e-05 +1.2770171e-03	 1.07e+00 Accepted	 144	 420	
535	 5.7101499e-01	 -2.0128475e-03 +2.2959958e-03	 1.08e+00 Accepted	 142	 417	
536	 5.7075147e-01	 +1.2073966e-04 +3.1893744e-03	 8.49e-01 Accepted	 137	 348	
537	 5.7053095e-01	 -1.3784169e-03 +2.8985051e-03	 7.57e-01 Accepted	 127	 390	
538	 5.7097208e-01	 +2.0219249e-03 -1.4897533e-03	 1.23e+00 Accepted	 133	 290	
539	 5.7071683e-01	 +4.2209773e-04 +1.9886120e-03	 8.64e-01 Accepted	 109	 289	
540	 5.7055583e-01	 -1.6818828e-03 -1.1739801e-03	 9.98e-01 Accepted	 116	 307	
541	 5.7035989e-01	 -1.1107893e-03 +6.5475900e-04	 1.05e+00 Accepted	 126	 444	
542	 5.7043989e-01	 +9.3259507e-04 +4.7624826e-03	 1.06e+00 Accepted	 144	 360	
543	 5.7061171e-01	 -5.0984039e-04 +2.3549838e-04	 1.17e+00 Accepted	 126	 401	
544	 5.7020249e-01	 -2.6308581e-03 -4.6446534e-04	 7.96e-01 Accepted	 129	 338	
545	 5.7056901e-01	 +2.8630840e-04 +2.3517110e-03	 1.25e+00 Accepted	 127	 381	
546	 5.7051656e-01	 +2.6541954e-03 -2.0280360e-03	 1.15e+00 Accepted	 127	 340	
547	 5.7077462e-01	 -6.9105365e-04 +1.8308315e-04	 1.15e+00 Accepted	 120	 312	
548	 5.7073252e-01	 -7.5635123e-05 -1.1618586e-05	 8.42e-01 Accepted	 119	 321	
549	 5.7083296e-01	 +4.0367605e-03 +6.5210449e-04	 1.22e+00 Accepted	 116	 323	
550	 5.7046415e-01	 +6.3789459e-05 -1.4204070e-03	 1.10e+00 Accepted	 116	 343	
551	 5.7059447e-01	 +2.9803345e-03 +3.2886523e-03	 1.05e+00 Accepted	 121	 330	
552	 5.7072073e-01	 -7.7949094e-04 +3.2443431e-03	 1.12e+00 Accepted	 123	 351	
553	 5.7060791e-01	 -2.7347952e-03 +5.4462968e-03	 6.78e-01 Accepted	 125	 329	
554	 5.7060602e-01	 -2.6122168e-03 +8.3386239e-04	 1.06e+00 Accepted	 121	 297	
555	 5.7072381e-01	 -3.4285212e-04 +3.4518074e-03	 9.08e-01 Accepted	 110	 283	
556	 5.7071781e-01	 +8.0060038e-04 +2.3668950e-03	 8.91e-01 Accepted	 118	 378	
557	 5.7069435e-01	 -5.4680666e-04 +2.6233759e-03	 8.99e-01 Accepted	 129	 367	
558	 5.7074407e-01	 -9.1971870e-04 +1.2813183e-03	 1.07e+00 Accepted	 121	 324	
559	 5.7062324e-01	 -3.1897819e-03 +2.9104720e-03	 9.61e-01 Accepted	 125	 389	
560	 5.7071556e-01	 -1.4553605e-03 +3.3876385e-04	 9.70e-01 Accepted	 144	 430	
561	 5.7064190e-01	 +1.2439327e-03 +1.4345847e-03	 7.22e-01 Accepted	 142	 375	
562	 5.7050363e-01	 -6.8807260e-04 -6.6842991e-04	 1.36e+00 Accepted	 125	 344	
563	 5.7034370e-01	 -3.9308529e-04 -3.1673731e-04	 1.08e+00 Accepted	 118	 294	
564	 5.7062532e-01	 -8.3343987e-04 -1.1274786e-03	 1.09e+00 Accepted	 120	 417	
565	 5.7070920e-01	 +1.6539561e-03 +2.0057357e-03	 1.02e+00 Accepted	 134	 318	
566	 5.7070920e-01	 +1.6539561e-03 +2.0057357e-03	 7.74e-01 Rejected	 118	 305	
567	 5.7103857e-01	 +3.7977531e-04 -5.7797580e-04	 1.12e+00 Accepted	 118	 307	
568	 5.7102771e-01	 +8.1179795e-04 +1.0879592e-03	 1.00e+00 Accepted	 118	 381	
569	 5.7118838e-01	 +2.8221831e-03 +3.4085408e-03	 1.42e+00 Accepted	 133	 372	
570	 5.7089798e-01	 +1.0931180e-03 +1.8620079e-03	 8.41e-01 Accepted	 129	 342	
571	 5.7101426e-01	 +6.0700013e-04 +5.1958602e-03	 1.32e+00 Accepted	 135	 398	
572	 5.7048689e-01	 -1.4966894e-03 +3.1690713e-03	 7.02e-01 Accepted	 139	 449	
573	 5.7066051e-01	 +2.3967147e-03 +6.6826793e-03	 1.31e+00 Accepted	 152	 422	
574	 5.7028396e-01	 +1.8300701e-03 +2.3615909e-03	 8.33e-01 Accepted	 149	 452	
575	 5.7005665e-01	 +2.2028497e-03 +1.8237753e-03	 8.52e-01 Accepted	 146	 398	
576	 5.6995993e-01	 +9.1447668e-04 +3.3095093e-03	 1.15e+00 Accepted	 141	 449	
577	 5.6995993e-01	 +9.1447668e-04 +3.3095093e-03	 9.04e-01 Rejected	 139	 338	
578	 5.7037821e-01	 -2.2812723e-03 +3.7322998e-03	 1.28e+00 Accepted	 146	 405	
579	 5.7054663e-01	 -2.8761672e-04 +2.4581280e-03	 9.36e-01 Accepted	 133	 411	
580	 5.7054663e-01	 -2.8761672e-04 +2.4581280e-03	 9.41e-01 Rejected	 130	 276	
581	 5.7075924e-01	 +6.9761917e-04 +3.0029854e-03	 1.09e+00 Accepted	 141	 383	
582	 5.7061985e-01	 +2.3505652e-03 +1.3778021e-03	 1.23e+00 Accepted	 131	 361	
583	 5.7068308e-01	 +3.2401650e-03 +1.8301288e-03	 1.02e+00 Accepted	 130	 315	
584	 5.7086586e-01	 +2.5787549e-03 +1.7974791e-03	 1.12e+00 Accepted	 114	 289	
585	 5.7080826e-01	 +1.8822518e-03 +3.9153093e-03	 1.16e+00 Accepted	 113	 340	
586	 5.7085959e-01	 +1.0031745e-03 +6.0117795e-03	 8.61e-01 Accepted	 122	 349	
587	 5.7120553e-01	 +3.0132994e-03 +5.2625470e-03	 1.44e+00 Accepted	 118	 288	
588	 5.7087928e-01	 +2.0033382e-03 +3.6316651e-03	 9.69e-01 Accepted	 114	 340	
589	 5.7083857e-01	 +2.3926596e-03 +2.8570024e-03	 9.23e-01 Accepted	 133	 406	
590	 5.7091776e-01	 +2.7609658e-03 +3.7810405e-04	 7.00e-01 Accepted	 141	 426	
591	 5.7117036e-01	 +2.0813749e-03 +2.6852814e-03	 1.27e+00 Accepted	 145	 413	
592	 5.7131023e-01	 +5.0311451e-03 -2.7842980e-04	 1.32e+00 Accepted	 138	 422	
593	 5.7084834e-01	 +1.5627043e-03 +7.0931689e-03	 9.85e-01 Accepted	 138	 346	
594	 5.7101250e-01	 +3.3633057e-03 +1.7186481e-03	 1.04e+00 Accepted	 119	 276	
595	 5.7101250e-01	 +3.3633057e-03 +1.7186481e-03	 8.05e-01 Rejected	 118	 370	
596	 5.7142502e-01	 +2.1614375e-03 +3.2009881e-03	 1.24e+00 Accepted	 109	 314	
597	 5.7108757e-01	 +2.9337435e-03 +1.7946519e-03	 8.12e-01 Accepted	 123	 340	
598	 5.7082658e-01	 +3.5970553e-03 +1.7307700e-03	 9.77e-01 Accepted	 121	 331	
599	 5.7070214e-01	 +1.0272818e-03 -5.6445457e-04	 8.94e-01 Accepted	 121	 336	
600	 5.7099170e-01	 -7.0141226e-04 +1.2944225e-03	 9.85e-01 Accepted	 116	 279	
601	 5.7081622e-01	 +5.6650239e-04 -2.3028090e-03	 9.87e-01 Accepted	 113	 327	
602	 5.7026076e-01	 +2.2714906e-03 +2.7041714e-04	 8.75e-01 Accepted	 124	 324	
603	 5.7014185e-01	 +5.0530096e-04 +1.3260473e-03	 7.95e-01 Accepted	 123	 292	
604	 5.7032260e-01	 +5.9461868e-03 +4.9206219e-04	 8.52e-01 Accepted	 112	 289	
605	 5.7032260e-01	 +5.9461868e-03 +4.9206219e-04	 8.22e-01 Rejected	 113	 345	
606	 5.7051348e-01	 +2.9406596e-03 +2.7634223e-03	 1.35e+00 Accepted	 117	 319	
607	 5.7045590e-01	 +4.0196398e-03 -8.7261375e-04	 9.75e-01 Accepted	 121	 412	
608	 5.7040593e-01	 +3.3383660e-03 +6.5879824e-04	 9.50e-01 Accepted	 133	 384	
609	 5.7032455e-01	 +2.8487180e-03 +2.3461004e-03	 1.35e+00 Accepted	 137	 444	
610	 5.7032455e-01	 +2.8487180e-03 +2.3461004e-03	 7.53e-01 Rejected	 145	 418	
611	 5.7076548e-01	 +1.2445593e-03 +5.8937822e-04	 1.09e+00 Accepted	 149	 454	
612	 5.7040659e-01	 -4.8412829e-04 -3.9922164e-04	 9.12e-01 Accepted	 144	 395	
613	 5.7052673e-01	 +1.3483399e-03 +2.6890676e-03	 9.98e-01 Accepted	 129	 371	
614	 5.7048655e-01	 +1.0337629e-03 -2.6069310e-04	 9.82e-01 Accepted	 132	 357	
615	 5.7078252e-01	 +4.8416831e-03 -9.0296854e-05	 1.02e+00 Accepted	 128	 329	
616	 5.7078252e-01	 +4.8416831e-03 -9.0296854e-05	 7.58e-01 Rejected	 117	 308	
617	 5.7071639e-01	 +2.6645284e-03 -1.9513772e-03	 9.29e-01 Accepted	 118	 333	
618	 5.7077658e-01	 +2.5843695e-03 -3.9635523e-03	 7.16e-01 Accepted	 119	 283	
619	 5.7087991e-01	 +1.8489583e-03 -9.6479013e-05	 1.07e+00 Accepted	 113	 358	
620	 5.7121341e-01	 +1.7513458e-03 -8.7845929e-05	 8.77e-01 Accepted	 122	 362	
621	 5.7096865e-01	 +2.1755240e-04 -2.2862117e-03	 8.27e-01 Accepted	 122	 294	
622	 5.7141853e-01	 +1.9221423e-03 -1.0456072e-03	 1.52e+00 Accepted	 117	 352	
623	 5.7079285e-01	 +9.7973484e-04 -4.2511040e-03	 6.82e-01 Accepted	 124	 315	
624	 5.7093176e-01	 +3.8402860e-03 -1.0271223e-03	 1.01e+00 Accepted	 125	 380	
625	 5.7076782e-01	 +1.1811429e-03 +1.1057947e-03	 1.26e+00 Accepted	 125	 324	
626	 5.7114719e-01	 +3.1753016e-03 +3.2224884e-04	 1.10e+00 Accepted	 116	 288	
627	 5.7123012e-01	 -6.7511585e-04 -7.2516283e-04	 1.11e+00 Accepted	 115	 392	
628	 5.7098566e-01	 +1.2138357e-03 -5.0523686e-03	 1.04e+00 Accepted	 132	 414	
629	 5.7116752e-01	 +2.1175081e-03 -3.5956978e-03	 9.91e-01 Accepted	 133	 358	
630	 5.7116752e-01	 +2.1175081e-03 -3.5956978e-03	 8.21e-01 Rejected	 130	 341	
631	 5.7100867e-01	 +4.0437094e-03 -1.7121195e-03	 1.07e+00 Accepted	 132	 340	
632	 5.7097054e-01	 +5.3404922e-03 +5.2847508e-04	 1.07e+00 Accepted	 122	 366	
633	 5.7068590e-01	 +1.2705731e-03 -1.3370173e-03	 1.05e+00 Accepted	 121	 269	
634	 5.7089368e-01	 +1.8702446e-03 -2.7026901e-03	 1.04e+00 Accepted	 107	 290	
635	 5.7083477e-01	 +3.6396259e-03 -1.8051830e-03	 1.34e+00 Accepted	 117	 358	
636	 5.7060310e-01	 +3.4542001e-03 +4.1738772e-04	 8.92e-01 Accepted	 126	 304	
637	 5.7062826e-01	 +2.4900622e-03 +3.8222233e-04	 1.09e+00 Accepted	 116	 344	
638	 5.7070475e-01	 +3.6901965e-03 -5.7284547e-04	 1.14e+00 Accepted	 131	 416	
639	 5.7068464e-01	 +2.7043403e-03 +3.0873069e-04	 1.17e+00 Accepted	 138	 393	
640	 5.7077837e-01	 +4.8854079e-03 -9.3492279e-04	 9.12e-01 Accepted	 130	 316	
641	 5.7026318e-01	 +1.5546361e-03 +2.8563680e-03	 9.60e-01 Accepted	 116	 316	
642	 5.7044224e-01	 +4.1051302e-03 -5.4697898e-04	 1.05e+00 Accepted	 121	 393	
643	 5.7039134e-01	 +2.5290653e-03 +1.4466190e-03	 8.17e-01 Accepted	 131	 313	
644	 5.7029657e-01	 +3.3663339e-03 +2.3859898e-03	 8.33e-01 Accepted	 120	 340	
645	 5.7014546e-01	 +3.8199793e-03 +3.6386824e-03	 6.57e-01 Accepted	 126	 350	
# Starting_type: CheckpointStart
# Trajectory_length / Number_of_MD_steps: 1 / 8
# 	 Plaquette	 Polyakov_Loop(re,im)	 Acc._Probability	 runtime_per_traj(s)	 CG_iterations	
645	 5.7014546e-01	 +3.8199793e-03 +3.6386824e-03	 6.57e-01 Accepted	 130	 350	
646	 5.7051328e-01	 +3.3543943e-03 -6.5872136e-04	 1.30e+00 Accepted	 125	 352	
647	 5.7057834e-01	 +2.5008539e-03 +1.4570360e-03	 7.64e-01 Accepted	 131	 383	
648	 5.7053616e-01	 +2.3439604e-03 +2.5943731e-03	 9.04e-01 Accepted	 140	 417	
649	 5.7061103e-01	 +1.3727286e-03 -5.9903179e-04	 9.08e-01 Accepted	 139	 430	
650	 5.7075779e-01	 +3.9057184e-03 -1.6594466e-04	 9.40e-01 Accepted	 144	 386	
651	 5.7068748e-01	 +3.6829890e-03 +2.7586154e-04	 8.16e-01 Accepted	 130	 345	
652	 5.7071299e-01	 +3.8839547e-03 +1.6673671e-03	 9.44e-01 Accepted	 127	 334	
653	 5.7049001e-01	 +4.8156030e-03 -1.1101758e-03	 7.33e-01 Accepted	 126	 328	
654	 5.7028263e-01	 +1.6569345e-03 +6.5582903e-04	 6.15e-01 Accepted	 124	 348	
655	 5.7026131e-01	 +2.9746846e-03 +3.8397794e-04	 7.69e-01 Accepted	 124	 343	
656	 5.7051861e-01	 +6.4295502e-03 -2.9467131e-04	 1.38e+00 Accepted	 134	 432	
657	 5.7078831e-01	 +8.5501531e-03 +1.3022382e-03	 9.93e-01 Accepted	 134	 333	
658	 5.7039185e-01	 +5.5653461e-03 +9.5867046e-04	 9.18e-01 Accepted	 126	 358	
659	 5.7081104e-01	 +7.1876146e-03 +2.5729826e-03	 1.20e+00 Accepted	 130	 381	
660	 5.7081104e-01	 +7.1876146e-03 +2.5729826e-03	 7.17e-01 Rejected	 134	 311	
661	 5.7065119e-01	 +6.1885226e-03 -9.9091636e-05	 1.04e+00 Accepted	 134	 385	
662	 5.7089041e-01	 +6.6335149e-03 +1.4702058e-03	 1.30e+00 Accepted	 132	 283	
663	 5.7061881e-01	 +4.9050403e-03 +6.4789682e-04	 9.90e-01 Accepted	 111	 315	
664	 5.7093642e-01	 +7.7179206e-03 +2.0975505e-03	 1.09e+00 Accepted	 119	 352	
665	 5.7093642e-01	 +7.7179206e-03 +2.0975505e-03	 8.09e-01 Rejected	 126	 389	
666	 5.7074770e-01	 +5.1775409e-03 +2.1696403e-03	 8.26e-01 Accepted	 133	 388	
667	 5.7074770e-01	 +5.1775409e-03 +2.1696403e-03	 6.04e-01 Rejected	 132	 327	
668	 5.7015063e-01	 +6.0097415e-03 +1.6778684e-03	 7.78e-01 Accepted	 127	 290	
669	 5.7021178e-01	 +4.0784586e-03 +1.3313934e-03	 1.09e+00 Accepted	 113	 332	
670	 5.7069242e-01	 +7.0808904e-03 +2.8366123e-03	 1.20e+00 Accepted	 115	 273	
671	 5.7046475e-01	 +5.6276222e-03 -2.2542960e-04	 9.93e-01 Accepted	 109	 318	
672	 5.7064053e-01	 +6.5562172e-03 +1.5760985e-03	 1.18e+00 Accepted	 114	 294	
673	 5.7064053e-01	 +6.5562172e-03 +1.5760985e-03	 7.29e-01 Rejected	 118	 379	
674	 5.7064053e-01	 +6.5562172e-03 +1.5760985e-03	 7.48e-01 Rejected	 119	 360	
675	 5.7063901e-01	 +4.2881540e-03 +3.1837359e-03	 9.77e-01 Accepted	 111	 298	
676	 5.7039754e-01	 +3.9821301e-03 +2.6200153e-03	 9.71e-01 Accepted	 128	 449	
677	 5.7044091e-01	 +4.2927166e-03 +5.2548456e-04	 8.54e-01 Accepted	 148	 428	
678	 5.7021767e-01	 +3.2855412e-03 -1.0120496e-03	 9.13e-01 Accepted	 146	 393	
679	 5.7033033e-01	 +7.1929907e-03 +9.4271316e-04	 1.30e+00 Accepted	 137	 367	
680	 5.7055184e-01	 +4.5285794e-03 -2.2908966e-04	 1.27e+00 Accepted	 135	 381	
681	 5.7049763e-01	 +4.5141982e-03 +1.0723711e-03	 8.87e-01 Accepted	 141	 432	
682	 5.7044650e-01	 +6.0815266e-03 +2.2708483e-03	 7.73e-01 Accepted	 144	 418	
683	 5.7024529e-01	 +6.6229943e-03 +1.2943971e-03	 7.89e-01 Accepted	 140	 406	
684	 5.7023467e-01	 +4.5731209e-03 -2.3268915e-03	 1.14e+00 Accepted	 140	 414	
685	 5.7059569e-01	 +4.0624534e-03 -3.3359962e-04	 1.35e+00 Accepted	 136	 369	
686	 5.7054277e-01	 +2.7892893e-03 -1.0455948e-03	 7.74e-01 Accepted	 132	 355	
687	 5.7041528e-01	 +4.9886701e-03 +4.0188793e-04	 8.61e-01 Accepted	 134	 343	
688	 5.7057953e-01	 +3.8353085e-03 -1.2905910e-03	 1.09e+00 Accepted	 126	 377	
689	 5.7082897e-01	 +5.8852293e-03 -2.2330932e-03	 1.34e+00 Accepted	 138	 375	
690	 5.7057847e-01	 +6.0363505e-03 -1.3231855e-03	 8.28e-01 Accepted	 132	 401	
691	 5.7051197e-01	 +4.5723508e-03 +3.2484245e-03	 9.95e-01 Accepted	 140	 391	
692	 5.7064811e-01	 +6.5428077e-03 -1.6283025e-03	 1.09e+00 Accepted	 134	 352	
693	 5.7035417e-01	 +4.0778287e-03 +6.2718874e-04	 7.99e-01 Accepted	 122	 320	
694	 5.7053130e-01	 +4.6778013e-03 +4.0289488e-04	 9.39e-01 Accepted	 122	 325	
695	 5.7047488e-01	 +6.7791813e-03 +3.8100802e-04	 8.67e-01 Accepted	 127	 389	
696	 5.7031224e-01	 +5.3815639e-03 -1.6932452e-04	 1.12e+00 Accepted	 145	 436	
697	 5.7051966e-01	 +6.9249057e-03 +1.3683712e-03	 9.58e-01 Accepted	 142	 351	
698	 5.7042137e-01	 +8.0265944e-03 -2.9525750e-03	 9.62e-01 Accepted	 120	 293	
699	 5.7065738e-01	 +6.7590412e-03 +4.0630645e-04	 1.13e+00 Accepted	 119	 376	
700	 5.7065738e-01	 +6.7590412e-03 +4.0630645e-04	 8.11e-01 Rejected	 128	 367	
701	 5.7041594e-01	 +6.8497389e-03 -8.4108813e-04	 9.34e-01 Accepted	 137	 389	
702	 5.7077140e-01	 +3.5024832e-03 -5.7734339e-04	 1.30e+00 Accepted	 133	 321	
703	 5.7066876e-01	 +2.0926216e-03 -1.4334424e-03	 9.41e-01 Accepted	 114	 286	
704	 5.7037173e-01	 +1.9534214e-03 -3.1961779e-03	 8.52e-01 Accepted	 111	 289	
705	 5.7111338e-01	 +4.4991445e-03 +8.2095429e-04	 1.29e+00 Accepted	 113	 350	
706	 5.7074309e-01	 +4.0019598e-03 +2.0015664e-04	 8.39e-01 Accepted	 122	 310	
707	 5.7061034e-01	 +1.5475156e-03 -7.0177693e-05	 1.04e+00 Accepted	 118	 354	
708	 5.7093311e-01	 +1.5866930e-03 -1.1442423e-03	 1.14e+00 Accepted	 121	 317	
709	 5.7116056e-01	 +2.9231756e-03 -3.7703423e-03	 1.11e+00 Accepted	 116	 308	
710	 5.7123099e-01	 +1.1278646e-03 -9.8453280e-04	 1.07e+00 Accepted	 122	 350	
711	 5.7116630e-01	 +4.5229270e-03 -1.3229789e-04	 9.52e-01 Accepted	 124	 335	
712	 5.7114049e-01	 +4.8836539e-03 -1.0191484e-03	 8.07e-01 Accepted	 125	 347	
713	 5.7129021e-01	 +4.1247769e-03 -1.0476878e-03	 1.04e+00 Accepted	 127	 386	
714	 5.7064186e-01	 +3.7732828e-03 -6.8076622e-04	 7.57e-01 Accepted	 134	 349	
715	 5.7054079e-01	 +3.2147663e-05 +5.7159575e-04	 8.54e-01 Accepted	 129	 409	
716	 5.7009713e-01	 +3.4851757e-03 +8.2208750e-04	 7.69e-01 Accepted	 143	 371	
717	 5.7039785e-01	 +2.6759769e-03 +2.8392093e-03	 1.11e+00 Accepted	 137	 428	
718	 5.7041485e-01	 +2.5071659e-03 +2.2850374e-03	 1.24e+00 Accepted	 132	 292	
719	 5.7049641e-01	 +2.6989009e-03 +2.3778229e-03	 1.01e+00 Accepted	 123	 423	
720	 5.7061501e-01	 +5.2177928e-03 +4.0830420e-03	 1.12e+00 Accepted	 137	 352	
721	 5.7073442e-01	 +5.5577635e-03 +6.7587458e-04	 9.04e-01 Accepted	 124	 343	
722	 5.7074544e-01	 +5.2653338e-03 +2.4284623e-03	 9.61e-01 Accepted	 128	 364	
723	 5.7071986e-01	 +3.5794995e-03 +3.8491620e-03	 9.17e-01 Accepted	 140	 423	
724	 5.7080466e-01	 +3.3838764e-03 +2.8287108e-03	 1.20e+00 Accepted	 143	 417	
725	 5.7080466e-01	 +3.3838764e-03 +2.8287108e-03	 7.03e-01 Rejected	 138	 419	
726	 5.7067840e-01	 +5.2567662e-03 +2.5139486e-03	 1.07e+00 Accepted	 135	 375	
727	 5.7082231e-01	 +4.7879831e-05 +2.6659763e-04	 9.62e-01 Accepted	 144	 470	
728	 5.7092018e-01	 +4.4516777e-04 +5.8591341e-05	 1.13e+00 Accepted	 144	 335	
729	 5.7029658e-01	 +4.5752147e-03 +9.8092658e-04	 8.15e-01 Accepted	 129	 376	
730	 5.7080082e-01	 +3.2355576e-03 +4.0621118e-03	 9.62e-01 Accepted	 136	 402	
731	 5.7128569e-01	 +4.0578421e-03 +3.1112536e-03	 9.69e-01 Accepted	 142	 402	
732	 5.7083388e-01	 +3.4610119e-03 -2.1912655e-03	 9.13e-01 Accepted	 141	 418	
733	 5.7081967e-01	 +9.9291104e-04 +2.1268733e-03	 7.99e-01 Accepted	 132	 346	
734	 5.7088959e-01	 +1.8180663e-03 +1.0187093e-03	 1.07e+00 Accepted	 126	 335	
735	 5.7088959e-01	 +1.8180663e-03 +1.0187093e-03	 8.96e-01 Rejected	 132	 400	
736	 5.7116604e-01	 +1.8922707e-03 +5.3467129e-04	 1.08e+00 Accepted	 126	 352	
737	 5.7090333e-01	 +2.7474519e-03 +1.2349789e-03	 8.57e-01 Accepted	 135	 430	
738	 5.7058655e-01	 +3.4639945e-03 -1.1361629e-03	 8.95e-01 Accepted	 147	 412	
739	 5.7081110e-01	 +4.6526302e-03 +1.7888139e-03	 1.16e+00 Accepted	 133	 311	
740	 5.7081786e-01	 +5.0779500e-03 -2.1174546e-03	 1.13e+00 Accepted	 121	 362	
741	 5.7048564e-01	 +4.4521024e-03 -1.7375396e-03	 8.73e-01 Accepted	 134	 348	
742	 5.7073861e-01	 +1.0257118e-03 -2.5712725e-03	 1.00e+00 Accepted	 125	 330	
743	 5.7121640e-01	 +1.5674380e-03 +4.9769966e-04	 9.63e-01 Accepted	 124	 343	
744	 5.7114237e-01	 +4.6297986e-03 -1.8152772e-03	 9.83e-01 Accepted	 127	 335	
745	 5.7126971e-01	 +2.0070746e-03 -1.9675297e-03	 7.88e-01 Accepted	 123	 352	
746	 5.7122723e-01	 +6.6789668e-04 -1.0028737e-03	 8.47e-01 Accepted	 130	 380	
747	 5.7138007e-01	 -4.2553483e-04 +1.9390915e-03	 1.41e+00 Accepted	 130	 353	
748	 5.7110718e-01	 +1.3391958e-03 -1.1272367e-03	 1.10e+00 Accepted	 129	 380	
749	 5.7057907e-01	 +1.1723755e-03 -2.3427702e-03	 7.04e-01 Accepted	 127	 339	
750	 5.7047090e-01	 +1.7065279e-03 +9.1568209e-04	 1.14e+00 Accepted	 126	 360	
751	 5.7047340e-01	 +1.2807231e-03 -3.7340442e-04	 9.33e-01 Accepted	 126	 341	
752	 5.7083534e-01	 -1.6173356e-03 -1.9784583e-03	 1.42e+00 Accepted	 123	 319	
753	 5.7044570e-01	 +4.8511889e-03 -2.9332476e-03	 6.69e-01 Accepted	 116	 311	
754	 5.7068471e-01	 +1.6613897e-03 +5.0932109e-04	 9.38e-01 Accepted	 114	 286	
755	 5.7032365e-01	 +9.5273292e-04 -1.2872155e-03	 7.68e-01 Accepted	 114	 365	
756	 5.7054253e-01	 +3.2401660e-03 -1.7965874e-03	 1.05e+00 Accepted	 134	 370	
757	 5.7093734e-01	 +2.3106843e-03 -1.8239744e-03	 1.09e+00 Accepted	 130	 366	
758	 5.7093734e-01	 +2.3106843e-03 -1.8239744e-03	 7.37e-01 Rejected	 128	 368	
759	 5.7079474e-01	 -6.4901876e-04 -6.5998544e-05	 7.18e-01 Accepted	 125	 320	
760	 5.7055424e-01	 +4.3605431e-03 -1.2898179e-03	 7.44e-01 Accepted	 123	 348	
761	 5.7064179e-01	 +3.2350676e-03 -4.9502427e-03	 9.53e-01 Accepted	 126	 356	
762	 5.7084359e-01	 +1.8795734e-03 -3.5833462e-03	 8.39e-01 Accepted	 130	 367	
763	 5.7104950e-01	 +4.6690755e-03 -3.3325894e-03	 1.00e+00 Accepted	 130	 350	
764	 5.7084813e-01	 +1.7335776e-03 -8.8028527e-04	 9.57e-01 Accepted	 135	 408	
765	 5.7075391e-01	 +2.2583820e-03 +1.4015514e-03	 1.04e+00 Accepted	 132	 298	
766	 5.7061189e-01	 +5.9725690e-04 -2.1448619e-03	 9.51e-01 Accepted	 113	 288	
767	 5.7047736e-01	 +5.1320949e-03 +3.5332945e-04	 1.13e+00 Accepted	 115	 312	
768	 5.7080820e-01	 +2.4563262e-03 +1.1089861e-03	 1.11e+00 Accepted	 121	 350	
769	 5.7069980e-01	 -5.7360910e-04 +8.8528259e-04	 1.06e+00 Accepted	 129	 359	
770	 5.7060484e-01	 +2.6844052e-03 +1.3852914e-03	 7.63e-01 Accepted	 133	 412	
771	 5.7066407e-01	 -8.6377833e-04 -2.7491297e-03	 1.18e+00 Accepted	 139	 447	
772	 5.7065003e-01	 +1.6559439e-03 +1.1528014e-03	 1.38e+00 Accepted	 147	 401	
773	 5.7049038e-01	 +3.2720454e-03 +3.3633177e-05	 1.24e+00 Accepted	 137	 389	
774	 5.7037817e-01	 +1.4638894e-03 +3.6374428e-04	 1.11e+00 Accepted	 140	 431	
775	 5.7039937e-01	 +1.9523178e-04 -2.5178023e-04	 9.01e-01 Accepted	 138	 380	
776	 5.7070632e-01	 +5.9228096e-04 +1.8694273e-04	 1.45e+00 Accepted	 141	 423	
777	 5.7096817e-01	 -3.9143337e-04 +2.2466352e-03	 1.07e+00 Accepted	 145	 412	
778	 5.7115891e-01	 +1.5137931e-03 +2.1113233e-03	 1.20e+00 Accepted	 147	 457	
779	 5.7128304e-01	 -7.8616407e-04 +1.0264186e-03	 1.17e+00 Accepted	 149	 434	
780	 5.7134216e-01	 -3.2684859e-04 -7.4878602e-04	 9.58e-01 Accepted	 146	 391	
781	 5.7116406e-01	 -5.5718005e-04 +6.7048002e-04	 9.25e-01 Accepted	 132	 345	
782	 5.7116406e-01	 -5.5718005e-04 +6.7048002e-04	 6.78e-01 Rejected	 129	 395	
783	 5.7086098e-01	 +6.5875482e-04 -7.1239886e-04	 9.81e-01 Accepted	 131	 380	
784	 5.7083953e-01	 +1.4399570e-03 -8.4775428e-04	 8.84e-01 Accepted	 132	 343	
785	 5.7082021e-01	 +3.9962352e-04 +9.8277737e-04	 1.06e+00 Accepted	 132	 451	
786	 5.7092717e-01	 +4.5389077e-04 +4.1052725e-03	 1.06e+00 Accepted	 150	 401	
787	 5.7101617e-01	 -5.0621825e-04 +2.5082895e-03	 9.76e-01 Accepted	 141	 403	
788	 5.7113890e-01	 +4.0620456e-03 -5.9351951e-04	 1.08e+00 Accepted	 137	 374	
789	 5.7113890e-01	 +4.0620456e-03 -5.9351951e-04	 5.93e-01 Rejected	 137	 393	
790	 5.7052285e-01	 +5.4303569e-04 -1.1794836e-03	 7.40e-01 Accepted	 127	 318	
791	 5.7081200e-01	 -5.0303752e-04 -9.1700239e-04	 9.95e-01 Accepted	 118	 293	
792	 5.7066208e-01	 +3.6511462e-03 +7.3842449e-04	 9.20e-01 Accepted	 113	 305	
793	 5.7062333e-01	 -1.1897282e-03 -2.5330313e-03	 9.57e-01 Accepted	 120	 380	
794	 5.7088958e-01	 +2.6393877e-04 -8.1384967e-04	 1.09e+00 Accepted	 132	 338	
795	 5.7036042e-01	 +2.9276783e-03 -2.4259742e-04	 6.95e-01 Accepted	 126	 321	
796	 5.7079389e-01	 +3.7215972e-03 +3.1552827e-03	 1.30e+00 Accepted	 131	 411	
797	 5.7102455e-01	 +1.3799913e-03 +1.6785175e-03	 9.47e-01 Accepted	 135	 357	
798	 5.7121591e-01	 +3.2586266e-04 -1.7966297e-03	 1.28e+00 Accepted	 132	 390	
799	 5.7121591e-01	 +3.2586266e-04 -1.7966297e-03	 9.21e-01 Rejected	 127	 347	
800	 5.7075698e-01	 -2.3867325e-03 -3.2768218e-03	 9.33e-01 Accepted	 125	 302	
801	 5.7076271e-01	 +2.8630129e-04 -4.9428687e-05	 1.03e+00 Accepted	 118	 367	
802	 5.7100752e-01	 +2.3098749e-03 -1.9732491e-04	 1.56e+00 Accepted	 126	 322	
803	 5.7117357e-01	 +5.0488286e-03 -1.0162513e-03	 8.83e-01 Accepted	 116	 288	
804	 5.7097863e-01	 +1.3590070e-03 -3.3634067e-03	 8.50e-01 Accepted	 116	 368	
805	 5.7087470e-01	 +1.8039051e-03 -1.5904102e-03	 9.39e-01 Accepted	 132	 353	
806	 5.7073879e-01	 -6.6999107e-04 -1.9920051e-03	 7.89e-01 Accepted	 125	 315	
807	 5.7079700e-01	 +5.4151624e-04 +4.7824332e-04	 8.37e-01 Accepted	 121	 364	
808	 5.7090218e-01	 +5.6640968e-04 +2.9364092e-04	 1.43e+00 Accepted	 129	 365	
809	 5.7040789e-01	 +1.0472906e-03 +4.4265333e-03	 8.26e-01 Accepted	 127	 374	
810	 5.7020761e-01	 +1.4458259e-03 -5.4308402e-04	 1.11e+00 Accepted	 131	 290	
811	 5.7083386e-01	 +1.0113388e-03 +2.7193259e-04	 1.60e+00 Accepted	 110	 295	
812	 5.7079557e-01	 +1.1269400e-03 +4.5524875e-03	 9.91e-01 Accepted	 119	 361	
813	 5.7046738e-01	 -1.2452123e-03 +2.3791404e-03	 7.85e-01 Accepted	 124	 314	
814	 5.7052145e-01	 -6.0798107e-04 +2.8879849e-03	 1.16e+00 Accepted	 116	 292	
815	 5.7048945e-01	 +2.4617256e-03 +2.8807263e-03	 9.59e-01 Accepted	 124	 424	
816	 5.7046595e-01	 +2.1449153e-04 +5.4796525e-03	 9.48e-01 Accepted	 139	 383	
817	 5.7045664e-01	 +1.1784916e-03 +2.4084780e-03	 1.09e+00 Accepted	 135	 355	
818	 5.7052362e-01	 -2.0255236e-03 +3.4057936e-03	 8.33e-01 Accepted	 124	 330	
819	 5.7042077e-01	 +4.2237762e-03 +3.0115844e-03	 1.15e+00 Accepted	 118	 306	
820	 5.7040427e-01	 +2.9251183e-03 -1.0229374e-03	 9.69e-01 Accepted	 119	 348	
821	 5.7085203e-01	 +1.1156765e-03 +6.4042978e-04	 1.22e+00 Accepted	 127	 375	
822	 5.7032616e-01	 +1.7484450e-03 +1.0843460e-03	 7.72e-01 Accepted	 131	 321	
823	 5.7067252e-01	 +3.4686969e-03 -2.7277271e-04	 1.35e+00 Accepted	 120	 342	
824	 5.7091620e-01	 +1.3001726e-03 +1.2435244e-03	 9.76e-01 Accepted	 130	 370	
825	 5.7080152e-01	 +6.5041667e-03 +2.1512593e-03	 1.05e+00 Accepted	 134	 404	
826	 5.7085693e-01	 +2.8282944e-03 -7.3192989e-04	 1.14e+00 Accepted	 147	 456	
827	 5.7092086e-01	 +2.1808125e-03 +1.1114193e-03	 9.67e-01 Accepted	 145	 378	
828	 5.7112928e-01	 +2.5192173e-03 -3.7296448e-04	 1.15e+00 Accepted	 142	 441	
829	 5.7047979e-01	 -2.2850037e-04 -1.1087525e-04	 6.99e-01 Accepted	 140	 375	
830	 5.7020149e-01	 +2.3156361e-03 -7.6364263e-04	 1.08e+00 Accepted	 128	 354	
831	 5.7056133e-01	 +1.4208587e-03 +6.1241666e-04	 1.54e+00 Accepted	 125	 333	
832	 5.7053347e-01	 +5.0193090e-03 +4.7862693e-05	 9.85e-01 Accepted	 125	 393	
833	 5.7053347e-01	 +5.0193090e-03 +4.7862693e-05	 7.58e-01 Rejected	 130	 317	
834	 5.7041395e-01	 +3.7912393e-03 +1.3430917e-03	 7.09e-01 Accepted	 124	 315	
835	 5.7021200e-01	 +2.0622197e-03 +3.9267429e-04	 1.01e+00 Accepted	 115	 292	
836	 5.7030425e-01	 +3.1651130e-03 -2.4780166e-03	 1.13e+00 Accepted	 121	 367	
837	 5.7021525e-01	 +3.7364247e-03 +3.1941888e-03	 8.72e-01 Accepted	 135	 383	
838	 5.7040216e-01	 +2.7501693e-03 +1.9818438e-03	 9.90e-01 Accepted	 131	 341	
839	 5.7041804e-01	 +3.4430075e-03 +1.6812309e-03	 1.06e+00 Accepted	 121	 318	
840	 5.7058452e-01	 +1.7095140e-03 -1.4765103e-03	 1.21e+00 Accepted	 131	 414	
841	 5.7044085e-01	 +2.3120448e-03 +3.6211568e-04	 1.08e+00 Accepted	 140	 341	
842	 5.7050066e-01	 +2.3009025e-03 -1.1400840e-03	 1.14e+00 Accepted	 128	 380	
843	 5.7058823e-01	 +3.1267894e-03 -1.9334825e-03	 9.32e-01 Accepted	 137	 384	
844	 5.7056582e-01	 -5.8032011e-04 +4.8585385e-04	 9.03e-01 Accepted	 132	 341	
845	 5.7071280e-01	 +1.3411090e-03 +1.5819195e-03	 7.49e-01 Accepted	 124	 361	
846	 5.7052901e-01	 +4.9119272e-03 -4.4478890e-07	 8.66e-01 Accepted	 131	 389	
847	 5.7052901e-01	 +4.9119272e-03 -4.4478890e-07	 9.17e-01 Rejected	 133	 349	
848	 5.7040529e-01	 +2.1844830e-03 -1.5861599e-03	 1.11e+00 Accepted	 135	 373	
849	 5.7050283e-01	 +1.6728186e-03 -1.4139927e-03	 7.88e-01 Accepted	 128	 370	
850	 5.7043457e-01	 -9.0465486e-04 -1.9902487e-03	 9.37e-01 Accepted	 140	 412	
851	 5.7042459e-01	 +2.1139332e-03 -2.4917685e-03	 9.94e-01 Accepted	 132	 361	
852	 5.7015172e-01	 +5.2716537e-03 -8.0862881e-04	 1.05e+00 Accepted	 132	 423	
853	 5.7010450e-01	 +4.7481986e-03 +2.3308401e-03	 9.03e-01 Accepted	 141	 350	
854	 5.7025934e-01	 +2.2099396e-03 -4.8215595e-04	 9.41e-01 Accepted	 126	 357	
855	 5.7082039e-01	 +4.3932270e-03 +1.7831106e-03	 1.28e+00 Accepted	 124	 315	
856	 5.7095003e-01	 +1.5825326e-03 -1.9851369e-03	 1.11e+00 Accepted	 119	 316	
857	 5.7094023e-01	 +2.8394770e-03 -2.2207266e-03	 1.10e+00 Accepted	 123	 337	
858	 5.7077097e-01	 +3.2074116e-03 +1.5182635e-03	 1.04e+00 Accepted	 121	 304	
859	 5.7055997e-01	 +3.0301606e-03 -7.9744540e-04	 7.75e-01 Accepted	 112	 319	
860	 5.7046464e-01	 +3.8277716e-04 -2.4567547e-03	 1.28e+00 Accepted	 116	 314	
861	 5.7050646e-01	 +6.9587310e-03 -7.9264473e-04	 1.19e+00 Accepted	 119	 324	
862	 5.7061825e-01	 +5.9183678e-03 -8.9897657e-04	 1.07e+00 Accepted	 121	 336	
863	 5.7041254e-01	 +3.6277668e-03 +2.4370723e-03	 8.31e-01 Accepted	 122	 334	
864	 5.7051001e-01	 +4.7591335e-03 +2.4971430e-05	 1.04e+00 Accepted	 124	 328	
865	 5.7072304e-01	 +2.0732733e-03 -1.2748212e-03	 1.03e+00 Accepted	 117	 313	
866	 5.7055491e-01	 +8.2628641e-03 +1.1655629e-03	 9.18e-01 Accepted	 126	 387	
867	 5.7056930e-01	 +4.3416620e-03 -4.3356466e-04	 9.97e-01 Accepted	 142	 415	
868	 5.7048114e-01	 +5.1583273e-03 -3.0513634e-03	 7.64e-01 Accepted	 141	 343	
869	 5.7064643e-01	 +4.1057058e-03 -2.8109698e-03	 1.39e+00 Accepted	 129	 354	
870	 5.7070489e-01	 +4.2827905e-03 -5.7575235e-03	 9.19e-01 Accepted	 127	 360	
871	 5.7084833e-01	 +3.8329314e-03 -2.0260612e-03	 1.03e+00 Accepted	 127	 319	
872	 5.7108530e-01	 +9.8745472e-04 -1.3643859e-03	 9.11e-01 Accepted	 125	 365	
873	 5.7121443e-01	 +7.3216319e-03 -1.9024753e-04	 9.33e-01 Accepted	 137	 454	
874	 5.7075265e-01	 +7.3165622e-03 -2.0372778e-03	 9.53e-01 Accepted	 146	 389	
875	 5.7081278e-01	 +3.0650245e-03 -2.7972365e-03	 1.06e+00 Accepted	 132	 336	
876	 5.7056671e-01	 +3.0097712e-03 -2.9526204e-03	 8.85e-01 Accepted	 122	 386	
877	 5.7041687e-01	 +2.6286490e-03 -4.3376903e-03	 9.48e-01 Accepted	 139	 401	
878	 5.7064460e-01	 +5.1864293e-03 -1.2405793e-03	 1.27e+00 Accepted	 127	 345	
879	 5.7024340e-01	 +8.1753575e-03 -4.9996053e-03	 9.30e-01 Accepted	 135	 432	
880	 5.7027762e-01	 +3.9387886e-03 -3.8638291e-03	 9.75e-01 Accepted	 142	 345	
881	 5.7025305e-01	 +2.4643122e-03 -3.3661794e-03	 9.65e-01 Accepted	 125	 297	
882	 5.7041794e-01	 +5.6297527e-03 -7.8438008e-03	 1.50e+00 Accepted	 115	 327	
883	 5.7050946e-01	 +3.0148918e-03 -8.0085423e-03	 9.55e-01 Accepted	 130	 359	
884	 5.7080710e-01	 +2.2473031e-03 -5.9583788e-03	 1.04e+00 Accepted	 134	 394	
885	 5.7057520e-01	 +3.0305863e-03 -3.9350198e-03	 9.76e-01 Accepted	 131	 375	
886	 5.7095809e-01	 +2.7234934e-03 -5.0854864e-03	 8.90e-01 Accepted	 129	 349	
887	 5.7063523e-01	 +3.7085075e-03 -4.4417008e-03	 9.61e-01 Accepted	 128	 356	
888	 5.7054697e-01	 +2.2364045e-03 -5.4152713e-03	 8.38e-01 Accepted	 123	 319	
889	 5.7046556e-01	 +2.3215770e-03 -2.6609185e-03	 1.11e+00 Accepted	 115	 307	
890	 5.7019399e-01	 +3.7598812e-03 -5.8600543e-03	 1.02e+00 Accepted	 116	 339	
891	 5.7051300e-01	 +3.5114283e-03 -3.1140388e-03	 1.54e+00 Accepted	 123	 351	
892	 5.7101633e-01	 +1.5575325e-05 -2.0477456e-03	 1.36e+00 Accepted	 129	 344	
893	 5.7108169e-01	 +6.2298761e-03 -3.1486576e-03	 1.13e+00 Accepted	 121	 309	
894	 5.7101449e-01	 +1.8388023e-03 -3.1381042e-03	 9.24e-01 Accepted	 113	 291	
895	 5.7076017e-01	 +6.4814884e-03 -2.3749140e-03	 9.26e-01 Accepted	 111	 318	
896	 5.7127707e-01	 +1.1750296e-03 -1.5309699e-03	 1.34e+00 Accepted	 118	 300	
897	 5.7108761e-01	 +1.6566978e-03 -1.5385283e-04	 8.44e-01 Accepted	 112	 312	
898	 5.7065084e-01	 +4.3777410e-03 +3.2330601e-03	 7.67e-01 Accepted	 118	 285	
899	 5.7078439e-01	 +4.0793379e-03 -3.0782377e-03	 9.33e-01 Accepted	 123	 391	
900	 5.7059573e-01	 +4.7046139e-03 -2.2300267e-03	 1.07e+00 Accepted	 143	 434	
901	 5.7081422e-01	 +5.2576776e-03 -1.4405073e-03	 1.08e+00 Accepted	 139	 379	
902	 5.7081422e-01	 +5.2576776e-03 -1.4405073e-03	 8.67e-01 Rejected	 141	 463	
903	 5.7056583e-01	 +5.7851688e-03 -6.9986323e-04	 7.62e-01 Accepted	 139	 388	
904	 5.7060087e-01	 +3.5598952e-03 -3.1805439e-03	 8.21e-01 Accepted	 133	 342	
905	 5.7070215e-01	 +2.2466324e-03 -5.3895880e-03	 1.00e+00 Accepted	 131	 394	
906	 5.7087437e-01	 +3.8567485e-03 -1.6404395e-03	 1.02e+00 Accepted	 131	 317	
907	 5.7099907e-01	 +1.9241169e-03 +3.7878128e-04	 9.69e-01 Accepted	 121	 332	
908	 5.7111945e-01	 +2.4298229e-03 -1.7144395e-03	 9.76e-01 Accepted	 129	 430	
909	 5.7111945e-01	 +2.4298229e-03 -1.7144395e-03	 6.17e-01 Rejected	 138	 361	
910	 5.7086235e-01	 +4.8674814e-03 +2.6250623e-04	 8.92e-01 Accepted	 146	 421	
911	 5.7034649e-01	 -1.8655875e-04 -2.9652914e-04	 9.10e-01 Accepted	 146	 418	
912	 5.7001893e-01	 -1.3702242e-03 -2.0467195e-04	 8.62e-01 Accepted	 145	 407	
913	 5.7058499e-01	 +1.3747829e-03 -3.4415459e-03	 1.35e+00 Accepted	 131	 339	
914	 5.7057639e-01	 +1.8093748e-03 +1.6498220e-03	 8.48e-01 Accepted	 130	 403	
915	 5.7036075e-01	 +1.2976614e-03 +1.3459264e-04	 9.23e-01 Accepted	 139	 313	
916	 5.7056551e-01	 +2.4861934e-03 -1.3756230e-03	 8.85e-01 Accepted	 122	 339	
917	 5.7042314e-01	 +3.0715493e-03 -1.6849231e-03	 1.22e+00 Accepted	 123	 355	
918	 5.7074796e-01	 +1.4560917e-03 -4.0959828e-03	 1.17e+00 Accepted	 134	 421	
919	 5.7066793e-01	 +3.1440341e-03 +1.0513314e-03	 1.40e+00 Accepted	 139	 343	
920	 5.7082700e-01	 +1.8222304e-03 -8.7317498e-04	 1.03e+00 Accepted	 126	 334	
921	 5.7063151e-01	 +9.7816691e-04 -2.6550279e-03	 8.34e-01 Accepted	 120	 292	
922	 5.7065293e-01	 +1.9882470e-03 -2.7976493e-03	 8.72e-01 Accepted	 114	 297	
923	 5.7068119e-01	 +6.0746777e-05 -1.8840524e-03	 1.50e+00 Accepted	 115	 303	
924	 5.7076320e-01	 +2.4175913e-03 -3.5375590e-04	 8.70e-01 Accepted	 116	 305	
925	 5.7068553e-01	 +8.2751401e-05 +1.0105858e-05	 8.85e-01 Accepted	 114	 305	
926	 5.7068553e-01	 +8.2751401e-05 +1.0105858e-05	 8.97e-01 Rejected	 112	 288	
927	 5.7054692e-01	 +8.2959644e-04 +1.2357666e-03	 8.58e-01 Accepted	 119	 399	
928	 5.7092348e-01	 -1.0637802e-04 +4.0042151e-03	 1.48e+00 Accepted	 131	 310	
929	 5.7087821e-01	 +8.0124885e-04 +1.8363401e-03	 8.64e-01 Accepted	 121	 336	
930	 5.7091155e-01	 +3.3830152e-03 -2.9907176e-03	 8.82e-01 Accepted	 128	 339	
931	 5.7044113e-01	 +2.2199963e-04 -1.1547491e-03	 8.79e-01 Accepted	 126	 354	
932	 5.7069486e-01	 +2.5861374e-03 +5.1313579e-04	 1.31e+00 Accepted	 123	 279	
933	 5.7059042e-01	 +4.4599115e-03 -3.1125197e-03	 9.55e-01 Accepted	 114	 387	
934	 5.7115683e-01	 +1.4747641e-03 -2.4829552e-04	 1.10e+00 Accepted	 139	 389	
935	 5.7076290e-01	 -2.8601910e-04 -1.2371940e-03	 8.93e-01 Accepted	 136	 387	
936	 5.7077446e-01	 +2.9823507e-03 -2.8308168e-03	 8.57e-01 Accepted	 141	 396	
937	 5.7075563e-01	 +1.5275587e-03 -1.6927031e-03	 1.15e+00 Accepted	 146	 461	
938	 5.7075492e-01	 +6.6082391e-05 -5.8060747e-04	 8.94e-01 Accepted	 151	 464	
939	 5.7074038e-01	 -9.0133868e-04 -4.2406483e-03	 1.26e+00 Accepted	 151	 420	
940	 5.7080614e-01	 +2.6254327e-03 +5.0048874e-04	 1.07e+00 Accepted	 145	 422	
941	 5.7081268e-01	 +6.8891639e-04 -7.9229536e-04	 9.01e-01 Accepted	 140	 395	
942	 5.7060508e-01	 -1.9299250e-03 +2.0482692e-03	 8.70e-01 Accepted	 134	 366	
943	 5.7057627e-01	 -1.4283048e-03 -7.3826678e-04	 1.09e+00 Accepted	 133	 382	
944	 5.7023309e-01	 +6.8818732e-04 +5.7925282e-04	 7.75e-01 Accepted	 131	 341	
945	 5.7032286e-01	 +5.2548814e-04 +6.2494481e-04	 1.27e+00 Accepted	 126	 378	
946	 5.7055271e-01	 +3.8964979e-03 -1.8068748e-03	 8.42e-01 Accepted	 134	 379	
947	 5.7005610e-01	 -5.6911345e-04 +3.7913445e-03	 9.07e-01 Accepted	 137	 376	
948	 5.7028358e-01	 -3.5496071e-04 +3.0352017e-03	 1.03e+00 Accepted	 130	 356	
949	 5.7039195e-01	 +1.0213855e-03 +3.4535115e-03	 1.07e+00 Accepted	 127	 366	
950	 5.7067919e-01	 +5.7881798e-04 +3.1461514e-03	 1.12e+00 Accepted	 132	 397	
951	 5.7081114e-01	 +2.4322102e-03 +3.9422188e-03	 1.09e+00 Accepted	 137	 364	
