# Starting_type: ColdStart
# serial RNG seed: 	[14549 6603 53852 30671 6345]
# parallel RNG seed:	[30657 44625 37002 35194 42532]
# Trajectory_length / Number_of_MD_steps: 1 / 7
# 	 Plaquette	 Polyakov_Loop(re,im)	 Acc._Probability	 runtime_per_traj(s)	 CG_iterations	
1	 8.0315360e-01	 +4.2747181e-01 -2.1112251e-03	 2.58e-31 Skipping	 117	 469	
2	 7.2772086e-01	 +2.5149721e-01 -1.5472768e-03	 1.78e-16 Skipping	 152	 581	
3	 6.7917333e-01	 +1.6613007e-01 -6.9169306e-04	 1.46e-11 Skipping	 172	 681	
4	 6.4498615e-01	 +1.1940005e-01 +1.2597573e-04	 1.70e-08 Skipping	 189	 767	
5	 6.1969949e-01	 +9.1029362e-02 +3.1358677e-03	 1.82e-06 Skipping	 209	 859	
6	 6.0115923e-01	 +7.5459183e-02 -5.7127284e-05	 7.97e-05 Skipping	 227	 960	
7	 5.8759483e-01	 +6.2151250e-02 +8.4169081e-04	 1.68e-03 Skipping	 246	 1028	
8	 5.7791544e-01	 +5.3158722e-02 -5.6023950e-05	 6.83e-03 Skipping	 259	 1081	
9	 5.7101905e-01	 +4.6873096e-02 -1.7680941e-03	 2.56e-02 Skipping	 273	 1172	
10	 5.6568781e-01	 +4.2768722e-02 -1.0256669e-03	 6.66e-02 Skipping	 293	 1236	
11	 5.6218269e-01	 +4.1421037e-02 +8.2720081e-04	 1.78e-01 Skipping	 309	 1325	
12	 5.6002241e-01	 +3.7757199e-02 -3.3916630e-04	 2.17e-01 Skipping	 327	 1393	
13	 5.5829817e-01	 +3.6272623e-02 -1.9125913e-03	 4.62e-01 Skipping	 341	 1524	
14	 5.5675919e-01	 +3.3672173e-02 +1.0309113e-03	 5.05e-01 Skipping	 360	 1510	
15	 5.5522806e-01	 +2.9379671e-02 -9.7304211e-04	 5.17e-01 Skipping	 365	 1596	
16	 5.5446647e-01	 +2.8615393e-02 +8.0807836e-04	 6.37e-01 Skipping	 381	 1653	
17	 5.5369622e-01	 +2.8150738e-02 -8.6678454e-04	 5.77e-01 Skipping	 404	 1791	
18	 5.5262006e-01	 +2.6208986e-02 -7.0968928e-04	 7.86e-01 Skipping	 416	 1771	
19	 5.5244666e-01	 +2.8118085e-02 +2.2498586e-03	 1.19e+00 Skipping	 420	 1835	
20	 5.5215263e-01	 +2.8200867e-02 +1.4018153e-03	 9.67e-01 Skipping	 439	 1968	
21	 5.5169054e-01	 +2.6282609e-02 +2.7442364e-03	 7.79e-01 Skipping	 459	 2080	
22	 5.5137575e-01	 +2.4458968e-02 +1.1743759e-03	 8.82e-01 Skipping	 475	 1929	
23	 5.5107597e-01	 +2.4599012e-02 +3.2257155e-04	 1.22e+00 Skipping	 465	 2031	
24	 5.5082928e-01	 +2.2584666e-02 -1.7860769e-03	 5.22e-01 Skipping	 472	 2128	
25	 5.5088177e-01	 +2.4163485e-02 -7.0982263e-04	 6.95e-01 Skipping	 493	 2199	
26	 5.5053272e-01	 +2.1869859e-02 +4.9973461e-05	 7.14e-01 Skipping	 512	 2243	
27	 5.5090337e-01	 +2.0517075e-02 -3.6331309e-04	 9.47e-01 Skipping	 524	 2381	
28	 5.5069292e-01	 +2.0416741e-02 +1.5698394e-03	 7.50e-01 Skipping	 553	 2450	
29	 5.5061799e-01	 +2.3214099e-02 -5.2739870e-04	 4.93e-01 Skipping	 546	 2458	
30	 5.4996912e-01	 +2.1809039e-02 -4.4726247e-04	 5.97e-01 Skipping	 566	 2503	
31	 5.4975705e-01	 +2.0383375e-02 +1.0708834e-03	 7.85e-01 Skipping	 572	 2553	
32	 5.4925441e-01	 +2.0278726e-02 +2.8171999e-03	 8.89e-01 Skipping	 598	 2726	
33	 5.4941137e-01	 +1.8043527e-02 +1.7959278e-03	 7.39e-01 Skipping	 628	 2804	
34	 5.4944242e-01	 +1.7858087e-02 +3.8595494e-03	 1.36e+00 Skipping	 640	 2868	
35	 5.4940882e-01	 +1.8475193e-02 +2.0302354e-03	 8.36e-01 Skipping	 677	 3198	
36	 5.4949388e-01	 +1.7898685e-02 +3.7868839e-03	 7.63e-01 Skipping	 715	 3174	
37	 5.4929871e-01	 +1.4981869e-02 +1.2380948e-03	 1.39e+00 Skipping	 719	 3187	
38	 5.4961996e-01	 +1.7458965e-02 +1.5020705e-03	 1.49e+00 Skipping	 733	 3368	
39	 5.4917874e-01	 +1.5405185e-02 -5.2644337e-03	 1.62e+00 Skipping	 762	 3564	
40	 5.4914402e-01	 +1.7540696e-02 +7.1932407e-04	 8.88e-01 Skipping	 847	 4107	
41	 5.4955831e-01	 +1.6749559e-02 +3.9928541e-03	 9.40e-01 Skipping	 915	 4066	
42	 5.4969274e-01	 +1.7139721e-02 +2.8628741e-03	 7.49e-01 Skipping	 928	 4068	
43	 5.4917593e-01	 +1.3709007e-02 +1.8409622e-03	 1.11e+00 Skipping	 906	 4166	
44	 5.4927096e-01	 +1.5674212e-02 +2.8879973e-04	 9.65e-01 Skipping	 910	 4051	
45	 5.4931202e-01	 +1.3676974e-02 +1.7737714e-03	 1.08e+00 Skipping	 920	 4237	
46	 5.4925873e-01	 +1.4369302e-02 +2.4995095e-03	 5.51e-01 Skipping	 938	 4048	
47	 5.4929661e-01	 +1.4713211e-02 -9.5405136e-04	 3.06e+00 Skipping	 931	 4316	
48	 5.4920116e-01	 +1.3695804e-02 -1.0734673e-04	 1.05e+00 Skipping	 943	 4283	
49	 5.4936232e-01	 +1.2940939e-02 -2.1700765e-03	 9.52e-01 Skipping	 939	 4327	
50	 5.4923442e-01	 +1.4316182e-02 -2.9700945e-03	 7.12e-01 Skipping	 985	 4638	
51	 5.4935162e-01	 +1.0740921e-02 +1.0709863e-03	 9.86e-01 Accepted	 1040	 4860	
52	 5.4935162e-01	 +1.0740921e-02 +1.0709863e-03	 4.79e-01 Rejected	 1033	 4418	
53	 5.4913585e-01	 +1.1670338e-02 +1.3959315e-03	 1.97e+00 Accepted	 1039	 4677	
54	 5.4912473e-01	 +1.1166994e-02 -2.1085187e-03	 1.43e+00 Accepted	 1010	 4859	
55	 5.4912473e-01	 +1.1166994e-02 -2.1085187e-03	 7.73e-01 Rejected	 1051	 4693	
56	 5.4936298e-01	 +9.3242667e-03 -2.3331365e-03	 7.01e-01 Accepted	 1044	 4788	
57	 5.4931546e-01	 +1.3662268e-02 +1.2154559e-03	 1.10e+00 Accepted	 1071	 5069	
58	 5.4954993e-01	 +1.6150324e-02 +1.1055555e-03	 1.31e+00 Accepted	 1097	 5088	
59	 5.4945806e-01	 +1.2803958e-02 -1.5697855e-03	 2.18e+00 Accepted	 1101	 4879	
60	 5.4945806e-01	 +1.2803958e-02 -1.5697855e-03	 5.91e-01 Rejected	 1066	 4529	
61	 5.4945806e-01	 +1.2803958e-02 -1.5697855e-03	 5.59e-01 Rejected	 1091	 5019	
62	 5.4876878e-01	 +1.3855245e-02 -1.2534841e-03	 5.30e-01 Accepted	 1082	 5146	
63	 5.4893304e-01	 +1.1581519e-02 -6.7469920e-04	 1.63e+00 Accepted	 1124	 5009	
64	 5.4850617e-01	 +1.5062136e-02 +3.8358058e-03	 4.04e-01 Accepted	 1115	 5147	
# Starting_type: CheckpointStart
# Trajectory_length / Number_of_MD_steps: 1 / 7
# 	 Plaquette	 Polyakov_Loop(re,im)	 Acc._Probability	 runtime_per_traj(s)	 CG_iterations	
65	 5.4894445e-01	 +1.2351492e-02 -1.0745423e-03	 8.12e-01 Accepted	 928	 4902	
66	 5.4897684e-01	 +1.4100591e-02 +2.6642126e-03	 1.42e+00 Accepted	 856	 4874	
67	 5.4893022e-01	 +1.0576394e-02 +1.3308317e-03	 1.04e+00 Accepted	 842	 4935	
68	 5.4862519e-01	 +1.2718577e-02 +2.0673055e-03	 9.29e-01 Accepted	 857	 5134	
69	 5.4872657e-01	 +1.1592732e-02 +1.1122293e-03	 1.37e+00 Accepted	 831	 4639	
70	 5.4901713e-01	 +8.8764319e-03 +9.1957826e-04	 2.35e+00 Accepted	 817	 4736	
71	 5.4893953e-01	 +1.1933595e-02 -5.8628204e-04	 1.13e+00 Accepted	 826	 4922	
72	 5.4923251e-01	 +1.0289940e-02 +2.1942652e-03	 5.49e-01 Accepted	 868	 5203	
73	 5.4919311e-01	 +7.5066796e-03 +1.6465397e-03	 1.24e+00 Accepted	 864	 4998	
74	 5.4929796e-01	 +8.3769676e-03 +1.9378379e-03	 1.28e+00 Accepted	 868	 5057	
75	 5.4928418e-01	 +1.1479244e-02 -8.0944894e-04	 5.64e-01 Accepted	 881	 5265	
76	 5.4940072e-01	 +1.1598761e-02 -1.1125834e-03	 1.42e+00 Accepted	 886	 5203	
77	 5.4934641e-01	 +1.0406376e-02 -8.3906128e-04	 7.67e-01 Accepted	 903	 5254	
78	 5.4901210e-01	 +1.1442048e-02 +1.2254186e-03	 1.49e+00 Accepted	 899	 5278	
79	 5.4912834e-01	 +1.0734191e-02 -1.5371683e-03	 9.74e-01 Accepted	 940	 5482	
80	 5.4900437e-01	 +1.0974105e-02 -1.4094609e-03	 1.65e+00 Accepted	 980	 5990	
81	 5.4900437e-01	 +1.0974105e-02 -1.4094609e-03	 4.20e-01 Rejected	 1010	 6014	
82	 5.4880849e-01	 +1.2222817e-02 +1.9640459e-03	 7.07e-01 Accepted	 977	 5587	
83	 5.4881307e-01	 +8.9485185e-03 -6.2001833e-04	 4.27e-01 Accepted	 957	 5496	
84	 5.4914080e-01	 +1.0598871e-02 +4.2769121e-03	 1.32e+00 Accepted	 919	 5277	
85	 5.4889813e-01	 +1.0914091e-02 -1.5299416e-03	 4.55e-01 Accepted	 948	 5663	
86	 5.4883307e-01	 +1.2871633e-02 +7.4185378e-04	 1.55e+00 Accepted	 1006	 6212	
87	 5.4883131e-01	 +1.1964380e-02 -7.4929178e-04	 6.07e-01 Accepted	 1015	 5630	
88	 5.4921132e-01	 +9.1624729e-03 -2.2488403e-03	 1.19e+00 Accepted	 939	 5189	
89	 5.4899589e-01	 +1.1732321e-02 -4.7833843e-03	 1.61e+00 Accepted	 895	 5307	
90	 5.4872190e-01	 +1.1136422e-02 -1.4450065e-03	 6.23e-01 Accepted	 890	 5166	
91	 5.4846944e-01	 +9.8657225e-03 -1.4856316e-03	 1.67e+00 Accepted	 881	 5003	
92	 5.4855898e-01	 +9.9789419e-03 +1.9409907e-04	 3.91e-01 Accepted	 849	 4754	
93	 5.4873561e-01	 +1.0298225e-02 +2.2472023e-03	 9.22e-01 Accepted	 869	 5332	
94	 5.4868862e-01	 +9.4028328e-03 +9.7696277e-04	 1.03e+00 Accepted	 895	 5159	
95	 5.4843902e-01	 +9.9368810e-03 +2.0025838e-03	 6.16e-01 Accepted	 880	 5315	
96	 5.4898836e-01	 +8.1629842e-03 +1.2489387e-03	 1.30e+00 Accepted	 896	 5242	
97	 5.4860316e-01	 +7.1542047e-03 -1.8644342e-03	 6.75e-01 Accepted	 909	 5498	
98	 5.4879651e-01	 +3.8601949e-03 +2.0643577e-03	 1.76e+00 Accepted	 920	 5377	
