# Starting_type: HotStart
# serial RNG seed: 	[42957 46798 48030 46742 39092]
# parallel RNG seed:	[41571 32206 64218 38730 50732]
# Trajectory_length / Number_of_MD_steps: 1 / 7
# 	 Plaquette	 Polyakov_Loop(re,im)	 Acc._Probability	 runtime_per_traj(s)	 CG_iterations	
1	 2.2369700e-01	 -1.3686675e-03 -7.5358681e-04	 4.83e+35 Accepted	 98	 317	
2	 3.1385891e-01	 +1.5303175e-03 +7.2220454e-04	 7.56e+16 Accepted	 122	 430	
3	 3.6208647e-01	 +7.6216245e-04 +5.6185187e-04	 7.18e+09 Accepted	 148	 546	
4	 3.9325489e-01	 -6.6667090e-04 -1.2285108e-03	 1.07e+07 Accepted	 174	 665	
5	 4.1454931e-01	 +4.4869871e-06 -8.1837443e-04	 1.65e+05 Accepted	 203	 799	
6	 4.3067416e-01	 -6.7035079e-05 -1.1522850e-03	 8.84e+03 Accepted	 230	 911	
7	 4.4285146e-01	 -1.2497771e-04 -4.0237651e-04	 2.08e+03 Accepted	 259	 1069	
8	 4.5283406e-01	 +2.8611859e-03 +3.3957273e-03	 6.15e+02 Accepted	 289	 1185	
9	 4.6123259e-01	 -2.7113597e-03 -1.3614514e-03	 2.15e+02 Accepted	 320	 1360	
10	 4.6851283e-01	 +1.0846034e-03 +2.8202503e-04	 2.36e+02 Accepted	 352	 1503	
11	 4.7507951e-01	 -5.1366531e-04 -1.0839308e-03	 1.53e+02 Accepted	 380	 1612	
12	 4.8160129e-01	 -2.4858543e-03 +3.5496701e-04	 1.31e+02 Accepted	 411	 1795	
13	 4.8685767e-01	 -1.8055433e-04 +5.8244923e-04	 3.56e+01 Accepted	 450	 1903	
14	 4.9188712e-01	 -2.4099430e-03 +9.9473498e-04	 5.65e+01 Accepted	 473	 2107	
15	 4.9651307e-01	 +1.3627036e-03 +1.5068763e-03	 4.01e+01 Accepted	 521	 2324	
16	 5.0059292e-01	 -4.7104573e-04 +1.2320638e-03	 2.07e+01 Accepted	 567	 2531	
17	 5.0530211e-01	 +8.5960454e-04 +2.9951239e-05	 2.85e+01 Accepted	 616	 2769	
18	 5.0970020e-01	 +2.3221263e-03 -1.4937802e-03	 2.20e+01 Accepted	 669	 3001	
19	 5.1380910e-01	 -1.9947822e-03 +1.7641847e-03	 2.46e+01 Accepted	 715	 3250	
20	 5.1711761e-01	 -7.7228738e-04 -1.5664881e-04	 2.36e+01 Accepted	 755	 3502	
21	 5.2043842e-01	 -2.0466896e-03 +1.7698441e-03	 1.62e+01 Accepted	 805	 3615	
22	 5.2383303e-01	 -3.8830347e-04 +1.0524979e-04	 8.67e+00 Accepted	 827	 3762	
23	 5.2704416e-01	 +1.8896940e-03 -1.8831835e-03	 1.99e+01 Accepted	 867	 4083	
24	 5.2998614e-01	 +2.7304525e-03 -1.5608363e-03	 3.63e+00 Accepted	 937	 4272	
25	 5.3190390e-01	 -3.1421179e-04 -1.2421623e-03	 3.21e+00 Accepted	 988	 4547	
26	 5.3436956e-01	 -4.7180016e-04 +1.7086328e-03	 4.69e+00 Accepted	 1040	 4793	
27	 5.3613486e-01	 +4.6334561e-04 -6.7710829e-04	 6.49e+00 Accepted	 1081	 4943	
28	 5.3878823e-01	 +1.0144040e-04 +1.1939165e-03	 4.89e+00 Accepted	 1135	 5271	
29	 5.4077579e-01	 +2.1364435e-03 -4.7535270e-04	 1.41e+00 Accepted	 1225	 5712	
30	 5.4180858e-01	 +4.2517919e-04 -1.6296951e-03	 8.74e-01 Accepted	 1281	 5654	
31	 5.4315140e-01	 -3.3873335e-04 +2.9608259e-04	 1.45e+00 Accepted	 1267	 5647	
32	 5.4449205e-01	 +7.0555369e-04 +2.3520224e-03	 6.71e+00 Accepted	 1294	 5938	
33	 5.4598349e-01	 +7.7596697e-04 +9.6720745e-04	 3.86e+00 Accepted	 1311	 6019	
34	 5.4686676e-01	 +4.3537278e-04 -9.5522158e-04	 1.30e+00 Accepted	 1333	 6209	
35	 5.4795519e-01	 +3.1014746e-03 +1.8595538e-03	 2.40e+00 Accepted	 1344	 5895	
36	 5.4886166e-01	 -2.0593921e-03 +6.4492121e-04	 1.64e+00 Accepted	 1338	 6121	
37	 5.4963314e-01	 +1.9069722e-03 +6.2314625e-05	 9.11e-01 Accepted	 1378	 6150	
38	 5.4963314e-01	 +1.9069722e-03 +6.2314625e-05	 4.31e-01 Rejected	 1372	 6253	
39	 5.4963314e-01	 +1.9069722e-03 +6.2314625e-05	 7.44e-01 Rejected	 1382	 6296	
40	 5.5028101e-01	 +5.5362800e-04 -8.3854376e-05	 1.17e+00 Accepted	 1370	 6043	
41	 5.5115223e-01	 +2.2053829e-03 -3.0941457e-04	 1.21e+00 Accepted	 1366	 6118	
42	 5.5115223e-01	 +2.2053829e-03 -3.0941457e-04	 7.61e-01 Rejected	 1372	 6161	
43	 5.5184803e-01	 +1.0424566e-03 +2.0671901e-03	 8.98e-01 Accepted	 1384	 6219	
44	 5.5241191e-01	 +4.0145160e-03 -1.2536531e-03	 1.16e+00 Accepted	 1420	 6466	
45	 5.5241191e-01	 +4.0145160e-03 -1.2536531e-03	 1.63e-01 Rejected	 1414	 6303	
46	 5.5274516e-01	 +9.6935896e-04 -1.3645545e-03	 7.03e-01 Accepted	 1414	 6366	
47	 5.5307586e-01	 +3.1642528e-03 -2.3155764e-03	 2.06e+00 Accepted	 1418	 6216	
48	 5.5339006e-01	 +2.2572583e-03 -3.8914202e-03	 2.27e+00 Accepted	 1422	 6428	
# Starting_type: CheckpointStart
# Trajectory_length / Number_of_MD_steps: 1 / 7
# 	 Plaquette	 Polyakov_Loop(re,im)	 Acc._Probability	 runtime_per_traj(s)	 CG_iterations	
49	 5.5367994e-01	 +3.6678038e-03 +2.9745538e-04	 1.79e+00 Accepted	 1106	 6463	
50	 5.5391498e-01	 +2.3568405e-03 +5.1783822e-04	 2.28e-01 Accepted	 1071	 6389	
51	 5.5433589e-01	 -1.6545300e-04 +1.2884614e-03	 5.18e+00 Accepted	 1045	 6458	
52	 5.5461095e-01	 -2.2667996e-03 +8.9889081e-04	 1.90e+00 Accepted	 1011	 6512	
53	 5.5463587e-01	 +7.9266857e-04 +1.9112457e-03	 9.02e-01 Accepted	 1007	 6280	
54	 5.5463587e-01	 +7.9266857e-04 +1.9112457e-03	 7.01e-01 Rejected	 1002	 6278	
55	 5.5466760e-01	 -5.8393466e-04 +1.8037851e-03	 1.66e+00 Accepted	 996	 6420	
56	 5.5474729e-01	 +1.4749330e-03 +6.4844614e-03	 1.71e+00 Accepted	 996	 6220	
57	 5.5539065e-01	 +6.3647139e-04 -2.5928980e-05	 1.00e+00 Accepted	 999	 6397	
58	 5.5578433e-01	 -3.7620956e-04 +1.8688561e-03	 1.85e+00 Accepted	 1016	 6483	
59	 5.5553455e-01	 -8.4872195e-04 +3.1209507e-03	 7.54e-01 Accepted	 1009	 6308	
60	 5.5581485e-01	 +1.2481002e-03 +6.8049910e-05	 1.58e+00 Accepted	 1005	 6386	
61	 5.5619180e-01	 +1.9986130e-03 +2.7354833e-03	 7.90e-01 Accepted	 1007	 6320	
62	 5.5619180e-01	 +1.9986130e-03 +2.7354833e-03	 3.63e-01 Rejected	 1013	 6234	
63	 5.5619180e-01	 +1.9986130e-03 +2.7354833e-03	 5.14e-01 Rejected	 1012	 6240	
64	 5.5593977e-01	 +2.8497462e-03 -1.4615284e-04	 5.02e-01 Accepted	 998	 6308	
65	 5.5593977e-01	 +2.8497462e-03 -1.4615284e-04	 3.93e-01 Rejected	 998	 6243	
66	 5.5562098e-01	 +1.1822150e-03 +3.0315211e-04	 1.87e+00 Accepted	 1002	 6410	
67	 5.5556152e-01	 +1.0195357e-03 +1.3005357e-03	 4.27e-01 Accepted	 999	 6269	
68	 5.5564959e-01	 +4.6707982e-03 -1.5029784e-03	 4.50e-01 Accepted	 1003	 6298	
69	 5.5569787e-01	 +1.0755554e-03 -4.1198060e-04	 2.87e+00 Accepted	 1004	 6190	
70	 5.5581548e-01	 +5.3707940e-04 +1.6778807e-03	 4.31e-01 Accepted	 1001	 6311	
71	 5.5626539e-01	 +1.5761755e-03 -1.2423510e-03	 1.21e+00 Accepted	 1010	 6355	
72	 5.5599867e-01	 +2.0980772e-03 +1.0967130e-03	 1.93e+00 Accepted	 994	 6126	
73	 5.5599350e-01	 +3.1421480e-04 +9.0091347e-04	 8.16e-01 Accepted	 992	 6202	
74	 5.5579237e-01	 +8.0251368e-04 +3.6297313e-04	 8.24e-01 Accepted	 986	 6048	
75	 5.5617358e-01	 +1.3502936e-03 +4.8605870e-05	 8.72e-01 Accepted	 983	 6266	
76	 5.5617358e-01	 +1.3502936e-03 +4.8605870e-05	 2.37e-01 Rejected	 1006	 6139	
77	 5.5616147e-01	 +2.7426907e-03 -3.8655746e-04	 5.79e-01 Accepted	 998	 6191	
# Starting_type: CheckpointStart
# Trajectory_length / Number_of_MD_steps: 1 / 7
# 	 Plaquette	 Polyakov_Loop(re,im)	 Acc._Probability	 runtime_per_traj(s)	 CG_iterations	
77	 5.5616147e-01	 +2.7426907e-03 -3.8655746e-04	 5.79e-01 Accepted	 1074	 6191	
78	 5.5606009e-01	 +2.5062932e-03 +1.0228075e-03	 1.95e+00 Accepted	 1034	 6342	
79	 5.5609599e-01	 +1.6910450e-03 -1.5228174e-03	 1.80e+00 Accepted	 995	 6210	
80	 5.5617285e-01	 +6.8527216e-04 +1.9033976e-03	 1.11e+00 Accepted	 1001	 6086	
81	 5.5627080e-01	 +3.0669854e-04 -1.1782028e-03	 2.06e+00 Accepted	 1000	 6312	
82	 5.5649519e-01	 +4.1248295e-03 -3.3491549e-04	 8.13e-01 Accepted	 996	 6048	
83	 5.5649519e-01	 +4.1248295e-03 -3.3491549e-04	 2.86e-01 Rejected	 986	 6310	
84	 5.5659680e-01	 +1.9338950e-03 -1.8431498e-03	 1.37e+00 Accepted	 986	 6305	
85	 5.5659680e-01	 +1.9338950e-03 -1.8431498e-03	 6.86e-01 Rejected	 995	 6245	
86	 5.5655919e-01	 -1.0341580e-03 -1.6792668e-03	 5.10e-01 Accepted	 997	 6205	
87	 5.5655919e-01	 -1.0341580e-03 -1.6792668e-03	 4.58e-01 Rejected	 986	 6212	
88	 5.5665642e-01	 -5.0347335e-04 -9.5643367e-04	 2.14e+00 Accepted	 984	 6120	
89	 5.5708622e-01	 +3.1285891e-03 +1.1222917e-03	 7.47e-01 Accepted	 983	 6112	
90	 5.5747549e-01	 +1.5874364e-03 +1.2707368e-03	 2.10e+00 Accepted	 968	 6165	
91	 5.5680429e-01	 +2.6462930e-03 -3.0674702e-03	 7.23e-01 Accepted	 979	 6161	
92	 5.5685705e-01	 -4.6983404e-04 -6.6639334e-04	 1.07e+00 Accepted	 988	 6154	
93	 5.5717315e-01	 -1.0304871e-03 -1.7182713e-03	 1.41e+00 Accepted	 980	 6061	
94	 5.5717315e-01	 -1.0304871e-03 -1.7182713e-03	 5.68e-01 Rejected	 973	 6106	
95	 5.5717315e-01	 -1.0304871e-03 -1.7182713e-03	 4.13e-01 Rejected	 979	 6073	
96	 5.5674719e-01	 +2.4292904e-03 -1.1668833e-03	 5.27e-01 Accepted	 976	 6140	
97	 5.5634347e-01	 +3.4385030e-03 -3.7438927e-04	 6.14e-01 Accepted	 987	 6152	
98	 5.5661641e-01	 +3.8069724e-04 -3.4282101e-05	 3.96e-01 Accepted	 972	 6004	
99	 5.5661641e-01	 +3.8069724e-04 -3.4282101e-05	 6.71e-01 Rejected	 962	 6011	
100	 5.5664521e-01	 +2.7007163e-03 -4.3341648e-04	 1.31e+00 Accepted	 964	 6161	
101	 5.5673171e-01	 +4.1882521e-03 -1.3173853e-03	 3.52e-01 Accepted	 966	 6025	
102	 5.5673171e-01	 +4.1882521e-03 -1.3173853e-03	 6.09e-01 Rejected	 953	 6035	
103	 5.5684567e-01	 +7.7386804e-04 -3.2297300e-03	 1.86e+00 Accepted	 965	 6297	
104	 5.5681622e-01	 +3.6520084e-03 -2.5793875e-03	 9.20e-01 Accepted	 964	 5909	
105	 5.5681688e-01	 +4.2801203e-03 -2.6637211e-03	 1.17e+00 Accepted	 939	 6030	
106	 5.5672683e-01	 +4.3462574e-03 -1.8558281e-03	 1.92e+00 Accepted	 944	 6041	
107	 5.5672683e-01	 +4.3462574e-03 -1.8558281e-03	 4.83e-01 Rejected	 955	 5989	
108	 5.5696638e-01	 +3.9407226e-03 -1.6736109e-03	 3.03e+00 Accepted	 981	 6206	
109	 5.5696638e-01	 +3.9407226e-03 -1.6736109e-03	 9.61e-01 Rejected	 967	 5973	
110	 5.5729587e-01	 +6.0319931e-03 -1.8300150e-03	 1.36e+00 Accepted	 961	 6058	
111	 5.5741060e-01	 +2.8855313e-03 -7.6223210e-04	 2.39e+00 Accepted	 964	 6007	
112	 5.5742434e-01	 +5.4592584e-03 -5.1360246e-04	 2.03e+00 Accepted	 940	 5856	
113	 5.5723294e-01	 +3.0038343e-03 -3.3299326e-03	 1.33e+00 Accepted	 945	 5963	
114	 5.5714618e-01	 +6.4813061e-03 -1.9636715e-03	 8.60e-01 Accepted	 953	 6155	
115	 5.5746100e-01	 +4.5299995e-03 -3.4017726e-03	 1.28e+00 Accepted	 964	 6050	
116	 5.5714006e-01	 +6.1189004e-03 -6.0193532e-04	 8.29e-01 Accepted	 937	 5970	
117	 5.5712672e-01	 +5.6519254e-03 -2.7785178e-03	 3.25e+00 Accepted	 963	 6065	
118	 5.5719845e-01	 +5.9109106e-03 +3.1049822e-05	 8.64e-01 Accepted	 948	 6111	
119	 5.5719845e-01	 +5.9109106e-03 +3.1049822e-05	 5.28e-01 Rejected	 962	 6000	
120	 5.5745187e-01	 +5.2217977e-03 -1.0789307e-03	 6.67e-01 Accepted	 966	 5939	
# Starting_type: CheckpointStart
# Trajectory_length / Number_of_MD_steps: 1 / 7
# 	 Plaquette	 Polyakov_Loop(re,im)	 Acc._Probability	 runtime_per_traj(s)	 CG_iterations	
121	 5.5768128e-01	 +4.5283932e-03 -2.5302590e-03	 2.80e+00 Accepted	 1024	 6065	
122	 5.5775511e-01	 +6.3006708e-03 +3.6772696e-05	 2.98e-01 Accepted	 996	 6061	
123	 5.5755333e-01	 +5.3560320e-03 +1.3872362e-03	 2.97e+00 Accepted	 941	 5849	
124	 5.5755333e-01	 +5.3560320e-03 +1.3872362e-03	 5.95e-01 Rejected	 916	 5874	
125	 5.5738805e-01	 +4.1044576e-03 -2.4181602e-03	 1.87e+00 Accepted	 922	 5968	
126	 5.5701011e-01	 +8.2654565e-03 -8.4654728e-04	 6.27e-01 Accepted	 910	 5678	
127	 5.5748559e-01	 +5.3990335e-03 -1.8585334e-04	 1.88e+00 Accepted	 910	 5710	
128	 5.5748559e-01	 +5.3990335e-03 -1.8585334e-04	 4.33e-01 Rejected	 904	 5736	
129	 5.5743763e-01	 +6.6912573e-03 +1.6466447e-03	 7.64e-01 Accepted	 911	 5946	
130	 5.5718672e-01	 +9.2942382e-03 +4.7648692e-04	 1.22e+00 Accepted	 922	 6036	
131	 5.5690110e-01	 +8.7588009e-03 -2.8853277e-04	 3.06e-01 Accepted	 911	 5972	
132	 5.5745371e-01	 +7.3625003e-03 +1.4845126e-03	 1.66e+00 Accepted	 924	 5966	
133	 5.5737694e-01	 +5.8233727e-03 +5.2265521e-04	 8.67e-01 Accepted	 916	 6046	
134	 5.5786131e-01	 +6.6533254e-03 +2.8151757e-03	 8.13e-01 Accepted	 908	 5922	
135	 5.5786353e-01	 +4.4177786e-03 -1.1161547e-03	 1.09e+00 Accepted	 920	 5811	
136	 5.5782379e-01	 +3.4487896e-03 -3.3454977e-03	 1.07e+00 Accepted	 904	 5830	
137	 5.5807026e-01	 +4.9998374e-03 -2.9713859e-03	 1.37e+00 Accepted	 903	 5794	
138	 5.5816658e-01	 +5.9704646e-03 -6.1819589e-04	 7.81e-01 Accepted	 904	 5819	
139	 5.5816658e-01	 +5.9704646e-03 -6.1819589e-04	 6.86e-01 Rejected	 879	 5488	
140	 5.5837997e-01	 +5.9483120e-03 -1.7164961e-03	 8.74e-01 Accepted	 881	 5563	
141	 5.5798432e-01	 +6.7137852e-03 -5.3307443e-04	 5.72e-01 Accepted	 861	 5626	
142	 5.5805164e-01	 +4.3381641e-03 -1.4917021e-03	 7.53e-01 Accepted	 854	 5466	
143	 5.5841406e-01	 +6.7075156e-03 +8.3524378e-04	 1.78e+00 Accepted	 854	 5477	
144	 5.5796327e-01	 +3.8918168e-03 +2.0575978e-03	 6.87e-01 Accepted	 846	 5506	
145	 5.5796327e-01	 +3.8918168e-03 +2.0575978e-03	 4.68e-01 Rejected	 861	 5514	
146	 5.5797166e-01	 +4.5537400e-03 -3.5234151e-03	 7.35e-01 Accepted	 863	 5449	
147	 5.5797166e-01	 +4.5537400e-03 -3.5234151e-03	 8.66e-01 Rejected	 866	 5597	
148	 5.5761943e-01	 +4.3453596e-03 +5.4454851e-04	 1.11e+00 Accepted	 873	 5747	
149	 5.5745556e-01	 +9.5662513e-03 -1.6418236e-03	 7.98e-01 Accepted	 904	 5956	
150	 5.5767719e-01	 +5.2729649e-03 -2.5702157e-03	 1.10e+00 Accepted	 911	 5801	
151	 5.5730388e-01	 +6.7064779e-03 -2.6566190e-03	 1.30e+00 Accepted	 900	 5610	
152	 5.5742160e-01	 +7.8809428e-03 -3.3686454e-03	 1.53e+00 Accepted	 890	 5717	
153	 5.5742160e-01	 +7.8809428e-03 -3.3686454e-03	 4.83e-01 Rejected	 880	 5672	
154	 5.5726344e-01	 +9.5855662e-03 -5.8672984e-04	 1.97e+00 Accepted	 891	 5851	
155	 5.5739818e-01	 +7.0121012e-03 -3.2397002e-03	 1.33e+00 Accepted	 908	 6069	
156	 5.5734773e-01	 +7.2624035e-03 -1.9151542e-03	 9.94e-01 Accepted	 931	 5812	
157	 5.5709326e-01	 +4.7971004e-03 -1.3026477e-03	 1.65e+00 Accepted	 920	 5946	
158	 5.5709326e-01	 +4.7971004e-03 -1.3026477e-03	 6.07e-01 Rejected	 912	 5670	
159	 5.5732952e-01	 +2.4508457e-03 -2.4087798e-03	 1.15e+00 Accepted	 925	 5798	
160	 5.5744360e-01	 +5.1182324e-03 -1.2925452e-03	 1.10e+00 Accepted	 904	 5581	
161	 5.5766537e-01	 +6.4054308e-03 -1.1048692e-03	 8.13e-01 Accepted	 886	 5752	
162	 5.5761923e-01	 +5.9807433e-03 -1.1378161e-03	 5.69e-01 Accepted	 891	 5831	
163	 5.5750931e-01	 +5.2983740e-03 -1.9221674e-03	 5.67e-01 Accepted	 886	 5578	
164	 5.5719159e-01	 +5.5014858e-03 -3.1693332e-03	 2.11e+00 Accepted	 885	 5896	
165	 5.5696936e-01	 +7.4533985e-03 +3.2258513e-04	 5.32e-01 Accepted	 877	 5493	
166	 5.5713562e-01	 +3.8394226e-03 -3.1172800e-03	 1.02e+00 Accepted	 868	 5702	
167	 5.5755040e-01	 +4.1046109e-03 -1.1928225e-03	 1.16e+00 Accepted	 891	 5780	
# Starting_type: CheckpointStart
# Trajectory_length / Number_of_MD_steps: 1 / 7
# 	 Plaquette	 Polyakov_Loop(re,im)	 Acc._Probability	 runtime_per_traj(s)	 CG_iterations	
167	 5.5755040e-01	 +4.1046109e-03 -1.1928225e-03	 1.16e+00 Accepted	 954	 5780	
168	 5.5755040e-01	 +4.1046109e-03 -1.1928225e-03	 4.77e-01 Rejected	 912	 5853	
169	 5.5753657e-01	 +5.9404509e-03 -1.4062366e-03	 1.76e+00 Accepted	 885	 5912	
170	 5.5764081e-01	 +4.1130457e-03 +2.6844519e-03	 6.12e-01 Accepted	 877	 5577	
171	 5.5762668e-01	 +6.3875782e-03 +2.8053812e-03	 5.96e-01 Accepted	 837	 5561	
172	 5.5780712e-01	 +4.5145766e-03 +9.8223913e-04	 1.61e+00 Accepted	 843	 5484	
173	 5.5771400e-01	 +5.4255775e-03 +1.2906496e-03	 7.06e-01 Accepted	 861	 5683	
174	 5.5767106e-01	 +4.0676298e-03 -2.9423921e-03	 1.83e+00 Accepted	 869	 5646	
175	 5.5767106e-01	 +4.0676298e-03 -2.9423921e-03	 5.30e-01 Rejected	 879	 5703	
176	 5.5773148e-01	 +5.9210529e-03 -1.5589848e-03	 6.48e-01 Accepted	 881	 5757	
177	 5.5773148e-01	 +5.9210529e-03 -1.5589848e-03	 1.58e-01 Rejected	 881	 5828	
178	 5.5748395e-01	 +6.0380193e-03 -2.9465124e-03	 4.61e-01 Accepted	 860	 5498	
179	 5.5748395e-01	 +6.0380193e-03 -2.9465124e-03	 5.85e-01 Rejected	 858	 5626	
180	 5.5747196e-01	 +6.8394950e-03 -7.5378095e-04	 5.91e-01 Accepted	 859	 5739	
181	 5.5749431e-01	 +6.4635973e-03 +1.5508292e-03	 9.15e-01 Accepted	 877	 5743	
182	 5.5745464e-01	 +6.8026668e-03 +5.3702119e-03	 1.72e+00 Accepted	 865	 5727	
183	 5.5757862e-01	 +5.2290537e-03 +4.1962565e-03	 2.27e+00 Accepted	 869	 5745	
184	 5.5757862e-01	 +5.2290537e-03 +4.1962565e-03	 5.91e-01 Rejected	 867	 5743	
185	 5.5757862e-01	 +5.2290537e-03 +4.1962565e-03	 6.27e-01 Rejected	 878	 5717	
186	 5.5770686e-01	 +4.4488431e-03 +1.9142863e-04	 4.46e-01 Accepted	 850	 5580	
187	 5.5771151e-01	 +4.0937057e-03 +4.2425374e-05	 2.70e-01 Accepted	 852	 5685	
188	 5.5771151e-01	 +4.0937057e-03 +4.2425374e-05	 5.04e-01 Rejected	 868	 5550	
189	 5.5722273e-01	 +5.4632673e-03 +3.8633120e-04	 6.98e-01 Accepted	 851	 5315	
190	 5.5751086e-01	 +3.7431586e-03 -1.2813907e-03	 2.02e+00 Accepted	 811	 5285	
191	 5.5751086e-01	 +3.7431586e-03 -1.2813907e-03	 5.46e-01 Rejected	 834	 5534	
192	 5.5729183e-01	 +4.9627428e-03 +5.3999218e-03	 1.21e+00 Accepted	 834	 5652	
193	 5.5745839e-01	 +4.5830282e-03 -9.2590196e-04	 1.67e+00 Accepted	 857	 5444	
194	 5.5735916e-01	 +2.8381383e-03 -1.1615306e-03	 8.56e-01 Accepted	 870	 5750	
195	 5.5735916e-01	 +2.8381383e-03 -1.1615306e-03	 6.60e-01 Rejected	 877	 5601	
196	 5.5708410e-01	 +4.2978987e-03 -1.1674633e-04	 8.95e-01 Accepted	 888	 5713	
197	 5.5702685e-01	 +5.4240208e-03 +3.0471096e-03	 8.36e-01 Accepted	 876	 5710	
198	 5.5752044e-01	 +5.1791252e-03 +1.1338065e-03	 1.78e+00 Accepted	 860	 5610	
199	 5.5798241e-01	 +7.3791129e-03 +2.4015612e-03	 1.42e+00 Accepted	 879	 5819	
200	 5.5828463e-01	 +7.4298343e-03 +9.5896689e-04	 1.71e+00 Accepted	 859	 5624	
201	 5.5781551e-01	 +4.9468593e-03 -1.3958010e-04	 8.92e-01 Accepted	 866	 5682	
202	 5.5741969e-01	 +5.6910337e-03 +1.2832501e-03	 4.17e-01 Accepted	 857	 5551	
203	 5.5753374e-01	 +4.7335803e-03 +3.2709525e-03	 1.05e+00 Accepted	 851	 5294	
204	 5.5727149e-01	 +1.7695596e-03 +4.0173939e-03	 1.33e+00 Accepted	 835	 5428	
205	 5.5727149e-01	 +1.7695596e-03 +4.0173939e-03	 5.90e-01 Rejected	 830	 5397	
206	 5.5727149e-01	 +1.7695596e-03 +4.0173939e-03	 4.64e-01 Rejected	 838	 5538	
207	 5.5734936e-01	 +3.7014895e-03 +1.5514214e-03	 1.80e+00 Accepted	 839	 5522	
208	 5.5731293e-01	 +4.1423387e-03 +2.0679004e-03	 8.91e-01 Accepted	 846	 5484	
209	 5.5749906e-01	 +5.6836059e-03 +3.8296742e-03	 6.54e-01 Accepted	 830	 5123	
210	 5.5749906e-01	 +5.6836059e-03 +3.8296742e-03	 3.81e-01 Rejected	 815	 5497	
211	 5.5771090e-01	 +7.5659568e-03 +1.1706558e-03	 1.13e+00 Accepted	 804	 5179	
212	 5.5785391e-01	 +4.2066962e-03 +1.6871735e-03	 9.64e-01 Accepted	 823	 5353	
213	 5.5785391e-01	 +4.2066962e-03 +1.6871735e-03	 3.11e-01 Rejected	 837	 5450	
214	 5.5758396e-01	 +4.8282605e-03 +2.3374486e-03	 5.98e-01 Accepted	 845	 5721	
215	 5.5749248e-01	 +3.9862202e-03 +1.9171210e-03	 7.21e-01 Accepted	 859	 5582	
216	 5.5768517e-01	 +4.7988988e-03 +4.4607260e-03	 9.38e-01 Accepted	 852	 5410	
