# Starting_type: ColdStart
# serial RNG seed: 	[23067 11524 14484 52561 29948]
# parallel RNG seed:	[26336 27994 37046 26938 53437]
# Trajectory_length / Number_of_MD_steps: 0.1 / 10
# 	 Plaquette	 Polyakov_Loop(re,im)	 Acc._Probability	 runtime_per_traj(s)	 CG_iterations	
1	 9.3318957e-01	 +8.6783049e-01 -6.2723201e-05	 7.66e-01 Accepted	 125	 290	
2	 8.8405799e-01	 +7.6940904e-01 -1.5500880e-04	 8.23e-01 Accepted	 128	 299	
3	 8.8405799e-01	 +7.6940904e-01 -1.5500880e-04	 8.63e-01 Rejected	 131	 306	
4	 8.4653469e-01	 +6.9243100e-01 -5.3052034e-04	 8.63e-01 Accepted	 131	 306	
5	 8.1687447e-01	 +6.3077329e-01 -5.0955082e-04	 8.92e-01 Accepted	 133	 312	
6	 7.9310093e-01	 +5.7921469e-01 -8.1562934e-04	 9.13e-01 Accepted	 135	 318	
7	 7.7341922e-01	 +5.3684845e-01 -3.2050401e-04	 9.29e-01 Accepted	 137	 325	
8	 7.5713080e-01	 +5.0274141e-01 +1.2373374e-04	 9.42e-01 Accepted	 138	 328	
9	 7.4322966e-01	 +4.7210840e-01 +1.2517421e-03	 9.50e-01 Accepted	 139	 334	
10	 7.3133851e-01	 +4.4467749e-01 +1.1483219e-03	 9.57e-01 Accepted	 140	 339	
11	 7.2117705e-01	 +4.2201253e-01 +7.5390404e-04	 9.64e-01 Accepted	 142	 341	
12	 7.1222297e-01	 +4.0075362e-01 +9.8462214e-04	 9.68e-01 Accepted	 143	 345	
13	 7.0442034e-01	 +3.8229328e-01 +7.8101321e-04	 9.72e-01 Accepted	 144	 349	
14	 6.9738067e-01	 +3.6537097e-01 +1.1723733e-03	 9.74e-01 Accepted	 145	 349	
15	 6.9124454e-01	 +3.5047545e-01 +2.8807330e-04	 9.79e-01 Accepted	 145	 351	
16	 6.8555726e-01	 +3.3719237e-01 -1.7011372e-04	 9.80e-01 Accepted	 146	 355	
17	 6.8060039e-01	 +3.2621959e-01 -2.1249067e-05	 9.82e-01 Accepted	 146	 357	
18	 6.7622485e-01	 +3.1448937e-01 +3.3861064e-04	 9.86e-01 Accepted	 147	 359	
19	 6.7200253e-01	 +3.0463036e-01 -2.1831117e-04	 9.85e-01 Accepted	 147	 361	
20	 6.6828949e-01	 +2.9463712e-01 +3.0436186e-04	 9.88e-01 Accepted	 147	 364	
21	 6.6478369e-01	 +2.8669638e-01 +2.3534025e-04	 9.88e-01 Accepted	 148	 364	
22	 6.6160086e-01	 +2.7926584e-01 -4.5360168e-04	 9.88e-01 Accepted	 149	 368	
23	 6.5884385e-01	 +2.7241393e-01 -7.6053251e-04	 9.90e-01 Accepted	 149	 369	
24	 6.5620099e-01	 +2.6467520e-01 +8.1647113e-04	 9.92e-01 Accepted	 150	 372	
25	 6.5361719e-01	 +2.5873978e-01 +6.6293699e-04	 9.92e-01 Accepted	 150	 371	
26	 6.5132309e-01	 +2.5201207e-01 +7.8832352e-04	 9.93e-01 Accepted	 151	 374	
27	 6.4909770e-01	 +2.4727408e-01 +6.5885131e-04	 9.91e-01 Accepted	 150	 375	
28	 6.4708746e-01	 +2.4244821e-01 +8.5512307e-04	 9.93e-01 Accepted	 151	 378	
29	 6.4507689e-01	 +2.3783194e-01 +1.1521124e-03	 9.93e-01 Accepted	 152	 381	
30	 6.4314876e-01	 +2.3384713e-01 +1.0617114e-03	 9.93e-01 Accepted	 151	 380	
31	 6.4157716e-01	 +2.2932425e-01 +4.5410802e-04	 9.95e-01 Accepted	 152	 380	
32	 6.3987361e-01	 +2.2408196e-01 +1.2110227e-04	 9.94e-01 Accepted	 153	 383	
33	 6.3864188e-01	 +2.1946412e-01 +1.6754730e-04	 9.94e-01 Accepted	 153	 384	
34	 6.3732429e-01	 +2.1520549e-01 +9.2781387e-04	 9.95e-01 Accepted	 153	 386	
35	 6.3588798e-01	 +2.1304808e-01 +6.0056145e-04	 9.95e-01 Accepted	 154	 386	
36	 6.3472643e-01	 +2.1143663e-01 +7.6834513e-04	 9.96e-01 Accepted	 154	 388	
37	 6.3356675e-01	 +2.0763092e-01 +4.9549569e-04	 9.95e-01 Accepted	 153	 390	
38	 6.3250011e-01	 +2.0374118e-01 +9.3017790e-04	 9.96e-01 Accepted	 155	 392	
39	 6.3139716e-01	 +1.9867869e-01 +1.4524632e-03	 9.97e-01 Accepted	 155	 392	
40	 6.3031042e-01	 +1.9489378e-01 +1.0660337e-03	 9.97e-01 Accepted	 155	 393	
41	 6.2948134e-01	 +1.9292660e-01 +6.2055335e-04	 9.97e-01 Accepted	 156	 394	
42	 6.2857814e-01	 +1.9018594e-01 +3.6063903e-04	 9.97e-01 Accepted	 156	 396	
43	 6.2758325e-01	 +1.8669652e-01 +6.5330365e-04	 9.97e-01 Accepted	 156	 396	
44	 6.2672663e-01	 +1.8418197e-01 +9.5671061e-04	 9.97e-01 Accepted	 156	 397	
45	 6.2623602e-01	 +1.8379731e-01 +9.5834217e-04	 9.97e-01 Accepted	 157	 399	
46	 6.2545934e-01	 +1.8249794e-01 +1.0562171e-03	 9.99e-01 Accepted	 157	 399	
47	 6.2486990e-01	 +1.7984725e-01 -2.4486821e-04	 9.99e-01 Accepted	 157	 400	
48	 6.2427699e-01	 +1.7737092e-01 +3.5541613e-04	 9.97e-01 Accepted	 157	 401	
# Starting_type: CheckpointStart
# Trajectory_length / Number_of_MD_steps: 1 / 8
# 	 Plaquette	 Polyakov_Loop(re,im)	 Acc._Probability	 runtime_per_traj(s)	 CG_iterations	
49	 6.2427699e-01	 +1.7737092e-01 +3.5541613e-04	 6.24e-03 Rejected	 143	 446	
50	 6.2427699e-01	 +1.7737092e-01 +3.5541613e-04	 8.32e-03 Rejected	 140	 446	
51	 6.2427699e-01	 +1.7737092e-01 +3.5541613e-04	 7.50e-03 Rejected	 139	 446	
52	 6.2427699e-01	 +1.7737092e-01 +3.5541613e-04	 4.70e-03 Rejected	 139	 444	
53	 6.2427699e-01	 +1.7737092e-01 +3.5541613e-04	 7.68e-03 Rejected	 139	 443	
54	 6.2427699e-01	 +1.7737092e-01 +3.5541613e-04	 8.13e-03 Rejected	 140	 448	
55	 6.2427699e-01	 +1.7737092e-01 +3.5541613e-04	 6.58e-03 Rejected	 140	 443	
