# Starting_type: HotStart
# serial RNG seed: 	[47018 60465 21035 59867 32120]
# parallel RNG seed:	[10600 29407 13100 18757 39964]
# Trajectory_length / Number_of_MD_steps: 1 / 7
# 	 Plaquette	 Polyakov_Loop(re,im)	 Acc._Probability	 runtime_per_traj(s)	 CG_iterations	
1	 2.2162480e-01	 +1.3021684e-03 +2.6025591e-03	 2.32e+34 Accepted	 95	 312	
2	 3.1067359e-01	 +4.9134995e-04 +5.1384912e-04	 1.16e+16 Accepted	 116	 417	
3	 3.5789559e-01	 -8.6207243e-04 -1.9952996e-04	 2.29e+09 Accepted	 139	 521	
4	 3.8686249e-01	 +5.3415054e-04 -2.3711556e-03	 1.56e+06 Accepted	 163	 626	
5	 4.0691293e-01	 +1.2887141e-04 +1.9281203e-03	 3.27e+04 Accepted	 184	 715	
6	 4.2096469e-01	 +2.2215917e-04 -9.1734736e-04	 2.30e+03 Accepted	 203	 789	
7	 4.3176898e-01	 +3.5795308e-03 +1.2979710e-04	 5.67e+02 Accepted	 219	 875	
8	 4.4039423e-01	 -1.0200246e-03 -2.2714973e-03	 1.77e+02 Accepted	 238	 958	
9	 4.4764239e-01	 -5.1669776e-04 +1.6602560e-03	 9.33e+01 Accepted	 251	 1007	
10	 4.5443609e-01	 +2.3085720e-03 +1.7515243e-03	 5.99e+01 Accepted	 265	 1081	
11	 4.6017414e-01	 -5.8073647e-04 +1.0697022e-03	 3.92e+01 Accepted	 280	 1166	
12	 4.6490470e-01	 -9.6866960e-04 -8.1702056e-04	 1.71e+01 Accepted	 294	 1206	
13	 4.6853492e-01	 -7.5097673e-04 +6.4284218e-04	 1.11e+01 Accepted	 303	 1228	
14	 4.7223793e-01	 +9.2168815e-04 +5.1793130e-04	 7.54e+00 Accepted	 313	 1310	
15	 4.7650637e-01	 +1.3285770e-03 -1.1802867e-03	 2.01e+01 Accepted	 322	 1346	
16	 4.7939475e-01	 +1.7006450e-03 -1.4017238e-03	 5.88e+00 Accepted	 335	 1376	
17	 4.8258914e-01	 +1.2433150e-03 -2.3667806e-03	 7.53e+00 Accepted	 340	 1428	
18	 4.8511858e-01	 -1.4756124e-03 +1.3825285e-04	 6.09e+00 Accepted	 351	 1463	
19	 4.8801109e-01	 -6.3614064e-04 +1.0754756e-03	 8.14e+00 Accepted	 357	 1496	
20	 4.9075519e-01	 +8.7451028e-04 -5.3011744e-04	 5.56e+00 Accepted	 366	 1545	
21	 4.9348029e-01	 +9.4642428e-04 +1.9622589e-05	 3.52e+00 Accepted	 373	 1556	
22	 4.9582928e-01	 -3.5254901e-03 +1.0348079e-03	 4.85e+00 Accepted	 377	 1576	
23	 4.9749592e-01	 +8.9813676e-04 -2.2390374e-03	 5.28e+00 Accepted	 382	 1584	
24	 4.9941637e-01	 +2.1708833e-03 -8.7025554e-04	 3.79e+00 Accepted	 384	 1636	
25	 5.0160435e-01	 +3.2635474e-03 +6.6760937e-04	 3.70e+00 Accepted	 390	 1655	
26	 5.0350809e-01	 +1.2898215e-03 -4.7436369e-04	 4.11e+00 Accepted	 395	 1656	
27	 5.0576131e-01	 +7.3663909e-04 +2.4689706e-03	 4.78e+00 Accepted	 402	 1710	
28	 5.0785970e-01	 +2.1663477e-04 +1.5059037e-03	 3.96e+00 Accepted	 405	 1718	
29	 5.0919300e-01	 +6.2619351e-04 -3.6276232e-04	 1.91e+00 Accepted	 410	 1739	
30	 5.1060945e-01	 -1.6076461e-03 +8.2797716e-04	 2.22e+00 Accepted	 417	 1748	
31	 5.1232308e-01	 +3.0243900e-03 -4.3522320e-05	 2.28e+00 Accepted	 419	 1772	
32	 5.1398067e-01	 -5.5338914e-04 +4.0032144e-04	 3.02e+00 Accepted	 420	 1775	
33	 5.1564848e-01	 -2.4512588e-04 -2.5916826e-04	 1.92e+00 Accepted	 417	 1780	
34	 5.1702279e-01	 -4.7706225e-04 +2.5873294e-03	 2.03e+00 Accepted	 428	 1820	
35	 5.1852450e-01	 -1.0380680e-03 +8.5433986e-04	 2.53e+00 Accepted	 429	 1817	
36	 5.1941730e-01	 +6.5351496e-04 -1.3553360e-03	 1.68e+00 Accepted	 430	 1816	
37	 5.2079405e-01	 +2.3962644e-04 -1.7202058e-04	 1.84e+00 Accepted	 434	 1837	
38	 5.2238097e-01	 +1.0533148e-03 +1.4784235e-04	 2.60e+00 Accepted	 438	 1835	
39	 5.2345576e-01	 -1.0491661e-05 -4.7335073e-04	 2.58e+00 Accepted	 431	 1825	
40	 5.2456598e-01	 -1.5901304e-03 -3.4921860e-04	 2.61e+00 Accepted	 433	 1837	
41	 5.2565293e-01	 -1.2968819e-03 +1.2867455e-03	 1.32e+00 Accepted	 437	 1863	
42	 5.2617979e-01	 +3.6043000e-04 -2.1090512e-03	 1.56e+00 Accepted	 442	 1840	
43	 5.2679863e-01	 -1.7729176e-03 -1.4128830e-03	 2.15e+00 Accepted	 438	 1859	
44	 5.2755253e-01	 -2.6069314e-03 +6.4268337e-04	 2.79e+00 Accepted	 443	 1865	
45	 5.2825921e-01	 -1.8910874e-03 -1.2783213e-04	 1.20e+00 Accepted	 437	 1859	
46	 5.2887342e-01	 +2.0456995e-03 -8.8768662e-04	 8.48e-01 Accepted	 440	 1874	
47	 5.2985925e-01	 -2.6974193e-03 +1.3780144e-03	 1.66e+00 Accepted	 445	 1860	
48	 5.3083042e-01	 -4.9900752e-04 +1.9678106e-03	 2.14e+00 Accepted	 439	 1847	
49	 5.3146578e-01	 +1.1053627e-03 +1.0292327e-03	 7.10e-01 Accepted	 439	 1912	
50	 5.3217300e-01	 -6.1918391e-04 -5.4207436e-04	 2.18e+00 Accepted	 449	 1881	
51	 5.3257146e-01	 -4.2524343e-05 -1.5812438e-03	 1.03e+00 Accepted	 444	 1876	
52	 5.3300722e-01	 +1.7143818e-03 -8.6486471e-04	 1.11e+00 Accepted	 444	 1835	
53	 5.3401321e-01	 +2.0223207e-03 -6.3612828e-04	 1.33e+00 Accepted	 437	 1827	
54	 5.3471769e-01	 -3.6790760e-04 +9.3906987e-04	 1.80e+00 Accepted	 439	 1847	
55	 5.3510432e-01	 -5.0916274e-04 +1.3019587e-03	 1.05e+00 Accepted	 440	 1838	
56	 5.3554769e-01	 +1.8862295e-04 +2.5709479e-03	 1.51e+00 Accepted	 435	 1848	
57	 5.3589377e-01	 -2.3480738e-03 -9.4070938e-04	 1.27e+00 Accepted	 436	 1841	
58	 5.3604027e-01	 +1.3049075e-03 +5.3079586e-04	 1.48e+00 Accepted	 432	 1809	
59	 5.3705611e-01	 -1.0480512e-03 -2.1435209e-03	 2.47e+00 Accepted	 429	 1837	
60	 5.3740358e-01	 +1.2730150e-03 -1.5131157e-03	 1.30e+00 Accepted	 439	 1889	
61	 5.3785663e-01	 +5.3619149e-05 -5.3150113e-04	 9.46e-01 Accepted	 443	 1842	
62	 5.3765128e-01	 -3.4216095e-03 -2.3583084e-03	 4.79e-01 Accepted	 434	 1818	
63	 5.3765748e-01	 -8.4322878e-04 -3.9578758e-03	 1.17e+00 Accepted	 434	 1856	
64	 5.3752571e-01	 +1.2711340e-04 -5.6272382e-05	 6.73e-01 Accepted	 435	 1827	
65	 5.3817322e-01	 +2.8134974e-03 -1.8035411e-04	 1.22e+00 Accepted	 431	 1790	
66	 5.3873635e-01	 -1.6696412e-04 +1.7812417e-03	 1.24e+00 Accepted	 427	 1795	
67	 5.3896326e-01	 -3.0548753e-04 -2.6574064e-03	 8.38e-01 Accepted	 432	 1821	
68	 5.3894986e-01	 -1.3610035e-03 -1.6860504e-03	 7.95e-01 Accepted	 435	 1836	
69	 5.3923361e-01	 +2.1181121e-03 -1.8043801e-03	 1.02e+00 Accepted	 432	 1820	
70	 5.3904710e-01	 +9.0019640e-04 -9.5072596e-04	 7.62e-01 Accepted	 433	 1815	
71	 5.3903576e-01	 -1.0410511e-03 +1.8984386e-03	 7.01e-01 Accepted	 431	 1824	
72	 5.3884752e-01	 -2.2800547e-03 +1.1829635e-04	 8.01e-01 Accepted	 432	 1831	
73	 5.3882411e-01	 +9.4327640e-04 -7.7067097e-04	 8.77e-01 Accepted	 436	 1856	
74	 5.3902925e-01	 -1.0056400e-03 -1.5129883e-03	 1.03e+00 Accepted	 434	 1805	
75	 5.3902925e-01	 -1.0056400e-03 -1.5129883e-03	 8.06e-01 Rejected	 430	 1795	
76	 5.3945294e-01	 -2.4226007e-03 -2.2955988e-03	 1.54e+00 Accepted	 436	 1846	
77	 5.3966558e-01	 -3.2912444e-03 +4.3281937e-04	 9.57e-01 Accepted	 430	 1781	
78	 5.4015724e-01	 -1.7552147e-03 -3.6630466e-04	 1.37e+00 Accepted	 424	 1790	
79	 5.4015393e-01	 +4.0616270e-04 -4.8888598e-04	 1.01e+00 Accepted	 431	 1818	
80	 5.4028678e-01	 -6.7174894e-04 +9.9272999e-05	 7.80e-01 Accepted	 429	 1798	
81	 5.3980445e-01	 -2.2636568e-04 +2.5615486e-03	 7.22e-01 Accepted	 426	 1782	
82	 5.4032967e-01	 +3.8443463e-03 +2.1055795e-03	 2.45e+00 Accepted	 428	 1805	
83	 5.4052633e-01	 -1.1251994e-03 -3.2192385e-04	 8.27e-01 Accepted	 430	 1804	
84	 5.4052633e-01	 -1.1251994e-03 -3.2192385e-04	 8.57e-01 Rejected	 428	 1825	
85	 5.4090833e-01	 -1.6696810e-03 -7.7289443e-04	 1.49e+00 Accepted	 426	 1781	
86	 5.4106618e-01	 +6.2626473e-04 +1.1036119e-03	 7.68e-01 Accepted	 426	 1795	
87	 5.4063144e-01	 -1.5954371e-03 +3.3438602e-03	 5.87e-01 Accepted	 428	 1785	
88	 5.4057508e-01	 -1.0263929e-03 +2.9678644e-04	 9.82e-01 Accepted	 429	 1797	
89	 5.4068813e-01	 +8.8634199e-04 -2.6793302e-03	 1.37e+00 Accepted	 431	 1794	
90	 5.4068813e-01	 +8.8634199e-04 -2.6793302e-03	 8.86e-01 Rejected	 427	 1771	
91	 5.4108877e-01	 +1.8105370e-03 +5.5034227e-04	 1.42e+00 Accepted	 433	 1827	
92	 5.4108877e-01	 +1.8105370e-03 +5.5034227e-04	 6.81e-01 Rejected	 430	 1813	
93	 5.4119059e-01	 -1.9690791e-03 +2.4189290e-03	 1.40e+00 Accepted	 433	 1809	
94	 5.4117024e-01	 +1.4427899e-03 +1.0819142e-03	 7.96e-01 Accepted	 430	 1802	
95	 5.4139655e-01	 -1.2661019e-03 -3.2558588e-03	 1.46e+00 Accepted	 429	 1792	
96	 5.4139655e-01	 -1.2661019e-03 -3.2558588e-03	 7.30e-01 Rejected	 422	 1769	
97	 5.4138165e-01	 +2.0481305e-04 +2.1050627e-04	 8.49e-01 Accepted	 421	 1771	
98	 5.4109484e-01	 -1.6121156e-03 +1.7718954e-03	 1.53e+00 Accepted	 428	 1791	
99	 5.4122021e-01	 -1.4527867e-03 -8.2869347e-04	 1.25e+00 Accepted	 425	 1783	
100	 5.4146177e-01	 +2.0093015e-03 -1.2804474e-03	 9.33e-01 Accepted	 427	 1815	
101	 5.4167423e-01	 +1.1389132e-03 -2.3551064e-03	 7.67e-01 Accepted	 427	 1774	
102	 5.4167423e-01	 +1.1389132e-03 -2.3551064e-03	 9.03e-01 Rejected	 421	 1758	
103	 5.4213830e-01	 -8.6652076e-04 +6.5783842e-04	 1.05e+00 Accepted	 422	 1770	
104	 5.4212672e-01	 +7.5988067e-04 -2.8476347e-03	 8.70e-01 Accepted	 418	 1738	
105	 5.4226053e-01	 +1.7114495e-03 +5.7388882e-04	 6.47e-01 Accepted	 419	 1794	
106	 5.4207313e-01	 +2.3566669e-03 +3.3929942e-03	 1.15e+00 Accepted	 425	 1786	
107	 5.4207313e-01	 +2.3566669e-03 +3.3929942e-03	 7.10e-01 Rejected	 421	 1727	
108	 5.4217479e-01	 -6.6712357e-04 -3.0300631e-04	 9.52e-01 Accepted	 426	 1798	
109	 5.4219217e-01	 -4.6471126e-04 +1.3168375e-03	 1.05e+00 Accepted	 425	 1811	
# Starting_type: CheckpointStart
# Trajectory_length / Number_of_MD_steps: 1 / 7
# 	 Plaquette	 Polyakov_Loop(re,im)	 Acc._Probability	 runtime_per_traj(s)	 CG_iterations	
109	 5.4219217e-01	 -4.6471126e-04 +1.3168375e-03	 1.05e+00 Accepted	 436	 1811	
110	 5.4230587e-01	 +2.6392182e-03 -4.4285729e-04	 1.08e+00 Accepted	 428	 1784	
111	 5.4251418e-01	 +3.2990922e-03 -2.7408865e-04	 8.91e-01 Accepted	 422	 1750	
112	 5.4256039e-01	 +1.0146954e-03 -3.2105271e-04	 1.22e+00 Accepted	 426	 1785	
113	 5.4260388e-01	 +1.4703175e-03 +1.9308095e-03	 1.09e+00 Accepted	 424	 1769	
114	 5.4202476e-01	 -5.7133930e-04 -4.7119852e-03	 9.30e-01 Accepted	 422	 1767	
115	 5.4233056e-01	 +1.2934939e-03 -3.9250019e-04	 8.54e-01 Accepted	 418	 1717	
116	 5.4240366e-01	 +3.5474017e-03 +1.3233256e-03	 1.46e+00 Accepted	 416	 1757	
117	 5.4229459e-01	 -6.2173854e-04 -4.4931840e-04	 7.39e-01 Accepted	 421	 1747	
118	 5.4174884e-01	 -1.0508200e-03 -1.2599905e-03	 9.97e-01 Accepted	 425	 1789	
119	 5.4146578e-01	 +2.2555410e-03 -1.0788066e-03	 9.20e-01 Accepted	 428	 1780	
120	 5.4200891e-01	 -7.2822912e-04 +3.7065747e-03	 9.42e-01 Accepted	 425	 1771	
121	 5.4206244e-01	 -1.0787238e-03 +2.0476269e-03	 7.40e-01 Accepted	 424	 1771	
122	 5.4225943e-01	 +2.3869642e-03 +4.2652167e-04	 1.05e+00 Accepted	 428	 1795	
123	 5.4210225e-01	 +2.7841344e-03 -1.2068663e-03	 1.37e+00 Accepted	 431	 1819	
124	 5.4231166e-01	 +3.1812950e-03 +1.9879654e-03	 9.42e-01 Accepted	 441	 1860	
125	 5.4232712e-01	 +3.2584069e-03 +2.4524244e-03	 8.27e-01 Accepted	 441	 1787	
126	 5.4201922e-01	 +2.7332971e-03 +2.2038973e-04	 9.96e-01 Accepted	 432	 1813	
127	 5.4214945e-01	 -7.0863620e-04 +2.6122254e-03	 1.43e+00 Accepted	 435	 1823	
128	 5.4233413e-01	 +1.5361552e-03 -2.3880186e-04	 9.92e-01 Accepted	 430	 1763	
129	 5.4211354e-01	 +3.1350200e-03 +2.0432311e-03	 9.14e-01 Accepted	 423	 1755	
130	 5.4186096e-01	 +1.8826347e-04 -7.1351447e-04	 1.30e+00 Accepted	 423	 1802	
131	 5.4189024e-01	 +5.3003053e-04 -6.6591796e-04	 7.76e-01 Accepted	 429	 1809	
132	 5.4189024e-01	 +5.3003053e-04 -6.6591796e-04	 8.60e-01 Rejected	 426	 1753	
133	 5.4162510e-01	 +3.9394341e-05 +1.8216058e-03	 1.02e+00 Accepted	 429	 1781	
134	 5.4140819e-01	 +1.3463812e-03 +1.1286010e-03	 9.57e-01 Accepted	 426	 1783	
135	 5.4170348e-01	 -1.2887254e-03 -7.6164145e-04	 8.24e-01 Accepted	 431	 1807	
136	 5.4220559e-01	 +1.9107565e-04 +8.9465490e-04	 1.71e+00 Accepted	 428	 1775	
137	 5.4209840e-01	 +1.7444526e-04 -5.8979580e-04	 5.93e-01 Accepted	 430	 1791	
138	 5.4185375e-01	 +7.0672588e-04 -1.0105212e-04	 9.10e-01 Accepted	 427	 1807	
139	 5.4178088e-01	 -1.1595160e-03 +3.2597761e-03	 7.17e-01 Accepted	 423	 1722	
140	 5.4190103e-01	 +4.0182994e-03 -1.8063265e-04	 1.32e+00 Accepted	 418	 1790	
141	 5.4161958e-01	 +1.5527704e-03 +3.1734445e-03	 8.85e-01 Accepted	 426	 1761	
142	 5.4174253e-01	 +2.2257242e-04 +2.2254843e-03	 8.97e-01 Accepted	 428	 1852	
143	 5.4171277e-01	 +9.9212901e-04 -9.4931547e-04	 5.75e-01 Accepted	 438	 1814	
144	 5.4171277e-01	 +9.9212901e-04 -9.4931547e-04	 7.41e-01 Rejected	 428	 1728	
145	 5.4155176e-01	 -4.8275730e-04 +8.8942630e-04	 1.06e+00 Accepted	 428	 1783	
146	 5.4156064e-01	 -1.1552233e-03 +3.5702623e-04	 1.63e+00 Accepted	 428	 1806	
147	 5.4147455e-01	 -1.2942942e-03 +2.2486420e-04	 6.89e-01 Accepted	 430	 1776	
148	 5.4186683e-01	 -2.6809558e-03 +1.3317270e-04	 1.04e+00 Accepted	 424	 1742	
149	 5.4160903e-01	 -2.0716512e-03 +1.3847308e-03	 1.15e+00 Accepted	 422	 1801	
150	 5.4175022e-01	 -6.8487078e-04 -2.5250919e-03	 1.34e+00 Accepted	 426	 1797	
151	 5.4182659e-01	 -3.2470196e-03 +2.2250890e-03	 1.22e+00 Accepted	 429	 1733	
152	 5.4220105e-01	 -3.0606875e-03 +1.6696919e-03	 1.66e+00 Accepted	 415	 1747	
153	 5.4241363e-01	 -1.4547617e-03 +2.7062239e-03	 9.03e-01 Accepted	 423	 1772	
154	 5.4234420e-01	 +6.3344460e-04 +6.1603963e-04	 7.31e-01 Accepted	 424	 1744	
155	 5.4239737e-01	 -2.0331175e-03 -1.5858769e-03	 1.06e+00 Accepted	 421	 1739	
156	 5.4262093e-01	 -2.1967437e-04 -2.8542755e-03	 8.48e-01 Accepted	 418	 1757	
157	 5.4226195e-01	 -7.3842743e-04 +3.3901746e-03	 1.08e+00 Accepted	 421	 1756	
158	 5.4245763e-01	 +4.3036848e-04 +6.1616790e-05	 9.58e-01 Accepted	 419	 1746	
159	 5.4253024e-01	 +1.3490278e-03 -8.5409045e-04	 1.18e+00 Accepted	 423	 1732	
160	 5.4253024e-01	 +1.3490278e-03 -8.5409045e-04	 6.05e-01 Rejected	 419	 1767	
161	 5.4253024e-01	 +1.3490278e-03 -8.5409045e-04	 7.89e-01 Rejected	 418	 1710	
162	 5.4253024e-01	 +1.3490278e-03 -8.5409045e-04	 6.15e-01 Rejected	 417	 1741	
163	 5.4253024e-01	 +1.3490278e-03 -8.5409045e-04	 4.54e-01 Rejected	 417	 1740	
164	 5.4253024e-01	 +1.3490278e-03 -8.5409045e-04	 5.40e-01 Rejected	 419	 1715	
165	 5.4257292e-01	 +2.6044522e-05 +9.2233523e-04	 5.78e-01 Accepted	 421	 1793	
166	 5.4270389e-01	 +5.9608762e-04 +1.0982000e-03	 9.71e-01 Accepted	 425	 1786	
167	 5.4271917e-01	 -6.5314903e-04 -6.4532175e-04	 1.40e+00 Accepted	 424	 1764	
168	 5.4240352e-01	 -5.9733178e-04 -1.9698149e-03	 5.61e-01 Accepted	 422	 1745	
169	 5.4252914e-01	 -1.5548981e-03 +1.5729877e-03	 9.88e-01 Accepted	 421	 1780	
170	 5.4221490e-01	 +3.8879420e-03 +1.1482758e-03	 9.52e-01 Accepted	 424	 1775	
171	 5.4228131e-01	 +6.4818732e-05 +1.6203359e-03	 1.09e+00 Accepted	 420	 1771	
172	 5.4228131e-01	 +6.4818732e-05 +1.6203359e-03	 8.89e-01 Rejected	 426	 1766	
173	 5.4193289e-01	 +1.0081293e-03 -5.0871799e-04	 8.42e-01 Accepted	 424	 1763	
174	 5.4209539e-01	 +2.4283967e-03 -1.5774114e-04	 7.50e-01 Accepted	 427	 1797	
175	 5.4197935e-01	 +6.7424722e-04 +2.8990273e-03	 7.62e-01 Accepted	 426	 1782	
176	 5.4197935e-01	 +6.7424722e-04 +2.8990273e-03	 7.73e-01 Rejected	 423	 1719	
177	 5.4186510e-01	 +3.8127966e-04 +1.6668771e-03	 1.24e+00 Accepted	 424	 1775	
178	 5.4241677e-01	 +1.8563541e-03 +2.3065774e-03	 1.13e+00 Accepted	 421	 1756	
179	 5.4240910e-01	 +1.5109659e-03 -1.0597452e-03	 5.48e-01 Accepted	 419	 1722	
180	 5.4241237e-01	 +1.7343648e-03 -1.9866699e-03	 7.61e-01 Accepted	 412	 1740	
181	 5.4183260e-01	 +2.0492266e-03 -1.1292417e-03	 8.60e-01 Accepted	 417	 1734	
182	 5.4192661e-01	 +4.6766902e-03 -4.7863384e-04	 1.08e+00 Accepted	 415	 1769	
183	 5.4247282e-01	 -8.8855592e-04 -8.5259943e-04	 1.45e+00 Accepted	 422	 1767	
184	 5.4267031e-01	 +1.0952916e-03 +3.1639395e-06	 1.35e+00 Accepted	 421	 1766	
185	 5.4250009e-01	 -1.7462539e-03 -1.1148731e-03	 1.16e+00 Accepted	 426	 1785	
186	 5.4257200e-01	 +1.8022335e-03 +2.7419993e-03	 1.25e+00 Accepted	 421	 1718	
187	 5.4270942e-01	 -1.3196789e-03 +7.2102106e-04	 1.13e+00 Accepted	 415	 1750	
188	 5.4268488e-01	 -5.5950207e-05 -2.4650648e-03	 1.17e+00 Accepted	 420	 1763	
189	 5.4251787e-01	 +1.0992900e-03 +3.0164187e-03	 6.64e-01 Accepted	 420	 1738	
190	 5.4207153e-01	 +3.4074616e-03 +2.0291637e-04	 5.36e-01 Accepted	 415	 1746	
191	 5.4219168e-01	 +1.0213631e-03 -7.6459295e-04	 1.76e+00 Accepted	 417	 1728	
192	 5.4260326e-01	 -4.8806709e-04 -2.6479041e-03	 1.49e+00 Accepted	 417	 1747	
193	 5.4231870e-01	 +9.3010216e-04 -9.5767354e-04	 8.88e-01 Accepted	 419	 1768	
194	 5.4263526e-01	 +2.4960859e-03 +4.9965031e-04	 1.29e+00 Accepted	 426	 1811	
195	 5.4259732e-01	 +1.4626983e-03 -6.1832836e-04	 1.04e+00 Accepted	 428	 1745	
196	 5.4259732e-01	 +1.4626983e-03 -6.1832836e-04	 8.70e-01 Rejected	 420	 1747	
197	 5.4259732e-01	 +1.4626983e-03 -6.1832836e-04	 9.11e-01 Rejected	 425	 1743	
198	 5.4226764e-01	 +2.6603465e-03 -6.7171003e-04	 5.97e-01 Accepted	 427	 1744	
199	 5.4169143e-01	 -2.1162224e-03 +5.2225147e-04	 1.36e+00 Accepted	 424	 1770	
200	 5.4139833e-01	 +4.3549881e-03 +3.0226217e-03	 6.41e-01 Accepted	 423	 1775	
201	 5.4217964e-01	 -4.8769377e-04 +2.6523711e-03	 1.81e+00 Accepted	 425	 1778	
202	 5.4228465e-01	 +2.3657656e-03 -2.4612463e-04	 1.10e+00 Accepted	 425	 1770	
203	 5.4228465e-01	 +2.3657656e-03 -2.4612463e-04	 6.82e-01 Rejected	 422	 1764	
204	 5.4197978e-01	 +7.7742785e-04 +1.0974890e-03	 1.05e+00 Accepted	 424	 1762	
205	 5.4199125e-01	 -9.8360605e-04 +2.5366611e-03	 9.66e-01 Accepted	 422	 1790	
206	 5.4166742e-01	 +1.6503813e-03 -1.0005105e-03	 9.26e-01 Accepted	 423	 1793	
207	 5.4169055e-01	 +2.6797317e-03 -1.1941312e-03	 9.29e-01 Accepted	 425	 1796	
208	 5.4200759e-01	 +2.6520441e-03 +1.2421952e-03	 1.90e+00 Accepted	 428	 1747	
209	 5.4195792e-01	 +2.0018253e-04 +2.3536910e-04	 9.30e-01 Accepted	 424	 1754	
# Starting_type: CheckpointStart
# Trajectory_length / Number_of_MD_steps: 1 / 7
# 	 Plaquette	 Polyakov_Loop(re,im)	 Acc._Probability	 runtime_per_traj(s)	 CG_iterations	
209	 5.4195792e-01	 +2.0018253e-04 +2.3536910e-04	 9.30e-01 Accepted	 440	 1754	
210	 5.4209021e-01	 +1.4688923e-03 +2.3080497e-03	 8.34e-01 Accepted	 433	 1761	
211	 5.4214931e-01	 -4.0450239e-04 +3.2094567e-03	 8.81e-01 Accepted	 419	 1758	
212	 5.4225238e-01	 +3.2445132e-03 +2.3815437e-03	 9.32e-01 Accepted	 422	 1767	
213	 5.4236815e-01	 +2.2018146e-03 -2.6238977e-03	 1.56e+00 Accepted	 417	 1735	
214	 5.4209322e-01	 -3.9508370e-04 +9.8755704e-05	 6.87e-01 Accepted	 421	 1782	
215	 5.4209322e-01	 -3.9508370e-04 +9.8755704e-05	 7.74e-01 Rejected	 430	 1803	
216	 5.4243633e-01	 -6.5233840e-04 -1.4652229e-03	 1.98e+00 Accepted	 427	 1772	
217	 5.4256728e-01	 -2.8416623e-04 +8.5278367e-04	 1.15e+00 Accepted	 424	 1762	
218	 5.4256728e-01	 -2.8416623e-04 +8.5278367e-04	 7.66e-01 Rejected	 421	 1762	
219	 5.4285384e-01	 +2.2571869e-04 -1.5726246e-03	 1.13e+00 Accepted	 420	 1763	
220	 5.4233632e-01	 +4.2974030e-04 -8.3441168e-04	 8.61e-01 Accepted	 419	 1758	
221	 5.4249305e-01	 -7.3705283e-04 +1.0321664e-03	 1.49e+00 Accepted	 419	 1773	
222	 5.4228943e-01	 +1.0323077e-04 +7.7644722e-04	 7.04e-01 Accepted	 417	 1756	
223	 5.4219167e-01	 +8.4787866e-04 -2.2812124e-03	 9.56e-01 Accepted	 420	 1762	
224	 5.4188918e-01	 -7.7211233e-04 -8.5507922e-04	 7.77e-01 Accepted	 416	 1755	
225	 5.4188918e-01	 -7.7211233e-04 -8.5507922e-04	 7.72e-01 Rejected	 417	 1746	
226	 5.4190152e-01	 +1.9427045e-03 +1.5375216e-03	 7.65e-01 Accepted	 417	 1737	
227	 5.4196793e-01	 +4.6727353e-03 +1.4683203e-04	 1.35e+00 Accepted	 415	 1759	
228	 5.4171147e-01	 +3.2290741e-03 -2.0662448e-03	 6.35e-01 Accepted	 423	 1746	
229	 5.4171712e-01	 +3.5131745e-03 +2.4585653e-04	 7.28e-01 Accepted	 420	 1735	
230	 5.4190114e-01	 +2.4619760e-03 -2.6210480e-03	 1.69e+00 Accepted	 417	 1737	
231	 5.4172014e-01	 +2.2866452e-03 -3.2009530e-03	 7.79e-01 Accepted	 418	 1767	
232	 5.4239988e-01	 +2.8802407e-03 +1.6860946e-04	 1.97e+00 Accepted	 420	 1758	
233	 5.4182014e-01	 +4.7339704e-03 +2.4258024e-03	 7.19e-01 Accepted	 425	 1797	
234	 5.4193755e-01	 -1.4633066e-04 +2.0187643e-04	 1.26e+00 Accepted	 428	 1742	
235	 5.4195469e-01	 +2.1479479e-03 -3.3924397e-03	 1.40e+00 Accepted	 420	 1775	
236	 5.4193417e-01	 +1.8532394e-03 -7.8472444e-04	 9.06e-01 Accepted	 422	 1810	
237	 5.4231051e-01	 +3.0552532e-04 +8.7279667e-04	 9.10e-01 Accepted	 426	 1757	
238	 5.4214760e-01	 +2.2217950e-03 +2.3351906e-04	 1.02e+00 Accepted	 419	 1748	
239	 5.4214760e-01	 +2.2217950e-03 +2.3351906e-04	 7.00e-01 Rejected	 415	 1744	
240	 5.4214411e-01	 -4.4686524e-04 +9.1783923e-04	 6.07e-01 Accepted	 417	 1737	
241	 5.4199143e-01	 +3.2484198e-03 +2.4115810e-03	 1.11e+00 Accepted	 417	 1746	
242	 5.4192574e-01	 +5.5344496e-04 +1.4040474e-04	 1.02e+00 Accepted	 420	 1766	
243	 5.4192574e-01	 +5.5344496e-04 +1.4040474e-04	 7.19e-01 Rejected	 419	 1775	
244	 5.4248774e-01	 +4.1791064e-04 +1.5699316e-03	 1.30e+00 Accepted	 418	 1724	
245	 5.4248774e-01	 +4.1791064e-04 +1.5699316e-03	 5.49e-01 Rejected	 418	 1756	
246	 5.4248774e-01	 +4.1791064e-04 +1.5699316e-03	 7.78e-01 Rejected	 420	 1751	
247	 5.4215339e-01	 +8.2650587e-04 -1.4877781e-03	 1.28e+00 Accepted	 418	 1780	
248	 5.4223153e-01	 +2.3349412e-03 +3.1388400e-03	 9.99e-01 Accepted	 426	 1795	
249	 5.4245631e-01	 +2.6692911e-04 -2.0152110e-03	 1.37e+00 Accepted	 427	 1783	
250	 5.4232113e-01	 +3.7492217e-03 -1.9407805e-03	 1.53e+00 Accepted	 419	 1733	
251	 5.4266362e-01	 +1.4837726e-03 +1.9049318e-03	 1.17e+00 Accepted	 416	 1737	
252	 5.4266362e-01	 +1.4837726e-03 +1.9049318e-03	 6.89e-01 Rejected	 427	 1766	
253	 5.4282562e-01	 +2.9978266e-03 -2.9381666e-03	 1.42e+00 Accepted	 428	 1854	
254	 5.4294677e-01	 +8.5097176e-04 +2.1998059e-03	 1.09e+00 Accepted	 437	 1778	
255	 5.4248889e-01	 -2.0757625e-03 -8.7105724e-04	 7.13e-01 Accepted	 422	 1741	
256	 5.4221280e-01	 +3.2106864e-03 -2.0325249e-03	 1.01e+00 Accepted	 420	 1740	
257	 5.4221832e-01	 -7.5159929e-05 -4.4682686e-04	 1.01e+00 Accepted	 419	 1782	
258	 5.4204133e-01	 +3.2428589e-04 -2.0596446e-03	 6.39e-01 Accepted	 428	 1773	
259	 5.4212228e-01	 +2.6453889e-03 +6.9493919e-04	 1.73e+00 Accepted	 423	 1776	
260	 5.4189957e-01	 +1.3887574e-03 +1.2696620e-03	 7.43e-01 Accepted	 422	 1769	
261	 5.4215817e-01	 +1.1967025e-03 -4.2612630e-05	 1.35e+00 Accepted	 424	 1758	
262	 5.4215392e-01	 +3.1565088e-03 -4.8517964e-03	 1.11e+00 Accepted	 419	 1734	
263	 5.4242535e-01	 +3.6084939e-03 -4.0341269e-03	 6.65e-01 Accepted	 421	 1782	
264	 5.4230858e-01	 +1.4985717e-03 -3.1046214e-03	 7.86e-01 Accepted	 419	 1730	
265	 5.4206185e-01	 -1.3863084e-03 -5.9744138e-04	 1.01e+00 Accepted	 414	 1724	
266	 5.4221392e-01	 -2.7827992e-03 -1.4269809e-03	 9.95e-01 Accepted	 413	 1730	
267	 5.4258423e-01	 +1.5823727e-03 -1.6320583e-03	 1.11e+00 Accepted	 420	 1773	
268	 5.4286586e-01	 +8.0020719e-04 -1.1847645e-04	 8.16e-01 Accepted	 419	 1740	
269	 5.4298153e-01	 -1.6004104e-04 -2.5549896e-03	 1.54e+00 Accepted	 415	 1743	
270	 5.4250662e-01	 -5.4748600e-04 -1.3647631e-03	 3.94e-01 Accepted	 417	 1749	
271	 5.4248234e-01	 +3.0543438e-03 -1.7394466e-03	 8.77e-01 Accepted	 414	 1731	
272	 5.4267297e-01	 +6.4897635e-04 -4.0273475e-03	 1.32e+00 Accepted	 415	 1803	
273	 5.4295045e-01	 +1.3111718e-03 -4.4188798e-03	 9.66e-01 Accepted	 424	 1751	
274	 5.4304867e-01	 -3.5115397e-04 -2.7004235e-03	 1.08e+00 Accepted	 417	 1742	
275	 5.4304867e-01	 -3.5115397e-04 -2.7004235e-03	 5.76e-01 Rejected	 417	 1746	
276	 5.4312542e-01	 -1.0769901e-03 -2.6156557e-03	 1.24e+00 Accepted	 422	 1754	
277	 5.4297520e-01	 +3.0103096e-03 -3.4288841e-03	 1.32e+00 Accepted	 417	 1740	
278	 5.4318551e-01	 +5.1978527e-03 -4.4569276e-03	 1.22e+00 Accepted	 418	 1778	
279	 5.4303292e-01	 +6.3378699e-04 -2.5418410e-03	 1.09e+00 Accepted	 422	 1735	
280	 5.4303292e-01	 +6.3378699e-04 -2.5418410e-03	 9.01e-01 Rejected	 417	 1725	
281	 5.4270801e-01	 +2.8921569e-03 -1.6110343e-03	 1.06e+00 Accepted	 417	 1704	
282	 5.4247186e-01	 +2.0619670e-03 +8.2679043e-04	 9.04e-01 Accepted	 416	 1754	
283	 5.4265944e-01	 -1.0826008e-03 -2.4131963e-03	 1.86e+00 Accepted	 423	 1782	
284	 5.4270100e-01	 -3.3790662e-04 +1.6238907e-04	 1.36e+00 Accepted	 428	 1800	
285	 5.4265063e-01	 -1.3539478e-04 -3.3251340e-03	 1.22e+00 Accepted	 430	 1783	
286	 5.4256162e-01	 +4.0838395e-03 -5.2478692e-04	 1.02e+00 Accepted	 428	 1818	
287	 5.4242050e-01	 +3.0714622e-03 -5.1131951e-04	 8.63e-01 Accepted	 431	 1789	
288	 5.4253430e-01	 +2.0930630e-03 -8.5553568e-04	 1.37e+00 Accepted	 424	 1775	
289	 5.4193124e-01	 +3.1406936e-03 -3.6058155e-03	 4.97e-01 Accepted	 423	 1756	
290	 5.4228196e-01	 +3.5934265e-03 -5.2658259e-04	 1.66e+00 Accepted	 416	 1754	
291	 5.4228196e-01	 +3.5934265e-03 -5.2658259e-04	 7.30e-01 Rejected	 425	 1811	
292	 5.4228196e-01	 +3.5934265e-03 -5.2658259e-04	 7.57e-01 Rejected	 418	 1742	
293	 5.4221852e-01	 -7.1386522e-04 +1.5043220e-03	 6.72e-01 Accepted	 418	 1734	
294	 5.4229967e-01	 +3.7051006e-03 -1.0747450e-03	 1.16e+00 Accepted	 419	 1742	
295	 5.4217992e-01	 +3.3785843e-03 +1.0342255e-03	 1.13e+00 Accepted	 417	 1728	
296	 5.4217068e-01	 +6.4405245e-04 +1.4803250e-03	 8.18e-01 Accepted	 415	 1741	
297	 5.4236889e-01	 +2.9349854e-03 +2.7363821e-03	 9.90e-01 Accepted	 419	 1742	
298	 5.4232236e-01	 +7.8065401e-04 -1.4177065e-03	 8.31e-01 Accepted	 419	 1780	
299	 5.4199676e-01	 -4.2827201e-05 +1.1821268e-03	 7.56e-01 Accepted	 417	 1727	
300	 5.4273250e-01	 -1.3063513e-03 -1.6940743e-03	 1.57e+00 Accepted	 418	 1748	
301	 5.4288758e-01	 +8.6988337e-04 -3.1541160e-04	 1.85e+00 Accepted	 420	 1770	
302	 5.4249891e-01	 +2.3266667e-03 +6.2002516e-04	 7.79e-01 Accepted	 424	 1746	
303	 5.4239304e-01	 +1.1350074e-04 -1.1117563e-03	 9.56e-01 Accepted	 418	 1744	
304	 5.4241506e-01	 +7.4319324e-04 +1.4678024e-03	 5.60e-01 Accepted	 413	 1690	
305	 5.4267600e-01	 +1.6242375e-04 -2.2516853e-03	 1.42e+00 Accepted	 414	 1729	
306	 5.4258071e-01	 -2.6581587e-03 -5.0590608e-04	 1.36e+00 Accepted	 416	 1751	
307	 5.4285082e-01	 +1.1707701e-03 -1.0727774e-03	 1.86e+00 Accepted	 416	 1748	
308	 5.4235263e-01	 +4.0965587e-04 -6.1966037e-04	 1.21e+00 Accepted	 420	 1749	
309	 5.4235263e-01	 +4.0965587e-04 -6.1966037e-04	 8.09e-01 Rejected	 418	 1756	
310	 5.4267654e-01	 +4.3873739e-03 -7.5095316e-05	 8.65e-01 Accepted	 415	 1739	
# Starting_type: CheckpointStart
# Trajectory_length / Number_of_MD_steps: 1 / 7
# 	 Plaquette	 Polyakov_Loop(re,im)	 Acc._Probability	 runtime_per_traj(s)	 CG_iterations	
311	 5.4228973e-01	 +1.6718977e-03 +5.8894443e-04	 7.28e-01 Accepted	 443	 1802	
312	 5.4267378e-01	 +3.5110306e-03 -1.2086670e-03	 9.98e-01 Accepted	 438	 1714	
313	 5.4243118e-01	 +4.6471548e-03 -1.9217384e-03	 6.70e-01 Accepted	 420	 1710	
314	 5.4243118e-01	 +4.6471548e-03 -1.9217384e-03	 7.06e-01 Rejected	 427	 1765	
315	 5.4262197e-01	 +3.7878410e-03 -1.1027166e-03	 1.09e+00 Accepted	 422	 1726	
316	 5.4285975e-01	 +1.7669932e-03 -9.0910714e-05	 1.41e+00 Accepted	 422	 1769	
317	 5.4303016e-01	 -1.0570596e-03 +4.7314661e-04	 9.91e-01 Accepted	 426	 1724	
318	 5.4268381e-01	 +1.3457168e-03 -7.6398379e-04	 4.98e-01 Accepted	 425	 1757	
319	 5.4239725e-01	 +2.1894584e-03 +2.6014098e-03	 1.11e+00 Accepted	 427	 1760	
320	 5.4239725e-01	 +2.1894584e-03 +2.6014098e-03	 6.98e-01 Rejected	 428	 1790	
321	 5.4215844e-01	 +2.1205099e-03 -1.5981664e-03	 6.54e-01 Accepted	 429	 1745	
322	 5.4215844e-01	 +2.1205099e-03 -1.5981664e-03	 5.19e-01 Rejected	 428	 1720	
323	 5.4232890e-01	 -4.3831354e-04 +9.2206595e-04	 1.10e+00 Accepted	 426	 1790	
324	 5.4232890e-01	 -4.3831354e-04 +9.2206595e-04	 8.80e-01 Rejected	 432	 1735	
325	 5.4234691e-01	 +3.0193043e-03 -2.1812151e-03	 1.12e+00 Accepted	 437	 1739	
326	 5.4234691e-01	 +3.0193043e-03 -2.1812151e-03	 9.75e-01 Rejected	 430	 1757	
327	 5.4234691e-01	 +3.0193043e-03 -2.1812151e-03	 9.38e-01 Rejected	 425	 1747	
328	 5.4257672e-01	 -1.1288840e-03 -3.3417472e-03	 1.27e+00 Accepted	 431	 1780	
329	 5.4236471e-01	 +1.9064417e-03 -1.4603677e-03	 8.83e-01 Accepted	 433	 1737	
330	 5.4253676e-01	 -1.2131581e-03 -1.0654027e-03	 1.00e+00 Accepted	 432	 1761	
331	 5.4257102e-01	 +3.3585991e-03 -4.4668838e-04	 1.59e+00 Accepted	 425	 1733	
332	 5.4255182e-01	 +4.0163540e-03 +4.3601189e-05	 6.98e-01 Accepted	 427	 1776	
333	 5.4232016e-01	 +2.4303834e-03 +3.6733427e-04	 1.02e+00 Accepted	 430	 1742	
334	 5.4211539e-01	 +3.1424438e-04 +9.0702911e-04	 9.30e-01 Accepted	 427	 1741	
335	 5.4231819e-01	 +8.8646790e-04 +3.4611043e-03	 1.01e+00 Accepted	 425	 1736	
336	 5.4256059e-01	 +2.3549892e-04 +2.1673143e-03	 1.08e+00 Accepted	 430	 1757	
337	 5.4214346e-01	 +1.1855125e-03 +1.6574448e-03	 1.39e+00 Accepted	 423	 1744	
338	 5.4166814e-01	 +1.2809306e-03 +1.6231535e-04	 6.94e-01 Accepted	 421	 1731	
339	 5.4189006e-01	 -7.6727902e-04 +5.4186775e-03	 1.92e+00 Accepted	 422	 1747	
340	 5.4181413e-01	 +1.3097744e-04 -3.3999393e-04	 1.08e+00 Accepted	 427	 1757	
341	 5.4176338e-01	 +4.6107490e-06 -1.8651296e-03	 1.05e+00 Accepted	 428	 1754	
342	 5.4219208e-01	 +2.5122998e-03 +2.9636279e-04	 1.11e+00 Accepted	 427	 1736	
343	 5.4219208e-01	 +2.5122998e-03 +2.9636279e-04	 5.58e-01 Rejected	 423	 1718	
344	 5.4219208e-01	 +2.5122998e-03 +2.9636279e-04	 5.56e-01 Rejected	 422	 1754	
345	 5.4192568e-01	 +3.9826521e-04 +2.1082218e-03	 6.91e-01 Accepted	 421	 1712	
346	 5.4186994e-01	 +3.0608533e-03 -4.0976234e-04	 1.06e+00 Accepted	 418	 1724	
347	 5.4186994e-01	 +3.0608533e-03 -4.0976234e-04	 7.45e-01 Rejected	 425	 1725	
348	 5.4162572e-01	 +3.0332910e-03 +6.6683422e-04	 9.15e-01 Accepted	 422	 1747	
349	 5.4191937e-01	 +3.2485938e-03 +2.5260782e-03	 1.03e+00 Accepted	 431	 1800	
350	 5.4210970e-01	 +1.9443335e-03 -4.0202219e-04	 1.21e+00 Accepted	 440	 1793	
351	 5.4242302e-01	 -6.2864085e-04 -3.4792299e-04	 9.57e-01 Accepted	 438	 1800	
352	 5.4242302e-01	 -6.2864085e-04 -3.4792299e-04	 8.25e-01 Rejected	 437	 1755	
353	 5.4269456e-01	 +4.8089939e-03 +1.0179289e-03	 1.51e+00 Accepted	 432	 1712	
354	 5.4248972e-01	 +1.4092588e-03 -7.7659850e-04	 8.58e-01 Accepted	 422	 1742	
355	 5.4263229e-01	 -2.8173565e-03 +1.9284372e-04	 1.42e+00 Accepted	 427	 1753	
356	 5.4263229e-01	 -2.8173565e-03 +1.9284372e-04	 6.83e-01 Rejected	 431	 1770	
357	 5.4259424e-01	 +2.3664681e-03 -1.7424805e-03	 5.44e-01 Accepted	 430	 1715	
358	 5.4209149e-01	 -2.2666733e-03 -1.2489115e-03	 5.40e-01 Accepted	 425	 1713	
359	 5.4184188e-01	 +3.0974232e-03 -2.4400034e-03	 6.62e-01 Accepted	 426	 1789	
360	 5.4174626e-01	 +4.1865948e-03 +1.9654365e-03	 8.70e-01 Accepted	 442	 1825	
361	 5.4212810e-01	 +2.4227127e-03 +2.7876399e-03	 1.11e+00 Accepted	 440	 1742	
362	 5.4244894e-01	 +2.4655294e-03 +1.4207385e-03	 1.64e+00 Accepted	 427	 1780	
363	 5.4284755e-01	 +3.7348210e-03 +2.0087682e-03	 9.87e-01 Accepted	 432	 1765	
364	 5.4266976e-01	 +4.1103927e-03 -1.2885919e-03	 1.16e+00 Accepted	 434	 1743	
365	 5.4231310e-01	 +2.4309840e-03 -1.4357840e-03	 1.13e+00 Accepted	 423	 1707	
366	 5.4229218e-01	 +3.7326227e-03 -3.3659458e-04	 9.44e-01 Accepted	 425	 1769	
367	 5.4246436e-01	 +3.9869647e-03 +1.0106626e-03	 1.35e+00 Accepted	 424	 1745	
368	 5.4251630e-01	 +4.8290284e-03 -1.6226211e-03	 1.00e+00 Accepted	 425	 1737	
369	 5.4251630e-01	 +4.8290284e-03 -1.6226211e-03	 9.01e-01 Rejected	 424	 1702	
370	 5.4251630e-01	 +4.8290284e-03 -1.6226211e-03	 6.36e-01 Rejected	 427	 1736	
371	 5.4251630e-01	 +4.8290284e-03 -1.6226211e-03	 7.79e-01 Rejected	 426	 1737	
372	 5.4224959e-01	 +3.3168130e-03 -2.2205201e-03	 7.03e-01 Accepted	 425	 1742	
373	 5.4228738e-01	 +3.1168150e-03 +5.7681176e-04	 7.49e-01 Accepted	 426	 1732	
374	 5.4231224e-01	 +2.1125929e-03 -2.4409583e-04	 1.08e+00 Accepted	 428	 1746	
375	 5.4204491e-01	 +2.8378793e-05 +1.7524366e-03	 6.44e-01 Accepted	 429	 1727	
376	 5.4178355e-01	 +2.4260090e-03 +3.1713250e-03	 1.17e+00 Accepted	 425	 1729	
377	 5.4215892e-01	 +3.5486838e-04 -3.8124199e-04	 7.62e-01 Accepted	 424	 1749	
378	 5.4206274e-01	 +3.5127976e-03 -4.1204168e-05	 1.17e+00 Accepted	 427	 1752	
379	 5.4239205e-01	 +3.9645337e-03 -1.3422282e-03	 1.32e+00 Accepted	 430	 1770	
380	 5.4233350e-01	 +4.1164427e-03 -1.9704177e-03	 8.14e-01 Accepted	 427	 1721	
381	 5.4233350e-01	 +4.1164427e-03 -1.9704177e-03	 6.40e-01 Rejected	 427	 1747	
382	 5.4218396e-01	 +3.8350958e-03 -5.7201336e-04	 8.89e-01 Accepted	 420	 1721	
383	 5.4218396e-01	 +3.8350958e-03 -5.7201336e-04	 5.71e-01 Rejected	 427	 1740	
384	 5.4251848e-01	 +7.8754829e-04 +1.6524505e-04	 1.18e+00 Accepted	 421	 1716	
385	 5.4226020e-01	 +1.7864702e-03 -1.2606082e-03	 8.46e-01 Accepted	 422	 1723	
386	 5.4208739e-01	 +5.1368241e-03 -1.7537730e-03	 1.03e+00 Accepted	 424	 1715	
387	 5.4206645e-01	 +9.6859667e-04 +3.1521757e-04	 1.27e+00 Accepted	 422	 1748	
388	 5.4139526e-01	 +3.4762263e-03 +9.3216047e-04	 6.06e-01 Accepted	 429	 1755	
389	 5.4147341e-01	 +1.2420397e-03 -7.8677694e-04	 8.47e-01 Accepted	 427	 1739	
390	 5.4149276e-01	 +7.3917067e-04 -2.0590991e-03	 1.17e+00 Accepted	 431	 1770	
391	 5.4149276e-01	 +7.3917067e-04 -2.0590991e-03	 8.20e-01 Rejected	 433	 1768	
392	 5.4219775e-01	 +1.3459641e-03 -3.9659908e-03	 1.39e+00 Accepted	 431	 1775	
393	 5.4263879e-01	 +1.1585769e-03 -1.1005583e-03	 1.98e+00 Accepted	 430	 1727	
394	 5.4263626e-01	 +7.1419829e-04 -2.3402403e-03	 1.27e+00 Accepted	 428	 1755	
395	 5.4308991e-01	 +6.3188394e-04 -1.6348157e-03	 9.58e-01 Accepted	 433	 1784	
396	 5.4308991e-01	 +6.3188394e-04 -1.6348157e-03	 7.21e-01 Rejected	 435	 1763	
397	 5.4311959e-01	 +3.7824763e-03 +9.8999764e-04	 6.94e-01 Accepted	 435	 1745	
398	 5.4288403e-01	 +4.8987875e-04 -1.0997389e-03	 9.02e-01 Accepted	 425	 1720	
399	 5.4288403e-01	 +4.8987875e-04 -1.0997389e-03	 7.15e-01 Rejected	 424	 1745	
400	 5.4278940e-01	 +5.3147585e-04 -1.7815696e-03	 1.48e+00 Accepted	 425	 1751	
401	 5.4268581e-01	 -1.1209976e-03 -1.2972227e-03	 9.06e-01 Accepted	 424	 1727	
402	 5.4308295e-01	 +1.9692743e-05 -3.7501896e-03	 2.08e+00 Accepted	 428	 1785	
403	 5.4308295e-01	 +1.9692743e-05 -3.7501896e-03	 9.18e-01 Rejected	 443	 1832	
404	 5.4321936e-01	 +2.4521882e-03 -8.4819330e-04	 6.41e-01 Accepted	 433	 1754	
405	 5.4302658e-01	 +2.7552715e-05 +2.9527272e-04	 7.13e-01 Accepted	 434	 1743	
406	 5.4278290e-01	 +2.1133430e-03 +1.3516405e-03	 6.29e-01 Accepted	 429	 1763	
407	 5.4265433e-01	 +2.8976059e-03 -4.6160692e-03	 1.05e+00 Accepted	 433	 1726	
408	 5.4262575e-01	 +7.6864750e-04 +8.1546336e-04	 7.48e-01 Accepted	 426	 1778	
409	 5.4253407e-01	 +1.0005869e-03 +1.0399097e-03	 8.62e-01 Accepted	 432	 1751	
410	 5.4253407e-01	 +1.0005869e-03 +1.0399097e-03	 6.72e-01 Rejected	 428	 1770	
# Starting_type: CheckpointStart
# Trajectory_length / Number_of_MD_steps: 1 / 7
# 	 Plaquette	 Polyakov_Loop(re,im)	 Acc._Probability	 runtime_per_traj(s)	 CG_iterations	
411	 5.4257372e-01	 +1.0847773e-03 +1.6026961e-03	 8.81e-01 Accepted	 431	 1747	
412	 5.4283321e-01	 +2.2712386e-03 -3.3192512e-05	 1.18e+00 Accepted	 415	 1726	
413	 5.4289269e-01	 +2.4558787e-03 +2.6527365e-03	 9.35e-01 Accepted	 415	 1731	
414	 5.4264083e-01	 +5.3597915e-04 -1.2520201e-03	 1.11e+00 Accepted	 415	 1740	
415	 5.4262472e-01	 +2.5730475e-03 -2.1616791e-03	 1.06e+00 Accepted	 414	 1737	
416	 5.4221576e-01	 +4.2131525e-05 -2.9109518e-03	 8.35e-01 Accepted	 415	 1737	
417	 5.4255526e-01	 +1.3251617e-03 -2.1227273e-03	 6.64e-01 Accepted	 414	 1752	
418	 5.4285095e-01	 +1.3139902e-03 -2.5371210e-04	 1.28e+00 Accepted	 418	 1783	
419	 5.4288641e-01	 +1.6203245e-03 -1.3541583e-03	 7.32e-01 Accepted	 420	 1746	
420	 5.4276041e-01	 -7.3603298e-04 -1.7912468e-03	 8.76e-01 Accepted	 418	 1783	
421	 5.4218915e-01	 +1.8382998e-03 +2.0703968e-03	 5.07e-01 Accepted	 424	 1822	
422	 5.4229484e-01	 +2.1392065e-03 -2.2981818e-03	 8.60e-01 Accepted	 424	 1744	
423	 5.4270860e-01	 +2.4144747e-03 -2.3661183e-03	 1.14e+00 Accepted	 417	 1775	
424	 5.4284551e-01	 +8.4468684e-04 -2.7746485e-03	 9.80e-01 Accepted	 422	 1744	
425	 5.4267886e-01	 +2.0688700e-03 -1.3110022e-03	 9.58e-01 Accepted	 418	 1769	
426	 5.4230148e-01	 +1.6189365e-03 -2.0835940e-03	 1.03e+00 Accepted	 426	 1776	
427	 5.4222810e-01	 +1.3977294e-03 -2.5066910e-03	 1.14e+00 Accepted	 423	 1766	
428	 5.4220741e-01	 +4.9344016e-03 +1.0630788e-03	 1.06e+00 Accepted	 419	 1757	
429	 5.4263326e-01	 +4.8119992e-03 -2.5815904e-03	 9.57e-01 Accepted	 417	 1730	
430	 5.4280933e-01	 +1.9595755e-03 -3.9455410e-04	 9.51e-01 Accepted	 420	 1795	
431	 5.4283890e-01	 +4.7276126e-03 -5.6949380e-04	 1.56e+00 Accepted	 421	 1750	
432	 5.4299035e-01	 +3.6692962e-03 -4.1343140e-04	 1.16e+00 Accepted	 419	 1777	
433	 5.4285493e-01	 +3.6378427e-03 +1.7384140e-03	 8.74e-01 Accepted	 424	 1761	
434	 5.4285493e-01	 +3.6378427e-03 +1.7384140e-03	 7.79e-01 Rejected	 415	 1709	
435	 5.4312028e-01	 +4.0582498e-04 -4.0963390e-03	 1.04e+00 Accepted	 422	 1789	
436	 5.4281589e-01	 +1.4143972e-03 -5.6248409e-04	 1.12e+00 Accepted	 421	 1748	
437	 5.4281589e-01	 +1.4143972e-03 -5.6248409e-04	 6.37e-01 Rejected	 410	 1716	
438	 5.4257041e-01	 +1.6593459e-03 -2.6146253e-04	 1.90e+00 Accepted	 419	 1767	
439	 5.4276792e-01	 +4.6633663e-04 -8.8014772e-04	 1.02e+00 Accepted	 417	 1752	
440	 5.4286223e-01	 -1.1153607e-03 -3.5949384e-03	 1.36e+00 Accepted	 421	 1773	
441	 5.4280327e-01	 +2.5797475e-03 -8.5616033e-04	 9.48e-01 Accepted	 420	 1738	
442	 5.4274404e-01	 -2.1480024e-03 +1.9263688e-04	 8.13e-01 Accepted	 416	 1787	
443	 5.4293099e-01	 -3.2901867e-04 -4.7724504e-04	 1.18e+00 Accepted	 418	 1751	
444	 5.4274155e-01	 -6.6987075e-04 -5.2602172e-04	 9.45e-01 Accepted	 419	 1731	
445	 5.4306672e-01	 +3.8142502e-03 -3.9198390e-03	 1.71e+00 Accepted	 412	 1733	
446	 5.4340764e-01	 +2.3779142e-03 -3.8695664e-03	 8.12e-01 Accepted	 412	 1740	
447	 5.4340764e-01	 +2.3779142e-03 -3.8695664e-03	 5.43e-01 Rejected	 413	 1743	
448	 5.4340764e-01	 +2.3779142e-03 -3.8695664e-03	 9.06e-01 Rejected	 416	 1737	
449	 5.4340764e-01	 +2.3779142e-03 -3.8695664e-03	 7.65e-01 Rejected	 418	 1785	
450	 5.4336523e-01	 +1.7664907e-04 -1.5731630e-03	 1.53e+00 Accepted	 415	 1752	
451	 5.4336523e-01	 +1.7664907e-04 -1.5731630e-03	 7.98e-01 Rejected	 415	 1755	
452	 5.4279815e-01	 +1.8234726e-03 -1.9686787e-03	 6.13e-01 Accepted	 418	 1785	
453	 5.4194260e-01	 +2.0880145e-03 -2.1459013e-03	 6.19e-01 Accepted	 418	 1768	
454	 5.4214112e-01	 +1.1612055e-03 +2.4124724e-03	 1.44e+00 Accepted	 420	 1787	
455	 5.4232500e-01	 +4.0203932e-03 -3.4730255e-04	 1.25e+00 Accepted	 425	 1787	
456	 5.4232500e-01	 +4.0203932e-03 -3.4730255e-04	 5.28e-01 Rejected	 419	 1797	
457	 5.4229679e-01	 -5.5675580e-04 +6.7430763e-04	 8.41e-01 Accepted	 418	 1735	
458	 5.4195292e-01	 +4.8989820e-03 -8.0841709e-04	 3.34e-01 Accepted	 417	 1777	
459	 5.4207981e-01	 -1.2830859e-03 -2.3894815e-03	 1.06e+00 Accepted	 415	 1741	
460	 5.4227176e-01	 +2.7769479e-03 +1.4998501e-03	 1.16e+00 Accepted	 413	 1781	
461	 5.4250800e-01	 +1.1637007e-03 -2.3697097e-03	 9.23e-01 Accepted	 419	 1789	
462	 5.4246371e-01	 +1.4751608e-03 -3.5847617e-04	 7.77e-01 Accepted	 420	 1777	
463	 5.4217170e-01	 +1.5449893e-03 -3.6707667e-03	 7.79e-01 Accepted	 420	 1810	
464	 5.4179863e-01	 +3.8024091e-04 -5.0695600e-04	 9.04e-01 Accepted	 425	 1763	
465	 5.4224180e-01	 +2.0322999e-03 +8.2222860e-04	 8.75e-01 Accepted	 421	 1772	
466	 5.4259484e-01	 -1.1520433e-04 -1.4611119e-03	 1.17e+00 Accepted	 419	 1759	
467	 5.4237759e-01	 +3.5623454e-03 -5.6609490e-04	 9.50e-01 Accepted	 419	 1776	
468	 5.4220385e-01	 -1.2401819e-03 -1.6636236e-03	 7.71e-01 Accepted	 415	 1730	
469	 5.4235957e-01	 -8.9464636e-05 -1.0842251e-04	 9.36e-01 Accepted	 409	 1740	
470	 5.4255634e-01	 -2.7261352e-03 -1.6822851e-03	 1.02e+00 Accepted	 412	 1721	
471	 5.4286507e-01	 -6.2245473e-04 +9.3180098e-04	 9.83e-01 Accepted	 411	 1737	
472	 5.4298264e-01	 +1.3108057e-03 +2.2899048e-03	 9.85e-01 Accepted	 411	 1730	
473	 5.4298264e-01	 +1.3108057e-03 +2.2899048e-03	 6.43e-01 Rejected	 411	 1730	
474	 5.4224006e-01	 +4.1504708e-03 -1.2127203e-03	 1.25e+00 Accepted	 415	 1745	
475	 5.4219786e-01	 -3.0922120e-03 +2.0187074e-04	 1.08e+00 Accepted	 422	 1767	
476	 5.4255940e-01	 +5.0733427e-03 -1.2440201e-03	 2.30e+00 Accepted	 423	 1780	
477	 5.4248442e-01	 +1.4460113e-03 -4.1330757e-04	 8.36e-01 Accepted	 423	 1794	
478	 5.4259684e-01	 -2.1315803e-03 -1.3364871e-05	 9.24e-01 Accepted	 428	 1768	
479	 5.4243929e-01	 +1.7009257e-04 -5.9714382e-04	 5.71e-01 Accepted	 426	 1796	
480	 5.4250632e-01	 -2.1567726e-04 -9.7320849e-04	 8.52e-01 Accepted	 427	 1774	
481	 5.4236217e-01	 +6.1621664e-04 +1.5096828e-03	 8.96e-01 Accepted	 420	 1767	
482	 5.4230648e-01	 +1.8412165e-03 +1.9009661e-05	 1.38e+00 Accepted	 420	 1748	
483	 5.4228990e-01	 +1.4405004e-03 -2.1861402e-04	 1.01e+00 Accepted	 410	 1750	
484	 5.4195991e-01	 +2.5350099e-03 -1.6916494e-03	 1.07e+00 Accepted	 410	 1742	
485	 5.4251902e-01	 +2.9387758e-03 +1.9246835e-03	 1.52e+00 Accepted	 415	 1773	
486	 5.4230833e-01	 -8.9121077e-04 -1.2164542e-03	 1.00e+00 Accepted	 419	 1737	
487	 5.4242828e-01	 -5.0758174e-04 -1.0195015e-03	 1.27e+00 Accepted	 419	 1767	
488	 5.4242828e-01	 -5.0758174e-04 -1.0195015e-03	 6.28e-01 Rejected	 421	 1779	
489	 5.4257697e-01	 +2.7219515e-03 -9.0702229e-04	 1.09e+00 Accepted	 414	 1728	
490	 5.4228973e-01	 -2.7267078e-03 -1.9471277e-03	 1.19e+00 Accepted	 412	 1754	
491	 5.4196378e-01	 +1.8318905e-04 -1.0603122e-03	 6.53e-01 Accepted	 414	 1741	
492	 5.4214568e-01	 +8.3501233e-04 -1.1656823e-03	 1.14e+00 Accepted	 419	 1764	
493	 5.4191454e-01	 -1.6787235e-03 -4.1879317e-03	 1.04e+00 Accepted	 416	 1745	
494	 5.4231354e-01	 +3.4815399e-03 +2.7635316e-04	 1.12e+00 Accepted	 416	 1745	
495	 5.4239540e-01	 +2.3863509e-03 -2.8847841e-03	 7.63e-01 Accepted	 414	 1763	
496	 5.4197234e-01	 +6.2012454e-04 +1.3704029e-04	 7.03e-01 Accepted	 418	 1732	
497	 5.4220164e-01	 +2.7344780e-03 +1.2459582e-03	 1.07e+00 Accepted	 412	 1744	
498	 5.4241287e-01	 +1.4694657e-03 -3.5673281e-04	 1.12e+00 Accepted	 416	 1750	
499	 5.4269620e-01	 +1.1366454e-03 -3.0026538e-04	 8.27e-01 Accepted	 416	 1775	
500	 5.4271071e-01	 +2.4404343e-03 +3.8017903e-03	 1.26e+00 Accepted	 422	 1785	
501	 5.4288012e-01	 +4.5529703e-04 +3.4171748e-03	 1.24e+00 Accepted	 418	 1752	
502	 5.4301735e-01	 +1.2718846e-03 -1.7914227e-03	 1.11e+00 Accepted	 413	 1754	
503	 5.4301735e-01	 +1.2718846e-03 -1.7914227e-03	 9.37e-01 Rejected	 417	 1795	
504	 5.4284541e-01	 +2.7979604e-03 +2.5081534e-03	 7.86e-01 Accepted	 413	 1703	
505	 5.4249016e-01	 +1.3092411e-03 +4.3185512e-03	 7.86e-01 Accepted	 404	 1697	
506	 5.4287640e-01	 +2.9152644e-03 -1.0647721e-03	 1.35e+00 Accepted	 417	 1797	
507	 5.4282372e-01	 -2.1735890e-03 +2.5120020e-03	 9.90e-01 Accepted	 419	 1703	
508	 5.4317455e-01	 -4.5839916e-05 +1.0930604e-03	 1.46e+00 Accepted	 415	 1758	
509	 5.4291698e-01	 +7.6106263e-04 +1.1527735e-03	 9.71e-01 Accepted	 421	 1771	
510	 5.4260890e-01	 +1.1729824e-04 -1.9279868e-03	 5.57e-01 Accepted	 422	 1778	
511	 5.4284972e-01	 -2.8461794e-04 +4.3359040e-05	 1.25e+00 Accepted	 422	 1777	
512	 5.4259460e-01	 -1.1313174e-03 +3.4590939e-03	 8.07e-01 Accepted	 421	 1773	
513	 5.4251020e-01	 +6.5155753e-04 +1.2284215e-03	 1.48e+00 Accepted	 425	 1792	
# Starting_type: CheckpointStart
# Trajectory_length / Number_of_MD_steps: 1 / 7
# 	 Plaquette	 Polyakov_Loop(re,im)	 Acc._Probability	 runtime_per_traj(s)	 CG_iterations	
513	 5.4251020e-01	 +6.5155753e-04 +1.2284215e-03	 1.48e+00 Accepted	 440	 1792	
514	 5.4260152e-01	 +2.2000255e-03 +1.1682144e-03	 8.14e-01 Accepted	 427	 1792	
515	 5.4245994e-01	 -1.4192505e-04 +1.8253292e-03	 1.01e+00 Accepted	 421	 1747	
516	 5.4239327e-01	 +2.5020935e-03 +2.5546709e-03	 8.44e-01 Accepted	 423	 1842	
517	 5.4290866e-01	 +4.6727008e-03 -1.4185103e-03	 1.63e+00 Accepted	 435	 1845	
518	 5.4272714e-01	 +1.9119971e-03 +2.4690942e-03	 7.17e-01 Accepted	 429	 1766	
519	 5.4271128e-01	 +2.5461678e-03 +3.1012196e-03	 1.27e+00 Accepted	 417	 1734	
520	 5.4304438e-01	 +2.1023748e-03 +2.7768091e-03	 1.05e+00 Accepted	 415	 1735	
521	 5.4271652e-01	 +1.2193506e-03 +2.1132786e-03	 1.04e+00 Accepted	 421	 1777	
522	 5.4252057e-01	 +1.8009894e-03 +8.5748644e-04	 9.92e-01 Accepted	 421	 1771	
523	 5.4276840e-01	 +3.5620753e-03 +7.9345999e-04	 1.62e+00 Accepted	 418	 1758	
524	 5.4309566e-01	 +5.3393756e-03 +5.1249844e-04	 1.01e+00 Accepted	 417	 1788	
525	 5.4307416e-01	 +5.8754257e-03 -2.2053200e-03	 6.90e-01 Accepted	 422	 1793	
526	 5.4299767e-01	 +1.5281248e-03 -9.8197858e-04	 8.63e-01 Accepted	 423	 1766	
527	 5.4283611e-01	 +2.2687693e-03 +3.8209140e-03	 1.08e+00 Accepted	 415	 1756	
528	 5.4270778e-01	 +3.3345072e-03 +9.4873780e-04	 1.20e+00 Accepted	 419	 1745	
529	 5.4270778e-01	 +3.3345072e-03 +9.4873780e-04	 7.21e-01 Rejected	 418	 1759	
530	 5.4256504e-01	 +3.5975240e-03 -2.6756214e-04	 7.58e-01 Accepted	 419	 1758	
531	 5.4240196e-01	 +2.3229636e-03 -2.8586282e-04	 9.84e-01 Accepted	 417	 1767	
532	 5.4240196e-01	 +2.3229636e-03 -2.8586282e-04	 7.54e-01 Rejected	 427	 1779	
533	 5.4246677e-01	 +3.8458323e-03 +6.1705319e-05	 1.12e+00 Accepted	 421	 1778	
534	 5.4246677e-01	 +3.8458323e-03 +6.1705319e-05	 7.24e-01 Rejected	 426	 1780	
535	 5.4229331e-01	 +1.4208219e-03 +9.6195151e-04	 1.05e+00 Accepted	 425	 1806	
536	 5.4243336e-01	 +1.7278531e-03 -3.2226050e-03	 6.95e-01 Accepted	 428	 1794	
537	 5.4240669e-01	 +1.1887384e-03 +1.0249550e-03	 7.35e-01 Accepted	 429	 1789	
538	 5.4229643e-01	 +2.8124134e-03 -1.5641270e-03	 7.15e-01 Accepted	 423	 1754	
539	 5.4216298e-01	 +2.4157790e-03 +7.6330222e-04	 1.08e+00 Accepted	 415	 1728	
540	 5.4157333e-01	 +3.4124103e-03 -7.4171615e-04	 6.91e-01 Accepted	 422	 1811	
541	 5.4149055e-01	 +2.2663147e-03 +1.2124257e-03	 1.27e+00 Accepted	 428	 1828	
542	 5.4157242e-01	 +6.4407096e-04 -1.1139094e-05	 1.25e+00 Accepted	 431	 1767	
543	 5.4156025e-01	 +2.3404878e-03 +1.8891921e-03	 1.22e+00 Accepted	 422	 1766	
544	 5.4139042e-01	 +3.0537897e-04 -1.3864071e-03	 6.36e-01 Accepted	 418	 1752	
545	 5.4167810e-01	 +2.3880356e-04 +1.3696474e-03	 1.37e+00 Accepted	 421	 1778	
546	 5.4167976e-01	 +1.4885581e-04 +3.1157823e-03	 1.59e+00 Accepted	 424	 1772	
547	 5.4162282e-01	 +2.7289904e-03 +2.3514661e-03	 8.32e-01 Accepted	 421	 1777	
548	 5.4151917e-01	 +4.8815121e-03 +9.1753161e-04	 9.62e-01 Accepted	 426	 1778	
549	 5.4152348e-01	 +5.4750336e-04 -4.7580403e-04	 7.16e-01 Accepted	 423	 1784	
550	 5.4152348e-01	 +5.4750336e-04 -4.7580403e-04	 7.36e-01 Rejected	 421	 1746	
551	 5.4155681e-01	 -4.6890763e-04 +7.1863996e-04	 1.12e+00 Accepted	 421	 1766	
552	 5.4150409e-01	 +3.7276349e-03 -2.0684393e-03	 8.57e-01 Accepted	 421	 1767	
553	 5.4146291e-01	 +2.2922166e-03 +8.0721122e-04	 7.43e-01 Accepted	 419	 1792	
554	 5.4158372e-01	 +3.9629584e-03 -2.0814107e-03	 7.30e-01 Accepted	 420	 1758	
555	 5.4152668e-01	 +4.6850377e-03 +2.5205552e-03	 9.10e-01 Accepted	 419	 1772	
556	 5.4145426e-01	 +5.0540527e-03 +6.7535239e-04	 9.47e-01 Accepted	 419	 1762	
557	 5.4148222e-01	 +4.0444861e-03 -3.0164812e-03	 9.80e-01 Accepted	 423	 1797	
558	 5.4204957e-01	 +2.8237236e-03 -2.7735580e-03	 2.04e+00 Accepted	 422	 1772	
559	 5.4199902e-01	 +1.7238756e-03 +1.1053312e-03	 1.01e+00 Accepted	 417	 1749	
560	 5.4183863e-01	 +1.4315407e-03 +1.4505249e-03	 7.89e-01 Accepted	 425	 1791	
561	 5.4188265e-01	 +3.8022670e-03 +1.6810349e-03	 8.02e-01 Accepted	 425	 1736	
562	 5.4201567e-01	 +3.8032933e-03 +3.0357828e-03	 7.46e-01 Accepted	 419	 1761	
563	 5.4201567e-01	 +3.8032933e-03 +3.0357828e-03	 6.80e-01 Rejected	 430	 1831	
564	 5.4225241e-01	 -7.3202634e-04 -4.9731643e-04	 7.95e-01 Accepted	 424	 1770	
565	 5.4266079e-01	 -2.0432872e-03 -1.2400743e-03	 9.73e-01 Accepted	 422	 1748	
566	 5.4266079e-01	 -2.0432872e-03 -1.2400743e-03	 4.75e-01 Rejected	 413	 1758	
567	 5.4266079e-01	 -2.0432872e-03 -1.2400743e-03	 5.64e-01 Rejected	 420	 1773	
568	 5.4261700e-01	 -1.8088910e-04 -3.3860325e-03	 1.38e+00 Accepted	 420	 1776	
569	 5.4270124e-01	 -3.4215575e-04 -1.8018639e-03	 1.68e+00 Accepted	 423	 1770	
570	 5.4278789e-01	 -1.4152487e-04 -7.6198987e-04	 8.28e-01 Accepted	 422	 1759	
571	 5.4290400e-01	 +2.9073641e-03 +7.9251681e-04	 8.96e-01 Accepted	 421	 1767	
572	 5.4275358e-01	 +5.2861134e-03 +2.7920681e-03	 6.19e-01 Accepted	 416	 1706	
573	 5.4261232e-01	 +5.6385922e-04 -3.1165716e-03	 8.59e-01 Accepted	 419	 1793	
574	 5.4230730e-01	 -1.0102661e-03 +4.2142294e-04	 7.96e-01 Accepted	 422	 1746	
575	 5.4198247e-01	 +4.0910148e-03 -1.0748185e-03	 1.08e+00 Accepted	 420	 1772	
576	 5.4198684e-01	 +4.3671948e-03 +7.9303667e-04	 9.27e-01 Accepted	 422	 1757	
577	 5.4228423e-01	 +9.3405170e-04 -7.4946211e-04	 1.04e+00 Accepted	 422	 1733	
578	 5.4218429e-01	 +2.7258377e-03 +6.4092293e-06	 7.24e-01 Accepted	 417	 1759	
579	 5.4184312e-01	 -1.2667560e-03 -1.7295323e-03	 8.51e-01 Accepted	 420	 1801	
580	 5.4153454e-01	 +2.3152173e-04 -2.2611126e-03	 7.80e-01 Accepted	 428	 1793	
581	 5.4125861e-01	 +1.1969146e-03 -1.5243950e-03	 7.09e-01 Accepted	 420	 1737	
582	 5.4211974e-01	 +3.8807743e-03 +7.9677248e-04	 2.02e+00 Accepted	 419	 1777	
583	 5.4202837e-01	 +2.2452234e-04 -2.3655716e-03	 8.18e-01 Accepted	 420	 1764	
584	 5.4184526e-01	 -4.3927301e-06 -1.9132383e-05	 7.86e-01 Accepted	 421	 1730	
585	 5.4180138e-01	 +3.0469160e-03 -8.3548820e-04	 7.05e-01 Accepted	 418	 1778	
586	 5.4199820e-01	 +1.1265802e-03 +1.2319161e-03	 9.22e-01 Accepted	 421	 1745	
587	 5.4165403e-01	 -1.5057760e-03 +3.1059272e-05	 5.39e-01 Accepted	 413	 1725	
588	 5.4164285e-01	 -7.5221452e-04 +1.4664586e-03	 1.03e+00 Accepted	 413	 1735	
589	 5.4211845e-01	 +1.3509681e-03 +2.6085485e-03	 1.15e+00 Accepted	 411	 1766	
590	 5.4250522e-01	 +2.5594514e-03 -5.8015855e-04	 1.23e+00 Accepted	 424	 1791	
591	 5.4281307e-01	 +1.7352603e-03 +8.1840194e-04	 1.53e+00 Accepted	 421	 1733	
592	 5.4281307e-01	 +1.7352603e-03 +8.1840194e-04	 5.58e-01 Rejected	 420	 1771	
593	 5.4281307e-01	 +1.7352603e-03 +8.1840194e-04	 8.28e-01 Rejected	 417	 1765	
594	 5.4283516e-01	 +9.2206227e-04 +2.1641346e-03	 1.18e+00 Accepted	 415	 1761	
595	 5.4277762e-01	 +1.4324683e-03 +1.0686081e-03	 1.01e+00 Accepted	 412	 1703	
596	 5.4306049e-01	 +2.3279550e-03 -6.4306764e-05	 9.17e-01 Accepted	 413	 1747	
597	 5.4330418e-01	 -1.2334474e-03 -5.6604796e-04	 9.50e-01 Accepted	 421	 1766	
598	 5.4295698e-01	 +5.7034252e-03 +2.0644547e-03	 7.49e-01 Accepted	 418	 1735	
599	 5.4282340e-01	 -3.8426249e-04 -4.9035295e-04	 6.64e-01 Accepted	 409	 1707	
600	 5.4256420e-01	 +2.9828916e-03 +2.3978943e-03	 9.62e-01 Accepted	 409	 1714	
601	 5.4301680e-01	 +9.8016625e-04 +2.7497889e-04	 1.26e+00 Accepted	 418	 1754	
602	 5.4301680e-01	 +9.8016625e-04 +2.7497889e-04	 7.63e-01 Rejected	 415	 1724	
603	 5.4238182e-01	 -2.4641249e-03 -5.6533292e-04	 8.10e-01 Accepted	 418	 1750	
604	 5.4284999e-01	 +3.4646613e-07 +1.6482426e-03	 7.64e-01 Accepted	 417	 1751	
605	 5.4322169e-01	 +4.9838650e-04 +1.3896334e-03	 2.79e+00 Accepted	 416	 1726	
606	 5.4312162e-01	 -2.2129799e-04 -2.1686974e-03	 7.58e-01 Accepted	 412	 1695	
607	 5.4331138e-01	 +3.0022324e-04 -5.9415644e-04	 9.36e-01 Accepted	 408	 1715	
608	 5.4303135e-01	 +8.4125158e-04 +7.0925876e-04	 7.11e-01 Accepted	 415	 1766	
609	 5.4329780e-01	 +1.0288160e-03 -1.2228506e-03	 8.52e-01 Accepted	 417	 1710	
610	 5.4347571e-01	 +2.8655550e-03 +3.3201390e-04	 1.29e+00 Accepted	 418	 1725	
611	 5.4330631e-01	 +2.7845613e-03 +2.4772562e-03	 1.42e+00 Accepted	 414	 1739	
612	 5.4266464e-01	 +1.4448354e-03 -1.9200769e-04	 6.83e-01 Accepted	 418	 1735	
613	 5.4222715e-01	 +1.3679673e-03 -1.8947484e-04	 1.26e+00 Accepted	 420	 1842	
614	 5.4192970e-01	 +9.8255988e-04 -1.8728429e-03	 9.18e-01 Accepted	 433	 1832	
# Starting_type: CheckpointStart
# Trajectory_length / Number_of_MD_steps: 1 / 7
# 	 Plaquette	 Polyakov_Loop(re,im)	 Acc._Probability	 runtime_per_traj(s)	 CG_iterations	
615	 5.4236660e-01	 +1.0006216e-03 -7.5448919e-04	 2.39e+00 Accepted	 446	 1767	
616	 5.4260245e-01	 +3.6937301e-03 +1.4504299e-03	 1.15e+00 Accepted	 429	 1747	
617	 5.4260245e-01	 +3.6937301e-03 +1.4504299e-03	 6.56e-01 Rejected	 426	 1736	
618	 5.4219894e-01	 +1.0227802e-03 +9.7905923e-04	 1.23e+00 Accepted	 427	 1735	
619	 5.4250887e-01	 -2.7789510e-05 +1.6751774e-03	 6.74e-01 Accepted	 428	 1766	
620	 5.4264217e-01	 +3.1613218e-03 -3.1554067e-04	 1.21e+00 Accepted	 431	 1730	
621	 5.4218843e-01	 -1.0434342e-03 -1.8283859e-03	 8.00e-01 Accepted	 426	 1759	
622	 5.4241236e-01	 +2.0620549e-03 +6.6561355e-04	 1.20e+00 Accepted	 436	 1746	
623	 5.4216048e-01	 +2.1503063e-03 -4.5992024e-04	 7.72e-01 Accepted	 428	 1737	
624	 5.4208393e-01	 +1.5685220e-03 -1.7140495e-03	 1.03e+00 Accepted	 428	 1769	
625	 5.4183879e-01	 -1.1811237e-03 +2.2423263e-03	 8.37e-01 Accepted	 433	 1774	
626	 5.4143680e-01	 +5.2880135e-03 -9.8095133e-05	 6.25e-01 Accepted	 428	 1772	
627	 5.4142714e-01	 +1.2042292e-03 +1.9583754e-03	 1.02e+00 Accepted	 433	 1788	
628	 5.4154890e-01	 +3.2038789e-03 -9.9523196e-04	 6.17e-01 Accepted	 435	 1742	
629	 5.4160546e-01	 +2.5145527e-04 -1.4136366e-03	 8.89e-01 Accepted	 429	 1748	
630	 5.4160546e-01	 +2.5145527e-04 -1.4136366e-03	 7.84e-01 Rejected	 436	 1773	
631	 5.4160546e-01	 +2.5145527e-04 -1.4136366e-03	 8.07e-01 Rejected	 430	 1751	
632	 5.4181656e-01	 +2.7201141e-03 +7.4171236e-04	 1.05e+00 Accepted	 425	 1722	
633	 5.4228678e-01	 +1.6631079e-03 +9.5733478e-04	 1.12e+00 Accepted	 427	 1738	
634	 5.4248157e-01	 +5.2258413e-04 -1.4941058e-04	 1.18e+00 Accepted	 433	 1767	
635	 5.4241359e-01	 +1.4364950e-03 -1.1345915e-04	 9.25e-01 Accepted	 430	 1730	
636	 5.4228694e-01	 +9.9347642e-04 -3.2491860e-03	 7.37e-01 Accepted	 430	 1778	
637	 5.4200724e-01	 +2.3272369e-03 +5.3425077e-04	 9.20e-01 Accepted	 437	 1779	
638	 5.4182043e-01	 +2.2094981e-03 +2.8001353e-03	 1.04e+00 Accepted	 435	 1777	
639	 5.4189122e-01	 +2.8067825e-03 -1.7802125e-03	 1.91e+00 Accepted	 437	 1766	
640	 5.4170120e-01	 +3.6560174e-04 -1.9888297e-03	 7.36e-01 Accepted	 427	 1768	
641	 5.4194797e-01	 +1.9912769e-03 -4.3645994e-04	 1.35e+00 Accepted	 432	 1799	
642	 5.4194797e-01	 +1.9912769e-03 -4.3645994e-04	 5.93e-01 Rejected	 430	 1750	
643	 5.4194797e-01	 +1.9912769e-03 -4.3645994e-04	 8.56e-01 Rejected	 439	 1788	
644	 5.4183258e-01	 +3.4661365e-03 +3.2857331e-04	 7.37e-01 Accepted	 434	 1811	
645	 5.4202210e-01	 +1.6573652e-03 -5.4777275e-04	 1.05e+00 Accepted	 432	 1737	
646	 5.4220151e-01	 +9.2197538e-04 +2.3026250e-04	 1.25e+00 Accepted	 427	 1752	
647	 5.4185033e-01	 +7.9115631e-04 +2.9489864e-04	 8.39e-01 Accepted	 430	 1749	
648	 5.4238038e-01	 +1.3133567e-04 +7.0791627e-04	 1.41e+00 Accepted	 426	 1757	
649	 5.4261186e-01	 -8.6638493e-04 +2.0720658e-03	 9.53e-01 Accepted	 426	 1718	
650	 5.4261186e-01	 -8.6638493e-04 +2.0720658e-03	 5.41e-01 Rejected	 426	 1722	
651	 5.4261186e-01	 -8.6638493e-04 +2.0720658e-03	 7.90e-01 Rejected	 420	 1697	
652	 5.4274659e-01	 -2.3962208e-04 +2.8090869e-03	 1.24e+00 Accepted	 425	 1758	
653	 5.4283404e-01	 +3.8097244e-03 -5.2502633e-04	 9.56e-01 Accepted	 423	 1708	
654	 5.4271920e-01	 -1.7318573e-03 +2.1780378e-03	 8.84e-01 Accepted	 419	 1700	
655	 5.4283507e-01	 +2.3245724e-03 +1.2267910e-03	 1.17e+00 Accepted	 419	 1716	
656	 5.4256549e-01	 +1.6076317e-03 -1.5510356e-03	 1.07e+00 Accepted	 420	 1729	
657	 5.4255125e-01	 +1.5027436e-03 -9.0392330e-07	 1.08e+00 Accepted	 431	 1815	
658	 5.4254025e-01	 +2.2652092e-04 -1.6743407e-03	 8.38e-01 Accepted	 443	 1814	
659	 5.4254025e-01	 +2.2652092e-04 -1.6743407e-03	 5.01e-01 Rejected	 434	 1736	
660	 5.4290325e-01	 +4.6935432e-03 +7.2341892e-04	 1.26e+00 Accepted	 437	 1739	
661	 5.4277871e-01	 +4.4403568e-04 +2.0661849e-03	 8.26e-01 Accepted	 431	 1817	
662	 5.4251098e-01	 +2.6353189e-03 +1.4800503e-03	 8.81e-01 Accepted	 448	 1841	
663	 5.4267515e-01	 +1.7443503e-03 -2.0381862e-03	 1.05e+00 Accepted	 444	 1787	
664	 5.4238546e-01	 +1.5972545e-03 +9.8151327e-04	 1.19e+00 Accepted	 433	 1735	
665	 5.4235328e-01	 +5.3904528e-03 -9.2241412e-04	 1.11e+00 Accepted	 426	 1730	
666	 5.4276684e-01	 +2.6553642e-03 -7.4349288e-04	 1.93e+00 Accepted	 423	 1725	
667	 5.4276684e-01	 +2.6553642e-03 -7.4349288e-04	 7.40e-01 Rejected	 427	 1726	
668	 5.4320470e-01	 +4.9542326e-03 -1.0332812e-03	 7.62e-01 Accepted	 425	 1755	
669	 5.4323970e-01	 +1.4509908e-03 +7.0812698e-05	 9.56e-01 Accepted	 429	 1740	
670	 5.4294168e-01	 +2.2196824e-03 -1.6628617e-03	 6.17e-01 Accepted	 429	 1764	
671	 5.4278895e-01	 +3.7238473e-03 -7.2972475e-04	 9.30e-01 Accepted	 433	 1758	
672	 5.4331407e-01	 +2.0846785e-03 -9.8011939e-04	 9.85e-01 Accepted	 433	 1771	
673	 5.4290151e-01	 +2.3173781e-03 -1.4657533e-03	 1.00e+00 Accepted	 436	 1781	
674	 5.4268142e-01	 -2.8690067e-04 -1.6544502e-03	 8.93e-01 Accepted	 429	 1771	
675	 5.4265624e-01	 +1.6056857e-04 -9.5786291e-04	 6.39e-01 Accepted	 432	 1776	
676	 5.4250941e-01	 +5.0640246e-03 -4.7016084e-04	 8.86e-01 Accepted	 429	 1752	
677	 5.4255098e-01	 +1.0832024e-03 -3.9949548e-05	 9.25e-01 Accepted	 429	 1753	
678	 5.4208678e-01	 +4.4161083e-03 -2.7102015e-03	 6.86e-01 Accepted	 430	 1759	
679	 5.4208306e-01	 +4.1677681e-03 +5.3991115e-04	 1.04e+00 Accepted	 432	 1775	
680	 5.4208306e-01	 +4.1677681e-03 +5.3991115e-04	 5.72e-01 Rejected	 434	 1756	
681	 5.4199107e-01	 +2.2181486e-03 -1.2119181e-03	 5.45e-01 Accepted	 429	 1719	
682	 5.4210945e-01	 +3.0831700e-03 -2.2734279e-04	 1.39e+00 Accepted	 428	 1738	
683	 5.4242733e-01	 +4.0741712e-03 +5.3801339e-05	 1.21e+00 Accepted	 429	 1777	
684	 5.4210521e-01	 +1.4509467e-03 +3.1706753e-04	 6.78e-01 Accepted	 432	 1770	
685	 5.4238051e-01	 +2.6483094e-03 +6.3652105e-04	 9.66e-01 Accepted	 435	 1783	
686	 5.4227182e-01	 +3.2047936e-03 +2.7785392e-03	 1.19e+00 Accepted	 438	 1788	
687	 5.4227182e-01	 +3.2047936e-03 +2.7785392e-03	 6.68e-01 Rejected	 434	 1762	
688	 5.4249369e-01	 +4.0325165e-03 +9.6317694e-04	 9.84e-01 Accepted	 436	 1778	
689	 5.4271679e-01	 +1.2832017e-03 +1.8984271e-03	 1.56e+00 Accepted	 433	 1766	
690	 5.4271679e-01	 +1.2832017e-03 +1.8984271e-03	 7.07e-01 Rejected	 435	 1771	
691	 5.4271679e-01	 +1.2832017e-03 +1.8984271e-03	 6.39e-01 Rejected	 434	 1769	
692	 5.4244176e-01	 +3.7499539e-03 +9.9435483e-04	 1.49e+00 Accepted	 435	 1767	
693	 5.4260224e-01	 +2.4380762e-03 +2.1188804e-03	 1.74e+00 Accepted	 432	 1779	
694	 5.4195132e-01	 -1.1975093e-03 +2.2203287e-03	 5.21e-01 Accepted	 431	 1753	
695	 5.4218907e-01	 +3.6271322e-03 +5.5381366e-04	 1.66e+00 Accepted	 434	 1808	
696	 5.4227390e-01	 +3.2263607e-03 +1.3137116e-03	 1.17e+00 Accepted	 438	 1766	
697	 5.4251465e-01	 +3.1610962e-03 +2.2893709e-03	 7.18e-01 Accepted	 438	 1763	
698	 5.4314880e-01	 +1.9093482e-03 -5.8385233e-04	 2.09e+00 Accepted	 432	 1704	
699	 5.4306802e-01	 +6.8549980e-04 -2.3662668e-03	 8.67e-01 Accepted	 424	 1729	
700	 5.4303963e-01	 -7.0904018e-04 +1.2854250e-03	 1.53e+00 Accepted	 427	 1725	
701	 5.4277253e-01	 -4.5712897e-04 +1.8721331e-03	 6.69e-01 Accepted	 427	 1726	
702	 5.4277423e-01	 +3.6160460e-05 +1.6791092e-03	 9.90e-01 Accepted	 426	 1737	
703	 5.4257607e-01	 +1.1158166e-03 -2.8646989e-03	 8.63e-01 Accepted	 428	 1772	
704	 5.4257607e-01	 +1.1158166e-03 -2.8646989e-03	 3.94e-01 Rejected	 431	 1782	
705	 5.4253403e-01	 +4.9964317e-03 -1.2248055e-03	 8.66e-01 Accepted	 429	 1771	
706	 5.4272830e-01	 -1.4615692e-03 -1.0866014e-03	 6.21e-01 Accepted	 429	 1750	
707	 5.4272830e-01	 -1.4615692e-03 -1.0866014e-03	 7.13e-01 Rejected	 428	 1735	
708	 5.4276348e-01	 +3.2501395e-03 +1.3247469e-03	 9.37e-01 Accepted	 426	 1721	
709	 5.4248055e-01	 +1.1875129e-03 -8.3063672e-04	 7.38e-01 Accepted	 426	 1723	
710	 5.4258093e-01	 +3.8447655e-03 +1.5569806e-03	 1.47e+00 Accepted	 426	 1741	
711	 5.4258315e-01	 +3.4075248e-03 +1.1804849e-03	 8.84e-01 Accepted	 432	 1766	
712	 5.4288337e-01	 +1.9358768e-04 +8.1598871e-04	 1.33e+00 Accepted	 424	 1705	
713	 5.4302203e-01	 -1.1350505e-03 +1.1054817e-03	 1.19e+00 Accepted	 426	 1739	
714	 5.4300952e-01	 +6.5315002e-04 -1.1442426e-03	 7.06e-01 Accepted	 425	 1733	
# Starting_type: CheckpointStart
# Trajectory_length / Number_of_MD_steps: 1 / 7
# 	 Plaquette	 Polyakov_Loop(re,im)	 Acc._Probability	 runtime_per_traj(s)	 CG_iterations	
715	 5.4296280e-01	 +4.0485738e-04 -1.7093195e-03	 7.04e-01 Accepted	 422	 1738	
716	 5.4318583e-01	 +1.4046007e-03 -3.2032490e-04	 8.26e-01 Accepted	 410	 1743	
717	 5.4312139e-01	 +7.3375213e-04 +5.2068066e-04	 6.38e-01 Accepted	 420	 1754	
718	 5.4297650e-01	 -1.0862972e-03 +7.3500627e-04	 1.56e+00 Accepted	 414	 1756	
719	 5.4331245e-01	 -2.7765622e-04 -8.8011620e-04	 1.06e+00 Accepted	 421	 1772	
720	 5.4311096e-01	 -1.4040008e-03 -5.6558502e-04	 7.28e-01 Accepted	 424	 1750	
721	 5.4317406e-01	 +3.4312911e-04 +1.5663300e-03	 1.28e+00 Accepted	 412	 1719	
722	 5.4329638e-01	 +1.9202180e-03 +5.7144732e-04	 1.40e+00 Accepted	 412	 1727	
723	 5.4304895e-01	 +1.0397988e-03 +5.6977260e-04	 8.70e-01 Accepted	 414	 1765	
724	 5.4292912e-01	 +2.0245283e-03 -9.9566517e-04	 7.36e-01 Accepted	 418	 1710	
725	 5.4292912e-01	 +2.0245283e-03 -9.9566517e-04	 7.95e-01 Rejected	 413	 1757	
726	 5.4257210e-01	 +2.3127303e-03 +4.3888488e-04	 8.30e-01 Accepted	 410	 1714	
727	 5.4254068e-01	 +4.2863689e-04 +2.4231356e-04	 1.11e+00 Accepted	 414	 1707	
728	 5.4252635e-01	 +4.0658380e-03 -2.7730377e-04	 9.07e-01 Accepted	 410	 1707	
729	 5.4281572e-01	 +2.3333521e-03 +2.4637407e-03	 1.61e+00 Accepted	 411	 1765	
730	 5.4255166e-01	 -3.3539242e-03 +2.5034502e-04	 8.86e-01 Accepted	 417	 1735	
731	 5.4249846e-01	 +3.2357948e-03 -1.0677966e-03	 7.14e-01 Accepted	 416	 1760	
732	 5.4220903e-01	 +1.2173608e-03 -8.5360425e-04	 1.30e+00 Accepted	 419	 1766	
733	 5.4175499e-01	 -2.5189887e-04 +1.4380114e-03	 1.32e+00 Accepted	 418	 1740	
734	 5.4175499e-01	 -2.5189887e-04 +1.4380114e-03	 8.46e-01 Rejected	 416	 1743	
735	 5.4221752e-01	 +6.6077536e-04 +3.7645415e-04	 9.66e-01 Accepted	 417	 1770	
736	 5.4230839e-01	 +2.6427397e-03 +1.4367022e-03	 1.16e+00 Accepted	 415	 1723	
737	 5.4242434e-01	 +9.3111100e-04 +1.5563222e-03	 8.41e-01 Accepted	 415	 1764	
738	 5.4250089e-01	 +9.1303185e-04 +4.8476111e-06	 4.48e-01 Accepted	 418	 1743	
739	 5.4255045e-01	 +2.2002804e-03 +3.6152444e-03	 1.33e+00 Accepted	 416	 1742	
740	 5.4267131e-01	 +2.7008478e-04 -1.2170990e-03	 1.33e+00 Accepted	 419	 1733	
741	 5.4286407e-01	 -1.8382233e-03 +1.6360917e-03	 1.25e+00 Accepted	 416	 1729	
742	 5.4286407e-01	 -1.8382233e-03 +1.6360917e-03	 3.84e-01 Rejected	 417	 1740	
743	 5.4243386e-01	 +1.6838581e-03 +7.4804213e-04	 8.30e-01 Accepted	 418	 1753	
744	 5.4224261e-01	 -1.1076819e-03 +1.8358983e-03	 1.04e+00 Accepted	 422	 1765	
745	 5.4245778e-01	 +2.1883265e-04 -1.1430884e-03	 1.70e+00 Accepted	 423	 1800	
746	 5.4233112e-01	 +4.3694421e-04 +1.5429129e-03	 9.02e-01 Accepted	 430	 1822	
747	 5.4268244e-01	 +1.6447976e-03 +3.7687230e-03	 1.25e+00 Accepted	 425	 1758	
748	 5.4316993e-01	 +3.1129772e-03 +4.7794463e-04	 1.69e+00 Accepted	 415	 1710	
749	 5.4316993e-01	 +3.1129772e-03 +4.7794463e-04	 8.22e-01 Rejected	 417	 1755	
750	 5.4282410e-01	 +2.7790905e-03 +2.3888845e-03	 1.12e+00 Accepted	 413	 1775	
751	 5.4253198e-01	 +1.1390122e-03 +1.4836890e-03	 1.01e+00 Accepted	 422	 1778	
752	 5.4235960e-01	 -2.0425403e-04 +2.5583878e-03	 6.95e-01 Accepted	 422	 1769	
753	 5.4236199e-01	 -6.4408342e-04 -2.7926273e-03	 1.07e+00 Accepted	 415	 1739	
754	 5.4267283e-01	 +7.8621164e-06 -1.5526059e-03	 1.05e+00 Accepted	 418	 1771	
755	 5.4288663e-01	 -2.4343823e-03 +2.9886209e-03	 1.14e+00 Accepted	 417	 1746	
756	 5.4275199e-01	 -1.1604726e-03 -2.9145261e-04	 7.99e-01 Accepted	 415	 1763	
757	 5.4278184e-01	 +2.8793672e-04 -1.3695511e-03	 1.27e+00 Accepted	 415	 1738	
758	 5.4292936e-01	 -3.9202656e-04 -5.4493501e-04	 1.68e+00 Accepted	 415	 1760	
759	 5.4331543e-01	 +1.7815681e-05 +1.7529867e-03	 9.86e-01 Accepted	 416	 1742	
760	 5.4309909e-01	 +3.4160645e-03 +9.9092601e-04	 7.09e-01 Accepted	 420	 1757	
761	 5.4262183e-01	 +3.3615276e-03 +1.9287665e-03	 9.76e-01 Accepted	 422	 1791	
762	 5.4226755e-01	 +4.1154960e-03 +3.5127200e-04	 1.12e+00 Accepted	 425	 1776	
763	 5.4184805e-01	 +1.8435541e-03 +3.8872511e-03	 4.83e-01 Accepted	 424	 1785	
764	 5.4208723e-01	 +4.2408882e-04 -1.9490451e-03	 7.69e-01 Accepted	 417	 1725	
765	 5.4194072e-01	 +1.0602803e-03 +1.5806470e-03	 6.55e-01 Accepted	 415	 1743	
766	 5.4181671e-01	 +7.6417998e-05 +4.3647032e-04	 1.87e+00 Accepted	 417	 1785	
767	 5.4212354e-01	 +2.0915548e-04 -1.2110681e-03	 1.30e+00 Accepted	 421	 1759	
768	 5.4189177e-01	 +1.8923094e-03 -9.3063415e-05	 1.25e+00 Accepted	 422	 1785	
769	 5.4168364e-01	 +3.9001870e-03 +1.5392411e-03	 8.11e-01 Accepted	 421	 1736	
770	 5.4180223e-01	 -4.1653247e-04 +1.0308788e-03	 1.86e+00 Accepted	 415	 1720	
771	 5.4196937e-01	 -1.0941189e-04 +9.6007390e-04	 8.53e-01 Accepted	 419	 1818	
772	 5.4196937e-01	 -1.0941189e-04 +9.6007390e-04	 6.99e-01 Rejected	 427	 1760	
773	 5.4194277e-01	 +2.1422154e-03 +2.5998079e-03	 7.81e-01 Accepted	 427	 1772	
774	 5.4194277e-01	 +2.1422154e-03 +2.5998079e-03	 8.65e-01 Rejected	 418	 1769	
775	 5.4194277e-01	 +2.1422154e-03 +2.5998079e-03	 8.08e-01 Rejected	 417	 1753	
776	 5.4178257e-01	 +1.2448454e-03 +4.9156070e-03	 9.62e-01 Accepted	 419	 1751	
777	 5.4195463e-01	 +1.0965640e-03 +1.4688582e-03	 7.84e-01 Accepted	 422	 1794	
778	 5.4228318e-01	 -2.4430339e-03 +2.7811409e-03	 1.33e+00 Accepted	 424	 1765	
779	 5.4213912e-01	 -4.9366132e-04 -1.1608439e-03	 7.96e-01 Accepted	 418	 1773	
780	 5.4211586e-01	 +3.4991980e-04 -1.3528945e-03	 9.78e-01 Accepted	 417	 1741	
781	 5.4238955e-01	 +2.9448998e-03 -1.1109518e-04	 8.33e-01 Accepted	 417	 1747	
782	 5.4316725e-01	 +3.1814432e-03 -1.4738821e-03	 1.88e+00 Accepted	 414	 1714	
783	 5.4276196e-01	 +1.3237514e-03 +8.0100686e-04	 5.32e-01 Accepted	 411	 1711	
784	 5.4255381e-01	 +5.3116318e-03 -1.7310268e-04	 9.57e-01 Accepted	 416	 1767	
785	 5.4230140e-01	 +1.4424068e-03 -8.8411876e-04	 8.77e-01 Accepted	 418	 1762	
786	 5.4214197e-01	 -4.2126810e-04 -4.4899619e-04	 1.34e+00 Accepted	 424	 1821	
787	 5.4193189e-01	 +2.5431229e-03 +1.9240107e-04	 7.68e-01 Accepted	 422	 1755	
788	 5.4214189e-01	 +2.1941465e-03 +3.2149023e-04	 6.93e-01 Accepted	 417	 1737	
789	 5.4214189e-01	 +2.1941465e-03 +3.2149023e-04	 8.22e-01 Rejected	 420	 1796	
790	 5.4214189e-01	 +2.1941465e-03 +3.2149023e-04	 9.60e-01 Rejected	 417	 1767	
791	 5.4241952e-01	 +5.5751276e-03 +5.0208860e-04	 9.95e-01 Accepted	 417	 1768	
792	 5.4255289e-01	 +3.5412693e-05 -1.0483925e-04	 1.63e+00 Accepted	 417	 1749	
793	 5.4236663e-01	 +4.2340348e-03 +3.2617413e-03	 1.27e+00 Accepted	 418	 1761	
794	 5.4246660e-01	 +2.0647758e-03 +1.5409695e-03	 1.09e+00 Accepted	 423	 1798	
795	 5.4257827e-01	 -6.6128950e-04 -2.0457861e-03	 8.09e-01 Accepted	 428	 1798	
796	 5.4247954e-01	 -8.1148130e-04 -3.9370301e-04	 7.66e-01 Accepted	 429	 1789	
797	 5.4259068e-01	 +2.6707918e-03 -6.8746316e-04	 6.92e-01 Accepted	 427	 1800	
798	 5.4271170e-01	 +3.2118847e-03 +3.3482538e-03	 8.91e-01 Accepted	 428	 1784	
799	 5.4215255e-01	 +1.1691280e-03 +4.0452721e-05	 7.75e-01 Accepted	 426	 1761	
800	 5.4215255e-01	 +1.1691280e-03 +4.0452721e-05	 6.11e-01 Rejected	 421	 1807	
801	 5.4225069e-01	 -1.5936876e-03 +4.5631602e-04	 7.71e-01 Accepted	 419	 1736	
802	 5.4225069e-01	 -1.5936876e-03 +4.5631602e-04	 6.50e-01 Rejected	 418	 1789	
803	 5.4206918e-01	 -1.1945969e-03 -8.4836104e-04	 7.02e-01 Accepted	 418	 1771	
804	 5.4189654e-01	 +2.5043977e-03 +3.0576284e-03	 1.11e+00 Accepted	 419	 1752	
805	 5.4202282e-01	 +2.3901425e-03 +1.3885603e-03	 9.22e-01 Accepted	 416	 1728	
806	 5.4239965e-01	 +2.3245820e-03 +7.8778377e-04	 1.36e+00 Accepted	 414	 1753	
807	 5.4233449e-01	 +4.9194466e-04 -1.8009439e-04	 6.02e-01 Accepted	 416	 1768	
808	 5.4236857e-01	 -1.9300236e-03 +2.9846920e-03	 1.30e+00 Accepted	 422	 1817	
809	 5.4262380e-01	 +2.0383457e-03 +3.3262248e-03	 1.20e+00 Accepted	 431	 1784	
810	 5.4216199e-01	 +2.3590129e-03 +1.3980467e-03	 1.03e+00 Accepted	 426	 1790	
811	 5.4206254e-01	 +1.7147173e-03 +2.5547912e-03	 7.48e-01 Accepted	 425	 1821	
812	 5.4236667e-01	 +3.2873425e-03 +3.2496172e-03	 9.30e-01 Accepted	 433	 1755	
813	 5.4230886e-01	 +1.2596010e-03 +1.9088567e-03	 9.56e-01 Accepted	 425	 1783	
814	 5.4263480e-01	 +7.7002727e-04 +3.1036468e-03	 1.42e+00 Accepted	 426	 1796	
815	 5.4256032e-01	 +4.3149691e-04 +4.8041714e-03	 1.09e+00 Accepted	 426	 1789	
816	 5.4248955e-01	 +1.6702966e-03 +1.1957581e-03	 1.17e+00 Accepted	 421	 1750	
817	 5.4248955e-01	 +1.6702966e-03 +1.1957581e-03	 7.47e-01 Rejected	 415	 1736	
# Starting_type: CheckpointStart
# Trajectory_length / Number_of_MD_steps: 1 / 7
# 	 Plaquette	 Polyakov_Loop(re,im)	 Acc._Probability	 runtime_per_traj(s)	 CG_iterations	
817	 5.4248955e-01	 +1.6702966e-03 +1.1957581e-03	 7.47e-01 Rejected	 420	 1736	
818	 5.4243553e-01	 +1.1140435e-03 +6.2368861e-04	 1.06e+00 Accepted	 417	 1779	
819	 5.4222471e-01	 -9.3069598e-04 +3.3154837e-03	 1.26e+00 Accepted	 422	 1782	
820	 5.4222471e-01	 -9.3069598e-04 +3.3154837e-03	 8.45e-01 Rejected	 417	 1718	
821	 5.4206588e-01	 +1.6609339e-03 +2.7351814e-03	 8.25e-01 Accepted	 414	 1720	
822	 5.4206588e-01	 +1.6609339e-03 +2.7351814e-03	 9.18e-01 Rejected	 412	 1742	
823	 5.4184702e-01	 -1.9538257e-03 +1.4185979e-04	 8.62e-01 Accepted	 413	 1768	
824	 5.4149388e-01	 +1.8693845e-03 +1.8873108e-03	 1.03e+00 Accepted	 415	 1748	
825	 5.4160054e-01	 +8.6726533e-04 +1.0010293e-03	 1.09e+00 Accepted	 420	 1784	
826	 5.4159388e-01	 +2.3298877e-03 +1.3000632e-03	 8.34e-01 Accepted	 423	 1751	
827	 5.4159388e-01	 +2.3298877e-03 +1.3000632e-03	 7.96e-01 Rejected	 420	 1771	
828	 5.4167866e-01	 +8.3647568e-04 +6.1325636e-04	 1.02e+00 Accepted	 423	 1782	
829	 5.4178358e-01	 +2.6102182e-03 +5.6946465e-04	 9.00e-01 Accepted	 425	 1820	
830	 5.4188158e-01	 +7.5498528e-04 +1.7031949e-03	 8.51e-01 Accepted	 430	 1755	
831	 5.4188158e-01	 +7.5498528e-04 +1.7031949e-03	 7.43e-01 Rejected	 420	 1772	
832	 5.4194145e-01	 -7.6736845e-05 +2.3639697e-03	 1.60e+00 Accepted	 419	 1763	
833	 5.4200198e-01	 +2.4351192e-03 +1.7131497e-03	 1.22e+00 Accepted	 417	 1756	
834	 5.4189316e-01	 -2.0448665e-03 +4.3903064e-05	 8.95e-01 Accepted	 425	 1778	
835	 5.4205247e-01	 +2.5746374e-03 +8.0850326e-04	 8.74e-01 Accepted	 428	 1795	
836	 5.4205247e-01	 +2.5746374e-03 +8.0850326e-04	 7.28e-01 Rejected	 426	 1808	
837	 5.4221033e-01	 +3.0901385e-03 -4.6507662e-04	 1.27e+00 Accepted	 429	 1798	
838	 5.4253888e-01	 +2.8770301e-03 -1.3975981e-03	 8.04e-01 Accepted	 424	 1794	
839	 5.4231996e-01	 -1.3282302e-04 +1.1956987e-03	 6.50e-01 Accepted	 423	 1756	
840	 5.4231996e-01	 -1.3282302e-04 +1.1956987e-03	 6.69e-01 Rejected	 420	 1756	
841	 5.4242945e-01	 +3.8466600e-06 +7.5917859e-04	 1.05e+00 Accepted	 417	 1742	
842	 5.4270881e-01	 +1.9393100e-03 +2.1442578e-03	 7.88e-01 Accepted	 415	 1744	
843	 5.4282485e-01	 -2.6061716e-03 +2.2995447e-03	 1.41e+00 Accepted	 419	 1753	
844	 5.4303286e-01	 +2.9677251e-03 +1.0978307e-03	 1.54e+00 Accepted	 419	 1780	
845	 5.4291562e-01	 +5.8410565e-05 -7.5426621e-04	 1.05e+00 Accepted	 423	 1773	
846	 5.4270629e-01	 +9.0226379e-04 +2.4984705e-03	 1.00e+00 Accepted	 419	 1744	
847	 5.4270629e-01	 +9.0226379e-04 +2.4984705e-03	 6.70e-01 Rejected	 418	 1778	
848	 5.4278570e-01	 +2.8711783e-03 +3.6832763e-04	 1.12e+00 Accepted	 423	 1784	
849	 5.4278570e-01	 +2.8711783e-03 +3.6832763e-04	 6.05e-01 Rejected	 425	 1789	
850	 5.4286166e-01	 -1.4247450e-03 +1.2650017e-03	 9.07e-01 Accepted	 426	 1783	
851	 5.4286166e-01	 -1.4247450e-03 +1.2650017e-03	 8.21e-01 Rejected	 422	 1748	
852	 5.4296481e-01	 +1.4898586e-03 -6.7434392e-04	 1.10e+00 Accepted	 425	 1765	
853	 5.4241948e-01	 +2.2455658e-03 +2.6362343e-04	 8.24e-01 Accepted	 421	 1776	
854	 5.4290513e-01	 +3.9529594e-03 +2.9095930e-03	 1.84e+00 Accepted	 422	 1794	
855	 5.4260352e-01	 -3.7866559e-04 +3.8227735e-03	 9.75e-01 Accepted	 427	 1771	
856	 5.4203883e-01	 +4.3897040e-03 +1.8505733e-03	 9.23e-01 Accepted	 430	 1838	
857	 5.4213868e-01	 +1.0522641e-03 +4.7500163e-03	 1.23e+00 Accepted	 431	 1825	
858	 5.4251271e-01	 +9.7878563e-04 +2.8034184e-03	 1.61e+00 Accepted	 430	 1776	
859	 5.4276767e-01	 +4.0872008e-03 +1.5008534e-03	 1.38e+00 Accepted	 424	 1781	
860	 5.4263988e-01	 +4.2535923e-03 +1.0819649e-03	 1.23e+00 Accepted	 426	 1767	
861	 5.4263636e-01	 +3.2254380e-03 +1.4791125e-03	 1.26e+00 Accepted	 420	 1784	
862	 5.4278479e-01	 +1.6010425e-03 -9.2144335e-04	 1.17e+00 Accepted	 423	 1781	
863	 5.4300061e-01	 +7.4301619e-04 -1.7463149e-05	 7.76e-01 Accepted	 427	 1827	
864	 5.4276566e-01	 +1.7388529e-03 -2.1578812e-03	 9.31e-01 Accepted	 430	 1797	
865	 5.4276566e-01	 +1.7388529e-03 -2.1578812e-03	 5.97e-01 Rejected	 424	 1752	
866	 5.4210614e-01	 +2.5055195e-04 +2.0313275e-03	 5.38e-01 Accepted	 424	 1756	
867	 5.4205498e-01	 +6.4535050e-04 -2.0019990e-03	 1.09e+00 Accepted	 420	 1770	
868	 5.4224062e-01	 +2.6791242e-03 -3.0520171e-03	 1.16e+00 Accepted	 425	 1745	
869	 5.4239870e-01	 +2.0036618e-03 +1.5042092e-03	 1.00e+00 Accepted	 419	 1706	
870	 5.4202235e-01	 +5.8283295e-03 -2.6025578e-03	 7.74e-01 Accepted	 415	 1794	
871	 5.4231043e-01	 +6.5657535e-04 -2.5602540e-03	 1.06e+00 Accepted	 425	 1751	
872	 5.4227911e-01	 +2.8868263e-03 -3.2925866e-05	 5.96e-01 Accepted	 419	 1793	
873	 5.4204033e-01	 +7.8839127e-04 -2.4005546e-03	 9.06e-01 Accepted	 427	 1773	
874	 5.4230061e-01	 +2.8172741e-03 -4.2112250e-04	 1.27e+00 Accepted	 427	 1789	
875	 5.4254558e-01	 +1.2639124e-03 -2.4608633e-03	 7.53e-01 Accepted	 425	 1757	
876	 5.4261338e-01	 +2.8571641e-03 +1.4645694e-04	 1.41e+00 Accepted	 428	 1853	
877	 5.4252864e-01	 +2.0052485e-03 -8.2127755e-04	 8.03e-01 Accepted	 432	 1779	
878	 5.4246286e-01	 +3.1765012e-03 +1.6133482e-03	 1.24e+00 Accepted	 421	 1749	
879	 5.4235905e-01	 +1.6784381e-03 -1.6684457e-03	 7.89e-01 Accepted	 416	 1761	
880	 5.4216166e-01	 +8.1804722e-04 -3.2755118e-03	 9.34e-01 Accepted	 424	 1803	
881	 5.4266676e-01	 +4.2169687e-03 -3.6793782e-03	 1.53e+00 Accepted	 431	 1788	
882	 5.4266827e-01	 +1.8047051e-03 -1.2305114e-03	 1.08e+00 Accepted	 433	 1813	
883	 5.4265244e-01	 +6.7585343e-04 -4.0053944e-04	 1.15e+00 Accepted	 431	 1788	
884	 5.4228524e-01	 +1.9742965e-03 -4.3760159e-03	 8.64e-01 Accepted	 424	 1800	
885	 5.4256570e-01	 +3.4894033e-03 -2.8914036e-04	 1.66e+00 Accepted	 426	 1807	
886	 5.4224740e-01	 -1.6339949e-03 -2.1277582e-03	 4.86e-01 Accepted	 426	 1786	
887	 5.4158151e-01	 +4.3005705e-04 +5.7103643e-04	 7.07e-01 Accepted	 426	 1796	
888	 5.4194330e-01	 +3.4798174e-03 +1.9300380e-04	 7.52e-01 Accepted	 423	 1773	
889	 5.4186696e-01	 +3.1325879e-03 -3.2788644e-03	 1.07e+00 Accepted	 418	 1738	
890	 5.4198947e-01	 +3.7280988e-04 +9.8098126e-04	 9.78e-01 Accepted	 420	 1812	
891	 5.4193605e-01	 +1.1409391e-03 -5.9378213e-03	 1.85e+00 Accepted	 430	 1760	
