# Starting_type: CheckpointStartReseed
# conf_nc4nf1_248_b10p70_m0p1000/conf_nc4nf1_248_b10p70_m0p1000_lat.0 -> conf_nc4nf1_248_b10p60_m0p1000/conf_nc4nf1_248_b10p60_m0p1000_lat.3014
# serial RNG seed: 	[11114 39234 59170 53650 12701]
# parallel RNG seed:	[6669 19465 63515 63915 27334]
# Trajectory_length / Number_of_MD_steps: 1 / 8
# 	 Plaquette	 Polyakov_Loop(re,im)	 Acc._Probability	 runtime_per_traj(s)	 CG_iterations	
1	 5.4939568e-01	 -6.3429138e-04 -4.1556092e-03	 2.45e+00 Accepted	 271	 978	
2	 5.5078170e-01	 -1.2444007e-03 -1.1517116e-03	 2.31e+00 Accepted	 268	 927	
3	 5.5222453e-01	 +5.3123589e-04 -5.2757839e-03	 1.91e+00 Accepted	 258	 871	
4	 5.5285957e-01	 -1.0483472e-03 -4.8393878e-03	 1.10e+00 Accepted	 251	 883	
5	 5.5365374e-01	 -2.9024015e-03 -1.2031457e-03	 1.12e+00 Accepted	 255	 895	
6	 5.5430163e-01	 -3.2838498e-04 +4.4640604e-04	 1.19e+00 Accepted	 259	 898	
7	 5.5444355e-01	 +1.4909660e-03 -1.9469175e-03	 8.88e-01 Accepted	 267	 945	
8	 5.5482692e-01	 +1.5272199e-03 -6.1464269e-04	 1.06e+00 Accepted	 261	 874	
9	 5.5485779e-01	 -7.2639596e-04 +1.8826904e-04	 1.47e+00 Accepted	 254	 904	
10	 5.5530454e-01	 +3.5384452e-06 -5.3395975e-05	 9.56e-01 Accepted	 253	 879	
11	 5.5564211e-01	 +1.3612119e-03 -2.5786853e-03	 1.39e+00 Accepted	 260	 908	
12	 5.5555781e-01	 +3.9352718e-03 -2.4283439e-03	 1.24e+00 Accepted	 260	 909	
13	 5.5536706e-01	 +3.8011149e-03 +3.3894082e-04	 1.12e+00 Accepted	 260	 879	
14	 5.5536706e-01	 +3.8011149e-03 +3.3894082e-04	 6.64e-01 Rejected	 258	 940	
15	 5.5534962e-01	 -1.3419967e-03 -1.0805031e-03	 9.71e-01 Accepted	 253	 914	
16	 5.5540127e-01	 -1.7212332e-05 -1.9111071e-03	 1.11e+00 Accepted	 258	 921	
17	 5.5550164e-01	 +1.0621250e-03 -4.2780138e-03	 1.18e+00 Accepted	 259	 898	
18	 5.5554599e-01	 +1.0954612e-03 -2.4352643e-03	 7.72e-01 Accepted	 254	 874	
19	 5.5566271e-01	 +1.5881318e-03 -2.8121574e-04	 1.20e+00 Accepted	 253	 831	
20	 5.5632165e-01	 +4.0787202e-04 -1.6883023e-03	 1.04e+00 Accepted	 240	 869	
21	 5.5645332e-01	 +1.0871490e-03 -2.4135788e-03	 8.90e-01 Accepted	 246	 862	
22	 5.5621482e-01	 +3.5436338e-04 -1.8983876e-03	 9.91e-01 Accepted	 251	 878	
23	 5.5597308e-01	 +2.9114377e-04 -8.9646672e-04	 1.07e+00 Accepted	 248	 848	
24	 5.5571146e-01	 +5.1610007e-04 -2.2721917e-04	 8.33e-01 Accepted	 251	 924	
25	 5.5597696e-01	 +1.4956442e-03 -1.7223291e-03	 1.09e+00 Accepted	 265	 965	
26	 5.5597696e-01	 +1.4956442e-03 -1.7223291e-03	 5.83e-01 Rejected	 265	 892	
27	 5.5598951e-01	 +1.3242768e-03 -1.6869228e-03	 1.06e+00 Accepted	 267	 886	
28	 5.5579353e-01	 +2.5436853e-03 -3.5329533e-04	 6.41e-01 Accepted	 250	 854	
29	 5.5588201e-01	 +1.5336734e-03 +1.9167639e-03	 1.16e+00 Accepted	 256	 908	
30	 5.5602041e-01	 +2.8872311e-04 +1.5158816e-03	 1.01e+00 Accepted	 260	 903	
31	 5.5606139e-01	 +1.7850239e-03 -1.3497472e-03	 8.33e-01 Accepted	 259	 887	
32	 5.5572873e-01	 +1.5887510e-04 +3.6155159e-04	 9.05e-01 Accepted	 254	 891	
33	 5.5585450e-01	 +6.2939379e-04 +4.3921681e-04	 8.05e-01 Accepted	 261	 919	
34	 5.5597302e-01	 +1.5016096e-03 -4.5291292e-04	 9.65e-01 Accepted	 263	 902	
35	 5.5578143e-01	 +3.7155547e-03 +1.1973247e-03	 1.26e+00 Accepted	 256	 894	
36	 5.5551871e-01	 +3.2880568e-03 +3.5120707e-03	 6.29e-01 Accepted	 251	 844	
37	 5.5536630e-01	 +2.6473305e-03 +3.4071680e-03	 6.80e-01 Accepted	 251	 866	
38	 5.5544755e-01	 +4.9671643e-04 +1.3631510e-03	 1.18e+00 Accepted	 253	 905	
39	 5.5544695e-01	 -3.7739861e-04 +5.0464297e-04	 1.00e+00 Accepted	 254	 839	
40	 5.5584012e-01	 +5.1475230e-04 -4.7445056e-04	 1.25e+00 Accepted	 247	 905	
41	 5.5549251e-01	 +4.8298652e-04 -1.0859308e-03	 1.24e+00 Accepted	 255	 855	
42	 5.5526689e-01	 +1.0544748e-04 +3.4482107e-04	 5.31e-01 Accepted	 256	 946	
43	 5.5494908e-01	 -5.0862210e-04 +3.3900880e-03	 1.04e+00 Accepted	 262	 895	
44	 5.5521526e-01	 +4.8915424e-04 -4.9183271e-04	 1.13e+00 Accepted	 263	 908	
45	 5.5535734e-01	 +2.1479299e-03 +1.4169393e-04	 1.19e+00 Accepted	 270	 999	
46	 5.5527772e-01	 +3.2337131e-03 -2.6762014e-03	 9.18e-01 Accepted	 267	 859	
47	 5.5538892e-01	 +3.1286729e-03 -6.0493958e-04	 1.29e+00 Accepted	 248	 864	
48	 5.5576844e-01	 +8.9213143e-04 +7.1811355e-04	 1.27e+00 Accepted	 254	 918	
49	 5.5548734e-01	 -5.8009814e-04 +1.6923164e-03	 8.95e-01 Accepted	 267	 957	
50	 5.5562581e-01	 +1.5578601e-03 +2.2886060e-03	 1.34e+00 Accepted	 268	 916	
51	 5.5545191e-01	 +8.9805549e-04 -2.3825816e-03	 1.24e+00 Accepted	 257	 873	
52	 5.5559684e-01	 +4.0828939e-03 -1.0465438e-03	 1.32e+00 Accepted	 255	 880	
53	 5.5557361e-01	 +1.1710337e-03 +1.0846689e-03	 1.02e+00 Accepted	 250	 926	
54	 5.5548102e-01	 +1.2612638e-03 +1.5474555e-03	 9.49e-01 Accepted	 256	 847	
55	 5.5589481e-01	 +1.2209619e-03 +8.2188113e-05	 1.37e+00 Accepted	 251	 886	
56	 5.5625296e-01	 -1.7342154e-04 -3.4180720e-04	 1.37e+00 Accepted	 249	 840	
57	 5.5581968e-01	 +2.1271833e-03 -2.1215607e-04	 1.06e+00 Accepted	 244	 891	
58	 5.5572997e-01	 -2.7453688e-04 +1.3363611e-03	 1.16e+00 Accepted	 254	 859	
59	 5.5603710e-01	 +4.0034122e-03 +2.5608994e-04	 1.07e+00 Accepted	 249	 879	
60	 5.5628958e-01	 +1.1617866e-03 -7.2392996e-04	 9.33e-01 Accepted	 249	 854	
61	 5.5636027e-01	 +2.4489982e-03 -1.8467744e-03	 7.08e-01 Accepted	 250	 861	
62	 5.5655304e-01	 +1.6218516e-03 -1.9373089e-03	 1.15e+00 Accepted	 248	 862	
63	 5.5637393e-01	 +3.9095144e-03 +1.1038545e-04	 9.95e-01 Accepted	 249	 883	
64	 5.5668288e-01	 +3.5166736e-03 -3.6516387e-04	 1.24e+00 Accepted	 243	 823	
65	 5.5719279e-01	 +1.8706605e-03 +1.4203326e-03	 8.84e-01 Accepted	 238	 833	
66	 5.5715401e-01	 +4.4512562e-03 -5.0360999e-04	 1.15e+00 Accepted	 251	 912	
67	 5.5687030e-01	 +1.5488349e-03 -1.5016623e-04	 7.55e-01 Accepted	 253	 873	
68	 5.5731663e-01	 +2.9296705e-03 -2.1657950e-03	 8.09e-01 Accepted	 246	 828	
69	 5.5687435e-01	 +2.9642869e-03 +6.3583857e-04	 8.56e-01 Accepted	 235	 786	
70	 5.5687435e-01	 +2.9642869e-03 +6.3583857e-04	 8.60e-01 Rejected	 235	 848	
71	 5.5692911e-01	 +2.1837373e-04 -1.4795071e-03	 1.06e+00 Accepted	 234	 827	
72	 5.5691482e-01	 +1.7453187e-03 -1.7415044e-03	 1.14e+00 Accepted	 239	 827	
73	 5.5685498e-01	 +1.3751185e-03 +4.1151109e-04	 8.86e-01 Accepted	 243	 854	
74	 5.5656018e-01	 +8.7938377e-04 -3.9432801e-04	 9.76e-01 Accepted	 240	 841	
75	 5.5664813e-01	 +3.6641120e-03 -5.1967676e-04	 1.01e+00 Accepted	 237	 812	
76	 5.5704726e-01	 +4.4478127e-03 +2.9384453e-05	 9.74e-01 Accepted	 240	 891	
77	 5.5704726e-01	 +4.4478127e-03 +2.9384453e-05	 5.48e-01 Rejected	 253	 899	
78	 5.5696312e-01	 -3.7188061e-04 +2.5654146e-05	 1.31e+00 Accepted	 249	 816	
79	 5.5676314e-01	 +1.4790360e-03 -4.0538188e-05	 6.05e-01 Accepted	 238	 873	
80	 5.5676314e-01	 +1.4790360e-03 -4.0538188e-05	 7.61e-01 Rejected	 250	 859	
81	 5.5676314e-01	 +1.4790360e-03 -4.0538188e-05	 7.55e-01 Rejected	 248	 862	
82	 5.5714216e-01	 +6.6801841e-04 +9.8452312e-04	 1.14e+00 Accepted	 248	 863	
83	 5.5704255e-01	 +1.9783715e-03 -1.9076146e-03	 1.08e+00 Accepted	 243	 813	
84	 5.5713403e-01	 -1.9115657e-03 +3.8633590e-04	 9.23e-01 Accepted	 243	 901	
85	 5.5713403e-01	 -1.9115657e-03 +3.8633590e-04	 6.98e-01 Rejected	 253	 865	
86	 5.5663340e-01	 +2.2777190e-03 -1.2450709e-03	 9.55e-01 Accepted	 260	 908	
87	 5.5689148e-01	 +6.7758433e-03 -1.4280641e-03	 9.91e-01 Accepted	 255	 862	
88	 5.5644598e-01	 -7.8237662e-04 +2.0973858e-04	 6.49e-01 Accepted	 251	 870	
89	 5.5633387e-01	 +3.2723936e-03 +1.3350820e-03	 1.06e+00 Accepted	 245	 816	
90	 5.5612929e-01	 +5.3683719e-04 -2.5633688e-03	 7.87e-01 Accepted	 237	 794	
91	 5.5615697e-01	 +1.0518420e-03 -2.0985734e-03	 1.13e+00 Accepted	 233	 835	
92	 5.5637634e-01	 +1.9969610e-03 -3.2893266e-03	 7.73e-01 Accepted	 241	 835	
93	 5.5646665e-01	 +3.7892338e-03 -8.0942347e-05	 7.73e-01 Accepted	 242	 851	
94	 5.5680341e-01	 +2.9867651e-03 -2.4966128e-03	 8.61e-01 Accepted	 245	 807	
95	 5.5692047e-01	 +1.9018411e-03 +4.0852846e-04	 7.84e-01 Accepted	 247	 930	
96	 5.5671237e-01	 +1.7330838e-03 -6.6190202e-04	 9.91e-01 Accepted	 260	 888	
97	 5.5646820e-01	 +4.8860523e-03 -1.5113901e-04	 8.79e-01 Accepted	 251	 861	
98	 5.5657558e-01	 +5.0934461e-03 -3.6444492e-03	 8.28e-01 Accepted	 245	 833	
99	 5.5635433e-01	 +4.0717198e-03 -1.9398992e-03	 7.20e-01 Accepted	 242	 838	
100	 5.5599313e-01	 +3.8528316e-03 +3.5336815e-04	 8.81e-01 Accepted	 243	 856	
101	 5.5606216e-01	 -2.5694867e-04 +5.6356990e-04	 6.38e-01 Accepted	 238	 842	
102	 5.5582764e-01	 +1.2593280e-03 -2.9976289e-05	 6.27e-01 Accepted	 241	 830	
103	 5.5615944e-01	 +2.5991127e-03 -9.1454302e-04	 1.09e+00 Accepted	 241	 830	
104	 5.5599112e-01	 +3.3039232e-03 +8.2886819e-04	 1.12e+00 Accepted	 244	 840	
105	 5.5631991e-01	 +4.9263002e-03 -4.4604030e-03	 1.13e+00 Accepted	 242	 808	
106	 5.5627475e-01	 +3.5728409e-03 -3.2906216e-03	 1.06e+00 Accepted	 246	 932	
107	 5.5621500e-01	 +4.0248434e-03 -1.7414000e-03	 8.05e-01 Accepted	 256	 924	
108	 5.5618617e-01	 +4.6991265e-03 +2.5576790e-03	 7.72e-01 Accepted	 259	 858	
109	 5.5610837e-01	 +5.8998924e-03 -1.8110052e-03	 1.02e+00 Accepted	 247	 872	
110	 5.5613701e-01	 +3.7051149e-03 +1.4672715e-03	 1.28e+00 Accepted	 247	 864	
111	 5.5613701e-01	 +3.7051149e-03 +1.4672715e-03	 8.54e-01 Rejected	 244	 845	
112	 5.5613701e-01	 +3.7051149e-03 +1.4672715e-03	 6.41e-01 Rejected	 249	 836	
113	 5.5613701e-01	 +3.7051149e-03 +1.4672715e-03	 4.62e-01 Rejected	 244	 823	
114	 5.5627212e-01	 +6.3602601e-03 +8.3170034e-04	 1.03e+00 Accepted	 244	 853	
115	 5.5606604e-01	 +8.3471844e-03 -1.6831920e-03	 9.69e-01 Accepted	 247	 889	
116	 5.5629534e-01	 +5.7351419e-03 +9.5959567e-06	 1.42e+00 Accepted	 255	 893	
117	 5.5629534e-01	 +5.7351419e-03 +9.5959567e-06	 8.40e-01 Rejected	 252	 853	
118	 5.5641699e-01	 +6.3796784e-03 +1.8976171e-04	 1.09e+00 Accepted	 247	 845	
119	 5.5628310e-01	 +5.2094008e-03 -2.7533621e-04	 8.22e-01 Accepted	 239	 827	
120	 5.5609555e-01	 +4.7136926e-03 -2.0684209e-03	 6.19e-01 Accepted	 236	 805	
121	 5.5610062e-01	 +4.4949157e-03 -3.5614032e-03	 8.77e-01 Accepted	 243	 890	
122	 5.5610062e-01	 +4.4949157e-03 -3.5614032e-03	 9.02e-01 Rejected	 248	 866	
123	 5.5644748e-01	 +3.1968315e-03 -2.0038989e-03	 8.05e-01 Accepted	 255	 869	
124	 5.5630521e-01	 +6.7985793e-03 -6.5976978e-04	 7.17e-01 Accepted	 255	 924	
125	 5.5630521e-01	 +6.7985793e-03 -6.5976978e-04	 9.86e-01 Rejected	 257	 937	
126	 5.5653155e-01	 +4.2680791e-03 -1.4872486e-03	 1.05e+00 Accepted	 261	 898	
127	 5.5618604e-01	 +4.8883717e-03 -2.0277188e-03	 8.95e-01 Accepted	 251	 858	
128	 5.5611753e-01	 +4.4216292e-03 -1.0036570e-03	 5.82e-01 Accepted	 248	 872	
129	 5.5612846e-01	 +6.3399470e-03 -1.3418878e-03	 1.17e+00 Accepted	 247	 832	
130	 5.5612704e-01	 +2.8628694e-03 -1.5740000e-03	 6.74e-01 Accepted	 245	 900	
131	 5.5638166e-01	 +4.9559566e-03 -3.0167831e-03	 1.19e+00 Accepted	 246	 859	
132	 5.5682410e-01	 +3.8946610e-03 -2.9039151e-03	 8.53e-01 Accepted	 247	 869	
133	 5.5630966e-01	 +2.2171233e-03 -2.1590620e-04	 9.68e-01 Accepted	 253	 910	
134	 5.5607742e-01	 +3.9395286e-03 -1.7172502e-04	 1.03e+00 Accepted	 253	 837	
135	 5.5602199e-01	 +3.3172205e-03 -4.6627987e-03	 1.02e+00 Accepted	 242	 819	
136	 5.5615410e-01	 +2.4920121e-03 -4.1721640e-04	 1.05e+00 Accepted	 241	 834	
137	 5.5620303e-01	 +7.7111009e-04 -1.8457391e-04	 9.05e-01 Accepted	 254	 874	
138	 5.5630686e-01	 +3.9207459e-03 -3.4619954e-04	 8.19e-01 Accepted	 251	 826	
139	 5.5601899e-01	 +3.4544168e-03 +4.3962576e-04	 9.65e-01 Accepted	 243	 854	
140	 5.5606101e-01	 +5.2076160e-03 -4.2152974e-03	 1.09e+00 Accepted	 246	 867	
141	 5.5645673e-01	 +5.7805361e-03 -2.0331844e-03	 1.13e+00 Accepted	 247	 862	
142	 5.5616323e-01	 +1.7818509e-03 -1.9101232e-03	 1.42e+00 Accepted	 244	 829	
143	 5.5613974e-01	 +3.0052029e-03 -3.3010499e-03	 8.92e-01 Accepted	 244	 866	
144	 5.5619423e-01	 +4.5833323e-03 -9.0602746e-04	 1.06e+00 Accepted	 250	 876	
145	 5.5649613e-01	 +3.3850815e-03 -2.3649173e-05	 9.98e-01 Accepted	 257	 904	
146	 5.5630176e-01	 +5.1212223e-03 +3.2389679e-04	 1.24e+00 Accepted	 258	 896	
147	 5.5632687e-01	 +3.6798205e-03 +2.8230271e-03	 6.67e-01 Accepted	 261	 912	
148	 5.5627350e-01	 +2.5786364e-03 -4.3271056e-03	 8.11e-01 Accepted	 257	 859	
149	 5.5631777e-01	 +3.0632977e-03 -1.4670459e-03	 9.32e-01 Accepted	 249	 845	
150	 5.5645654e-01	 +3.3493225e-03 -2.1823080e-03	 1.28e+00 Accepted	 244	 845	
151	 5.5636339e-01	 +2.3798705e-03 -2.2077941e-03	 1.31e+00 Accepted	 243	 868	
152	 5.5641581e-01	 +3.2916712e-03 +2.8657696e-04	 1.26e+00 Accepted	 246	 828	
153	 5.5661237e-01	 +1.7003161e-03 -1.4328373e-03	 1.22e+00 Accepted	 239	 810	
154	 5.5690448e-01	 +2.0135947e-03 +1.2124945e-03	 1.27e+00 Accepted	 237	 833	
155	 5.5690448e-01	 +2.0135947e-03 +1.2124945e-03	 8.65e-01 Rejected	 243	 849	
156	 5.5699242e-01	 +1.8183211e-03 +7.0766803e-04	 8.95e-01 Accepted	 238	 791	
157	 5.5670485e-01	 +2.3787111e-03 -2.9995592e-04	 1.19e+00 Accepted	 233	 867	
158	 5.5681136e-01	 +1.1565496e-03 -4.6485925e-04	 9.68e-01 Accepted	 246	 822	
159	 5.5669533e-01	 +4.8555349e-03 -9.0734228e-04	 1.08e+00 Accepted	 240	 855	
160	 5.5635476e-01	 +2.9531123e-03 +5.0143309e-05	 1.04e+00 Accepted	 244	 839	
161	 5.5621664e-01	 +3.1940658e-03 +3.9121725e-03	 7.85e-01 Accepted	 239	 826	
162	 5.5615883e-01	 +3.5289226e-03 -2.9900406e-03	 7.75e-01 Accepted	 241	 871	
163	 5.5641514e-01	 +3.9378732e-03 +2.5405035e-03	 1.44e+00 Accepted	 247	 871	
164	 5.5654621e-01	 +4.0006728e-03 +1.7240453e-03	 1.25e+00 Accepted	 243	 812	
165	 5.5703607e-01	 +3.8163047e-03 +1.2734575e-03	 1.02e+00 Accepted	 236	 795	
166	 5.5635820e-01	 +6.2595935e-03 +2.2975357e-03	 8.42e-01 Accepted	 233	 828	
167	 5.5635820e-01	 +6.2595935e-03 +2.2975357e-03	 7.29e-01 Rejected	 240	 849	
168	 5.5635820e-01	 +6.2595935e-03 +2.2975357e-03	 6.65e-01 Rejected	 242	 873	
169	 5.5658063e-01	 +1.8888830e-03 +2.4740446e-03	 8.74e-01 Accepted	 235	 840	
170	 5.5675002e-01	 +5.1992986e-03 -1.5386269e-04	 9.83e-01 Accepted	 243	 853	
171	 5.5674417e-01	 +2.0132387e-03 +6.4593079e-03	 8.96e-01 Accepted	 247	 853	
172	 5.5709993e-01	 +5.4127916e-03 +4.7429792e-05	 9.23e-01 Accepted	 251	 880	
# Starting_type: CheckpointStart
# Trajectory_length / Number_of_MD_steps: 1 / 8
# 	 Plaquette	 Polyakov_Loop(re,im)	 Acc._Probability	 runtime_per_traj(s)	 CG_iterations	
173	 5.5668163e-01	 +2.5156353e-03 +3.7171057e-03	 7.15e-01 Accepted	 268	 867	
174	 5.5603082e-01	 +4.0216226e-03 +1.5901502e-03	 5.72e-01 Accepted	 252	 843	
175	 5.5594483e-01	 +5.0172255e-03 +1.9038821e-03	 8.54e-01 Accepted	 248	 883	
176	 5.5596413e-01	 +2.1149515e-03 +1.4241896e-03	 9.35e-01 Accepted	 263	 894	
177	 5.5609254e-01	 +5.6155220e-03 +3.2886066e-03	 1.72e+00 Accepted	 266	 905	
178	 5.5640408e-01	 +2.8510660e-03 -1.4292199e-03	 9.89e-01 Accepted	 255	 817	
179	 5.5630661e-01	 +4.0046237e-03 +1.7121434e-03	 7.83e-01 Accepted	 247	 868	
180	 5.5627521e-01	 +5.3365043e-03 -7.6123375e-05	 1.03e+00 Accepted	 262	 919	
181	 5.5678819e-01	 +5.0697780e-03 -1.6179205e-03	 9.26e-01 Accepted	 261	 853	
182	 5.5680423e-01	 +2.2458391e-03 +3.9215475e-03	 8.05e-01 Accepted	 257	 910	
183	 5.5687903e-01	 +4.6989304e-03 +3.9468338e-04	 1.09e+00 Accepted	 268	 922	
184	 5.5685891e-01	 +2.8308285e-03 -1.3912844e-03	 7.85e-01 Accepted	 259	 870	
185	 5.5676427e-01	 +5.3985235e-03 -3.2102133e-03	 1.02e+00 Accepted	 254	 841	
186	 5.5668088e-01	 +2.0362403e-03 -2.7915414e-03	 7.37e-01 Accepted	 247	 834	
187	 5.5654764e-01	 +2.5776673e-03 -1.4936674e-04	 8.30e-01 Accepted	 246	 834	
188	 5.5654764e-01	 +2.5776673e-03 -1.4936674e-04	 9.21e-01 Rejected	 250	 831	
189	 5.5684241e-01	 +1.9695241e-03 -7.0038609e-04	 1.18e+00 Accepted	 250	 862	
190	 5.5735126e-01	 +3.8591956e-03 -1.5645910e-03	 1.61e+00 Accepted	 257	 911	
191	 5.5698154e-01	 +5.1385224e-03 +1.5927344e-04	 9.42e-01 Accepted	 256	 827	
192	 5.5712202e-01	 +6.2331016e-03 -4.5458269e-05	 9.08e-01 Accepted	 247	 853	
193	 5.5671050e-01	 +9.8913081e-04 +3.2112009e-03	 9.94e-01 Accepted	 255	 887	
194	 5.5671050e-01	 +9.8913081e-04 +3.2112009e-03	 8.67e-01 Rejected	 266	 913	
195	 5.5631950e-01	 +5.2829473e-03 +9.8554831e-05	 1.05e+00 Accepted	 261	 870	
196	 5.5669511e-01	 +5.1340286e-03 +1.4758191e-03	 9.24e-01 Accepted	 259	 918	
197	 5.5679367e-01	 +3.6561619e-03 +2.5366743e-03	 1.79e+00 Accepted	 264	 850	
198	 5.5645786e-01	 +3.3307647e-03 -1.7549214e-03	 6.87e-01 Accepted	 256	 874	
199	 5.5642559e-01	 +4.8673063e-03 +7.1168461e-04	 8.74e-01 Accepted	 250	 861	
200	 5.5677352e-01	 +6.9391176e-03 -3.3156911e-03	 1.39e+00 Accepted	 256	 874	
# Starting_type: CheckpointStart
# Trajectory_length / Number_of_MD_steps: 1 / 8
# 	 Plaquette	 Polyakov_Loop(re,im)	 Acc._Probability	 runtime_per_traj(s)	 CG_iterations	
201	 5.5677352e-01	 +6.9391176e-03 -3.3156911e-03	 9.65e-01 Rejected	 190	 856	
202	 5.5680293e-01	 +5.2179390e-03 +1.1359345e-03	 8.45e-01 Accepted	 183	 852	
203	 5.5649481e-01	 +5.7237678e-03 -2.9219717e-04	 6.88e-01 Accepted	 174	 831	
204	 5.5659260e-01	 +8.1869381e-03 -6.8348873e-04	 8.93e-01 Accepted	 173	 813	
205	 5.5633527e-01	 +4.4623792e-03 +1.7374067e-03	 1.15e+00 Accepted	 170	 843	
206	 5.5624610e-01	 +8.8174875e-03 -2.4743208e-03	 1.20e+00 Accepted	 176	 872	
207	 5.5632489e-01	 +5.9632176e-03 -1.5351909e-03	 1.07e+00 Accepted	 180	 894	
208	 5.5649619e-01	 +4.2495682e-03 -1.3050192e-03	 9.58e-01 Accepted	 178	 845	
209	 5.5586255e-01	 +7.1090570e-03 +1.3899233e-03	 4.98e-01 Accepted	 174	 842	
210	 5.5573877e-01	 +7.7746262e-03 +2.6436287e-03	 9.95e-01 Accepted	 174	 892	
211	 5.5568954e-01	 +3.0599642e-03 +4.0310126e-03	 1.00e+00 Accepted	 189	 895	
212	 5.5590330e-01	 +4.3176989e-03 +1.6091428e-03	 1.05e+00 Accepted	 185	 900	
213	 5.5597202e-01	 +3.6910833e-03 +3.5314295e-03	 8.32e-01 Accepted	 184	 911	
214	 5.5590289e-01	 +6.3267652e-03 -6.3774519e-04	 8.38e-01 Accepted	 182	 870	
215	 5.5609867e-01	 +5.8974299e-03 -1.0358891e-03	 1.55e+00 Accepted	 179	 844	
216	 5.5568126e-01	 +4.1209061e-03 +2.4133481e-04	 7.27e-01 Accepted	 176	 880	
217	 5.5593757e-01	 +3.5793350e-03 +1.4455508e-03	 1.11e+00 Accepted	 180	 862	
218	 5.5633461e-01	 +3.9115113e-03 -1.9840943e-03	 1.61e+00 Accepted	 178	 851	
219	 5.5650756e-01	 +3.9547495e-03 +5.4396838e-04	 1.19e+00 Accepted	 179	 864	
220	 5.5669595e-01	 +4.6940278e-03 -1.7318971e-03	 1.15e+00 Accepted	 176	 885	
221	 5.5660994e-01	 +4.3677749e-03 -1.0459413e-03	 1.09e+00 Accepted	 180	 874	
222	 5.5644716e-01	 +6.0013259e-03 -1.7859711e-03	 8.29e-01 Accepted	 179	 885	
223	 5.5606528e-01	 +4.9567694e-03 -2.3324016e-03	 7.37e-01 Accepted	 181	 878	
224	 5.5592930e-01	 +4.7265473e-03 +1.5293043e-03	 8.46e-01 Accepted	 180	 889	
225	 5.5569811e-01	 +4.0119832e-03 +1.4724311e-03	 1.03e+00 Accepted	 179	 830	
226	 5.5597691e-01	 +1.6944081e-03 +2.8666930e-03	 8.77e-01 Accepted	 174	 851	
227	 5.5594408e-01	 +4.0580739e-03 +3.8115438e-03	 1.19e+00 Accepted	 174	 810	
228	 5.5635374e-01	 +3.5999966e-03 -3.2771947e-04	 9.86e-01 Accepted	 167	 841	
229	 5.5638928e-01	 +2.7485079e-03 +3.0725576e-03	 1.08e+00 Accepted	 177	 902	
230	 5.5663630e-01	 +2.4732865e-03 +2.8224943e-03	 8.84e-01 Accepted	 182	 855	
231	 5.5665399e-01	 +5.3736897e-03 +6.9620650e-04	 9.36e-01 Accepted	 182	 877	
232	 5.5613501e-01	 +3.1106735e-03 +1.0717703e-03	 8.59e-01 Accepted	 177	 836	
233	 5.5604075e-01	 +2.5249338e-03 +1.4337572e-03	 8.31e-01 Accepted	 170	 810	
234	 5.5629587e-01	 +1.8076670e-03 -3.8788178e-03	 1.73e+00 Accepted	 168	 823	
235	 5.5648343e-01	 +3.9861199e-03 +3.2729452e-04	 1.59e+00 Accepted	 176	 903	
236	 5.5586823e-01	 +1.5351482e-03 -3.3890889e-04	 7.35e-01 Accepted	 185	 917	
237	 5.5583339e-01	 +2.4546556e-03 +2.4175184e-04	 7.39e-01 Accepted	 184	 875	
238	 5.5579587e-01	 +3.0726312e-03 -6.9117210e-04	 8.63e-01 Accepted	 177	 849	
239	 5.5585390e-01	 +4.2337107e-03 -8.3704868e-04	 1.16e+00 Accepted	 171	 826	
240	 5.5606666e-01	 +7.9243308e-04 -2.1052868e-03	 1.09e+00 Accepted	 169	 822	
# Starting_type: CheckpointStart
# Trajectory_length / Number_of_MD_steps: 1 / 8
# 	 Plaquette	 Polyakov_Loop(re,im)	 Acc._Probability	 runtime_per_traj(s)	 CG_iterations	
241	 5.5606666e-01	 +7.9243308e-04 -2.1052868e-03	 6.04e-01 Rejected	 250	 860	
242	 5.5604992e-01	 +3.1679342e-03 -1.5989968e-03	 8.95e-01 Accepted	 242	 922	
243	 5.5602532e-01	 -2.8404526e-03 +5.3747750e-04	 8.54e-01 Accepted	 259	 885	
244	 5.5603132e-01	 -5.3767737e-04 -1.0714743e-03	 9.79e-01 Accepted	 247	 811	
245	 5.5636356e-01	 +5.5996010e-04 -1.3024042e-03	 1.18e+00 Accepted	 246	 888	
246	 5.5614286e-01	 +3.4674081e-04 +2.1751392e-03	 5.95e-01 Accepted	 254	 853	
247	 5.5647623e-01	 +2.5951705e-03 +1.8769845e-03	 8.78e-01 Accepted	 247	 827	
248	 5.5649964e-01	 +3.7390087e-03 -2.7791777e-03	 6.57e-01 Accepted	 249	 868	
249	 5.5629531e-01	 +4.0764694e-03 -2.8319996e-03	 1.22e+00 Accepted	 254	 878	
250	 5.5606980e-01	 +4.2484426e-04 -3.1878300e-03	 1.07e+00 Accepted	 252	 858	
251	 5.5551731e-01	 +2.1503187e-03 -9.2736774e-05	 7.15e-01 Accepted	 249	 847	
252	 5.5588953e-01	 +4.5274846e-03 -3.6566237e-03	 8.84e-01 Accepted	 245	 866	
253	 5.5588953e-01	 +4.5274846e-03 -3.6566237e-03	 6.55e-01 Rejected	 253	 867	
254	 5.5598979e-01	 +9.5791319e-04 +6.7836713e-04	 9.76e-01 Accepted	 244	 823	
255	 5.5598979e-01	 +9.5791319e-04 +6.7836713e-04	 9.69e-01 Rejected	 239	 828	
256	 5.5573725e-01	 +4.7229814e-03 +3.2508427e-03	 7.21e-01 Accepted	 246	 868	
257	 5.5596715e-01	 +1.4334574e-03 -1.9572465e-04	 1.11e+00 Accepted	 244	 813	
258	 5.5610275e-01	 +1.2546160e-03 +9.4722424e-05	 1.17e+00 Accepted	 241	 878	
259	 5.5615837e-01	 +4.3218723e-03 +1.1289626e-03	 1.13e+00 Accepted	 251	 857	
260	 5.5634695e-01	 +9.4268789e-04 +9.4549737e-04	 1.39e+00 Accepted	 251	 888	
261	 5.5580642e-01	 -8.8818371e-04 -1.7418180e-03	 9.62e-01 Accepted	 255	 890	
262	 5.5578450e-01	 +3.8308809e-03 -1.2621196e-03	 9.07e-01 Accepted	 253	 882	
263	 5.5590177e-01	 +2.1359707e-03 +4.4514467e-04	 1.69e+00 Accepted	 248	 898	
264	 5.5584432e-01	 +4.3794856e-03 +1.7218558e-04	 1.20e+00 Accepted	 249	 850	
265	 5.5622106e-01	 +3.6147221e-03 +3.3067255e-03	 1.29e+00 Accepted	 245	 839	
266	 5.5665668e-01	 +3.9638081e-03 -2.4604025e-03	 1.33e+00 Accepted	 252	 934	
267	 5.5659408e-01	 +1.4353965e-03 +3.6717845e-04	 1.02e+00 Accepted	 266	 922	
268	 5.5663306e-01	 +4.0578588e-04 -3.5959122e-04	 7.33e-01 Accepted	 258	 913	
# Starting_type: CheckpointStart
# Trajectory_length / Number_of_MD_steps: 1 / 8
# 	 Plaquette	 Polyakov_Loop(re,im)	 Acc._Probability	 runtime_per_traj(s)	 CG_iterations	
269	 5.5658570e-01	 +4.0002113e-03 +3.2019919e-03	 1.18e+00 Accepted	 272	 968	
270	 5.5648662e-01	 -1.0555636e-04 +8.2561055e-05	 1.30e+00 Accepted	 263	 878	
271	 5.5648032e-01	 +6.7836160e-03 +1.8903211e-05	 1.45e+00 Accepted	 249	 854	
272	 5.5626691e-01	 +1.9234512e-03 -2.5332357e-03	 9.08e-01 Accepted	 246	 845	
273	 5.5649821e-01	 +4.0619364e-03 -2.1022948e-03	 1.19e+00 Accepted	 243	 821	
274	 5.5657981e-01	 +1.6244181e-04 -7.8195204e-04	 1.11e+00 Accepted	 249	 881	
275	 5.5630005e-01	 +9.5576010e-04 -1.1362645e-03	 5.93e-01 Accepted	 254	 898	
276	 5.5618705e-01	 +1.0973284e-03 -1.2710127e-03	 1.15e+00 Accepted	 255	 836	
277	 5.5618705e-01	 +1.0973284e-03 -1.2710127e-03	 8.47e-01 Rejected	 250	 893	
278	 5.5618000e-01	 -3.0147850e-04 +5.8278572e-04	 1.31e+00 Accepted	 248	 868	
279	 5.5607399e-01	 +3.7380625e-03 +2.4636657e-03	 7.03e-01 Accepted	 252	 882	
280	 5.5653808e-01	 +1.7012726e-04 +3.1001595e-04	 1.43e+00 Accepted	 247	 843	
281	 5.5617556e-01	 +3.4672719e-03 -1.4847396e-03	 1.08e+00 Accepted	 246	 876	
282	 5.5666354e-01	 +1.9881046e-03 -1.0323149e-03	 9.19e-01 Accepted	 247	 847	
283	 5.5665939e-01	 +3.3099778e-03 -2.9781041e-03	 1.94e+00 Accepted	 241	 817	
284	 5.5633732e-01	 +1.1704538e-03 -1.2672055e-03	 9.46e-01 Accepted	 239	 817	
285	 5.5633732e-01	 +1.1704538e-03 -1.2672055e-03	 8.85e-01 Rejected	 246	 859	
286	 5.5637828e-01	 +4.1596749e-03 -1.5881625e-03	 9.02e-01 Accepted	 239	 796	
287	 5.5637828e-01	 +4.1596749e-03 -1.5881625e-03	 8.47e-01 Rejected	 234	 849	
288	 5.5634317e-01	 +2.5949307e-03 -6.4671077e-05	 1.12e+00 Accepted	 232	 797	
289	 5.5663651e-01	 +2.6374104e-03 +1.2922839e-03	 1.25e+00 Accepted	 237	 855	
290	 5.5658271e-01	 +1.7131533e-03 +8.2300006e-04	 1.10e+00 Accepted	 242	 817	
291	 5.5642497e-01	 +2.0148347e-03 +4.3475573e-06	 5.14e-01 Accepted	 251	 909	
292	 5.5642286e-01	 +2.0223395e-03 -1.4669521e-03	 1.02e+00 Accepted	 255	 866	
293	 5.5631302e-01	 +1.6292308e-03 +8.0828321e-04	 5.54e-01 Accepted	 249	 859	
294	 5.5698210e-01	 +1.7015802e-03 -7.7618155e-04	 1.39e+00 Accepted	 251	 847	
295	 5.5698210e-01	 +1.7015802e-03 -7.7618155e-04	 7.93e-01 Rejected	 249	 854	
296	 5.5672008e-01	 +7.9247663e-04 -5.6623901e-04	 1.34e+00 Accepted	 246	 830	
297	 5.5659212e-01	 +2.1890358e-03 -2.9464967e-03	 9.78e-01 Accepted	 247	 800	
298	 5.5672597e-01	 +4.5659532e-04 -1.8968494e-04	 1.65e+00 Accepted	 235	 829	
299	 5.5621420e-01	 +1.6517078e-03 -5.7733823e-04	 8.54e-01 Accepted	 248	 888	
300	 5.5647155e-01	 +1.9092409e-03 -2.2030880e-03	 1.17e+00 Accepted	 254	 835	
301	 5.5660553e-01	 -2.3433020e-03 +1.7391129e-03	 1.13e+00 Accepted	 243	 838	
302	 5.5674208e-01	 +1.5762965e-03 +2.4416756e-03	 1.09e+00 Accepted	 250	 971	
303	 5.5674208e-01	 +1.5762965e-03 +2.4416756e-03	 7.73e-01 Rejected	 263	 924	
304	 5.5667326e-01	 -2.6770770e-03 +5.9096672e-04	 1.09e+00 Accepted	 269	 920	
305	 5.5685098e-01	 +3.2791531e-03 -3.7094131e-03	 1.01e+00 Accepted	 261	 899	
306	 5.5645865e-01	 +8.4339484e-04 +4.4732862e-04	 7.74e-01 Accepted	 260	 926	
307	 5.5689931e-01	 +2.4350161e-03 +3.9650885e-04	 9.98e-01 Accepted	 263	 930	
308	 5.5659430e-01	 +5.2352750e-04 +6.5493204e-04	 6.03e-01 Accepted	 256	 858	
309	 5.5659430e-01	 +5.2352750e-04 +6.5493204e-04	 8.48e-01 Rejected	 250	 858	
310	 5.5684093e-01	 +8.8973181e-04 +3.2224202e-03	 1.10e+00 Accepted	 252	 854	
311	 5.5659014e-01	 -6.8985067e-04 -2.7958832e-03	 1.12e+00 Accepted	 251	 865	
312	 5.5638795e-01	 +3.3117266e-03 -2.4431827e-03	 7.96e-01 Accepted	 248	 880	
313	 5.5631440e-01	 +2.1241889e-03 -1.0982822e-03	 1.40e+00 Accepted	 255	 886	
314	 5.5607340e-01	 +2.7328711e-03 -2.1466214e-03	 9.37e-01 Accepted	 250	 809	
315	 5.5624889e-01	 +2.2280984e-03 -1.6084553e-03	 1.00e+00 Accepted	 239	 871	
316	 5.5660169e-01	 +5.6627098e-04 -2.9996927e-03	 8.59e-01 Accepted	 251	 838	
317	 5.5660169e-01	 +5.6627098e-04 -2.9996927e-03	 4.28e-01 Rejected	 248	 882	
318	 5.5645202e-01	 -6.7582812e-04 -3.5601049e-03	 1.39e+00 Accepted	 250	 875	
319	 5.5687093e-01	 -2.0178867e-04 +1.0830066e-03	 8.32e-01 Accepted	 251	 885	
320	 5.5662855e-01	 +1.1600278e-03 -1.0451103e-03	 1.43e+00 Accepted	 253	 907	
321	 5.5691955e-01	 -1.1582926e-03 -7.5165513e-04	 1.28e+00 Accepted	 251	 815	
322	 5.5691955e-01	 -1.1582926e-03 -7.5165513e-04	 6.56e-01 Rejected	 247	 908	
323	 5.5688432e-01	 +3.0972737e-03 +1.0042390e-03	 1.12e+00 Accepted	 245	 862	
324	 5.5672921e-01	 +2.8772576e-03 -6.3152206e-05	 8.83e-01 Accepted	 250	 846	
325	 5.5661876e-01	 +3.9369260e-04 -1.9497286e-03	 9.52e-01 Accepted	 243	 851	
326	 5.5670800e-01	 +3.4999852e-03 +1.4915802e-03	 9.11e-01 Accepted	 243	 848	
327	 5.5646363e-01	 -1.3765220e-03 -1.7168648e-03	 1.10e+00 Accepted	 250	 897	
328	 5.5656504e-01	 +1.1648766e-03 -1.7520854e-03	 1.14e+00 Accepted	 260	 920	
329	 5.5614911e-01	 +3.1398442e-03 +2.0403010e-03	 5.81e-01 Accepted	 261	 887	
330	 5.5638554e-01	 +4.1765577e-03 +1.7128992e-03	 9.92e-01 Accepted	 251	 834	
331	 5.5626713e-01	 +3.8701254e-03 +3.9291212e-03	 7.36e-01 Accepted	 244	 863	
332	 5.5599117e-01	 +1.5255716e-03 +2.9893169e-03	 8.23e-01 Accepted	 256	 889	
333	 5.5619462e-01	 +1.3823358e-03 -4.6279185e-04	 1.24e+00 Accepted	 255	 889	
334	 5.5648292e-01	 +5.2434116e-03 -3.5332469e-04	 1.14e+00 Accepted	 257	 935	
335	 5.5645333e-01	 +4.2258392e-03 +7.2907974e-04	 1.14e+00 Accepted	 253	 881	
336	 5.5648116e-01	 +4.8647202e-03 +6.5919920e-04	 1.01e+00 Accepted	 252	 876	
337	 5.5652382e-01	 +1.1781449e-03 +2.0924765e-03	 1.02e+00 Accepted	 253	 852	
338	 5.5612127e-01	 +7.1210098e-03 +1.2363192e-03	 7.80e-01 Accepted	 245	 862	
339	 5.5657268e-01	 +4.4210760e-03 +1.6113913e-03	 9.80e-01 Accepted	 254	 888	
340	 5.5657268e-01	 +4.4210760e-03 +1.6113913e-03	 8.21e-01 Rejected	 253	 903	
341	 5.5661052e-01	 +1.2405317e-03 -8.8911709e-04	 9.01e-01 Accepted	 248	 846	
342	 5.5643310e-01	 +3.7655219e-03 +1.3941401e-05	 1.05e+00 Accepted	 249	 814	
343	 5.5661338e-01	 +4.2616976e-03 +6.7004294e-04	 1.19e+00 Accepted	 242	 826	
344	 5.5657895e-01	 +3.7924345e-03 -9.4777355e-04	 1.28e+00 Accepted	 244	 878	
345	 5.5626740e-01	 +1.3181921e-03 -3.7604168e-04	 9.66e-01 Accepted	 248	 838	
346	 5.5656968e-01	 -1.7246711e-03 -2.3149052e-03	 1.34e+00 Accepted	 248	 830	
347	 5.5654197e-01	 +1.1984432e-03 -2.6677241e-03	 1.26e+00 Accepted	 243	 901	
348	 5.5654197e-01	 +1.1984432e-03 -2.6677241e-03	 8.75e-01 Rejected	 252	 849	
349	 5.5675409e-01	 +2.9409967e-03 -2.5097717e-03	 9.50e-01 Accepted	 252	 837	
350	 5.5672533e-01	 +7.2373677e-04 -5.4745233e-03	 1.38e+00 Accepted	 250	 856	
351	 5.5666339e-01	 +1.8935702e-03 -1.6427658e-03	 6.89e-01 Accepted	 252	 890	
352	 5.5666339e-01	 +1.8935702e-03 -1.6427658e-03	 7.09e-01 Rejected	 255	 871	
353	 5.5692866e-01	 +4.6921211e-03 -2.0574190e-03	 9.98e-01 Accepted	 258	 857	
354	 5.5646687e-01	 +3.6685185e-03 -2.4889065e-03	 6.78e-01 Accepted	 248	 847	
355	 5.5669802e-01	 +2.2613003e-03 -2.8572713e-04	 1.18e+00 Accepted	 250	 859	
356	 5.5644452e-01	 +2.3494215e-03 -1.3376989e-03	 1.00e+00 Accepted	 250	 848	
357	 5.5620639e-01	 +3.2459619e-03 -3.2443611e-03	 9.66e-01 Accepted	 245	 852	
358	 5.5633458e-01	 -7.5227553e-04 -2.7804386e-03	 1.08e+00 Accepted	 246	 848	
359	 5.5639696e-01	 +2.4099539e-03 -2.8979609e-03	 8.25e-01 Accepted	 254	 895	
360	 5.5657523e-01	 +2.3208191e-03 -3.2645192e-03	 1.14e+00 Accepted	 247	 823	
361	 5.5670646e-01	 +2.9162107e-03 -1.6842975e-03	 1.43e+00 Accepted	 243	 843	
362	 5.5660302e-01	 +1.5032362e-03 -1.5636110e-03	 6.76e-01 Accepted	 249	 863	
363	 5.5639593e-01	 -1.3769524e-03 -3.4592932e-03	 8.57e-01 Accepted	 248	 845	
364	 5.5639593e-01	 -1.3769524e-03 -3.4592932e-03	 6.81e-01 Rejected	 238	 812	
365	 5.5630389e-01	 +1.2644818e-03 -4.3207629e-03	 7.12e-01 Accepted	 240	 808	
366	 5.5674977e-01	 +1.7582074e-04 -2.8953906e-03	 1.10e+00 Accepted	 239	 855	
367	 5.5649007e-01	 +2.8693562e-04 -4.8066107e-03	 1.27e+00 Accepted	 247	 823	
368	 5.5623017e-01	 +3.0216663e-04 -4.9549463e-03	 6.64e-01 Accepted	 239	 830	
369	 5.5595973e-01	 +1.9789620e-03 -2.6684730e-03	 6.91e-01 Accepted	 242	 811	
370	 5.5595973e-01	 +1.9789620e-03 -2.6684730e-03	 6.51e-01 Rejected	 237	 839	
371	 5.5634961e-01	 +3.9940413e-03 -4.8283254e-03	 1.12e+00 Accepted	 241	 836	
372	 5.5633931e-01	 +3.6162922e-03 -3.6741288e-03	 9.91e-01 Accepted	 244	 836	
373	 5.5646992e-01	 +2.2308938e-03 -5.2963941e-03	 8.90e-01 Accepted	 246	 908	
374	 5.5653793e-01	 +2.4357047e-03 -2.0530650e-03	 1.08e+00 Accepted	 265	 912	
375	 5.5635005e-01	 +9.5013338e-04 -3.3041369e-03	 8.31e-01 Accepted	 259	 935	
376	 5.5628088e-01	 +4.4752280e-03 -1.8815977e-03	 9.45e-01 Accepted	 258	 825	
377	 5.5634977e-01	 +3.3768228e-03 -1.6813099e-03	 9.27e-01 Accepted	 248	 855	
378	 5.5661885e-01	 +5.5319110e-03 -2.3421197e-03	 8.96e-01 Accepted	 245	 849	
379	 5.5695986e-01	 +2.7081727e-03 -6.2054240e-03	 1.07e+00 Accepted	 252	 836	
380	 5.5678163e-01	 +3.1676305e-03 -5.1729967e-03	 1.13e+00 Accepted	 254	 878	
381	 5.5710068e-01	 +1.4204310e-03 -1.0601902e-03	 1.36e+00 Accepted	 255	 865	
382	 5.5679129e-01	 +3.8292545e-03 -2.7122424e-03	 7.95e-01 Accepted	 247	 833	
383	 5.5682409e-01	 +2.3379297e-03 -2.8259653e-03	 9.17e-01 Accepted	 245	 861	
384	 5.5682409e-01	 +2.3379297e-03 -2.8259653e-03	 8.02e-01 Rejected	 249	 844	
385	 5.5637158e-01	 +4.0674031e-03 -7.2356135e-04	 6.43e-01 Accepted	 251	 857	
386	 5.5626931e-01	 +3.0515320e-03 -1.2512087e-03	 9.41e-01 Accepted	 243	 843	
387	 5.5626931e-01	 +3.0515320e-03 -1.2512087e-03	 8.98e-01 Rejected	 248	 831	
388	 5.5655977e-01	 -5.4463975e-04 -5.7987558e-03	 8.26e-01 Accepted	 252	 878	
389	 5.5651777e-01	 +1.6968090e-03 -5.0179096e-03	 1.05e+00 Accepted	 253	 880	
390	 5.5664160e-01	 -5.1833781e-04 -5.5152926e-03	 1.10e+00 Accepted	 251	 861	
391	 5.5638798e-01	 +3.5334834e-03 -4.4057157e-03	 8.30e-01 Accepted	 244	 851	
392	 5.5618400e-01	 +8.6937589e-04 -5.4653458e-03	 7.62e-01 Accepted	 244	 860	
393	 5.5611548e-01	 +3.2960935e-03 -4.2172657e-03	 1.39e+00 Accepted	 255	 916	
394	 5.5617500e-01	 -1.6128752e-03 -1.4642513e-03	 9.87e-01 Accepted	 258	 861	
395	 5.5662711e-01	 +2.0592179e-03 -3.4367030e-03	 7.32e-01 Accepted	 248	 887	
396	 5.5639632e-01	 +1.4842607e-03 -1.5863244e-03	 7.88e-01 Accepted	 253	 875	
397	 5.5631005e-01	 +9.0221001e-04 -1.9732940e-03	 1.17e+00 Accepted	 254	 904	
398	 5.5577561e-01	 +2.1106267e-03 -2.4072666e-03	 9.55e-01 Accepted	 261	 907	
399	 5.5586338e-01	 +2.1634274e-03 +1.7469439e-04	 1.07e+00 Accepted	 255	 848	
400	 5.5610199e-01	 +1.1000917e-03 -3.1309490e-03	 9.62e-01 Accepted	 246	 833	
401	 5.5621869e-01	 +3.6503911e-03 -1.1111177e-03	 9.47e-01 Accepted	 252	 872	
402	 5.5580741e-01	 +2.2586440e-03 -2.7726950e-03	 8.05e-01 Accepted	 253	 857	
403	 5.5616665e-01	 +4.7963020e-03 -5.1883146e-03	 1.12e+00 Accepted	 249	 809	
404	 5.5621934e-01	 +4.9869996e-03 -3.9781187e-03	 1.65e+00 Accepted	 248	 877	
405	 5.5592171e-01	 +8.4777975e-03 -3.5899465e-03	 7.48e-01 Accepted	 253	 872	
406	 5.5627123e-01	 +4.0485939e-03 +4.7676934e-05	 1.20e+00 Accepted	 249	 815	
407	 5.5614344e-01	 +1.0088360e-03 -2.1828237e-03	 9.44e-01 Accepted	 248	 900	
408	 5.5618744e-01	 +1.6789535e-03 -3.4814032e-03	 1.13e+00 Accepted	 252	 805	
409	 5.5640171e-01	 +1.9538489e-03 -2.1922559e-03	 7.74e-01 Accepted	 235	 814	
410	 5.5625386e-01	 +3.6000222e-03 -6.2938031e-03	 1.23e+00 Accepted	 244	 853	
411	 5.5611780e-01	 +5.0188598e-03 -3.9399760e-03	 1.15e+00 Accepted	 241	 882	
412	 5.5611780e-01	 +5.0188598e-03 -3.9399760e-03	 8.73e-01 Rejected	 257	 874	
413	 5.5600405e-01	 +2.1359425e-03 -2.1801500e-03	 9.20e-01 Accepted	 258	 873	
414	 5.5630368e-01	 +2.1847245e-03 -4.8982352e-03	 9.87e-01 Accepted	 247	 817	
415	 5.5635323e-01	 +1.2370553e-03 -1.8530812e-03	 1.11e+00 Accepted	 243	 849	
416	 5.5641090e-01	 +3.2222534e-03 -3.2220629e-03	 1.25e+00 Accepted	 248	 867	
417	 5.5627087e-01	 +1.5898034e-03 +6.3517367e-05	 7.00e-01 Accepted	 247	 837	
418	 5.5660589e-01	 +2.3674134e-03 -1.2238056e-03	 1.39e+00 Accepted	 246	 886	
419	 5.5683123e-01	 +2.7625695e-03 -1.2520941e-03	 1.14e+00 Accepted	 244	 813	
420	 5.5693363e-01	 +3.1855431e-03 -3.2381092e-03	 1.08e+00 Accepted	 236	 854	
421	 5.5670182e-01	 +3.0063942e-03 -3.7198677e-03	 1.35e+00 Accepted	 246	 871	
422	 5.5685971e-01	 +4.5550594e-03 -4.2442645e-03	 9.39e-01 Accepted	 249	 825	
423	 5.5694313e-01	 +8.6739554e-03 -3.4224775e-03	 9.36e-01 Accepted	 252	 876	
424	 5.5667856e-01	 +2.7054411e-03 -2.1448597e-03	 7.46e-01 Accepted	 255	 913	
425	 5.5720192e-01	 +3.7647645e-03 -4.5440431e-03	 8.92e-01 Accepted	 254	 859	
426	 5.5684641e-01	 +2.2432883e-03 -1.7330245e-03	 7.89e-01 Accepted	 257	 907	
427	 5.5684988e-01	 +2.8428377e-03 -2.8773442e-03	 1.21e+00 Accepted	 262	 910	
428	 5.5664350e-01	 +1.9220094e-03 -1.8765999e-03	 6.23e-01 Accepted	 268	 951	
429	 5.5619659e-01	 +2.7301908e-03 -1.3572906e-03	 8.02e-01 Accepted	 268	 917	
430	 5.5637673e-01	 +2.4830795e-03 +1.6194965e-03	 1.09e+00 Accepted	 267	 934	
431	 5.5637673e-01	 +2.4830795e-03 +1.6194965e-03	 7.27e-01 Rejected	 263	 877	
432	 5.5637673e-01	 +2.4830795e-03 +1.6194965e-03	 8.69e-01 Rejected	 258	 833	
433	 5.5632694e-01	 +3.7842606e-03 -1.3543735e-04	 1.34e+00 Accepted	 262	 895	
434	 5.5626691e-01	 +3.5496620e-03 +8.3907182e-04	 8.91e-01 Accepted	 260	 906	
435	 5.5648929e-01	 +2.8475883e-03 -6.7696720e-04	 1.35e+00 Accepted	 258	 888	
436	 5.5649769e-01	 +1.2594687e-03 -2.1428512e-03	 1.05e+00 Accepted	 258	 896	
437	 5.5668533e-01	 +6.1041563e-03 +3.4872787e-04	 1.18e+00 Accepted	 251	 857	
438	 5.5557902e-01	 +2.9393516e-03 -2.7950083e-03	 7.82e-01 Accepted	 250	 883	
439	 5.5608568e-01	 +3.8162797e-03 -2.0994311e-03	 1.18e+00 Accepted	 251	 838	
440	 5.5607559e-01	 +1.2233161e-03 -5.2280128e-04	 1.16e+00 Accepted	 245	 847	
# Starting_type: CheckpointStart
# Trajectory_length / Number_of_MD_steps: 1 / 8
# 	 Plaquette	 Polyakov_Loop(re,im)	 Acc._Probability	 runtime_per_traj(s)	 CG_iterations	
441	 5.5639410e-01	 +3.9239727e-03 +1.8147112e-03	 1.32e+00 Accepted	 253	 890	
442	 5.5623444e-01	 +4.0011497e-03 +8.7720398e-04	 6.15e-01 Accepted	 253	 851	
443	 5.5657164e-01	 -3.2885504e-04 +6.1098288e-04	 9.69e-01 Accepted	 252	 886	
444	 5.5632148e-01	 -7.9200710e-04 +1.5625508e-04	 6.62e-01 Accepted	 252	 860	
445	 5.5644000e-01	 -5.0317332e-04 -4.4510425e-03	 1.01e+00 Accepted	 254	 906	
446	 5.5644000e-01	 -5.0317332e-04 -4.4510425e-03	 8.32e-01 Rejected	 258	 896	
447	 5.5644000e-01	 -5.0317332e-04 -4.4510425e-03	 5.41e-01 Rejected	 254	 866	
448	 5.5599229e-01	 +1.4806118e-03 +7.0057219e-05	 1.01e+00 Accepted	 255	 876	
449	 5.5631794e-01	 +1.8097625e-03 -2.1467133e-05	 2.46e+00 Accepted	 245	 855	
450	 5.5634239e-01	 +1.1332908e-05 -2.0933235e-03	 5.93e-01 Accepted	 253	 919	
451	 5.5618241e-01	 +2.8738063e-03 -6.2108031e-04	 8.76e-01 Accepted	 257	 858	
452	 5.5634155e-01	 +1.9435910e-03 -7.4851365e-04	 1.10e+00 Accepted	 249	 883	
453	 5.5660196e-01	 -5.7187237e-04 -1.1828265e-03	 1.04e+00 Accepted	 251	 846	
454	 5.5632337e-01	 +1.0759221e-03 +5.2470648e-04	 8.07e-01 Accepted	 247	 843	
455	 5.5620561e-01	 +3.8688769e-03 -6.0695966e-04	 9.69e-01 Accepted	 243	 866	
456	 5.5591519e-01	 +3.1383333e-03 +2.3517740e-03	 1.56e+00 Accepted	 246	 863	
457	 5.5613792e-01	 +3.3059131e-04 +1.4087551e-03	 1.05e+00 Accepted	 243	 837	
458	 5.5624050e-01	 +5.3932029e-04 +2.8402337e-03	 8.60e-01 Accepted	 242	 891	
459	 5.5618795e-01	 +1.3988550e-04 -2.2008690e-04	 8.40e-01 Accepted	 251	 837	
460	 5.5612177e-01	 -1.2574939e-03 +1.2877464e-03	 1.21e+00 Accepted	 246	 852	
461	 5.5621216e-01	 +4.0651955e-03 +2.3205743e-03	 9.76e-01 Accepted	 246	 859	
462	 5.5609159e-01	 -2.7465133e-04 +2.5481969e-03	 1.26e+00 Accepted	 246	 854	
463	 5.5606163e-01	 -2.5118817e-03 +2.1066018e-03	 7.05e-01 Accepted	 247	 879	
464	 5.5623959e-01	 +3.4346215e-03 +2.5060077e-03	 1.42e+00 Accepted	 249	 831	
465	 5.5569330e-01	 +1.1569639e-03 +7.1711926e-04	 7.83e-01 Accepted	 242	 870	
466	 5.5594476e-01	 +2.4792950e-03 +9.5576038e-04	 8.70e-01 Accepted	 251	 881	
467	 5.5589087e-01	 -5.6261528e-04 +3.3328145e-03	 1.16e+00 Accepted	 250	 812	
468	 5.5609050e-01	 +4.3500542e-03 +1.2094729e-03	 1.46e+00 Accepted	 236	 807	
469	 5.5591693e-01	 +3.4680392e-03 +1.1919535e-03	 6.27e-01 Accepted	 240	 862	
470	 5.5592098e-01	 +2.0132844e-03 +1.0396251e-03	 1.16e+00 Accepted	 251	 878	
471	 5.5581839e-01	 +3.7162819e-03 -6.4347792e-04	 7.01e-01 Accepted	 254	 870	
472	 5.5613432e-01	 +3.3546983e-03 +5.5733867e-04	 1.05e+00 Accepted	 247	 875	
473	 5.5612643e-01	 +1.2017150e-03 -7.9619529e-04	 1.01e+00 Accepted	 256	 857	
474	 5.5614067e-01	 +2.5173127e-03 +8.5441512e-04	 7.37e-01 Accepted	 246	 867	
475	 5.5586283e-01	 +1.9731808e-03 +1.9281493e-03	 1.59e+00 Accepted	 245	 858	
476	 5.5594390e-01	 +5.7730938e-03 +3.6483507e-03	 1.05e+00 Accepted	 247	 873	
477	 5.5631352e-01	 +1.9770623e-03 -5.4947838e-05	 1.64e+00 Accepted	 249	 891	
478	 5.5651380e-01	 +1.8054398e-03 +3.2403212e-03	 1.18e+00 Accepted	 251	 853	
479	 5.5608320e-01	 +1.3860797e-03 +1.0698718e-03	 7.77e-01 Accepted	 250	 910	
480	 5.5625502e-01	 +2.5920052e-03 -1.1188655e-03	 1.41e+00 Accepted	 249	 818	
481	 5.5625210e-01	 +2.2335485e-05 +2.3524473e-03	 9.51e-01 Accepted	 242	 844	
482	 5.5590838e-01	 +2.7053424e-03 -2.2577149e-04	 1.06e+00 Accepted	 245	 872	
483	 5.5610655e-01	 +1.9399636e-03 -7.9501878e-04	 1.12e+00 Accepted	 248	 896	
484	 5.5581715e-01	 +4.6704364e-03 +3.5371577e-04	 7.98e-01 Accepted	 262	 927	
485	 5.5609017e-01	 -2.1462454e-04 +7.0592863e-04	 1.23e+00 Accepted	 262	 927	
486	 5.5581606e-01	 +8.4496204e-04 -1.5996101e-03	 9.77e-01 Accepted	 256	 867	
487	 5.5594368e-01	 +1.8543334e-03 -7.5844341e-04	 1.03e+00 Accepted	 249	 880	
488	 5.5578567e-01	 +9.9615893e-04 -5.3456040e-04	 8.79e-01 Accepted	 247	 859	
489	 5.5558814e-01	 +3.4414790e-03 +3.1751106e-03	 1.14e+00 Accepted	 252	 869	
490	 5.5581653e-01	 +6.9046497e-04 -5.6112443e-04	 1.01e+00 Accepted	 245	 843	
491	 5.5581653e-01	 +6.9046497e-04 -5.6112443e-04	 8.36e-01 Rejected	 247	 868	
492	 5.5577065e-01	 +3.4109793e-03 -1.2094000e-04	 1.20e+00 Accepted	 243	 860	
493	 5.5594938e-01	 +2.3320007e-03 +2.6631434e-03	 1.03e+00 Accepted	 249	 857	
494	 5.5568937e-01	 +1.1064797e-03 -2.0172016e-03	 1.23e+00 Accepted	 248	 860	
495	 5.5602256e-01	 +4.0518179e-03 +8.4580955e-04	 9.40e-01 Accepted	 251	 885	
496	 5.5555238e-01	 +7.0424972e-05 +1.3571400e-04	 7.48e-01 Accepted	 251	 882	
497	 5.5595160e-01	 +1.3287078e-03 +3.7472091e-03	 9.81e-01 Accepted	 256	 880	
498	 5.5611921e-01	 -1.0794265e-03 -4.9650791e-04	 9.89e-01 Accepted	 260	 917	
499	 5.5648922e-01	 +1.3205595e-03 +7.3464067e-04	 1.43e+00 Accepted	 259	 863	
500	 5.5648922e-01	 +1.3205595e-03 +7.3464067e-04	 6.04e-01 Rejected	 252	 867	
501	 5.5632925e-01	 +4.2020205e-03 -1.3972937e-03	 1.11e+00 Accepted	 248	 847	
502	 5.5611708e-01	 +9.5768010e-04 +1.6691333e-03	 9.96e-01 Accepted	 248	 884	
503	 5.5623646e-01	 +3.9788295e-03 +2.0305241e-03	 7.94e-01 Accepted	 253	 893	
504	 5.5600497e-01	 +4.8248200e-03 -1.9655082e-03	 9.36e-01 Accepted	 256	 918	
505	 5.5605955e-01	 +3.8431483e-03 -8.4862783e-04	 7.12e-01 Accepted	 259	 891	
506	 5.5605955e-01	 +3.8431483e-03 -8.4862783e-04	 8.01e-01 Rejected	 256	 883	
507	 5.5641607e-01	 +3.6357495e-03 +1.3377313e-03	 1.67e+00 Accepted	 258	 904	
508	 5.5602381e-01	 +3.0620807e-03 -2.4645216e-04	 8.71e-01 Accepted	 259	 874	
509	 5.5636995e-01	 +2.5479501e-03 +3.5326847e-03	 6.99e-01 Accepted	 256	 954	
510	 5.5620650e-01	 -3.8984954e-04 +3.5953823e-03	 1.00e+00 Accepted	 268	 898	
511	 5.5620650e-01	 -3.8984954e-04 +3.5953823e-03	 6.32e-01 Rejected	 254	 869	
512	 5.5573308e-01	 +3.8186229e-03 +2.5346617e-03	 9.33e-01 Accepted	 248	 866	
513	 5.5552861e-01	 +5.6722430e-03 +1.3605974e-03	 1.38e+00 Accepted	 248	 878	
514	 5.5557664e-01	 -1.2993624e-03 +3.3540895e-03	 1.03e+00 Accepted	 256	 897	
515	 5.5557664e-01	 -1.2993624e-03 +3.3540895e-03	 9.43e-01 Rejected	 263	 954	
516	 5.5536553e-01	 +3.6336087e-03 +3.6852988e-03	 1.16e+00 Accepted	 259	 959	
517	 5.5546783e-01	 +2.2089223e-03 +7.2156605e-04	 9.23e-01 Accepted	 258	 867	
518	 5.5591889e-01	 +1.5697229e-03 -8.2636595e-05	 8.74e-01 Accepted	 251	 863	
519	 5.5611432e-01	 +3.3195760e-03 -1.3816461e-04	 9.36e-01 Accepted	 250	 865	
520	 5.5601981e-01	 +5.1709125e-03 +3.6709152e-03	 8.64e-01 Accepted	 247	 862	
521	 5.5624722e-01	 +1.1242860e-03 -8.0215099e-04	 1.11e+00 Accepted	 245	 886	
522	 5.5616909e-01	 +1.7054602e-03 -4.5621782e-04	 9.96e-01 Accepted	 258	 879	
523	 5.5608961e-01	 +9.1286772e-05 -1.5633685e-03	 1.04e+00 Accepted	 258	 882	
524	 5.5620929e-01	 +2.8338176e-03 +1.2353503e-03	 9.12e-01 Accepted	 253	 936	
525	 5.5633535e-01	 +2.8440043e-03 +3.0860207e-04	 1.04e+00 Accepted	 246	 793	
526	 5.5649341e-01	 +2.6049583e-03 -6.4627074e-04	 1.14e+00 Accepted	 237	 864	
527	 5.5665684e-01	 +2.3257440e-03 +6.8193920e-04	 9.69e-01 Accepted	 243	 816	
528	 5.5646629e-01	 +3.2185218e-03 +1.6240764e-03	 1.23e+00 Accepted	 238	 823	
529	 5.5613156e-01	 +3.1722251e-03 -7.5413458e-04	 1.02e+00 Accepted	 236	 799	
530	 5.5600237e-01	 +3.3176068e-03 -1.0509328e-03	 7.96e-01 Accepted	 232	 802	
531	 5.5617717e-01	 -2.2365634e-04 -1.6495135e-03	 9.83e-01 Accepted	 236	 829	
532	 5.5632333e-01	 +4.0291779e-03 -1.5610991e-03	 1.36e+00 Accepted	 237	 790	
533	 5.5622327e-01	 +4.9976643e-03 -6.6402143e-04	 1.12e+00 Accepted	 233	 829	
534	 5.5692262e-01	 -3.6435835e-03 -8.2715321e-04	 1.23e+00 Accepted	 242	 823	
535	 5.5684558e-01	 +6.8567385e-04 +1.0468533e-04	 1.01e+00 Accepted	 240	 814	
536	 5.5703499e-01	 +6.9066953e-04 -3.4634200e-04	 9.66e-01 Accepted	 239	 809	
537	 5.5690491e-01	 +5.6069507e-03 -1.3118016e-03	 8.16e-01 Accepted	 237	 813	
538	 5.5633514e-01	 +1.4944624e-03 -2.3816414e-03	 8.21e-01 Accepted	 246	 846	
539	 5.5670752e-01	 +1.0299557e-03 -4.4265733e-04	 1.55e+00 Accepted	 239	 827	
540	 5.5670752e-01	 +1.0299557e-03 -4.4265733e-04	 7.11e-01 Rejected	 241	 879	
541	 5.5656984e-01	 +5.7536328e-04 -1.4816905e-03	 9.17e-01 Accepted	 241	 850	
542	 5.5647087e-01	 +6.0433504e-04 -1.7674591e-04	 7.17e-01 Accepted	 250	 887	
543	 5.5697679e-01	 +2.4182484e-03 -1.0586331e-03	 1.06e+00 Accepted	 250	 858	
544	 5.5693973e-01	 +3.5866773e-04 -1.7219022e-03	 1.28e+00 Accepted	 245	 821	
545	 5.5659628e-01	 +1.0338181e-03 +1.3141434e-03	 8.58e-01 Accepted	 241	 853	
546	 5.5612023e-01	 +1.8594715e-04 -3.0704297e-03	 1.14e+00 Accepted	 255	 888	
547	 5.5576820e-01	 +6.8785783e-03 -1.6386414e-03	 7.41e-01 Accepted	 258	 861	
548	 5.5591284e-01	 -2.9224143e-03 -2.7140371e-04	 1.52e+00 Accepted	 253	 930	
549	 5.5565568e-01	 +5.9519196e-04 -8.9943576e-04	 8.94e-01 Accepted	 258	 890	
550	 5.5578649e-01	 -7.8541373e-04 -2.7935236e-03	 7.66e-01 Accepted	 255	 860	
551	 5.5621030e-01	 +2.4758951e-03 -1.3100868e-03	 1.26e+00 Accepted	 254	 893	
552	 5.5585074e-01	 +1.6010031e-03 -2.3725238e-03	 1.09e+00 Accepted	 254	 866	
553	 5.5585074e-01	 +1.6010031e-03 -2.3725238e-03	 8.28e-01 Rejected	 252	 887	
554	 5.5565154e-01	 -6.8013044e-04 -2.4847757e-03	 7.76e-01 Accepted	 249	 819	
555	 5.5549651e-01	 -1.9503296e-03 -2.5865507e-03	 8.70e-01 Accepted	 244	 865	
556	 5.5570935e-01	 -1.6324801e-03 +3.0743348e-03	 1.53e+00 Accepted	 248	 849	
557	 5.5591134e-01	 +6.2361913e-05 +1.6971211e-04	 1.57e+00 Accepted	 249	 866	
558	 5.5591134e-01	 +6.2361913e-05 +1.6971211e-04	 7.28e-01 Rejected	 248	 855	
559	 5.5589760e-01	 -7.5002356e-04 +5.4598375e-04	 1.28e+00 Accepted	 250	 855	
560	 5.5582706e-01	 +1.8214882e-03 +1.4973969e-03	 8.41e-01 Accepted	 248	 885	
561	 5.5557478e-01	 -1.6763683e-04 +1.5573744e-03	 8.45e-01 Accepted	 250	 861	
562	 5.5590076e-01	 +1.6957861e-03 -7.3321093e-06	 1.21e+00 Accepted	 259	 936	
563	 5.5625326e-01	 +1.4331356e-03 +8.3334636e-04	 1.23e+00 Accepted	 261	 879	
564	 5.5607109e-01	 +1.7895363e-03 +1.3070739e-03	 6.81e-01 Accepted	 253	 873	
565	 5.5662208e-01	 +2.5547725e-04 -8.8339993e-05	 8.31e-01 Accepted	 248	 886	
566	 5.5661812e-01	 +2.6874225e-03 +1.7324983e-03	 1.02e+00 Accepted	 260	 901	
567	 5.5648182e-01	 +1.9238603e-03 -1.2115674e-03	 8.51e-01 Accepted	 255	 874	
568	 5.5637686e-01	 +2.8595593e-03 -1.7276790e-03	 1.11e+00 Accepted	 250	 844	
569	 5.5620397e-01	 +3.4405289e-03 -3.7334462e-03	 7.94e-01 Accepted	 243	 862	
570	 5.5627311e-01	 +2.7996049e-03 -5.8276479e-04	 1.39e+00 Accepted	 250	 901	
571	 5.5595333e-01	 +3.0012327e-03 -3.0609174e-03	 7.86e-01 Accepted	 254	 821	
572	 5.5649092e-01	 -1.1764513e-04 -1.1844859e-03	 9.82e-01 Accepted	 244	 854	
573	 5.5655468e-01	 +2.7997246e-03 +3.3550784e-04	 7.45e-01 Accepted	 247	 852	
574	 5.5660895e-01	 +1.6719630e-03 -8.5289648e-04	 9.60e-01 Accepted	 246	 856	
575	 5.5652103e-01	 -6.7401293e-04 -2.9509719e-04	 1.29e+00 Accepted	 251	 934	
576	 5.5642726e-01	 +2.0372637e-03 -9.6086219e-04	 9.01e-01 Accepted	 254	 848	
577	 5.5604764e-01	 +7.0856274e-04 -2.0078865e-04	 9.16e-01 Accepted	 243	 826	
578	 5.5623580e-01	 +3.5029819e-03 +2.5845349e-03	 1.33e+00 Accepted	 241	 839	
579	 5.5627576e-01	 -4.4257914e-04 -2.1469122e-03	 1.25e+00 Accepted	 245	 868	
580	 5.5620682e-01	 +1.3920405e-04 -3.0476194e-03	 1.01e+00 Accepted	 247	 871	
581	 5.5642287e-01	 +2.6289790e-03 -4.3261827e-03	 1.20e+00 Accepted	 247	 865	
582	 5.5660343e-01	 +1.2970117e-03 -9.1002039e-04	 1.10e+00 Accepted	 249	 864	
583	 5.5667816e-01	 +2.0925020e-03 -2.6405147e-03	 9.51e-01 Accepted	 248	 853	
584	 5.5667816e-01	 +2.0925020e-03 -2.6405147e-03	 7.27e-01 Rejected	 245	 843	
585	 5.5652476e-01	 +8.2050895e-04 -1.3906696e-03	 8.52e-01 Accepted	 243	 817	
586	 5.5663612e-01	 +5.3185458e-04 -6.8832372e-04	 1.62e+00 Accepted	 247	 877	
587	 5.5664746e-01	 +1.0826964e-03 -1.7126503e-03	 1.14e+00 Accepted	 254	 871	
588	 5.5693062e-01	 +2.0540238e-03 +1.9560754e-03	 9.62e-01 Accepted	 249	 869	
589	 5.5650976e-01	 +2.0429541e-03 -2.7553327e-04	 6.58e-01 Accepted	 250	 845	
590	 5.5628371e-01	 +7.4356203e-04 -8.7065196e-04	 7.41e-01 Accepted	 243	 835	
591	 5.5613640e-01	 -2.3521321e-04 -1.3654573e-03	 7.84e-01 Accepted	 238	 845	
592	 5.5636632e-01	 +6.2104679e-04 -2.0812981e-03	 1.72e+00 Accepted	 243	 826	
593	 5.5659659e-01	 +2.0443726e-03 +1.3064234e-03	 1.02e+00 Accepted	 238	 821	
594	 5.5670004e-01	 +4.2039646e-03 -3.5542679e-04	 6.65e-01 Accepted	 238	 854	
595	 5.5666155e-01	 +8.9797550e-04 -1.2721059e-03	 8.13e-01 Accepted	 251	 897	
596	 5.5619212e-01	 +1.5329837e-03 +4.7713377e-04	 1.45e+00 Accepted	 254	 886	
597	 5.5605450e-01	 +7.4195065e-04 +3.8973292e-04	 5.73e-01 Accepted	 251	 840	
598	 5.5632076e-01	 +5.3827664e-04 -2.0988877e-04	 7.37e-01 Accepted	 243	 839	
599	 5.5637108e-01	 -1.0832468e-03 +3.7758858e-04	 1.05e+00 Accepted	 248	 889	
600	 5.5633876e-01	 +9.8897761e-04 -1.6032856e-03	 1.04e+00 Accepted	 253	 857	
601	 5.5610294e-01	 -6.9008579e-04 -5.8036194e-03	 1.03e+00 Accepted	 250	 895	
602	 5.5658641e-01	 +1.5644140e-03 -9.3547142e-04	 1.07e+00 Accepted	 255	 836	
603	 5.5658641e-01	 +1.5644140e-03 -9.3547142e-04	 8.93e-01 Rejected	 238	 821	
604	 5.5658641e-01	 +1.5644140e-03 -9.3547142e-04	 8.59e-01 Rejected	 245	 882	
605	 5.5648372e-01	 +1.3862746e-03 +2.2935771e-04	 1.26e+00 Accepted	 241	 871	
606	 5.5629227e-01	 -1.3404376e-04 -2.1981547e-03	 1.03e+00 Accepted	 257	 907	
607	 5.5608431e-01	 -2.0024673e-03 -3.5536334e-03	 7.84e-01 Accepted	 257	 876	
608	 5.5621064e-01	 -3.5598485e-03 +9.6291807e-04	 1.03e+00 Accepted	 254	 892	
609	 5.5624993e-01	 +1.8633520e-03 +2.3735170e-06	 1.04e+00 Accepted	 254	 924	
610	 5.5582959e-01	 -4.3607496e-04 -1.8762308e-03	 8.60e-01 Accepted	 262	 898	
611	 5.5592560e-01	 -2.6570732e-03 -8.8457959e-04	 8.93e-01 Accepted	 251	 825	
612	 5.5581494e-01	 +1.3503590e-03 -7.5428343e-04	 7.87e-01 Accepted	 243	 866	
613	 5.5581494e-01	 +1.3503590e-03 -7.5428343e-04	 8.16e-01 Rejected	 256	 922	
# Starting_type: CheckpointStart
# Trajectory_length / Number_of_MD_steps: 1 / 8
# 	 Plaquette	 Polyakov_Loop(re,im)	 Acc._Probability	 runtime_per_traj(s)	 CG_iterations	
613	 5.5581494e-01	 +1.3503590e-03 -7.5428343e-04	 8.16e-01 Rejected	 268	 922	
614	 5.5526514e-01	 -9.2934565e-04 +9.3214588e-04	 7.15e-01 Accepted	 253	 896	
615	 5.5552123e-01	 +1.6619030e-03 -3.0529616e-03	 2.08e+00 Accepted	 257	 927	
616	 5.5543176e-01	 -3.8760415e-03 -3.5398963e-04	 1.01e+00 Accepted	 262	 917	
617	 5.5543176e-01	 -3.8760415e-03 -3.5398963e-04	 8.69e-01 Rejected	 262	 889	
618	 5.5579847e-01	 -2.3360648e-03 -2.6465449e-03	 1.08e+00 Accepted	 255	 877	
619	 5.5588282e-01	 +1.7364601e-03 -1.0455959e-03	 9.09e-01 Accepted	 250	 868	
620	 5.5589804e-01	 -6.4182173e-04 -1.2787232e-03	 9.30e-01 Accepted	 255	 908	
621	 5.5589804e-01	 -6.4182173e-04 -1.2787232e-03	 5.72e-01 Rejected	 250	 851	
622	 5.5593712e-01	 -1.5112007e-03 -3.6619139e-03	 1.01e+00 Accepted	 259	 914	
623	 5.5601499e-01	 -1.4911850e-03 +2.0615816e-03	 9.04e-01 Accepted	 256	 872	
624	 5.5596557e-01	 -1.6712731e-03 -1.8388882e-03	 6.28e-01 Accepted	 252	 871	
625	 5.5584432e-01	 -1.3295652e-03 +1.9820525e-03	 9.47e-01 Accepted	 249	 873	
626	 5.5584432e-01	 -1.3295652e-03 +1.9820525e-03	 8.65e-01 Rejected	 254	 890	
627	 5.5612976e-01	 -8.1260176e-05 +1.5656092e-03	 1.18e+00 Accepted	 245	 833	
628	 5.5641041e-01	 -1.1470161e-03 -2.3174758e-03	 9.69e-01 Accepted	 244	 862	
629	 5.5628971e-01	 +1.8306463e-03 -3.1977568e-03	 7.70e-01 Accepted	 247	 852	
630	 5.5629998e-01	 +1.1763319e-03 -9.4038565e-05	 8.90e-01 Accepted	 249	 873	
631	 5.5643039e-01	 +2.5073055e-03 -2.7709021e-03	 1.15e+00 Accepted	 249	 839	
632	 5.5666802e-01	 +3.3525437e-03 +8.5368427e-04	 8.38e-01 Accepted	 241	 816	
633	 5.5645583e-01	 +1.8545795e-03 -1.1331857e-03	 9.07e-01 Accepted	 240	 905	
634	 5.5664428e-01	 +1.4085187e-03 -3.8435562e-04	 1.05e+00 Accepted	 249	 829	
635	 5.5631921e-01	 -4.9579192e-04 -1.9578684e-03	 1.12e+00 Accepted	 238	 826	
636	 5.5648408e-01	 -7.1365373e-05 +3.7955437e-05	 1.41e+00 Accepted	 243	 856	
637	 5.5662819e-01	 +7.8687555e-04 -2.4209702e-04	 1.06e+00 Accepted	 247	 834	
638	 5.5655683e-01	 +1.1253650e-03 +8.9169198e-04	 8.13e-01 Accepted	 241	 843	
639	 5.5647586e-01	 +9.5586908e-04 -2.8593170e-03	 1.00e+00 Accepted	 244	 843	
640	 5.5645271e-01	 +1.2120471e-03 +1.3392111e-03	 7.82e-01 Accepted	 244	 829	
641	 5.5621443e-01	 -1.9345597e-03 -6.3733828e-04	 1.17e+00 Accepted	 242	 828	
642	 5.5622103e-01	 -4.0595725e-03 -4.0445014e-04	 9.84e-01 Accepted	 240	 859	
643	 5.5593031e-01	 +3.5866438e-04 -6.3044099e-05	 9.02e-01 Accepted	 252	 891	
644	 5.5590843e-01	 -9.1066605e-04 -3.6811121e-03	 9.12e-01 Accepted	 247	 849	
645	 5.5617586e-01	 +6.9580581e-05 -8.0000423e-04	 1.02e+00 Accepted	 246	 860	
646	 5.5617586e-01	 +6.9580581e-05 -8.0000423e-04	 7.14e-01 Rejected	 246	 878	
647	 5.5615168e-01	 +3.7062861e-03 +1.2005530e-03	 6.00e-01 Accepted	 252	 907	
648	 5.5585385e-01	 -7.3050527e-04 -2.3769240e-04	 7.38e-01 Accepted	 255	 851	
649	 5.5604907e-01	 +1.3883507e-03 -7.3146272e-04	 1.31e+00 Accepted	 242	 845	
650	 5.5621114e-01	 +3.7911912e-03 +2.2458342e-03	 7.75e-01 Accepted	 242	 841	
651	 5.5625776e-01	 +3.8107190e-03 -1.0419421e-03	 9.76e-01 Accepted	 242	 826	
