# Starting_type: ColdStart
# serial RNG seed: 	[62701 15551 56212 59179 14198]
# parallel RNG seed:	[60388 40860 64093 32175 48082]
# Trajectory_length / Number_of_MD_steps: 1 / 7
# 	 Plaquette	 Polyakov_Loop(re,im)	 Acc._Probability	 runtime_per_traj(s)	 CG_iterations	
1	 8.0442951e-01	 +4.3842563e-01 -2.5278216e-03	 5.66e-32 Skipping	 104	 377	
2	 7.3125065e-01	 +2.6162572e-01 +1.4459555e-04	 2.59e-16 Skipping	 126	 439	
3	 6.8573840e-01	 +1.7690806e-01 +2.0329061e-03	 2.56e-11 Skipping	 137	 480	
4	 6.5353244e-01	 +1.3355770e-01 -6.0143296e-04	 2.47e-08 Skipping	 144	 516	
5	 6.3076772e-01	 +1.0498687e-01 +1.0627291e-03	 3.26e-06 Skipping	 152	 552	
6	 6.1386510e-01	 +8.5634647e-02 -2.2011726e-03	 1.02e-04 Skipping	 159	 580	
7	 6.0164671e-01	 +7.5178146e-02 -7.8437289e-04	 1.19e-03 Skipping	 167	 611	
8	 5.9293725e-01	 +6.7056614e-02 +1.6979408e-03	 6.84e-03 Skipping	 173	 644	
9	 5.8680062e-01	 +5.9134551e-02 +8.6054847e-04	 3.51e-02 Skipping	 178	 656	
10	 5.8275055e-01	 +5.5221057e-02 -1.4781463e-03	 9.06e-02 Skipping	 180	 671	
11	 5.7908045e-01	 +5.1989808e-02 -2.0333884e-03	 1.65e-01 Skipping	 183	 683	
12	 5.7708447e-01	 +4.7478491e-02 -5.6653587e-04	 4.31e-01 Skipping	 188	 699	
13	 5.7521886e-01	 +4.4344354e-02 -2.1532430e-03	 4.43e-01 Skipping	 191	 716	
14	 5.7369805e-01	 +4.4765795e-02 -4.0294950e-04	 2.83e-01 Skipping	 194	 729	
15	 5.7246083e-01	 +4.1147229e-02 +1.9255795e-03	 6.46e-01 Skipping	 199	 758	
16	 5.7184267e-01	 +4.2785198e-02 -1.0067557e-03	 6.69e-01 Skipping	 207	 801	
17	 5.7110746e-01	 +3.7360351e-02 -2.5889145e-05	 9.02e-01 Skipping	 217	 809	
18	 5.7079569e-01	 +4.1254673e-02 -7.0685915e-04	 9.38e-01 Skipping	 212	 773	
19	 5.7072892e-01	 +4.0614966e-02 +1.0390420e-03	 6.36e-01 Skipping	 208	 787	
20	 5.7065505e-01	 +4.1211724e-02 +1.2991508e-03	 9.84e-01 Skipping	 209	 779	
21	 5.7012223e-01	 +4.2788654e-02 -1.3972794e-03	 7.22e-01 Skipping	 207	 779	
22	 5.7010739e-01	 +3.6900359e-02 -2.2167494e-03	 1.04e+00 Skipping	 209	 787	
23	 5.7009583e-01	 +3.7313365e-02 +2.7791732e-03	 1.14e+00 Skipping	 212	 804	
24	 5.7018496e-01	 +3.7396904e-02 -1.4149085e-03	 1.29e+00 Skipping	 216	 836	
25	 5.7016584e-01	 +3.8443878e-02 +1.0537881e-03	 5.92e-01 Skipping	 221	 844	
26	 5.6994615e-01	 +4.0499062e-02 -2.4882611e-03	 1.50e+00 Skipping	 221	 826	
27	 5.6980898e-01	 +3.2350102e-02 +4.4469208e-04	 9.50e-01 Skipping	 219	 826	
28	 5.7018107e-01	 +3.7376815e-02 -3.6186180e-03	 1.37e+00 Skipping	 219	 829	
29	 5.7000305e-01	 +3.3933748e-02 -6.2184484e-05	 8.36e-01 Skipping	 218	 822	
30	 5.7003630e-01	 +3.4564920e-02 -2.9196749e-03	 1.08e+00 Skipping	 220	 837	
31	 5.7009544e-01	 +3.1184470e-02 +2.4444073e-03	 1.32e+00 Skipping	 224	 863	
32	 5.7009090e-01	 +3.3140213e-02 +3.8164507e-04	 7.71e-01 Skipping	 230	 878	
33	 5.7053582e-01	 +3.4750216e-02 -4.9614038e-05	 9.61e-01 Skipping	 232	 881	
34	 5.7045053e-01	 +3.5608972e-02 -1.2281176e-04	 8.42e-01 Skipping	 233	 885	
35	 5.7046019e-01	 +3.2048867e-02 +5.3437315e-04	 8.88e-01 Skipping	 235	 899	
36	 5.6993799e-01	 +3.4659008e-02 -1.9792846e-03	 6.81e-01 Skipping	 237	 891	
37	 5.6983982e-01	 +3.4734345e-02 -2.1874805e-03	 8.00e-01 Skipping	 233	 892	
38	 5.6977780e-01	 +3.3352124e-02 -2.7290544e-03	 8.67e-01 Skipping	 234	 889	
39	 5.6979528e-01	 +3.4373876e-02 -1.0538631e-03	 1.34e+00 Skipping	 237	 930	
40	 5.6997841e-01	 +3.3221025e-02 +3.4934297e-05	 8.12e-01 Skipping	 245	 947	
41	 5.6970175e-01	 +3.3065126e-02 -1.6517967e-04	 1.07e+00 Skipping	 246	 960	
42	 5.6973386e-01	 +3.0251268e-02 -2.0780147e-03	 8.17e-01 Skipping	 242	 892	
43	 5.6966797e-01	 +3.0990759e-02 +1.8935916e-04	 1.08e+00 Skipping	 233	 880	
44	 5.6966877e-01	 +3.1218705e-02 +1.3050747e-03	 7.69e-01 Skipping	 232	 875	
45	 5.6933423e-01	 +2.9171080e-02 +2.4263994e-04	 8.22e-01 Skipping	 233	 883	
46	 5.6980066e-01	 +3.6284237e-02 -1.7951433e-05	 1.92e+00 Skipping	 233	 867	
47	 5.7005989e-01	 +3.2046277e-02 +1.6006735e-03	 1.56e+00 Skipping	 229	 894	
48	 5.6986794e-01	 +3.1908197e-02 +5.2448650e-04	 4.79e-01 Skipping	 234	 885	
49	 5.6924390e-01	 +3.1309370e-02 -1.4103477e-03	 8.44e-01 Skipping	 237	 892	
50	 5.6929638e-01	 +3.1113343e-02 +4.8380518e-04	 1.25e+00 Skipping	 238	 910	
51	 5.6946515e-01	 +2.8390573e-02 +3.8725219e-03	 1.23e+00 Accepted	 236	 903	
52	 5.6948070e-01	 +2.8330058e-02 +8.0825139e-05	 1.10e+00 Accepted	 238	 920	
53	 5.6969122e-01	 +3.0362906e-02 -1.5044870e-04	 6.57e-01 Accepted	 241	 941	
54	 5.6960901e-01	 +3.0457302e-02 +1.4128776e-03	 1.20e+00 Accepted	 245	 956	
55	 5.6963602e-01	 +2.9449439e-02 -3.1884825e-04	 9.49e-01 Accepted	 245	 916	
56	 5.6996328e-01	 +2.9326255e-02 +1.8453812e-03	 1.44e+00 Accepted	 238	 908	
57	 5.6970514e-01	 +3.0442332e-02 +1.0797473e-03	 1.26e+00 Accepted	 236	 907	
58	 5.6963418e-01	 +3.1616763e-02 -1.3477936e-04	 7.99e-01 Accepted	 238	 922	
59	 5.6994306e-01	 +2.8833075e-02 +1.0998243e-03	 1.34e+00 Accepted	 240	 911	
60	 5.6985275e-01	 +2.9209113e-02 -1.0990097e-03	 1.15e+00 Accepted	 238	 947	
61	 5.6941746e-01	 +2.8181463e-02 +1.4183949e-03	 8.52e-01 Accepted	 248	 950	
62	 5.6965864e-01	 +2.9709598e-02 -2.5157906e-03	 1.59e+00 Accepted	 249	 962	
63	 5.6965864e-01	 +2.9709598e-02 -2.5157906e-03	 6.37e-01 Rejected	 253	 959	
64	 5.6962006e-01	 +3.0222388e-02 -1.4280683e-03	 8.74e-01 Accepted	 252	 960	
65	 5.6994894e-01	 +3.0408145e-02 -1.3101723e-03	 1.44e+00 Accepted	 250	 965	
66	 5.7020319e-01	 +2.7069480e-02 +2.4868344e-03	 1.29e+00 Accepted	 250	 970	
67	 5.7019173e-01	 +2.3723143e-02 +3.6203332e-03	 1.10e+00 Accepted	 255	 999	
68	 5.7019824e-01	 +2.8005540e-02 -8.1518921e-04	 7.09e-01 Accepted	 257	 990	
69	 5.6991609e-01	 +2.5217321e-02 +4.4378036e-03	 1.29e+00 Accepted	 253	 970	
70	 5.7009879e-01	 +2.8983139e-02 -2.9268954e-04	 8.90e-01 Accepted	 252	 976	
71	 5.7003994e-01	 +2.4029455e-02 +2.5790703e-03	 1.04e+00 Accepted	 250	 1015	
72	 5.7024746e-01	 +2.7010207e-02 +2.8202569e-04	 1.75e+00 Accepted	 255	 944	
73	 5.7024746e-01	 +2.7010207e-02 +2.8202569e-04	 6.16e-01 Rejected	 248	 964	
74	 5.7006290e-01	 +2.6415010e-02 -1.6080795e-04	 1.17e+00 Accepted	 247	 948	
75	 5.6940649e-01	 +2.8529530e-02 -1.6366202e-04	 7.64e-01 Accepted	 247	 958	
76	 5.6994559e-01	 +2.7679715e-02 +1.7752475e-03	 1.71e+00 Accepted	 246	 947	
77	 5.6952349e-01	 +2.4910374e-02 -2.9823704e-03	 8.19e-01 Accepted	 248	 988	
78	 5.6972861e-01	 +2.5546681e-02 +1.2567823e-04	 1.01e+00 Accepted	 249	 959	
79	 5.6972861e-01	 +2.5546681e-02 +1.2567823e-04	 5.80e-01 Rejected	 251	 968	
80	 5.7015014e-01	 +2.8238093e-02 +3.2602994e-03	 1.37e+00 Accepted	 258	 1073	
81	 5.6990395e-01	 +2.4956448e-02 +3.4899669e-03	 7.79e-01 Accepted	 272	 983	
82	 5.6945647e-01	 +2.4147386e-02 +1.3416726e-04	 1.05e+00 Accepted	 254	 987	
83	 5.6945647e-01	 +2.4147386e-02 +1.3416726e-04	 8.10e-01 Rejected	 259	 1029	
84	 5.6917799e-01	 +2.9573285e-02 +6.8035333e-05	 7.70e-01 Accepted	 254	 970	
85	 5.6935615e-01	 +2.7653043e-02 -3.1071457e-03	 1.13e+00 Accepted	 251	 974	
86	 5.6934522e-01	 +2.8825184e-02 -2.4737095e-03	 1.23e+00 Accepted	 250	 953	
87	 5.6930269e-01	 +2.7270538e-02 -1.7951307e-03	 1.14e+00 Accepted	 248	 957	
88	 5.6930269e-01	 +2.7270538e-02 -1.7951307e-03	 7.52e-01 Rejected	 248	 967	
89	 5.6908392e-01	 +2.7345746e-02 -3.0399752e-04	 1.01e+00 Accepted	 248	 949	
90	 5.6937205e-01	 +3.0899304e-02 -7.5052249e-04	 1.01e+00 Accepted	 244	 920	
91	 5.6895677e-01	 +2.8456263e-02 -7.1684116e-04	 9.07e-01 Accepted	 239	 922	
92	 5.6913838e-01	 +2.4997679e-02 -5.6499165e-04	 1.12e+00 Accepted	 240	 926	
93	 5.6937818e-01	 +2.6982696e-02 -3.5651754e-03	 1.01e+00 Accepted	 241	 929	
94	 5.6937818e-01	 +2.6982696e-02 -3.5651754e-03	 7.10e-01 Rejected	 240	 922	
95	 5.6937818e-01	 +2.6982696e-02 -3.5651754e-03	 8.69e-01 Rejected	 241	 923	
96	 5.6940997e-01	 +2.5333132e-02 -7.9206819e-04	 1.53e+00 Accepted	 240	 926	
97	 5.6922281e-01	 +2.8927168e-02 -2.3520385e-03	 1.12e+00 Accepted	 243	 933	
98	 5.6920372e-01	 +2.9598448e-02 -2.1918455e-04	 1.18e+00 Accepted	 240	 915	
99	 5.6920372e-01	 +2.9598448e-02 -2.1918455e-04	 6.65e-01 Rejected	 237	 903	
100	 5.6963735e-01	 +2.5776911e-02 -2.6281939e-03	 1.43e+00 Accepted	 239	 932	
101	 5.6928358e-01	 +3.2483743e-02 -2.3808248e-03	 8.68e-01 Accepted	 243	 953	
102	 5.6964388e-01	 +2.8492500e-02 -1.3504197e-03	 1.39e+00 Accepted	 251	 944	
103	 5.6964388e-01	 +2.8492500e-02 -1.3504197e-03	 5.09e-01 Rejected	 250	 995	
104	 5.6924880e-01	 +2.7909984e-02 -5.5584251e-05	 1.00e+00 Accepted	 248	 969	
105	 5.6942967e-01	 +2.6185497e-02 -2.0141088e-03	 1.30e+00 Accepted	 249	 930	
106	 5.6959499e-01	 +3.0714250e-02 +3.4217012e-03	 7.97e-01 Accepted	 240	 915	
107	 5.6976412e-01	 +2.8571335e-02 -7.7237237e-04	 7.83e-01 Accepted	 240	 926	
108	 5.6973557e-01	 +3.0988174e-02 -1.7394161e-03	 1.53e+00 Accepted	 244	 950	
109	 5.7009561e-01	 +2.9974210e-02 -2.3415678e-03	 8.36e-01 Accepted	 244	 926	
110	 5.7015412e-01	 +2.9891232e-02 +1.3669190e-03	 9.84e-01 Accepted	 242	 911	
111	 5.7009227e-01	 +3.2310137e-02 -3.3468075e-05	 9.86e-01 Accepted	 242	 939	
112	 5.6989131e-01	 +2.8507522e-02 +6.6362177e-04	 7.96e-01 Accepted	 258	 1055	
113	 5.6957957e-01	 +2.7743197e-02 -1.2543416e-03	 6.98e-01 Accepted	 270	 1030	
114	 5.6944474e-01	 +3.1161797e-02 -1.3512455e-03	 6.14e-01 Accepted	 254	 935	
115	 5.6971635e-01	 +2.6849791e-02 +5.9891548e-04	 8.22e-01 Accepted	 244	 941	
116	 5.7000656e-01	 +2.8477387e-02 -6.7025745e-04	 9.70e-01 Accepted	 246	 944	
117	 5.7000656e-01	 +2.8477387e-02 -6.7025745e-04	 7.34e-01 Rejected	 242	 928	
118	 5.7000232e-01	 +2.7908591e-02 -6.7359737e-04	 8.97e-01 Accepted	 245	 936	
119	 5.6941347e-01	 +2.9155972e-02 +1.0239264e-03	 7.36e-01 Accepted	 243	 931	
120	 5.6963666e-01	 +3.0098399e-02 -3.5255501e-03	 8.79e-01 Accepted	 243	 922	
121	 5.6976606e-01	 +2.9724482e-02 +1.2365960e-03	 1.38e+00 Accepted	 242	 928	
122	 5.6973188e-01	 +2.6716229e-02 -2.1655392e-03	 8.19e-01 Accepted	 241	 926	
123	 5.6975803e-01	 +2.8546377e-02 -3.8325555e-03	 1.04e+00 Accepted	 246	 973	
124	 5.6957788e-01	 +2.3678587e-02 -1.0145986e-03	 1.06e+00 Accepted	 255	 1015	
125	 5.6951218e-01	 +2.6769458e-02 +3.3690547e-03	 9.90e-01 Accepted	 259	 961	
126	 5.6984608e-01	 +2.7421678e-02 -3.9864288e-04	 7.01e-01 Accepted	 250	 946	
127	 5.6992046e-01	 +3.0171157e-02 -8.1169474e-04	 1.26e+00 Accepted	 244	 922	
128	 5.6959658e-01	 +2.7457340e-02 -1.0981639e-03	 7.23e-01 Accepted	 243	 935	
129	 5.6959658e-01	 +2.7457340e-02 -1.0981639e-03	 7.57e-01 Rejected	 245	 932	
130	 5.6934176e-01	 +2.6381078e-02 -1.5818474e-03	 9.92e-01 Accepted	 244	 929	
131	 5.6949217e-01	 +2.9111845e-02 -2.0525158e-04	 8.30e-01 Accepted	 246	 923	
132	 5.6917686e-01	 +2.8461744e-02 +8.2347637e-05	 9.96e-01 Accepted	 246	 966	
133	 5.6894597e-01	 +2.8836953e-02 +4.1744699e-04	 1.28e+00 Accepted	 249	 962	
134	 5.6941622e-01	 +2.6931662e-02 -1.4838758e-03	 1.58e+00 Accepted	 248	 961	
135	 5.6934708e-01	 +3.0052706e-02 -2.2426329e-04	 8.87e-01 Accepted	 250	 984	
136	 5.6945084e-01	 +2.9704414e-02 -7.5755209e-04	 1.33e+00 Accepted	 251	 922	
137	 5.6966175e-01	 +2.8290033e-02 -3.2993560e-04	 1.17e+00 Accepted	 243	 932	
138	 5.6992807e-01	 +2.8884980e-02 +4.8256250e-04	 1.38e+00 Accepted	 247	 979	
139	 5.6952551e-01	 +2.6890442e-02 -1.4501715e-04	 9.03e-01 Accepted	 255	 965	
140	 5.6952551e-01	 +2.6890442e-02 -1.4501715e-04	 8.77e-01 Rejected	 250	 966	
141	 5.6963853e-01	 +2.3378009e-02 +9.3773999e-04	 9.49e-01 Accepted	 252	 967	
142	 5.6963853e-01	 +2.3378009e-02 +9.3773999e-04	 7.73e-01 Rejected	 251	 971	
143	 5.6969638e-01	 +2.4326574e-02 -1.8048805e-03	 9.94e-01 Accepted	 251	 975	
144	 5.6971553e-01	 +2.5540951e-02 +1.4997336e-04	 8.98e-01 Accepted	 249	 933	
145	 5.7002290e-01	 +2.6607976e-02 +4.0987092e-04	 1.34e+00 Accepted	 245	 936	
146	 5.6965460e-01	 +3.0568545e-02 +3.0051263e-04	 8.27e-01 Accepted	 246	 967	
147	 5.6977267e-01	 +2.9409404e-02 -1.1978631e-04	 7.80e-01 Accepted	 251	 1012	
148	 5.6921590e-01	 +2.8810503e-02 +9.8272275e-04	 8.77e-01 Accepted	 259	 978	
149	 5.6921590e-01	 +2.8810503e-02 +9.8272275e-04	 6.84e-01 Rejected	 254	 981	
150	 5.6938164e-01	 +2.5455468e-02 +7.7669225e-04	 1.01e+00 Accepted	 256	 1008	
151	 5.6899682e-01	 +2.2955916e-02 -3.8102551e-04	 8.90e-01 Accepted	 255	 959	
152	 5.6937076e-01	 +2.4852118e-02 -1.0496584e-03	 1.38e+00 Accepted	 249	 962	
153	 5.6958256e-01	 +2.4744780e-02 +6.6833647e-04	 9.87e-01 Accepted	 249	 947	
154	 5.6953705e-01	 +3.0372451e-02 +1.0719407e-03	 9.44e-01 Accepted	 246	 947	
155	 5.6927434e-01	 +2.7008827e-02 +3.7923760e-04	 8.43e-01 Accepted	 244	 935	
156	 5.6946158e-01	 +2.9116808e-02 +9.4156997e-04	 1.53e+00 Accepted	 245	 966	
157	 5.6939837e-01	 +2.9110074e-02 +1.1556001e-03	 7.36e-01 Accepted	 246	 930	
158	 5.6924561e-01	 +2.6464235e-02 +3.3500025e-04	 7.88e-01 Accepted	 246	 953	
159	 5.6944763e-01	 +3.1689004e-02 +1.2385312e-03	 7.35e-01 Accepted	 252	 1021	
160	 5.6994976e-01	 +2.7314195e-02 +1.9819672e-03	 1.19e+00 Accepted	 262	 1029	
161	 5.6980053e-01	 +2.8492543e-02 +7.5591869e-04	 1.12e+00 Accepted	 267	 1065	
162	 5.7019209e-01	 +2.7524849e-02 -4.2585490e-04	 1.01e+00 Accepted	 278	 1089	
163	 5.7009361e-01	 +2.8283453e-02 +1.7507006e-03	 8.49e-01 Accepted	 274	 1050	
164	 5.6936432e-01	 +2.6828527e-02 -3.6185609e-04	 5.36e-01 Accepted	 270	 1070	
165	 5.6926528e-01	 +2.9171599e-02 +1.2147069e-03	 8.32e-01 Accepted	 273	 1049	
166	 5.6922751e-01	 +2.7161319e-02 +7.3602394e-04	 9.09e-01 Accepted	 270	 1051	
167	 5.6935432e-01	 +3.0716592e-02 -4.5569239e-05	 9.61e-01 Accepted	 266	 1019	
168	 5.6924897e-01	 +3.1149913e-02 -2.5740937e-03	 9.84e-01 Accepted	 263	 1052	
169	 5.6924897e-01	 +3.1149913e-02 -2.5740937e-03	 8.33e-01 Rejected	 265	 1031	
170	 5.6975490e-01	 +2.1829030e-02 +3.7999823e-04	 1.72e+00 Accepted	 266	 1024	
171	 5.6962505e-01	 +2.5560712e-02 +8.0403725e-05	 9.10e-01 Accepted	 262	 1027	
172	 5.6938543e-01	 +2.4988888e-02 +1.2456823e-03	 7.54e-01 Accepted	 264	 1035	
173	 5.6938543e-01	 +2.4988888e-02 +1.2456823e-03	 7.56e-01 Rejected	 272	 1068	
174	 5.6948399e-01	 +2.7453879e-02 -6.5026871e-04	 7.17e-01 Accepted	 268	 1034	
175	 5.6919597e-01	 +2.7615423e-02 +6.5976527e-05	 8.53e-01 Accepted	 266	 1061	
176	 5.6893817e-01	 +2.9134489e-02 +2.7625715e-03	 8.37e-01 Accepted	 267	 1038	
177	 5.6913188e-01	 +2.8333585e-02 -6.1515936e-04	 1.17e+00 Accepted	 268	 1073	
178	 5.6874757e-01	 +2.5248912e-02 -1.4991728e-03	 8.05e-01 Accepted	 271	 1080	
179	 5.6884450e-01	 +2.4236126e-02 +8.8182863e-04	 1.44e+00 Accepted	 272	 1083	
180	 5.6891670e-01	 +2.6244125e-02 -1.9385094e-03	 9.03e-01 Accepted	 281	 1142	
# Starting_type: CheckpointStart
# Trajectory_length / Number_of_MD_steps: 1 / 7
# 	 Plaquette	 Polyakov_Loop(re,im)	 Acc._Probability	 runtime_per_traj(s)	 CG_iterations	
181	 5.6921360e-01	 +2.6291721e-02 -5.4524426e-04	 1.23e+00 Accepted	 294	 1161	
182	 5.6944611e-01	 +2.4800890e-02 -2.1660550e-04	 1.09e+00 Accepted	 291	 1181	
183	 5.6937439e-01	 +2.4875019e-02 -2.8582314e-03	 6.90e-01 Accepted	 295	 1185	
184	 5.6923710e-01	 +2.5252450e-02 -3.2831458e-05	 8.35e-01 Accepted	 296	 1190	
185	 5.6940509e-01	 +2.3754025e-02 -2.5170084e-03	 8.77e-01 Accepted	 294	 1168	
186	 5.6940509e-01	 +2.3754025e-02 -2.5170084e-03	 7.65e-01 Rejected	 298	 1214	
187	 5.6954175e-01	 +2.6461833e-02 +7.4549297e-04	 7.65e-01 Accepted	 293	 1203	
188	 5.6954458e-01	 +2.5758779e-02 +1.7696672e-03	 9.77e-01 Accepted	 311	 1286	
189	 5.6972702e-01	 +2.7904983e-02 +1.9141451e-03	 1.52e+00 Accepted	 319	 1267	
190	 5.6950420e-01	 +2.2029375e-02 +1.0144259e-03	 1.38e+00 Accepted	 311	 1231	
191	 5.6926316e-01	 +2.4141716e-02 -1.3009394e-04	 7.72e-01 Accepted	 311	 1264	
192	 5.6960307e-01	 +2.6157507e-02 +1.0654069e-03	 1.27e+00 Accepted	 308	 1209	
193	 5.6976813e-01	 +2.7313061e-02 +3.7371279e-04	 1.17e+00 Accepted	 301	 1264	
194	 5.6954269e-01	 +2.4131739e-02 -1.1706980e-03	 9.42e-01 Accepted	 302	 1142	
195	 5.6998965e-01	 +2.6130834e-02 -8.4586434e-04	 1.07e+00 Accepted	 286	 1164	
196	 5.7003594e-01	 +2.8884682e-02 -3.1475007e-03	 8.85e-01 Accepted	 283	 1092	
197	 5.7001361e-01	 +2.5107406e-02 -3.9930711e-04	 8.35e-01 Accepted	 275	 1074	
198	 5.6969487e-01	 +2.9205291e-02 -2.7544704e-03	 9.18e-01 Accepted	 274	 1072	
199	 5.6977254e-01	 +2.9154275e-02 +1.8000865e-03	 8.56e-01 Accepted	 275	 1119	
200	 5.6965585e-01	 +2.5574611e-02 +5.4397416e-04	 7.14e-01 Accepted	 279	 1094	
201	 5.6965585e-01	 +2.5574611e-02 +5.4397416e-04	 6.39e-01 Rejected	 271	 1047	
202	 5.6970419e-01	 +2.7248066e-02 -1.5510079e-03	 7.89e-01 Accepted	 271	 1064	
203	 5.7001405e-01	 +2.7359958e-02 -4.1617305e-04	 9.98e-01 Accepted	 270	 1056	
204	 5.7037483e-01	 +2.6308782e-02 +5.6527944e-04	 1.71e+00 Accepted	 270	 1054	
205	 5.7014333e-01	 +2.8894110e-02 +6.7257921e-04	 4.90e-01 Accepted	 274	 1106	
206	 5.7000505e-01	 +2.8084617e-02 -1.3578219e-04	 1.02e+00 Accepted	 277	 1075	
207	 5.7000505e-01	 +2.8084617e-02 -1.3578219e-04	 6.39e-01 Rejected	 278	 1118	
208	 5.7000505e-01	 +2.8084617e-02 -1.3578219e-04	 6.15e-01 Rejected	 277	 1079	
209	 5.6933265e-01	 +2.8362035e-02 -1.1198243e-03	 7.10e-01 Accepted	 274	 1044	
210	 5.6959572e-01	 +2.4428563e-02 +1.8980943e-03	 1.26e+00 Accepted	 271	 1066	
211	 5.6976523e-01	 +2.7556832e-02 -3.0453082e-04	 1.28e+00 Accepted	 270	 1033	
212	 5.6976523e-01	 +2.7556832e-02 -3.0453082e-04	 5.53e-01 Rejected	 265	 1039	
213	 5.6973734e-01	 +3.0268540e-02 -1.5972927e-03	 9.05e-01 Accepted	 264	 1043	
214	 5.6971529e-01	 +2.5968681e-02 -2.7095499e-04	 1.12e+00 Accepted	 269	 1069	
215	 5.6958095e-01	 +2.6583252e-02 -2.8828741e-04	 1.00e+00 Accepted	 271	 1067	
216	 5.6959076e-01	 +2.2191506e-02 +2.0073423e-03	 9.55e-01 Accepted	 273	 1071	
217	 5.6959076e-01	 +2.2191506e-02 +2.0073423e-03	 6.76e-01 Rejected	 279	 1085	
218	 5.6932250e-01	 +2.1799554e-02 +1.0293549e-03	 9.19e-01 Accepted	 276	 1070	
219	 5.6937880e-01	 +2.2287664e-02 +1.3860699e-03	 1.32e+00 Accepted	 274	 1088	
220	 5.6937880e-01	 +2.2287664e-02 +1.3860699e-03	 5.26e-01 Rejected	 280	 1129	
221	 5.6969635e-01	 +2.2639971e-02 +3.6859047e-04	 1.17e+00 Accepted	 275	 1104	
222	 5.6943253e-01	 +2.5495973e-02 +1.7548433e-03	 9.67e-01 Accepted	 282	 1099	
223	 5.6892181e-01	 +2.2463516e-02 +3.9078573e-03	 8.43e-01 Accepted	 278	 1089	
224	 5.6912595e-01	 +2.3316457e-02 +1.3460805e-03	 1.29e+00 Accepted	 275	 1042	
225	 5.6851258e-01	 +1.8757410e-02 -3.9283236e-04	 8.48e-01 Accepted	 268	 1069	
226	 5.6891953e-01	 +2.2242351e-02 +1.5750171e-03	 1.58e+00 Accepted	 271	 1063	
227	 5.6901893e-01	 +2.2552518e-02 -1.3926347e-03	 6.04e-01 Accepted	 271	 1073	
228	 5.6932250e-01	 +2.2492735e-02 +4.8547987e-04	 1.27e+00 Accepted	 274	 1083	
229	 5.6932250e-01	 +2.2492735e-02 +4.8547987e-04	 7.15e-01 Rejected	 276	 1102	
230	 5.6914371e-01	 +1.9880021e-02 +3.8916551e-04	 1.05e+00 Accepted	 278	 1131	
231	 5.6903780e-01	 +2.3043047e-02 -9.6293995e-04	 9.55e-01 Accepted	 282	 1089	
232	 5.6906618e-01	 +2.3899491e-02 +1.7236363e-03	 1.12e+00 Accepted	 278	 1094	
233	 5.6940167e-01	 +2.6800007e-02 +4.8011593e-04	 7.60e-01 Accepted	 276	 1091	
234	 5.6964113e-01	 +2.3448703e-02 +7.3703605e-04	 1.01e+00 Accepted	 279	 1099	
235	 5.6948282e-01	 +2.7401833e-02 -6.9898817e-04	 8.66e-01 Accepted	 280	 1078	
236	 5.6934432e-01	 +2.5590071e-02 -5.5446260e-04	 5.87e-01 Accepted	 272	 1075	
237	 5.6928853e-01	 +2.5708597e-02 -2.2082718e-03	 6.81e-01 Accepted	 272	 1063	
238	 5.6962548e-01	 +2.4289955e-02 +1.2963605e-03	 1.68e+00 Accepted	 273	 1089	
239	 5.6980921e-01	 +2.4691203e-02 -3.1528176e-04	 7.62e-01 Accepted	 276	 1087	
240	 5.6956169e-01	 +2.1222666e-02 +3.5701768e-04	 8.13e-01 Accepted	 273	 1058	
241	 5.6908227e-01	 +2.2081750e-02 -1.3036026e-03	 7.20e-01 Accepted	 273	 1081	
242	 5.6949073e-01	 +2.2200743e-02 -1.5323546e-03	 8.71e-01 Accepted	 274	 1064	
243	 5.6937124e-01	 +2.1688457e-02 -1.6815012e-03	 7.70e-01 Accepted	 268	 1057	
244	 5.6957614e-01	 +2.5637760e-02 -1.8455697e-03	 1.74e+00 Accepted	 272	 1071	
245	 5.6957614e-01	 +2.5637760e-02 -1.8455697e-03	 6.73e-01 Rejected	 272	 1068	
246	 5.6937340e-01	 +2.4184628e-02 -1.8873278e-03	 6.47e-01 Accepted	 274	 1088	
247	 5.6973354e-01	 +2.3556952e-02 +2.5754564e-03	 1.40e+00 Accepted	 276	 1071	
248	 5.6974594e-01	 +2.5090814e-02 -6.0340369e-04	 8.39e-01 Accepted	 275	 1069	
249	 5.6980636e-01	 +2.7863234e-02 -1.2927553e-03	 1.45e+00 Accepted	 273	 1068	
250	 5.6997795e-01	 +2.2101852e-02 +3.7306224e-03	 9.19e-01 Accepted	 275	 1089	
251	 5.6989783e-01	 +2.3520767e-02 -6.3350404e-04	 9.26e-01 Accepted	 278	 1119	
252	 5.6974409e-01	 +2.3536068e-02 +1.1362261e-03	 1.02e+00 Accepted	 283	 1132	
253	 5.6975744e-01	 +2.3233807e-02 +4.4037849e-04	 8.74e-01 Accepted	 290	 1160	
254	 5.6971147e-01	 +2.2527892e-02 +2.4767849e-03	 9.61e-01 Accepted	 290	 1152	
255	 5.6986115e-01	 +2.4623020e-02 +2.4369996e-03	 1.06e+00 Accepted	 291	 1183	
256	 5.6986176e-01	 +2.4286136e-02 +9.8860481e-05	 7.57e-01 Accepted	 293	 1109	
257	 5.6971311e-01	 +2.8229330e-02 +1.1502789e-03	 7.98e-01 Accepted	 283	 1128	
258	 5.6902731e-01	 +2.6195741e-02 +2.5291504e-03	 8.45e-01 Accepted	 286	 1142	
259	 5.6939827e-01	 +2.2945055e-02 +2.2949477e-03	 9.55e-01 Accepted	 286	 1131	
260	 5.6947346e-01	 +2.1775608e-02 -6.6177724e-06	 1.68e+00 Accepted	 287	 1176	
261	 5.6991398e-01	 +2.4138250e-02 +3.5707352e-03	 1.12e+00 Accepted	 289	 1127	
262	 5.7000851e-01	 +2.2805613e-02 -1.4720946e-03	 1.05e+00 Accepted	 287	 1135	
263	 5.7000330e-01	 +2.2408677e-02 +1.5611012e-03	 7.77e-01 Accepted	 285	 1116	
264	 5.6971435e-01	 +2.1854339e-02 -2.5630222e-03	 9.67e-01 Accepted	 280	 1117	
265	 5.6936037e-01	 +2.3804391e-02 -4.1827836e-03	 7.44e-01 Accepted	 284	 1129	
266	 5.6964122e-01	 +2.0663763e-02 -1.6055111e-03	 1.06e+00 Accepted	 284	 1134	
267	 5.6938366e-01	 +2.1159734e-02 +1.0843254e-03	 9.32e-01 Accepted	 285	 1111	
268	 5.6938366e-01	 +2.1159734e-02 +1.0843254e-03	 7.31e-01 Rejected	 279	 1118	
269	 5.6938366e-01	 +2.1159734e-02 +1.0843254e-03	 8.89e-01 Rejected	 281	 1116	
270	 5.6938366e-01	 +2.1159734e-02 +1.0843254e-03	 7.68e-01 Rejected	 285	 1197	
271	 5.6938366e-01	 +2.1159734e-02 +1.0843254e-03	 7.70e-01 Rejected	 282	 1121	
272	 5.6942630e-01	 +2.3338540e-02 +3.3115071e-06	 1.35e+00 Accepted	 283	 1150	
273	 5.6989506e-01	 +2.3865882e-02 +1.3291538e-03	 1.97e+00 Accepted	 290	 1171	
274	 5.6991970e-01	 +2.3290208e-02 +6.8755954e-04	 9.38e-01 Accepted	 287	 1148	
275	 5.6957265e-01	 +2.4205392e-02 -5.2316443e-04	 1.06e+00 Accepted	 289	 1169	
276	 5.6939676e-01	 +2.3208257e-02 +2.0799103e-03	 6.54e-01 Accepted	 295	 1189	
277	 5.6939676e-01	 +2.3208257e-02 +2.0799103e-03	 6.44e-01 Rejected	 295	 1181	
278	 5.6923202e-01	 +2.3764247e-02 +2.4549622e-03	 8.99e-01 Accepted	 292	 1162	
279	 5.6925025e-01	 +2.6133970e-02 +3.6577061e-03	 9.26e-01 Accepted	 294	 1194	
280	 5.6939532e-01	 +2.2466935e-02 +1.6760689e-03	 1.38e+00 Accepted	 287	 1067	
281	 5.6918940e-01	 +2.3771380e-02 -2.7418038e-03	 8.50e-01 Accepted	 283	 1197	
282	 5.6942729e-01	 +2.3291606e-02 -1.5638670e-03	 9.33e-01 Accepted	 288	 1088	
283	 5.6950930e-01	 +2.1902290e-02 +1.0135385e-04	 9.18e-01 Accepted	 273	 1085	
284	 5.6966057e-01	 +2.4078120e-02 -2.5758225e-03	 8.19e-01 Accepted	 273	 1056	
285	 5.6964671e-01	 +2.2106333e-02 +1.2367161e-03	 1.10e+00 Accepted	 268	 1039	
286	 5.6943708e-01	 +2.3597788e-02 +2.4677906e-03	 6.36e-01 Accepted	 268	 1032	
287	 5.6982357e-01	 +2.4440633e-02 -2.5986433e-03	 2.30e+00 Accepted	 259	 1007	
288	 5.6961061e-01	 +1.9024249e-02 +1.0480464e-03	 1.08e+00 Accepted	 257	 984	
289	 5.6964971e-01	 +2.2802414e-02 -2.0850273e-03	 1.19e+00 Accepted	 256	 989	
290	 5.6978281e-01	 +2.1917319e-02 -8.1272131e-04	 9.81e-01 Accepted	 254	 995	
291	 5.6965182e-01	 +2.4793171e-02 -1.2573763e-03	 1.06e+00 Accepted	 256	 1002	
292	 5.6965182e-01	 +2.4793171e-02 -1.2573763e-03	 8.51e-01 Rejected	 257	 988	
293	 5.6945963e-01	 +2.4149441e-02 -1.3119307e-03	 6.36e-01 Accepted	 259	 1018	
294	 5.6941448e-01	 +2.4203536e-02 -3.1493142e-04	 1.58e+00 Accepted	 265	 1105	
295	 5.6961479e-01	 +2.2907981e-02 -2.6627257e-03	 1.11e+00 Accepted	 280	 1100	
296	 5.6930667e-01	 +2.4242243e-02 +1.7041737e-03	 9.61e-01 Accepted	 281	 1048	
297	 5.6929761e-01	 +2.2826798e-02 +1.2672119e-03	 1.20e+00 Accepted	 272	 1074	
298	 5.6965240e-01	 +2.1240487e-02 +6.2294950e-05	 1.08e+00 Accepted	 274	 1084	
299	 5.6955896e-01	 +2.5682097e-02 +1.8643880e-03	 8.48e-01 Accepted	 271	 1042	
300	 5.6972462e-01	 +2.5501932e-02 -2.6446410e-03	 8.93e-01 Accepted	 269	 1069	
301	 5.6972462e-01	 +2.5501932e-02 -2.6446410e-03	 7.17e-01 Rejected	 272	 1084	
302	 5.6963369e-01	 +2.2218177e-02 +2.1650071e-04	 1.29e+00 Accepted	 275	 1097	
303	 5.6938614e-01	 +2.5836223e-02 -9.6581631e-04	 6.90e-01 Accepted	 278	 1091	
304	 5.6939325e-01	 +2.4907240e-02 +8.6345683e-04	 1.10e+00 Accepted	 277	 1089	
305	 5.6933038e-01	 +2.4583357e-02 -7.6310876e-04	 7.91e-01 Accepted	 273	 1072	
306	 5.6935782e-01	 +2.6015389e-02 -7.2714476e-04	 1.01e+00 Accepted	 270	 1035	
307	 5.6906839e-01	 +2.6006151e-02 -3.2725326e-03	 8.34e-01 Accepted	 265	 1034	
308	 5.6919302e-01	 +2.7502735e-02 +3.9311341e-04	 9.56e-01 Accepted	 266	 1038	
309	 5.6942075e-01	 +2.4267921e-02 +8.7393244e-04	 1.08e+00 Accepted	 262	 1021	
310	 5.6958275e-01	 +2.5541988e-02 -7.6805909e-04	 1.54e+00 Accepted	 263	 1033	
311	 5.6972922e-01	 +2.6224789e-02 -3.1340415e-03	 1.14e+00 Accepted	 270	 1074	
312	 5.7030484e-01	 +2.8529234e-02 -1.7714816e-04	 1.34e+00 Accepted	 271	 1035	
313	 5.6997539e-01	 +2.7432747e-02 -1.0732367e-03	 8.47e-01 Accepted	 272	 1094	
314	 5.6994122e-01	 +2.6173375e-02 -1.0557430e-03	 7.89e-01 Accepted	 276	 1086	
315	 5.6979963e-01	 +2.9529819e-02 -4.5565185e-04	 9.89e-01 Accepted	 277	 1081	
316	 5.6942948e-01	 +2.2551682e-02 -4.1723384e-05	 6.26e-01 Accepted	 276	 1097	
317	 5.6942948e-01	 +2.2551682e-02 -4.1723384e-05	 5.86e-01 Rejected	 279	 1104	
318	 5.6942948e-01	 +2.2551682e-02 -4.1723384e-05	 7.55e-01 Rejected	 278	 1104	
319	 5.6927290e-01	 +2.6078655e-02 -5.4590384e-04	 1.28e+00 Accepted	 278	 1100	
320	 5.6965715e-01	 +2.9537891e-02 -2.0626885e-04	 8.39e-01 Accepted	 277	 1091	
321	 5.6961377e-01	 +2.7738515e-02 -3.4419374e-05	 8.26e-01 Accepted	 275	 1088	
322	 5.6961377e-01	 +2.7738515e-02 -3.4419374e-05	 7.72e-01 Rejected	 275	 1074	
323	 5.6950547e-01	 +2.7869889e-02 +1.1549454e-03	 9.48e-01 Accepted	 279	 1136	
324	 5.6940861e-01	 +2.7429750e-02 -1.9895097e-03	 1.19e+00 Accepted	 285	 1126	
325	 5.6940861e-01	 +2.7429750e-02 -1.9895097e-03	 8.96e-01 Rejected	 286	 1142	
326	 5.6911519e-01	 +2.7108923e-02 -3.5806375e-05	 9.99e-01 Accepted	 283	 1130	
327	 5.6921219e-01	 +2.4677126e-02 +5.6826093e-04	 1.15e+00 Accepted	 283	 1105	
328	 5.6971243e-01	 +2.1877606e-02 +2.3788505e-03	 1.42e+00 Accepted	 282	 1117	
329	 5.6919914e-01	 +2.6297507e-02 -1.5002088e-03	 5.62e-01 Accepted	 284	 1148	
330	 5.6919914e-01	 +2.6297507e-02 -1.5002088e-03	 8.77e-01 Rejected	 289	 1143	
331	 5.6940318e-01	 +2.4368569e-02 -5.6159504e-04	 1.06e+00 Accepted	 288	 1129	
332	 5.6924534e-01	 +2.5149202e-02 +2.3188584e-03	 1.03e+00 Accepted	 282	 1112	
333	 5.6959688e-01	 +2.5443539e-02 +6.7075878e-04	 1.15e+00 Accepted	 284	 1142	
334	 5.6959688e-01	 +2.5443539e-02 +6.7075878e-04	 5.99e-01 Rejected	 289	 1115	
# Starting_type: CheckpointStart
# Trajectory_length / Number_of_MD_steps: 1 / 7
# 	 Plaquette	 Polyakov_Loop(re,im)	 Acc._Probability	 runtime_per_traj(s)	 CG_iterations	
335	 5.6959688e-01	 +2.5443539e-02 +6.7075878e-04	 6.59e-01 Rejected	 309	 1151	
336	 5.6956851e-01	 +2.5806088e-02 +1.4477279e-03	 8.28e-01 Accepted	 306	 1153	
337	 5.6976482e-01	 +2.7200298e-02 -1.8585290e-03	 1.13e+00 Accepted	 291	 1106	
338	 5.6976482e-01	 +2.7200298e-02 -1.8585290e-03	 5.55e-01 Rejected	 288	 1103	
339	 5.6987533e-01	 +2.2342770e-02 +6.6414665e-04	 9.65e-01 Accepted	 288	 1119	
340	 5.6968413e-01	 +2.7404955e-02 -1.3121362e-03	 1.44e+00 Accepted	 286	 1086	
341	 5.6955947e-01	 +2.6267923e-02 +1.8820258e-03	 9.68e-01 Accepted	 282	 1075	
342	 5.6941418e-01	 +2.7535681e-02 +5.3385760e-04	 1.03e+00 Accepted	 280	 1060	
343	 5.6953729e-01	 +2.3123809e-02 +3.0874589e-03	 1.10e+00 Accepted	 278	 1070	
344	 5.6953729e-01	 +2.3123809e-02 +3.0874589e-03	 7.91e-01 Rejected	 281	 1061	
345	 5.6922926e-01	 +2.4072693e-02 -1.9154636e-03	 7.68e-01 Accepted	 284	 1086	
346	 5.6976462e-01	 +2.4699283e-02 -1.8399454e-03	 1.57e+00 Accepted	 282	 1078	
347	 5.6975667e-01	 +2.6272296e-02 -8.6451583e-04	 1.29e+00 Accepted	 282	 1076	
348	 5.6993708e-01	 +2.8810694e-02 -1.4489219e-03	 8.29e-01 Accepted	 281	 1081	
349	 5.7004400e-01	 +2.7011449e-02 +3.5999336e-03	 8.21e-01 Accepted	 283	 1089	
350	 5.6982406e-01	 +2.7390307e-02 -2.2834779e-04	 9.70e-01 Accepted	 281	 1077	
351	 5.6943292e-01	 +2.5986726e-02 +1.0938176e-03	 7.53e-01 Accepted	 284	 1066	
352	 5.6938240e-01	 +2.6613916e-02 -4.0024718e-06	 9.00e-01 Accepted	 281	 1064	
353	 5.6912067e-01	 +2.6718696e-02 -3.2627018e-03	 7.28e-01 Accepted	 282	 1071	
354	 5.6958728e-01	 +2.7373384e-02 -1.5427656e-03	 1.19e+00 Accepted	 285	 1094	
355	 5.6946241e-01	 +2.4773979e-02 -8.0299911e-04	 1.05e+00 Accepted	 285	 1075	
356	 5.6946241e-01	 +2.4773979e-02 -8.0299911e-04	 5.15e-01 Rejected	 284	 1100	
357	 5.6951605e-01	 +2.5561714e-02 -2.3184975e-03	 1.48e+00 Accepted	 280	 1063	
358	 5.6974785e-01	 +2.5255046e-02 +9.9072094e-04	 1.18e+00 Accepted	 279	 1047	
359	 5.6996897e-01	 +2.9153484e-02 +1.6831108e-03	 9.28e-01 Accepted	 279	 1052	
360	 5.6996897e-01	 +2.9153484e-02 +1.6831108e-03	 7.23e-01 Rejected	 276	 1040	
361	 5.6995516e-01	 +2.4680233e-02 +9.1031422e-04	 1.28e+00 Accepted	 276	 1082	
362	 5.6993252e-01	 +2.5566121e-02 +2.0489509e-04	 1.53e+00 Accepted	 282	 1068	
363	 5.6997734e-01	 +2.9815102e-02 +1.4381188e-03	 1.15e+00 Accepted	 277	 1041	
364	 5.6997734e-01	 +2.9815102e-02 +1.4381188e-03	 7.35e-01 Rejected	 273	 1038	
365	 5.6991800e-01	 +2.7832140e-02 +2.2090966e-03	 1.30e+00 Accepted	 277	 1032	
366	 5.6975354e-01	 +2.7921412e-02 -7.3542865e-04	 7.94e-01 Accepted	 271	 1032	
367	 5.6964917e-01	 +2.8140205e-02 -2.6883880e-03	 9.96e-01 Accepted	 272	 1061	
368	 5.6952261e-01	 +2.7466426e-02 -3.2913083e-03	 7.84e-01 Accepted	 276	 1064	
369	 5.6939189e-01	 +2.8881326e-02 -4.2547243e-04	 1.20e+00 Accepted	 277	 1049	
370	 5.6907613e-01	 +2.6279862e-02 -5.5232299e-04	 7.49e-01 Accepted	 276	 1054	
371	 5.6914837e-01	 +2.4185995e-02 -8.1424186e-05	 1.08e+00 Accepted	 276	 1055	
372	 5.6960896e-01	 +2.8164595e-02 -7.3215376e-06	 1.56e+00 Accepted	 278	 1056	
373	 5.6898849e-01	 +2.8227665e-02 -1.3362718e-03	 7.18e-01 Accepted	 288	 1113	
374	 5.6927102e-01	 +2.7020574e-02 -4.1554102e-03	 9.97e-01 Accepted	 289	 1110	
375	 5.6891272e-01	 +2.8559380e-02 +4.7488685e-04	 1.01e+00 Accepted	 289	 1075	
376	 5.6910897e-01	 +2.6667554e-02 -7.1023020e-04	 1.02e+00 Accepted	 283	 1081	
377	 5.6955200e-01	 +3.0465222e-02 -2.4198363e-03	 1.41e+00 Accepted	 284	 1097	
378	 5.6957297e-01	 +2.6561118e-02 -2.4008388e-04	 9.49e-01 Accepted	 289	 1081	
379	 5.6968131e-01	 +2.6400541e-02 -3.1091509e-03	 8.89e-01 Accepted	 283	 1089	
380	 5.6963549e-01	 +2.9649510e-02 +2.7619316e-03	 7.20e-01 Accepted	 286	 1086	
381	 5.6934735e-01	 +2.7908901e-02 -2.1545253e-03	 8.74e-01 Accepted	 284	 1079	
382	 5.6916099e-01	 +2.6575810e-02 +1.7844832e-03	 7.36e-01 Accepted	 282	 1071	
383	 5.6943117e-01	 +2.3551356e-02 +1.6260354e-04	 1.43e+00 Accepted	 282	 1083	
384	 5.6929111e-01	 +2.8336262e-02 +1.1398400e-03	 9.65e-01 Accepted	 284	 1126	
385	 5.6941281e-01	 +2.5756583e-02 +2.7925938e-03	 8.56e-01 Accepted	 290	 1104	
386	 5.6919991e-01	 +2.6302762e-02 -5.1278988e-04	 8.15e-01 Accepted	 284	 1066	
387	 5.6951758e-01	 +2.6721986e-02 -6.0797718e-04	 1.56e+00 Accepted	 280	 1082	
388	 5.6959679e-01	 +2.8033374e-02 +1.0405475e-05	 9.07e-01 Accepted	 281	 1063	
389	 5.6984591e-01	 +2.6607251e-02 -2.7014526e-03	 7.67e-01 Accepted	 277	 1066	
390	 5.6940213e-01	 +2.5966064e-02 +1.8011889e-03	 8.35e-01 Accepted	 281	 1093	
391	 5.6943311e-01	 +2.6322722e-02 -1.5306732e-03	 1.43e+00 Accepted	 286	 1088	
392	 5.6969023e-01	 +2.5584967e-02 -1.2867758e-03	 1.19e+00 Accepted	 283	 1085	
393	 5.6966538e-01	 +2.6977558e-02 +1.3825688e-05	 1.12e+00 Accepted	 282	 1052	
394	 5.6966538e-01	 +2.6977558e-02 +1.3825688e-05	 9.64e-01 Rejected	 277	 1065	
395	 5.6961860e-01	 +2.4586721e-02 +8.1327076e-04	 1.53e+00 Accepted	 277	 1051	
396	 5.6935136e-01	 +2.5851976e-02 +1.6690413e-03	 6.85e-01 Accepted	 276	 1075	
397	 5.6967144e-01	 +2.4665142e-02 -3.5944037e-03	 1.82e+00 Accepted	 280	 1072	
398	 5.6944988e-01	 +2.6110980e-02 +9.4247401e-04	 1.23e+00 Accepted	 285	 1104	
399	 5.6994047e-01	 +2.4390718e-02 +7.7873275e-04	 1.41e+00 Accepted	 287	 1104	
400	 5.6977459e-01	 +2.3814461e-02 -3.2863021e-04	 5.82e-01 Accepted	 284	 1083	
401	 5.6977459e-01	 +2.3814461e-02 -3.2863021e-04	 6.01e-01 Rejected	 287	 1112	
402	 5.6973588e-01	 +2.5256185e-02 -1.0320460e-06	 1.48e+00 Accepted	 286	 1112	
403	 5.6973162e-01	 +2.3652337e-02 +4.4642557e-04	 8.18e-01 Accepted	 288	 1088	
404	 5.6981232e-01	 +2.3260149e-02 -5.2526397e-04	 9.87e-01 Accepted	 286	 1103	
405	 5.6952009e-01	 +2.3614659e-02 +1.3040150e-03	 9.93e-01 Accepted	 287	 1106	
406	 5.6977453e-01	 +2.3140928e-02 +2.3945332e-03	 1.41e+00 Accepted	 289	 1099	
407	 5.6985317e-01	 +2.4163218e-02 +1.6650437e-03	 9.14e-01 Accepted	 287	 1089	
408	 5.7014245e-01	 +2.3150316e-02 +2.1507566e-03	 9.04e-01 Accepted	 284	 1096	
409	 5.7039740e-01	 +2.8525064e-02 +1.1222628e-03	 1.11e+00 Accepted	 286	 1086	
410	 5.7033612e-01	 +2.3421686e-02 +1.0458017e-03	 8.52e-01 Accepted	 286	 1079	
411	 5.6990840e-01	 +2.1204231e-02 +9.4575197e-04	 7.19e-01 Accepted	 284	 1088	
412	 5.6990840e-01	 +2.1204231e-02 +9.4575197e-04	 8.73e-01 Rejected	 284	 1087	
413	 5.6934295e-01	 +2.2678287e-02 +2.0314838e-03	 7.68e-01 Accepted	 284	 1094	
414	 5.7005325e-01	 +2.6504241e-02 +2.9797868e-04	 1.49e+00 Accepted	 285	 1088	
415	 5.6991676e-01	 +2.5057807e-02 +2.7098365e-04	 8.58e-01 Accepted	 282	 1063	
416	 5.7019408e-01	 +2.7783355e-02 +1.6559525e-03	 7.72e-01 Accepted	 284	 1127	
417	 5.7019408e-01	 +2.7783355e-02 +1.6559525e-03	 7.91e-01 Rejected	 288	 1059	
418	 5.7019408e-01	 +2.7783355e-02 +1.6559525e-03	 4.39e-01 Rejected	 292	 1118	
419	 5.6981053e-01	 +2.5594417e-02 -9.8323241e-04	 9.27e-01 Accepted	 291	 1105	
420	 5.7017391e-01	 +2.7649503e-02 -1.1235234e-03	 1.45e+00 Accepted	 283	 1051	
421	 5.7017391e-01	 +2.7649503e-02 -1.1235234e-03	 5.67e-01 Rejected	 278	 1061	
422	 5.6980137e-01	 +2.7691599e-02 +1.2000522e-04	 1.29e+00 Accepted	 279	 1080	
423	 5.7005372e-01	 +2.7332548e-02 +2.5331470e-03	 1.09e+00 Accepted	 286	 1080	
424	 5.6975642e-01	 +2.7055326e-02 +2.5695554e-03	 1.05e+00 Accepted	 283	 1098	
425	 5.7010445e-01	 +2.7437453e-02 -1.5891928e-03	 8.51e-01 Accepted	 284	 1091	
426	 5.6946415e-01	 +2.9371906e-02 +2.5990737e-03	 5.13e-01 Accepted	 285	 1097	
427	 5.6952126e-01	 +2.5391119e-02 +7.0070956e-04	 9.38e-01 Accepted	 289	 1155	
428	 5.6959929e-01	 +2.6321673e-02 +1.3216415e-04	 8.56e-01 Accepted	 301	 1123	
429	 5.7009076e-01	 +2.4035845e-02 -8.1482606e-04	 1.77e+00 Accepted	 294	 1141	
430	 5.6972844e-01	 +2.3559009e-02 +2.6713739e-04	 4.06e-01 Accepted	 294	 1113	
431	 5.7017979e-01	 +2.3486702e-02 +3.9942186e-04	 2.00e+00 Accepted	 290	 1108	
432	 5.7017979e-01	 +2.3486702e-02 +3.9942186e-04	 7.85e-01 Rejected	 285	 1094	
433	 5.6982536e-01	 +2.5030674e-02 +1.6663603e-03	 7.25e-01 Accepted	 288	 1107	
434	 5.6980460e-01	 +2.3586155e-02 -4.2415630e-04	 9.58e-01 Accepted	 289	 1127	
435	 5.6965411e-01	 +2.5174285e-02 +9.6587152e-04	 1.07e+00 Accepted	 288	 1110	
436	 5.6993382e-01	 +2.4696459e-02 -7.5652926e-04	 8.83e-01 Accepted	 288	 1134	
437	 5.6970064e-01	 +1.9574114e-02 +5.6040409e-04	 1.11e+00 Accepted	 294	 1124	
438	 5.6987294e-01	 +2.3510773e-02 -3.6630825e-04	 1.01e+00 Accepted	 292	 1153	
439	 5.6992971e-01	 +2.5230159e-02 +4.2368114e-04	 8.50e-01 Accepted	 297	 1184	
440	 5.6954285e-01	 +2.3866834e-02 -2.1715305e-03	 9.52e-01 Accepted	 299	 1178	
441	 5.6977888e-01	 +2.4607566e-02 -2.8881153e-03	 9.58e-01 Accepted	 307	 1215	
442	 5.6977697e-01	 +2.4578988e-02 +3.0483317e-04	 1.41e+00 Accepted	 307	 1189	
443	 5.6977697e-01	 +2.4578988e-02 +3.0483317e-04	 6.55e-01 Rejected	 306	 1213	
444	 5.6970169e-01	 +2.1029315e-02 -2.0083019e-03	 1.08e+00 Accepted	 300	 1153	
445	 5.6960494e-01	 +2.5827174e-02 -4.9513797e-04	 7.26e-01 Accepted	 298	 1137	
446	 5.6970519e-01	 +2.0400314e-02 -9.4859589e-04	 1.16e+00 Accepted	 295	 1137	
447	 5.6970519e-01	 +2.0400314e-02 -9.4859589e-04	 9.64e-01 Rejected	 290	 1084	
448	 5.6992331e-01	 +2.5790933e-02 +1.4802695e-03	 1.54e+00 Accepted	 295	 1137	
449	 5.6941946e-01	 +2.3799142e-02 +6.4856041e-04	 7.63e-01 Accepted	 297	 1192	
450	 5.6991552e-01	 +2.7755886e-02 -1.3977254e-03	 1.06e+00 Accepted	 305	 1143	
451	 5.7012823e-01	 +2.7726032e-02 -5.5350595e-04	 1.69e+00 Accepted	 295	 1128	
452	 5.6994416e-01	 +2.7341857e-02 -3.3629632e-03	 1.29e+00 Accepted	 287	 1076	
453	 5.6974140e-01	 +2.8740795e-02 -1.4799428e-04	 7.65e-01 Accepted	 283	 1080	
454	 5.6970728e-01	 +2.5005530e-02 -5.7701307e-04	 1.07e+00 Accepted	 287	 1136	
455	 5.6956201e-01	 +2.3816799e-02 -3.6413777e-03	 2.06e+00 Accepted	 295	 1164	
456	 5.6964793e-01	 +2.7278324e-02 -2.3674644e-05	 8.92e-01 Accepted	 298	 1168	
457	 5.7011728e-01	 +2.6944721e-02 +2.8679914e-05	 1.36e+00 Accepted	 299	 1175	
458	 5.7011728e-01	 +2.6944721e-02 +2.8679914e-05	 5.59e-01 Rejected	 301	 1175	
459	 5.7014521e-01	 +3.0835936e-02 +1.2751728e-03	 7.59e-01 Accepted	 297	 1134	
460	 5.7014521e-01	 +3.0835936e-02 +1.2751728e-03	 6.88e-01 Rejected	 295	 1157	
461	 5.6995184e-01	 +2.6160666e-02 +1.9924094e-03	 1.26e+00 Accepted	 296	 1160	
462	 5.6992866e-01	 +2.6899345e-02 -7.9548110e-04	 1.10e+00 Accepted	 298	 1173	
463	 5.6944589e-01	 +2.8874757e-02 -2.1587925e-04	 6.79e-01 Accepted	 300	 1183	
464	 5.6925097e-01	 +2.8923995e-02 -1.5294909e-03	 8.29e-01 Accepted	 308	 1220	
465	 5.6925097e-01	 +2.8923995e-02 -1.5294909e-03	 5.28e-01 Rejected	 306	 1110	
466	 5.6936592e-01	 +2.6464735e-02 -1.7246099e-03	 1.27e+00 Accepted	 313	 1241	
467	 5.6996685e-01	 +2.6693819e-02 +3.8986790e-03	 1.34e+00 Accepted	 325	 1266	
468	 5.6990362e-01	 +2.6500395e-02 -1.9904112e-03	 9.88e-01 Accepted	 323	 1240	
469	 5.6947901e-01	 +2.7396173e-02 -1.9910670e-03	 6.44e-01 Accepted	 318	 1244	
470	 5.6971061e-01	 +2.9577315e-02 +3.7043412e-04	 9.55e-01 Accepted	 314	 1207	
471	 5.6971891e-01	 +2.6825879e-02 -8.1147157e-05	 9.83e-01 Accepted	 308	 1189	
472	 5.6973965e-01	 +3.2732346e-02 +3.3719441e-03	 9.98e-01 Accepted	 305	 1224	
473	 5.6992227e-01	 +2.7246368e-02 +3.2130993e-03	 2.03e+00 Accepted	 313	 1223	
474	 5.6959105e-01	 +2.7495590e-02 -2.3117743e-03	 9.90e-01 Accepted	 316	 1243	
475	 5.7019991e-01	 +2.7176178e-02 -2.9808659e-03	 1.39e+00 Accepted	 317	 1226	
476	 5.7046308e-01	 +2.7569895e-02 +2.5170101e-05	 8.26e-01 Accepted	 312	 1156	
477	 5.7006811e-01	 +2.5640605e-02 +8.3046716e-04	 9.01e-01 Accepted	 299	 1111	
478	 5.6968729e-01	 +2.6027330e-02 +1.3100283e-04	 5.93e-01 Accepted	 300	 1220	
479	 5.6941190e-01	 +2.7227268e-02 +5.9719997e-04	 1.41e+00 Accepted	 313	 1243	
480	 5.6962167e-01	 +2.7962384e-02 -8.6560396e-04	 1.09e+00 Accepted	 317	 1250	
481	 5.6974624e-01	 +2.5924311e-02 -1.4509221e-03	 1.16e+00 Accepted	 315	 1219	
482	 5.6976296e-01	 +2.7692149e-02 +8.4436740e-04	 1.07e+00 Accepted	 311	 1186	
# Starting_type: CheckpointStart
# Trajectory_length / Number_of_MD_steps: 1 / 7
# 	 Plaquette	 Polyakov_Loop(re,im)	 Acc._Probability	 runtime_per_traj(s)	 CG_iterations	
483	 5.6988367e-01	 +2.8766245e-02 +4.1129325e-04	 1.43e+00 Accepted	 304	 1146	
484	 5.6949992e-01	 +2.8333493e-02 -2.4102415e-04	 7.56e-01 Accepted	 287	 1132	
485	 5.6933992e-01	 +2.6222364e-02 -3.8267732e-04	 7.27e-01 Accepted	 288	 1179	
486	 5.6920892e-01	 +3.3108537e-02 +3.3475667e-04	 7.80e-01 Accepted	 291	 1164	
487	 5.6925985e-01	 +2.9412882e-02 -4.0667041e-04	 1.34e+00 Accepted	 294	 1216	
488	 5.6897873e-01	 +2.8216422e-02 +1.2198105e-03	 1.09e+00 Accepted	 298	 1157	
489	 5.6921493e-01	 +2.8181382e-02 +6.2644224e-04	 1.58e+00 Accepted	 284	 1062	
490	 5.6910997e-01	 +3.0759711e-02 +7.5711243e-04	 8.52e-01 Accepted	 268	 1042	
491	 5.6949968e-01	 +2.6752879e-02 +1.4829219e-03	 1.07e+00 Accepted	 261	 1006	
492	 5.6994607e-01	 +2.6815692e-02 -2.4489320e-03	 2.14e+00 Accepted	 260	 1034	
493	 5.6970490e-01	 +2.5042161e-02 -1.9672990e-03	 7.41e-01 Accepted	 262	 1050	
494	 5.6970490e-01	 +2.5042161e-02 -1.9672990e-03	 6.86e-01 Rejected	 269	 1080	
495	 5.7000600e-01	 +2.6310549e-02 -4.8674812e-05	 1.40e+00 Accepted	 267	 1072	
496	 5.6994854e-01	 +2.6670129e-02 +7.7480343e-04	 9.97e-01 Accepted	 267	 1037	
497	 5.7000244e-01	 +2.5817573e-02 +6.5603872e-04	 7.45e-01 Accepted	 263	 1062	
498	 5.7022959e-01	 +2.8642717e-02 -8.9756031e-05	 1.35e+00 Accepted	 269	 1086	
499	 5.7007128e-01	 +2.5916191e-02 -4.9804890e-04	 8.02e-01 Accepted	 273	 1090	
500	 5.7009958e-01	 +3.0511628e-02 -2.4147106e-03	 1.88e+00 Accepted	 268	 1066	
501	 5.7010118e-01	 +2.6475949e-02 -1.1089374e-03	 1.13e+00 Accepted	 265	 1018	
502	 5.6977291e-01	 +2.5230174e-02 +1.8557216e-03	 1.04e+00 Accepted	 260	 1032	
503	 5.6960239e-01	 +3.0059159e-02 -2.0151279e-03	 8.53e-01 Accepted	 262	 1027	
504	 5.6979787e-01	 +2.9075262e-02 -5.8994849e-05	 1.06e+00 Accepted	 259	 1030	
505	 5.6979787e-01	 +2.9075262e-02 -5.8994849e-05	 8.71e-01 Rejected	 258	 1005	
506	 5.6957185e-01	 +2.4270083e-02 -1.5914095e-03	 8.59e-01 Accepted	 264	 1047	
507	 5.6968851e-01	 +2.7675181e-02 +3.9882441e-04	 1.19e+00 Accepted	 265	 1042	
508	 5.6968851e-01	 +2.7675181e-02 +3.9882441e-04	 6.56e-01 Rejected	 260	 998	
509	 5.6958602e-01	 +2.6509675e-02 +2.2764886e-03	 9.34e-01 Accepted	 262	 1017	
510	 5.6970168e-01	 +2.6052520e-02 +2.8056932e-03	 1.12e+00 Accepted	 262	 1047	
511	 5.6910586e-01	 +2.7690840e-02 -1.4013009e-04	 8.52e-01 Accepted	 262	 1010	
512	 5.6917958e-01	 +2.8040030e-02 -5.6088707e-04	 8.54e-01 Accepted	 255	 987	
513	 5.6940255e-01	 +2.9578267e-02 +2.4353091e-03	 1.03e+00 Accepted	 253	 1005	
514	 5.6904952e-01	 +2.9944967e-02 -1.3645205e-03	 7.12e-01 Accepted	 254	 993	
515	 5.6896616e-01	 +2.8196961e-02 +8.1497086e-04	 8.42e-01 Accepted	 255	 1044	
516	 5.6913984e-01	 +2.8391546e-02 -6.3738802e-04	 1.10e+00 Accepted	 267	 1046	
517	 5.6913839e-01	 +2.7826652e-02 -4.8294807e-03	 9.37e-01 Accepted	 265	 1038	
518	 5.6973224e-01	 +2.7324646e-02 -2.0255601e-03	 1.95e+00 Accepted	 265	 1086	
519	 5.7003282e-01	 +2.8248518e-02 +1.9374372e-04	 1.62e+00 Accepted	 269	 1045	
520	 5.6997414e-01	 +2.3372521e-02 +1.6407371e-03	 1.43e+00 Accepted	 270	 1131	
521	 5.6976508e-01	 +2.1297805e-02 +7.3331763e-04	 7.59e-01 Accepted	 273	 1030	
522	 5.6996535e-01	 +2.4479914e-02 +9.8195224e-04	 1.63e+00 Accepted	 263	 1062	
523	 5.6996535e-01	 +2.4479914e-02 +9.8195224e-04	 6.41e-01 Rejected	 273	 1096	
524	 5.6980919e-01	 +2.3503210e-02 +1.4576801e-03	 8.72e-01 Accepted	 269	 1109	
525	 5.6973964e-01	 +2.3418131e-02 +1.8622359e-03	 1.18e+00 Accepted	 275	 1079	
526	 5.6987787e-01	 +2.1944896e-02 +7.3291374e-04	 9.63e-01 Accepted	 272	 1085	
527	 5.6972050e-01	 +2.2601404e-02 +1.3507613e-03	 8.98e-01 Accepted	 272	 1061	
528	 5.6964631e-01	 +2.6295891e-02 +1.6695576e-03	 7.86e-01 Accepted	 269	 1046	
529	 5.6966353e-01	 +2.5583952e-02 +3.3707119e-03	 1.14e+00 Accepted	 270	 1072	
530	 5.6966353e-01	 +2.5583952e-02 +3.3707119e-03	 6.82e-01 Rejected	 273	 1112	
531	 5.6947629e-01	 +2.4987476e-02 +9.1008977e-04	 8.32e-01 Accepted	 270	 1071	
532	 5.6921522e-01	 +2.7340395e-02 +3.7242308e-03	 8.70e-01 Accepted	 269	 1051	
533	 5.6940508e-01	 +2.3691170e-02 -2.0840836e-04	 1.15e+00 Accepted	 262	 1026	
534	 5.6940508e-01	 +2.3691170e-02 -2.0840836e-04	 5.62e-01 Rejected	 260	 1033	
535	 5.6888034e-01	 +2.4609292e-02 +2.9812553e-03	 1.01e+00 Accepted	 262	 1023	
536	 5.6931692e-01	 +2.3543900e-02 -2.3736493e-03	 1.54e+00 Accepted	 261	 1030	
537	 5.6925402e-01	 +2.3435441e-02 +1.3752274e-03	 9.61e-01 Accepted	 260	 1027	
538	 5.6922787e-01	 +2.2839910e-02 -4.2308185e-03	 8.96e-01 Accepted	 260	 1032	
539	 5.6935350e-01	 +2.5689957e-02 -1.0925987e-03	 1.13e+00 Accepted	 260	 1016	
540	 5.6946146e-01	 +2.8344857e-02 -3.8633508e-03	 1.13e+00 Accepted	 267	 1119	
541	 5.7001320e-01	 +2.5506240e-02 -2.0824265e-03	 1.09e+00 Accepted	 279	 1101	
542	 5.7002633e-01	 +2.4499685e-02 -1.2582361e-03	 1.01e+00 Accepted	 271	 1048	
543	 5.7032832e-01	 +2.7597451e-02 +4.6751555e-04	 9.76e-01 Accepted	 264	 1035	
544	 5.7032832e-01	 +2.7597451e-02 +4.6751555e-04	 7.15e-01 Rejected	 267	 1077	
545	 5.7004224e-01	 +2.9046723e-02 +1.1405456e-03	 8.10e-01 Accepted	 263	 1033	
546	 5.6946895e-01	 +2.3615784e-02 +1.9179243e-03	 9.67e-01 Accepted	 266	 1068	
547	 5.6970160e-01	 +2.5932061e-02 +1.1350570e-03	 1.01e+00 Accepted	 273	 1137	
548	 5.7013012e-01	 +2.7759534e-02 -1.7494411e-03	 1.42e+00 Accepted	 281	 1078	
549	 5.6992987e-01	 +2.7214348e-02 +9.5460402e-04	 7.20e-01 Accepted	 274	 1103	
550	 5.7026406e-01	 +2.6033629e-02 +1.7693036e-04	 1.23e+00 Accepted	 276	 1069	
551	 5.7002302e-01	 +2.6307953e-02 +9.9517105e-04	 7.52e-01 Accepted	 268	 1077	
552	 5.6959430e-01	 +2.5283639e-02 -3.4084759e-03	 7.33e-01 Accepted	 270	 1046	
553	 5.7006683e-01	 +2.7137814e-02 -1.2735788e-03	 1.72e+00 Accepted	 266	 1071	
554	 5.6993629e-01	 +2.9886774e-02 -1.6059975e-03	 1.37e+00 Accepted	 270	 1081	
555	 5.7001547e-01	 +2.7570717e-02 +1.3538351e-03	 9.43e-01 Accepted	 274	 1098	
556	 5.7011564e-01	 +3.0064628e-02 -3.1125067e-03	 9.86e-01 Accepted	 274	 1080	
557	 5.7011564e-01	 +3.0064628e-02 -3.1125067e-03	 6.04e-01 Rejected	 268	 1061	
558	 5.6975343e-01	 +2.7981121e-02 -1.5580111e-03	 8.39e-01 Accepted	 270	 1077	
559	 5.6939420e-01	 +2.3362105e-02 -3.0659224e-03	 9.40e-01 Accepted	 270	 1076	
560	 5.6939420e-01	 +2.3362105e-02 -3.0659224e-03	 8.89e-01 Rejected	 271	 1080	
561	 5.6970018e-01	 +2.4707719e-02 -8.4085108e-04	 1.25e+00 Accepted	 268	 1042	
562	 5.6955381e-01	 +2.7081247e-02 -3.1027366e-03	 1.25e+00 Accepted	 265	 1054	
563	 5.6947667e-01	 +2.2525450e-02 +1.6617462e-03	 1.14e+00 Accepted	 264	 1018	
564	 5.6932050e-01	 +2.5225362e-02 -1.2144675e-03	 7.08e-01 Accepted	 263	 1042	
565	 5.6959397e-01	 +2.2818111e-02 +1.6224098e-03	 9.76e-01 Accepted	 264	 1044	
566	 5.6959397e-01	 +2.2818111e-02 +1.6224098e-03	 7.09e-01 Rejected	 265	 1050	
567	 5.6956595e-01	 +2.8691761e-02 +7.6294938e-04	 1.34e+00 Accepted	 261	 1043	
568	 5.6994082e-01	 +2.4737606e-02 +1.4605360e-03	 1.64e+00 Accepted	 266	 1088	
569	 5.7017353e-01	 +2.8212080e-02 +5.6812478e-04	 1.05e+00 Accepted	 272	 1019	
570	 5.6990270e-01	 +2.7849951e-02 +1.3381549e-04	 7.62e-01 Accepted	 264	 1084	
571	 5.6930705e-01	 +2.8377318e-02 +4.8272767e-04	 7.36e-01 Accepted	 268	 1038	
572	 5.6976163e-01	 +2.3720872e-02 -9.2764464e-04	 9.95e-01 Accepted	 262	 1039	
573	 5.7020766e-01	 +2.8352155e-02 +1.0634118e-03	 1.18e+00 Accepted	 260	 1010	
574	 5.7049102e-01	 +2.4874194e-02 +1.2664249e-03	 8.82e-01 Accepted	 260	 1028	
575	 5.7023627e-01	 +2.3262299e-02 -1.3685212e-03	 9.73e-01 Accepted	 261	 1032	
576	 5.7074504e-01	 +2.5718070e-02 +9.2051764e-04	 1.46e+00 Accepted	 262	 1023	
577	 5.7007884e-01	 +2.4716998e-02 -1.7348130e-03	 5.78e-01 Accepted	 258	 1006	
578	 5.7001490e-01	 +2.9568737e-02 -1.7800369e-03	 1.55e+00 Accepted	 259	 1016	
579	 5.7001490e-01	 +2.9568737e-02 -1.7800369e-03	 4.72e-01 Rejected	 259	 1031	
580	 5.6996175e-01	 +2.8006482e-02 -7.8353892e-05	 1.00e+00 Accepted	 262	 1042	
581	 5.6971561e-01	 +2.9009678e-02 +1.4119452e-03	 9.74e-01 Accepted	 262	 1022	
582	 5.6942723e-01	 +2.8258739e-02 +1.0203658e-03	 8.39e-01 Accepted	 262	 1046	
583	 5.7015112e-01	 +2.3476526e-02 -1.0905089e-03	 1.71e+00 Accepted	 264	 1042	
584	 5.7024746e-01	 +2.6317263e-02 +1.2919991e-03	 1.04e+00 Accepted	 269	 1085	
585	 5.6977859e-01	 +2.6901482e-02 +4.4040892e-04	 7.14e-01 Accepted	 278	 1088	
586	 5.6994658e-01	 +2.5584263e-02 -2.0678762e-04	 1.47e+00 Accepted	 278	 1097	
587	 5.7006773e-01	 +2.2294038e-02 +6.4283652e-04	 1.14e+00 Accepted	 279	 1127	
588	 5.7007732e-01	 +2.4049290e-02 -1.5929358e-03	 1.02e+00 Accepted	 281	 1141	
589	 5.6986824e-01	 +2.2601505e-02 +7.4763713e-06	 8.91e-01 Accepted	 278	 1109	
590	 5.6950456e-01	 +2.3586395e-02 -7.3205549e-04	 1.01e+00 Accepted	 282	 1125	
591	 5.6945736e-01	 +2.0950331e-02 -8.0320280e-04	 1.26e+00 Accepted	 273	 1065	
592	 5.6897326e-01	 +2.6269894e-02 -1.4682576e-03	 8.93e-01 Accepted	 270	 1087	
593	 5.6908162e-01	 +2.4220095e-02 -2.2808626e-04	 1.21e+00 Accepted	 275	 1091	
594	 5.6890543e-01	 +2.6993099e-02 +1.0412688e-03	 6.02e-01 Accepted	 278	 1110	
595	 5.6918513e-01	 +2.1978177e-02 +1.3358023e-03	 8.59e-01 Accepted	 280	 1105	
596	 5.6919661e-01	 +2.5901901e-02 +4.5763216e-04	 1.26e+00 Accepted	 278	 1113	
597	 5.6901498e-01	 +2.3870772e-02 +7.6708513e-04	 7.20e-01 Accepted	 274	 1071	
598	 5.6923938e-01	 +2.8276843e-02 +3.3609401e-03	 1.41e+00 Accepted	 269	 1049	
599	 5.6936599e-01	 +2.8795421e-02 +2.1377111e-04	 1.20e+00 Accepted	 268	 1100	
600	 5.6936599e-01	 +2.8795421e-02 +2.1377111e-04	 7.68e-01 Rejected	 283	 1116	
601	 5.6936266e-01	 +2.6553027e-02 +2.1804587e-04	 6.20e-01 Accepted	 270	 1025	
602	 5.6958080e-01	 +2.9903061e-02 -9.1698603e-04	 1.13e+00 Accepted	 259	 1011	
603	 5.6935459e-01	 +2.7958893e-02 -1.0877921e-03	 9.00e-01 Accepted	 257	 1016	
604	 5.6922701e-01	 +2.7182370e-02 +6.8699040e-04	 1.27e+00 Accepted	 258	 1033	
605	 5.6943919e-01	 +3.0012654e-02 -1.9882658e-03	 9.99e-01 Accepted	 259	 1014	
606	 5.6933502e-01	 +2.7859948e-02 -1.0976265e-04	 9.35e-01 Accepted	 258	 1029	
607	 5.6955360e-01	 +2.2782818e-02 -1.0218935e-03	 1.29e+00 Accepted	 260	 1037	
608	 5.6946715e-01	 +2.4795952e-02 +8.5793087e-04	 1.04e+00 Accepted	 261	 1028	
609	 5.6918521e-01	 +2.5586149e-02 -1.5718675e-03	 1.11e+00 Accepted	 261	 1028	
610	 5.6923518e-01	 +2.4261855e-02 +5.4333406e-04	 1.09e+00 Accepted	 258	 997	
611	 5.6901810e-01	 +2.6848604e-02 -1.1822944e-03	 1.07e+00 Accepted	 256	 1018	
612	 5.6926821e-01	 +2.5077526e-02 +1.3608885e-03	 1.02e+00 Accepted	 259	 1033	
613	 5.6927599e-01	 +2.5746255e-02 -1.7793876e-03	 1.54e+00 Accepted	 260	 1047	
614	 5.6907296e-01	 +2.7731903e-02 -2.0502555e-03	 1.02e+00 Accepted	 261	 1060	
615	 5.6902922e-01	 +2.6968878e-02 +3.9390319e-04	 8.97e-01 Accepted	 265	 1047	
616	 5.6916446e-01	 +2.7046236e-02 +9.2115721e-04	 1.16e+00 Accepted	 266	 1048	
617	 5.6936860e-01	 +2.8871865e-02 -1.0386055e-03	 1.28e+00 Accepted	 266	 1069	
618	 5.6936860e-01	 +2.8871865e-02 -1.0386055e-03	 6.14e-01 Rejected	 270	 1085	
619	 5.6952006e-01	 +3.0965456e-02 -1.9596224e-03	 1.32e+00 Accepted	 267	 1053	
620	 5.6943597e-01	 +2.8919190e-02 -2.4763949e-03	 9.74e-01 Accepted	 269	 1063	
621	 5.6948494e-01	 +2.7677771e-02 -1.3834048e-03	 9.92e-01 Accepted	 272	 1067	
622	 5.6940367e-01	 +2.9488431e-02 -2.1738649e-04	 1.04e+00 Accepted	 264	 1032	
623	 5.6946278e-01	 +2.8220818e-02 -1.0095367e-03	 9.79e-01 Accepted	 260	 1007	
624	 5.6925441e-01	 +2.6721075e-02 +2.9520302e-03	 9.25e-01 Accepted	 256	 1014	
625	 5.6945574e-01	 +2.7620538e-02 +1.0478322e-03	 9.00e-01 Accepted	 259	 1005	
626	 5.6953960e-01	 +2.7213464e-02 -1.5268166e-03	 9.20e-01 Accepted	 255	 1014	
627	 5.6923667e-01	 +2.6977567e-02 +3.1815704e-04	 7.09e-01 Accepted	 255	 990	
628	 5.6985944e-01	 +2.7516336e-02 -1.0165998e-03	 1.84e+00 Accepted	 252	 1004	
629	 5.6933910e-01	 +2.7165749e-02 +4.2289730e-04	 7.91e-01 Accepted	 256	 1019	
630	 5.6924240e-01	 +2.9418300e-02 +2.6943438e-03	 9.56e-01 Accepted	 257	 992	
631	 5.6946267e-01	 +2.6775981e-02 +1.1292280e-04	 1.23e+00 Accepted	 250	 972	
632	 5.6921274e-01	 +2.7475460e-02 +2.4350540e-03	 8.53e-01 Accepted	 252	 983	
633	 5.6924314e-01	 +2.9377703e-02 -2.0664421e-04	 1.02e+00 Accepted	 251	 979	
634	 5.6924547e-01	 +3.0512901e-02 +1.0970881e-03	 9.16e-01 Accepted	 253	 1007	
635	 5.6924547e-01	 +3.0512901e-02 +1.0970881e-03	 6.26e-01 Rejected	 256	 985	
636	 5.6902442e-01	 +2.8988402e-02 +2.0212003e-03	 9.19e-01 Accepted	 255	 996	
637	 5.6906215e-01	 +2.7708269e-02 +2.0403161e-03	 1.08e+00 Accepted	 255	 1009	
638	 5.6920750e-01	 +2.7612867e-02 +7.2284833e-04	 8.07e-01 Accepted	 256	 1000	
639	 5.6921666e-01	 +2.4410157e-02 +9.0656057e-04	 8.82e-01 Accepted	 257	 1020	
640	 5.6963590e-01	 +2.2292046e-02 +1.7810735e-03	 1.20e+00 Accepted	 262	 1035	
641	 5.6963525e-01	 +2.7156810e-02 -1.4432811e-03	 1.14e+00 Accepted	 273	 1118	
642	 5.6953243e-01	 +2.4995619e-02 +1.2696538e-03	 9.44e-01 Accepted	 277	 1079	
643	 5.6948984e-01	 +2.7448571e-02 +3.4449824e-03	 8.21e-01 Accepted	 269	 1042	
644	 5.6998952e-01	 +2.3750933e-02 +1.8902174e-03	 1.06e+00 Accepted	 262	 1037	
# Starting_type: CheckpointStart
# Trajectory_length / Number_of_MD_steps: 1 / 7
# 	 Plaquette	 Polyakov_Loop(re,im)	 Acc._Probability	 runtime_per_traj(s)	 CG_iterations	
645	 5.7015052e-01	 +2.4380498e-02 +8.5930175e-04	 1.05e+00 Accepted	 272	 1038	
646	 5.6996255e-01	 +2.6273166e-02 +1.0629460e-03	 8.03e-01 Accepted	 263	 1051	
647	 5.7008180e-01	 +2.6253540e-02 +2.1521300e-04	 1.10e+00 Accepted	 266	 1046	
648	 5.6983829e-01	 +2.3045689e-02 -1.8120469e-03	 8.97e-01 Accepted	 265	 1051	
649	 5.6975308e-01	 +2.5501337e-02 -4.7923490e-04	 1.14e+00 Accepted	 270	 1064	
650	 5.6947896e-01	 +2.4097584e-02 -3.7792318e-04	 1.03e+00 Accepted	 283	 1219	
651	 5.6922926e-01	 +2.6334995e-02 -1.7329736e-03	 1.07e+00 Accepted	 292	 1065	
652	 5.7002370e-01	 +2.3900550e-02 -1.8844718e-03	 2.03e+00 Accepted	 270	 1067	
653	 5.7002370e-01	 +2.3900550e-02 -1.8844718e-03	 4.69e-01 Rejected	 274	 1094	
654	 5.6973263e-01	 +2.7169955e-02 -2.2160169e-03	 8.81e-01 Accepted	 275	 1115	
655	 5.6973263e-01	 +2.7169955e-02 -2.2160169e-03	 6.82e-01 Rejected	 277	 1080	
656	 5.6963055e-01	 +2.8803730e-02 -1.6138273e-03	 6.83e-01 Accepted	 279	 1115	
657	 5.6976812e-01	 +2.3172302e-02 +2.2274302e-03	 9.83e-01 Accepted	 280	 1126	
658	 5.6975949e-01	 +2.3879984e-02 -1.4077932e-03	 1.13e+00 Accepted	 286	 1129	
659	 5.6937403e-01	 +2.5904940e-02 +6.6777353e-04	 8.49e-01 Accepted	 286	 1151	
660	 5.6917153e-01	 +2.6513496e-02 -1.0115780e-03	 5.99e-01 Accepted	 285	 1119	
661	 5.6946862e-01	 +2.8306667e-02 +3.1274099e-04	 1.26e+00 Accepted	 285	 1112	
662	 5.6946862e-01	 +2.8306667e-02 +3.1274099e-04	 8.38e-01 Rejected	 283	 1125	
663	 5.6963776e-01	 +2.6971467e-02 -5.6721694e-05	 1.11e+00 Accepted	 282	 1111	
664	 5.6935438e-01	 +2.6655834e-02 -2.7481704e-04	 6.56e-01 Accepted	 277	 1087	
665	 5.6935438e-01	 +2.6655834e-02 -2.7481704e-04	 7.73e-01 Rejected	 275	 1092	
666	 5.6927130e-01	 +2.8154327e-02 -8.9436960e-04	 1.07e+00 Accepted	 279	 1151	
667	 5.6925011e-01	 +2.5772375e-02 -1.0479941e-03	 1.34e+00 Accepted	 285	 1143	
668	 5.6950052e-01	 +2.4657206e-02 -1.4729549e-06	 9.65e-01 Accepted	 286	 1121	
669	 5.6947648e-01	 +2.4598800e-02 -2.6742145e-04	 1.00e+00 Accepted	 277	 1079	
670	 5.6948820e-01	 +2.4166895e-02 +3.7322860e-04	 1.37e+00 Accepted	 274	 1081	
671	 5.6919212e-01	 +2.3116404e-02 -1.7270751e-04	 1.26e+00 Accepted	 275	 1090	
672	 5.6918169e-01	 +2.2272033e-02 -1.1058539e-03	 9.02e-01 Accepted	 277	 1096	
673	 5.6916071e-01	 +2.6591166e-02 -1.7980976e-03	 1.34e+00 Accepted	 286	 1167	
674	 5.6883342e-01	 +2.1350155e-02 -4.3688685e-04	 7.41e-01 Accepted	 290	 1188	
675	 5.6899570e-01	 +2.5024297e-02 -1.9237772e-03	 1.69e+00 Accepted	 289	 1117	
676	 5.6911550e-01	 +2.5903293e-02 -6.5121032e-04	 1.34e+00 Accepted	 280	 1110	
677	 5.6944837e-01	 +2.6908178e-02 +1.8034855e-03	 1.28e+00 Accepted	 276	 1065	
678	 5.6945310e-01	 +2.4203002e-02 +2.3619567e-03	 9.11e-01 Accepted	 269	 1061	
679	 5.6928580e-01	 +2.4626517e-02 +3.3134947e-03	 1.23e+00 Accepted	 266	 1045	
680	 5.6921451e-01	 +3.0987414e-02 +3.2524790e-04	 1.24e+00 Accepted	 268	 1083	
681	 5.6947710e-01	 +2.6898300e-02 +2.1780533e-03	 8.65e-01 Accepted	 276	 1100	
682	 5.6962175e-01	 +2.5830750e-02 +7.7315400e-04	 1.17e+00 Accepted	 276	 1104	
683	 5.6934322e-01	 +2.8145659e-02 +2.9687366e-03	 5.98e-01 Accepted	 274	 1072	
684	 5.6913420e-01	 +2.7117042e-02 +8.4817663e-04	 8.41e-01 Accepted	 273	 1070	
685	 5.6957787e-01	 +2.6954474e-02 +1.5404185e-04	 1.23e+00 Accepted	 275	 1111	
686	 5.6941518e-01	 +2.6468555e-02 +1.4452613e-03	 9.13e-01 Accepted	 277	 1099	
687	 5.6922309e-01	 +2.5574803e-02 +1.5318493e-03	 8.14e-01 Accepted	 275	 1095	
688	 5.6942449e-01	 +2.5737143e-02 -1.9185909e-04	 1.39e+00 Accepted	 281	 1094	
689	 5.6955336e-01	 +2.7375444e-02 -2.1895163e-05	 1.34e+00 Accepted	 274	 1044	
690	 5.6973218e-01	 +2.5944550e-02 +1.0894728e-03	 1.04e+00 Accepted	 266	 1065	
691	 5.6940063e-01	 +2.8710824e-02 -2.0294476e-03	 8.55e-01 Accepted	 272	 1073	
692	 5.6959560e-01	 +2.4215529e-02 +1.5620401e-03	 1.01e+00 Accepted	 273	 1076	
693	 5.6949950e-01	 +2.7995454e-02 +1.5525438e-03	 9.46e-01 Accepted	 271	 1055	
694	 5.6945852e-01	 +2.9545275e-02 -2.7517660e-03	 9.23e-01 Accepted	 279	 1135	
695	 5.6927107e-01	 +2.5215790e-02 -1.3094110e-03	 6.48e-01 Accepted	 278	 1064	
696	 5.6923062e-01	 +2.6185803e-02 +2.5988854e-03	 1.03e+00 Accepted	 276	 1083	
697	 5.6895715e-01	 +2.8788033e-02 +1.0092378e-03	 1.10e+00 Accepted	 274	 1059	
698	 5.6894455e-01	 +2.5598486e-02 +7.1224242e-04	 1.25e+00 Accepted	 280	 1142	
699	 5.6913983e-01	 +2.2500220e-02 -2.9492444e-04	 1.06e+00 Accepted	 280	 1067	
700	 5.6886599e-01	 +2.6806408e-02 -1.9465042e-03	 6.43e-01 Accepted	 270	 1032	
701	 5.6905879e-01	 +2.6724952e-02 -1.1206050e-03	 1.53e+00 Accepted	 266	 1041	
702	 5.6892066e-01	 +2.9358168e-02 -3.2033016e-03	 1.38e+00 Accepted	 268	 1071	
703	 5.6881327e-01	 +2.8218098e-02 -5.4754793e-04	 7.54e-01 Accepted	 273	 1086	
704	 5.6920343e-01	 +2.6424284e-02 -3.0498833e-03	 1.66e+00 Accepted	 271	 1052	
705	 5.6917204e-01	 +2.4930910e-02 -4.2747837e-03	 8.72e-01 Accepted	 266	 1048	
706	 5.6962601e-01	 +2.4724556e-02 -2.2359354e-03	 1.41e+00 Accepted	 268	 1073	
707	 5.6999890e-01	 +2.9533680e-02 +1.7159068e-03	 1.46e+00 Accepted	 271	 1084	
708	 5.7013107e-01	 +2.6082835e-02 -5.9476821e-04	 1.18e+00 Accepted	 274	 1098	
709	 5.7019798e-01	 +2.7440901e-02 +8.4601409e-04	 1.30e+00 Accepted	 275	 1093	
710	 5.7019798e-01	 +2.7440901e-02 +8.4601409e-04	 7.01e-01 Rejected	 270	 1042	
711	 5.6985258e-01	 +2.8107126e-02 -1.0414393e-03	 7.24e-01 Accepted	 273	 1084	
712	 5.6996781e-01	 +2.5702019e-02 +2.6094779e-03	 9.88e-01 Accepted	 274	 1094	
713	 5.7000401e-01	 +2.8057999e-02 -1.0194233e-03	 7.01e-01 Accepted	 271	 1059	
714	 5.6993725e-01	 +3.0620336e-02 +1.4823198e-03	 1.26e+00 Accepted	 269	 1081	
715	 5.6993513e-01	 +2.8508511e-02 -2.3334331e-03	 1.07e+00 Accepted	 274	 1097	
716	 5.6981696e-01	 +2.6879742e-02 -1.7478146e-03	 8.39e-01 Accepted	 278	 1112	
717	 5.6967154e-01	 +3.0882135e-02 -5.2695876e-04	 1.31e+00 Accepted	 278	 1108	
718	 5.6966610e-01	 +2.6344372e-02 -7.4479489e-04	 1.51e+00 Accepted	 273	 1078	
719	 5.6990061e-01	 +2.8540366e-02 -2.8050764e-03	 1.16e+00 Accepted	 273	 1118	
720	 5.6990061e-01	 +2.8540366e-02 -2.8050764e-03	 7.44e-01 Rejected	 276	 1114	
721	 5.6990061e-01	 +2.8540366e-02 -2.8050764e-03	 7.38e-01 Rejected	 272	 1056	
722	 5.6950281e-01	 +2.6978292e-02 +1.2111752e-03	 5.80e-01 Accepted	 274	 1112	
723	 5.6950744e-01	 +2.7993828e-02 +2.1800063e-03	 1.12e+00 Accepted	 272	 1074	
724	 5.6958079e-01	 +2.7463635e-02 -2.3180160e-04	 1.14e+00 Accepted	 270	 1098	
725	 5.6977935e-01	 +2.9643543e-02 -2.8340698e-03	 8.23e-01 Accepted	 274	 1112	
726	 5.6988120e-01	 +2.7083597e-02 -1.3664235e-03	 1.27e+00 Accepted	 275	 1068	
727	 5.7016028e-01	 +2.6816169e-02 +4.4921123e-04	 1.21e+00 Accepted	 271	 1121	
728	 5.6965949e-01	 +2.3024773e-02 -8.7520188e-04	 7.36e-01 Accepted	 280	 1115	
729	 5.6999178e-01	 +2.2456205e-02 -1.6603650e-03	 1.26e+00 Accepted	 279	 1119	
730	 5.7008080e-01	 +2.3686584e-02 +9.6460202e-04	 8.97e-01 Accepted	 279	 1095	
731	 5.6986815e-01	 +2.5502201e-02 +7.0450448e-04	 1.07e+00 Accepted	 276	 1115	
732	 5.6982124e-01	 +2.7176117e-02 +1.4606602e-03	 1.09e+00 Accepted	 275	 1090	
733	 5.6982124e-01	 +2.7176117e-02 +1.4606602e-03	 9.48e-01 Rejected	 273	 1098	
734	 5.6975711e-01	 +2.4390778e-02 +1.1338860e-03	 8.65e-01 Accepted	 272	 1072	
735	 5.6975711e-01	 +2.4390778e-02 +1.1338860e-03	 8.32e-01 Rejected	 267	 1064	
736	 5.6978388e-01	 +2.4955700e-02 -1.0865270e-03	 1.23e+00 Accepted	 267	 1069	
737	 5.6987864e-01	 +2.4213173e-02 +6.1022821e-04	 7.11e-01 Accepted	 266	 1057	
738	 5.6994241e-01	 +2.5333972e-02 +1.3299787e-03	 1.19e+00 Accepted	 266	 1062	
739	 5.6983314e-01	 +2.5909980e-02 +8.9321676e-04	 8.76e-01 Accepted	 268	 1069	
740	 5.6975706e-01	 +2.4652342e-02 +1.8565593e-03	 8.53e-01 Accepted	 271	 1103	
741	 5.7006336e-01	 +2.5364010e-02 -7.8319591e-04	 1.17e+00 Accepted	 274	 1093	
742	 5.6985887e-01	 +2.3234479e-02 -9.0183677e-05	 8.48e-01 Accepted	 275	 1092	
743	 5.6963287e-01	 +2.4256831e-02 +3.6109023e-03	 1.19e+00 Accepted	 272	 1078	
744	 5.6921064e-01	 +2.2966200e-02 -5.2007148e-04	 6.84e-01 Accepted	 271	 1058	
745	 5.6936972e-01	 +2.5200135e-02 -6.2941141e-04	 1.32e+00 Accepted	 270	 1095	
746	 5.6957135e-01	 +2.3632705e-02 +1.3924686e-03	 1.02e+00 Accepted	 272	 1071	
747	 5.6957135e-01	 +2.3632705e-02 +1.3924686e-03	 5.86e-01 Rejected	 271	 1077	
748	 5.6925155e-01	 +2.5092258e-02 -6.2807987e-04	 8.36e-01 Accepted	 269	 1048	
749	 5.6916724e-01	 +2.7157787e-02 +2.5549327e-03	 1.08e+00 Accepted	 266	 1086	
750	 5.6954296e-01	 +2.5323602e-02 -6.0566990e-04	 9.88e-01 Accepted	 271	 1063	
751	 5.6948641e-01	 +2.7701225e-02 +2.5138854e-03	 6.66e-01 Accepted	 269	 1087	
752	 5.6952506e-01	 +2.7097450e-02 -3.8580662e-04	 1.18e+00 Accepted	 271	 1080	
753	 5.6964805e-01	 +2.6667686e-02 +3.1150070e-03	 1.44e+00 Accepted	 270	 1079	
754	 5.6962013e-01	 +2.5305359e-02 -2.8048659e-03	 1.02e+00 Accepted	 271	 1089	
755	 5.6922237e-01	 +2.4364840e-02 +1.6027151e-03	 8.02e-01 Accepted	 274	 1089	
756	 5.6934697e-01	 +2.4397106e-02 -4.2377045e-04	 1.10e+00 Accepted	 273	 1074	
757	 5.6934697e-01	 +2.4397106e-02 -4.2377045e-04	 7.47e-01 Rejected	 271	 1092	
758	 5.6941336e-01	 +2.3963689e-02 +2.5421561e-03	 1.08e+00 Accepted	 271	 1086	
759	 5.6941336e-01	 +2.3963689e-02 +2.5421561e-03	 7.31e-01 Rejected	 281	 1180	
760	 5.6941249e-01	 +2.2321825e-02 +3.0353315e-03	 1.10e+00 Accepted	 273	 1094	
761	 5.6937376e-01	 +2.3740664e-02 -1.2414230e-03	 9.81e-01 Accepted	 271	 1097	
762	 5.6941402e-01	 +2.2240723e-02 +2.2774008e-03	 1.02e+00 Accepted	 275	 1098	
763	 5.6941402e-01	 +2.2240723e-02 +2.2774008e-03	 6.52e-01 Rejected	 273	 1079	
764	 5.6889810e-01	 +2.4970180e-02 -3.1620872e-03	 1.09e+00 Accepted	 283	 1228	
765	 5.6906756e-01	 +2.2544517e-02 +6.7442632e-04	 9.95e-01 Accepted	 305	 1226	
766	 5.6938383e-01	 +2.3524794e-02 -1.2357090e-03	 8.65e-01 Accepted	 304	 1242	
767	 5.6919018e-01	 +2.4279308e-02 +3.3412517e-04	 9.25e-01 Accepted	 311	 1262	
768	 5.6922567e-01	 +2.2367592e-02 -1.0818844e-03	 5.71e-01 Accepted	 315	 1271	
769	 5.6935400e-01	 +1.7849777e-02 -2.9403732e-04	 1.05e+00 Accepted	 313	 1266	
770	 5.6965102e-01	 +2.2494610e-02 +7.6433746e-04	 1.02e+00 Accepted	 317	 1278	
771	 5.6946483e-01	 +2.1161834e-02 -1.5285706e-03	 1.00e+00 Accepted	 314	 1271	
772	 5.6937740e-01	 +2.3116361e-02 +2.1520472e-03	 9.21e-01 Accepted	 317	 1271	
773	 5.6930839e-01	 +2.3690170e-02 +1.4002852e-03	 1.01e+00 Accepted	 313	 1240	
774	 5.6923187e-01	 +2.1386721e-02 -5.9565387e-04	 1.09e+00 Accepted	 306	 1229	
775	 5.6887981e-01	 +2.2710138e-02 +2.7036826e-03	 9.40e-01 Accepted	 303	 1238	
776	 5.6912201e-01	 +2.1219592e-02 -2.1056700e-03	 1.21e+00 Accepted	 302	 1258	
777	 5.6889789e-01	 +2.3773105e-02 -1.8763415e-04	 6.55e-01 Accepted	 304	 1227	
778	 5.6889789e-01	 +2.3773105e-02 -1.8763415e-04	 7.16e-01 Rejected	 308	 1256	
779	 5.6874238e-01	 +2.3406428e-02 +5.4750141e-04	 8.97e-01 Accepted	 303	 1230	
780	 5.6922750e-01	 +2.1936746e-02 +4.2254186e-03	 1.01e+00 Accepted	 303	 1224	
781	 5.6935959e-01	 +2.1831696e-02 +4.2363047e-04	 1.25e+00 Accepted	 306	 1261	
782	 5.6953738e-01	 +2.0453099e-02 +1.7458492e-03	 1.11e+00 Accepted	 310	 1239	
783	 5.6969414e-01	 +2.0189414e-02 -1.1070717e-04	 9.38e-01 Accepted	 307	 1240	
784	 5.6958716e-01	 +2.1752445e-02 -9.5779790e-04	 8.06e-01 Accepted	 305	 1262	
785	 5.6955056e-01	 +2.2738026e-02 +1.5868008e-03	 7.71e-01 Accepted	 308	 1227	
786	 5.6958618e-01	 +2.3988574e-02 +1.7442318e-03	 1.02e+00 Accepted	 314	 1259	
787	 5.6935028e-01	 +2.1674571e-02 +8.2216068e-04	 8.56e-01 Accepted	 305	 1190	
788	 5.6930990e-01	 +2.3726791e-02 -8.5552690e-06	 8.97e-01 Accepted	 303	 1231	
789	 5.6918508e-01	 +2.3967944e-02 +1.4390570e-04	 7.62e-01 Accepted	 302	 1203	
790	 5.6943971e-01	 +2.4127333e-02 -9.2859698e-04	 9.88e-01 Accepted	 303	 1260	
791	 5.6933603e-01	 +2.1954600e-02 +7.7678918e-04	 8.56e-01 Accepted	 318	 1308	
792	 5.6929921e-01	 +2.3493822e-02 +6.1436357e-04	 8.48e-01 Accepted	 321	 1306	
793	 5.6929921e-01	 +2.3493822e-02 +6.1436357e-04	 5.96e-01 Rejected	 316	 1256	
794	 5.6911519e-01	 +2.3428541e-02 +1.2454889e-03	 1.09e+00 Accepted	 319	 1270	
795	 5.6901884e-01	 +2.2716851e-02 -1.8021049e-03	 9.15e-01 Accepted	 316	 1278	
796	 5.6914840e-01	 +2.4821760e-02 -6.5034642e-04	 1.02e+00 Accepted	 316	 1268	
797	 5.6953966e-01	 +2.2389009e-02 -1.4436660e-03	 1.21e+00 Accepted	 313	 1254	
# Starting_type: CheckpointStart
# Trajectory_length / Number_of_MD_steps: 1 / 7
# 	 Plaquette	 Polyakov_Loop(re,im)	 Acc._Probability	 runtime_per_traj(s)	 CG_iterations	
797	 5.6953966e-01	 +2.2389009e-02 -1.4436660e-03	 1.21e+00 Accepted	 320	 1254	
798	 5.6954978e-01	 +2.7193701e-02 -8.2886675e-04	 1.16e+00 Accepted	 309	 1228	
799	 5.6954978e-01	 +2.7193701e-02 -8.2886675e-04	 7.21e-01 Rejected	 305	 1244	
800	 5.6954978e-01	 +2.7193701e-02 -8.2886675e-04	 7.74e-01 Rejected	 306	 1217	
801	 5.6960636e-01	 +2.5584401e-02 -2.1775899e-03	 8.88e-01 Accepted	 307	 1233	
802	 5.6931824e-01	 +2.6676863e-02 -3.8448155e-03	 1.11e+00 Accepted	 310	 1271	
803	 5.6947486e-01	 +2.3410753e-02 -1.2490959e-03	 8.30e-01 Accepted	 319	 1321	
804	 5.6915503e-01	 +2.8404352e-02 -1.3887001e-03	 7.28e-01 Accepted	 321	 1264	
805	 5.6915503e-01	 +2.8404352e-02 -1.3887001e-03	 8.86e-01 Rejected	 321	 1338	
806	 5.6897835e-01	 +2.3871568e-02 +1.0042081e-04	 9.13e-01 Accepted	 314	 1194	
807	 5.6920246e-01	 +2.5645604e-02 +2.2142262e-05	 1.01e+00 Accepted	 300	 1207	
808	 5.6939706e-01	 +2.5886232e-02 -7.2458561e-04	 1.03e+00 Accepted	 293	 1160	
809	 5.6953413e-01	 +2.7750148e-02 +2.5238342e-04	 9.58e-01 Accepted	 294	 1181	
810	 5.6972139e-01	 +2.6459625e-02 +1.7642774e-03	 1.13e+00 Accepted	 292	 1189	
811	 5.6972139e-01	 +2.6459625e-02 +1.7642774e-03	 7.64e-01 Rejected	 294	 1181	
812	 5.6984166e-01	 +2.4963560e-02 +5.2845658e-03	 8.47e-01 Accepted	 291	 1149	
813	 5.6983854e-01	 +2.8398934e-02 +2.1223058e-03	 1.31e+00 Accepted	 292	 1178	
814	 5.6990778e-01	 +2.8297905e-02 +5.2664502e-04	 8.34e-01 Accepted	 296	 1178	
815	 5.7007710e-01	 +2.4796829e-02 +1.1411054e-04	 1.09e+00 Accepted	 294	 1167	
816	 5.6969805e-01	 +2.5175949e-02 -3.3130650e-04	 1.12e+00 Accepted	 294	 1180	
817	 5.6954700e-01	 +2.6953558e-02 +1.8989206e-03	 7.39e-01 Accepted	 291	 1112	
818	 5.6951889e-01	 +2.4357838e-02 +2.1416469e-03	 9.77e-01 Accepted	 289	 1235	
819	 5.6963478e-01	 +2.6975325e-02 -3.4801225e-04	 8.67e-01 Accepted	 292	 1154	
820	 5.6989025e-01	 +2.8721557e-02 -1.9724485e-03	 1.27e+00 Accepted	 294	 1134	
821	 5.6979913e-01	 +2.4699234e-02 +2.0274762e-04	 1.19e+00 Accepted	 290	 1140	
822	 5.6951022e-01	 +2.5304908e-02 -3.1442884e-03	 7.35e-01 Accepted	 290	 1174	
823	 5.6983724e-01	 +2.4036742e-02 +5.2325516e-04	 1.80e+00 Accepted	 287	 1141	
824	 5.6968350e-01	 +2.7162702e-02 -1.4035282e-03	 1.38e+00 Accepted	 283	 1146	
825	 5.6990066e-01	 +2.6593167e-02 +1.0093883e-03	 1.16e+00 Accepted	 284	 1158	
826	 5.6990066e-01	 +2.6593167e-02 +1.0093883e-03	 5.20e-01 Rejected	 282	 1089	
827	 5.6998341e-01	 +2.4205147e-02 +3.3948603e-04	 8.36e-01 Accepted	 288	 1112	
828	 5.7005688e-01	 +2.4297071e-02 +1.1670563e-03	 1.08e+00 Accepted	 286	 1167	
829	 5.6980018e-01	 +2.4394924e-02 +1.8420224e-04	 7.88e-01 Accepted	 287	 1142	
830	 5.6988428e-01	 +2.6126714e-02 -3.3551756e-03	 1.28e+00 Accepted	 284	 1131	
831	 5.6975234e-01	 +2.6634521e-02 -1.0034180e-03	 6.61e-01 Accepted	 283	 1150	
832	 5.6957395e-01	 +2.7579446e-02 -2.9086965e-03	 9.38e-01 Accepted	 289	 1166	
833	 5.6958634e-01	 +2.4707924e-02 -1.1686634e-03	 8.11e-01 Accepted	 295	 1157	
834	 5.6957784e-01	 +2.2767267e-02 -1.3007218e-03	 8.00e-01 Accepted	 287	 1116	
835	 5.6950849e-01	 +2.4456524e-02 -1.2257610e-03	 7.53e-01 Accepted	 280	 1116	
836	 5.6936526e-01	 +2.4896268e-02 -1.5367096e-03	 1.40e+00 Accepted	 286	 1143	
837	 5.6937818e-01	 +2.5205116e-02 -7.7801706e-04	 1.02e+00 Accepted	 290	 1173	
838	 5.6937818e-01	 +2.5205116e-02 -7.7801706e-04	 6.69e-01 Rejected	 291	 1189	
839	 5.6930429e-01	 +2.8595966e-02 -1.7362320e-03	 1.12e+00 Accepted	 293	 1156	
840	 5.6917996e-01	 +2.6835522e-02 +1.7283136e-03	 9.01e-01 Accepted	 289	 1130	
841	 5.6917996e-01	 +2.6835522e-02 +1.7283136e-03	 9.24e-01 Rejected	 286	 1119	
842	 5.6959565e-01	 +2.6408780e-02 +1.7657825e-03	 1.29e+00 Accepted	 291	 1110	
843	 5.6956820e-01	 +2.8852753e-02 +6.7720324e-04	 8.06e-01 Accepted	 286	 1148	
844	 5.6975267e-01	 +2.9805086e-02 -2.3412752e-03	 9.74e-01 Accepted	 288	 1131	
845	 5.6944818e-01	 +2.9666573e-02 -2.7654027e-03	 6.41e-01 Accepted	 291	 1196	
846	 5.6967055e-01	 +2.8469966e-02 -4.3052331e-04	 9.35e-01 Accepted	 297	 1207	
847	 5.6968741e-01	 +2.6531582e-02 +1.8624308e-04	 8.85e-01 Accepted	 296	 1190	
848	 5.6985889e-01	 +2.7547956e-02 -3.0951627e-03	 8.44e-01 Accepted	 290	 1140	
849	 5.6996293e-01	 +2.9897790e-02 -1.7427369e-03	 7.57e-01 Accepted	 289	 1164	
850	 5.6946655e-01	 +2.6111688e-02 -3.2442542e-03	 6.87e-01 Accepted	 291	 1189	
851	 5.6938879e-01	 +2.6132087e-02 +1.4983571e-05	 9.92e-01 Accepted	 306	 1279	
852	 5.6933331e-01	 +2.3102746e-02 -3.5544060e-03	 9.18e-01 Accepted	 314	 1311	
853	 5.6944012e-01	 +2.6010867e-02 -9.0521228e-05	 8.96e-01 Accepted	 319	 1238	
854	 5.6958512e-01	 +2.5908981e-02 -2.3477000e-03	 1.18e+00 Accepted	 323	 1274	
855	 5.6959795e-01	 +2.5083581e-02 -1.0716024e-03	 7.63e-01 Accepted	 315	 1251	
856	 5.6954331e-01	 +2.2826637e-02 -3.9488011e-03	 9.39e-01 Accepted	 312	 1263	
857	 5.6932061e-01	 +2.5100828e-02 -3.0941640e-03	 9.29e-01 Accepted	 307	 1236	
858	 5.6964948e-01	 +2.5518525e-02 -1.8865543e-03	 1.50e+00 Accepted	 313	 1321	
859	 5.6923308e-01	 +2.4986974e-02 -2.1787383e-03	 7.69e-01 Accepted	 321	 1320	
860	 5.6930210e-01	 +2.1291844e-02 -2.0217687e-03	 1.10e+00 Accepted	 322	 1351	
861	 5.6933308e-01	 +2.4638380e-02 -1.0414056e-03	 7.43e-01 Accepted	 334	 1340	
862	 5.6904969e-01	 +2.3484369e-02 -4.7148549e-04	 8.18e-01 Accepted	 328	 1369	
863	 5.6894965e-01	 +2.2368497e-02 -3.5331819e-03	 1.03e+00 Accepted	 324	 1284	
864	 5.6894965e-01	 +2.2368497e-02 -3.5331819e-03	 7.19e-01 Rejected	 314	 1331	
865	 5.6873713e-01	 +2.1394562e-02 -1.7373814e-03	 1.10e+00 Accepted	 316	 1314	
866	 5.6860749e-01	 +2.0945890e-02 +1.0189798e-03	 1.05e+00 Accepted	 324	 1341	
867	 5.6855583e-01	 +2.2650978e-02 -8.2138268e-04	 7.18e-01 Accepted	 321	 1337	
868	 5.6881762e-01	 +2.4131781e-02 -8.5754347e-06	 9.13e-01 Accepted	 324	 1347	
869	 5.6898725e-01	 +2.4169646e-02 -1.0408482e-04	 1.41e+00 Accepted	 322	 1316	
870	 5.6927907e-01	 +2.3235036e-02 -9.5883241e-04	 1.46e+00 Accepted	 319	 1271	
871	 5.6922420e-01	 +1.9286002e-02 +1.6998229e-03	 6.17e-01 Accepted	 315	 1278	
872	 5.6895783e-01	 +1.9808923e-02 +1.4556350e-03	 9.79e-01 Accepted	 318	 1329	
873	 5.6925466e-01	 +2.1325989e-02 -2.6397838e-04	 1.15e+00 Accepted	 315	 1296	
874	 5.6902720e-01	 +1.8128143e-02 +3.8124804e-04	 1.22e+00 Accepted	 315	 1296	
875	 5.6941336e-01	 +2.1156592e-02 -2.7261352e-03	 1.01e+00 Accepted	 319	 1325	
876	 5.6969447e-01	 +2.3442689e-02 +4.6570863e-04	 1.09e+00 Accepted	 315	 1258	
877	 5.6951652e-01	 +2.2486917e-02 -8.1221509e-04	 1.23e+00 Accepted	 309	 1304	
878	 5.6934290e-01	 +1.9402607e-02 +4.5287572e-04	 1.07e+00 Accepted	 321	 1352	
879	 5.6932115e-01	 +2.0879599e-02 -6.0639302e-04	 5.76e-01 Accepted	 330	 1369	
880	 5.6967325e-01	 +2.1524578e-02 +1.1047898e-03	 1.52e+00 Accepted	 329	 1323	
881	 5.6924585e-01	 +2.2705008e-02 -1.5018658e-03	 1.03e+00 Accepted	 334	 1391	
882	 5.6948356e-01	 +2.4098513e-02 -1.2764888e-03	 1.06e+00 Accepted	 341	 1396	
883	 5.6916121e-01	 +2.1175662e-02 +3.3550175e-04	 6.56e-01 Accepted	 327	 1305	
884	 5.6950795e-01	 +2.2541859e-02 +1.1936409e-03	 1.27e+00 Accepted	 319	 1273	
885	 5.6950795e-01	 +2.2541859e-02 +1.1936409e-03	 9.04e-01 Rejected	 313	 1240	
886	 5.6972767e-01	 +2.1776486e-02 +6.5881382e-04	 9.09e-01 Accepted	 306	 1242	
887	 5.6966606e-01	 +2.3934899e-02 -3.5931111e-03	 7.25e-01 Accepted	 303	 1245	
888	 5.6966606e-01	 +2.3934899e-02 -3.5931111e-03	 6.01e-01 Rejected	 306	 1254	
889	 5.6958781e-01	 +2.3767882e-02 +1.6851344e-03	 6.70e-01 Accepted	 304	 1227	
890	 5.6939830e-01	 +2.0456476e-02 +3.0156165e-04	 9.26e-01 Accepted	 300	 1197	
891	 5.6883035e-01	 +2.0614844e-02 +1.0518696e-03	 7.52e-01 Accepted	 302	 1253	
892	 5.6911374e-01	 +1.9348301e-02 +2.9273096e-03	 8.26e-01 Accepted	 303	 1212	
893	 5.6934883e-01	 +2.2816426e-02 -5.5088603e-04	 1.32e+00 Accepted	 303	 1225	
894	 5.6944588e-01	 +2.2924917e-02 +2.3770028e-03	 9.30e-01 Accepted	 306	 1286	
895	 5.6962770e-01	 +2.3147266e-02 +1.4117883e-03	 9.60e-01 Accepted	 314	 1301	
896	 5.7002778e-01	 +1.9763158e-02 +2.5470255e-03	 1.28e+00 Accepted	 314	 1291	
897	 5.6979911e-01	 +2.1886645e-02 +8.9406950e-04	 6.16e-01 Accepted	 310	 1224	
898	 5.6970256e-01	 +2.2271464e-02 +1.1069727e-04	 7.45e-01 Accepted	 307	 1244	
899	 5.6958839e-01	 +2.2041226e-02 -1.1699882e-04	 9.24e-01 Accepted	 305	 1260	
900	 5.7011606e-01	 +2.3178354e-02 -1.2061835e-03	 1.43e+00 Accepted	 305	 1243	
901	 5.7011606e-01	 +2.3178354e-02 -1.2061835e-03	 8.01e-01 Rejected	 308	 1264	
902	 5.6984373e-01	 +2.5442525e-02 -7.8521419e-04	 7.22e-01 Accepted	 307	 1271	
903	 5.6926452e-01	 +2.2946762e-02 -1.6440328e-03	 9.66e-01 Accepted	 315	 1287	
904	 5.6917479e-01	 +2.3018581e-02 -1.7375862e-03	 8.58e-01 Accepted	 313	 1260	
905	 5.6938381e-01	 +2.0617773e-02 -1.0447606e-03	 6.94e-01 Accepted	 310	 1261	
906	 5.6915731e-01	 +2.0145844e-02 -1.3335284e-04	 8.27e-01 Accepted	 308	 1243	
907	 5.6950383e-01	 +2.1688262e-02 -2.5121378e-03	 1.40e+00 Accepted	 308	 1227	
908	 5.6945256e-01	 +2.4981699e-02 +2.3874412e-03	 8.87e-01 Accepted	 301	 1207	
909	 5.6938939e-01	 +2.2389165e-02 -3.3356738e-03	 1.38e+00 Accepted	 301	 1217	
910	 5.6961725e-01	 +2.3200226e-02 -4.2125258e-03	 8.96e-01 Accepted	 302	 1180	
911	 5.6961725e-01	 +2.3200226e-02 -4.2125258e-03	 6.58e-01 Rejected	 296	 1218	
912	 5.6959081e-01	 +2.4860456e-02 -2.5256116e-04	 9.71e-01 Accepted	 298	 1226	
913	 5.6931467e-01	 +2.2724138e-02 -3.6530597e-03	 9.70e-01 Accepted	 297	 1190	
914	 5.6921267e-01	 +2.1239316e-02 -1.9071431e-03	 7.97e-01 Accepted	 298	 1206	
915	 5.6912098e-01	 +2.4755253e-02 -8.0440827e-04	 1.00e+00 Accepted	 299	 1211	
916	 5.6935017e-01	 +2.3625102e-02 +1.3155710e-03	 1.69e+00 Accepted	 301	 1237	
917	 5.6941276e-01	 +2.3116781e-02 -1.3605811e-03	 1.02e+00 Accepted	 307	 1209	
918	 5.6941276e-01	 +2.3116781e-02 -1.3605811e-03	 8.00e-01 Rejected	 302	 1218	
919	 5.6957560e-01	 +2.3766921e-02 +2.4755340e-03	 1.16e+00 Accepted	 305	 1218	
920	 5.6941345e-01	 +2.0979794e-02 -3.7187211e-03	 9.00e-01 Accepted	 304	 1257	
921	 5.6938918e-01	 +2.1211724e-02 -1.2721750e-04	 1.70e+00 Accepted	 305	 1227	
922	 5.6917098e-01	 +2.1076464e-02 -2.6407249e-03	 7.20e-01 Accepted	 301	 1211	
923	 5.6905590e-01	 +2.4019489e-02 +4.5640071e-04	 6.66e-01 Accepted	 295	 1176	
924	 5.6936746e-01	 +2.4419826e-02 -9.1383435e-04	 9.42e-01 Accepted	 296	 1185	
925	 5.6942638e-01	 +2.6822896e-02 -2.5592638e-04	 8.41e-01 Accepted	 290	 1184	
926	 5.6943951e-01	 +2.4405614e-02 +4.9119266e-04	 9.85e-01 Accepted	 294	 1184	
927	 5.6922384e-01	 +2.6174532e-02 -2.9874154e-03	 6.40e-01 Accepted	 295	 1183	
928	 5.6983731e-01	 +2.5619238e-02 -3.7529347e-03	 1.78e+00 Accepted	 294	 1195	
929	 5.6983731e-01	 +2.5619238e-02 -3.7529347e-03	 6.10e-01 Rejected	 293	 1178	
930	 5.7000661e-01	 +2.4152004e-02 -4.1583214e-03	 1.38e+00 Accepted	 297	 1182	
931	 5.7000661e-01	 +2.4152004e-02 -4.1583214e-03	 6.83e-01 Rejected	 297	 1198	
932	 5.6983428e-01	 +2.7530827e-02 +1.7854771e-03	 7.54e-01 Accepted	 291	 1140	
933	 5.7029772e-01	 +2.7076264e-02 +1.3875035e-03	 1.21e+00 Accepted	 288	 1190	
934	 5.6986864e-01	 +2.7449163e-02 -2.9855110e-05	 8.97e-01 Accepted	 296	 1191	
935	 5.6983062e-01	 +2.8543117e-02 +4.5754962e-04	 9.93e-01 Accepted	 295	 1154	
936	 5.6961034e-01	 +2.2155797e-02 -2.2258562e-03	 5.75e-01 Accepted	 291	 1180	
937	 5.6978864e-01	 +2.3336252e-02 -8.7374490e-04	 9.98e-01 Accepted	 293	 1176	
938	 5.6987159e-01	 +2.1948865e-02 -1.3725589e-03	 9.52e-01 Accepted	 291	 1154	
# Starting_type: CheckpointStart
# Trajectory_length / Number_of_MD_steps: 1 / 7
# 	 Plaquette	 Polyakov_Loop(re,im)	 Acc._Probability	 runtime_per_traj(s)	 CG_iterations	
939	 5.6987159e-01	 +2.1948865e-02 -1.3725589e-03	 7.98e-01 Rejected	 293	 1164	
940	 5.6985945e-01	 +2.1118678e-02 +2.1830895e-03	 8.83e-01 Accepted	 283	 1111	
941	 5.6993441e-01	 +2.2819207e-02 +2.1623185e-03	 1.10e+00 Accepted	 280	 1117	
942	 5.6993634e-01	 +2.3695366e-02 -4.8354262e-04	 9.04e-01 Accepted	 286	 1119	
943	 5.6993634e-01	 +2.3695366e-02 -4.8354262e-04	 6.44e-01 Rejected	 289	 1115	
944	 5.6988391e-01	 +2.3828015e-02 -7.3054987e-04	 9.27e-01 Accepted	 286	 1121	
945	 5.6991362e-01	 +2.1908739e-02 +8.7802281e-04	 9.93e-01 Accepted	 287	 1147	
946	 5.6941378e-01	 +2.1813317e-02 +1.7025257e-03	 9.87e-01 Accepted	 288	 1169	
947	 5.6924603e-01	 +2.1748978e-02 -4.1960202e-04	 9.94e-01 Accepted	 290	 1156	
948	 5.6945714e-01	 +2.0117199e-02 -2.9194265e-03	 1.29e+00 Accepted	 288	 1141	
949	 5.6910400e-01	 +2.0381481e-02 +3.3572845e-03	 5.42e-01 Accepted	 288	 1162	
950	 5.6867523e-01	 +2.1525057e-02 +2.6095241e-03	 7.19e-01 Accepted	 291	 1156	
951	 5.6878683e-01	 +2.6269564e-02 -2.7824606e-04	 7.44e-01 Accepted	 288	 1095	
952	 5.6905795e-01	 +2.3973833e-02 +1.0730425e-04	 1.15e+00 Accepted	 273	 1052	
953	 5.6914297e-01	 +2.1689776e-02 -1.6695977e-04	 9.64e-01 Accepted	 278	 1128	
954	 5.6942614e-01	 +1.9640876e-02 -8.2969721e-04	 1.10e+00 Accepted	 285	 1112	
955	 5.6956991e-01	 +2.3181244e-02 -7.5928746e-04	 8.13e-01 Accepted	 275	 1076	
956	 5.6938091e-01	 +2.2260494e-02 +9.0067147e-04	 7.56e-01 Accepted	 272	 1060	
957	 5.6951960e-01	 +2.0996266e-02 -1.3076642e-03	 1.53e+00 Accepted	 270	 1078	
958	 5.6918851e-01	 +2.2029986e-02 +2.7679350e-03	 7.85e-01 Accepted	 277	 1104	
959	 5.6922927e-01	 +2.3937997e-02 -1.0814230e-03	 1.71e+00 Accepted	 277	 1090	
960	 5.6942561e-01	 +2.3782290e-02 +1.1040011e-03	 1.02e+00 Accepted	 277	 1117	
961	 5.6906137e-01	 +2.4984431e-02 +4.0092964e-04	 1.00e+00 Accepted	 279	 1124	
962	 5.6914784e-01	 +2.3768727e-02 +4.5190203e-03	 9.90e-01 Accepted	 281	 1129	
963	 5.6923346e-01	 +2.6551589e-02 -1.7053788e-05	 1.41e+00 Accepted	 281	 1085	
964	 5.6918380e-01	 +2.3278963e-02 +8.1157590e-04	 9.95e-01 Accepted	 271	 1043	
965	 5.6897020e-01	 +2.4177819e-02 +2.1759113e-03	 6.44e-01 Accepted	 271	 1093	
966	 5.6930495e-01	 +2.6813197e-02 +1.7149470e-03	 9.46e-01 Accepted	 279	 1123	
967	 5.6897793e-01	 +2.4102476e-02 +1.0024045e-04	 9.34e-01 Accepted	 285	 1072	
968	 5.6927725e-01	 +2.4621307e-02 +8.4134619e-04	 7.89e-01 Accepted	 271	 1054	
969	 5.6932457e-01	 +2.5406520e-02 +1.4859673e-03	 1.00e+00 Accepted	 264	 1016	
970	 5.6954592e-01	 +2.4867504e-02 +4.8913471e-04	 1.13e+00 Accepted	 264	 1010	
971	 5.6967316e-01	 +2.5383251e-02 -2.3947759e-04	 1.19e+00 Accepted	 258	 1011	
972	 5.6967316e-01	 +2.5383251e-02 -2.3947759e-04	 7.83e-01 Rejected	 265	 1032	
973	 5.6967316e-01	 +2.5383251e-02 -2.3947759e-04	 9.52e-01 Rejected	 262	 1022	
974	 5.6937922e-01	 +2.4801618e-02 +1.8309191e-03	 1.06e+00 Accepted	 264	 1032	
975	 5.6944625e-01	 +2.3093994e-02 +1.7214950e-03	 8.07e-01 Accepted	 268	 1083	
976	 5.6924463e-01	 +2.2601275e-02 +1.2597744e-03	 1.21e+00 Accepted	 276	 1060	
977	 5.6912352e-01	 +2.4754372e-02 +3.4065534e-04	 1.18e+00 Accepted	 275	 1067	
978	 5.6912214e-01	 +2.4104972e-02 +7.5563542e-04	 7.52e-01 Accepted	 274	 1065	
979	 5.6969648e-01	 +2.6912720e-02 +1.1180702e-03	 1.18e+00 Accepted	 274	 1089	
980	 5.6969648e-01	 +2.6912720e-02 +1.1180702e-03	 7.52e-01 Rejected	 279	 1080	
981	 5.6932686e-01	 +2.3769102e-02 +4.1627565e-04	 8.19e-01 Accepted	 275	 1102	
982	 5.6932686e-01	 +2.3769102e-02 +4.1627565e-04	 7.80e-01 Rejected	 276	 1113	
983	 5.6978788e-01	 +1.9590081e-02 +1.6340965e-03	 1.64e+00 Accepted	 274	 1110	
984	 5.6967963e-01	 +2.5463826e-02 +3.1757393e-03	 6.45e-01 Accepted	 281	 1104	
985	 5.6948100e-01	 +2.7811460e-02 -4.5916056e-04	 8.54e-01 Accepted	 281	 1092	
986	 5.6948765e-01	 +2.4245804e-02 +1.4412074e-03	 8.56e-01 Accepted	 285	 1170	
987	 5.6945700e-01	 +2.7441634e-02 +1.5062756e-03	 1.31e+00 Accepted	 291	 1144	
988	 5.6978544e-01	 +2.6793550e-02 -3.6032559e-04	 1.04e+00 Accepted	 282	 1072	
989	 5.6948597e-01	 +2.6286505e-02 +4.2105124e-04	 9.09e-01 Accepted	 277	 1063	
990	 5.6986833e-01	 +2.6338451e-02 -9.4643396e-04	 1.25e+00 Accepted	 272	 1053	
991	 5.6989910e-01	 +2.5212831e-02 +2.5836380e-03	 9.30e-01 Accepted	 269	 1084	
992	 5.6989910e-01	 +2.5212831e-02 +2.5836380e-03	 8.82e-01 Rejected	 274	 1097	
993	 5.6982853e-01	 +2.6624105e-02 +1.9242293e-03	 1.09e+00 Accepted	 271	 1048	
994	 5.6966195e-01	 +2.6589395e-02 +4.8296930e-04	 1.42e+00 Accepted	 269	 1065	
995	 5.6974460e-01	 +2.3217376e-02 +1.2547415e-03	 1.56e+00 Accepted	 271	 1068	
996	 5.6974460e-01	 +2.3217376e-02 +1.2547415e-03	 6.09e-01 Rejected	 271	 1080	
997	 5.6955610e-01	 +2.4375289e-02 -1.6197578e-04	 1.18e+00 Accepted	 273	 1081	
998	 5.6946500e-01	 +2.3342978e-02 -1.6668075e-03	 7.09e-01 Accepted	 269	 1047	
999	 5.6910002e-01	 +2.5177345e-02 -7.2802226e-04	 9.87e-01 Accepted	 269	 1087	
1000	 5.6913191e-01	 +2.2283530e-02 -1.7987104e-03	 1.40e+00 Accepted	 272	 1090	
1001	 5.6908421e-01	 +2.2790287e-02 +4.8928218e-05	 1.01e+00 Accepted	 278	 1079	
1002	 5.6925535e-01	 +2.3257612e-02 -8.6099287e-04	 1.05e+00 Accepted	 273	 1066	
1003	 5.6981430e-01	 +2.6259632e-02 -3.3097217e-04	 1.47e+00 Accepted	 275	 1100	
1004	 5.6981430e-01	 +2.6259632e-02 -3.3097217e-04	 7.95e-01 Rejected	 279	 1083	
1005	 5.6964739e-01	 +2.2847371e-02 +7.3259529e-04	 9.21e-01 Accepted	 271	 1042	
1006	 5.6964927e-01	 +2.5002567e-02 -3.4894651e-04	 1.16e+00 Accepted	 267	 1064	
1007	 5.6931499e-01	 +2.2103182e-02 -1.2730450e-03	 7.94e-01 Accepted	 270	 1068	
1008	 5.6939686e-01	 +2.2380044e-02 -2.6161058e-03	 1.65e+00 Accepted	 269	 1033	
1009	 5.6972164e-01	 +2.2982763e-02 -7.7713604e-04	 1.50e+00 Accepted	 267	 1069	
1010	 5.6980873e-01	 +2.2781609e-02 -4.5843331e-04	 1.10e+00 Accepted	 274	 1086	
1011	 5.6999891e-01	 +2.2664376e-02 +3.0300664e-03	 1.05e+00 Accepted	 275	 1112	
1012	 5.7021214e-01	 +2.1636779e-02 -2.3409731e-03	 1.39e+00 Accepted	 289	 1120	
1013	 5.7021214e-01	 +2.1636779e-02 -2.3409731e-03	 6.76e-01 Rejected	 283	 1074	
1014	 5.7021214e-01	 +2.1636779e-02 -2.3409731e-03	 5.34e-01 Rejected	 292	 1160	
1015	 5.7014825e-01	 +2.7032559e-02 -5.0534078e-04	 7.70e-01 Accepted	 285	 1057	
1016	 5.6989498e-01	 +2.5381117e-02 -1.1433824e-03	 1.03e+00 Accepted	 273	 1067	
1017	 5.6966076e-01	 +2.3223781e-02 -3.2963537e-03	 7.83e-01 Accepted	 273	 1060	
1018	 5.6966076e-01	 +2.3223781e-02 -3.2963537e-03	 9.97e-01 Rejected	 272	 1073	
1019	 5.6933081e-01	 +2.3463129e-02 -6.9863992e-04	 9.67e-01 Accepted	 271	 1042	
1020	 5.6936569e-01	 +2.5845169e-02 +5.5633660e-04	 9.41e-01 Accepted	 268	 1044	
1021	 5.6970493e-01	 +2.2829316e-02 -2.0713776e-03	 9.12e-01 Accepted	 264	 1032	
1022	 5.6985533e-01	 +2.5080482e-02 -1.5133308e-03	 1.59e+00 Accepted	 263	 1040	
1023	 5.6986244e-01	 +2.4976708e-02 -6.8369159e-04	 8.76e-01 Accepted	 266	 1047	
1024	 5.6989375e-01	 +2.4583739e-02 +4.7180531e-04	 9.72e-01 Accepted	 264	 1030	
1025	 5.6955447e-01	 +2.3558907e-02 -2.8057505e-03	 9.24e-01 Accepted	 264	 1031	
1026	 5.6936422e-01	 +2.2918872e-02 -3.5018699e-06	 9.93e-01 Accepted	 265	 1021	
1027	 5.6936422e-01	 +2.2918872e-02 -3.5018699e-06	 7.60e-01 Rejected	 262	 1015	
1028	 5.6916525e-01	 +2.5572450e-02 -2.0269188e-03	 1.08e+00 Accepted	 263	 1072	
1029	 5.6909951e-01	 +2.3958736e-02 +1.8852197e-03	 1.70e+00 Accepted	 269	 1019	
1030	 5.6950542e-01	 +2.6911786e-02 +3.0142230e-04	 1.53e+00 Accepted	 258	 1000	
1031	 5.6952673e-01	 +2.7057149e-02 -4.7485650e-04	 9.30e-01 Accepted	 265	 1069	
1032	 5.6948702e-01	 +2.5978942e-02 -1.6302520e-04	 1.16e+00 Accepted	 270	 1035	
1033	 5.6933196e-01	 +2.6766438e-02 -1.6724327e-03	 8.37e-01 Accepted	 266	 1035	
1034	 5.6958747e-01	 +2.5050170e-02 +3.1678301e-03	 9.26e-01 Accepted	 264	 1031	
1035	 5.6968507e-01	 +2.2469359e-02 -9.3849715e-04	 1.01e+00 Accepted	 266	 1055	
1036	 5.6989032e-01	 +2.3026611e-02 -1.2460482e-03	 1.13e+00 Accepted	 266	 1049	
1037	 5.6919804e-01	 +1.9823633e-02 -1.5375064e-03	 7.90e-01 Accepted	 267	 1063	
1038	 5.6897004e-01	 +2.4667219e-02 -1.2526824e-03	 1.83e+00 Accepted	 268	 1059	
1039	 5.6873407e-01	 +2.3458562e-02 -8.7313617e-05	 1.04e+00 Accepted	 275	 1101	
1040	 5.6920139e-01	 +1.9279271e-02 +6.2724852e-04	 1.07e+00 Accepted	 275	 1088	
1041	 5.6904604e-01	 +2.1737267e-02 -1.8122901e-03	 1.32e+00 Accepted	 275	 1068	
1042	 5.6930295e-01	 +2.6039366e-02 +3.0570498e-04	 7.91e-01 Accepted	 269	 1052	
1043	 5.6967985e-01	 +2.7461285e-02 -4.4816078e-03	 1.17e+00 Accepted	 272	 1074	
1044	 5.6957761e-01	 +2.4774678e-02 -8.3016520e-04	 1.07e+00 Accepted	 275	 1074	
1045	 5.6957761e-01	 +2.4774678e-02 -8.3016520e-04	 9.12e-01 Rejected	 273	 1057	
1046	 5.6971442e-01	 +2.5224590e-02 -1.9143929e-04	 1.01e+00 Accepted	 269	 1064	
1047	 5.6965437e-01	 +2.4749521e-02 -1.0770032e-03	 1.06e+00 Accepted	 270	 1072	
1048	 5.6983123e-01	 +2.7747268e-02 +6.4924127e-07	 1.18e+00 Accepted	 272	 1076	
1049	 5.6983131e-01	 +2.5688175e-02 +1.5082706e-03	 7.40e-01 Accepted	 272	 1067	
1050	 5.6993378e-01	 +3.0003672e-02 +1.2965253e-03	 7.46e-01 Accepted	 269	 1052	
1051	 5.6994658e-01	 +2.5675310e-02 +2.2514123e-03	 1.22e+00 Accepted	 272	 1083	
1052	 5.6961868e-01	 +2.2708865e-02 +6.0162935e-04	 9.83e-01 Accepted	 272	 1050	
1053	 5.6936721e-01	 +2.5357382e-02 +3.6451919e-03	 5.93e-01 Accepted	 269	 1080	
1054	 5.6936721e-01	 +2.5357382e-02 +3.6451919e-03	 9.31e-01 Rejected	 272	 1073	
1055	 5.6966940e-01	 +2.4073721e-02 -3.9568228e-04	 1.04e+00 Accepted	 271	 1049	
1056	 5.6985123e-01	 +2.7201666e-02 -5.0683841e-04	 1.10e+00 Accepted	 269	 1070	
1057	 5.6961828e-01	 +2.3235456e-02 -5.4151101e-04	 9.12e-01 Accepted	 269	 1028	
1058	 5.6961902e-01	 +2.4486240e-02 +2.0545675e-03	 1.10e+00 Accepted	 267	 1067	
1059	 5.6991685e-01	 +2.7751428e-02 -1.3281844e-04	 7.49e-01 Accepted	 268	 1048	
1060	 5.6969357e-01	 +2.5793230e-02 +1.6132522e-03	 1.20e+00 Accepted	 267	 1029	
1061	 5.6926669e-01	 +2.6767597e-02 -6.7641719e-04	 1.16e+00 Accepted	 262	 1023	
1062	 5.6968054e-01	 +2.7974803e-02 -1.0703094e-03	 1.45e+00 Accepted	 262	 1002	
1063	 5.6909306e-01	 +2.8881589e-02 -1.8495375e-04	 5.58e-01 Accepted	 259	 1016	
1064	 5.6951621e-01	 +2.5571952e-02 +1.0674252e-03	 1.31e+00 Accepted	 261	 994	
1065	 5.6953133e-01	 +2.5410165e-02 +3.6204640e-03	 1.54e+00 Accepted	 257	 1006	
1066	 5.6953133e-01	 +2.5410165e-02 +3.6204640e-03	 7.36e-01 Rejected	 264	 1047	
1067	 5.6953133e-01	 +2.5410165e-02 +3.6204640e-03	 6.87e-01 Rejected	 258	 985	
1068	 5.6964971e-01	 +2.6196856e-02 +1.9229266e-04	 1.04e+00 Accepted	 260	 1020	
1069	 5.6945801e-01	 +2.7026345e-02 +2.0398541e-03	 7.76e-01 Accepted	 257	 995	
1070	 5.6957292e-01	 +2.6531173e-02 -1.2713011e-03	 1.04e+00 Accepted	 260	 1008	
1071	 5.6935234e-01	 +2.3935780e-02 -1.3895627e-03	 1.16e+00 Accepted	 258	 1005	
1072	 5.6939133e-01	 +2.4915426e-02 -1.5933574e-03	 8.22e-01 Accepted	 261	 1026	
1073	 5.6935946e-01	 +2.7015523e-02 -1.8630612e-03	 7.44e-01 Accepted	 260	 1016	
1074	 5.6926141e-01	 +2.4000076e-02 -5.5116685e-04	 1.03e+00 Accepted	 259	 1036	
1075	 5.6938248e-01	 +2.5203262e-02 -2.0704424e-03	 1.08e+00 Accepted	 265	 1012	
1076	 5.6916433e-01	 +2.5467825e-02 -2.5625611e-03	 8.82e-01 Accepted	 259	 1005	
1077	 5.6916433e-01	 +2.5467825e-02 -2.5625611e-03	 8.46e-01 Rejected	 260	 1032	
1078	 5.6944215e-01	 +2.4913582e-02 -1.9871075e-04	 1.30e+00 Accepted	 259	 998	
1079	 5.6941382e-01	 +2.4328402e-02 +3.4055538e-04	 1.04e+00 Accepted	 259	 1017	
1080	 5.6985385e-01	 +2.5458823e-02 +2.9179521e-03	 1.26e+00 Accepted	 259	 1012	
1081	 5.7004961e-01	 +2.6946522e-02 +1.8493835e-03	 1.36e+00 Accepted	 260	 1011	
1082	 5.7002009e-01	 +2.6030108e-02 -1.7512281e-03	 9.75e-01 Accepted	 260	 1030	
1083	 5.6955431e-01	 +2.9384448e-02 -2.2210111e-03	 7.11e-01 Accepted	 259	 986	
1084	 5.6964266e-01	 +2.8784859e-02 -1.6646120e-03	 1.14e+00 Accepted	 254	 988	
1085	 5.6946681e-01	 +2.5731865e-02 -2.0029928e-03	 1.07e+00 Accepted	 254	 990	
1086	 5.6942927e-01	 +2.2448013e-02 -6.5618219e-04	 8.10e-01 Accepted	 255	 967	
1087	 5.6943896e-01	 +2.8047981e-02 -1.2832885e-03	 6.32e-01 Accepted	 251	 950	
1088	 5.6943896e-01	 +2.8047981e-02 -1.2832885e-03	 4.48e-01 Rejected	 246	 945	
1089	 5.6897436e-01	 +2.8393603e-02 -1.2850183e-03	 5.77e-01 Accepted	 245	 942	
1090	 5.6950817e-01	 +2.3180997e-02 -2.0872618e-03	 1.62e+00 Accepted	 249	 954	
1091	 5.6938862e-01	 +2.7117345e-02 -2.8148521e-03	 7.69e-01 Accepted	 252	 980	
1092	 5.6957018e-01	 +2.6480534e-02 -3.5425045e-04	 1.16e+00 Accepted	 255	 995	
1093	 5.6957018e-01	 +2.6480534e-02 -3.5425045e-04	 5.31e-01 Rejected	 254	 988	
1094	 5.6917923e-01	 +2.7977133e-02 +3.3594547e-04	 7.37e-01 Accepted	 253	 975	
1095	 5.6938550e-01	 +2.7304298e-02 -7.9124764e-05	 1.56e+00 Accepted	 249	 968	
1096	 5.6931394e-01	 +2.8113606e-02 +8.7717677e-04	 1.10e+00 Accepted	 250	 964	
1097	 5.6964846e-01	 +3.0180931e-02 -1.0018318e-03	 1.06e+00 Accepted	 255	 999	
# Starting_type: CheckpointStart
# Trajectory_length / Number_of_MD_steps: 1 / 7
# 	 Plaquette	 Polyakov_Loop(re,im)	 Acc._Probability	 runtime_per_traj(s)	 CG_iterations	
1097	 5.6964846e-01	 +3.0180931e-02 -1.0018318e-03	 1.06e+00 Accepted	 263	 999	
1098	 5.6988682e-01	 +3.1110073e-02 +1.0182458e-03	 1.43e+00 Accepted	 258	 989	
1099	 5.6987184e-01	 +3.0847668e-02 -1.7052279e-03	 1.34e+00 Accepted	 254	 996	
1100	 5.6978964e-01	 +3.2539595e-02 -2.0389489e-03	 1.12e+00 Accepted	 254	 993	
1101	 5.6939364e-01	 +3.0381040e-02 +3.0905983e-03	 1.08e+00 Accepted	 252	 991	
1102	 5.6941879e-01	 +3.0454627e-02 -5.8513764e-04	 8.44e-01 Accepted	 255	 984	
1103	 5.6975147e-01	 +2.9851651e-02 +4.2121635e-03	 1.11e+00 Accepted	 252	 954	
1104	 5.6985473e-01	 +3.0105362e-02 +2.4467042e-03	 1.59e+00 Accepted	 247	 946	
1105	 5.7009639e-01	 +2.9262594e-02 -5.7038486e-04	 1.37e+00 Accepted	 247	 957	
1106	 5.6994746e-01	 +3.1167443e-02 +1.1941665e-03	 9.47e-01 Accepted	 246	 960	
1107	 5.7008710e-01	 +2.8108001e-02 -9.0818829e-04	 1.18e+00 Accepted	 248	 976	
1108	 5.6990292e-01	 +3.0450890e-02 -4.9868087e-04	 9.20e-01 Accepted	 255	 981	
1109	 5.6979739e-01	 +3.0530591e-02 -2.5436537e-03	 1.33e+00 Accepted	 254	 978	
1110	 5.6956817e-01	 +2.8387390e-02 -2.0111742e-03	 9.63e-01 Accepted	 253	 967	
1111	 5.6918421e-01	 +2.8365242e-02 +1.8991124e-03	 8.56e-01 Accepted	 252	 982	
1112	 5.6941004e-01	 +3.1340595e-02 +1.5486714e-03	 1.02e+00 Accepted	 252	 950	
1113	 5.6952376e-01	 +2.4423074e-02 -2.5621523e-04	 1.39e+00 Accepted	 249	 948	
1114	 5.6948614e-01	 +2.7429604e-02 -1.5685684e-03	 1.49e+00 Accepted	 247	 987	
1115	 5.6965545e-01	 +2.5879662e-02 -2.1590979e-03	 9.48e-01 Accepted	 250	 953	
1116	 5.6955215e-01	 +2.6845438e-02 -1.3091198e-03	 5.89e-01 Accepted	 249	 969	
1117	 5.6984595e-01	 +2.3988692e-02 +2.9226182e-04	 1.69e+00 Accepted	 256	 1033	
1118	 5.6984595e-01	 +2.3988692e-02 +2.9226182e-04	 6.53e-01 Rejected	 266	 1046	
1119	 5.6966723e-01	 +2.8288447e-02 +8.8082039e-04	 1.18e+00 Accepted	 269	 1115	
1120	 5.6942112e-01	 +2.4909573e-02 +9.8742498e-04	 9.89e-01 Accepted	 279	 1075	
1121	 5.6936889e-01	 +2.9827129e-02 -8.9439284e-04	 1.24e+00 Accepted	 278	 1124	
1122	 5.6998475e-01	 +2.9637253e-02 -2.7328169e-03	 1.68e+00 Accepted	 277	 1061	
1123	 5.6979572e-01	 +2.7943668e-02 -4.6257554e-04	 7.10e-01 Accepted	 270	 1060	
1124	 5.6984649e-01	 +3.1196574e-02 +2.8273882e-03	 1.30e+00 Accepted	 270	 1089	
1125	 5.6961711e-01	 +2.8075026e-02 -1.2037057e-03	 1.03e+00 Accepted	 277	 1098	
1126	 5.6961711e-01	 +2.8075026e-02 -1.2037057e-03	 7.60e-01 Rejected	 278	 1086	
1127	 5.6990985e-01	 +2.8894655e-02 +3.0971494e-03	 9.49e-01 Accepted	 277	 1083	
1128	 5.6960106e-01	 +2.6603881e-02 -5.6538427e-04	 6.03e-01 Accepted	 276	 1090	
1129	 5.6960106e-01	 +2.6603881e-02 -5.6538427e-04	 6.70e-01 Rejected	 277	 1100	
1130	 5.6960106e-01	 +2.6603881e-02 -5.6538427e-04	 6.21e-01 Rejected	 278	 1121	
1131	 5.6950318e-01	 +2.6090815e-02 -3.8165160e-03	 7.20e-01 Accepted	 279	 1127	
1132	 5.6966420e-01	 +2.5686446e-02 -3.4888158e-04	 1.54e+00 Accepted	 282	 1120	
1133	 5.6997821e-01	 +2.6152629e-02 -1.9697127e-03	 9.38e-01 Accepted	 282	 1108	
1134	 5.6997821e-01	 +2.6152629e-02 -1.9697127e-03	 8.58e-01 Rejected	 282	 1126	
1135	 5.6959121e-01	 +2.7285128e-02 +6.4713725e-04	 8.52e-01 Accepted	 279	 1124	
1136	 5.6943578e-01	 +2.9267647e-02 +2.7623805e-03	 9.10e-01 Accepted	 282	 1091	
1137	 5.6945671e-01	 +2.8101215e-02 -9.9203505e-04	 7.03e-01 Accepted	 275	 1071	
1138	 5.6934438e-01	 +2.5897841e-02 +1.9700991e-03	 6.80e-01 Accepted	 275	 1066	
1139	 5.6925472e-01	 +2.7420567e-02 -1.9832447e-03	 1.11e+00 Accepted	 271	 1069	
1140	 5.6908566e-01	 +2.5596711e-02 -1.1433018e-03	 1.05e+00 Accepted	 270	 1043	
1141	 5.6906178e-01	 +2.8907899e-02 -4.6112132e-04	 1.06e+00 Accepted	 263	 1015	
1142	 5.6931570e-01	 +2.9891880e-02 -2.1558754e-03	 1.01e+00 Accepted	 265	 1051	
1143	 5.6927764e-01	 +2.6424963e-02 -3.3717160e-03	 7.15e-01 Accepted	 271	 1044	
1144	 5.6927764e-01	 +2.6424963e-02 -3.3717160e-03	 6.69e-01 Rejected	 263	 1007	
1145	 5.6954549e-01	 +2.5488242e-02 -1.5818597e-03	 9.38e-01 Accepted	 270	 1035	
1146	 5.6954877e-01	 +3.0031080e-02 -1.6535469e-03	 1.58e+00 Accepted	 271	 1063	
1147	 5.6977333e-01	 +2.7644660e-02 +1.7752836e-03	 8.39e-01 Accepted	 268	 1034	
1148	 5.6948813e-01	 +2.6577706e-02 -1.5748811e-03	 8.90e-01 Accepted	 270	 1074	
1149	 5.6983059e-01	 +2.8867534e-02 +2.9589468e-03	 9.93e-01 Accepted	 274	 1077	
1150	 5.6994364e-01	 +2.6962237e-02 +8.5646433e-04	 8.37e-01 Accepted	 269	 1018	
1151	 5.6981728e-01	 +2.9533808e-02 -2.5552852e-03	 7.16e-01 Accepted	 263	 1034	
1152	 5.6977769e-01	 +2.9200339e-02 +5.7084829e-04	 1.17e+00 Accepted	 265	 1058	
1153	 5.6977769e-01	 +2.9200339e-02 +5.7084829e-04	 9.41e-01 Rejected	 269	 1061	
1154	 5.6989964e-01	 +2.6856768e-02 -4.3264965e-05	 8.83e-01 Accepted	 267	 1052	
1155	 5.6963223e-01	 +3.0052320e-02 +1.2007707e-03	 1.44e+00 Accepted	 273	 1061	
1156	 5.6934070e-01	 +3.0233578e-02 -2.0092861e-04	 6.58e-01 Accepted	 272	 1077	
1157	 5.6971917e-01	 +2.8484533e-02 -2.7186669e-03	 1.21e+00 Accepted	 274	 1085	
1158	 5.6971917e-01	 +2.8484533e-02 -2.7186669e-03	 7.85e-01 Rejected	 280	 1117	
1159	 5.6939801e-01	 +2.7388045e-02 -6.5456635e-04	 5.08e-01 Accepted	 274	 1081	
1160	 5.6956082e-01	 +2.9961714e-02 -1.7754902e-03	 9.68e-01 Accepted	 272	 1060	
1161	 5.6956082e-01	 +2.9961714e-02 -1.7754902e-03	 6.77e-01 Rejected	 268	 1051	
1162	 5.6959517e-01	 +2.6428130e-02 +1.7498794e-03	 1.07e+00 Accepted	 274	 1084	
1163	 5.6978258e-01	 +2.5667793e-02 +3.6222191e-04	 1.16e+00 Accepted	 274	 1074	
1164	 5.6982493e-01	 +2.8630522e-02 +2.5183185e-04	 7.23e-01 Accepted	 271	 1071	
1165	 5.6956378e-01	 +2.3243453e-02 +2.5381923e-03	 1.03e+00 Accepted	 272	 1074	
1166	 5.6956754e-01	 +2.6811825e-02 +3.3189450e-03	 1.38e+00 Accepted	 277	 1112	
1167	 5.6955974e-01	 +2.5503821e-02 -8.6128281e-04	 1.60e+00 Accepted	 277	 1054	
1168	 5.6943504e-01	 +2.6866497e-02 -6.1582215e-04	 7.57e-01 Accepted	 269	 1033	
1169	 5.6969023e-01	 +2.5520055e-02 -3.7016900e-04	 1.27e+00 Accepted	 266	 1077	
1170	 5.6960552e-01	 +2.8411877e-02 -1.9000930e-03	 1.07e+00 Accepted	 271	 1040	
1171	 5.6989351e-01	 +2.7599183e-02 -3.3081782e-04	 1.17e+00 Accepted	 264	 1031	
1172	 5.7001995e-01	 +2.4004273e-02 -8.5888859e-05	 9.41e-01 Accepted	 266	 1041	
1173	 5.6958933e-01	 +2.5871510e-02 -1.1933034e-03	 7.27e-01 Accepted	 266	 1078	
1174	 5.6975006e-01	 +2.5297011e-02 -1.5723227e-03	 1.27e+00 Accepted	 277	 1109	
1175	 5.6965788e-01	 +2.7557826e-02 +3.0437794e-04	 9.98e-01 Accepted	 279	 1108	
1176	 5.6965788e-01	 +2.7557826e-02 +3.0437794e-04	 7.89e-01 Rejected	 278	 1089	
1177	 5.6971952e-01	 +2.2272695e-02 -8.6103223e-04	 1.09e+00 Accepted	 279	 1082	
1178	 5.6977979e-01	 +2.9239013e-02 -1.6656217e-03	 1.07e+00 Accepted	 273	 1053	
1179	 5.6969617e-01	 +2.5778511e-02 -7.4471649e-04	 7.91e-01 Accepted	 265	 1036	
1180	 5.6969598e-01	 +2.5930980e-02 -2.5373250e-03	 1.18e+00 Accepted	 266	 1045	
1181	 5.7026412e-01	 +2.4707051e-02 -4.0005450e-03	 1.73e+00 Accepted	 266	 1042	
1182	 5.6999461e-01	 +2.7129339e-02 -3.7785097e-03	 1.03e+00 Accepted	 265	 1037	
1183	 5.7003896e-01	 +2.4909215e-02 +1.4377696e-03	 9.64e-01 Accepted	 263	 1037	
1184	 5.7003896e-01	 +2.4909215e-02 +1.4377696e-03	 4.59e-01 Rejected	 266	 1062	
1185	 5.6986612e-01	 +2.4477681e-02 +2.3125751e-03	 9.67e-01 Accepted	 266	 1063	
1186	 5.6989325e-01	 +2.7961760e-02 -8.0476352e-04	 1.09e+00 Accepted	 272	 1080	
1187	 5.6989325e-01	 +2.7961760e-02 -8.0476352e-04	 8.48e-01 Rejected	 280	 1136	
1188	 5.6976218e-01	 +2.1635861e-02 +2.9232953e-04	 4.92e-01 Accepted	 274	 1074	
1189	 5.7007026e-01	 +2.8230568e-02 -6.0806720e-04	 1.22e+00 Accepted	 272	 1088	
1190	 5.6999445e-01	 +2.5301347e-02 -1.3159517e-03	 9.56e-01 Accepted	 275	 1080	
1191	 5.6983808e-01	 +2.5530145e-02 +1.1902818e-03	 1.03e+00 Accepted	 270	 1067	
1192	 5.6973641e-01	 +2.5586202e-02 -1.0778234e-03	 1.11e+00 Accepted	 272	 1085	
1193	 5.7001327e-01	 +2.7992311e-02 +1.0622249e-03	 1.05e+00 Accepted	 276	 1097	
1194	 5.7001327e-01	 +2.7992311e-02 +1.0622249e-03	 7.38e-01 Rejected	 280	 1105	
1195	 5.6990316e-01	 +2.5980902e-02 +7.0559713e-04	 1.07e+00 Accepted	 280	 1131	
1196	 5.6990316e-01	 +2.5980902e-02 +7.0559713e-04	 6.91e-01 Rejected	 284	 1139	
1197	 5.6990316e-01	 +2.5980902e-02 +7.0559713e-04	 8.88e-01 Rejected	 282	 1125	
1198	 5.6999961e-01	 +2.4753043e-02 +1.6265754e-04	 5.69e-01 Accepted	 284	 1126	
1199	 5.6983132e-01	 +2.7524110e-02 +1.7094384e-03	 1.23e+00 Accepted	 285	 1147	
1200	 5.6912027e-01	 +2.9303782e-02 -9.1423144e-04	 6.11e-01 Accepted	 286	 1112	
1201	 5.6912027e-01	 +2.9303782e-02 -9.1423144e-04	 7.86e-01 Rejected	 282	 1113	
1202	 5.6939174e-01	 +2.7131542e-02 -1.8404668e-03	 1.07e+00 Accepted	 285	 1144	
1203	 5.6972224e-01	 +3.0706780e-02 +6.6270653e-04	 1.46e+00 Accepted	 288	 1138	
1204	 5.6989563e-01	 +2.9414330e-02 +1.0582404e-03	 1.16e+00 Accepted	 291	 1173	
1205	 5.6987295e-01	 +3.1258215e-02 +1.9848965e-03	 1.28e+00 Accepted	 292	 1121	
1206	 5.6986100e-01	 +3.1060799e-02 -7.4447071e-04	 1.12e+00 Accepted	 287	 1142	
1207	 5.6976553e-01	 +2.7071671e-02 -4.8282296e-04	 7.51e-01 Accepted	 285	 1099	
1208	 5.7011195e-01	 +2.7431471e-02 -1.2105620e-03	 1.42e+00 Accepted	 278	 1083	
1209	 5.6968465e-01	 +2.8868310e-02 +1.3100508e-03	 1.02e+00 Accepted	 276	 1096	
1210	 5.6966189e-01	 +2.7573098e-02 +1.1285303e-03	 8.30e-01 Accepted	 274	 1077	
1211	 5.6987584e-01	 +2.6658467e-02 -1.7286430e-04	 1.15e+00 Accepted	 274	 1092	
1212	 5.6927744e-01	 +2.9705203e-02 +6.6807090e-04	 7.01e-01 Accepted	 276	 1088	
1213	 5.6933222e-01	 +2.7241603e-02 -9.8886741e-04	 8.31e-01 Accepted	 274	 1097	
1214	 5.6933222e-01	 +2.7241603e-02 -9.8886741e-04	 6.31e-01 Rejected	 277	 1100	
