# Starting_type: HotStart
# serial RNG seed: 	[46494 17701 15858 31538 43210]
# parallel RNG seed:	[48322 40333 63118 3217 30192]
# Trajectory_length / Number_of_MD_steps: 1 / 8
# 	 Plaquette	 Polyakov_Loop(re,im)	 Acc._Probability	 runtime_per_traj(s)	 CG_iterations	
1	 2.2962422e-01	 +2.1216386e-03 -2.0306614e-03	 9.03e+32 Accepted	 219	 916	
2	 3.2675051e-01	 -4.4765871e-04 +9.3210293e-04	 8.18e+17 Accepted	 283	 1095	
3	 3.8203720e-01	 +2.1527733e-06 +2.5608728e-04	 1.07e+11 Accepted	 310	 1163	
4	 4.1937411e-01	 -2.7210871e-04 +2.2075329e-03	 2.60e+07 Accepted	 318	 1186	
5	 4.4774241e-01	 +7.3306085e-04 +4.1023728e-04	 7.67e+05 Accepted	 323	 1190	
6	 4.7059488e-01	 +6.0735205e-04 +1.2400060e-03	 6.23e+04 Accepted	 322	 1185	
7	 4.9020038e-01	 +2.3206476e-03 +3.7494219e-04	 1.50e+04 Accepted	 322	 1176	
8	 5.0776779e-01	 +2.8546825e-04 +2.8459436e-03	 1.51e+03 Accepted	 320	 1167	
9	 5.2305003e-01	 +2.4885096e-03 -9.4503498e-04	 4.47e+02 Accepted	 314	 1139	
10	 5.3634168e-01	 -8.2022841e-04 -3.2405560e-03	 6.34e+02 Accepted	 311	 1126	
11	 5.4800975e-01	 +1.4552950e-03 +1.0059001e-03	 2.17e+02 Accepted	 309	 1125	
12	 5.5797445e-01	 -6.9256749e-04 +5.5878974e-04	 6.94e+01 Accepted	 307	 1108	
13	 5.6604354e-01	 +2.0061001e-03 -1.7477505e-03	 4.01e+01 Accepted	 304	 1078	
14	 5.7272022e-01	 +7.6652342e-05 +1.8439480e-03	 1.93e+01 Accepted	 298	 1079	
15	 5.7806824e-01	 -1.6945798e-03 -8.2399165e-04	 8.39e+00 Accepted	 294	 1044	
16	 5.8222049e-01	 -1.3098447e-03 -2.0577983e-03	 5.24e+00 Accepted	 293	 1026	
17	 5.8579048e-01	 +7.3667004e-04 -9.0081954e-04	 3.72e+00 Accepted	 288	 1011	
18	 5.8820329e-01	 -2.9507614e-03 +6.5428359e-04	 2.52e+00 Accepted	 281	 994	
19	 5.9068759e-01	 +1.5738179e-03 -1.2012122e-03	 2.68e+00 Accepted	 281	 1002	
20	 5.9244454e-01	 -2.0604318e-04 +1.8628090e-03	 1.95e+00 Accepted	 279	 967	
21	 5.9380721e-01	 +4.0030327e-03 -1.1313822e-03	 1.55e+00 Accepted	 270	 950	
22	 5.9448024e-01	 +1.7758363e-03 -2.2045613e-03	 2.00e+00 Accepted	 268	 948	
23	 5.9554186e-01	 -2.5058157e-04 +8.7707347e-04	 1.64e+00 Accepted	 270	 923	
24	 5.9639341e-01	 +1.1324367e-03 -1.2018353e-03	 1.16e+00 Accepted	 265	 849	
25	 5.9682066e-01	 -1.0411612e-03 -7.6751968e-04	 1.38e+00 Accepted	 245	 822	
26	 5.9733602e-01	 -4.5022279e-04 -8.2999027e-04	 1.23e+00 Accepted	 243	 869	
27	 5.9762961e-01	 +1.7287576e-03 +5.1163375e-04	 1.02e+00 Accepted	 244	 851	
28	 5.9812325e-01	 -1.7029799e-03 -3.0151529e-04	 1.02e+00 Accepted	 242	 828	
29	 5.9838591e-01	 +5.3818122e-03 -6.6440484e-04	 1.16e+00 Accepted	 238	 842	
30	 5.9864693e-01	 +5.4165290e-04 -2.5362938e-04	 1.20e+00 Accepted	 236	 807	
31	 5.9873841e-01	 +2.2959538e-04 -5.1196717e-03	 1.05e+00 Accepted	 227	 794	
32	 5.9884158e-01	 +1.1246252e-03 -6.0613746e-03	 9.71e-01 Accepted	 227	 795	
33	 5.9883206e-01	 +1.8477287e-03 -5.8989540e-03	 9.41e-01 Accepted	 229	 801	
34	 5.9895912e-01	 +5.6282189e-03 -6.7297290e-03	 8.86e-01 Accepted	 235	 783	
35	 5.9895912e-01	 +5.6282189e-03 -6.7297290e-03	 8.46e-01 Rejected	 233	 835	
36	 5.9915376e-01	 +3.8547963e-03 -4.6995546e-03	 8.44e-01 Accepted	 226	 811	
37	 5.9920311e-01	 +4.3548087e-03 -5.0986525e-03	 7.97e-01 Accepted	 233	 801	
38	 5.9954838e-01	 +4.9393937e-03 -6.8337395e-03	 1.12e+00 Accepted	 234	 837	
39	 5.9954838e-01	 +4.9393937e-03 -6.8337395e-03	 8.06e-01 Rejected	 240	 816	
40	 5.9954838e-01	 +4.9393937e-03 -6.8337395e-03	 9.56e-01 Rejected	 234	 797	
41	 5.9967372e-01	 +4.8723636e-03 -4.5569286e-03	 1.10e+00 Accepted	 241	 830	
42	 5.9967372e-01	 +4.8723636e-03 -4.5569286e-03	 7.36e-01 Rejected	 235	 813	
43	 5.9984599e-01	 +3.5406009e-03 -4.0745751e-03	 8.06e-01 Accepted	 237	 815	
44	 5.9979520e-01	 +5.6160085e-03 -9.0982651e-04	 1.08e+00 Accepted	 236	 807	
45	 6.0001617e-01	 +4.0160182e-03 -5.0920981e-03	 1.28e+00 Accepted	 235	 819	
46	 6.0002692e-01	 +4.5503409e-03 -4.9231297e-03	 1.07e+00 Accepted	 235	 808	
47	 6.0037234e-01	 +6.2229431e-03 -6.2802832e-03	 1.44e+00 Accepted	 229	 786	
48	 6.0033125e-01	 +3.6348674e-03 -2.5865730e-03	 8.37e-01 Accepted	 223	 766	
49	 6.0008236e-01	 +4.2913587e-03 -5.6520758e-03	 8.70e-01 Accepted	 220	 752	
50	 6.0034663e-01	 +2.3067091e-03 -3.7510161e-03	 1.13e+00 Accepted	 221	 791	
51	 6.0009281e-01	 +3.8131151e-03 -3.9729982e-03	 8.94e-01 Accepted	 226	 772	
52	 5.9992926e-01	 +7.0949725e-03 -3.7881786e-03	 1.12e+00 Accepted	 219	 756	
53	 6.0018763e-01	 +5.0581104e-03 -2.1938413e-03	 1.19e+00 Accepted	 217	 755	
54	 6.0057542e-01	 +7.2508932e-03 -6.2927662e-04	 9.32e-01 Accepted	 220	 784	
55	 6.0089116e-01	 +3.7193301e-03 -6.0068632e-03	 1.11e+00 Accepted	 226	 756	
56	 6.0051398e-01	 +9.5180807e-03 -3.1880950e-03	 5.92e-01 Accepted	 220	 769	
57	 6.0066750e-01	 +1.0420984e-02 -6.8969313e-03	 1.01e+00 Accepted	 221	 762	
58	 6.0060275e-01	 +6.6679620e-03 -3.8934475e-03	 6.17e-01 Accepted	 220	 750	
59	 6.0031512e-01	 +6.3799475e-03 -3.6824351e-03	 1.12e+00 Accepted	 217	 762	
60	 6.0024951e-01	 +9.1429482e-03 -6.2059680e-03	 1.16e+00 Accepted	 218	 756	
61	 6.0074897e-01	 +8.7607147e-03 -3.1342170e-03	 1.10e+00 Accepted	 217	 746	
62	 6.0056193e-01	 +7.9772488e-03 -4.6059546e-03	 1.18e+00 Accepted	 216	 743	
63	 6.0091560e-01	 +8.6015495e-03 -2.4774481e-03	 1.02e+00 Accepted	 217	 759	
64	 6.0092639e-01	 +8.5560231e-03 -4.4267409e-03	 9.43e-01 Accepted	 218	 752	
65	 6.0055454e-01	 +8.8857264e-03 -1.9034560e-03	 9.78e-01 Accepted	 218	 747	
66	 6.0088944e-01	 +6.2968259e-03 -5.2816453e-03	 8.66e-01 Accepted	 214	 743	
67	 6.0095462e-01	 +5.4418632e-03 -5.3706851e-03	 8.70e-01 Accepted	 214	 742	
68	 6.0093471e-01	 +6.3064004e-03 -7.8951499e-03	 8.16e-01 Accepted	 214	 748	
69	 6.0073526e-01	 +8.3133544e-03 -6.1959546e-03	 8.66e-01 Accepted	 216	 744	
70	 6.0081080e-01	 +8.8951422e-03 -4.8963816e-03	 9.43e-01 Accepted	 215	 742	
71	 6.0074654e-01	 +4.3218533e-03 -1.0435574e-02	 7.18e-01 Accepted	 214	 741	
72	 6.0088028e-01	 +5.2426447e-03 -1.0761826e-02	 8.47e-01 Accepted	 215	 744	
73	 6.0098429e-01	 +3.6950097e-03 -9.1689773e-03	 1.01e+00 Accepted	 214	 755	
74	 6.0093630e-01	 +6.7617052e-03 -8.2619624e-03	 1.23e+00 Accepted	 217	 742	
75	 6.0049038e-01	 +1.0139981e-02 -7.8465954e-03	 1.13e+00 Accepted	 215	 751	
76	 6.0076165e-01	 +3.7190294e-03 -4.6772341e-03	 1.37e+00 Accepted	 217	 743	
77	 6.0059346e-01	 +4.5116258e-03 -6.9014716e-03	 1.01e+00 Accepted	 214	 744	
78	 6.0082171e-01	 +5.2155818e-03 -1.0381415e-02	 9.59e-01 Accepted	 215	 740	
79	 6.0090732e-01	 +3.5126443e-03 -8.6280287e-03	 7.87e-01 Accepted	 215	 744	
80	 6.0093495e-01	 +4.9136632e-03 -1.1187677e-02	 9.60e-01 Accepted	 215	 743	
81	 6.0085456e-01	 +1.4414346e-03 -1.1757080e-02	 9.11e-01 Accepted	 214	 747	
82	 6.0084057e-01	 +5.3086735e-03 -9.4234469e-03	 1.22e+00 Accepted	 215	 742	
83	 6.0078252e-01	 +3.6068226e-03 -8.5552084e-03	 1.15e+00 Accepted	 215	 741	
84	 6.0078252e-01	 +3.6068226e-03 -8.5552084e-03	 7.68e-01 Rejected	 215	 746	
85	 6.0091202e-01	 +3.9931319e-03 -1.0623021e-02	 9.41e-01 Accepted	 214	 742	
86	 6.0081882e-01	 +6.5306187e-03 -9.1246685e-03	 1.11e+00 Accepted	 214	 742	
87	 6.0067586e-01	 +2.9534408e-03 -1.0801276e-02	 9.05e-01 Accepted	 215	 744	
88	 6.0089236e-01	 +5.1768213e-03 -1.0989828e-02	 1.29e+00 Accepted	 214	 742	
89	 6.0105759e-01	 +6.3936396e-03 -8.4347128e-03	 9.75e-01 Accepted	 214	 746	
90	 6.0136566e-01	 +3.6621637e-03 -1.0600155e-02	 1.03e+00 Accepted	 214	 745	
91	 6.0116011e-01	 +5.3970452e-03 -1.0264415e-02	 9.95e-01 Accepted	 215	 743	
92	 6.0140752e-01	 +7.0862689e-03 -1.4016944e-02	 1.36e+00 Accepted	 214	 742	
93	 6.0140752e-01	 +7.0862689e-03 -1.4016944e-02	 8.16e-01 Rejected	 213	 736	
