# Starting_type: HotStart
# serial RNG seed: 	[58984 4540 47437 51659 30789]
# parallel RNG seed:	[13892 54282 42995 43903 57666]
# Trajectory_length / Number_of_MD_steps: 1 / 8
# 	 Plaquette	 Polyakov_Loop(re,im)	 Acc._Probability	 runtime_per_traj(s)	 CG_iterations	
1	 2.2329514e-01	 -1.1734508e-03 -1.2749849e-03	 1.75e+29 Accepted	 219	 894	
2	 3.1388042e-01	 -1.1298120e-03 -4.6995366e-04	 5.31e+14 Accepted	 277	 1076	
3	 3.6332281e-01	 -3.8780944e-04 -7.2336834e-04	 2.30e+09 Accepted	 304	 1149	
4	 3.9462829e-01	 +1.6721459e-03 +1.2997310e-03	 8.65e+05 Accepted	 316	 1174	
5	 4.1663684e-01	 +1.0487849e-03 -7.3767716e-04	 9.35e+03 Accepted	 321	 1187	
6	 4.3317827e-01	 +2.4739578e-03 -7.2284029e-04	 7.66e+02 Accepted	 324	 1189	
7	 4.4688286e-01	 -5.6116521e-04 -1.2606567e-03	 7.19e+02 Accepted	 325	 1189	
8	 4.5811955e-01	 -4.5948148e-04 -2.9345726e-04	 8.88e+01 Accepted	 324	 1184	
9	 4.6806770e-01	 +1.4207976e-03 -1.4126565e-03	 6.61e+01 Accepted	 322	 1181	
10	 4.7733442e-01	 -6.1772047e-04 -1.9622856e-04	 4.35e+01 Accepted	 322	 1175	
11	 4.8559508e-01	 -3.5091135e-03 +1.1886661e-03	 2.97e+01 Accepted	 321	 1168	
12	 4.9298996e-01	 +2.3415718e-03 +6.9438635e-04	 3.02e+01 Accepted	 319	 1161	
13	 4.9984955e-01	 -3.6765735e-04 -1.8287374e-03	 1.06e+01 Accepted	 317	 1160	
14	 5.0617016e-01	 -1.9763680e-03 -1.9812470e-03	 1.50e+01 Accepted	 317	 1151	
15	 5.1241906e-01	 +2.9448254e-03 +2.2272466e-03	 1.17e+01 Accepted	 315	 1152	
16	 5.1816512e-01	 +4.5930608e-05 -6.2711341e-04	 1.39e+01 Accepted	 315	 1147	
17	 5.2317948e-01	 -2.2171913e-03 -2.3281382e-03	 5.09e+00 Accepted	 311	 1134	
18	 5.2767278e-01	 -5.8487986e-04 -1.4119736e-03	 4.88e+00 Accepted	 312	 1129	
19	 5.3150227e-01	 -2.9699380e-04 -1.8591216e-03	 3.37e+00 Accepted	 308	 1129	
20	 5.3496913e-01	 +6.7558280e-04 -1.4390260e-03	 4.16e+00 Accepted	 308	 1123	
21	 5.3893094e-01	 +2.6951571e-04 -1.1453144e-03	 4.73e+00 Accepted	 308	 1122	
22	 5.4181105e-01	 -7.3690986e-04 -1.7279610e-03	 2.28e+00 Accepted	 306	 1094	
23	 5.4441920e-01	 -4.7650224e-04 +4.0409668e-04	 2.20e+00 Accepted	 302	 1085	
24	 5.4707687e-01	 +1.4615457e-03 +2.4683710e-04	 4.37e+00 Accepted	 302	 1092	
25	 5.4924798e-01	 +3.1205811e-04 +2.9284141e-04	 2.25e+00 Accepted	 294	 1049	
26	 5.5108076e-01	 -9.1723246e-04 +1.9751189e-03	 1.25e+00 Accepted	 297	 1082	
27	 5.5266538e-01	 +2.0963059e-04 +1.3730022e-03	 3.12e+00 Accepted	 294	 1034	
28	 5.5422208e-01	 +2.7998761e-03 +1.3095225e-03	 1.59e+00 Accepted	 291	 1035	
29	 5.5530544e-01	 +6.1092632e-04 -5.8291174e-04	 2.02e+00 Accepted	 285	 1012	
30	 5.5661944e-01	 +1.2672855e-03 +1.6705890e-03	 1.80e+00 Accepted	 284	 1012	
31	 5.5688570e-01	 -1.0886197e-03 +2.0606146e-03	 1.67e+00 Accepted	 283	 1030	
32	 5.5731805e-01	 +2.4269823e-03 +6.7629879e-04	 1.06e+00 Accepted	 279	 941	
33	 5.5779840e-01	 +5.1882868e-04 +5.3591282e-04	 6.90e-01 Accepted	 269	 938	
34	 5.5821655e-01	 +2.6609718e-03 -1.9450674e-03	 1.10e+00 Accepted	 265	 922	
35	 5.5893715e-01	 +1.3205115e-04 +2.1634113e-03	 1.25e+00 Accepted	 267	 951	
36	 5.5928980e-01	 +5.1889918e-03 +4.6473554e-04	 1.06e+00 Accepted	 274	 956	
37	 5.6016318e-01	 -6.1893694e-04 +1.4056614e-03	 1.30e+00 Accepted	 270	 945	
38	 5.6049714e-01	 +1.1484336e-03 +1.2269930e-03	 1.31e+00 Accepted	 267	 947	
39	 5.6096066e-01	 +8.7833671e-04 -9.6981662e-04	 1.11e+00 Accepted	 264	 905	
40	 5.6127494e-01	 +1.2396697e-03 -2.5263156e-03	 7.09e-01 Accepted	 261	 924	
41	 5.6166822e-01	 +2.0518462e-03 -3.5691357e-03	 1.10e+00 Accepted	 259	 921	
42	 5.6192637e-01	 +3.2734288e-04 -3.7183116e-04	 1.42e+00 Accepted	 263	 922	
43	 5.6252652e-01	 -7.7462968e-04 -2.3583085e-03	 8.39e-01 Accepted	 263	 923	
44	 5.6261835e-01	 -6.3221954e-04 -9.2934960e-04	 1.01e+00 Accepted	 267	 976	
45	 5.6289927e-01	 -9.1678998e-04 +1.9482580e-03	 1.58e+00 Accepted	 269	 941	
46	 5.6278834e-01	 -3.3948521e-03 +1.0555037e-04	 1.06e+00 Accepted	 265	 957	
47	 5.6270686e-01	 -4.7453411e-04 +1.6486370e-03	 9.15e-01 Accepted	 264	 927	
48	 5.6275979e-01	 -6.0906812e-04 -1.4614670e-03	 1.16e+00 Accepted	 263	 908	
49	 5.6281571e-01	 -4.7742161e-04 -2.7077834e-03	 1.19e+00 Accepted	 259	 899	
50	 5.6289498e-01	 +1.8430652e-03 +6.5561936e-04	 9.67e-01 Accepted	 259	 917	
51	 5.6312017e-01	 +2.6512052e-03 +3.1928440e-03	 1.15e+00 Accepted	 259	 894	
52	 5.6331718e-01	 +2.5709919e-03 -8.3704234e-04	 1.06e+00 Accepted	 257	 872	
53	 5.6331718e-01	 +2.5709919e-03 -8.3704234e-04	 7.72e-01 Rejected	 248	 863	
54	 5.6327465e-01	 +1.5048497e-03 +3.7251013e-04	 1.20e+00 Accepted	 246	 856	
55	 5.6279022e-01	 +1.7470362e-03 +1.7979306e-03	 7.85e-01 Accepted	 247	 854	
56	 5.6298636e-01	 +5.3902365e-03 +8.1767906e-04	 8.25e-01 Accepted	 244	 848	
57	 5.6298636e-01	 +5.3902365e-03 +8.1767906e-04	 6.20e-01 Rejected	 245	 841	
58	 5.6314861e-01	 +5.6492874e-03 -5.8534736e-04	 1.16e+00 Accepted	 248	 874	
59	 5.6293435e-01	 +3.8610162e-03 +3.7021900e-03	 9.76e-01 Accepted	 250	 845	
60	 5.6266853e-01	 +1.0848232e-03 +1.5674424e-03	 7.46e-01 Accepted	 245	 848	
61	 5.6295232e-01	 +1.4734010e-03 -1.9049124e-03	 1.42e+00 Accepted	 246	 831	
62	 5.6313508e-01	 +3.3285333e-03 -6.9186805e-04	 7.93e-01 Accepted	 243	 848	
63	 5.6300901e-01	 +3.2359925e-03 -1.7856513e-04	 9.12e-01 Accepted	 251	 896	
64	 5.6306270e-01	 +4.2606938e-03 +7.6567965e-04	 7.59e-01 Accepted	 254	 857	
65	 5.6308134e-01	 +5.4064065e-03 -1.3629175e-03	 9.03e-01 Accepted	 244	 800	
66	 5.6331122e-01	 +1.4872546e-03 -3.5954760e-04	 1.02e+00 Accepted	 242	 841	
67	 5.6320732e-01	 -1.4804994e-04 -7.3878834e-04	 1.37e+00 Accepted	 247	 884	
68	 5.6343316e-01	 +2.4242523e-03 +1.9573880e-03	 1.34e+00 Accepted	 248	 857	
69	 5.6357303e-01	 +2.6753691e-03 +7.1486250e-04	 9.57e-01 Accepted	 248	 855	
70	 5.6352101e-01	 +4.5345776e-03 +1.5061759e-03	 1.26e+00 Accepted	 246	 798	
71	 5.6376935e-01	 +4.0881879e-03 -1.6458905e-03	 1.09e+00 Accepted	 239	 830	
72	 5.6370972e-01	 +1.2799933e-03 +7.7981016e-04	 1.16e+00 Accepted	 238	 832	
73	 5.6351039e-01	 +2.8716701e-03 +3.7091750e-04	 1.11e+00 Accepted	 236	 835	
74	 5.6327913e-01	 +2.1595035e-03 +2.3391069e-03	 7.55e-01 Accepted	 239	 830	
75	 5.6358927e-01	 +3.3259714e-03 +1.3375093e-03	 1.05e+00 Accepted	 234	 820	
76	 5.6381750e-01	 -2.5873393e-04 +4.3661245e-04	 1.19e+00 Accepted	 236	 815	
77	 5.6417633e-01	 +1.0725996e-03 -2.8871824e-04	 1.48e+00 Accepted	 233	 799	
78	 5.6435909e-01	 -1.1610395e-03 +7.0051388e-04	 8.29e-01 Accepted	 231	 836	
79	 5.6477176e-01	 +1.0742995e-03 -1.6715131e-03	 1.11e+00 Accepted	 241	 827	
80	 5.6466601e-01	 +1.1774534e-03 -1.5919421e-03	 8.16e-01 Accepted	 236	 791	
81	 5.6453800e-01	 +2.7157749e-03 -1.7447427e-03	 9.24e-01 Accepted	 235	 821	
82	 5.6441392e-01	 +3.3808265e-03 -3.7569450e-03	 9.00e-01 Accepted	 232	 781	
83	 5.6418614e-01	 +2.1654931e-03 -9.8128860e-04	 1.20e+00 Accepted	 232	 834	
84	 5.6397982e-01	 +2.1989311e-03 -7.1917842e-04	 1.17e+00 Accepted	 239	 802	
85	 5.6353479e-01	 +1.5191314e-04 -5.9776366e-04	 7.61e-01 Accepted	 230	 803	
86	 5.6367999e-01	 +5.0196436e-03 -1.5879518e-04	 1.50e+00 Accepted	 233	 817	
87	 5.6378333e-01	 +2.4462842e-03 -2.0041502e-03	 7.25e-01 Accepted	 237	 803	
88	 5.6378333e-01	 +2.4462842e-03 -2.0041502e-03	 6.83e-01 Rejected	 237	 844	
89	 5.6378333e-01	 +2.4462842e-03 -2.0041502e-03	 7.73e-01 Rejected	 234	 827	
90	 5.6397062e-01	 +2.7609930e-03 -1.7551157e-03	 8.11e-01 Accepted	 234	 806	
91	 5.6410795e-01	 +1.6836534e-04 -7.1524374e-05	 8.86e-01 Accepted	 232	 810	
