# Starting_type: HotStart
# serial RNG seed: 	[37845 23371 22147 13472 35089]
# parallel RNG seed:	[59962 61631 61728 25791 64453]
# Trajectory_length / Number_of_MD_steps: 1 / 8
# 	 Plaquette	 Polyakov_Loop(re,im)	 Acc._Probability	 runtime_per_traj(s)	 CG_iterations	
1	 2.1895926e-01	 +2.6666907e-04 -1.3658630e-03	 4.31e+25 Accepted	 216	 889	
2	 3.0533086e-01	 +1.6737346e-03 +1.0780118e-03	 1.84e+13 Accepted	 275	 1061	
3	 3.5055555e-01	 +1.4215770e-03 +5.8217145e-05	 3.10e+07 Accepted	 302	 1129	
4	 3.7771851e-01	 +7.2829379e-04 -9.6406702e-04	 5.36e+04 Accepted	 313	 1160	
5	 3.9587259e-01	 -1.9086211e-03 -1.3531962e-03	 7.49e+02 Accepted	 319	 1172	
6	 4.0901600e-01	 +8.8296527e-04 -2.1520338e-03	 2.48e+02 Accepted	 321	 1181	
7	 4.1860292e-01	 -9.7966097e-04 -8.1411536e-04	 6.80e+01 Accepted	 323	 1187	
8	 4.2666698e-01	 -1.2155317e-03 -9.1196260e-04	 2.70e+01 Accepted	 323	 1189	
9	 4.3273092e-01	 +9.4729260e-05 -2.4161189e-04	 1.11e+01 Accepted	 324	 1189	
10	 4.3781475e-01	 +2.0264687e-03 -8.1660928e-04	 2.15e+01 Accepted	 325	 1188	
11	 4.4269839e-01	 +2.9627003e-04 +1.3678331e-03	 3.74e+00 Accepted	 324	 1184	
12	 4.4676934e-01	 +4.2972015e-04 -4.5477330e-04	 2.31e+00 Accepted	 325	 1186	
13	 4.5005193e-01	 +2.8781621e-04 -2.4906221e-03	 2.34e+00 Accepted	 322	 1183	
14	 4.5306150e-01	 +3.9900460e-04 -7.6255694e-04	 6.08e+00 Accepted	 322	 1184	
15	 4.5604688e-01	 +1.5738532e-03 +8.1954497e-04	 5.02e+00 Accepted	 322	 1179	
16	 4.5821026e-01	 -1.1499372e-03 -2.2693450e-03	 9.70e-01 Accepted	 323	 1184	
17	 4.6059866e-01	 +1.4691080e-03 -1.3766416e-03	 1.90e+00 Accepted	 322	 1178	
18	 4.6254065e-01	 +8.0046309e-04 -1.5299264e-04	 1.25e+00 Accepted	 324	 1178	
19	 4.6477824e-01	 -2.2396963e-05 +2.9013115e-03	 8.91e-01 Accepted	 321	 1179	
20	 4.6667374e-01	 -1.6748936e-03 +2.2431989e-03	 1.30e+00 Accepted	 321	 1178	
21	 4.6853064e-01	 -4.6802261e-04 +1.4124243e-03	 1.88e+00 Accepted	 322	 1178	
22	 4.7065050e-01	 -4.5101405e-04 +1.2108963e-03	 1.33e+00 Accepted	 321	 1170	
23	 4.7171533e-01	 -2.0330811e-04 -2.4683498e-03	 5.62e-01 Accepted	 321	 1172	
# Starting_type: CheckpointStart
# Trajectory_length / Number_of_MD_steps: 1 / 8
# 	 Plaquette	 Polyakov_Loop(re,im)	 Acc._Probability	 runtime_per_traj(s)	 CG_iterations	
23	 4.7171533e-01	 -2.0330811e-04 -2.4683498e-03	 5.62e-01 Accepted	 340	 1172	
24	 4.7368970e-01	 -1.9762195e-03 -1.1604154e-03	 1.73e+00 Accepted	 319	 1170	
25	 4.7368970e-01	 -1.9762195e-03 -1.1604154e-03	 7.49e-01 Rejected	 317	 1167	
26	 4.7368970e-01	 -1.9762195e-03 -1.1604154e-03	 5.08e-01 Rejected	 320	 1174	
27	 4.7479706e-01	 -3.5484228e-05 +2.5465524e-03	 1.17e+00 Accepted	 319	 1170	
28	 4.7601929e-01	 -1.9892271e-03 +2.4374415e-03	 1.17e+00 Accepted	 319	 1166	
29	 4.7771663e-01	 +1.0135324e-03 +1.8379437e-04	 3.13e+00 Accepted	 318	 1165	
30	 4.7771663e-01	 +1.0135324e-03 +1.8379437e-04	 5.73e-01 Rejected	 317	 1163	
31	 4.7895889e-01	 -5.7583114e-05 +4.1213639e-04	 1.12e+00 Accepted	 319	 1164	
32	 4.7984396e-01	 -5.4328611e-04 -7.9183642e-04	 2.56e+00 Accepted	 318	 1163	
33	 4.8090019e-01	 +2.5980366e-03 +8.2258999e-04	 1.44e+00 Accepted	 319	 1167	
34	 4.8158179e-01	 -8.1774208e-04 +1.4249577e-03	 1.04e+00 Accepted	 317	 1165	
35	 4.8270545e-01	 +8.5283645e-04 +1.0888827e-04	 8.66e-01 Accepted	 319	 1163	
36	 4.8362459e-01	 +2.0366925e-03 +1.5167552e-03	 1.34e+00 Accepted	 319	 1160	
37	 4.8508353e-01	 -8.8979763e-05 -1.5757338e-03	 1.21e+00 Accepted	 318	 1161	
38	 4.8588910e-01	 -3.5699914e-04 -8.3346730e-04	 1.94e+00 Accepted	 318	 1153	
39	 4.8741123e-01	 +2.0642479e-03 +1.0544133e-03	 3.09e+00 Accepted	 317	 1159	
40	 4.8823512e-01	 +1.2734170e-04 +8.1842913e-04	 9.77e-01 Accepted	 316	 1160	
41	 4.8887541e-01	 +1.3081600e-03 -2.5251605e-03	 1.15e+00 Accepted	 318	 1155	
42	 4.8954436e-01	 +1.5089279e-03 -2.6924240e-03	 1.73e+00 Accepted	 314	 1150	
43	 4.9008091e-01	 +4.0700843e-03 -1.1161920e-03	 1.04e+00 Accepted	 315	 1150	
44	 4.9078846e-01	 -2.4255714e-03 -3.1614916e-03	 8.43e-01 Accepted	 316	 1150	
# Starting_type: CheckpointStart
# Trajectory_length / Number_of_MD_steps: 1 / 8
# 	 Plaquette	 Polyakov_Loop(re,im)	 Acc._Probability	 runtime_per_traj(s)	 CG_iterations	
45	 4.9184026e-01	 +1.3904601e-03 +1.1265851e-04	 1.73e+00 Accepted	 329	 1146	
46	 4.9218532e-01	 +5.9597408e-04 +2.4110247e-03	 1.28e+00 Accepted	 315	 1146	
47	 4.9218532e-01	 +5.9597408e-04 +2.4110247e-03	 8.11e-01 Rejected	 314	 1160	
48	 4.9323136e-01	 +1.3632107e-03 -8.4667728e-04	 1.99e+00 Accepted	 314	 1150	
49	 4.9345256e-01	 -1.9881939e-03 -1.8568161e-03	 1.48e+00 Accepted	 316	 1172	
50	 4.9429916e-01	 +5.9349048e-04 -2.8641970e-04	 1.11e+00 Accepted	 317	 1163	
51	 4.9473060e-01	 -8.6217648e-04 +1.1213391e-03	 9.36e-01 Accepted	 316	 1152	
52	 4.9537234e-01	 +2.3137990e-03 +1.4390265e-03	 1.22e+00 Accepted	 315	 1147	
53	 4.9578051e-01	 -5.4997144e-04 +2.9929360e-04	 8.09e-01 Accepted	 313	 1162	
54	 4.9641652e-01	 -9.1142774e-04 +3.7995668e-04	 1.01e+00 Accepted	 314	 1150	
55	 4.9658535e-01	 +9.7855446e-05 +9.8596424e-04	 8.77e-01 Accepted	 315	 1155	
56	 4.9691895e-01	 +4.2462523e-04 -1.9002485e-03	 8.89e-01 Accepted	 316	 1146	
