# Starting_type: ColdStart
# serial RNG seed: 	[24948 32777 24865 12698 36804]
# parallel RNG seed:	[52981 32317 30605 12701 28954]
# Trajectory_length / Number_of_MD_steps: 1 / 8
# 	 Plaquette	 Polyakov_Loop(re,im)	 Acc._Probability	 runtime_per_traj(s)	 CG_iterations	
1	 8.0455514e-01	 +4.3397380e-01 +1.1810841e-05	 3.28e-28 Skipping	 92	 224	
2	 7.3128666e-01	 +2.6293363e-01 -1.7392275e-03	 7.24e-14 Skipping	 92	 215	
3	 6.8600309e-01	 +1.8113574e-01 +1.9574542e-03	 1.47e-09 Skipping	 90	 210	
4	 6.5466914e-01	 +1.3562907e-01 +9.2638970e-04	 7.40e-07 Skipping	 89	 207	
5	 6.3175547e-01	 +1.0703769e-01 +7.0125318e-04	 2.92e-05 Skipping	 88	 205	
6	 6.1529233e-01	 +9.1302903e-02 +2.2732749e-03	 5.25e-04 Skipping	 88	 205	
7	 6.0359367e-01	 +7.5253606e-02 +1.2532359e-03	 5.31e-03 Skipping	 89	 208	
8	 5.9470682e-01	 +6.8353559e-02 +2.2386148e-03	 1.78e-02 Skipping	 92	 224	
9	 5.8835276e-01	 +6.2705425e-02 +2.4502988e-03	 6.46e-02 Skipping	 95	 238	
10	 5.8408204e-01	 +5.9211960e-02 +1.1474928e-03	 1.17e-01 Skipping	 97	 222	
11	 5.8057990e-01	 +4.9969359e-02 +3.9353071e-04	 1.75e-01 Skipping	 98	 261	
12	 5.7804599e-01	 +5.1271704e-02 +1.7689490e-03	 3.51e-01 Skipping	 102	 244	
13	 5.7586833e-01	 +4.9339895e-02 +1.0109453e-04	 4.49e-01 Skipping	 101	 273	
14	 5.7468140e-01	 +4.3489114e-02 +6.3331255e-05	 4.90e-01 Skipping	 105	 274	
15	 5.7354752e-01	 +4.3153371e-02 -1.5574413e-03	 9.57e-01 Skipping	 109	 310	
16	 5.7338660e-01	 +4.2109851e-02 -1.4226943e-03	 9.95e-01 Skipping	 117	 300	
17	 5.7262388e-01	 +4.0016992e-02 -8.8450553e-04	 6.50e-01 Skipping	 120	 387	
18	 5.7226381e-01	 +3.7432756e-02 -1.7798731e-04	 9.43e-01 Skipping	 135	 322	
19	 5.7219503e-01	 +3.9045797e-02 +3.8470373e-04	 7.55e-01 Skipping	 121	 343	
20	 5.7176230e-01	 +3.9734553e-02 -9.1488427e-04	 8.16e-01 Skipping	 128	 409	
21	 5.7159678e-01	 +4.0604918e-02 -7.6945053e-04	 8.74e-01 Skipping	 139	 396	
22	 5.7131791e-01	 +3.9627974e-02 +4.5552304e-04	 6.16e-01 Skipping	 135	 376	
23	 5.7117787e-01	 +3.8774187e-02 +7.5324682e-04	 1.08e+00 Skipping	 126	 277	
24	 5.7174909e-01	 +3.8306254e-02 -9.2746568e-04	 1.28e+00 Skipping	 110	 291	
25	 5.7161676e-01	 +3.1919178e-02 +1.9171383e-03	 1.01e+00 Skipping	 106	 292	
26	 5.7162275e-01	 +3.6265143e-02 +1.0319025e-03	 7.85e-01 Skipping	 113	 331	
27	 5.7154676e-01	 +3.5725382e-02 +4.0390967e-03	 9.84e-01 Skipping	 120	 309	
28	 5.7130971e-01	 +3.0463571e-02 +1.9194343e-03	 1.01e+00 Skipping	 112	 301	
29	 5.7137124e-01	 +3.1521970e-02 -2.7621515e-04	 8.19e-01 Skipping	 113	 305	
30	 5.7133917e-01	 +3.1126362e-02 +4.8534521e-04	 1.03e+00 Skipping	 121	 345	
31	 5.7147475e-01	 +3.4656279e-02 -8.3251212e-04	 9.78e-01 Skipping	 118	 296	
32	 5.7137872e-01	 +3.1211562e-02 +7.2817174e-04	 1.24e+00 Skipping	 115	 349	
33	 5.7095760e-01	 +2.8554082e-02 -1.1690664e-04	 7.85e-01 Skipping	 118	 280	
34	 5.7099662e-01	 +3.0414771e-02 +1.7218339e-03	 1.16e+00 Skipping	 123	 417	
35	 5.7062966e-01	 +3.0668068e-02 -7.8811221e-04	 9.22e-01 Skipping	 139	 355	
36	 5.7076647e-01	 +2.6386769e-02 +7.7218692e-04	 7.40e-01 Skipping	 129	 366	
37	 5.7082819e-01	 +2.7068086e-02 +1.8847429e-05	 1.13e+00 Skipping	 129	 363	
38	 5.7093419e-01	 +2.4157753e-02 +4.1575426e-03	 1.38e+00 Skipping	 124	 304	
39	 5.7110767e-01	 +2.5499735e-02 +3.0116461e-04	 1.03e+00 Skipping	 121	 347	
40	 5.7120126e-01	 +2.8483517e-02 +9.7554159e-05	 1.12e+00 Skipping	 122	 302	
41	 5.7113473e-01	 +2.8593416e-02 -3.4669973e-04	 9.29e-01 Skipping	 122	 329	
42	 5.7115706e-01	 +2.7588222e-02 +1.4141831e-03	 1.22e+00 Skipping	 123	 384	
43	 5.7081729e-01	 +2.3293377e-02 +4.8664863e-04	 7.93e-01 Skipping	 135	 413	
44	 5.7127116e-01	 +2.1056962e-02 +2.1397554e-03	 1.29e+00 Skipping	 128	 272	
45	 5.7071650e-01	 +1.9711848e-02 +7.0224002e-04	 6.60e-01 Skipping	 108	 313	
46	 5.7061979e-01	 +2.2120446e-02 +3.8819513e-03	 1.12e+00 Skipping	 114	 289	
47	 5.7102646e-01	 +2.4434760e-02 +1.2901172e-03	 1.35e+00 Skipping	 110	 290	
48	 5.7103864e-01	 +2.2295387e-02 +1.0724714e-03	 8.56e-01 Skipping	 115	 346	
49	 5.7124848e-01	 +2.4308454e-02 +5.5198371e-05	 8.98e-01 Skipping	 128	 348	
50	 5.7146567e-01	 +2.1737678e-02 -2.0649460e-03	 1.05e+00 Skipping	 130	 349	
51	 5.7131152e-01	 +2.4725258e-02 +2.3158758e-03	 8.21e-01 Accepted	 123	 316	
52	 5.7058839e-01	 +2.4850664e-02 -6.7136196e-04	 7.62e-01 Accepted	 110	 259	
53	 5.7076779e-01	 +2.2769950e-02 +2.6561564e-03	 1.21e+00 Accepted	 107	 299	
54	 5.7061027e-01	 +2.3511875e-02 -1.7375146e-03	 8.80e-01 Accepted	 120	 357	
55	 5.7100005e-01	 +2.2746068e-02 +3.2867568e-03	 1.33e+00 Accepted	 128	 306	
56	 5.7085064e-01	 +2.0686952e-02 +1.3475821e-03	 1.04e+00 Accepted	 120	 357	
57	 5.7055105e-01	 +2.0450016e-02 +6.2153244e-04	 1.21e+00 Accepted	 126	 316	
58	 5.7085841e-01	 +2.1388826e-02 -4.1573703e-04	 1.03e+00 Accepted	 116	 310	
59	 5.7085841e-01	 +2.1388826e-02 -4.1573703e-04	 7.15e-01 Rejected	 123	 372	
60	 5.7072113e-01	 +2.5287627e-02 +1.0711819e-03	 9.32e-01 Accepted	 119	 386	
61	 5.7081792e-01	 +2.2456279e-02 +2.9992952e-05	 8.21e-01 Accepted	 134	 341	
62	 5.7109529e-01	 +2.0924379e-02 +2.0325117e-03	 1.45e+00 Accepted	 126	 342	
63	 5.7091493e-01	 +2.4805603e-02 -2.3047130e-04	 9.32e-01 Accepted	 123	 323	
64	 5.7056312e-01	 +2.2621480e-02 +1.5461308e-03	 8.91e-01 Accepted	 117	 299	
65	 5.7067168e-01	 +2.3752702e-02 +1.4330321e-03	 9.34e-01 Accepted	 113	 283	
66	 5.7099563e-01	 +1.9936626e-02 +5.5229568e-04	 9.30e-01 Accepted	 107	 263	
67	 5.7090255e-01	 +2.2838375e-02 +2.2755073e-03	 9.39e-01 Accepted	 111	 297	
68	 5.7085343e-01	 +2.1601585e-02 -2.6442500e-04	 1.03e+00 Accepted	 116	 326	
69	 5.7104640e-01	 +2.0439035e-02 +1.8873614e-03	 1.17e+00 Accepted	 126	 372	
70	 5.7049655e-01	 +2.2917674e-02 +4.9129647e-03	 7.69e-01 Accepted	 127	 307	
71	 5.7064175e-01	 +2.4320373e-02 +2.4496936e-03	 1.02e+00 Accepted	 113	 296	
72	 5.7082656e-01	 +2.1965844e-02 -9.5251212e-04	 1.79e+00 Accepted	 111	 295	
73	 5.7053132e-01	 +2.1766208e-02 -1.0989375e-03	 7.29e-01 Accepted	 113	 324	
74	 5.7081914e-01	 +2.1450625e-02 +2.5442664e-04	 1.11e+00 Accepted	 118	 320	
75	 5.7069209e-01	 +2.2888964e-02 +8.9146131e-05	 8.03e-01 Accepted	 116	 357	
76	 5.7069209e-01	 +2.2888964e-02 +8.9146131e-05	 8.90e-01 Rejected	 128	 338	
77	 5.7057739e-01	 +2.1699333e-02 -1.6519308e-03	 1.01e+00 Accepted	 124	 328	
78	 5.7087292e-01	 +2.3351636e-02 -1.0096618e-03	 1.16e+00 Accepted	 123	 335	
79	 5.7063419e-01	 +2.2918681e-02 +1.6483952e-04	 8.67e-01 Accepted	 120	 282	
80	 5.7055412e-01	 +2.4063156e-02 +4.4728217e-04	 1.13e+00 Accepted	 111	 329	
81	 5.7111685e-01	 +2.1076776e-02 +1.3557270e-03	 1.26e+00 Accepted	 114	 289	
82	 5.7107446e-01	 +2.1343290e-02 -2.7897776e-04	 1.46e+00 Accepted	 111	 263	
83	 5.7072591e-01	 +2.2756132e-02 +2.9633505e-03	 9.26e-01 Accepted	 111	 296	
84	 5.7086636e-01	 +1.8490040e-02 +7.6119581e-04	 1.03e+00 Accepted	 110	 281	
85	 5.7108191e-01	 +2.1422510e-02 -5.2371738e-04	 1.10e+00 Accepted	 107	 287	
86	 5.7136562e-01	 +1.9535903e-02 +1.7112762e-03	 1.12e+00 Accepted	 118	 342	
87	 5.7118192e-01	 +2.1604482e-02 -2.7075911e-03	 8.46e-01 Accepted	 128	 407	
88	 5.7108748e-01	 +2.0735164e-02 +1.0711129e-03	 8.74e-01 Accepted	 134	 384	
89	 5.7121721e-01	 +1.9603945e-02 +4.0813944e-03	 9.34e-01 Accepted	 125	 292	
90	 5.7096823e-01	 +2.2290811e-02 +4.2554931e-03	 8.05e-01 Accepted	 109	 280	
91	 5.7087941e-01	 +2.0272500e-02 -1.8059655e-03	 1.05e+00 Accepted	 111	 308	
92	 5.7103773e-01	 +2.0501560e-02 +7.4434349e-04	 1.10e+00 Accepted	 128	 409	
93	 5.7103773e-01	 +2.0501560e-02 +7.4434349e-04	 7.10e-01 Rejected	 134	 331	
94	 5.7125667e-01	 +2.0530548e-02 +2.3651836e-03	 1.03e+00 Accepted	 135	 362	
95	 5.7097054e-01	 +1.7701099e-02 -1.8265750e-03	 8.47e-01 Accepted	 122	 343	
96	 5.7101391e-01	 +2.1836818e-02 +1.1693396e-03	 9.06e-01 Accepted	 124	 385	
97	 5.7095318e-01	 +1.9010879e-02 +5.9024189e-04	 1.03e+00 Accepted	 134	 384	
98	 5.7086635e-01	 +2.0307290e-02 -1.6150437e-03	 1.01e+00 Accepted	 133	 389	
99	 5.7070444e-01	 +1.8461682e-02 -2.0890328e-04	 9.64e-01 Accepted	 138	 393	
100	 5.7105233e-01	 +2.1969866e-02 +4.1379536e-03	 1.48e+00 Accepted	 130	 304	
101	 5.7126438e-01	 +2.0303649e-02 +1.2335754e-04	 8.46e-01 Accepted	 117	 327	
102	 5.7126438e-01	 +2.0303649e-02 +1.2335754e-04	 7.25e-01 Rejected	 120	 326	
103	 5.7068037e-01	 +2.0394575e-02 +1.4894287e-03	 6.35e-01 Accepted	 119	 327	
104	 5.7093095e-01	 +1.6830764e-02 +3.3768165e-04	 9.99e-01 Accepted	 122	 298	
105	 5.7109220e-01	 +1.8370604e-02 +3.1129600e-04	 1.05e+00 Accepted	 112	 286	
106	 5.7129884e-01	 +2.1558320e-02 -2.0271498e-04	 1.18e+00 Accepted	 114	 330	
107	 5.7112888e-01	 +1.7687295e-02 -8.2163998e-04	 8.93e-01 Accepted	 122	 380	
108	 5.7084476e-01	 +1.6163258e-02 -2.7284884e-03	 9.62e-01 Accepted	 134	 402	
109	 5.7061249e-01	 +1.8389871e-02 -1.6202323e-03	 1.32e+00 Accepted	 138	 396	
110	 5.7061249e-01	 +1.8389871e-02 -1.6202323e-03	 8.45e-01 Rejected	 128	 306	
111	 5.7075026e-01	 +1.5851913e-02 +3.0343237e-03	 1.05e+00 Accepted	 129	 362	
112	 5.7035407e-01	 +1.8061468e-02 -1.7333603e-03	 8.95e-01 Accepted	 115	 275	
113	 5.7059996e-01	 +1.7204757e-02 -2.5258659e-03	 1.10e+00 Accepted	 119	 411	
114	 5.7059996e-01	 +1.7204757e-02 -2.5258659e-03	 7.57e-01 Rejected	 140	 390	
115	 5.7103899e-01	 +1.7781223e-02 +1.0320805e-04	 1.01e+00 Accepted	 145	 419	
116	 5.7097329e-01	 +1.7957265e-02 +1.6827429e-04	 1.00e+00 Accepted	 139	 380	
117	 5.7097329e-01	 +1.7957265e-02 +1.6827429e-04	 7.02e-01 Rejected	 135	 328	
118	 5.7103490e-01	 +2.0301366e-02 -5.9798840e-04	 1.14e+00 Accepted	 140	 427	
119	 5.7103490e-01	 +2.0301366e-02 -5.9798840e-04	 6.92e-01 Rejected	 146	 389	
120	 5.7086966e-01	 +1.6066851e-02 -3.2110579e-04	 8.66e-01 Accepted	 142	 386	
121	 5.7086291e-01	 +1.9100663e-02 +2.3684963e-03	 1.15e+00 Accepted	 135	 424	
122	 5.7062924e-01	 +1.6681915e-02 -1.5805516e-03	 6.26e-01 Accepted	 137	 387	
123	 5.7067755e-01	 +1.6833718e-02 +1.6130033e-04	 1.02e+00 Accepted	 133	 435	
124	 5.7073480e-01	 +1.7368281e-02 +1.2250036e-03	 9.96e-01 Accepted	 148	 473	
125	 5.7073480e-01	 +1.7368281e-02 +1.2250036e-03	 7.61e-01 Rejected	 144	 387	
126	 5.7043944e-01	 +1.7137556e-02 +8.6846516e-04	 9.19e-01 Accepted	 151	 426	
127	 5.7057538e-01	 +1.7532513e-02 +4.7506942e-04	 9.63e-01 Accepted	 143	 396	
128	 5.7057538e-01	 +1.7532513e-02 +4.7506942e-04	 9.17e-01 Rejected	 133	 339	
129	 5.7053329e-01	 +1.9451172e-02 -6.9979930e-05	 8.90e-01 Accepted	 140	 398	
130	 5.7043800e-01	 +1.7464982e-02 -3.9186438e-04	 9.66e-01 Accepted	 141	 426	
131	 5.7093435e-01	 +1.7443442e-02 +8.5475192e-05	 1.10e+00 Accepted	 140	 360	
132	 5.7099044e-01	 +2.0162869e-02 -6.7410912e-04	 9.33e-01 Accepted	 130	 411	
133	 5.7112104e-01	 +2.2050182e-02 -4.1710446e-03	 8.48e-01 Accepted	 132	 309	
134	 5.7107480e-01	 +1.8895814e-02 -1.0802320e-03	 1.00e+00 Accepted	 112	 280	
135	 5.7109789e-01	 +1.7110006e-02 -1.6696642e-04	 1.01e+00 Accepted	 118	 336	
136	 5.7081813e-01	 +1.8696895e-02 -8.0708991e-04	 7.19e-01 Accepted	 130	 412	
137	 5.7108750e-01	 +1.6012190e-02 -8.3942445e-04	 1.11e+00 Accepted	 136	 352	
138	 5.7129949e-01	 +1.5718719e-02 +1.7064283e-03	 1.23e+00 Accepted	 128	 318	
139	 5.7129949e-01	 +1.5718719e-02 +1.7064283e-03	 7.91e-01 Rejected	 115	 255	
140	 5.7102767e-01	 +1.7442594e-02 +1.9930358e-03	 9.73e-01 Accepted	 126	 396	
141	 5.7148575e-01	 +1.8801390e-02 +1.4972305e-03	 1.58e+00 Accepted	 137	 381	
142	 5.7137132e-01	 +2.1636081e-02 +1.0568887e-04	 7.19e-01 Accepted	 140	 401	
143	 5.7155544e-01	 +1.8525326e-02 +2.5670752e-03	 1.38e+00 Accepted	 133	 344	
144	 5.7139426e-01	 +1.8882515e-02 +7.5545488e-04	 7.56e-01 Accepted	 122	 313	
145	 5.7139426e-01	 +1.8882515e-02 +7.5545488e-04	 7.30e-01 Rejected	 115	 281	
146	 5.7128571e-01	 +1.4935237e-02 -2.6211372e-04	 1.10e+00 Accepted	 119	 350	
147	 5.7166953e-01	 +1.6288201e-02 -1.6611142e-03	 1.27e+00 Accepted	 126	 367	
148	 5.7142582e-01	 +1.3739707e-02 +2.9441033e-04	 9.53e-01 Accepted	 136	 403	
149	 5.7142582e-01	 +1.3739707e-02 +2.9441033e-04	 5.44e-01 Rejected	 134	 363	
150	 5.7145068e-01	 +1.9897062e-02 -3.3523709e-03	 7.88e-01 Accepted	 132	 360	
151	 5.7097968e-01	 +1.5022338e-02 +1.6574410e-03	 8.05e-01 Accepted	 128	 325	
152	 5.7127691e-01	 +1.8467627e-02 +3.4945743e-04	 9.55e-01 Accepted	 119	 371	
153	 5.7127691e-01	 +1.8467627e-02 +3.4945743e-04	 7.74e-01 Rejected	 136	 369	
154	 5.7109872e-01	 +1.7753962e-02 -1.8549387e-03	 1.30e+00 Accepted	 125	 295	
155	 5.7132082e-01	 +2.0348666e-02 -2.5538213e-03	 1.06e+00 Accepted	 119	 294	
156	 5.7101548e-01	 +1.7814407e-02 -3.5737068e-03	 9.12e-01 Accepted	 116	 359	
157	 5.7117394e-01	 +2.0062887e-02 -4.2594920e-03	 1.09e+00 Accepted	 132	 362	
158	 5.7101763e-01	 +1.9481949e-02 -2.2275206e-03	 1.03e+00 Accepted	 126	 319	
159	 5.7145345e-01	 +1.7911106e-02 +1.5257805e-03	 1.28e+00 Accepted	 115	 295	
160	 5.7108711e-01	 +1.6871941e-02 +1.7830668e-03	 8.05e-01 Accepted	 114	 389	
161	 5.7145550e-01	 +2.1238384e-02 -1.3978619e-03	 1.17e+00 Accepted	 129	 294	
162	 5.7145699e-01	 +2.2988523e-02 +1.8973420e-04	 8.47e-01 Accepted	 109	 260	
163	 5.7145699e-01	 +2.2988523e-02 +1.8973420e-04	 6.24e-01 Rejected	 110	 335	
164	 5.7145735e-01	 +2.2091491e-02 +1.5389041e-03	 9.59e-01 Accepted	 104	 256	
165	 5.7145735e-01	 +2.2091491e-02 +1.5389041e-03	 5.98e-01 Rejected	 110	 355	
166	 5.7140333e-01	 +2.1553446e-02 +1.0985618e-05	 9.45e-01 Accepted	 112	 372	
167	 5.7168127e-01	 +2.1161667e-02 -1.0659306e-03	 1.01e+00 Accepted	 130	 322	
168	 5.7156468e-01	 +2.2198721e-02 -8.9309647e-04	 9.84e-01 Accepted	 119	 352	
169	 5.7151961e-01	 +2.1307579e-02 +1.5492070e-03	 1.11e+00 Accepted	 129	 357	
170	 5.7131597e-01	 +2.2369719e-02 -1.0399573e-04	 9.29e-01 Accepted	 124	 269	
171	 5.7146453e-01	 +2.2032000e-02 +2.8188088e-04	 1.19e+00 Accepted	 109	 315	
172	 5.7098354e-01	 +1.8826382e-02 +2.4728438e-03	 8.45e-01 Accepted	 117	 293	
173	 5.7112081e-01	 +1.8628202e-02 +4.3378196e-04	 9.84e-01 Accepted	 114	 317	
174	 5.7078259e-01	 +1.7643096e-02 +2.6884533e-03	 8.26e-01 Accepted	 123	 388	
175	 5.7070317e-01	 +1.8239436e-02 +2.2265376e-03	 1.10e+00 Accepted	 134	 407	
176	 5.7024563e-01	 +1.7682586e-02 +3.1348785e-03	 7.72e-01 Accepted	 137	 410	
177	 5.7045484e-01	 +1.8330968e-02 -8.2223238e-04	 9.95e-01 Accepted	 146	 451	
178	 5.7038729e-01	 +1.6277885e-02 +3.1499790e-04	 8.76e-01 Accepted	 142	 362	
179	 5.7068739e-01	 +1.8551319e-02 +2.3194511e-04	 1.15e+00 Accepted	 135	 395	
180	 5.7101483e-01	 +1.7940825e-02 -1.4578212e-03	 1.36e+00 Accepted	 136	 379	
181	 5.7107938e-01	 +2.1463895e-02 -4.5223407e-04	 1.06e+00 Accepted	 139	 383	
182	 5.7101270e-01	 +2.0877756e-02 -1.7237246e-03	 9.39e-01 Accepted	 138	 417	
183	 5.7071236e-01	 +2.1740168e-02 -3.0449372e-03	 9.52e-01 Accepted	 136	 336	
184	 5.7084591e-01	 +1.9375939e-02 -3.2789041e-04	 1.33e+00 Accepted	 116	 293	
185	 5.7067588e-01	 +2.0930664e-02 -1.3886869e-04	 8.74e-01 Accepted	 116	 333	
186	 5.7076510e-01	 +2.0907291e-02 -1.6236320e-03	 9.92e-01 Accepted	 123	 358	
187	 5.7105059e-01	 +1.6571600e-02 -2.0800353e-04	 1.06e+00 Accepted	 122	 323	
188	 5.7105059e-01	 +1.6571600e-02 -2.0800353e-04	 8.70e-01 Rejected	 119	 325	
189	 5.7062158e-01	 +2.0648797e-02 -5.5616531e-05	 9.98e-01 Accepted	 116	 293	
190	 5.7057510e-01	 +2.0146304e-02 -1.4410658e-04	 1.19e+00 Accepted	 120	 363	
191	 5.7081837e-01	 +2.0137067e-02 +9.3694337e-04	 1.12e+00 Accepted	 121	 296	
192	 5.7095580e-01	 +1.7195584e-02 -2.4032025e-03	 9.11e-01 Accepted	 116	 326	
193	 5.7091014e-01	 +2.2744351e-02 +1.4853865e-03	 1.26e+00 Accepted	 119	 287	
194	 5.7112535e-01	 +2.2800692e-02 +3.9711201e-03	 1.32e+00 Accepted	 110	 295	
195	 5.7105497e-01	 +2.2093723e-02 +2.3619377e-03	 8.64e-01 Accepted	 114	 334	
196	 5.7145202e-01	 +2.0142279e-02 -1.0374609e-03	 1.14e+00 Accepted	 122	 294	
197	 5.7086151e-01	 +1.8116932e-02 +1.2937806e-03	 6.58e-01 Accepted	 112	 292	
198	 5.7099479e-01	 +1.7915768e-02 -2.0463577e-03	 1.17e+00 Accepted	 110	 285	
199	 5.7099479e-01	 +1.7915768e-02 -2.0463577e-03	 6.24e-01 Rejected	 117	 366	
200	 5.7070764e-01	 +2.0784730e-02 +1.3912054e-03	 8.27e-01 Accepted	 116	 372	
201	 5.7079688e-01	 +2.2843431e-02 +1.6473767e-03	 8.96e-01 Accepted	 138	 415	
202	 5.7070283e-01	 +1.7827543e-02 +2.1292251e-03	 8.07e-01 Accepted	 134	 350	
203	 5.7063210e-01	 +1.8915728e-02 -1.6604952e-03	 1.13e+00 Accepted	 127	 337	
204	 5.7027905e-01	 +1.7535121e-02 -1.9807317e-03	 9.22e-01 Accepted	 123	 308	
205	 5.7045661e-01	 +1.8682442e-02 -1.3575553e-04	 8.37e-01 Accepted	 115	 323	
206	 5.7060073e-01	 +2.0612866e-02 +1.8477804e-03	 1.16e+00 Accepted	 123	 329	
207	 5.7004223e-01	 +1.7402604e-02 +1.0058481e-03	 7.24e-01 Accepted	 120	 333	
208	 5.7033072e-01	 +1.5219700e-02 -1.6120926e-04	 1.11e+00 Accepted	 125	 324	
209	 5.7033595e-01	 +1.8523233e-02 -5.4185211e-04	 9.41e-01 Accepted	 131	 432	
210	 5.7046745e-01	 +1.7992867e-02 +2.6483938e-03	 1.49e+00 Accepted	 141	 379	
211	 5.7085327e-01	 +2.0435172e-02 +1.3434951e-03	 1.41e+00 Accepted	 138	 433	
212	 5.7086402e-01	 +1.9274403e-02 -6.2557069e-04	 9.81e-01 Accepted	 151	 444	
213	 5.7074432e-01	 +1.8821523e-02 +3.3361113e-03	 1.04e+00 Accepted	 145	 429	
214	 5.7100865e-01	 +1.7651769e-02 -1.2045662e-03	 9.19e-01 Accepted	 150	 462	
215	 5.7129005e-01	 +1.6091951e-02 -4.0789474e-04	 1.14e+00 Accepted	 145	 341	
216	 5.7093813e-01	 +1.5329226e-02 -1.7206913e-03	 7.66e-01 Accepted	 119	 331	
217	 5.7089742e-01	 +1.7253153e-02 +7.3984277e-04	 9.07e-01 Accepted	 124	 348	
218	 5.7091703e-01	 +1.6550527e-02 +5.4496783e-05	 1.02e+00 Accepted	 121	 320	
219	 5.7091703e-01	 +1.6550527e-02 +5.4496783e-05	 7.84e-01 Rejected	 125	 376	
220	 5.7085590e-01	 +1.7907251e-02 -1.4205458e-03	 8.41e-01 Accepted	 122	 354	
221	 5.7079083e-01	 +1.9537274e-02 -1.4057964e-03	 8.32e-01 Accepted	 135	 429	
222	 5.7089112e-01	 +1.7137957e-02 -1.7056843e-03	 1.01e+00 Accepted	 145	 433	
223	 5.7089112e-01	 +1.7137957e-02 -1.7056843e-03	 7.26e-01 Rejected	 145	 420	
224	 5.7094920e-01	 +1.5445887e-02 +6.8093319e-04	 9.51e-01 Accepted	 150	 434	
225	 5.7082764e-01	 +1.3638663e-02 +1.3102408e-03	 8.51e-01 Accepted	 147	 416	
226	 5.7020067e-01	 +1.3167766e-02 +1.8700500e-03	 7.16e-01 Accepted	 139	 315	
227	 5.7074057e-01	 +1.2237241e-02 -3.4975304e-03	 1.02e+00 Accepted	 118	 375	
228	 5.7086123e-01	 +1.6661461e-02 -3.4705806e-03	 1.27e+00 Accepted	 121	 269	
229	 5.7108666e-01	 +1.2549594e-02 -9.6379308e-04	 1.44e+00 Accepted	 118	 354	
230	 5.7124356e-01	 +1.2972983e-02 -3.6088544e-03	 1.25e+00 Accepted	 132	 390	
231	 5.7107320e-01	 +1.4210848e-02 -4.8710509e-03	 9.06e-01 Accepted	 135	 383	
232	 5.7085232e-01	 +1.6755265e-02 -2.1691049e-03	 7.70e-01 Accepted	 130	 335	
233	 5.7109536e-01	 +1.3921723e-02 -3.8706529e-05	 1.05e+00 Accepted	 123	 331	
234	 5.7122517e-01	 +1.3097205e-02 +1.2926145e-03	 1.05e+00 Accepted	 120	 292	
235	 5.7139287e-01	 +1.6464657e-02 +1.0177719e-03	 1.05e+00 Accepted	 119	 379	
236	 5.7119503e-01	 +1.1498604e-02 +1.3214693e-03	 9.46e-01 Accepted	 127	 279	
237	 5.7122811e-01	 +1.4631658e-02 -2.6372014e-03	 1.17e+00 Accepted	 109	 322	
238	 5.7115771e-01	 +1.2283402e-02 -1.9920992e-03	 8.24e-01 Accepted	 116	 315	
239	 5.7123637e-01	 +1.3436358e-02 -1.3972346e-03	 1.17e+00 Accepted	 120	 337	
240	 5.7104833e-01	 +1.4846826e-02 -3.0577482e-04	 9.85e-01 Accepted	 120	 290	
241	 5.7086209e-01	 +1.4737131e-02 +1.3494915e-03	 8.29e-01 Accepted	 125	 458	
242	 5.7087157e-01	 +1.5501946e-02 -3.1295619e-03	 7.34e-01 Accepted	 150	 433	
243	 5.7084000e-01	 +1.2851011e-02 -1.5035969e-04	 9.79e-01 Accepted	 140	 372	
244	 5.7052635e-01	 +1.2846427e-02 -2.7407009e-03	 7.03e-01 Accepted	 132	 358	
245	 5.7052635e-01	 +1.2846427e-02 -2.7407009e-03	 8.19e-01 Rejected	 130	 363	
246	 5.7071021e-01	 +1.4098888e-02 -9.8541595e-04	 8.72e-01 Accepted	 134	 409	
247	 5.7048768e-01	 +1.5092787e-02 -2.5676573e-04	 1.00e+00 Accepted	 140	 357	
248	 5.7077715e-01	 +1.5457571e-02 -3.8413745e-03	 9.16e-01 Accepted	 128	 359	
249	 5.7063689e-01	 +1.5470452e-02 -2.3622787e-03	 9.87e-01 Accepted	 128	 398	
250	 5.7067628e-01	 +1.5554672e-02 -2.2510316e-03	 1.09e+00 Accepted	 137	 336	
251	 5.7067628e-01	 +1.5554672e-02 -2.2510316e-03	 7.99e-01 Rejected	 121	 297	
252	 5.7094770e-01	 +1.7016566e-02 -1.8859464e-03	 1.45e+00 Accepted	 118	 389	
253	 5.7044046e-01	 +1.4197985e-02 -3.3552679e-04	 6.81e-01 Accepted	 126	 318	
254	 5.7044046e-01	 +1.4197985e-02 -3.3552679e-04	 7.77e-01 Rejected	 124	 349	
255	 5.7076052e-01	 +1.6303670e-02 +1.5980291e-04	 1.15e+00 Accepted	 114	 312	
256	 5.7073038e-01	 +1.6314639e-02 -1.0228396e-04	 1.05e+00 Accepted	 121	 375	
257	 5.7099879e-01	 +1.3450267e-02 +4.7018353e-04	 1.02e+00 Accepted	 136	 359	
258	 5.7102788e-01	 +1.4039609e-02 -2.8819832e-03	 1.01e+00 Accepted	 135	 417	
259	 5.7081983e-01	 +1.4850402e-02 -1.5511696e-03	 9.98e-01 Accepted	 142	 390	
260	 5.7059025e-01	 +1.4588935e-02 -3.8291276e-04	 7.30e-01 Accepted	 129	 300	
261	 5.7045841e-01	 +1.2389981e-02 +6.1694560e-04	 1.00e+00 Accepted	 112	 313	
262	 5.7091897e-01	 +1.6159561e-02 -5.0003683e-04	 1.24e+00 Accepted	 129	 386	
263	 5.7086069e-01	 +2.0094894e-02 +1.4386848e-03	 9.55e-01 Accepted	 136	 402	
264	 5.7074152e-01	 +1.4358859e-02 -8.4328057e-04	 7.75e-01 Accepted	 137	 374	
265	 5.7060399e-01	 +1.7142949e-02 +1.6957242e-03	 7.10e-01 Accepted	 128	 379	
266	 5.7042205e-01	 +1.4993587e-02 +2.1011053e-03	 7.99e-01 Accepted	 128	 320	
267	 5.7005483e-01	 +1.4919847e-02 +3.9957266e-03	 9.12e-01 Accepted	 120	 348	
268	 5.6996213e-01	 +1.3200551e-02 +2.4610708e-03	 7.63e-01 Accepted	 117	 284	
269	 5.7049456e-01	 +1.3185671e-02 -1.6613866e-03	 1.73e+00 Accepted	 122	 375	
270	 5.7027933e-01	 +1.2602021e-02 +1.4634471e-03	 8.57e-01 Accepted	 143	 452	
271	 5.7035594e-01	 +1.3413684e-02 -2.8486111e-04	 8.24e-01 Accepted	 136	 338	
272	 5.7039887e-01	 +1.2556154e-02 +1.6455682e-03	 1.17e+00 Accepted	 125	 362	
273	 5.7064740e-01	 +1.3842581e-02 +1.9110198e-03	 1.43e+00 Accepted	 127	 352	
274	 5.7088736e-01	 +1.5703099e-02 +2.2579659e-03	 1.18e+00 Accepted	 130	 428	
275	 5.7097640e-01	 +1.2171250e-02 +2.3092483e-03	 1.05e+00 Accepted	 138	 337	
276	 5.7120491e-01	 +1.4271168e-02 +2.6847544e-04	 1.05e+00 Accepted	 117	 295	
277	 5.7099492e-01	 +1.4764854e-02 +9.6533604e-04	 8.90e-01 Accepted	 129	 436	
278	 5.7137158e-01	 +1.5316690e-02 -1.1360378e-04	 1.46e+00 Accepted	 143	 403	
279	 5.7137158e-01	 +1.5316690e-02 -1.1360378e-04	 8.22e-01 Rejected	 135	 395	
280	 5.7103161e-01	 +1.3330876e-02 +2.8783941e-03	 7.78e-01 Accepted	 132	 326	
281	 5.7083099e-01	 +1.2701393e-02 +5.9017036e-05	 8.64e-01 Accepted	 120	 380	
282	 5.7115226e-01	 +1.3468191e-02 +1.5693476e-03	 1.25e+00 Accepted	 129	 332	
283	 5.7119057e-01	 +1.4579197e-02 -1.3431190e-03	 8.51e-01 Accepted	 124	 379	
284	 5.7107758e-01	 +1.5845291e-02 +1.9775246e-03	 8.03e-01 Accepted	 133	 392	
285	 5.7088324e-01	 +1.3154318e-02 +2.0203425e-03	 9.83e-01 Accepted	 136	 355	
286	 5.7118875e-01	 +1.3051180e-02 +2.4795829e-03	 1.11e+00 Accepted	 130	 409	
287	 5.7125330e-01	 +1.3613717e-02 +1.6862213e-04	 1.16e+00 Accepted	 133	 307	
288	 5.7105349e-01	 +1.5798752e-02 +3.5293807e-03	 8.79e-01 Accepted	 124	 365	
289	 5.7101222e-01	 +1.9142949e-02 +3.0576087e-03	 8.39e-01 Accepted	 125	 297	
290	 5.7114228e-01	 +1.6080315e-02 +2.5353437e-03	 1.15e+00 Accepted	 116	 303	
291	 5.7051000e-01	 +1.4014476e-02 +1.6502215e-03	 9.54e-01 Accepted	 115	 309	
292	 5.7031068e-01	 +1.6403781e-02 +7.2759584e-04	 7.35e-01 Accepted	 117	 294	
293	 5.7058809e-01	 +1.4968278e-02 +4.8176393e-04	 1.27e+00 Accepted	 110	 282	
294	 5.7058122e-01	 +1.3692696e-02 -1.8248166e-03	 7.61e-01 Accepted	 108	 277	
295	 5.7054594e-01	 +1.4165150e-02 +4.6929163e-03	 8.99e-01 Accepted	 107	 338	
296	 5.7079864e-01	 +1.3440530e-02 +3.4210319e-03	 1.18e+00 Accepted	 118	 320	
297	 5.7123451e-01	 +1.5502835e-02 +1.9396482e-03	 1.09e+00 Accepted	 120	 339	
298	 5.7071327e-01	 +1.3086905e-02 +1.0505568e-03	 8.65e-01 Accepted	 126	 362	
299	 5.7055651e-01	 +1.7311195e-02 -3.0665765e-03	 1.09e+00 Accepted	 124	 290	
300	 5.7050218e-01	 +1.3995832e-02 -1.1489433e-03	 1.06e+00 Accepted	 117	 378	
301	 5.7045246e-01	 +1.0875206e-02 -1.6640595e-03	 9.22e-01 Accepted	 142	 453	
302	 5.7067564e-01	 +1.5335308e-02 +3.6347404e-05	 1.30e+00 Accepted	 150	 450	
303	 5.7081708e-01	 +1.3412525e-02 +4.0118101e-04	 1.08e+00 Accepted	 143	 368	
304	 5.7122044e-01	 +1.4543373e-02 +3.6077859e-03	 1.27e+00 Accepted	 125	 302	
305	 5.7085461e-01	 +1.2342582e-02 -1.2081766e-03	 8.83e-01 Accepted	 113	 287	
306	 5.7068254e-01	 +1.4138634e-02 +3.6787211e-05	 1.09e+00 Accepted	 114	 294	
307	 5.7068254e-01	 +1.4138634e-02 +3.6787211e-05	 8.22e-01 Rejected	 119	 374	
308	 5.7050706e-01	 +1.0577132e-02 +3.3593424e-04	 7.90e-01 Accepted	 111	 321	
309	 5.7026527e-01	 +1.1650450e-02 +2.0237636e-03	 7.93e-01 Accepted	 125	 341	
310	 5.7081950e-01	 +1.2478377e-02 +3.6059820e-03	 1.22e+00 Accepted	 127	 386	
311	 5.7081950e-01	 +1.2478377e-02 +3.6059820e-03	 8.88e-01 Rejected	 132	 336	
312	 5.7133465e-01	 +1.1080827e-02 +2.3503585e-03	 1.40e+00 Accepted	 129	 317	
313	 5.7131883e-01	 +1.3662122e-02 -3.5662929e-04	 1.14e+00 Accepted	 120	 293	
314	 5.7119190e-01	 +1.0565874e-02 +5.4520520e-04	 9.55e-01 Accepted	 115	 370	
315	 5.7084975e-01	 +1.3825839e-02 +1.4943470e-03	 8.97e-01 Accepted	 129	 381	
316	 5.7074415e-01	 +1.3923431e-02 -8.6651178e-04	 8.53e-01 Accepted	 127	 324	
317	 5.7094876e-01	 +9.4104298e-03 +5.8624440e-04	 1.00e+00 Accepted	 123	 339	
318	 5.7091245e-01	 +1.2784133e-02 +2.2768220e-03	 1.23e+00 Accepted	 122	 356	
319	 5.7124818e-01	 +1.1574848e-02 +1.6550194e-03	 1.32e+00 Accepted	 131	 402	
320	 5.7135255e-01	 +1.1442204e-02 +1.3363764e-03	 1.25e+00 Accepted	 143	 431	
321	 5.7106021e-01	 +1.2868017e-02 +6.8685060e-04	 8.61e-01 Accepted	 141	 391	
322	 5.7068373e-01	 +8.9881936e-03 -1.3624823e-03	 7.65e-01 Accepted	 128	 265	
323	 5.7095876e-01	 +1.3081380e-02 -9.4127494e-04	 1.12e+00 Accepted	 112	 328	
324	 5.7070400e-01	 +1.1289680e-02 +6.8413370e-04	 1.05e+00 Accepted	 117	 283	
325	 5.7066682e-01	 +1.0785813e-02 +2.1786203e-03	 1.24e+00 Accepted	 117	 328	
326	 5.7099137e-01	 +7.1559828e-03 +2.2282428e-03	 1.13e+00 Accepted	 117	 336	
327	 5.7101860e-01	 +9.1840663e-03 -1.7721380e-03	 8.90e-01 Accepted	 125	 342	
328	 5.7091653e-01	 +1.1594515e-02 -1.9230873e-04	 9.18e-01 Accepted	 123	 308	
329	 5.7104176e-01	 +1.3276395e-02 +9.1847708e-04	 1.17e+00 Accepted	 112	 288	
330	 5.7073297e-01	 +9.2781005e-03 -3.5935755e-03	 7.94e-01 Accepted	 116	 320	
331	 5.7073297e-01	 +9.2781005e-03 -3.5935755e-03	 8.63e-01 Rejected	 113	 285	
332	 5.7074985e-01	 +9.8888060e-03 +2.1466711e-04	 9.29e-01 Accepted	 115	 279	
333	 5.7070039e-01	 +1.2254618e-02 +2.0837598e-04	 8.45e-01 Accepted	 124	 466	
334	 5.7064361e-01	 +1.2417434e-02 -6.4134845e-04	 1.06e+00 Accepted	 146	 360	
335	 5.7041146e-01	 +1.4698589e-02 -4.5186392e-04	 9.21e-01 Accepted	 135	 392	
336	 5.7053844e-01	 +9.5576896e-03 -1.2365456e-03	 1.06e+00 Accepted	 137	 391	
337	 5.7109967e-01	 +9.7973567e-03 -2.3832617e-03	 1.29e+00 Accepted	 133	 376	
338	 5.7072403e-01	 +1.2723654e-02 -2.2414961e-03	 8.60e-01 Accepted	 128	 341	
339	 5.7116956e-01	 +1.0148380e-02 -2.0631705e-03	 8.40e-01 Accepted	 120	 301	
340	 5.7105392e-01	 +8.2950979e-03 -1.1785824e-03	 1.18e+00 Accepted	 116	 349	
341	 5.7105392e-01	 +8.2950979e-03 -1.1785824e-03	 8.83e-01 Rejected	 121	 326	
342	 5.7083427e-01	 +1.2759058e-02 -3.0458001e-04	 1.04e+00 Accepted	 123	 367	
343	 5.7058746e-01	 +1.1011959e-02 -2.7732285e-04	 8.98e-01 Accepted	 132	 353	
344	 5.7086607e-01	 +1.1046228e-02 +9.6049022e-05	 1.55e+00 Accepted	 131	 359	
345	 5.7086607e-01	 +1.1046228e-02 +9.6049022e-05	 8.88e-01 Rejected	 122	 297	
346	 5.7059857e-01	 +1.2582621e-02 -8.1862728e-04	 8.18e-01 Accepted	 126	 369	
347	 5.7076849e-01	 +9.1350401e-03 +1.0833755e-03	 1.16e+00 Accepted	 131	 401	
# Starting_type: CheckpointStart
# Trajectory_length / Number_of_MD_steps: 1 / 8
# 	 Plaquette	 Polyakov_Loop(re,im)	 Acc._Probability	 runtime_per_traj(s)	 CG_iterations	
347	 5.7076849e-01	 +9.1350401e-03 +1.0833755e-03	 1.16e+00 Accepted	 132	 401	
348	 5.7076476e-01	 +9.1045289e-03 -2.4080679e-03	 8.54e-01 Accepted	 141	 408	
349	 5.7075667e-01	 +1.1944463e-02 -1.4445316e-03	 1.03e+00 Accepted	 144	 383	
350	 5.7069887e-01	 +1.0463021e-02 -1.8943953e-04	 8.72e-01 Accepted	 131	 361	
351	 5.7083975e-01	 +1.0993239e-02 +1.2692205e-03	 1.18e+00 Accepted	 130	 358	
352	 5.7083975e-01	 +1.0993239e-02 +1.2692205e-03	 8.53e-01 Rejected	 132	 390	
353	 5.7108285e-01	 +1.2269196e-02 +2.1925153e-03	 1.36e+00 Accepted	 130	 377	
354	 5.7095244e-01	 +9.8938595e-03 +3.1948106e-04	 9.83e-01 Accepted	 140	 397	
355	 5.7087310e-01	 +9.1911062e-03 +1.6783452e-03	 7.93e-01 Accepted	 134	 338	
356	 5.7095738e-01	 +1.0406137e-02 +6.8499779e-04	 1.33e+00 Accepted	 116	 261	
357	 5.7095777e-01	 +8.2050733e-03 -1.9757063e-03	 1.15e+00 Accepted	 111	 360	
358	 5.7073090e-01	 +1.1121008e-02 +4.2005779e-03	 8.52e-01 Accepted	 133	 418	
359	 5.7069043e-01	 +1.1964235e-02 +2.7658756e-03	 1.01e+00 Accepted	 141	 362	
360	 5.7069043e-01	 +1.1964235e-02 +2.7658756e-03	 6.88e-01 Rejected	 121	 300	
361	 5.7063898e-01	 +1.2406778e-02 +3.7103987e-03	 7.76e-01 Accepted	 120	 326	
362	 5.7141550e-01	 +1.0365108e-02 -3.4601518e-04	 1.79e+00 Accepted	 128	 405	
363	 5.7141550e-01	 +1.0365108e-02 -3.4601518e-04	 6.93e-01 Rejected	 131	 338	
364	 5.7141550e-01	 +1.0365108e-02 -3.4601518e-04	 6.62e-01 Rejected	 133	 345	
365	 5.7087913e-01	 +9.0343372e-03 +1.7742148e-03	 7.73e-01 Accepted	 135	 370	
366	 5.7117743e-01	 +8.5120173e-03 +4.1087253e-03	 1.14e+00 Accepted	 130	 373	
367	 5.7118176e-01	 +9.2685156e-03 +7.8260788e-04	 1.01e+00 Accepted	 122	 348	
368	 5.7105970e-01	 +1.2100646e-02 +4.8008848e-03	 9.50e-01 Accepted	 126	 409	
369	 5.7110936e-01	 +1.1827260e-02 +4.7120551e-03	 1.00e+00 Accepted	 134	 369	
370	 5.7090437e-01	 +1.1215203e-02 +3.5236244e-03	 8.14e-01 Accepted	 126	 317	
371	 5.7104726e-01	 +7.7340925e-03 +4.7464486e-03	 1.02e+00 Accepted	 124	 354	
372	 5.7090630e-01	 +6.7092033e-03 +1.2282894e-03	 9.35e-01 Accepted	 124	 370	
373	 5.7126241e-01	 +6.7177484e-03 +5.1916175e-03	 1.26e+00 Accepted	 131	 377	
374	 5.7126241e-01	 +6.7177484e-03 +5.1916175e-03	 6.14e-01 Rejected	 134	 376	
375	 5.7132728e-01	 +8.3412259e-03 +1.2468109e-03	 8.07e-01 Accepted	 132	 342	
376	 5.7113369e-01	 +8.7573144e-03 +2.6259328e-03	 6.97e-01 Accepted	 129	 364	
377	 5.7120221e-01	 +6.8504177e-03 -3.2230638e-04	 1.19e+00 Accepted	 124	 351	
378	 5.7095495e-01	 +7.0796225e-03 +4.2501795e-03	 8.24e-01 Accepted	 133	 355	
379	 5.7119839e-01	 +7.8488551e-03 +3.0504899e-03	 1.29e+00 Accepted	 125	 373	
380	 5.7123352e-01	 +5.8830266e-03 +2.8602380e-03	 1.00e+00 Accepted	 138	 459	
381	 5.7085705e-01	 +8.4295136e-03 +2.2251112e-03	 9.16e-01 Accepted	 141	 334	
382	 5.7060576e-01	 +1.0023748e-02 +1.0518924e-03	 7.89e-01 Accepted	 120	 357	
383	 5.7041369e-01	 +1.0266320e-02 +7.9573151e-05	 1.12e+00 Accepted	 127	 324	
384	 5.7041369e-01	 +1.0266320e-02 +7.9573151e-05	 7.01e-01 Rejected	 116	 295	
385	 5.7055192e-01	 +7.1740028e-03 +3.7945987e-04	 1.11e+00 Accepted	 126	 366	
386	 5.7060056e-01	 +9.4149321e-03 +4.1358195e-03	 9.71e-01 Accepted	 128	 358	
387	 5.7069149e-01	 +7.2221073e-03 -1.6950278e-03	 1.20e+00 Accepted	 131	 372	
388	 5.7060216e-01	 +8.2656232e-03 +3.3342129e-03	 7.65e-01 Accepted	 133	 377	
389	 5.7077363e-01	 +7.5629858e-03 +3.3255714e-03	 1.13e+00 Accepted	 126	 342	
390	 5.7092677e-01	 +8.3692043e-03 +2.2561110e-03	 9.37e-01 Accepted	 117	 289	
391	 5.7089026e-01	 +6.4194055e-03 +2.0611799e-03	 1.07e+00 Accepted	 113	 346	
392	 5.7123664e-01	 +7.5164280e-03 +4.8758480e-03	 7.59e-01 Accepted	 124	 387	
393	 5.7160783e-01	 +8.8930204e-03 +3.1221708e-03	 1.21e+00 Accepted	 137	 386	
394	 5.7136435e-01	 +7.7364327e-03 +1.6599356e-03	 8.91e-01 Accepted	 128	 341	
395	 5.7156013e-01	 +6.0744434e-03 +4.7202118e-03	 1.20e+00 Accepted	 124	 336	
396	 5.7156013e-01	 +6.0744434e-03 +4.7202118e-03	 5.89e-01 Rejected	 133	 405	
397	 5.7149931e-01	 +4.3373484e-03 +2.0696555e-03	 9.66e-01 Accepted	 130	 359	
398	 5.7139743e-01	 +7.4526265e-03 +2.2688890e-03	 8.93e-01 Accepted	 125	 276	
399	 5.7116921e-01	 +4.0715782e-03 +4.6546574e-03	 1.00e+00 Accepted	 111	 303	
400	 5.7071629e-01	 +6.8218776e-03 +2.2712538e-03	 6.69e-01 Accepted	 114	 314	
401	 5.7094470e-01	 +4.8385824e-03 +2.6440492e-03	 1.41e+00 Accepted	 111	 293	
402	 5.7100780e-01	 +7.5186467e-03 +2.9489770e-03	 7.72e-01 Accepted	 113	 332	
403	 5.7129239e-01	 +3.9469630e-03 +5.3838506e-03	 1.51e+00 Accepted	 120	 293	
404	 5.7117904e-01	 +5.8751122e-03 +5.0616565e-03	 7.70e-01 Accepted	 113	 299	
405	 5.7085380e-01	 +4.3444972e-03 +3.7212359e-03	 8.47e-01 Accepted	 118	 334	
406	 5.7074381e-01	 +5.5414760e-03 +3.7751184e-03	 7.16e-01 Accepted	 117	 286	
407	 5.7085603e-01	 +6.3419984e-03 +3.2510031e-03	 1.04e+00 Accepted	 118	 291	
408	 5.7081963e-01	 +6.0430472e-03 +5.8203430e-03	 1.02e+00 Accepted	 113	 309	
409	 5.7094432e-01	 +7.5572171e-03 +7.5286123e-03	 1.06e+00 Accepted	 113	 306	
410	 5.7041452e-01	 +8.0183644e-03 +4.7448408e-03	 8.67e-01 Accepted	 120	 302	
411	 5.7092691e-01	 +7.8117628e-03 +5.2317327e-03	 1.16e+00 Accepted	 114	 325	
412	 5.7049682e-01	 +6.1608073e-03 +3.7502290e-03	 8.07e-01 Accepted	 123	 341	
413	 5.7035547e-01	 +4.7951127e-03 +4.9672298e-03	 8.78e-01 Accepted	 131	 385	
414	 5.7063912e-01	 +1.0334876e-02 +8.3459604e-03	 9.62e-01 Accepted	 136	 397	
415	 5.7105028e-01	 +7.9103541e-03 +5.0953447e-03	 1.06e+00 Accepted	 137	 373	
416	 5.7115487e-01	 +6.2597204e-03 +2.7492790e-03	 1.28e+00 Accepted	 134	 333	
417	 5.7110889e-01	 +5.8479104e-03 +3.3350790e-03	 1.19e+00 Accepted	 118	 332	
418	 5.7093743e-01	 +5.5041682e-03 +1.5782850e-03	 9.81e-01 Accepted	 126	 369	
419	 5.7102423e-01	 +4.7756938e-03 +4.6670528e-03	 1.04e+00 Accepted	 127	 301	
420	 5.7055648e-01	 +7.4566263e-03 +3.6470378e-03	 7.21e-01 Accepted	 117	 341	
421	 5.7070873e-01	 +6.7118859e-03 +4.8758720e-03	 1.18e+00 Accepted	 129	 387	
422	 5.7054061e-01	 +7.7483575e-03 +3.7692521e-03	 1.36e+00 Accepted	 142	 390	
423	 5.7082976e-01	 +7.2969554e-03 +6.9991389e-04	 1.23e+00 Accepted	 133	 378	
424	 5.7124928e-01	 +4.1904544e-03 +6.0880379e-03	 1.12e+00 Accepted	 130	 318	
425	 5.7101654e-01	 +5.3754013e-03 +3.4430825e-03	 9.41e-01 Accepted	 117	 343	
426	 5.7093497e-01	 +6.2781057e-03 +4.7177463e-03	 1.02e+00 Accepted	 123	 328	
427	 5.7099458e-01	 +4.9748400e-03 +3.7892770e-03	 8.55e-01 Accepted	 120	 327	
428	 5.7129268e-01	 +3.3540611e-03 +5.2779914e-03	 1.35e+00 Accepted	 126	 410	
429	 5.7092722e-01	 +4.7550659e-03 +2.1428501e-03	 8.91e-01 Accepted	 142	 427	
430	 5.7069744e-01	 +5.5080932e-03 +5.0311538e-03	 7.80e-01 Accepted	 139	 351	
431	 5.7083362e-01	 +7.6644624e-03 +4.7653880e-03	 1.18e+00 Accepted	 127	 328	
432	 5.7083362e-01	 +7.6644624e-03 +4.7653880e-03	 9.43e-01 Rejected	 118	 332	
433	 5.7059709e-01	 +6.6911730e-03 +4.0282561e-03	 9.19e-01 Accepted	 116	 298	
434	 5.7065095e-01	 +5.5032753e-03 +6.2171185e-03	 8.58e-01 Accepted	 116	 339	
435	 5.7055790e-01	 +5.3618178e-03 +5.5270149e-03	 9.19e-01 Accepted	 129	 403	
436	 5.7065047e-01	 +2.9278710e-03 +2.3199949e-03	 1.15e+00 Accepted	 126	 315	
437	 5.7073174e-01	 +3.4116826e-03 +6.7091693e-03	 7.28e-01 Accepted	 119	 359	
438	 5.7067047e-01	 +4.6969091e-03 +2.8467084e-03	 8.33e-01 Accepted	 125	 308	
439	 5.7038978e-01	 +6.2649113e-03 +3.6887010e-03	 6.38e-01 Accepted	 118	 318	
440	 5.7029135e-01	 +4.3561789e-03 +1.6420543e-03	 1.21e+00 Accepted	 123	 351	
441	 5.7049422e-01	 +3.9751338e-03 +6.3665237e-03	 1.23e+00 Accepted	 127	 366	
442	 5.7035502e-01	 +2.2828681e-03 +4.0162302e-03	 7.13e-01 Accepted	 134	 341	
443	 5.7058296e-01	 +4.4679543e-03 +1.8176530e-03	 1.24e+00 Accepted	 120	 306	
444	 5.7058009e-01	 +6.8976797e-03 +1.1463586e-03	 1.02e+00 Accepted	 113	 280	
445	 5.7033551e-01	 +2.2400018e-03 +3.0049269e-03	 7.01e-01 Accepted	 114	 375	
446	 5.7047617e-01	 +1.9429544e-03 -3.5324146e-04	 1.05e+00 Accepted	 126	 331	
447	 5.7047617e-01	 +1.9429544e-03 -3.5324146e-04	 7.84e-01 Rejected	 126	 349	
448	 5.7043070e-01	 +4.2671770e-03 +4.2515108e-03	 1.00e+00 Accepted	 118	 301	
449	 5.7040987e-01	 +5.2115106e-03 +6.3105983e-04	 9.87e-01 Accepted	 126	 422	
450	 5.7022231e-01	 +5.4073476e-03 +4.0933406e-03	 1.00e+00 Accepted	 143	 352	
451	 5.7022231e-01	 +5.4073476e-03 +4.0933406e-03	 9.71e-01 Rejected	 130	 395	
452	 5.7063610e-01	 +3.4086693e-03 +6.6659294e-03	 1.08e+00 Accepted	 128	 341	
453	 5.7116757e-01	 +3.1917533e-03 +1.5763700e-03	 1.18e+00 Accepted	 126	 298	
454	 5.7096669e-01	 +7.1172456e-03 +2.0708658e-04	 1.01e+00 Accepted	 121	 343	
455	 5.7090252e-01	 +8.2466503e-03 +1.8166419e-03	 1.12e+00 Accepted	 123	 333	
456	 5.7084415e-01	 +5.7184316e-03 +2.9944343e-03	 9.78e-01 Accepted	 123	 335	
457	 5.7102164e-01	 +2.2237103e-03 +2.0720151e-03	 1.25e+00 Accepted	 128	 351	
458	 5.7109294e-01	 +4.8763327e-03 +1.5581571e-03	 8.86e-01 Accepted	 129	 378	
459	 5.7117984e-01	 +4.4453738e-03 +5.5348282e-03	 9.88e-01 Accepted	 132	 370	
460	 5.7117984e-01	 +4.4453738e-03 +5.5348282e-03	 8.33e-01 Rejected	 129	 377	
461	 5.7140239e-01	 +5.2316234e-03 +2.3686920e-03	 1.08e+00 Accepted	 127	 325	
462	 5.7141083e-01	 +4.3944314e-03 +2.1538282e-04	 1.26e+00 Accepted	 124	 356	
463	 5.7147711e-01	 +6.3893544e-03 +4.2940589e-03	 9.58e-01 Accepted	 128	 392	
464	 5.7141272e-01	 +2.9670427e-03 +1.1308301e-03	 8.05e-01 Accepted	 140	 406	
465	 5.7117532e-01	 +7.3237275e-03 +2.4663410e-03	 9.72e-01 Accepted	 132	 352	
466	 5.7105088e-01	 +3.6848096e-03 +7.2739541e-04	 8.57e-01 Accepted	 128	 365	
467	 5.7121105e-01	 +3.1628949e-03 +2.4486911e-03	 1.10e+00 Accepted	 136	 387	
468	 5.7121105e-01	 +3.1628949e-03 +2.4486911e-03	 7.75e-01 Rejected	 138	 403	
469	 5.7115481e-01	 +1.5701623e-03 -1.0944487e-03	 7.89e-01 Accepted	 131	 365	
470	 5.7130170e-01	 +1.8714113e-03 +5.4892683e-03	 1.00e+00 Accepted	 129	 366	
471	 5.7099536e-01	 +2.8055885e-03 -5.8041722e-04	 6.21e-01 Accepted	 121	 306	
472	 5.7126916e-01	 +3.9999860e-03 -9.9856353e-04	 1.28e+00 Accepted	 117	 292	
473	 5.7128594e-01	 +2.5157955e-03 -1.4439561e-03	 9.38e-01 Accepted	 120	 341	
474	 5.7099001e-01	 +2.8887782e-03 -2.0525541e-04	 8.90e-01 Accepted	 122	 324	
475	 5.7102163e-01	 +6.4335315e-03 +2.2117826e-03	 7.71e-01 Accepted	 126	 355	
476	 5.7108855e-01	 +1.5512728e-03 -1.9843943e-05	 1.13e+00 Accepted	 128	 320	
477	 5.7088356e-01	 +1.6969803e-03 +1.9594579e-04	 6.87e-01 Accepted	 133	 407	
478	 5.7111104e-01	 +2.0189298e-03 -2.9695018e-03	 1.21e+00 Accepted	 138	 345	
479	 5.7109931e-01	 +6.5934086e-03 +1.1338461e-03	 1.12e+00 Accepted	 133	 392	
480	 5.7109931e-01	 +6.5934086e-03 +1.1338461e-03	 8.61e-01 Rejected	 138	 404	
481	 5.7087405e-01	 +3.2300398e-03 -3.4378863e-03	 9.02e-01 Accepted	 136	 382	
482	 5.7125743e-01	 +3.5147972e-04 +6.2349015e-04	 1.03e+00 Accepted	 126	 277	
483	 5.7105409e-01	 +4.0040407e-03 +9.3857892e-04	 8.98e-01 Accepted	 108	 287	
484	 5.7088701e-01	 +5.6138032e-03 +1.0281823e-03	 9.01e-01 Accepted	 116	 353	
485	 5.7073628e-01	 +3.6212938e-03 +2.0315829e-03	 1.18e+00 Accepted	 138	 423	
486	 5.7074191e-01	 +3.1374976e-03 -1.0232411e-03	 1.08e+00 Accepted	 145	 385	
487	 5.7067492e-01	 +1.5261258e-03 +8.1696266e-04	 9.27e-01 Accepted	 135	 413	
488	 5.7066432e-01	 +3.6088429e-03 -1.4702372e-03	 9.06e-01 Accepted	 137	 368	
489	 5.7065250e-01	 -2.9941959e-03 -3.3935277e-03	 1.06e+00 Accepted	 129	 380	
490	 5.7063802e-01	 -5.6863716e-04 -2.1510932e-03	 1.15e+00 Accepted	 137	 400	
491	 5.7076477e-01	 -3.5300614e-03 -4.6362913e-04	 1.06e+00 Accepted	 140	 428	
492	 5.7080996e-01	 -1.8932081e-03 -4.1439567e-03	 9.75e-01 Accepted	 133	 326	
493	 5.7124512e-01	 -6.2544570e-05 -2.2844569e-03	 1.23e+00 Accepted	 127	 365	
494	 5.7094808e-01	 -1.2490949e-03 -5.9926480e-03	 7.08e-01 Accepted	 123	 306	
495	 5.7100249e-01	 +1.1336064e-03 -1.2264536e-03	 1.01e+00 Accepted	 122	 377	
496	 5.7101357e-01	 +4.8379586e-04 -2.6215079e-03	 1.02e+00 Accepted	 125	 318	
497	 5.7061967e-01	 -2.9271476e-03 -3.8330918e-03	 9.31e-01 Accepted	 120	 329	
498	 5.7061967e-01	 -2.9271476e-03 -3.8330918e-03	 8.16e-01 Rejected	 129	 403	
499	 5.7061967e-01	 -2.9271476e-03 -3.8330918e-03	 6.43e-01 Rejected	 120	 339	
500	 5.7034441e-01	 +1.7022487e-04 -2.5802820e-03	 1.25e+00 Accepted	 116	 265	
501	 5.7033843e-01	 +1.5797923e-03 -9.8697260e-04	 9.83e-01 Accepted	 111	 360	
502	 5.7027956e-01	 -2.0761627e-03 -4.6934946e-03	 8.48e-01 Accepted	 125	 389	
503	 5.7049017e-01	 -4.8134641e-04 -4.0767271e-03	 9.40e-01 Accepted	 124	 319	
504	 5.7091721e-01	 -9.5867095e-04 -4.4868449e-03	 1.35e+00 Accepted	 111	 272	
505	 5.7077259e-01	 +1.5694059e-03 -2.6448040e-03	 8.24e-01 Accepted	 121	 433	
506	 5.7051552e-01	 +9.9254283e-04 -1.8030562e-03	 9.06e-01 Accepted	 138	 325	
507	 5.7082480e-01	 +3.0844030e-03 -4.7029166e-03	 1.21e+00 Accepted	 119	 284	
508	 5.7060138e-01	 -6.3079710e-04 -2.9351054e-03	 8.44e-01 Accepted	 111	 328	
509	 5.7067418e-01	 -2.2832768e-03 -4.2484218e-04	 1.04e+00 Accepted	 115	 299	
510	 5.7067354e-01	 +2.5631646e-04 -2.9649977e-03	 9.79e-01 Accepted	 117	 326	
511	 5.7067354e-01	 +2.5631646e-04 -2.9649977e-03	 9.77e-01 Rejected	 124	 369	
512	 5.7078015e-01	 -7.6475678e-04 -4.0040630e-03	 1.03e+00 Accepted	 119	 298	
513	 5.7102122e-01	 +5.0701682e-04 -6.3167113e-03	 1.01e+00 Accepted	 123	 412	
514	 5.7053303e-01	 +6.9813475e-04 -3.0960260e-03	 7.49e-01 Accepted	 131	 286	
515	 5.7053303e-01	 +6.9813475e-04 -3.0960260e-03	 8.82e-01 Rejected	 111	 305	
516	 5.7018700e-01	 -1.7629870e-03 -5.3738279e-03	 8.04e-01 Accepted	 122	 403	
517	 5.7040211e-01	 -9.4782516e-05 -1.0897831e-04	 9.47e-01 Accepted	 129	 331	
518	 5.7079805e-01	 -3.2035427e-04 -6.2323077e-03	 1.06e+00 Accepted	 122	 381	
519	 5.7075647e-01	 -2.5187526e-03 -3.1411628e-03	 1.15e+00 Accepted	 131	 366	
520	 5.7052410e-01	 -1.1548871e-03 -6.6336517e-03	 8.97e-01 Accepted	 133	 359	
521	 5.7077190e-01	 -9.4548485e-04 +1.1224445e-03	 9.99e-01 Accepted	 134	 430	
522	 5.7045664e-01	 -2.8554813e-03 -4.8438604e-03	 7.86e-01 Accepted	 147	 455	
523	 5.7091123e-01	 -1.6379531e-03 -3.5200743e-03	 1.03e+00 Accepted	 143	 364	
524	 5.7077897e-01	 -2.0868555e-03 -5.6224496e-03	 9.72e-01 Accepted	 127	 323	
525	 5.7071100e-01	 -9.0304014e-04 -2.9932188e-03	 9.83e-01 Accepted	 120	 313	
526	 5.7093929e-01	 -1.4243133e-03 -3.5209382e-03	 1.19e+00 Accepted	 120	 366	
527	 5.7083415e-01	 -2.4096197e-03 -4.6897474e-03	 9.38e-01 Accepted	 128	 322	
528	 5.7056964e-01	 -2.4125098e-04 -4.7611912e-03	 7.44e-01 Accepted	 127	 377	
529	 5.7073478e-01	 +1.5464607e-03 -6.0516385e-03	 1.49e+00 Accepted	 140	 429	
530	 5.7078121e-01	 -1.5727361e-03 -3.2995009e-03	 8.97e-01 Accepted	 143	 351	
531	 5.7052467e-01	 -3.6876608e-03 -3.8874837e-03	 6.85e-01 Accepted	 129	 332	
532	 5.7041979e-01	 -3.2275686e-03 -1.8621316e-03	 1.08e+00 Accepted	 118	 348	
533	 5.7040696e-01	 -4.5502636e-03 -4.8459280e-04	 8.34e-01 Accepted	 134	 465	
534	 5.7029459e-01	 -5.4605983e-04 -5.0282000e-04	 9.28e-01 Accepted	 150	 378	
535	 5.7013489e-01	 -5.7220469e-03 -3.1217729e-03	 1.10e+00 Accepted	 129	 301	
536	 5.6977829e-01	 -4.1841363e-03 -3.4216471e-03	 8.44e-01 Accepted	 114	 332	
537	 5.7011639e-01	 -3.1169685e-03 -1.4956613e-03	 1.02e+00 Accepted	 132	 449	
538	 5.7013089e-01	 -2.4071876e-03 -2.4476004e-03	 9.21e-01 Accepted	 142	 369	
539	 5.7049097e-01	 -8.2950516e-04 -3.9349790e-03	 1.17e+00 Accepted	 135	 403	
540	 5.7048214e-01	 +5.3502536e-04 -3.7712830e-03	 1.08e+00 Accepted	 139	 360	
541	 5.7061010e-01	 -1.8460362e-03 +1.0746943e-05	 1.24e+00 Accepted	 134	 426	
542	 5.7038832e-01	 -3.4656853e-03 -1.1056607e-03	 6.53e-01 Accepted	 146	 404	
543	 5.7058276e-01	 +2.2874471e-03 -7.4955229e-05	 1.04e+00 Accepted	 136	 385	
544	 5.7061941e-01	 -1.6893148e-03 -4.9977949e-04	 8.37e-01 Accepted	 130	 352	
545	 5.7078889e-01	 -3.3302750e-03 -6.1779137e-04	 7.87e-01 Accepted	 127	 398	
546	 5.7063458e-01	 -2.2659397e-03 +4.9043202e-04	 9.72e-01 Accepted	 130	 352	
547	 5.7059383e-01	 -8.0726403e-04 +3.1915776e-04	 1.17e+00 Accepted	 118	 299	
548	 5.7066637e-01	 -6.9038415e-04 -2.7369791e-03	 9.72e-01 Accepted	 120	 355	
549	 5.7066637e-01	 -6.9038415e-04 -2.7369791e-03	 7.83e-01 Rejected	 125	 350	
550	 5.7030145e-01	 +2.3563105e-04 -3.3184614e-03	 6.90e-01 Accepted	 122	 333	
551	 5.7027408e-01	 +1.9606030e-04 -2.3560382e-03	 1.18e+00 Accepted	 126	 341	
552	 5.7027408e-01	 +1.9606030e-04 -2.3560382e-03	 7.88e-01 Rejected	 125	 356	
553	 5.7045799e-01	 -1.6138364e-03 -5.2114491e-03	 1.00e+00 Accepted	 122	 344	
554	 5.7040067e-01	 -5.4358945e-03 -1.0665621e-03	 9.86e-01 Accepted	 127	 407	
555	 5.7082553e-01	 -2.6696773e-03 +1.1099129e-03	 1.43e+00 Accepted	 139	 435	
556	 5.7058172e-01	 -2.5423131e-03 -1.8796799e-03	 8.81e-01 Accepted	 151	 445	
557	 5.7071653e-01	 -1.7829025e-03 -1.2134576e-03	 1.07e+00 Accepted	 140	 400	
558	 5.7074154e-01	 +1.5616663e-04 -4.7228056e-03	 9.99e-01 Accepted	 133	 343	
559	 5.7086340e-01	 -2.0405058e-03 -2.0574851e-03	 9.23e-01 Accepted	 129	 409	
560	 5.7057649e-01	 -2.0190109e-03 +1.1530826e-04	 9.15e-01 Accepted	 143	 464	
561	 5.7024708e-01	 -3.0016220e-03 -2.8524126e-03	 8.82e-01 Accepted	 151	 421	
562	 5.7050345e-01	 -5.3043536e-03 -4.0539607e-03	 8.97e-01 Accepted	 143	 435	
563	 5.7060255e-01	 -3.8353995e-03 -1.0557356e-03	 1.45e+00 Accepted	 148	 422	
564	 5.7076197e-01	 -3.1987681e-03 -1.1692060e-03	 9.30e-01 Accepted	 142	 343	
565	 5.7056540e-01	 -1.4277472e-03 +9.7528119e-04	 1.00e+00 Accepted	 119	 344	
566	 5.7098711e-01	 -8.8565274e-04 +1.0015363e-03	 1.13e+00 Accepted	 129	 384	
567	 5.7080814e-01	 -2.7601230e-03 -7.9271293e-04	 1.01e+00 Accepted	 129	 316	
568	 5.7064729e-01	 -4.4303583e-03 -1.9086684e-04	 8.69e-01 Accepted	 126	 448	
569	 5.7031507e-01	 -4.2866030e-03 +1.2203174e-03	 9.04e-01 Accepted	 147	 360	
570	 5.7023659e-01	 -3.1445620e-04 -2.3173808e-03	 1.15e+00 Accepted	 136	 386	
571	 5.7078626e-01	 -7.7955848e-04 +3.5117373e-03	 1.28e+00 Accepted	 137	 366	
572	 5.7107280e-01	 -1.5844652e-03 +1.9312117e-03	 8.73e-01 Accepted	 129	 366	
573	 5.7107280e-01	 -1.5844652e-03 +1.9312117e-03	 8.81e-01 Rejected	 140	 425	
574	 5.7052530e-01	 -1.4183570e-04 -3.1021718e-03	 8.84e-01 Accepted	 128	 386	
575	 5.7073601e-01	 -4.4088015e-04 -1.9248152e-03	 9.50e-01 Accepted	 141	 424	
576	 5.7062711e-01	 -1.4497280e-03 -4.4821581e-03	 1.21e+00 Accepted	 149	 450	
577	 5.7070190e-01	 -1.0576639e-03 -3.5855297e-03	 1.10e+00 Accepted	 147	 408	
578	 5.7070437e-01	 -3.0376340e-03 -7.0587241e-03	 9.61e-01 Accepted	 133	 390	
579	 5.7090082e-01	 -2.7658032e-03 -3.9540203e-03	 1.12e+00 Accepted	 132	 380	
580	 5.7080198e-01	 -1.0536007e-03 -5.0419246e-03	 1.04e+00 Accepted	 133	 321	
581	 5.7089961e-01	 -3.3463392e-03 -2.4808156e-03	 1.02e+00 Accepted	 118	 297	
582	 5.7101040e-01	 -5.0073245e-03 -2.9861363e-03	 1.09e+00 Accepted	 112	 294	
583	 5.7109431e-01	 -2.5445039e-03 -3.9601604e-03	 8.93e-01 Accepted	 117	 320	
584	 5.7109431e-01	 -2.5445039e-03 -3.9601604e-03	 7.04e-01 Rejected	 124	 361	
585	 5.7101079e-01	 -2.6414862e-03 -3.9904920e-03	 9.81e-01 Accepted	 116	 341	
586	 5.7070822e-01	 -2.9295106e-03 -4.8035575e-03	 7.46e-01 Accepted	 123	 336	
587	 5.7057998e-01	 -3.6124134e-03 -3.7414004e-03	 1.18e+00 Accepted	 126	 342	
588	 5.7044470e-01	 -2.8181626e-03 -4.0533468e-03	 1.09e+00 Accepted	 133	 444	
589	 5.7070767e-01	 -3.0537714e-03 -5.0990022e-03	 1.24e+00 Accepted	 152	 426	
590	 5.7097980e-01	 -1.9641919e-04 -4.2492282e-03	 1.13e+00 Accepted	 137	 351	
591	 5.7086855e-01	 -3.1464254e-03 -3.5540038e-03	 9.62e-01 Accepted	 127	 342	
592	 5.7078873e-01	 -2.1530339e-03 -3.0329072e-04	 8.93e-01 Accepted	 124	 333	
593	 5.7039798e-01	 -2.2091487e-03 +2.2343159e-03	 7.84e-01 Accepted	 130	 424	
594	 5.7024542e-01	 -2.0165267e-03 -5.6560927e-03	 8.89e-01 Accepted	 132	 311	
595	 5.7045673e-01	 -3.9402838e-03 -4.8087535e-03	 1.08e+00 Accepted	 116	 304	
596	 5.7093356e-01	 -4.7358028e-03 -2.2773443e-03	 9.06e-01 Accepted	 116	 313	
597	 5.7110307e-01	 -3.1911576e-03 -5.8308083e-03	 9.02e-01 Accepted	 118	 344	
598	 5.7063538e-01	 -2.6045914e-03 -2.6010550e-03	 8.00e-01 Accepted	 127	 362	
599	 5.7046587e-01	 +1.0908008e-03 -1.0713090e-03	 9.77e-01 Accepted	 134	 415	
600	 5.7017562e-01	 +1.8899638e-03 -4.1170980e-03	 9.67e-01 Accepted	 141	 411	
601	 5.7042337e-01	 -6.2514857e-04 -1.8477243e-03	 7.84e-01 Accepted	 140	 416	
602	 5.7036388e-01	 -1.8209485e-03 -1.8792869e-03	 1.27e+00 Accepted	 137	 331	
603	 5.7055230e-01	 -3.4345136e-03 -1.5883013e-03	 1.10e+00 Accepted	 118	 303	
604	 5.7041964e-01	 -2.9558458e-03 -1.5934985e-03	 9.97e-01 Accepted	 119	 352	
605	 5.7070019e-01	 -7.7720820e-04 -1.7250036e-03	 1.12e+00 Accepted	 125	 364	
606	 5.7092110e-01	 +3.7550873e-03 -2.1536667e-03	 9.00e-01 Accepted	 124	 334	
607	 5.7098531e-01	 +5.4043486e-04 -4.7334769e-03	 9.97e-01 Accepted	 119	 325	
608	 5.7081313e-01	 -1.1373524e-03 -1.6320712e-03	 9.83e-01 Accepted	 117	 319	
609	 5.7117037e-01	 +5.9189380e-05 -3.0746872e-03	 1.16e+00 Accepted	 120	 306	
610	 5.7053112e-01	 +2.4307886e-03 -4.1903824e-03	 7.63e-01 Accepted	 116	 307	
611	 5.7028797e-01	 -3.0815233e-04 -4.0351901e-03	 1.15e+00 Accepted	 117	 342	
612	 5.7028797e-01	 -3.0815233e-04 -4.0351901e-03	 9.19e-01 Rejected	 128	 363	
613	 5.7034904e-01	 -3.2652937e-04 -2.7162589e-03	 7.98e-01 Accepted	 120	 289	
614	 5.7070554e-01	 -2.5015380e-03 -3.7949000e-03	 9.98e-01 Accepted	 110	 293	
615	 5.7089338e-01	 -7.8234565e-04 -3.5767621e-04	 1.10e+00 Accepted	 120	 367	
616	 5.7080074e-01	 -3.3913887e-03 -2.9337821e-03	 9.00e-01 Accepted	 135	 384	
617	 5.7079472e-01	 -1.9468982e-03 -1.0186163e-03	 1.04e+00 Accepted	 140	 421	
618	 5.7075499e-01	 -5.7022109e-03 -3.7496140e-03	 1.13e+00 Accepted	 137	 330	
619	 5.7046696e-01	 -4.2294266e-03 -2.6394248e-03	 7.89e-01 Accepted	 122	 334	
620	 5.7071678e-01	 -1.1060118e-05 -4.0986428e-03	 1.24e+00 Accepted	 128	 384	
621	 5.7060539e-01	 -2.3372419e-03 -4.0325334e-03	 1.13e+00 Accepted	 139	 402	
622	 5.7054115e-01	 -2.6220720e-03 -1.5873601e-03	 9.01e-01 Accepted	 141	 390	
623	 5.7036195e-01	 -1.3300422e-03 +9.0102548e-04	 1.09e+00 Accepted	 139	 422	
624	 5.7030465e-01	 +1.9958184e-04 -5.3489428e-03	 8.39e-01 Accepted	 146	 474	
625	 5.6990648e-01	 -1.7390934e-04 -1.8899932e-03	 8.74e-01 Accepted	 148	 419	
626	 5.7032209e-01	 -1.0935898e-03 -2.9951822e-03	 1.13e+00 Accepted	 137	 295	
627	 5.7056720e-01	 -1.1887571e-03 +3.6053903e-03	 9.44e-01 Accepted	 120	 357	
628	 5.7075740e-01	 -2.7133399e-03 -2.1261720e-03	 9.83e-01 Accepted	 124	 349	
629	 5.7090927e-01	 -8.1691326e-06 -1.8647988e-03	 1.04e+00 Accepted	 126	 347	
630	 5.7090577e-01	 +4.4673250e-04 -1.8095352e-03	 1.06e+00 Accepted	 123	 302	
631	 5.7121935e-01	 -8.5253894e-04 -2.7299726e-03	 1.04e+00 Accepted	 130	 450	
632	 5.7097346e-01	 -9.7860433e-05 -1.3359767e-03	 7.98e-01 Accepted	 148	 378	
633	 5.7105990e-01	 -1.1886143e-03 -5.6660424e-03	 9.25e-01 Accepted	 138	 414	
634	 5.7088006e-01	 +1.6662872e-03 -1.6344928e-03	 9.82e-01 Accepted	 144	 450	
635	 5.7047390e-01	 +5.3607336e-06 -5.2319082e-03	 8.41e-01 Accepted	 145	 374	
636	 5.7062340e-01	 -1.7110201e-03 -1.8706574e-03	 1.20e+00 Accepted	 133	 384	
637	 5.7053767e-01	 -2.7735997e-03 -4.9184025e-03	 1.05e+00 Accepted	 131	 364	
638	 5.7065396e-01	 -5.9092596e-03 -3.1321320e-03	 9.58e-01 Accepted	 128	 348	
639	 5.7065396e-01	 -5.9092596e-03 -3.1321320e-03	 9.10e-01 Rejected	 127	 301	
640	 5.7075036e-01	 -2.7340006e-03 -1.8804363e-03	 1.14e+00 Accepted	 125	 403	
641	 5.7069532e-01	 -5.4278362e-03 -3.3756048e-03	 1.01e+00 Accepted	 136	 342	
642	 5.7089315e-01	 -5.0664651e-03 -4.6886875e-03	 9.84e-01 Accepted	 121	 309	
643	 5.7087444e-01	 -2.9489026e-03 -1.9893235e-03	 1.10e+00 Accepted	 127	 365	
644	 5.7096296e-01	 -2.5781377e-03 -5.4038485e-03	 1.04e+00 Accepted	 126	 314	
645	 5.7137945e-01	 -6.0252090e-03 -4.1436954e-03	 1.18e+00 Accepted	 127	 418	
646	 5.7123128e-01	 -8.1760084e-04 -3.5133885e-03	 8.13e-01 Accepted	 145	 435	
647	 5.7094872e-01	 -2.6951134e-03 -5.3286512e-03	 9.91e-01 Accepted	 143	 427	
648	 5.7134829e-01	 -2.5393908e-03 -1.5489649e-03	 1.32e+00 Accepted	 147	 442	
649	 5.7119455e-01	 -6.6810630e-04 -4.8101002e-03	 1.06e+00 Accepted	 149	 412	
650	 5.7105882e-01	 -2.9317493e-03 +8.7374178e-04	 9.84e-01 Accepted	 141	 344	
651	 5.7106710e-01	 -3.4575858e-03 -2.8467667e-03	 1.26e+00 Accepted	 130	 395	
652	 5.7102118e-01	 -4.9909814e-03 -4.2821981e-03	 1.08e+00 Accepted	 141	 415	
653	 5.7085374e-01	 -7.0959369e-04 -5.0903560e-03	 1.08e+00 Accepted	 143	 454	
654	 5.7078983e-01	 -2.4677714e-03 -5.3353674e-03	 9.17e-01 Accepted	 152	 458	
655	 5.7044371e-01	 +9.7852110e-04 -4.0137713e-03	 9.76e-01 Accepted	 153	 445	
656	 5.7053700e-01	 -1.4641880e-03 -5.6133224e-03	 1.10e+00 Accepted	 147	 330	
657	 5.7057531e-01	 -1.1274875e-03 -3.1699125e-03	 8.00e-01 Accepted	 123	 357	
658	 5.7060757e-01	 -1.1881336e-03 -4.1439561e-03	 1.17e+00 Accepted	 138	 429	
659	 5.7099874e-01	 +2.0284065e-03 -4.9700889e-03	 1.40e+00 Accepted	 145	 365	
660	 5.7110330e-01	 -6.4433414e-04 -1.7430755e-03	 8.43e-01 Accepted	 132	 368	
661	 5.7091820e-01	 -2.0610451e-03 -2.8523913e-03	 7.11e-01 Accepted	 123	 327	
662	 5.7083189e-01	 -2.1914556e-03 -3.6141517e-03	 1.25e+00 Accepted	 126	 398	
663	 5.7083145e-01	 -5.8056344e-04 -5.1833096e-03	 7.90e-01 Accepted	 137	 393	
664	 5.7053845e-01	 -6.3033699e-04 -3.2268758e-03	 9.38e-01 Accepted	 136	 343	
665	 5.7052485e-01	 +2.0289444e-03 -3.4783084e-03	 7.68e-01 Accepted	 126	 351	
666	 5.7066144e-01	 -5.6196626e-04 -4.1713111e-03	 8.50e-01 Accepted	 127	 335	
667	 5.7070916e-01	 -1.1774314e-03 -4.8596666e-03	 8.48e-01 Accepted	 126	 331	
668	 5.7088183e-01	 +3.7264754e-04 -4.0086902e-03	 1.06e+00 Accepted	 126	 362	
669	 5.7079733e-01	 +1.6806259e-03 -2.5108384e-03	 9.50e-01 Accepted	 131	 371	
670	 5.7047519e-01	 +2.7448237e-03 -2.8502372e-03	 8.90e-01 Accepted	 138	 415	
671	 5.7038873e-01	 -3.4439876e-05 -3.4553805e-03	 9.32e-01 Accepted	 133	 303	
672	 5.7088915e-01	 -2.3845461e-04 -3.1256431e-03	 1.10e+00 Accepted	 121	 387	
673	 5.7103107e-01	 +8.2793863e-04 -3.2862291e-03	 1.05e+00 Accepted	 132	 378	
674	 5.7049437e-01	 +1.9313459e-03 -5.4805078e-03	 7.22e-01 Accepted	 125	 285	
675	 5.7023936e-01	 +4.0221679e-04 -6.1341744e-03	 9.85e-01 Accepted	 111	 287	
676	 5.7037301e-01	 +3.6328538e-03 -2.2780829e-03	 1.04e+00 Accepted	 115	 365	
677	 5.7061636e-01	 -2.2594729e-03 -4.8151238e-03	 1.23e+00 Accepted	 128	 371	
678	 5.7090750e-01	 +6.7140604e-04 -3.3846212e-03	 1.18e+00 Accepted	 130	 395	
679	 5.7071590e-01	 -9.6819478e-04 -3.0076264e-05	 8.19e-01 Accepted	 135	 336	
680	 5.7072983e-01	 -9.1821608e-04 -4.6435422e-03	 1.17e+00 Accepted	 132	 433	
681	 5.7070948e-01	 -2.0256675e-03 -3.3778942e-03	 7.93e-01 Accepted	 138	 328	
# Starting_type: CheckpointStart
# Trajectory_length / Number_of_MD_steps: 1 / 8
# 	 Plaquette	 Polyakov_Loop(re,im)	 Acc._Probability	 runtime_per_traj(s)	 CG_iterations	
681	 5.7070948e-01	 -2.0256675e-03 -3.3778942e-03	 7.93e-01 Accepted	 143	 328	
682	 5.7078478e-01	 -1.3105804e-03 +5.6042334e-05	 9.13e-01 Accepted	 124	 293	
683	 5.7080906e-01	 -1.3240072e-03 -3.1666535e-03	 9.07e-01 Accepted	 117	 353	
684	 5.7081451e-01	 -5.1590310e-03 -3.0582875e-03	 9.12e-01 Accepted	 124	 312	
685	 5.7055951e-01	 -1.8265294e-03 -2.4571925e-03	 9.01e-01 Accepted	 121	 356	
686	 5.7055951e-01	 -1.8265294e-03 -2.4571925e-03	 8.73e-01 Rejected	 126	 378	
687	 5.7021286e-01	 +8.8962456e-05 -2.4628754e-03	 1.11e+00 Accepted	 137	 452	
688	 5.7051381e-01	 -1.2435891e-04 -2.7648633e-03	 1.12e+00 Accepted	 148	 400	
689	 5.7070901e-01	 +1.5936000e-03 -1.3403584e-03	 1.06e+00 Accepted	 128	 302	
690	 5.7069858e-01	 -1.5855879e-03 +1.6171929e-03	 1.13e+00 Accepted	 120	 423	
691	 5.7067777e-01	 +1.6379302e-03 -7.8296917e-04	 1.01e+00 Accepted	 136	 366	
692	 5.7075712e-01	 +2.2232670e-03 -1.7725369e-03	 1.16e+00 Accepted	 122	 313	
693	 5.7037555e-01	 +7.0037241e-04 +4.7987881e-04	 9.06e-01 Accepted	 115	 327	
694	 5.7074892e-01	 +1.8802608e-03 -3.2562249e-03	 1.22e+00 Accepted	 132	 430	
695	 5.7052866e-01	 +3.2360555e-03 -2.0115096e-03	 1.11e+00 Accepted	 137	 366	
696	 5.7053078e-01	 +2.2632850e-03 -7.1952384e-04	 1.15e+00 Accepted	 135	 380	
697	 5.7067251e-01	 +1.3812500e-03 -8.7292719e-04	 1.07e+00 Accepted	 133	 337	
698	 5.7038170e-01	 +1.7257179e-03 -6.5992693e-04	 9.57e-01 Accepted	 121	 336	
699	 5.7046115e-01	 +4.2862998e-03 -3.1856156e-03	 9.09e-01 Accepted	 122	 337	
700	 5.7055325e-01	 -8.1446687e-05 +3.2821208e-04	 1.04e+00 Accepted	 125	 364	
701	 5.7021824e-01	 +4.0228808e-04 -8.8231090e-04	 7.22e-01 Accepted	 133	 398	
702	 5.7019980e-01	 +6.8732927e-04 -1.0488000e-03	 8.59e-01 Accepted	 134	 389	
703	 5.6977661e-01	 -1.5861910e-04 -9.2216377e-04	 1.11e+00 Accepted	 131	 347	
704	 5.7043923e-01	 -1.0680178e-03 -6.9244038e-04	 1.53e+00 Accepted	 129	 407	
705	 5.7053443e-01	 +2.5986435e-03 -5.5741872e-04	 9.58e-01 Accepted	 143	 439	
706	 5.7053443e-01	 +2.5986435e-03 -5.5741872e-04	 7.27e-01 Rejected	 147	 413	
707	 5.7089536e-01	 +2.1616183e-03 -2.2323853e-03	 1.33e+00 Accepted	 144	 396	
708	 5.7105954e-01	 -1.4447129e-03 -3.4377910e-03	 9.66e-01 Accepted	 131	 305	
709	 5.7096787e-01	 -7.2692918e-04 -1.3355088e-03	 6.39e-01 Accepted	 111	 318	
710	 5.7063968e-01	 -7.0721591e-04 -2.6422967e-04	 1.17e+00 Accepted	 114	 317	
711	 5.7086226e-01	 +4.0022621e-03 -1.1732088e-03	 1.16e+00 Accepted	 122	 375	
712	 5.7071177e-01	 -1.6492827e-03 -2.0259292e-03	 9.84e-01 Accepted	 131	 376	
713	 5.7120969e-01	 -8.2191942e-04 -2.2613400e-04	 1.21e+00 Accepted	 136	 457	
714	 5.7095932e-01	 -2.5422112e-04 -1.7411718e-03	 1.02e+00 Accepted	 151	 424	
715	 5.7091655e-01	 +1.8733854e-04 -2.2462096e-03	 9.76e-01 Accepted	 139	 359	
716	 5.7136892e-01	 +1.2730226e-03 -3.1790269e-03	 9.01e-01 Accepted	 120	 317	
717	 5.7136892e-01	 +1.2730226e-03 -3.1790269e-03	 8.77e-01 Rejected	 124	 376	
718	 5.7084795e-01	 -1.0402216e-03 -2.1692678e-03	 9.04e-01 Accepted	 126	 410	
719	 5.7109076e-01	 -7.9476619e-04 -3.1013456e-03	 1.18e+00 Accepted	 145	 402	
720	 5.7111176e-01	 -2.2924793e-03 -1.7209471e-03	 1.05e+00 Accepted	 137	 395	
721	 5.7086055e-01	 +2.0915235e-03 -5.9676540e-03	 1.02e+00 Accepted	 142	 389	
722	 5.7086055e-01	 +2.0915235e-03 -5.9676540e-03	 8.04e-01 Rejected	 145	 436	
723	 5.7083332e-01	 -1.5195546e-03 -2.1739404e-03	 1.23e+00 Accepted	 137	 416	
724	 5.7088349e-01	 -1.5712693e-03 -2.2536049e-03	 1.11e+00 Accepted	 142	 372	
725	 5.7050277e-01	 +1.7676937e-03 -3.0096947e-03	 7.13e-01 Accepted	 143	 473	
726	 5.7065378e-01	 +1.7988709e-03 -1.8153016e-03	 1.29e+00 Accepted	 155	 439	
727	 5.7079478e-01	 -1.7257958e-03 +5.3531614e-04	 1.33e+00 Accepted	 142	 357	
728	 5.7083296e-01	 -1.2537843e-04 -3.1867338e-03	 1.00e+00 Accepted	 130	 398	
729	 5.7050466e-01	 -1.4107412e-03 +1.0127261e-04	 8.53e-01 Accepted	 134	 299	
730	 5.7083259e-01	 -2.8957329e-04 -3.2437990e-03	 1.14e+00 Accepted	 111	 294	
731	 5.7099426e-01	 +1.1561150e-04 -2.7739831e-03	 9.46e-01 Accepted	 113	 306	
732	 5.7107011e-01	 -1.1190077e-03 -1.9683713e-03	 9.54e-01 Accepted	 116	 312	
733	 5.7105917e-01	 +2.0746994e-04 -1.3298053e-03	 1.03e+00 Accepted	 117	 313	
734	 5.7083157e-01	 -2.3048303e-03 -4.2005397e-03	 8.54e-01 Accepted	 112	 278	
735	 5.7083157e-01	 -2.3048303e-03 -4.2005397e-03	 8.89e-01 Rejected	 116	 353	
736	 5.7116784e-01	 +2.1881494e-03 -9.3919208e-04	 1.49e+00 Accepted	 111	 315	
737	 5.7101782e-01	 +1.1689718e-05 -4.1742955e-03	 6.78e-01 Accepted	 119	 366	
738	 5.7059042e-01	 +3.4080975e-04 -3.8581391e-04	 8.63e-01 Accepted	 133	 413	
739	 5.7104132e-01	 +2.1910210e-03 -4.0391474e-03	 1.35e+00 Accepted	 129	 352	
740	 5.7104132e-01	 +2.1910210e-03 -4.0391474e-03	 8.04e-01 Rejected	 123	 316	
741	 5.7104132e-01	 +2.1910210e-03 -4.0391474e-03	 9.54e-01 Rejected	 136	 412	
742	 5.7065468e-01	 +2.7637516e-03 -1.2039428e-03	 7.42e-01 Accepted	 127	 354	
743	 5.7063318e-01	 +3.0382452e-03 -1.5811092e-03	 1.02e+00 Accepted	 134	 413	
744	 5.7021759e-01	 +2.0616801e-03 -5.7432541e-03	 7.85e-01 Accepted	 135	 336	
745	 5.7034100e-01	 +2.0893572e-03 +1.8889126e-03	 1.31e+00 Accepted	 126	 400	
746	 5.7034100e-01	 +2.0893572e-03 +1.8889126e-03	 7.40e-01 Rejected	 130	 302	
747	 5.7032178e-01	 +2.2669508e-03 -5.9935255e-04	 9.17e-01 Accepted	 142	 452	
748	 5.7035500e-01	 +2.9494482e-03 -1.2827115e-03	 9.66e-01 Accepted	 145	 447	
749	 5.7062210e-01	 +3.2286052e-03 -7.7954095e-03	 1.14e+00 Accepted	 140	 370	
750	 5.7004009e-01	 -1.8006631e-04 -4.1212190e-03	 7.67e-01 Accepted	 133	 345	
751	 5.7031154e-01	 +2.0837078e-03 -9.3700415e-04	 1.07e+00 Accepted	 120	 334	
752	 5.7031154e-01	 +2.0837078e-03 -9.3700415e-04	 8.42e-01 Rejected	 126	 397	
753	 5.7031154e-01	 +2.0837078e-03 -9.3700415e-04	 9.50e-01 Rejected	 118	 276	
754	 5.7028218e-01	 -3.1378552e-04 -2.3476410e-03	 9.81e-01 Accepted	 121	 383	
755	 5.7023214e-01	 +2.4411856e-03 -4.1097168e-03	 9.04e-01 Accepted	 133	 395	
756	 5.7069848e-01	 +9.2778497e-04 -8.6570332e-04	 1.30e+00 Accepted	 134	 346	
757	 5.7040904e-01	 -2.4736948e-03 -2.0490840e-03	 7.47e-01 Accepted	 121	 291	
758	 5.7047211e-01	 +6.6630058e-04 -8.8613906e-05	 8.23e-01 Accepted	 118	 370	
759	 5.7029989e-01	 +9.2752170e-04 -1.3033956e-03	 1.11e+00 Accepted	 127	 343	
760	 5.7033710e-01	 -8.1518461e-04 -4.9831512e-04	 1.06e+00 Accepted	 130	 399	
761	 5.7037395e-01	 +7.7208987e-04 -7.3054012e-04	 8.76e-01 Accepted	 144	 441	
762	 5.7020743e-01	 +2.1894713e-03 +4.9907108e-04	 1.15e+00 Accepted	 144	 384	
763	 5.7062555e-01	 +1.2616918e-04 -7.1354312e-04	 1.06e+00 Accepted	 139	 414	
764	 5.7034147e-01	 +2.2360718e-03 -1.6827698e-03	 9.81e-01 Accepted	 141	 392	
765	 5.7067321e-01	 +1.4924530e-03 -1.4375645e-03	 1.14e+00 Accepted	 134	 442	
766	 5.7049903e-01	 -5.7218784e-04 -1.5132251e-03	 7.51e-01 Accepted	 143	 355	
767	 5.7045220e-01	 -4.4522910e-04 +9.6290385e-04	 7.10e-01 Accepted	 133	 401	
768	 5.7024365e-01	 -1.8812365e-03 +5.2615777e-04	 9.96e-01 Accepted	 139	 412	
769	 5.7017917e-01	 +4.4479354e-03 -3.8140929e-03	 1.01e+00 Accepted	 134	 373	
770	 5.7012235e-01	 +3.2691319e-03 -1.2412099e-03	 9.96e-01 Accepted	 133	 380	
771	 5.7060056e-01	 +1.6463724e-03 +3.6437771e-04	 1.27e+00 Accepted	 132	 385	
772	 5.7071962e-01	 +2.3579442e-03 +8.3379097e-04	 1.09e+00 Accepted	 134	 343	
773	 5.7070278e-01	 +4.7228726e-04 +5.8440220e-04	 9.44e-01 Accepted	 125	 363	
774	 5.7052800e-01	 +8.6859843e-04 +1.3005502e-04	 9.55e-01 Accepted	 120	 305	
775	 5.7049043e-01	 +8.7988693e-04 -1.4013811e-03	 9.06e-01 Accepted	 128	 439	
776	 5.7036599e-01	 +4.8600426e-03 -2.7435620e-03	 1.03e+00 Accepted	 146	 401	
777	 5.7036599e-01	 +4.8600426e-03 -2.7435620e-03	 7.69e-01 Rejected	 141	 374	
778	 5.7030907e-01	 +2.9430160e-03 -1.9873531e-04	 9.78e-01 Accepted	 140	 433	
779	 5.7018757e-01	 +2.6467216e-03 -2.2055832e-03	 8.70e-01 Accepted	 138	 339	
780	 5.7063246e-01	 +3.0207461e-03 -1.4791388e-03	 1.31e+00 Accepted	 129	 374	
781	 5.7091088e-01	 +3.8154310e-05 +5.2727479e-04	 1.15e+00 Accepted	 128	 337	
782	 5.7091088e-01	 +3.8154310e-05 +5.2727479e-04	 5.85e-01 Rejected	 127	 392	
783	 5.7113034e-01	 +6.1694068e-04 +5.0853686e-04	 1.09e+00 Accepted	 124	 410	
784	 5.7103950e-01	 -7.9317019e-04 -1.5668911e-03	 9.40e-01 Accepted	 137	 356	
785	 5.7104933e-01	 +6.1380983e-04 -4.7310999e-04	 9.40e-01 Accepted	 125	 322	
786	 5.7097847e-01	 -1.3736367e-03 +4.1524371e-04	 9.88e-01 Accepted	 117	 355	
787	 5.7074918e-01	 -2.8337285e-04 -2.6374221e-05	 8.53e-01 Accepted	 127	 303	
788	 5.7107576e-01	 -9.0442889e-04 -1.6937206e-03	 9.49e-01 Accepted	 122	 351	
789	 5.7109482e-01	 +1.7639762e-03 -1.6421372e-03	 1.12e+00 Accepted	 128	 359	
790	 5.7150099e-01	 +1.6017646e-03 -4.6770215e-04	 1.03e+00 Accepted	 129	 349	
791	 5.7094889e-01	 +1.9232724e-06 -2.9297300e-04	 8.62e-01 Accepted	 118	 301	
792	 5.7081777e-01	 -2.6418587e-04 -1.7711153e-03	 7.25e-01 Accepted	 124	 405	
793	 5.7030514e-01	 -1.4448218e-03 +6.6153588e-04	 8.05e-01 Accepted	 128	 292	
794	 5.7020987e-01	 -2.7114133e-03 -6.1083778e-04	 9.53e-01 Accepted	 119	 424	
795	 5.6980586e-01	 -2.3095450e-03 +1.2930193e-04	 9.95e-01 Accepted	 149	 404	
796	 5.7021219e-01	 -8.3527339e-04 -1.5326349e-03	 1.35e+00 Accepted	 134	 414	
797	 5.7004016e-01	 -1.1009660e-03 -5.2064314e-03	 9.32e-01 Accepted	 137	 373	
798	 5.7035602e-01	 -2.1105332e-03 -5.3276219e-03	 9.48e-01 Accepted	 122	 273	
799	 5.7047703e-01	 +7.8306598e-04 -1.9528433e-03	 1.31e+00 Accepted	 107	 281	
800	 5.7048723e-01	 +1.2372748e-03 -2.2639141e-03	 1.15e+00 Accepted	 115	 394	
801	 5.7069162e-01	 -1.9493652e-04 +5.7324975e-04	 8.61e-01 Accepted	 141	 400	
802	 5.7064727e-01	 +4.4913053e-05 -2.4296928e-03	 9.81e-01 Accepted	 138	 446	
803	 5.7034722e-01	 +4.2284719e-04 -1.7031220e-03	 8.42e-01 Accepted	 136	 299	
804	 5.7053008e-01	 +3.3058019e-03 -2.6659348e-03	 9.18e-01 Accepted	 115	 328	
805	 5.7033522e-01	 +1.1175959e-03 +8.6353764e-04	 6.75e-01 Accepted	 125	 388	
806	 5.7037947e-01	 +2.0878349e-03 -2.2985897e-03	 1.17e+00 Accepted	 132	 342	
807	 5.7019147e-01	 +1.4261798e-03 -2.5025171e-03	 7.83e-01 Accepted	 122	 330	
808	 5.7023644e-01	 +1.9777812e-03 -1.2512645e-03	 1.33e+00 Accepted	 131	 373	
809	 5.7014418e-01	 +1.7318739e-03 +1.2898253e-03	 9.12e-01 Accepted	 131	 381	
810	 5.7032119e-01	 +2.4549389e-03 -1.6234967e-03	 9.23e-01 Accepted	 133	 373	
811	 5.7015008e-01	 +5.3193107e-03 +1.9686083e-03	 9.71e-01 Accepted	 131	 329	
812	 5.7015784e-01	 +5.3026015e-03 -1.4057342e-03	 9.37e-01 Accepted	 121	 358	
813	 5.6998477e-01	 +3.8039842e-03 +1.1892324e-03	 8.66e-01 Accepted	 120	 290	
814	 5.7020181e-01	 +3.8218811e-03 +4.4987765e-06	 1.03e+00 Accepted	 110	 309	
815	 5.6998286e-01	 +3.0991458e-03 +1.5142350e-03	 1.26e+00 Accepted	 117	 308	
816	 5.7057174e-01	 +6.9740482e-03 +8.6559730e-04	 1.32e+00 Accepted	 121	 382	
817	 5.7078537e-01	 +5.7352729e-03 +1.5520345e-03	 9.76e-01 Accepted	 129	 312	
818	 5.7056593e-01	 +4.8739060e-03 +1.6513160e-03	 1.07e+00 Accepted	 120	 374	
819	 5.7053872e-01	 +6.7412989e-03 -1.5415406e-03	 1.11e+00 Accepted	 137	 398	
820	 5.7000268e-01	 +5.1123447e-03 -9.9964533e-04	 9.25e-01 Accepted	 135	 338	
821	 5.6992284e-01	 +6.9578239e-03 -1.6011885e-03	 1.26e+00 Accepted	 126	 325	
822	 5.7018079e-01	 +4.8623467e-03 -1.2743956e-03	 1.21e+00 Accepted	 126	 374	
823	 5.7012458e-01	 +4.8928618e-03 -1.2534987e-03	 1.05e+00 Accepted	 137	 461	
824	 5.7011870e-01	 +7.8401749e-03 -2.8028619e-03	 1.16e+00 Accepted	 152	 466	
825	 5.7049218e-01	 +5.7266497e-03 -1.4377144e-03	 1.08e+00 Accepted	 154	 475	
826	 5.7057883e-01	 +5.8850809e-03 +2.1325942e-04	 1.19e+00 Accepted	 149	 390	
827	 5.7083287e-01	 +5.0842747e-03 +7.6305824e-04	 1.02e+00 Accepted	 131	 346	
828	 5.7042557e-01	 +6.3173810e-03 +2.4413667e-03	 1.04e+00 Accepted	 135	 427	
829	 5.7040525e-01	 +8.2599220e-03 +4.8826297e-04	 1.16e+00 Accepted	 147	 412	
830	 5.7056758e-01	 +7.3825103e-03 -1.4088492e-03	 1.12e+00 Accepted	 143	 408	
831	 5.7102874e-01	 +5.2411855e-03 +3.4965765e-03	 1.24e+00 Accepted	 141	 417	
832	 5.7074302e-01	 +6.3422598e-03 -4.2146892e-04	 9.72e-01 Accepted	 144	 432	
833	 5.7027678e-01	 +3.0677195e-03 +1.4665419e-03	 6.55e-01 Accepted	 144	 456	
834	 5.7006660e-01	 +5.1757415e-03 +9.9820673e-04	 8.23e-01 Accepted	 142	 336	
835	 5.7016321e-01	 +5.6785705e-03 +2.7948182e-04	 1.02e+00 Accepted	 128	 406	
836	 5.6979157e-01	 +5.5163679e-03 +2.1871551e-03	 7.79e-01 Accepted	 131	 363	
837	 5.6996522e-01	 +7.7663816e-03 +1.9165933e-03	 1.05e+00 Accepted	 125	 297	
838	 5.6986568e-01	 +4.5446050e-03 +1.2616258e-04	 1.05e+00 Accepted	 118	 311	
839	 5.6981410e-01	 +5.1361524e-03 -8.1430191e-04	 1.28e+00 Accepted	 114	 299	
840	 5.6976453e-01	 +8.8945098e-03 +6.3379633e-04	 1.13e+00 Accepted	 117	 304	
841	 5.6992419e-01	 +1.4827362e-03 +2.4519361e-03	 1.27e+00 Accepted	 116	 355	
842	 5.6998781e-01	 +4.7496593e-03 +4.4859223e-03	 1.00e+00 Accepted	 120	 317	
843	 5.7021596e-01	 +3.2692149e-03 +1.2533702e-03	 1.25e+00 Accepted	 118	 370	
844	 5.7020559e-01	 +5.4487616e-03 -1.9943486e-04	 8.52e-01 Accepted	 132	 392	
845	 5.7035471e-01	 +6.6970239e-03 +2.4172626e-03	 1.01e+00 Accepted	 133	 322	
846	 5.7042460e-01	 +4.1934264e-03 +2.8187631e-05	 1.02e+00 Accepted	 117	 325	
847	 5.7071485e-01	 +6.3993586e-03 +2.2069609e-03	 1.24e+00 Accepted	 129	 393	
848	 5.7063804e-01	 +4.8988100e-03 +1.7968865e-03	 1.34e+00 Accepted	 131	 316	
849	 5.7088454e-01	 +3.6815881e-03 +2.2538045e-03	 1.08e+00 Accepted	 123	 383	
850	 5.7067332e-01	 +5.8743556e-03 -1.5134211e-03	 1.12e+00 Accepted	 133	 311	
851	 5.7086722e-01	 +1.9305406e-03 +2.4392777e-03	 1.05e+00 Accepted	 125	 404	
852	 5.7096240e-01	 +9.9367397e-03 +2.5926988e-03	 1.13e+00 Accepted	 129	 337	
853	 5.7099386e-01	 +5.0465239e-03 +1.4146152e-03	 9.20e-01 Accepted	 124	 360	
854	 5.7099386e-01	 +5.0465239e-03 +1.4146152e-03	 7.10e-01 Rejected	 125	 355	
855	 5.7099386e-01	 +5.0465239e-03 +1.4146152e-03	 8.19e-01 Rejected	 125	 331	
856	 5.7123520e-01	 +5.9122362e-03 +6.8526744e-04	 1.14e+00 Accepted	 128	 317	
857	 5.7085195e-01	 +3.9558788e-03 -1.2869091e-03	 8.42e-01 Accepted	 121	 336	
858	 5.7082967e-01	 +1.1532734e-03 +1.9820802e-03	 8.43e-01 Accepted	 125	 330	
859	 5.7107681e-01	 +1.9583562e-03 +9.5150050e-04	 1.23e+00 Accepted	 122	 361	
860	 5.7085249e-01	 +4.5338163e-03 +1.0715556e-03	 9.75e-01 Accepted	 125	 339	
861	 5.7064504e-01	 +6.9602926e-03 -1.0521140e-03	 8.50e-01 Accepted	 128	 439	
862	 5.7045579e-01	 +7.6456684e-03 +1.7931563e-03	 7.44e-01 Accepted	 143	 387	
863	 5.7077114e-01	 +4.4937298e-03 +7.5940632e-04	 8.95e-01 Accepted	 132	 384	
864	 5.7093642e-01	 +4.7551866e-03 +2.1396708e-03	 1.22e+00 Accepted	 147	 476	
865	 5.7081967e-01	 +2.3677009e-03 -4.8063330e-04	 8.01e-01 Accepted	 155	 459	
866	 5.7093057e-01	 +5.5973858e-03 +2.5406243e-03	 9.97e-01 Accepted	 154	 479	
867	 5.7104351e-01	 +4.2675553e-03 +7.0781614e-05	 1.21e+00 Accepted	 150	 357	
868	 5.7085170e-01	 +3.8399709e-03 +1.4900926e-03	 8.54e-01 Accepted	 134	 444	
869	 5.7066116e-01	 +4.0395494e-03 -1.1368389e-03	 8.39e-01 Accepted	 147	 444	
870	 5.7050250e-01	 +5.4619780e-03 +7.0064845e-04	 7.21e-01 Accepted	 142	 318	
871	 5.7045489e-01	 +3.7680583e-03 +3.9655639e-03	 9.33e-01 Accepted	 117	 377	
872	 5.7052237e-01	 +7.1669754e-03 +1.3662602e-03	 1.07e+00 Accepted	 138	 438	
873	 5.7055099e-01	 +3.1802726e-03 +6.2617461e-04	 1.05e+00 Accepted	 142	 336	
874	 5.7029568e-01	 +3.3639838e-03 +1.3784829e-03	 9.41e-01 Accepted	 127	 382	
875	 5.7029568e-01	 +3.3639838e-03 +1.3784829e-03	 7.80e-01 Rejected	 137	 401	
876	 5.7028550e-01	 +3.3521153e-03 +1.6150782e-03	 1.10e+00 Accepted	 136	 393	
877	 5.6997334e-01	 +7.1236941e-03 +2.0264867e-03	 9.22e-01 Accepted	 141	 417	
878	 5.7036762e-01	 +6.1427059e-03 +3.3110570e-03	 1.18e+00 Accepted	 147	 440	
879	 5.7041960e-01	 +4.2455831e-03 -3.4294395e-04	 1.14e+00 Accepted	 143	 394	
880	 5.7031419e-01	 +7.1968928e-03 +2.0366009e-03	 9.79e-01 Accepted	 139	 427	
881	 5.6988991e-01	 +1.4090823e-03 +2.4163426e-03	 9.64e-01 Accepted	 145	 430	
882	 5.6968783e-01	 +5.6263421e-03 +7.0566347e-05	 9.62e-01 Accepted	 143	 359	
883	 5.6972903e-01	 +3.2135560e-03 +3.4914759e-04	 8.50e-01 Accepted	 132	 318	
884	 5.7025462e-01	 +2.4052596e-03 +2.6164572e-03	 1.31e+00 Accepted	 127	 430	
885	 5.7014766e-01	 +1.9429417e-03 +3.1427823e-03	 1.03e+00 Accepted	 145	 476	
886	 5.7044489e-01	 +2.8707325e-03 +2.5148592e-03	 1.40e+00 Accepted	 149	 376	
887	 5.7007251e-01	 +2.5409892e-03 +4.5208649e-03	 7.57e-01 Accepted	 133	 328	
888	 5.7044049e-01	 +6.0177279e-03 +8.6120835e-04	 1.05e+00 Accepted	 123	 381	
889	 5.7061807e-01	 +4.4260133e-03 +1.9401365e-03	 1.02e+00 Accepted	 138	 426	
890	 5.7046238e-01	 +6.3979102e-03 +2.9682254e-03	 8.38e-01 Accepted	 135	 312	
891	 5.7075621e-01	 +7.3088537e-03 +1.6546205e-03	 1.11e+00 Accepted	 121	 420	
892	 5.7096342e-01	 +2.7186359e-03 +2.8784427e-03	 9.80e-01 Accepted	 139	 370	
893	 5.7126501e-01	 +3.1461116e-03 +7.4067329e-04	 1.10e+00 Accepted	 140	 457	
894	 5.7123561e-01	 -4.9599717e-04 +4.0646978e-03	 9.90e-01 Accepted	 144	 390	
895	 5.7089351e-01	 +2.5690492e-03 +2.4049569e-03	 9.38e-01 Accepted	 142	 422	
896	 5.7076481e-01	 +3.1677501e-03 +1.6674209e-03	 9.60e-01 Accepted	 145	 432	
897	 5.7107692e-01	 +3.4321101e-03 +1.6169331e-03	 1.25e+00 Accepted	 149	 458	
898	 5.7111285e-01	 +4.6050641e-03 +3.6144917e-03	 9.63e-01 Accepted	 150	 393	
899	 5.7123297e-01	 +1.1436449e-03 -7.8927488e-04	 1.14e+00 Accepted	 137	 317	
900	 5.7111245e-01	 +5.6990646e-03 +1.9592838e-03	 7.89e-01 Accepted	 124	 408	
901	 5.7100760e-01	 +2.1772195e-03 +1.1476898e-03	 1.18e+00 Accepted	 143	 432	
902	 5.7055068e-01	 +5.6811081e-03 +5.0953025e-05	 7.76e-01 Accepted	 141	 376	
903	 5.7051496e-01	 +8.3923242e-06 +7.9550536e-04	 1.02e+00 Accepted	 132	 323	
904	 5.7077641e-01	 +2.5575298e-03 +2.1345417e-03	 1.02e+00 Accepted	 121	 331	
905	 5.7058898e-01	 +2.7866022e-03 +3.0660627e-04	 8.90e-01 Accepted	 120	 344	
906	 5.7062588e-01	 +9.6595739e-04 +8.4540484e-05	 1.20e+00 Accepted	 124	 356	
907	 5.7042172e-01	 +1.4049609e-03 +1.3373402e-03	 1.04e+00 Accepted	 133	 402	
908	 5.7066315e-01	 -1.4636307e-03 -8.6633967e-05	 1.50e+00 Accepted	 131	 359	
909	 5.7083748e-01	 +1.4773939e-03 +1.4251419e-03	 9.63e-01 Accepted	 126	 405	
910	 5.7125833e-01	 -4.5389815e-04 +2.3327583e-03	 1.02e+00 Accepted	 139	 397	
911	 5.7125833e-01	 -4.5389815e-04 +2.3327583e-03	 8.65e-01 Rejected	 125	 304	
912	 5.7054976e-01	 +2.0105747e-03 +1.3722576e-03	 8.01e-01 Accepted	 134	 332	
913	 5.7085252e-01	 -1.1049331e-03 +1.2852911e-03	 1.19e+00 Accepted	 125	 366	
914	 5.7065481e-01	 -2.6608173e-03 +3.9208434e-03	 8.42e-01 Accepted	 135	 365	
915	 5.7083074e-01	 -8.0582529e-04 -9.3700500e-04	 8.47e-01 Accepted	 128	 335	
916	 5.7030656e-01	 +1.1933702e-03 +2.7676229e-03	 7.97e-01 Accepted	 121	 355	
917	 5.7049484e-01	 -1.0614329e-04 +5.5931443e-04	 1.06e+00 Accepted	 131	 447	
918	 5.7059065e-01	 +4.6864330e-04 -3.3343633e-03	 1.28e+00 Accepted	 147	 390	
919	 5.7028612e-01	 -1.7643994e-03 +5.0637399e-04	 1.02e+00 Accepted	 135	 410	
920	 5.7064977e-01	 +1.7103423e-03 -3.4664300e-04	 9.52e-01 Accepted	 143	 470	
921	 5.7064977e-01	 +1.7103423e-03 -3.4664300e-04	 6.76e-01 Rejected	 151	 426	
922	 5.7080429e-01	 -1.4391992e-03 +2.0062678e-03	 9.52e-01 Accepted	 154	 444	
923	 5.7050708e-01	 -1.8533596e-04 -6.2459571e-04	 7.93e-01 Accepted	 148	 450	
924	 5.7051454e-01	 +9.2185101e-04 +1.8265615e-03	 8.65e-01 Accepted	 146	 381	
925	 5.7059100e-01	 +4.5884396e-04 +2.5823884e-04	 9.35e-01 Accepted	 134	 386	
926	 5.7093622e-01	 +3.1163124e-03 -5.3447462e-03	 1.11e+00 Accepted	 137	 370	
927	 5.7093622e-01	 +3.1163124e-03 -5.3447462e-03	 7.13e-01 Rejected	 134	 393	
928	 5.7055685e-01	 -1.1050796e-03 -6.2497688e-04	 8.40e-01 Accepted	 131	 382	
929	 5.7038777e-01	 +8.4146263e-04 -2.6952392e-03	 1.16e+00 Accepted	 138	 392	
930	 5.7021787e-01	 +4.6917056e-04 -2.3103945e-03	 7.49e-01 Accepted	 137	 398	
931	 5.7067694e-01	 -2.0540286e-04 +3.6600349e-05	 1.24e+00 Accepted	 130	 336	
932	 5.7041286e-01	 +8.2623614e-04 +7.5502383e-04	 8.85e-01 Accepted	 126	 380	
933	 5.7074893e-01	 +3.7761316e-03 -2.8753462e-03	 1.69e+00 Accepted	 123	 277	
934	 5.7066964e-01	 +2.1052899e-03 +2.9942952e-03	 1.03e+00 Accepted	 114	 409	
935	 5.7049599e-01	 -1.9080553e-04 -1.2164069e-03	 8.35e-01 Accepted	 133	 357	
936	 5.7060661e-01	 +6.1045299e-04 -1.3007471e-04	 1.10e+00 Accepted	 130	 331	
937	 5.7082910e-01	 +1.5189783e-03 +2.2130121e-03	 9.02e-01 Accepted	 123	 318	
938	 5.7044727e-01	 +2.8414528e-03 +1.0261029e-03	 8.76e-01 Accepted	 113	 269	
939	 5.7072332e-01	 -4.9017387e-04 +2.0422938e-03	 8.54e-01 Accepted	 110	 285	
940	 5.7086298e-01	 +5.0409980e-03 +3.1516528e-03	 1.04e+00 Accepted	 119	 399	
941	 5.7079167e-01	 +2.9900559e-03 +1.3575275e-03	 1.11e+00 Accepted	 136	 379	
942	 5.7079167e-01	 +2.9900559e-03 +1.3575275e-03	 7.71e-01 Rejected	 138	 423	
943	 5.7086411e-01	 +2.0435448e-03 +2.2864656e-03	 8.10e-01 Accepted	 126	 306	
944	 5.7049095e-01	 +3.3943968e-04 +2.3190026e-03	 9.28e-01 Accepted	 114	 307	
945	 5.7059872e-01	 -7.4071163e-04 +1.1114790e-03	 1.30e+00 Accepted	 120	 370	
946	 5.7040604e-01	 +2.6221943e-03 -9.2635663e-04	 9.08e-01 Accepted	 131	 323	
947	 5.7031467e-01	 +9.7019445e-04 +4.3103885e-03	 8.76e-01 Accepted	 124	 375	
948	 5.7056988e-01	 -1.2049722e-03 +1.8891146e-03	 1.13e+00 Accepted	 126	 359	
949	 5.6993488e-01	 +1.2518207e-04 -1.9483250e-03	 8.60e-01 Accepted	 128	 364	
950	 5.7000034e-01	 +1.4477466e-03 +3.2122099e-03	 1.16e+00 Accepted	 133	 343	
951	 5.7021044e-01	 +1.5516822e-03 +5.6259198e-04	 1.07e+00 Accepted	 131	 370	
952	 5.7030482e-01	 -9.6514750e-05 -2.3356083e-03	 1.05e+00 Accepted	 132	 375	
953	 5.7007402e-01	 +5.3745942e-04 -2.8649448e-04	 7.61e-01 Accepted	 128	 372	
954	 5.7015048e-01	 +5.1144268e-04 -3.3243125e-03	 1.19e+00 Accepted	 131	 376	
955	 5.7036789e-01	 -1.4600333e-04 -1.4919171e-04	 9.87e-01 Accepted	 131	 383	
956	 5.7080578e-01	 +2.3198238e-03 +2.2325922e-04	 1.01e+00 Accepted	 128	 323	
957	 5.7063583e-01	 +1.5380384e-03 -1.9182486e-03	 1.13e+00 Accepted	 121	 323	
958	 5.7043697e-01	 +2.1381732e-03 -2.2913500e-03	 8.54e-01 Accepted	 122	 357	
959	 5.7052715e-01	 -1.8539328e-05 +4.1125781e-06	 9.49e-01 Accepted	 130	 428	
960	 5.7032976e-01	 +2.6281686e-04 +4.7731048e-03	 9.04e-01 Accepted	 138	 345	
961	 5.7064695e-01	 +3.8682588e-04 +2.2811549e-03	 1.39e+00 Accepted	 123	 352	
962	 5.7076404e-01	 +2.8636991e-03 +1.3500022e-03	 9.05e-01 Accepted	 130	 380	
963	 5.7055756e-01	 +2.7772246e-03 +3.1512226e-03	 8.84e-01 Accepted	 137	 399	
964	 5.7015980e-01	 +1.0231176e-03 -1.0106028e-03	 8.67e-01 Accepted	 129	 330	
965	 5.7033124e-01	 +4.1548080e-03 +7.1743830e-04	 9.35e-01 Accepted	 131	 406	
966	 5.7010059e-01	 -4.7173401e-04 +5.8513646e-04	 1.08e+00 Accepted	 145	 430	
967	 5.7010059e-01	 -4.7173401e-04 +5.8513646e-04	 6.55e-01 Rejected	 139	 351	
968	 5.6968440e-01	 +3.3750642e-03 +1.5174656e-03	 8.51e-01 Accepted	 145	 420	
969	 5.6968440e-01	 +3.3750642e-03 +1.5174656e-03	 7.71e-01 Rejected	 146	 437	
970	 5.7000789e-01	 +2.3855531e-03 +1.8476101e-03	 1.23e+00 Accepted	 148	 478	
971	 5.7047293e-01	 +3.9138573e-03 -2.3789890e-03	 1.27e+00 Accepted	 154	 400	
972	 5.7059053e-01	 +2.1174407e-04 -3.2550398e-04	 1.39e+00 Accepted	 139	 358	
973	 5.7059053e-01	 +2.1174407e-04 -3.2550398e-04	 8.88e-01 Rejected	 132	 440	
974	 5.7059053e-01	 +2.1174407e-04 -3.2550398e-04	 8.09e-01 Rejected	 139	 446	
975	 5.7053650e-01	 +8.0537715e-04 -1.2451192e-03	 9.47e-01 Accepted	 135	 364	
976	 5.7077010e-01	 +2.6889443e-03 -2.5098821e-03	 1.11e+00 Accepted	 135	 383	
977	 5.7082956e-01	 +3.7454743e-03 -5.5725828e-04	 1.00e+00 Accepted	 136	 362	
978	 5.7051923e-01	 +4.8768972e-03 -3.2448504e-03	 1.04e+00 Accepted	 131	 334	
979	 5.7043505e-01	 +4.1962253e-03 +3.6208217e-03	 1.01e+00 Accepted	 124	 390	
980	 5.7070983e-01	 +6.7296727e-03 -2.0616623e-03	 1.18e+00 Accepted	 133	 400	
981	 5.7070983e-01	 +6.7296727e-03 -2.0616623e-03	 7.14e-01 Rejected	 136	 444	
