# Starting_type: ColdStart
# serial RNG seed: 	[51951 37713 27143 39230 49587]
# parallel RNG seed:	[30486 53035 25134 22089 21770]
# Trajectory_length / Number_of_MD_steps: 1 / 7
# 	 Plaquette	 Polyakov_Loop(re,im)	 Acc._Probability	 runtime_per_traj(s)	 CG_iterations	
1	 8.0348726e-01	 +4.2812159e-01 -5.5839604e-04	 1.96e-31 Skipping	 118	 475	
2	 7.2858532e-01	 +2.5889045e-01 -1.5890532e-03	 1.90e-16 Skipping	 152	 578	
3	 6.8103707e-01	 +1.6900678e-01 -1.4786474e-03	 2.02e-11 Skipping	 171	 665	
4	 6.4693330e-01	 +1.2817405e-01 -1.0133645e-03	 1.78e-08 Skipping	 187	 747	
5	 6.2215665e-01	 +9.8520512e-02 +6.2934638e-04	 1.90e-06 Skipping	 202	 824	
6	 6.0437555e-01	 +7.6737762e-02 +1.3779368e-04	 1.07e-04 Skipping	 220	 925	
7	 5.9133079e-01	 +6.9178343e-02 +2.5412500e-04	 1.38e-03 Skipping	 238	 978	
8	 5.8174703e-01	 +5.8816549e-02 +4.2897996e-04	 5.24e-03 Skipping	 252	 1050	
9	 5.7517666e-01	 +5.4767627e-02 +2.0806439e-03	 4.57e-02 Skipping	 268	 1135	
10	 5.6973039e-01	 +4.8603223e-02 +5.8383172e-05	 3.63e-02 Skipping	 283	 1196	
11	 5.6584441e-01	 +4.2946716e-02 +2.9825724e-03	 1.63e-01 Skipping	 293	 1272	
12	 5.6304373e-01	 +4.0478482e-02 +1.5792624e-03	 2.42e-01 Skipping	 310	 1329	
13	 5.6123719e-01	 +3.7760094e-02 +2.6023696e-03	 4.99e-01 Skipping	 323	 1417	
14	 5.5991629e-01	 +3.4119136e-02 +2.6616320e-03	 4.91e-01 Skipping	 337	 1418	
15	 5.5885800e-01	 +3.3086647e-02 -3.2521661e-04	 3.75e-01 Skipping	 344	 1490	
16	 5.5752730e-01	 +3.3527996e-02 -3.8647552e-05	 8.02e-01 Skipping	 355	 1595	
17	 5.5672888e-01	 +3.0269632e-02 +5.1488712e-04	 8.97e-01 Skipping	 380	 1744	
18	 5.5649250e-01	 +2.9891982e-02 -1.7847493e-03	 1.28e+00 Skipping	 401	 1667	
19	 5.5625113e-01	 +2.9827311e-02 +7.7291350e-04	 1.15e+00 Skipping	 393	 1706	
20	 5.5619027e-01	 +2.7589603e-02 -3.3349729e-04	 1.02e+00 Skipping	 403	 1753	
21	 5.5575333e-01	 +2.6157390e-02 +5.7728849e-04	 6.75e-01 Skipping	 424	 1945	
22	 5.5558734e-01	 +2.3517877e-02 -6.0244230e-04	 7.61e-01 Skipping	 454	 2000	
23	 5.5531504e-01	 +2.4215691e-02 -2.1456644e-03	 8.24e-01 Skipping	 468	 1956	
24	 5.5518406e-01	 +2.2260797e-02 +1.5970627e-03	 4.08e-01 Skipping	 465	 2094	
25	 5.5477415e-01	 +2.7138617e-02 -2.5679083e-03	 1.62e+00 Skipping	 481	 2076	
26	 5.5487062e-01	 +2.6672485e-02 -1.0461700e-03	 9.79e-01 Skipping	 485	 2066	
27	 5.5483552e-01	 +2.4416459e-02 +2.2205495e-03	 8.84e-01 Skipping	 488	 2159	
28	 5.5488225e-01	 +2.4447870e-02 -2.4181051e-04	 1.01e+00 Skipping	 490	 2080	
29	 5.5474301e-01	 +2.3106632e-02 +9.1422456e-04	 6.94e-01 Skipping	 485	 2162	
30	 5.5457400e-01	 +2.1578811e-02 +2.0220320e-03	 1.14e+00 Skipping	 502	 2230	
31	 5.5456032e-01	 +2.2964548e-02 +7.7325419e-04	 1.04e+00 Skipping	 515	 2306	
32	 5.5507221e-01	 +2.0080497e-02 -2.7676208e-03	 1.87e+00 Skipping	 527	 2413	
33	 5.5501698e-01	 +2.2645671e-02 -1.1746019e-03	 9.55e-01 Skipping	 544	 2510	
34	 5.5476299e-01	 +2.2285150e-02 -1.0515601e-03	 1.11e+00 Skipping	 558	 2459	
35	 5.5466306e-01	 +2.1754120e-02 +3.0626348e-04	 3.80e-01 Skipping	 558	 2363	
36	 5.5438271e-01	 +1.6994166e-02 -6.4018580e-04	 6.39e-01 Skipping	 541	 2435	
37	 5.5445813e-01	 +1.9068937e-02 +3.3802227e-04	 1.77e+00 Skipping	 553	 2440	
38	 5.5468630e-01	 +2.1193615e-02 -1.8777930e-03	 9.19e-01 Skipping	 562	 2571	
39	 5.5462573e-01	 +1.7848166e-02 -5.7983460e-05	 8.86e-01 Skipping	 578	 2630	
40	 5.5399790e-01	 +1.8113342e-02 -1.3445578e-03	 5.65e-01 Skipping	 594	 2699	
41	 5.5410405e-01	 +2.0440304e-02 -9.3487161e-04	 1.65e+00 Skipping	 595	 2581	
42	 5.5434721e-01	 +1.9973573e-02 -1.0791715e-03	 1.14e+00 Skipping	 582	 2588	
43	 5.5412457e-01	 +2.0121603e-02 +1.5265248e-03	 1.27e+00 Skipping	 571	 2413	
44	 5.5428436e-01	 +2.1852575e-02 -4.5643159e-05	 1.23e+00 Skipping	 573	 2774	
45	 5.5439044e-01	 +1.8299529e-02 +1.6411479e-04	 1.26e+00 Skipping	 614	 2700	
46	 5.5410316e-01	 +2.0814760e-02 +2.7916358e-03	 5.30e-01 Skipping	 618	 2813	
47	 5.5404194e-01	 +1.8621384e-02 +1.3607513e-03	 8.55e-01 Skipping	 649	 2999	
48	 5.5432755e-01	 +1.4765277e-02 +5.5816726e-03	 5.60e-01 Skipping	 678	 3169	
49	 5.5444261e-01	 +1.5883769e-02 -1.2494331e-03	 1.07e+00 Skipping	 704	 3167	
50	 5.5405065e-01	 +1.8947039e-02 +3.3349982e-03	 6.68e-01 Skipping	 712	 3266	
51	 5.5431331e-01	 +1.6916137e-02 +4.2708681e-03	 1.15e+00 Accepted	 728	 3310	
52	 5.5451329e-01	 +1.6399070e-02 -6.8334057e-04	 8.09e-01 Accepted	 725	 3298	
53	 5.5442055e-01	 +1.7523575e-02 -3.7891135e-04	 1.13e+00 Accepted	 740	 3407	
54	 5.5431695e-01	 +1.7177802e-02 +3.2333035e-03	 1.63e+00 Accepted	 754	 3592	
55	 5.5421583e-01	 +2.0096031e-02 +3.0033808e-03	 7.95e-01 Accepted	 786	 3623	
56	 5.5404669e-01	 +2.0062620e-02 +1.2562210e-03	 4.71e-01 Accepted	 791	 3622	
57	 5.5346299e-01	 +1.7247035e-02 +9.9354938e-04	 9.80e-01 Accepted	 776	 3366	
58	 5.5344965e-01	 +1.8501744e-02 -1.9536486e-03	 7.88e-01 Accepted	 762	 3512	
59	 5.5309701e-01	 +1.5096140e-02 +3.1378742e-03	 1.18e+00 Accepted	 775	 3539	
60	 5.5317603e-01	 +1.9741762e-02 +1.5824658e-03	 9.48e-01 Accepted	 787	 3679	
61	 5.5321360e-01	 +1.6519899e-02 -2.6055201e-03	 6.79e-01 Accepted	 837	 3988	
62	 5.5352809e-01	 +1.7698068e-02 +7.6653560e-04	 1.22e+00 Accepted	 859	 3584	
63	 5.5334721e-01	 +1.7197305e-02 -1.2691929e-03	 8.16e-01 Accepted	 787	 3563	
64	 5.5334721e-01	 +1.7197305e-02 -1.2691929e-03	 6.97e-01 Rejected	 787	 3501	
65	 5.5395905e-01	 +1.6936275e-02 +6.5869156e-04	 2.47e+00 Accepted	 788	 3596	
66	 5.5407776e-01	 +1.7954030e-02 -1.1636555e-03	 8.46e-01 Accepted	 794	 3575	
67	 5.5415042e-01	 +1.5446928e-02 -5.2853534e-05	 7.35e-01 Accepted	 790	 3477	
68	 5.5368669e-01	 +1.4934135e-02 +2.5254678e-03	 7.33e-01 Accepted	 779	 3544	
69	 5.5343631e-01	 +1.6650494e-02 +1.1764005e-03	 1.05e+00 Accepted	 797	 3735	
70	 5.5350588e-01	 +1.5452950e-02 -1.1393850e-03	 9.19e-01 Accepted	 857	 4014	
71	 5.5350588e-01	 +1.5452950e-02 -1.1393850e-03	 6.09e-01 Rejected	 863	 3833	
72	 5.5352071e-01	 +1.6781405e-02 +3.1576839e-04	 1.90e+00 Accepted	 893	 4141	
73	 5.5299863e-01	 +1.7622837e-02 +3.6227103e-04	 7.73e-01 Accepted	 923	 4326	
74	 5.5299863e-01	 +1.7622837e-02 +3.6227103e-04	 6.74e-01 Rejected	 953	 4470	
75	 5.5314210e-01	 +1.6264900e-02 +2.8176858e-03	 6.46e-01 Accepted	 957	 4210	
# Starting_type: CheckpointStart
# Trajectory_length / Number_of_MD_steps: 1 / 7
# 	 Plaquette	 Polyakov_Loop(re,im)	 Acc._Probability	 runtime_per_traj(s)	 CG_iterations	
75	 5.5314210e-01	 +1.6264900e-02 +2.8176858e-03	 6.46e-01 Accepted	 988	 4210	
76	 5.5321198e-01	 +1.4158755e-02 +8.0105069e-04	 8.02e-01 Accepted	 934	 4165	
77	 5.5313061e-01	 +1.7628936e-02 -8.1098825e-04	 1.22e+00 Accepted	 926	 4200	
78	 5.5313061e-01	 +1.7628936e-02 -8.1098825e-04	 7.24e-01 Rejected	 976	 4693	
79	 5.5291373e-01	 +1.5065093e-02 -6.9389077e-04	 9.46e-01 Accepted	 922	 4119	
80	 5.5335380e-01	 +1.3367247e-02 -5.0290539e-04	 9.49e-01 Accepted	 922	 4218	
81	 5.5335380e-01	 +1.3367247e-02 -5.0290539e-04	 7.14e-01 Rejected	 938	 4216	
82	 5.5315376e-01	 +1.3575745e-02 +2.9129130e-03	 1.07e+00 Accepted	 923	 4059	
83	 5.5361820e-01	 +1.2501714e-02 -1.5512793e-03	 7.50e-01 Accepted	 906	 4247	
84	 5.5358410e-01	 +1.5325340e-02 +4.4768464e-04	 9.66e-01 Accepted	 895	 3875	
85	 5.5342911e-01	 +1.3051479e-02 -1.4556952e-04	 1.36e+00 Accepted	 860	 3844	
86	 5.5366902e-01	 +1.4820810e-02 -1.2343839e-04	 1.39e+00 Accepted	 851	 3718	
87	 5.5381359e-01	 +1.6402755e-02 -6.8826656e-05	 2.62e+00 Accepted	 825	 3591	
88	 5.5341390e-01	 +1.2096488e-02 +8.8624289e-05	 1.06e+00 Accepted	 799	 3690	
89	 5.5322128e-01	 +1.6452369e-02 -1.2851576e-03	 8.82e-01 Accepted	 801	 3538	
90	 5.5322128e-01	 +1.6452369e-02 -1.2851576e-03	 7.40e-01 Rejected	 808	 3825	
91	 5.5348780e-01	 +1.2555081e-02 +1.3683888e-03	 1.68e+00 Accepted	 806	 3648	
92	 5.5374776e-01	 +1.6983306e-02 -2.1083210e-03	 1.03e+00 Accepted	 825	 3956	
93	 5.5344480e-01	 +1.2585704e-02 -1.3099263e-03	 9.55e-01 Accepted	 863	 3876	
94	 5.5351968e-01	 +1.2483168e-02 -1.8004274e-03	 1.20e+00 Accepted	 866	 4062	
95	 5.5352663e-01	 +1.5102747e-02 -3.2345209e-04	 1.29e+00 Accepted	 893	 4038	
96	 5.5396532e-01	 +1.4584487e-02 +3.8323859e-04	 8.47e-01 Accepted	 906	 4062	
97	 5.5415952e-01	 +1.3114236e-02 -1.8640774e-03	 1.91e+00 Accepted	 957	 4671	
98	 5.5404854e-01	 +1.5420048e-02 -1.1938511e-03	 9.28e-01 Accepted	 1013	 4553	
99	 5.5388754e-01	 +1.7951669e-02 -6.0741018e-04	 8.45e-01 Accepted	 1037	 4846	
100	 5.5391903e-01	 +1.3360920e-02 -2.1660030e-03	 9.05e-01 Accepted	 1071	 4831	
101	 5.5391903e-01	 +1.3360920e-02 -2.1660030e-03	 7.62e-01 Rejected	 1050	 4776	
102	 5.5410519e-01	 +1.2736333e-02 -6.7725907e-04	 1.44e+00 Accepted	 1048	 4897	
103	 5.5387306e-01	 +1.1343308e-02 +1.1894563e-03	 9.39e-01 Accepted	 1052	 4797	
104	 5.5375174e-01	 +1.5707799e-02 -7.9774721e-04	 7.38e-01 Accepted	 1050	 4675	
105	 5.5367619e-01	 +1.2901287e-02 -1.1965643e-03	 1.43e+00 Accepted	 1019	 4557	
106	 5.5367619e-01	 +1.2901287e-02 -1.1965643e-03	 6.55e-01 Rejected	 1023	 4632	
107	 5.5339342e-01	 +1.4917156e-02 -2.3810497e-03	 1.11e+00 Accepted	 997	 4468	
108	 5.5334481e-01	 +1.0110570e-02 -3.5208713e-03	 1.22e+00 Accepted	 971	 4262	
109	 5.5320285e-01	 +1.1680527e-02 +5.9473790e-04	 1.77e+00 Accepted	 981	 4630	
110	 5.5318250e-01	 +1.1915078e-02 -1.9324924e-03	 5.96e-01 Accepted	 992	 4481	
111	 5.5316601e-01	 +8.0853472e-03 +1.0124220e-03	 8.98e-01 Accepted	 992	 4588	
112	 5.5299370e-01	 +1.1686299e-02 +1.3970865e-03	 1.30e+00 Accepted	 1016	 4720	
113	 5.5345060e-01	 +1.2550588e-02 -1.0566641e-03	 1.69e+00 Accepted	 1049	 4758	
114	 5.5347307e-01	 +9.0299113e-03 -1.6216585e-03	 1.03e+00 Accepted	 1037	 4864	
115	 5.5347307e-01	 +9.0299113e-03 -1.6216585e-03	 5.00e-01 Rejected	 1025	 4632	
116	 5.5388678e-01	 +1.0243371e-02 +3.2988533e-03	 1.15e+00 Accepted	 1033	 4715	
117	 5.5345708e-01	 +1.4703058e-02 -1.1789833e-03	 4.99e-01 Accepted	 1034	 4823	
118	 5.5351182e-01	 +7.6943136e-03 -2.5064751e-03	 1.23e+00 Accepted	 1011	 4548	
119	 5.5337041e-01	 +1.2902171e-02 -4.2626750e-03	 1.08e+00 Accepted	 1026	 4891	
# Starting_type: CheckpointStart
# Trajectory_length / Number_of_MD_steps: 1 / 7
# 	 Plaquette	 Polyakov_Loop(re,im)	 Acc._Probability	 runtime_per_traj(s)	 CG_iterations	
119	 5.5337041e-01	 +1.2902171e-02 -4.2626750e-03	 1.08e+00 Accepted	 1063	 4891	
120	 5.5337041e-01	 +1.2902171e-02 -4.2626750e-03	 5.09e-01 Rejected	 1046	 4819	
121	 5.5374421e-01	 +1.1287181e-02 -3.2351631e-03	 1.06e+00 Accepted	 1059	 4885	
122	 5.5380855e-01	 +1.1356981e-02 -1.3654824e-03	 6.16e-01 Accepted	 1084	 4948	
123	 5.5339072e-01	 +1.3075201e-02 -1.7635756e-03	 6.87e-01 Accepted	 1057	 4760	
124	 5.5334467e-01	 +1.1005411e-02 -1.0542140e-03	 9.21e-01 Accepted	 1039	 4579	
125	 5.5352847e-01	 +4.4874964e-03 -1.2599661e-03	 1.08e+00 Accepted	 1044	 4808	
126	 5.5352847e-01	 +4.4874964e-03 -1.2599661e-03	 3.79e-01 Rejected	 1050	 4669	
127	 5.5379943e-01	 +9.9970440e-03 -1.9272460e-03	 1.75e+00 Accepted	 1067	 5004	
128	 5.5379943e-01	 +9.9970440e-03 -1.9272460e-03	 3.61e-01 Rejected	 1115	 4933	
129	 5.5375303e-01	 +9.4611942e-03 +1.0901143e-03	 1.00e+00 Accepted	 1082	 4763	
130	 5.5385393e-01	 +1.0402417e-02 -2.7659939e-03	 5.34e-01 Accepted	 1072	 4890	
131	 5.5385393e-01	 +1.0402417e-02 -2.7659939e-03	 4.65e-01 Rejected	 1080	 4935	
132	 5.5379291e-01	 +8.5436367e-03 +1.7735511e-04	 9.49e-01 Accepted	 1084	 4758	
133	 5.5415929e-01	 +9.9358484e-03 +4.1797159e-04	 1.35e+00 Accepted	 1069	 4948	
134	 5.5409939e-01	 +7.8639215e-03 -3.5806803e-03	 9.98e-01 Accepted	 1066	 4763	
135	 5.5386294e-01	 +1.2391080e-02 -4.7617560e-03	 1.40e+00 Accepted	 1048	 4773	
136	 5.5362606e-01	 +8.8593305e-03 -1.2834348e-03	 9.85e-01 Accepted	 1036	 4756	
137	 5.5384910e-01	 +9.4369127e-03 -2.3405182e-03	 8.39e-01 Accepted	 1046	 4795	
138	 5.5324858e-01	 +1.0707595e-02 -1.3904100e-03	 3.86e-01 Accepted	 1032	 4585	
139	 5.5344058e-01	 +1.0413123e-02 +7.0438921e-04	 1.03e+00 Accepted	 1011	 4545	
140	 5.5371574e-01	 +1.2273078e-02 -8.1882605e-04	 1.21e+00 Accepted	 1018	 4594	
141	 5.5361816e-01	 +1.1240364e-02 -4.6143752e-04	 1.04e+00 Accepted	 1012	 4558	
142	 5.5394123e-01	 +1.3789341e-02 +4.5192324e-03	 1.50e+00 Accepted	 1003	 4670	
143	 5.5346000e-01	 +9.7746927e-03 -1.0946791e-04	 6.29e-01 Accepted	 1011	 4305	
144	 5.5299431e-01	 +1.2290005e-02 -7.6628167e-04	 1.70e+00 Accepted	 1013	 4709	
145	 5.5281631e-01	 +1.0662423e-02 +1.6549518e-03	 5.78e-01 Accepted	 1028	 4621	
146	 5.5275697e-01	 +1.2110388e-02 -1.6615156e-03	 1.07e+00 Accepted	 1019	 4542	
147	 5.5340676e-01	 +1.1177283e-02 -2.8195421e-04	 1.55e+00 Accepted	 1029	 4885	
148	 5.5307475e-01	 +9.3047222e-03 -1.4852656e-03	 7.60e-01 Accepted	 1044	 4725	
149	 5.5349979e-01	 +1.2228663e-02 +2.4114576e-03	 1.99e+00 Accepted	 1041	 4855	
150	 5.5326979e-01	 +1.1213345e-02 +9.6309112e-06	 8.46e-01 Accepted	 1052	 4586	
151	 5.5326979e-01	 +1.1213345e-02 +9.6309112e-06	 4.08e-01 Rejected	 1006	 4596	
152	 5.5348989e-01	 +1.3079322e-02 +8.7955274e-04	 1.84e+00 Accepted	 1009	 4582	
153	 5.5325743e-01	 +1.1656398e-02 +9.9458245e-04	 5.16e-01 Accepted	 991	 4285	
154	 5.5365938e-01	 +1.2867768e-02 -7.3112483e-04	 2.07e+00 Accepted	 992	 4459	
155	 5.5333078e-01	 +9.5487781e-03 -3.6184013e-03	 1.02e+00 Accepted	 1000	 4671	
156	 5.5333078e-01	 +9.5487781e-03 -3.6184013e-03	 5.50e-01 Rejected	 1052	 4771	
157	 5.5345960e-01	 +1.0255614e-02 +2.0047512e-03	 8.49e-01 Accepted	 1013	 4467	
158	 5.5352587e-01	 +1.0652153e-02 -9.2549914e-05	 1.60e+00 Accepted	 1000	 4481	
159	 5.5317348e-01	 +1.2560585e-02 -3.8407790e-04	 1.18e+00 Accepted	 1034	 4649	
# Starting_type: CheckpointStart
# Trajectory_length / Number_of_MD_steps: 1 / 7
# 	 Plaquette	 Polyakov_Loop(re,im)	 Acc._Probability	 runtime_per_traj(s)	 CG_iterations	
159	 5.5317348e-01	 +1.2560585e-02 -3.8407790e-04	 1.18e+00 Accepted	 1059	 4649	
160	 5.5371772e-01	 +1.0778267e-02 +1.3339405e-03	 1.33e+00 Accepted	 1051	 4678	
161	 5.5358005e-01	 +1.0314994e-02 -2.0486539e-03	 4.95e-01 Accepted	 1020	 4647	
162	 5.5358005e-01	 +1.0314994e-02 -2.0486539e-03	 8.11e-01 Rejected	 1021	 4605	
163	 5.5401671e-01	 +9.9439723e-03 -6.0874609e-04	 6.74e-01 Accepted	 1011	 4603	
164	 5.5431576e-01	 +9.3209085e-03 -2.1970504e-03	 1.38e+00 Accepted	 1005	 4613	
165	 5.5419373e-01	 +1.2347507e-02 +5.5107894e-04	 8.85e-01 Accepted	 1046	 4918	
166	 5.5414983e-01	 +8.7384436e-03 +4.6612398e-04	 1.29e+00 Accepted	 1050	 4786	
167	 5.5403785e-01	 +9.7116606e-03 +1.0941129e-03	 6.11e-01 Accepted	 1034	 4650	
168	 5.5385598e-01	 +6.9828323e-03 +1.8035973e-03	 7.50e-01 Accepted	 1006	 4274	
169	 5.5374310e-01	 +9.6148961e-03 +1.9414415e-03	 1.26e+00 Accepted	 971	 4509	
170	 5.5382768e-01	 +1.1292156e-02 +1.7434344e-03	 1.30e+00 Accepted	 983	 4220	
171	 5.5372360e-01	 +8.2973604e-03 -2.1876203e-03	 1.19e+00 Accepted	 974	 4386	
172	 5.5363712e-01	 +6.8663671e-03 -1.2020028e-04	 7.70e-01 Accepted	 1016	 4739	
173	 5.5351040e-01	 +9.3522530e-03 +2.1679587e-04	 1.33e+00 Accepted	 1061	 4834	
174	 5.5391304e-01	 +1.1443633e-02 +1.7483722e-03	 1.64e+00 Accepted	 1078	 4837	
175	 5.5372813e-01	 +7.6272917e-03 -8.8950053e-04	 7.66e-01 Accepted	 1096	 5063	
176	 5.5373117e-01	 +1.0071616e-02 -8.9119441e-04	 9.56e-01 Accepted	 1123	 5045	
177	 5.5402004e-01	 +1.0278385e-02 -2.1389609e-03	 1.91e+00 Accepted	 1112	 5095	
178	 5.5387424e-01	 +1.1654529e-02 +9.4603226e-04	 1.11e+00 Accepted	 1157	 5269	
179	 5.5387424e-01	 +1.1654529e-02 +9.4603226e-04	 5.94e-01 Rejected	 1161	 5257	
180	 5.5363471e-01	 +1.0581991e-02 +3.2918242e-03	 1.49e+00 Accepted	 1159	 5410	
181	 5.5363471e-01	 +1.0581991e-02 +3.2918242e-03	 6.56e-01 Rejected	 1184	 5493	
182	 5.5392361e-01	 +8.6724822e-03 +5.5519536e-04	 1.53e+00 Accepted	 1204	 5523	
183	 5.5405581e-01	 +1.0119181e-02 +5.5732237e-04	 7.00e-01 Accepted	 1202	 5380	
184	 5.5398660e-01	 +9.5844110e-03 +4.8163653e-03	 9.91e-01 Accepted	 1192	 5323	
185	 5.5356538e-01	 +9.0876333e-03 +8.0927261e-04	 1.14e+00 Accepted	 1209	 5543	
186	 5.5363886e-01	 +1.2308135e-02 -1.6575931e-03	 1.02e+00 Accepted	 1177	 5138	
187	 5.5363886e-01	 +1.2308135e-02 -1.6575931e-03	 6.97e-01 Rejected	 1174	 5296	
188	 5.5318360e-01	 +9.7346018e-03 -8.2545932e-05	 6.10e-01 Accepted	 1175	 5518	
189	 5.5318360e-01	 +9.7346018e-03 -8.2545932e-05	 5.32e-01 Rejected	 1196	 5320	
190	 5.5309156e-01	 +9.3731870e-03 -1.2945450e-03	 7.61e-01 Accepted	 1195	 5462	
191	 5.5374645e-01	 +6.1566970e-03 +4.6566337e-04	 7.60e-01 Accepted	 1194	 5387	
192	 5.5405105e-01	 +9.6326268e-03 +1.8323210e-03	 1.31e+00 Accepted	 1186	 5299	
193	 5.5373415e-01	 +1.1004769e-02 +8.9672598e-04	 7.63e-01 Accepted	 1167	 5366	
194	 5.5383276e-01	 +1.0006835e-02 -5.2078765e-04	 5.34e-01 Accepted	 1190	 5579	
195	 5.5382536e-01	 +1.0865880e-02 +1.8281745e-03	 1.13e+00 Accepted	 1206	 5304	
196	 5.5357426e-01	 +1.1513619e-02 +1.7680946e-03	 6.05e-01 Accepted	 1175	 5452	
# Starting_type: CheckpointStart
# Trajectory_length / Number_of_MD_steps: 1 / 7
# 	 Plaquette	 Polyakov_Loop(re,im)	 Acc._Probability	 runtime_per_traj(s)	 CG_iterations	
197	 5.5357426e-01	 +1.1513619e-02 +1.7680946e-03	 6.23e-01 Rejected	 1205	 5327	
198	 5.5347876e-01	 +9.2248365e-03 +3.4032007e-04	 4.14e-01 Accepted	 1167	 5290	
199	 5.5319337e-01	 +1.0935331e-02 -5.3204180e-04	 1.59e+00 Accepted	 1159	 5410	
200	 5.5346809e-01	 +7.6370024e-03 +3.2095028e-03	 1.33e+00 Accepted	 1172	 5178	
201	 5.5384152e-01	 +9.9178062e-03 -7.6839829e-04	 1.73e+00 Accepted	 1174	 5356	
202	 5.5330106e-01	 +1.1209290e-02 -2.9966124e-03	 8.74e-01 Accepted	 1200	 5363	
203	 5.5348586e-01	 +8.8261180e-03 -2.5485768e-03	 6.03e-01 Accepted	 1205	 5429	
204	 5.5340677e-01	 +1.0128497e-02 +9.2200137e-04	 1.17e+00 Accepted	 1202	 5550	
205	 5.5350200e-01	 +7.8313626e-03 +7.1200200e-04	 8.43e-01 Accepted	 1239	 5557	
206	 5.5350200e-01	 +7.8313626e-03 +7.1200200e-04	 8.02e-01 Rejected	 1231	 5527	
207	 5.5370904e-01	 +1.0082806e-02 +7.8521441e-04	 1.39e+00 Accepted	 1243	 5541	
208	 5.5341266e-01	 +7.8597262e-03 -1.2902653e-03	 5.55e-01 Accepted	 1221	 5463	
209	 5.5326851e-01	 +1.0602836e-02 -4.5280256e-04	 8.24e-01 Accepted	 1202	 5597	
210	 5.5324874e-01	 +9.0363864e-03 +5.3844443e-04	 1.13e+00 Accepted	 1254	 5658	
211	 5.5383230e-01	 +6.6921916e-03 +1.1175895e-03	 1.62e+00 Accepted	 1251	 5780	
212	 5.5383230e-01	 +6.6921916e-03 +1.1175895e-03	 3.17e-01 Rejected	 1227	 5289	
213	 5.5356477e-01	 +9.9282058e-03 -4.2997047e-04	 4.76e-01 Accepted	 1259	 5739	
214	 5.5395439e-01	 +9.5047044e-03 -2.6436006e-05	 9.48e-01 Accepted	 1273	 5594	
215	 5.5377359e-01	 +1.0562868e-02 +1.8721336e-03	 1.27e+00 Accepted	 1236	 5534	
216	 5.5377359e-01	 +1.0562868e-02 +1.8721336e-03	 6.79e-01 Rejected	 1224	 5460	
217	 5.5394316e-01	 +8.7918359e-03 +3.0570991e-03	 1.42e+00 Accepted	 1240	 5781	
218	 5.5341306e-01	 +7.6896152e-03 -1.3387271e-03	 1.05e+00 Accepted	 1268	 5621	
219	 5.5342648e-01	 +1.1926465e-02 -5.1935158e-04	 1.22e+00 Accepted	 1283	 6031	
220	 5.5370387e-01	 +6.9758298e-03 +2.3505477e-05	 1.42e+00 Accepted	 1308	 5991	
221	 5.5373820e-01	 +1.0042593e-02 +5.0423403e-05	 9.42e-01 Accepted	 1312	 6108	
222	 5.5398321e-01	 +6.4579693e-03 -2.8195267e-03	 1.20e+00 Accepted	 1298	 5810	
223	 5.5368528e-01	 +5.4703671e-03 -1.9349053e-03	 7.56e-01 Accepted	 1321	 6051	
224	 5.5377470e-01	 +5.6622189e-03 -1.4122107e-04	 1.65e+00 Accepted	 1330	 5972	
225	 5.5350565e-01	 +8.5729594e-03 +1.9892245e-03	 7.95e-01 Accepted	 1315	 5989	
226	 5.5351699e-01	 +1.0788505e-02 -3.4100106e-04	 8.96e-01 Accepted	 1278	 5713	
227	 5.5366114e-01	 +8.3774466e-03 +9.3479061e-04	 6.30e-01 Accepted	 1261	 5862	
228	 5.5323046e-01	 +8.6029327e-03 +2.5097383e-03	 1.66e+00 Accepted	 1280	 5892	
229	 5.5286963e-01	 +1.0059786e-02 +7.1321605e-04	 5.58e-01 Accepted	 1306	 6142	
230	 5.5307208e-01	 +1.1123136e-02 +1.5422073e-03	 1.68e+00 Accepted	 1311	 5968	
# Starting_type: CheckpointStart
# Trajectory_length / Number_of_MD_steps: 1 / 7
# 	 Plaquette	 Polyakov_Loop(re,im)	 Acc._Probability	 runtime_per_traj(s)	 CG_iterations	
231	 5.5269039e-01	 +7.1838489e-03 +5.5238506e-04	 1.45e+00 Accepted	 1039	 6057	
232	 5.5274168e-01	 +8.1666578e-03 +2.0091297e-03	 1.11e+00 Accepted	 1017	 6114	
233	 5.5275826e-01	 +6.8158993e-03 +8.5244732e-04	 6.34e-01 Accepted	 972	 6079	
234	 5.5274313e-01	 +7.2227499e-03 +1.0521829e-03	 8.80e-01 Accepted	 956	 6169	
235	 5.5321005e-01	 +1.1866167e-02 +2.3725640e-03	 1.58e+00 Accepted	 952	 6017	
236	 5.5312637e-01	 +1.0193402e-02 +6.0184416e-04	 5.89e-01 Accepted	 950	 5950	
237	 5.5310293e-01	 +5.6164000e-03 +2.2878371e-03	 7.45e-01 Accepted	 938	 5913	
238	 5.5310293e-01	 +5.6164000e-03 +2.2878371e-03	 6.01e-01 Rejected	 953	 5757	
239	 5.5346751e-01	 +8.8477570e-03 +2.3069720e-03	 1.68e+00 Accepted	 943	 5949	
240	 5.5346751e-01	 +8.8477570e-03 +2.3069720e-03	 7.89e-01 Rejected	 931	 5777	
241	 5.5346751e-01	 +8.8477570e-03 +2.3069720e-03	 7.99e-01 Rejected	 941	 5941	
242	 5.5376729e-01	 +8.6087451e-03 +1.7229962e-03	 1.87e+00 Accepted	 942	 5930	
243	 5.5358510e-01	 +6.4604971e-03 +3.9033995e-04	 8.02e-01 Accepted	 935	 5921	
244	 5.5352061e-01	 +8.6419309e-03 +1.3720538e-04	 5.59e-01 Accepted	 941	 5985	
245	 5.5327175e-01	 +6.1285341e-03 +1.8875592e-03	 7.66e-01 Accepted	 937	 6035	
246	 5.5310105e-01	 +7.3501348e-03 +2.3250332e-03	 1.57e+00 Accepted	 936	 5938	
247	 5.5306698e-01	 +1.0675505e-02 +1.1850074e-03	 9.15e-01 Accepted	 949	 6001	
248	 5.5309391e-01	 +4.9786336e-03 -1.2955583e-03	 6.67e-01 Accepted	 965	 6118	
249	 5.5367722e-01	 +2.5490461e-03 +1.9358212e-03	 2.44e+00 Accepted	 966	 6081	
250	 5.5347013e-01	 +5.4548467e-03 +1.7200974e-03	 3.13e+00 Accepted	 966	 6090	
251	 5.5347013e-01	 +5.4548467e-03 +1.7200974e-03	 4.90e-01 Rejected	 964	 6100	
252	 5.5347013e-01	 +5.4548467e-03 +1.7200974e-03	 5.37e-01 Rejected	 968	 6048	
253	 5.5360907e-01	 +1.0346729e-03 -1.7562342e-04	 2.44e+00 Accepted	 967	 6112	
254	 5.5360907e-01	 +1.0346729e-03 -1.7562342e-04	 1.64e-01 Rejected	 967	 5996	
255	 5.5327455e-01	 +7.7437054e-03 +2.8467318e-03	 1.74e+00 Accepted	 971	 6291	
256	 5.5327455e-01	 +7.7437054e-03 +2.8467318e-03	 3.14e-01 Rejected	 978	 6070	
257	 5.5343829e-01	 +4.7521052e-03 +5.3046652e-04	 5.29e-01 Accepted	 989	 6080	
258	 5.5353345e-01	 +6.9608882e-03 +9.2273573e-04	 1.21e+00 Accepted	 976	 6188	
259	 5.5312695e-01	 +5.6756171e-03 +1.8131507e-03	 4.05e-01 Accepted	 990	 6300	
260	 5.5264396e-01	 +3.0027343e-03 +3.2878523e-03	 1.26e+00 Accepted	 981	 6368	
261	 5.5302869e-01	 +6.6873470e-03 +1.2149113e-03	 1.07e+00 Accepted	 969	 6086	
262	 5.5280187e-01	 +4.6329604e-03 +1.4509411e-03	 1.67e+00 Accepted	 963	 6070	
263	 5.5272713e-01	 +2.8086888e-03 +9.5908696e-04	 1.34e+00 Accepted	 957	 6182	
264	 5.5268387e-01	 +5.8132496e-03 +1.9632653e-03	 6.05e-01 Accepted	 962	 6134	
265	 5.5331377e-01	 +4.8587386e-03 -2.0133739e-03	 1.06e+00 Accepted	 965	 6036	
266	 5.5331377e-01	 +4.8587386e-03 -2.0133739e-03	 1.86e-01 Rejected	 945	 6105	
267	 5.5301473e-01	 +4.8867659e-03 +2.3783977e-03	 7.78e-01 Accepted	 942	 6109	
268	 5.5303254e-01	 +3.8381780e-03 +2.2835102e-03	 9.41e-01 Accepted	 958	 6086	
269	 5.5313443e-01	 +4.1606404e-03 +1.7765496e-03	 7.89e-01 Accepted	 955	 6220	
270	 5.5313443e-01	 +4.1606404e-03 +1.7765496e-03	 6.41e-01 Rejected	 960	 6023	
271	 5.5298789e-01	 +2.8022114e-03 +2.9821650e-03	 6.81e-01 Accepted	 960	 6001	
272	 5.5282887e-01	 +3.4997851e-03 +1.5255107e-04	 5.39e-01 Accepted	 956	 6175	
273	 5.5310011e-01	 +5.8292685e-03 +3.7331120e-04	 1.46e+00 Accepted	 960	 6104	
274	 5.5317442e-01	 +3.5697257e-03 +1.4818188e-04	 9.54e-01 Accepted	 958	 6093	
# Starting_type: CheckpointStart
# Trajectory_length / Number_of_MD_steps: 1 / 7
# 	 Plaquette	 Polyakov_Loop(re,im)	 Acc._Probability	 runtime_per_traj(s)	 CG_iterations	
275	 5.5319047e-01	 +6.2639829e-03 +2.4093785e-04	 2.16e+00 Accepted	 1045	 6209	
276	 5.5320137e-01	 +1.9501635e-03 +1.2422056e-03	 3.81e+00 Accepted	 1054	 6270	
277	 5.5267320e-01	 +3.2677852e-03 +1.5736044e-03	 7.57e-01 Accepted	 994	 6071	
278	 5.5250980e-01	 +2.2735715e-03 +3.9711736e-04	 9.60e-01 Accepted	 975	 6072	
279	 5.5260157e-01	 +2.7746521e-03 +1.2410498e-03	 3.40e-01 Accepted	 982	 6037	
280	 5.5257502e-01	 +2.6994277e-03 -6.3818764e-04	 1.86e+00 Accepted	 976	 6078	
281	 5.5272281e-01	 +4.1489562e-03 -7.2877277e-04	 7.55e-01 Accepted	 994	 6089	
282	 5.5284289e-01	 +2.5863219e-03 -9.3588956e-04	 9.44e-01 Accepted	 989	 6160	
283	 5.5284289e-01	 +2.5863219e-03 -9.3588956e-04	 5.48e-01 Rejected	 985	 6114	
284	 5.5284289e-01	 +2.5863219e-03 -9.3588956e-04	 2.65e-01 Rejected	 977	 5952	
285	 5.5285981e-01	 +4.5133911e-03 +1.4904488e-03	 1.43e+00 Accepted	 998	 6191	
286	 5.5257981e-01	 +1.1040216e-03 -2.8406121e-04	 6.51e-01 Accepted	 990	 6150	
287	 5.5257981e-01	 +1.1040216e-03 -2.8406121e-04	 2.34e-01 Rejected	 1009	 6297	
288	 5.5257981e-01	 +1.1040216e-03 -2.8406121e-04	 3.41e-01 Rejected	 990	 6099	
289	 5.5281655e-01	 +4.3204880e-03 -1.0156974e-03	 1.62e+00 Accepted	 986	 6112	
290	 5.5330246e-01	 +3.9209452e-03 +1.1958271e-03	 1.22e+00 Accepted	 975	 5940	
291	 5.5330246e-01	 +3.9209452e-03 +1.1958271e-03	 4.74e-01 Rejected	 952	 5894	
292	 5.5332541e-01	 +8.2297479e-03 -6.1790639e-04	 5.35e-01 Accepted	 964	 6040	
293	 5.5350090e-01	 +5.0106013e-03 +1.6668208e-03	 7.77e-01 Accepted	 977	 6049	
294	 5.5316588e-01	 +2.8382760e-03 +1.6873136e-03	 9.29e-01 Accepted	 986	 6017	
295	 5.5291752e-01	 +2.5818685e-03 +1.4698274e-03	 9.25e-01 Accepted	 973	 6377	
296	 5.5333140e-01	 +1.4445115e-03 +1.1797781e-03	 2.49e+00 Accepted	 966	 5955	
297	 5.5336936e-01	 +4.8888307e-03 +2.1078968e-03	 3.26e+00 Accepted	 975	 6279	
298	 5.5286380e-01	 +4.1244165e-03 +1.6445772e-03	 9.19e-01 Accepted	 977	 6049	
299	 5.5265810e-01	 +2.6416067e-03 +6.9241839e-04	 7.76e-01 Accepted	 972	 6133	
300	 5.5265810e-01	 +2.6416067e-03 +6.9241839e-04	 2.74e-01 Rejected	 981	 6155	
301	 5.5265810e-01	 +2.6416067e-03 +6.9241839e-04	 4.34e-01 Rejected	 973	 6037	
302	 5.5241797e-01	 +3.4537770e-03 -1.9058218e-03	 5.91e-01 Accepted	 981	 6165	
303	 5.5223820e-01	 +6.6370774e-03 +2.2044921e-03	 1.22e+00 Accepted	 967	 5979	
304	 5.5266179e-01	 +4.1272338e-03 +2.3406529e-04	 4.49e-01 Accepted	 960	 5823	
305	 5.5268072e-01	 +2.7183012e-03 +1.8128487e-03	 5.95e-01 Accepted	 959	 6135	
306	 5.5263993e-01	 +3.8963470e-03 +1.3396606e-03	 1.26e+00 Accepted	 983	 6241	
307	 5.5263993e-01	 +3.8963470e-03 +1.3396606e-03	 8.18e-01 Rejected	 982	 6127	
308	 5.5267304e-01	 +3.6014601e-03 +3.3384565e-03	 8.06e-01 Accepted	 983	 6048	
# Starting_type: CheckpointStart
# Trajectory_length / Number_of_MD_steps: 1 / 7
# 	 Plaquette	 Polyakov_Loop(re,im)	 Acc._Probability	 runtime_per_traj(s)	 CG_iterations	
309	 5.5285360e-01	 +5.7837931e-03 +2.5441775e-03	 6.65e-01 Accepted	 1044	 6096	
310	 5.5335047e-01	 +1.8758932e-03 -3.9695077e-03	 9.82e-01 Accepted	 968	 5988	
311	 5.5320705e-01	 +5.9572803e-04 -1.6543728e-03	 3.67e+00 Accepted	 972	 6040	
312	 5.5258725e-01	 +2.0285467e-03 +1.8852672e-04	 1.09e+00 Accepted	 980	 6038	
313	 5.5246234e-01	 +1.3080089e-03 -1.0735809e-03	 7.79e-01 Accepted	 962	 5758	
314	 5.5290485e-01	 +2.1556417e-03 -6.5846415e-05	 9.76e-01 Accepted	 943	 5792	
315	 5.5318363e-01	 +3.6243170e-04 -1.9600268e-03	 1.40e+00 Accepted	 957	 6034	
316	 5.5303062e-01	 +3.7428258e-03 -6.2752077e-04	 5.05e-01 Accepted	 945	 5754	
317	 5.5303062e-01	 +3.7428258e-03 -6.2752077e-04	 8.34e-01 Rejected	 957	 6013	
318	 5.5305829e-01	 +2.1981057e-03 +4.8310495e-04	 4.09e-01 Accepted	 956	 5968	
319	 5.5286508e-01	 +3.9735572e-03 +1.6793688e-03	 9.80e-01 Accepted	 960	 6126	
320	 5.5286508e-01	 +3.9735572e-03 +1.6793688e-03	 3.32e-01 Rejected	 959	 5932	
321	 5.5286508e-01	 +3.9735572e-03 +1.6793688e-03	 5.42e-01 Rejected	 968	 6053	
322	 5.5295892e-01	 +4.4628610e-03 -6.8421857e-04	 7.43e-01 Accepted	 971	 6079	
323	 5.5264392e-01	 +5.0421054e-03 -4.5389959e-04	 4.67e-01 Accepted	 956	 5942	
324	 5.5264392e-01	 +5.0421054e-03 -4.5389959e-04	 4.62e-01 Rejected	 966	 6026	
325	 5.5274921e-01	 +2.7191066e-03 +3.9387117e-04	 4.56e-01 Accepted	 975	 6201	
326	 5.5300765e-01	 +6.6517887e-03 -5.2668113e-04	 2.00e+00 Accepted	 968	 6032	
327	 5.5289355e-01	 +2.9148719e-03 +1.2840095e-03	 5.71e-01 Accepted	 966	 6141	
328	 5.5293024e-01	 +5.9152238e-03 +1.1879851e-03	 5.44e-01 Accepted	 959	 5946	
329	 5.5305881e-01	 +4.8180362e-03 -2.1246094e-03	 6.57e-01 Accepted	 970	 6074	
330	 5.5307667e-01	 +1.9632418e-03 -9.7409402e-04	 1.89e+00 Accepted	 943	 5955	
331	 5.5321529e-01	 +3.9209893e-03 +1.6887861e-03	 9.09e-01 Accepted	 962	 5976	
332	 5.5294346e-01	 +3.7371982e-03 +1.5195663e-04	 9.79e-01 Accepted	 964	 5981	
333	 5.5310346e-01	 +4.3918154e-03 -2.2099695e-03	 1.04e+00 Accepted	 951	 5960	
334	 5.5333567e-01	 +4.4760377e-03 +3.7134197e-04	 2.03e+00 Accepted	 950	 5870	
335	 5.5347436e-01	 +1.2460175e-03 -1.4991804e-03	 1.65e+00 Accepted	 950	 6184	
336	 5.5347436e-01	 +1.2460175e-03 -1.4991804e-03	 4.77e-01 Rejected	 952	 5656	
337	 5.5381197e-01	 +3.4464147e-03 +1.6767155e-03	 2.08e+00 Accepted	 964	 5938	
338	 5.5358167e-01	 -1.2765710e-03 -1.5936930e-03	 7.32e-01 Accepted	 943	 5809	
339	 5.5358167e-01	 -1.2765710e-03 -1.5936930e-03	 6.28e-01 Rejected	 962	 5967	
340	 5.5358167e-01	 -1.2765710e-03 -1.5936930e-03	 5.16e-01 Rejected	 951	 5980	
341	 5.5366522e-01	 +3.7960334e-03 -7.7802623e-04	 9.86e-01 Accepted	 950	 5979	
342	 5.5325732e-01	 +4.9648500e-03 +2.5381124e-03	 6.66e-01 Accepted	 926	 5602	
343	 5.5325732e-01	 +4.9648500e-03 +2.5381124e-03	 6.99e-01 Rejected	 917	 6033	
344	 5.5325910e-01	 -1.4709556e-03 -7.1198247e-04	 4.34e-01 Accepted	 920	 5874	
345	 5.5325910e-01	 -1.4709556e-03 -7.1198247e-04	 5.90e-01 Rejected	 949	 5945	
346	 5.5339569e-01	 +8.9137921e-04 -3.0657706e-03	 7.16e-01 Accepted	 927	 5696	
347	 5.5305415e-01	 +4.5212263e-04 -5.3940018e-04	 3.52e-01 Accepted	 930	 5813	
348	 5.5305415e-01	 +4.5212263e-04 -5.3940018e-04	 5.40e-01 Rejected	 943	 5737	
349	 5.5282148e-01	 -3.0921072e-03 -7.9058466e-04	 9.44e-01 Accepted	 951	 5906	
350	 5.5282148e-01	 -3.0921072e-03 -7.9058466e-04	 4.89e-01 Rejected	 954	 6018	
351	 5.5282148e-01	 -3.0921072e-03 -7.9058466e-04	 4.37e-01 Rejected	 957	 5838	
352	 5.5307491e-01	 +8.0891601e-04 +1.7268195e-03	 1.50e+00 Accepted	 971	 5885	
353	 5.5318481e-01	 +1.2756869e-03 +2.5600660e-03	 3.41e-01 Accepted	 944	 6061	
# Starting_type: CheckpointStart
# Trajectory_length / Number_of_MD_steps: 1 / 7
# 	 Plaquette	 Polyakov_Loop(re,im)	 Acc._Probability	 runtime_per_traj(s)	 CG_iterations	
353	 5.5318481e-01	 +1.2756869e-03 +2.5600660e-03	 3.41e-01 Accepted	 1012	 6061	
354	 5.5285797e-01	 +6.4878422e-04 -9.5376636e-04	 9.83e-01 Accepted	 1009	 5997	
355	 5.5285797e-01	 +6.4878422e-04 -9.5376636e-04	 9.33e-01 Rejected	 977	 5907	
356	 5.5285797e-01	 +6.4878422e-04 -9.5376636e-04	 6.71e-01 Rejected	 936	 5796	
357	 5.5306332e-01	 +3.4839472e-03 +1.0395595e-03	 2.55e+00 Accepted	 936	 5965	
358	 5.5323254e-01	 +1.3498371e-03 +8.9810920e-04	 1.08e+00 Accepted	 952	 6060	
359	 5.5297724e-01	 +3.7129765e-03 +6.4408017e-04	 5.03e-01 Accepted	 941	 5763	
360	 5.5321055e-01	 +2.1034173e-04 -2.5197730e-03	 1.11e+00 Accepted	 944	 6152	
361	 5.5293914e-01	 +2.5315771e-03 +2.0584976e-03	 1.37e+00 Accepted	 947	 5874	
362	 5.5287613e-01	 +1.4576787e-04 +1.6838182e-03	 1.30e+00 Accepted	 940	 5963	
363	 5.5318010e-01	 +1.6901588e-03 +1.5952992e-03	 1.52e+00 Accepted	 942	 5993	
364	 5.5357372e-01	 +3.6075983e-03 +1.2890471e-03	 1.66e+00 Accepted	 943	 6204	
365	 5.5345126e-01	 +2.3713522e-03 +1.5616530e-03	 6.91e-01 Accepted	 964	 6030	
366	 5.5357382e-01	 +2.0360220e-03 -1.0169391e-03	 1.55e+00 Accepted	 940	 5916	
367	 5.5371340e-01	 +1.2533668e-03 +8.1438835e-04	 2.16e+00 Accepted	 930	 6032	
368	 5.5344712e-01	 +2.7639857e-03 -2.2113719e-03	 6.65e-01 Accepted	 943	 6035	
369	 5.5284969e-01	 +3.5576314e-04 -3.8823532e-04	 1.14e+00 Accepted	 939	 5868	
370	 5.5307919e-01	 +2.3684411e-03 +4.7832850e-04	 1.40e+00 Accepted	 920	 5848	
371	 5.5270255e-01	 +1.3818601e-03 -3.8892432e-03	 1.13e+00 Accepted	 910	 5755	
372	 5.5226959e-01	 +2.6376938e-03 +9.3151182e-05	 6.68e-01 Accepted	 922	 5967	
373	 5.5275652e-01	 +3.6941116e-04 +2.4829839e-03	 1.13e+00 Accepted	 927	 5890	
374	 5.5275652e-01	 +3.6941116e-04 +2.4829839e-03	 6.42e-01 Rejected	 946	 5983	
375	 5.5274175e-01	 +1.4152607e-03 -1.1887172e-03	 1.63e+00 Accepted	 915	 5651	
376	 5.5272782e-01	 +1.8894084e-03 -2.0423088e-03	 1.06e+00 Accepted	 897	 5814	
377	 5.5296085e-01	 +9.0483736e-04 -9.7274505e-04	 6.66e-01 Accepted	 898	 5755	
378	 5.5290109e-01	 +3.1017738e-03 -2.7300689e-03	 8.02e-01 Accepted	 905	 5856	
379	 5.5290109e-01	 +3.1017738e-03 -2.7300689e-03	 8.56e-01 Rejected	 925	 5923	
380	 5.5287915e-01	 +4.1356985e-03 -4.0108897e-04	 8.17e-01 Accepted	 919	 5901	
381	 5.5294362e-01	 +4.3886889e-03 -9.0314534e-04	 3.27e+00 Accepted	 939	 6040	
382	 5.5294362e-01	 +4.3886889e-03 -9.0314534e-04	 7.66e-01 Rejected	 933	 5891	
383	 5.5325689e-01	 +2.6932498e-03 -1.0801520e-03	 6.89e-01 Accepted	 951	 5952	
384	 5.5362980e-01	 +2.7358276e-03 -8.7143798e-04	 6.83e-01 Accepted	 939	 6161	
385	 5.5362980e-01	 +2.7358276e-03 -8.7143798e-04	 3.19e-01 Rejected	 934	 5987	
386	 5.5362980e-01	 +2.7358276e-03 -8.7143798e-04	 5.56e-01 Rejected	 933	 6013	
387	 5.5370611e-01	 +1.6063524e-03 +2.3430981e-04	 9.40e-01 Accepted	 946	 6113	
388	 5.5335327e-01	 +2.7553608e-03 +4.3789480e-03	 6.06e-01 Accepted	 947	 6076	
389	 5.5369815e-01	 +3.2768622e-03 -1.2498222e-03	 2.56e+00 Accepted	 947	 6083	
390	 5.5369815e-01	 +3.2768622e-03 -1.2498222e-03	 5.74e-01 Rejected	 940	 6144	
391	 5.5369815e-01	 +3.2768622e-03 -1.2498222e-03	 6.95e-01 Rejected	 942	 5995	
392	 5.5342576e-01	 +2.6539175e-03 -2.3959924e-04	 1.27e+00 Accepted	 939	 5737	
393	 5.5349981e-01	 +1.8544030e-03 -1.2951591e-03	 8.53e-01 Accepted	 921	 5859	
394	 5.5349981e-01	 +1.8544030e-03 -1.2951591e-03	 7.32e-01 Rejected	 939	 5875	
395	 5.5349981e-01	 +1.8544030e-03 -1.2951591e-03	 3.81e-01 Rejected	 945	 6138	
396	 5.5333802e-01	 +1.1365020e-03 +4.8695514e-04	 7.07e-01 Accepted	 934	 6000	
397	 5.5375611e-01	 +8.8138069e-04 -7.3539348e-04	 5.35e-01 Accepted	 937	 5961	
# Starting_type: CheckpointStart
# Trajectory_length / Number_of_MD_steps: 1 / 7
# 	 Plaquette	 Polyakov_Loop(re,im)	 Acc._Probability	 runtime_per_traj(s)	 CG_iterations	
397	 5.5375611e-01	 +8.8138069e-04 -7.3539348e-04	 5.35e-01 Accepted	 996	 5961	
398	 5.5335800e-01	 +1.9316888e-03 -3.9746496e-03	 5.78e-01 Accepted	 960	 6004	
399	 5.5345729e-01	 +2.5671146e-03 +1.7249579e-03	 7.31e-01 Accepted	 929	 5945	
400	 5.5347869e-01	 +2.8001854e-03 -7.9321126e-04	 1.78e+00 Accepted	 921	 5847	
401	 5.5351034e-01	 +1.1086312e-03 +1.8665662e-03	 9.24e-01 Accepted	 892	 5607	
402	 5.5352664e-01	 +2.1567560e-03 -2.3650404e-03	 1.70e+00 Accepted	 886	 5546	
403	 5.5360402e-01	 +3.1097474e-03 -4.9536518e-04	 1.35e+00 Accepted	 881	 5819	
404	 5.5360402e-01	 +3.1097474e-03 -4.9536518e-04	 6.63e-01 Rejected	 903	 5727	
405	 5.5360402e-01	 +3.1097474e-03 -4.9536518e-04	 4.35e-01 Rejected	 894	 5614	
406	 5.5379484e-01	 +2.5745513e-03 -1.2160987e-03	 1.06e+00 Accepted	 904	 5902	
407	 5.5352877e-01	 +4.9100660e-03 -8.5197269e-04	 1.71e+00 Accepted	 909	 5684	
408	 5.5352877e-01	 +4.9100660e-03 -8.5197269e-04	 5.09e-01 Rejected	 889	 5744	
409	 5.5393105e-01	 +3.8814794e-03 -1.2594051e-03	 6.56e-01 Accepted	 885	 5686	
410	 5.5341853e-01	 +3.2918343e-03 +1.2317125e-04	 1.02e+00 Accepted	 887	 5688	
411	 5.5341853e-01	 +3.2918343e-03 +1.2317125e-04	 4.34e-01 Rejected	 896	 5789	
412	 5.5353574e-01	 +1.2198660e-03 +4.0855416e-03	 2.62e+00 Accepted	 898	 5858	
413	 5.5353574e-01	 +1.2198660e-03 +4.0855416e-03	 3.20e-01 Rejected	 887	 5607	
414	 5.5321847e-01	 +2.1766910e-03 -4.0008815e-03	 4.59e-01 Accepted	 909	 5921	
415	 5.5321847e-01	 +2.1766910e-03 -4.0008815e-03	 6.49e-01 Rejected	 921	 5874	
416	 5.5324209e-01	 +3.7999612e-03 -3.3282454e-03	 1.11e+00 Accepted	 906	 5906	
417	 5.5324209e-01	 +3.7999612e-03 -3.3282454e-03	 6.21e-01 Rejected	 908	 5784	
418	 5.5324209e-01	 +3.7999612e-03 -3.3282454e-03	 7.01e-01 Rejected	 917	 5837	
419	 5.5286861e-01	 +5.0097795e-03 -4.5592755e-03	 1.78e+00 Accepted	 907	 5717	
420	 5.5286861e-01	 +5.0097795e-03 -4.5592755e-03	 4.57e-01 Rejected	 902	 5766	
421	 5.5332305e-01	 +2.8804067e-03 -1.8868435e-03	 7.30e-01 Accepted	 901	 5579	
422	 5.5362979e-01	 +2.9411471e-03 -1.7850828e-03	 1.16e+00 Accepted	 906	 6000	
423	 5.5392718e-01	 +3.4000572e-03 +1.9997990e-03	 9.66e-01 Accepted	 923	 5964	
424	 5.5361444e-01	 +5.3052392e-03 -8.9127469e-04	 7.11e-01 Accepted	 920	 5875	
425	 5.5395956e-01	 +9.7912352e-04 -1.5891112e-03	 7.02e-01 Accepted	 919	 5882	
426	 5.5360048e-01	 +1.4911015e-03 -4.2026535e-03	 8.47e-01 Accepted	 914	 5823	
427	 5.5360048e-01	 +1.4911015e-03 -4.2026535e-03	 8.30e-01 Rejected	 902	 5814	
428	 5.5360048e-01	 +1.4911015e-03 -4.2026535e-03	 4.37e-01 Rejected	 911	 5832	
429	 5.5362387e-01	 +4.7265356e-03 +1.1339947e-03	 6.53e-01 Accepted	 900	 5706	
430	 5.5362387e-01	 +4.7265356e-03 +1.1339947e-03	 8.28e-01 Rejected	 918	 5982	
431	 5.5362387e-01	 +4.7265356e-03 +1.1339947e-03	 4.01e-01 Rejected	 904	 5997	
432	 5.5336190e-01	 +7.3478210e-03 -1.7565059e-03	 5.09e-01 Accepted	 903	 5701	
433	 5.5358515e-01	 +2.4294070e-03 -9.1753529e-04	 2.27e+00 Accepted	 909	 5792	
434	 5.5348068e-01	 +1.8422073e-03 -2.2231679e-03	 9.81e-01 Accepted	 902	 5627	
435	 5.5346410e-01	 +3.2919107e-03 -2.0764084e-03	 1.15e+00 Accepted	 897	 5665	
436	 5.5324643e-01	 -2.2275965e-04 -1.3143972e-03	 1.12e+00 Accepted	 902	 5774	
437	 5.5351412e-01	 +7.4663447e-04 +1.6189949e-03	 7.68e-01 Accepted	 892	 5743	
438	 5.5397510e-01	 -8.3800628e-04 +1.0141471e-03	 9.37e-01 Accepted	 873	 5504	
439	 5.5394125e-01	 +1.0918813e-03 +3.0543844e-04	 8.03e-01 Accepted	 889	 5739	
440	 5.5324131e-01	 +3.4948870e-03 -6.1023829e-05	 5.46e-01 Accepted	 887	 5611	
441	 5.5324131e-01	 +3.4948870e-03 -6.1023829e-05	 5.37e-01 Rejected	 883	 5529	
442	 5.5289083e-01	 +3.3058336e-03 -9.3325366e-04	 9.39e-01 Accepted	 890	 5647	
443	 5.5283439e-01	 +3.9822990e-03 +1.8952417e-05	 6.49e-01 Accepted	 901	 5896	
