# Starting_type: HotStart
# serial RNG seed: 	[14339 65128 54485 53646 52635]
# parallel RNG seed:	[30748 422 10842 55346 40791]
# Trajectory_length / Number_of_MD_steps: 1 / 7
# 	 Plaquette	 Polyakov_Loop(re,im)	 Acc._Probability	 runtime_per_traj(s)	 CG_iterations	
1	 2.2293222e-01	 -2.6724927e-03 +4.5176822e-04	 1.01e+35 Accepted	 95	 312	
2	 3.1293348e-01	 -3.6966988e-03 -1.7214568e-03	 3.43e+16 Accepted	 118	 421	
3	 3.6131822e-01	 -1.2217064e-03 -8.0034991e-04	 7.41e+09 Accepted	 142	 531	
4	 3.9137956e-01	 +1.2284036e-03 +3.0282762e-03	 3.62e+06 Accepted	 166	 633	
5	 4.1270458e-01	 +1.4347340e-04 +7.3298167e-04	 9.42e+04 Accepted	 189	 742	
6	 4.2854600e-01	 +6.2614353e-04 +1.8559366e-04	 7.39e+03 Accepted	 213	 847	
7	 4.4058934e-01	 +1.5464759e-03 +1.6430891e-03	 1.10e+03 Accepted	 236	 947	
8	 4.5030367e-01	 -2.5240996e-03 -1.2530479e-03	 5.02e+02 Accepted	 252	 1036	
9	 4.5903641e-01	 +8.8199342e-04 -7.2604185e-04	 3.31e+02 Accepted	 273	 1134	
10	 4.6609196e-01	 -1.5742780e-03 -1.5692915e-03	 1.16e+02 Accepted	 292	 1203	
11	 4.7255354e-01	 +1.6650549e-03 -3.0553287e-03	 1.63e+02 Accepted	 305	 1283	
12	 4.7819237e-01	 +1.8815054e-03 +1.1447553e-04	 4.09e+01 Accepted	 320	 1341	
13	 4.8400037e-01	 -3.0989319e-03 -2.6763447e-04	 7.45e+01 Accepted	 333	 1403	
14	 4.8899343e-01	 +2.3169911e-03 -2.4599971e-03	 4.32e+01 Accepted	 348	 1466	
15	 4.9348726e-01	 -1.5476856e-03 -3.0103179e-03	 2.64e+01 Accepted	 364	 1560	
16	 4.9743488e-01	 +1.2535817e-03 -4.2143073e-04	 3.40e+01 Accepted	 374	 1557	
17	 5.0138276e-01	 -7.2667196e-04 -1.0460296e-03	 1.18e+01 Accepted	 377	 1595	
18	 5.0510642e-01	 +2.5757438e-03 -8.0936822e-04	 1.77e+01 Accepted	 386	 1620	
19	 5.0878452e-01	 +1.0807529e-03 +2.1708327e-03	 1.03e+01 Accepted	 393	 1659	
20	 5.1189890e-01	 +1.8638767e-03 +2.7496738e-03	 5.27e+00 Accepted	 403	 1716	
21	 5.1485003e-01	 +1.9957317e-03 +3.0450300e-03	 5.67e+00 Accepted	 409	 1719	
22	 5.1788707e-01	 -1.7986610e-04 -1.2148960e-04	 4.11e+00 Accepted	 417	 1793	
23	 5.2092715e-01	 +7.9027032e-04 +3.0711981e-04	 1.09e+01 Accepted	 427	 1797	
24	 5.2356691e-01	 -1.2580621e-03 +2.2441220e-03	 3.97e+00 Accepted	 429	 1807	
25	 5.2563864e-01	 +2.5338863e-03 -2.2071863e-03	 2.58e+00 Accepted	 436	 1841	
26	 5.2784320e-01	 +3.5594022e-04 -1.4296485e-03	 2.24e+00 Accepted	 436	 1832	
27	 5.2990411e-01	 +8.4801661e-04 -5.5051634e-04	 3.38e+00 Accepted	 435	 1878	
28	 5.3230174e-01	 -2.2714800e-03 -2.5511125e-04	 3.64e+00 Accepted	 443	 1855	
29	 5.3396577e-01	 +3.5889595e-03 +7.0515229e-04	 1.54e+00 Accepted	 438	 1858	
30	 5.3566736e-01	 -2.2650628e-03 -4.5268581e-05	 3.48e+00 Accepted	 439	 1824	
31	 5.3747248e-01	 +1.9224447e-03 -2.8445992e-04	 4.57e+00 Accepted	 436	 1840	
32	 5.3942691e-01	 +6.7613328e-04 +1.4413941e-03	 2.19e+00 Accepted	 435	 1817	
33	 5.4088463e-01	 +2.1592961e-04 +2.0446676e-03	 1.91e+00 Accepted	 435	 1818	
34	 5.4184803e-01	 +8.7091474e-04 +9.5323393e-04	 1.86e+00 Accepted	 436	 1815	
35	 5.4308987e-01	 -1.7454147e-03 +4.5727168e-04	 2.82e+00 Accepted	 435	 1803	
36	 5.4428257e-01	 -1.1792332e-03 -1.1789867e-04	 1.78e+00 Accepted	 433	 1819	
37	 5.4512073e-01	 +1.3506099e-03 +4.8020932e-05	 1.36e+00 Accepted	 435	 1819	
38	 5.4603850e-01	 -5.7503147e-04 -8.4565761e-04	 1.08e+00 Accepted	 431	 1809	
39	 5.4672147e-01	 +8.6815367e-04 -8.2193695e-04	 7.96e-01 Accepted	 430	 1796	
40	 5.4762337e-01	 +2.0225707e-03 +8.3658160e-04	 1.15e+00 Accepted	 433	 1813	
41	 5.4778239e-01	 +1.8080903e-03 -1.1720503e-03	 1.19e+00 Accepted	 430	 1799	
42	 5.4844403e-01	 -8.1276752e-04 +9.1385906e-04	 2.39e+00 Accepted	 427	 1805	
43	 5.4923890e-01	 +2.4563937e-03 +2.6113215e-03	 1.58e+00 Accepted	 424	 1759	
44	 5.5003252e-01	 +2.1997660e-03 +2.9401731e-03	 1.07e+00 Accepted	 424	 1779	
45	 5.5043428e-01	 +2.6191135e-03 +2.4046813e-03	 1.21e+00 Accepted	 421	 1771	
46	 5.5081540e-01	 +5.6775706e-04 +8.4227536e-04	 6.76e-01 Accepted	 422	 1736	
47	 5.5123438e-01	 +1.2702366e-03 +2.3724862e-03	 1.75e+00 Accepted	 412	 1736	
48	 5.5138941e-01	 +4.2693545e-03 +1.7534837e-04	 1.03e+00 Accepted	 422	 1745	
49	 5.5163592e-01	 -3.2761250e-04 +1.7561009e-03	 9.54e-01 Accepted	 415	 1715	
50	 5.5233192e-01	 -2.9070496e-03 +6.5744895e-04	 2.03e+00 Accepted	 413	 1701	
51	 5.5233192e-01	 -2.9070496e-03 +6.5744895e-04	 6.99e-01 Rejected	 407	 1740	
52	 5.5247447e-01	 -7.2391567e-04 -6.9674442e-04	 7.86e-01 Accepted	 412	 1733	
53	 5.5211618e-01	 -2.0780712e-03 +4.0054730e-03	 7.44e-01 Accepted	 407	 1696	
54	 5.5253562e-01	 -1.6157192e-03 +6.0803945e-04	 1.29e+00 Accepted	 405	 1720	
55	 5.5195055e-01	 +5.9477541e-04 -9.6865301e-04	 9.64e-01 Accepted	 413	 1698	
56	 5.5253912e-01	 +2.7924319e-03 +3.3600734e-03	 1.04e+00 Accepted	 413	 1728	
57	 5.5270977e-01	 +2.0281603e-03 +3.4457670e-03	 1.62e+00 Accepted	 412	 1680	
58	 5.5242809e-01	 +1.6093699e-04 +9.0576656e-04	 1.16e+00 Accepted	 404	 1691	
59	 5.5281324e-01	 +2.4093021e-03 +1.8936528e-03	 1.90e+00 Accepted	 408	 1732	
60	 5.5292934e-01	 +1.8346929e-03 +1.2569895e-04	 1.28e+00 Accepted	 409	 1691	
61	 5.5273613e-01	 -3.1620860e-04 +9.1818863e-04	 1.33e+00 Accepted	 403	 1732	
62	 5.5319594e-01	 +1.4641164e-05 -5.0362599e-04	 1.51e+00 Accepted	 417	 1749	
63	 5.5347691e-01	 +2.9472295e-03 -3.5012362e-03	 1.22e+00 Accepted	 414	 1737	
64	 5.5347844e-01	 -1.5373955e-03 -1.3918207e-03	 1.14e+00 Accepted	 411	 1666	
65	 5.5359504e-01	 -2.0251571e-03 -4.1401560e-03	 1.13e+00 Accepted	 406	 1715	
66	 5.5391979e-01	 -4.9505588e-05 +6.9131085e-04	 1.09e+00 Accepted	 404	 1659	
67	 5.5366028e-01	 +7.9148536e-04 -1.6521036e-03	 6.07e-01 Accepted	 399	 1633	
68	 5.5390744e-01	 +1.2287288e-03 +2.0222176e-03	 9.50e-01 Accepted	 394	 1608	
69	 5.5419987e-01	 +8.1028836e-04 +5.0336389e-04	 1.84e+00 Accepted	 392	 1595	
70	 5.5384121e-01	 -5.6788472e-04 -5.8929890e-04	 8.30e-01 Accepted	 393	 1656	
71	 5.5420318e-01	 +1.8941362e-03 +1.8916944e-03	 1.42e+00 Accepted	 404	 1651	
72	 5.5441930e-01	 -4.5832296e-04 +2.9231379e-03	 6.77e-01 Accepted	 397	 1638	
73	 5.5465426e-01	 +2.5450641e-03 +1.7629152e-03	 9.36e-01 Accepted	 400	 1719	
74	 5.5452357e-01	 +2.7440215e-03 +2.9776996e-03	 1.16e+00 Accepted	 405	 1638	
75	 5.5437927e-01	 +2.1489940e-03 -4.9150471e-03	 8.85e-01 Accepted	 392	 1639	
76	 5.5437927e-01	 +2.1489940e-03 -4.9150471e-03	 6.60e-01 Rejected	 393	 1616	
77	 5.5446301e-01	 -2.9281710e-03 -1.4160384e-03	 1.13e+00 Accepted	 393	 1619	
78	 5.5446301e-01	 -2.9281710e-03 -1.4160384e-03	 5.67e-01 Rejected	 390	 1621	
79	 5.5416794e-01	 +4.7776062e-04 +1.7276116e-04	 6.37e-01 Accepted	 394	 1625	
80	 5.5416665e-01	 -2.0236732e-05 -1.1279112e-03	 5.38e-01 Accepted	 389	 1634	
81	 5.5387074e-01	 -1.5738931e-05 -3.6108474e-03	 1.07e+00 Accepted	 391	 1613	
82	 5.5408468e-01	 -8.3767669e-04 -3.9721927e-04	 1.30e+00 Accepted	 394	 1644	
83	 5.5453872e-01	 +2.5038885e-03 +3.8396384e-04	 1.09e+00 Accepted	 394	 1635	
84	 5.5470248e-01	 -1.9676964e-03 -1.4555199e-03	 1.06e+00 Accepted	 399	 1679	
85	 5.5443739e-01	 +1.8134300e-03 -2.4196497e-03	 1.17e+00 Accepted	 396	 1612	
86	 5.5468808e-01	 -1.5828235e-03 -3.0180689e-03	 8.20e-01 Accepted	 393	 1608	
87	 5.5478231e-01	 +4.9525577e-05 -1.2405601e-03	 9.26e-01 Accepted	 392	 1641	
88	 5.5467019e-01	 -3.5015704e-03 +5.5311173e-05	 1.06e+00 Accepted	 396	 1609	
89	 5.5472696e-01	 -2.5827576e-03 +1.3554083e-04	 1.19e+00 Accepted	 394	 1636	
90	 5.5472696e-01	 -2.5827576e-03 +1.3554083e-04	 7.85e-01 Rejected	 396	 1647	
91	 5.5441764e-01	 -2.6191549e-03 -4.4761012e-04	 1.14e+00 Accepted	 391	 1604	
92	 5.5448179e-01	 -6.5977585e-04 -1.5070520e-03	 9.75e-01 Accepted	 396	 1661	
93	 5.5461236e-01	 +3.8013906e-04 +7.5210724e-04	 1.29e+00 Accepted	 397	 1621	
94	 5.5468504e-01	 -3.6069301e-04 -3.7908384e-03	 9.07e-01 Accepted	 392	 1639	
95	 5.5468504e-01	 -3.6069301e-04 -3.7908384e-03	 9.21e-01 Rejected	 391	 1592	
96	 5.5489424e-01	 +2.3877322e-04 -8.3849157e-04	 8.53e-01 Accepted	 395	 1629	
97	 5.5505459e-01	 +2.8996318e-03 -1.3213944e-03	 1.11e+00 Accepted	 390	 1602	
98	 5.5538596e-01	 +4.8900826e-03 -2.4699111e-03	 9.10e-01 Accepted	 392	 1601	
99	 5.5469016e-01	 +1.4569793e-03 -7.2998829e-04	 5.60e-01 Accepted	 386	 1600	
100	 5.5423176e-01	 +1.3906971e-03 +8.4608748e-04	 8.92e-01 Accepted	 390	 1641	
101	 5.5434408e-01	 -2.4570971e-04 +2.4461761e-03	 8.66e-01 Accepted	 391	 1603	
102	 5.5500168e-01	 +3.2012316e-03 +2.7200735e-03	 1.66e+00 Accepted	 386	 1601	
103	 5.5500168e-01	 +3.2012316e-03 +2.7200735e-03	 6.77e-01 Rejected	 384	 1593	
104	 5.5476122e-01	 +3.0852342e-03 +2.7398413e-03	 6.26e-01 Accepted	 390	 1654	
105	 5.5486121e-01	 -8.9366471e-05 +1.5963357e-03	 8.08e-01 Accepted	 390	 1595	
106	 5.5486121e-01	 -8.9366471e-05 +1.5963357e-03	 9.11e-01 Rejected	 390	 1656	
107	 5.5490596e-01	 +2.0172828e-04 +4.0193372e-03	 1.40e+00 Accepted	 385	 1619	
108	 5.5478944e-01	 +1.6671250e-03 -1.8377061e-03	 9.63e-01 Accepted	 393	 1605	
109	 5.5476640e-01	 +9.2187425e-04 +1.8623591e-03	 1.39e+00 Accepted	 385	 1573	
110	 5.5454464e-01	 +1.4393325e-03 +2.6255030e-03	 1.14e+00 Accepted	 386	 1636	
111	 5.5450986e-01	 -7.2176996e-04 +7.6631410e-04	 9.33e-01 Accepted	 396	 1639	
112	 5.5451592e-01	 +1.7729449e-03 +1.8203836e-03	 7.68e-01 Accepted	 397	 1665	
# Starting_type: CheckpointStart
# Trajectory_length / Number_of_MD_steps: 1 / 7
# 	 Plaquette	 Polyakov_Loop(re,im)	 Acc._Probability	 runtime_per_traj(s)	 CG_iterations	
113	 5.5443948e-01	 +3.0763532e-03 +1.2695718e-04	 1.01e+00 Accepted	 412	 1653	
114	 5.5421891e-01	 +1.1079453e-03 +8.2623565e-04	 1.14e+00 Accepted	 395	 1627	
115	 5.5401004e-01	 +5.1369255e-03 +2.7401557e-04	 7.98e-01 Accepted	 389	 1636	
116	 5.5409260e-01	 -5.4031774e-04 +1.6485277e-03	 1.63e+00 Accepted	 389	 1632	
117	 5.5420908e-01	 +3.7369403e-03 +4.4355400e-03	 1.19e+00 Accepted	 384	 1581	
118	 5.5457873e-01	 +1.5675690e-03 +7.5245693e-04	 1.73e+00 Accepted	 381	 1652	
119	 5.5465765e-01	 +6.7548064e-04 +6.5362985e-04	 8.92e-01 Accepted	 394	 1583	
120	 5.5483672e-01	 +1.2091007e-03 -3.3487216e-03	 6.33e-01 Accepted	 388	 1683	
121	 5.5474997e-01	 +2.7781991e-03 +1.2140052e-04	 8.15e-01 Accepted	 399	 1686	
122	 5.5474997e-01	 +2.7781991e-03 +1.2140052e-04	 5.05e-01 Rejected	 396	 1618	
123	 5.5499713e-01	 +2.3432771e-03 -2.6454591e-03	 1.12e+00 Accepted	 403	 1672	
124	 5.5461881e-01	 +2.9877510e-03 +4.3394626e-04	 7.47e-01 Accepted	 400	 1636	
125	 5.5519884e-01	 +2.6975086e-03 -1.1825352e-04	 9.49e-01 Accepted	 389	 1637	
126	 5.5560786e-01	 -4.9261070e-04 +2.9402765e-04	 1.59e+00 Accepted	 386	 1558	
127	 5.5514391e-01	 +4.2929947e-03 +1.1037907e-03	 7.80e-01 Accepted	 379	 1568	
128	 5.5511624e-01	 +2.3022003e-03 -1.9979881e-03	 8.70e-01 Accepted	 380	 1598	
129	 5.5533967e-01	 +4.3911978e-03 +7.0826702e-04	 1.02e+00 Accepted	 379	 1592	
130	 5.5523168e-01	 +2.6477896e-03 +3.6444037e-03	 7.94e-01 Accepted	 386	 1575	
131	 5.5515662e-01	 +4.4642088e-03 +1.1676844e-03	 1.17e+00 Accepted	 378	 1550	
132	 5.5479357e-01	 +3.1511604e-03 +2.3494206e-03	 5.10e-01 Accepted	 373	 1549	
133	 5.5474823e-01	 +4.1604272e-03 -2.3199793e-04	 1.23e+00 Accepted	 373	 1572	
134	 5.5452829e-01	 +2.6332347e-03 +1.0764133e-03	 1.12e+00 Accepted	 377	 1581	
135	 5.5431910e-01	 +1.9394446e-03 -1.1703825e-03	 8.00e-01 Accepted	 379	 1616	
136	 5.5438030e-01	 +3.4757085e-03 -2.1494521e-03	 1.01e+00 Accepted	 386	 1537	
137	 5.5438030e-01	 +3.4757085e-03 -2.1494521e-03	 8.33e-01 Rejected	 374	 1563	
138	 5.5449369e-01	 +6.1295821e-03 -3.5147130e-03	 1.18e+00 Accepted	 377	 1632	
139	 5.5455841e-01	 +5.5557854e-03 -2.4626131e-05	 1.11e+00 Accepted	 388	 1585	
140	 5.5455841e-01	 +5.5557854e-03 -2.4626131e-05	 7.29e-01 Rejected	 378	 1578	
141	 5.5455392e-01	 +2.6759774e-03 -9.2707889e-04	 8.70e-01 Accepted	 380	 1560	
142	 5.5480498e-01	 +2.4940474e-03 +1.2435422e-03	 8.88e-01 Accepted	 375	 1556	
143	 5.5476860e-01	 +4.2361123e-03 +1.0060227e-03	 1.20e+00 Accepted	 380	 1576	
144	 5.5488999e-01	 +3.8712371e-03 +7.9333841e-04	 1.75e+00 Accepted	 378	 1592	
145	 5.5531110e-01	 +3.4498271e-03 +3.2421899e-03	 1.25e+00 Accepted	 380	 1585	
146	 5.5531110e-01	 +3.4498271e-03 +3.2421899e-03	 5.25e-01 Rejected	 384	 1612	
147	 5.5549778e-01	 +5.1180333e-03 +2.2292687e-03	 8.31e-01 Accepted	 378	 1571	
148	 5.5489281e-01	 +2.1929220e-03 +7.0188951e-04	 6.68e-01 Accepted	 377	 1596	
149	 5.5500826e-01	 +4.7612361e-03 +7.9802809e-04	 1.15e+00 Accepted	 375	 1552	
150	 5.5475418e-01	 +2.4756096e-03 +1.8294181e-03	 1.08e+00 Accepted	 376	 1558	
151	 5.5475418e-01	 +2.4756096e-03 +1.8294181e-03	 5.44e-01 Rejected	 381	 1613	
152	 5.5475418e-01	 +2.4756096e-03 +1.8294181e-03	 7.18e-01 Rejected	 376	 1607	
153	 5.5490585e-01	 +1.7726463e-03 +1.5410198e-03	 8.43e-01 Accepted	 374	 1537	
154	 5.5473999e-01	 +5.7141728e-03 +2.6877142e-03	 8.19e-01 Accepted	 370	 1578	
155	 5.5469015e-01	 +3.5390458e-03 +1.0979176e-03	 8.24e-01 Accepted	 378	 1597	
156	 5.5462038e-01	 +2.0075167e-03 +1.0116573e-03	 1.28e+00 Accepted	 378	 1601	
157	 5.5444979e-01	 +4.5323160e-03 -1.4764204e-03	 6.36e-01 Accepted	 384	 1631	
158	 5.5444979e-01	 +4.5323160e-03 -1.4764204e-03	 8.84e-01 Rejected	 388	 1619	
159	 5.5464126e-01	 +5.7416432e-03 -1.1244904e-03	 1.38e+00 Accepted	 388	 1651	
160	 5.5423997e-01	 +1.8112134e-03 -1.3487277e-03	 4.64e-01 Accepted	 390	 1631	
161	 5.5410029e-01	 +1.8574481e-03 +4.0219555e-04	 1.28e+00 Accepted	 389	 1599	
162	 5.5411783e-01	 +2.2270661e-03 +2.9169331e-04	 1.12e+00 Accepted	 385	 1603	
163	 5.5406616e-01	 +3.1574408e-03 +1.2019641e-03	 1.02e+00 Accepted	 384	 1640	
164	 5.5420617e-01	 +2.1644572e-03 -3.2134767e-03	 1.38e+00 Accepted	 381	 1564	
165	 5.5474660e-01	 +5.3005585e-03 -8.4124448e-04	 1.20e+00 Accepted	 376	 1548	
166	 5.5470373e-01	 +1.3443558e-03 +1.5030359e-03	 2.07e+00 Accepted	 375	 1592	
167	 5.5482552e-01	 +4.4390086e-03 +4.0963852e-04	 8.78e-01 Accepted	 379	 1570	
168	 5.5501229e-01	 +5.1867750e-03 -1.7853510e-03	 6.96e-01 Accepted	 378	 1602	
169	 5.5507173e-01	 +3.2704867e-03 -6.2801486e-05	 1.19e+00 Accepted	 378	 1602	
170	 5.5487275e-01	 +3.6987255e-03 +1.8168428e-03	 1.64e+00 Accepted	 381	 1611	
171	 5.5467670e-01	 +4.2826803e-03 -4.8425763e-04	 1.46e+00 Accepted	 383	 1581	
172	 5.5474049e-01	 +4.7461768e-03 +1.8138653e-03	 8.13e-01 Accepted	 379	 1586	
173	 5.5467881e-01	 +5.0096239e-03 +1.4708900e-03	 9.38e-01 Accepted	 389	 1703	
174	 5.5494151e-01	 +2.3447312e-03 +1.5032003e-03	 1.14e+00 Accepted	 402	 1683	
175	 5.5474434e-01	 +1.0231765e-03 -7.3792825e-04	 8.79e-01 Accepted	 395	 1597	
176	 5.5495370e-01	 +2.9581919e-03 +7.3359147e-04	 9.65e-01 Accepted	 387	 1663	
177	 5.5548882e-01	 +4.0956230e-03 +4.7898115e-04	 1.52e+00 Accepted	 390	 1598	
178	 5.5528166e-01	 +6.5384742e-03 -3.5585829e-04	 8.31e-01 Accepted	 388	 1650	
179	 5.5514763e-01	 +5.6819616e-03 +2.2975190e-03	 1.18e+00 Accepted	 395	 1577	
180	 5.5527225e-01	 +2.6391817e-03 -6.4064145e-04	 1.06e+00 Accepted	 381	 1580	
181	 5.5551155e-01	 +2.4838132e-03 -3.3667574e-04	 1.16e+00 Accepted	 378	 1600	
182	 5.5551155e-01	 +2.4838132e-03 -3.3667574e-04	 6.11e-01 Rejected	 384	 1594	
183	 5.5545260e-01	 +2.7603591e-03 -4.2082082e-04	 8.37e-01 Accepted	 384	 1585	
184	 5.5526770e-01	 +2.2785070e-03 -6.1252799e-04	 1.18e+00 Accepted	 385	 1589	
185	 5.5558788e-01	 +1.8642247e-03 +1.6185913e-03	 1.04e+00 Accepted	 383	 1597	
186	 5.5499205e-01	 +4.2335342e-03 +1.0298246e-03	 6.64e-01 Accepted	 383	 1609	
187	 5.5480611e-01	 -2.1055718e-04 +7.0670544e-05	 1.80e+00 Accepted	 385	 1602	
188	 5.5511935e-01	 +3.1034934e-03 +8.6598822e-04	 8.61e-01 Accepted	 379	 1580	
189	 5.5519208e-01	 +3.3932668e-03 +1.6267634e-03	 9.54e-01 Accepted	 379	 1581	
190	 5.5465038e-01	 +7.4680626e-04 -1.4020335e-03	 6.72e-01 Accepted	 384	 1580	
191	 5.5430133e-01	 +2.9526927e-03 +6.4947597e-04	 7.32e-01 Accepted	 382	 1586	
192	 5.5402933e-01	 +3.6808958e-03 +5.0448605e-04	 7.71e-01 Accepted	 380	 1542	
193	 5.5469788e-01	 +8.4920996e-04 +1.8776890e-03	 9.99e-01 Accepted	 371	 1545	
194	 5.5477625e-01	 +5.1202798e-03 +8.3100276e-04	 1.31e+00 Accepted	 379	 1619	
195	 5.5450337e-01	 +4.2188546e-03 +3.0505005e-03	 7.11e-01 Accepted	 386	 1619	
196	 5.5470184e-01	 +5.1975946e-03 -5.1768158e-04	 1.01e+00 Accepted	 385	 1570	
197	 5.5437513e-01	 +5.7662001e-03 -1.7509440e-03	 1.04e+00 Accepted	 377	 1626	
198	 5.5427414e-01	 +5.1831662e-03 +9.9673740e-04	 8.25e-01 Accepted	 391	 1658	
199	 5.5439673e-01	 +1.3983388e-03 +3.2712326e-03	 1.11e+00 Accepted	 391	 1587	
200	 5.5443016e-01	 -2.1216911e-05 +1.8642857e-03	 1.32e+00 Accepted	 378	 1573	
201	 5.5443016e-01	 -2.1216911e-05 +1.8642857e-03	 5.39e-01 Rejected	 375	 1554	
202	 5.5433550e-01	 +1.7718581e-03 +2.9512039e-03	 9.46e-01 Accepted	 378	 1595	
203	 5.5466536e-01	 +3.3978222e-04 -1.4593671e-03	 1.19e+00 Accepted	 383	 1628	
204	 5.5501721e-01	 +6.5393733e-03 -1.6289188e-03	 9.15e-01 Accepted	 387	 1636	
205	 5.5467278e-01	 +3.4270369e-03 +1.8022816e-03	 1.07e+00 Accepted	 384	 1597	
206	 5.5453908e-01	 +2.8174946e-03 -1.1084347e-03	 8.68e-01 Accepted	 384	 1588	
207	 5.5463410e-01	 +2.6342623e-03 +3.7539108e-04	 1.51e+00 Accepted	 377	 1578	
208	 5.5477545e-01	 +3.7943314e-03 +8.8948774e-05	 1.19e+00 Accepted	 376	 1577	
209	 5.5493986e-01	 +2.5045158e-03 -1.3098974e-03	 1.08e+00 Accepted	 379	 1577	
210	 5.5476511e-01	 +2.5211770e-03 +2.0557177e-03	 9.68e-01 Accepted	 377	 1576	
211	 5.5488762e-01	 +9.3538229e-04 +1.1673247e-03	 1.02e+00 Accepted	 377	 1563	
212	 5.5483514e-01	 +1.3223565e-04 -2.8784543e-04	 1.50e+00 Accepted	 379	 1627	
213	 5.5510942e-01	 +2.3342626e-03 -1.0883545e-04	 1.24e+00 Accepted	 388	 1662	
214	 5.5510942e-01	 +2.3342626e-03 -1.0883545e-04	 8.73e-01 Rejected	 391	 1615	
215	 5.5525806e-01	 +1.7465302e-03 +7.7276080e-04	 1.10e+00 Accepted	 393	 1625	
216	 5.5513588e-01	 +3.7289586e-03 +2.1202633e-03	 9.67e-01 Accepted	 390	 1629	
217	 5.5471576e-01	 +1.0660806e-03 +1.0469527e-03	 8.22e-01 Accepted	 386	 1610	
218	 5.5481601e-01	 +3.4829441e-03 +2.6531606e-04	 9.98e-01 Accepted	 389	 1626	
219	 5.5481601e-01	 +3.4829441e-03 +2.6531606e-04	 6.29e-01 Rejected	 389	 1634	
220	 5.5517335e-01	 +3.3784557e-03 -1.2845530e-03	 1.27e+00 Accepted	 386	 1568	
221	 5.5505363e-01	 +6.3912262e-03 -4.4386117e-03	 8.27e-01 Accepted	 380	 1585	
222	 5.5510273e-01	 +6.1946375e-03 +1.8424749e-03	 8.43e-01 Accepted	 380	 1571	
223	 5.5478603e-01	 +2.9017521e-03 -2.3558855e-04	 6.07e-01 Accepted	 376	 1540	
224	 5.5495912e-01	 +3.7125867e-03 +7.1012416e-04	 8.00e-01 Accepted	 375	 1570	
# Starting_type: CheckpointStart
# Trajectory_length / Number_of_MD_steps: 1 / 7
# 	 Plaquette	 Polyakov_Loop(re,im)	 Acc._Probability	 runtime_per_traj(s)	 CG_iterations	
225	 5.5488905e-01	 +2.2971406e-03 +9.4472573e-04	 8.40e-01 Accepted	 399	 1584	
226	 5.5480755e-01	 +3.8812476e-03 -2.0104807e-04	 8.14e-01 Accepted	 379	 1587	
227	 5.5486320e-01	 +2.3701225e-03 -2.2714911e-03	 9.76e-01 Accepted	 381	 1557	
228	 5.5449254e-01	 +4.5971201e-03 -3.2307151e-03	 9.13e-01 Accepted	 379	 1580	
229	 5.5449316e-01	 +1.4596807e-03 -1.3205855e-03	 1.15e+00 Accepted	 384	 1615	
230	 5.5444520e-01	 +2.9624112e-03 -1.8586544e-03	 1.14e+00 Accepted	 385	 1555	
231	 5.5466406e-01	 +6.3455712e-04 -2.1916981e-03	 1.05e+00 Accepted	 374	 1579	
232	 5.5461301e-01	 +2.9465440e-03 +6.7189922e-04	 7.06e-01 Accepted	 372	 1534	
233	 5.5480401e-01	 +3.1474622e-03 -2.2203032e-04	 2.23e+00 Accepted	 376	 1564	
234	 5.5457112e-01	 +2.7349454e-03 +1.2214557e-03	 9.25e-01 Accepted	 376	 1578	
235	 5.5432442e-01	 +1.6147123e-03 -1.8463614e-03	 8.60e-01 Accepted	 381	 1582	
236	 5.5403820e-01	 +5.5026490e-03 -2.4009129e-03	 1.02e+00 Accepted	 382	 1621	
237	 5.5422437e-01	 -1.1572371e-04 +1.1952580e-03	 8.26e-01 Accepted	 389	 1613	
238	 5.5453483e-01	 +4.0614923e-03 -1.0357917e-03	 7.44e-01 Accepted	 384	 1604	
239	 5.5425085e-01	 +3.7919895e-03 -9.6610370e-04	 1.17e+00 Accepted	 384	 1610	
240	 5.5460981e-01	 +5.1181390e-03 -1.1158802e-03	 1.38e+00 Accepted	 387	 1655	
241	 5.5469411e-01	 +3.4639659e-03 -3.6605060e-03	 7.38e-01 Accepted	 397	 1652	
242	 5.5525357e-01	 +4.7867249e-03 -2.5922957e-04	 1.23e+00 Accepted	 393	 1633	
243	 5.5513423e-01	 +3.3608194e-03 -6.1501848e-04	 1.02e+00 Accepted	 387	 1555	
244	 5.5478300e-01	 +3.8884454e-03 +1.2347133e-04	 8.20e-01 Accepted	 380	 1572	
245	 5.5463576e-01	 +3.3323814e-03 +1.0318796e-03	 8.98e-01 Accepted	 380	 1632	
246	 5.5486978e-01	 +5.1230668e-03 +2.5878312e-03	 9.51e-01 Accepted	 393	 1556	
247	 5.5486978e-01	 +5.1230668e-03 +2.5878312e-03	 7.34e-01 Rejected	 381	 1588	
248	 5.5486978e-01	 +5.1230668e-03 +2.5878312e-03	 8.76e-01 Rejected	 381	 1568	
249	 5.5494268e-01	 +3.8219318e-03 +1.5314328e-03	 7.24e-01 Accepted	 384	 1601	
250	 5.5464945e-01	 +3.3286564e-03 +1.3023001e-03	 1.14e+00 Accepted	 386	 1577	
251	 5.5432674e-01	 +2.0251661e-03 -1.5842234e-03	 8.33e-01 Accepted	 382	 1620	
252	 5.5453307e-01	 +1.4455024e-03 -2.5047897e-03	 8.49e-01 Accepted	 392	 1659	
253	 5.5449894e-01	 +3.2218437e-03 -3.2650073e-03	 8.41e-01 Accepted	 392	 1596	
254	 5.5486658e-01	 +4.9178921e-03 -3.5998455e-03	 8.11e-01 Accepted	 388	 1633	
255	 5.5459611e-01	 +3.9476484e-03 -5.4733682e-04	 1.23e+00 Accepted	 388	 1602	
256	 5.5458022e-01	 +5.4649971e-03 -9.9419532e-05	 9.82e-01 Accepted	 380	 1550	
257	 5.5473777e-01	 +4.0494813e-03 -1.9587299e-03	 1.43e+00 Accepted	 373	 1546	
258	 5.5496501e-01	 +3.3128731e-03 -6.7227285e-04	 1.46e+00 Accepted	 378	 1592	
259	 5.5478660e-01	 +4.0499552e-03 -1.3949690e-03	 6.82e-01 Accepted	 384	 1580	
260	 5.5476371e-01	 +6.5652306e-03 +3.1358229e-03	 1.27e+00 Accepted	 385	 1591	
261	 5.5507529e-01	 +4.3097177e-03 +9.4558690e-04	 1.10e+00 Accepted	 394	 1606	
262	 5.5477157e-01	 +4.1905244e-03 +2.3681764e-03	 8.93e-01 Accepted	 398	 1616	
263	 5.5447183e-01	 +2.8396843e-03 +1.1807778e-03	 6.16e-01 Accepted	 394	 1649	
264	 5.5469546e-01	 +3.5046443e-03 +2.1171624e-04	 1.29e+00 Accepted	 397	 1666	
265	 5.5452203e-01	 +4.3809516e-03 +1.1704004e-03	 8.53e-01 Accepted	 394	 1620	
266	 5.5453602e-01	 +2.3391906e-03 -1.1640201e-03	 9.49e-01 Accepted	 392	 1634	
267	 5.5473493e-01	 +5.2122210e-03 +1.4942113e-03	 1.02e+00 Accepted	 391	 1602	
268	 5.5461611e-01	 +2.8511207e-03 -2.0161255e-05	 8.70e-01 Accepted	 386	 1588	
269	 5.5446381e-01	 +5.3618235e-03 -2.5331415e-04	 5.40e-01 Accepted	 387	 1588	
270	 5.5442341e-01	 +6.4795586e-03 +2.8922191e-03	 9.04e-01 Accepted	 383	 1600	
271	 5.5409307e-01	 +4.0025726e-03 +1.9890689e-03	 1.17e+00 Accepted	 388	 1597	
272	 5.5442609e-01	 +2.5091185e-03 +1.2914922e-03	 1.15e+00 Accepted	 384	 1591	
273	 5.5441468e-01	 +2.1967290e-03 -3.7409095e-03	 1.35e+00 Accepted	 384	 1610	
274	 5.5414178e-01	 +3.8060763e-03 +4.0703363e-04	 5.60e-01 Accepted	 7556	 1627	
275	 5.5417936e-01	 +5.1894287e-03 +3.6847168e-04	 1.55e+00 Accepted	 387	 1611	
276	 5.5428711e-01	 +2.1447465e-03 -2.1529801e-03	 1.14e+00 Accepted	 386	 1584	
277	 5.5430738e-01	 +5.4206039e-03 -2.9244845e-03	 1.25e+00 Accepted	 383	 1596	
278	 5.5426613e-01	 +1.1489337e-03 -1.0372024e-03	 8.92e-01 Accepted	 385	 1618	
279	 5.5483631e-01	 +5.6671808e-03 -3.2874745e-03	 1.18e+00 Accepted	 385	 1646	
280	 5.5465424e-01	 +6.5393597e-04 -9.1061798e-04	 6.22e-01 Accepted	 397	 1691	
281	 5.5433359e-01	 +2.2409392e-03 +2.6387452e-04	 8.18e-01 Accepted	 402	 1652	
282	 5.5427234e-01	 +3.3780328e-03 +1.4666022e-03	 9.03e-01 Accepted	 394	 1648	
283	 5.5411430e-01	 +4.5289497e-03 -2.3925572e-04	 9.16e-01 Accepted	 389	 1614	
284	 5.5399375e-01	 +3.2707683e-03 -2.1474038e-03	 9.57e-01 Accepted	 389	 1638	
# Starting_type: CheckpointStart
# Trajectory_length / Number_of_MD_steps: 1 / 7
# 	 Plaquette	 Polyakov_Loop(re,im)	 Acc._Probability	 runtime_per_traj(s)	 CG_iterations	
285	 5.5449495e-01	 +5.2859598e-03 -1.2728346e-03	 1.10e+00 Accepted	 388	 1613	
286	 5.5455691e-01	 +3.6464112e-03 +5.3454536e-04	 8.59e-01 Accepted	 386	 1600	
287	 5.5428962e-01	 +4.3706026e-03 -2.2839527e-03	 1.19e+00 Accepted	 385	 1620	
288	 5.5459891e-01	 +4.0512249e-03 -2.2164743e-03	 9.21e-01 Accepted	 389	 1599	
289	 5.5430379e-01	 +2.3166387e-03 -4.2150828e-03	 1.02e+00 Accepted	 387	 1603	
290	 5.5434315e-01	 +3.3118188e-03 -2.7836348e-03	 1.25e+00 Accepted	 388	 1622	
291	 5.5467584e-01	 +1.6789428e-03 -1.2291463e-03	 1.25e+00 Accepted	 397	 1670	
292	 5.5449840e-01	 +3.8985850e-03 +5.7335791e-04	 8.43e-01 Accepted	 399	 1630	
293	 5.5420493e-01	 +3.7120858e-03 +5.1531322e-04	 1.14e+00 Accepted	 386	 1610	
294	 5.5443085e-01	 +4.4495341e-05 +4.5210337e-04	 9.62e-01 Accepted	 383	 1587	
295	 5.5494558e-01	 +6.2504899e-03 +6.0776566e-04	 1.21e+00 Accepted	 384	 1617	
296	 5.5500738e-01	 +1.1723939e-03 -1.1374233e-03	 8.04e-01 Accepted	 386	 1586	
297	 5.5455095e-01	 +3.1464939e-03 -9.1740692e-04	 5.56e-01 Accepted	 387	 1618	
298	 5.5473342e-01	 +5.1290728e-03 -3.8539831e-04	 9.99e-01 Accepted	 382	 1582	
299	 5.5532549e-01	 +2.0177941e-03 +6.4228749e-04	 7.50e-01 Accepted	 383	 1616	
300	 5.5532549e-01	 +2.0177941e-03 +6.4228749e-04	 8.06e-01 Rejected	 390	 1595	
301	 5.5536556e-01	 +2.2595604e-03 -1.4717121e-03	 6.92e-01 Accepted	 387	 1625	
302	 5.5536556e-01	 +2.2595604e-03 -1.4717121e-03	 7.69e-01 Rejected	 391	 1624	
303	 5.5513953e-01	 +3.5951942e-03 +2.7506436e-04	 9.84e-01 Accepted	 391	 1632	
304	 5.5488846e-01	 +2.9877201e-03 +7.2458757e-04	 9.14e-01 Accepted	 395	 1637	
305	 5.5471790e-01	 +2.4071962e-03 +1.6793362e-03	 1.13e+00 Accepted	 393	 1643	
306	 5.5448290e-01	 +3.7134393e-03 +7.3123956e-04	 1.04e+00 Accepted	 395	 1634	
307	 5.5483266e-01	 +7.6964228e-04 +2.9269333e-03	 2.45e+00 Accepted	 393	 1634	
308	 5.5483266e-01	 +7.6964228e-04 +2.9269333e-03	 4.94e-01 Rejected	 390	 1605	
309	 5.5478418e-01	 +2.8455169e-04 +7.1464372e-05	 1.49e+00 Accepted	 388	 1574	
310	 5.5478418e-01	 +2.8455169e-04 +7.1464372e-05	 9.66e-01 Rejected	 382	 1622	
311	 5.5477957e-01	 +2.6662063e-03 -1.0142027e-03	 7.91e-01 Accepted	 383	 1577	
312	 5.5462769e-01	 -5.5814139e-04 +2.8182076e-03	 9.35e-01 Accepted	 381	 1594	
313	 5.5459047e-01	 +2.5239944e-03 -8.4750934e-04	 1.09e+00 Accepted	 384	 1594	
314	 5.5451959e-01	 +1.6733889e-03 +9.5992179e-05	 9.90e-01 Accepted	 386	 1564	
315	 5.5467070e-01	 -4.0158878e-03 -1.1246493e-03	 1.50e+00 Accepted	 386	 1617	
316	 5.5439124e-01	 +2.5217243e-04 +8.0073059e-04	 1.02e+00 Accepted	 398	 1613	
317	 5.5429877e-01	 +1.4657191e-03 +1.3290817e-03	 1.31e+00 Accepted	 394	 1633	
318	 5.5434996e-01	 -1.3819980e-03 +8.3455473e-04	 8.39e-01 Accepted	 393	 1654	
319	 5.5447514e-01	 -2.4058335e-03 +1.0727964e-03	 1.43e+00 Accepted	 392	 1561	
320	 5.5432456e-01	 -1.1668106e-03 +1.8694776e-03	 1.33e+00 Accepted	 380	 1584	
321	 5.5432901e-01	 +2.9374132e-03 +7.7624347e-04	 7.84e-01 Accepted	 375	 1560	
322	 5.5482278e-01	 +2.1471260e-03 +2.8590333e-03	 1.03e+00 Accepted	 383	 1582	
323	 5.5496087e-01	 +7.8018306e-04 +9.7917014e-04	 1.15e+00 Accepted	 380	 1597	
324	 5.5468850e-01	 +9.5342714e-04 -1.6427998e-03	 6.46e-01 Accepted	 380	 1597	
325	 5.5461470e-01	 +1.3649225e-03 -4.2826084e-03	 8.27e-01 Accepted	 383	 1612	
326	 5.5454655e-01	 +2.5821227e-03 -3.3827394e-04	 9.58e-01 Accepted	 387	 1614	
327	 5.5468159e-01	 +1.6032200e-03 -1.2789534e-03	 1.94e+00 Accepted	 382	 1600	
328	 5.5468159e-01	 +1.6032200e-03 -1.2789534e-03	 7.27e-01 Rejected	 378	 1556	
329	 5.5490588e-01	 +4.1969322e-03 -3.0223856e-03	 1.11e+00 Accepted	 379	 1560	
330	 5.5495701e-01	 +3.8920484e-03 -2.3305018e-04	 1.02e+00 Accepted	 381	 1617	
331	 5.5494238e-01	 +3.4257823e-03 -2.3384764e-04	 7.70e-01 Accepted	 386	 1571	
332	 5.5512363e-01	 +3.0750391e-03 +4.5608778e-04	 1.39e+00 Accepted	 383	 1558	
333	 5.5516167e-01	 +1.9447379e-03 +3.0178410e-04	 9.30e-01 Accepted	 376	 1587	
334	 5.5516167e-01	 +1.9447379e-03 +3.0178410e-04	 6.67e-01 Rejected	 384	 1585	
335	 5.5516167e-01	 +1.9447379e-03 +3.0178410e-04	 7.02e-01 Rejected	 385	 1651	
336	 5.5508575e-01	 +2.1109725e-03 -1.0028963e-04	 8.63e-01 Accepted	 385	 1607	
337	 5.5529473e-01	 +2.0000994e-03 -3.3868134e-03	 7.70e-01 Accepted	 386	 1607	
338	 5.5513676e-01	 +4.6124139e-03 -7.7280440e-04	 8.40e-01 Accepted	 382	 1591	
339	 5.5513676e-01	 +4.6124139e-03 -7.7280440e-04	 5.93e-01 Rejected	 378	 1579	
340	 5.5509155e-01	 +2.9483804e-03 -2.2143437e-04	 1.24e+00 Accepted	 385	 1638	
341	 5.5517832e-01	 +1.1057238e-03 -1.1045809e-03	 1.18e+00 Accepted	 389	 1640	
342	 5.5517832e-01	 +1.1057238e-03 -1.1045809e-03	 8.74e-01 Rejected	 390	 1586	
343	 5.5463358e-01	 +3.6748692e-03 +9.6386525e-04	 5.54e-01 Accepted	 384	 1544	
344	 5.5453296e-01	 +2.8738827e-03 +1.1895436e-03	 8.31e-01 Accepted	 373	 1538	
345	 5.5432956e-01	 -5.9909467e-04 -3.5264334e-04	 8.94e-01 Accepted	 376	 1592	
346	 5.5419761e-01	 +1.3933105e-03 +1.2865111e-03	 1.43e+00 Accepted	 385	 1601	
347	 5.5435176e-01	 +3.8309535e-05 +2.8534080e-03	 7.57e-01 Accepted	 382	 1601	
348	 5.5434953e-01	 +2.7078392e-03 -1.3796171e-03	 9.18e-01 Accepted	 386	 1628	
349	 5.5446515e-01	 +2.2212377e-03 +4.5460684e-04	 9.85e-01 Accepted	 389	 1612	
350	 5.5462134e-01	 +4.7903463e-03 +2.9944132e-03	 1.19e+00 Accepted	 396	 1611	
351	 5.5468080e-01	 +1.1966113e-03 -8.0826645e-04	 1.98e+00 Accepted	 384	 1624	
352	 5.5418589e-01	 +1.2259161e-03 +2.1312912e-04	 9.60e-01 Accepted	 390	 1578	
353	 5.5465236e-01	 +3.7256420e-03 +1.2109101e-03	 1.09e+00 Accepted	 385	 1622	
354	 5.5469528e-01	 +3.6857160e-03 -8.0295193e-04	 1.51e+00 Accepted	 387	 1586	
355	 5.5495765e-01	 +2.6738661e-03 -5.6602705e-04	 1.12e+00 Accepted	 379	 1568	
356	 5.5495765e-01	 +2.6738661e-03 -5.6602705e-04	 8.41e-01 Rejected	 377	 1569	
357	 5.5503370e-01	 +1.4662117e-03 +3.2417565e-03	 1.26e+00 Accepted	 379	 1607	
358	 5.5482450e-01	 -6.4439969e-04 -9.5499655e-04	 9.26e-01 Accepted	 386	 1639	
359	 5.5482464e-01	 +1.4799011e-03 +8.1793371e-04	 1.06e+00 Accepted	 391	 1594	
360	 5.5469535e-01	 +3.5041280e-03 -3.4047385e-04	 9.07e-01 Accepted	 382	 1598	
361	 5.5440484e-01	 +2.0873085e-03 -5.0767662e-04	 7.84e-01 Accepted	 378	 1580	
362	 5.5440484e-01	 +2.0873085e-03 -5.0767662e-04	 7.00e-01 Rejected	 389	 1641	
363	 5.5410440e-01	 +1.8587462e-03 -4.2206403e-04	 9.30e-01 Accepted	 390	 1679	
364	 5.5389718e-01	 +3.2247131e-04 +4.4101398e-04	 1.20e+00 Accepted	 395	 1601	
365	 5.5414412e-01	 +5.4389837e-03 +2.2102703e-03	 9.53e-01 Accepted	 386	 1671	
366	 5.5427836e-01	 +4.5583938e-03 +3.3225919e-04	 6.46e-01 Accepted	 390	 1566	
367	 5.5406826e-01	 +1.9070575e-03 +2.2988138e-03	 5.34e-01 Accepted	 385	 1607	
368	 5.5438898e-01	 +3.6363672e-04 +8.6653267e-05	 9.27e-01 Accepted	 385	 1619	
369	 5.5416815e-01	 +1.1596221e-03 -1.7729945e-03	 9.19e-01 Accepted	 384	 1652	
370	 5.5439146e-01	 -1.6253308e-03 -3.8601775e-04	 9.98e-01 Accepted	 384	 1559	
371	 5.5477035e-01	 +7.5961754e-04 -2.5673855e-03	 7.90e-01 Accepted	 373	 1571	
372	 5.5482346e-01	 +3.4465302e-03 +1.6733825e-03	 1.06e+00 Accepted	 379	 1556	
373	 5.5508260e-01	 +6.7539680e-03 +3.7684955e-04	 1.62e+00 Accepted	 381	 1576	
374	 5.5508260e-01	 +6.7539680e-03 +3.7684955e-04	 7.30e-01 Rejected	 377	 1566	
375	 5.5520738e-01	 +6.2841744e-03 +2.3632607e-03	 1.20e+00 Accepted	 388	 1630	
376	 5.5520738e-01	 +6.2841744e-03 +2.3632607e-03	 5.75e-01 Rejected	 394	 1610	
377	 5.5520738e-01	 +6.2841744e-03 +2.3632607e-03	 6.35e-01 Rejected	 395	 1607	
378	 5.5487797e-01	 +4.1842324e-03 +2.8047749e-03	 1.02e+00 Accepted	 392	 1605	
379	 5.5501062e-01	 +2.1562373e-03 +9.1628963e-04	 7.11e-01 Accepted	 389	 1662	
380	 5.5457150e-01	 +5.4332025e-03 -1.8402013e-03	 8.60e-01 Accepted	 390	 1580	
381	 5.5469420e-01	 +3.6451517e-03 +6.3819522e-05	 9.79e-01 Accepted	 378	 1547	
382	 5.5466325e-01	 +2.5606169e-03 +2.6826888e-03	 1.03e+00 Accepted	 372	 1564	
383	 5.5438206e-01	 +5.9336468e-03 -9.2729749e-04	 7.06e-01 Accepted	 375	 1561	
384	 5.5475013e-01	 +4.3260857e-03 +1.4510980e-03	 1.38e+00 Accepted	 376	 1611	
385	 5.5477778e-01	 +4.8896613e-03 +1.6613699e-03	 7.60e-01 Accepted	 388	 1600	
386	 5.5398464e-01	 +3.4702976e-03 +8.4406966e-04	 5.70e-01 Accepted	 390	 1655	
387	 5.5414092e-01	 +3.0350594e-04 +2.0021993e-03	 9.42e-01 Accepted	 389	 1584	
388	 5.5418472e-01	 +2.2072787e-03 -1.2086846e-03	 1.19e+00 Accepted	 380	 1579	
389	 5.5440735e-01	 +2.8992558e-03 +2.8739980e-03	 1.39e+00 Accepted	 383	 1573	
390	 5.5433197e-01	 +4.7115973e-03 +2.1898779e-03	 1.17e+00 Accepted	 382	 1578	
391	 5.5449420e-01	 +3.1597709e-03 +1.0830233e-03	 8.96e-01 Accepted	 382	 1626	
392	 5.5449420e-01	 +3.1597709e-03 +1.0830233e-03	 7.47e-01 Rejected	 387	 1592	
393	 5.5464791e-01	 +2.2330382e-03 +1.8146499e-03	 1.15e+00 Accepted	 392	 1648	
394	 5.5431734e-01	 +5.2005449e-03 +2.0386315e-03	 7.92e-01 Accepted	 393	 1640	
395	 5.5469154e-01	 +2.6791698e-03 +3.0320758e-05	 1.56e+00 Accepted	 387	 1581	
# Starting_type: CheckpointStart
# Trajectory_length / Number_of_MD_steps: 1 / 7
# 	 Plaquette	 Polyakov_Loop(re,im)	 Acc._Probability	 runtime_per_traj(s)	 CG_iterations	
395	 5.5469154e-01	 +2.6791698e-03 +3.0320758e-05	 1.56e+00 Accepted	 410	 1581	
396	 5.5467732e-01	 +1.3957314e-03 +7.2826371e-03	 8.85e-01 Accepted	 388	 1560	
397	 5.5444389e-01	 -6.3998915e-04 +2.2594862e-03	 7.87e-01 Accepted	 373	 1550	
398	 5.5444626e-01	 +8.5085884e-04 -3.0637847e-04	 1.02e+00 Accepted	 379	 1630	
399	 5.5428468e-01	 +4.0610376e-03 +9.2478837e-04	 8.50e-01 Accepted	 390	 1620	
400	 5.5460736e-01	 +1.7560435e-03 -7.6388060e-04	 1.27e+00 Accepted	 385	 1617	
401	 5.5432736e-01	 +2.2076738e-03 +1.6439517e-03	 9.31e-01 Accepted	 390	 1631	
402	 5.5448353e-01	 +2.3861828e-03 +1.2108081e-03	 1.17e+00 Accepted	 389	 1587	
403	 5.5429466e-01	 +6.8049252e-03 -2.2165839e-03	 9.02e-01 Accepted	 382	 1601	
404	 5.5429466e-01	 +6.8049252e-03 -2.2165839e-03	 7.61e-01 Rejected	 390	 1640	
405	 5.5483679e-01	 +3.6958006e-03 +4.2313052e-04	 1.12e+00 Accepted	 383	 1580	
406	 5.5487728e-01	 +7.4076297e-04 -7.7596782e-04	 8.51e-01 Accepted	 381	 1571	
407	 5.5476279e-01	 +1.0805045e-03 +3.9537664e-04	 7.20e-01 Accepted	 373	 1569	
408	 5.5451771e-01	 +3.4667870e-03 +1.6647435e-03	 7.69e-01 Accepted	 379	 1600	
409	 5.5432059e-01	 +4.3288705e-03 +1.4199589e-03	 7.42e-01 Accepted	 381	 1597	
410	 5.5417266e-01	 +4.7636086e-03 +4.4478178e-03	 1.13e+00 Accepted	 383	 1628	
411	 5.5468561e-01	 -1.5767976e-03 +3.2145240e-03	 1.36e+00 Accepted	 384	 1610	
412	 5.5503689e-01	 +3.9944850e-03 +9.2927263e-04	 9.48e-01 Accepted	 386	 1584	
413	 5.5532359e-01	 +1.5680043e-03 +1.6169658e-03	 1.04e+00 Accepted	 384	 1598	
414	 5.5515448e-01	 +4.0453434e-03 +1.1171027e-03	 8.37e-01 Accepted	 392	 1637	
415	 5.5455563e-01	 +2.5067060e-03 +7.0423802e-04	 1.22e+00 Accepted	 387	 1613	
416	 5.5467647e-01	 +2.4288023e-03 -5.1590815e-05	 1.18e+00 Accepted	 391	 1592	
417	 5.5479223e-01	 +2.3215989e-03 +2.4696205e-03	 8.45e-01 Accepted	 385	 1620	
418	 5.5498855e-01	 +2.6186804e-03 -4.4896731e-05	 1.61e+00 Accepted	 388	 1627	
419	 5.5447798e-01	 -1.6577128e-04 -4.8565571e-04	 7.47e-01 Accepted	 390	 1653	
420	 5.5448864e-01	 +1.2007515e-03 -1.5048091e-03	 7.81e-01 Accepted	 391	 1613	
421	 5.5448864e-01	 +1.2007515e-03 -1.5048091e-03	 7.22e-01 Rejected	 382	 1613	
422	 5.5418316e-01	 -1.4465711e-03 +1.7519307e-03	 9.12e-01 Accepted	 383	 1578	
423	 5.5426639e-01	 +3.6168466e-03 +6.0777928e-04	 7.20e-01 Accepted	 385	 1630	
424	 5.5460902e-01	 +2.3318799e-03 -7.7450155e-04	 1.25e+00 Accepted	 386	 1613	
425	 5.5484598e-01	 +4.4264312e-03 +2.0514730e-03	 1.22e+00 Accepted	 383	 1578	
426	 5.5484598e-01	 +4.4264312e-03 +2.0514730e-03	 7.37e-01 Rejected	 383	 1593	
427	 5.5450799e-01	 +4.1073111e-03 +1.8123990e-03	 4.77e-01 Accepted	 378	 1557	
428	 5.5409475e-01	 +3.2330936e-03 +1.8025003e-04	 4.92e-01 Accepted	 383	 1619	
429	 5.5387693e-01	 +4.5676573e-03 +6.6326182e-04	 6.95e-01 Accepted	 393	 1621	
430	 5.5387693e-01	 +4.5676573e-03 +6.6326182e-04	 8.26e-01 Rejected	 390	 1607	
431	 5.5425199e-01	 +3.5935138e-03 +1.6810975e-04	 9.29e-01 Accepted	 392	 1617	
432	 5.5467796e-01	 +4.2583840e-03 -5.0675305e-03	 1.60e+00 Accepted	 390	 1626	
433	 5.5470331e-01	 +5.0834405e-03 -1.4158002e-03	 8.09e-01 Accepted	 389	 1661	
434	 5.5441491e-01	 +1.5521197e-03 -8.9889202e-04	 8.22e-01 Accepted	 399	 1622	
435	 5.5458350e-01	 +2.5976294e-03 +1.0222840e-03	 1.47e+00 Accepted	 394	 1642	
436	 5.5456330e-01	 +4.4255252e-03 +1.1288132e-03	 7.38e-01 Accepted	 396	 1641	
437	 5.5448177e-01	 +2.0358158e-03 +5.6238007e-05	 8.61e-01 Accepted	 392	 1645	
438	 5.5432067e-01	 +1.5377150e-03 +2.8000810e-04	 7.65e-01 Accepted	 391	 1673	
439	 5.5473955e-01	 +2.3674173e-03 -2.0958338e-03	 1.39e+00 Accepted	 399	 1677	
440	 5.5436498e-01	 +4.3831146e-03 -7.4404156e-04	 1.41e+00 Accepted	 396	 1656	
441	 5.5450941e-01	 -7.5381767e-04 +3.3306761e-03	 8.07e-01 Accepted	 397	 1634	
442	 5.5476485e-01	 +3.3816025e-03 -1.9928356e-03	 1.89e+00 Accepted	 393	 1618	
443	 5.5466558e-01	 +3.5797112e-03 +2.4018931e-03	 8.38e-01 Accepted	 380	 1532	
444	 5.5522417e-01	 +2.0987487e-03 -2.7561399e-03	 1.98e+00 Accepted	 373	 1558	
445	 5.5473837e-01	 +3.6809981e-03 -4.2071888e-04	 5.74e-01 Accepted	 378	 1567	
446	 5.5506434e-01	 +2.5840842e-03 -1.4636124e-03	 2.17e+00 Accepted	 383	 1620	
447	 5.5505983e-01	 +3.4164515e-03 -1.2017598e-04	 1.01e+00 Accepted	 390	 1589	
448	 5.5454537e-01	 +4.6217639e-03 -1.9852047e-03	 9.05e-01 Accepted	 382	 1586	
449	 5.5473334e-01	 +2.9920583e-03 -8.0989512e-04	 1.03e+00 Accepted	 387	 1568	
450	 5.5511692e-01	 +3.0507421e-03 +8.4330223e-04	 2.01e+00 Accepted	 381	 1568	
451	 5.5511692e-01	 +3.0507421e-03 +8.4330223e-04	 6.38e-01 Rejected	 378	 1563	
# Starting_type: CheckpointStart
# Trajectory_length / Number_of_MD_steps: 1 / 7
# 	 Plaquette	 Polyakov_Loop(re,im)	 Acc._Probability	 runtime_per_traj(s)	 CG_iterations	
451	 5.5511692e-01	 +3.0507421e-03 +8.4330223e-04	 6.38e-01 Rejected	 387	 1563	
452	 5.5495139e-01	 +9.4632859e-03 +1.0801900e-03	 1.15e+00 Accepted	 378	 1562	
453	 5.5496552e-01	 +1.2875882e-03 +1.1833246e-03	 9.63e-01 Accepted	 385	 1613	
454	 5.5473150e-01	 +2.5849135e-03 +1.2832440e-03	 9.15e-01 Accepted	 388	 1548	
455	 5.5466043e-01	 +5.3493128e-03 +1.3319327e-03	 9.46e-01 Accepted	 378	 1608	
456	 5.5474064e-01	 +3.0980693e-03 +7.3900234e-04	 8.12e-01 Accepted	 388	 1594	
457	 5.5474387e-01	 +1.6064877e-03 -1.1321955e-03	 1.10e+00 Accepted	 387	 1613	
458	 5.5454950e-01	 +2.1844112e-03 +2.3325491e-03	 6.90e-01 Accepted	 397	 1686	
459	 5.5449459e-01	 +5.8094884e-03 +1.1236160e-03	 7.58e-01 Accepted	 395	 1609	
460	 5.5430358e-01	 -1.6710166e-03 -9.7969525e-04	 1.12e+00 Accepted	 388	 1639	
461	 5.5438996e-01	 +1.6991814e-03 -1.1295379e-04	 1.06e+00 Accepted	 393	 1625	
462	 5.5470004e-01	 +4.3327537e-03 -8.6820911e-04	 1.25e+00 Accepted	 390	 1665	
463	 5.5456477e-01	 +4.1980769e-03 +9.6841363e-04	 9.80e-01 Accepted	 393	 1596	
464	 5.5462589e-01	 +2.0296833e-04 +7.7857197e-04	 1.08e+00 Accepted	 379	 1590	
465	 5.5490434e-01	 +2.6960424e-03 -3.2845459e-04	 1.14e+00 Accepted	 385	 1564	
466	 5.5482199e-01	 +1.1406523e-03 -8.5665632e-04	 1.04e+00 Accepted	 384	 1579	
467	 5.5480644e-01	 +2.8685931e-03 -1.0262301e-03	 1.10e+00 Accepted	 386	 1664	
468	 5.5479230e-01	 -2.1864868e-03 -9.8060560e-04	 9.97e-01 Accepted	 392	 1574	
469	 5.5520888e-01	 +2.3945046e-03 +2.2893364e-04	 1.05e+00 Accepted	 389	 1599	
470	 5.5484577e-01	 +5.6509005e-03 -1.2199714e-04	 1.17e+00 Accepted	 388	 1591	
471	 5.5502186e-01	 +3.7232554e-03 +1.2281217e-03	 9.70e-01 Accepted	 385	 1593	
472	 5.5500555e-01	 +3.8332993e-03 +1.6684984e-03	 7.55e-01 Accepted	 384	 1584	
473	 5.5494630e-01	 +3.5131749e-04 +3.4171725e-03	 1.03e+00 Accepted	 383	 1571	
474	 5.5457717e-01	 +1.9500560e-03 -9.4670445e-04	 9.32e-01 Accepted	 384	 1620	
475	 5.5460469e-01	 +1.0955673e-03 -2.4053307e-03	 8.40e-01 Accepted	 387	 1615	
476	 5.5460487e-01	 +3.9888621e-03 +1.4224715e-03	 5.51e-01 Accepted	 387	 1609	
477	 5.5481088e-01	 +5.0448042e-03 +6.3683339e-04	 1.21e+00 Accepted	 384	 1557	
478	 5.5538119e-01	 +1.9406585e-03 -9.6871977e-04	 1.64e+00 Accepted	 380	 1597	
479	 5.5491532e-01	 +3.0400906e-03 +1.8981647e-04	 4.82e-01 Accepted	 383	 1596	
480	 5.5496135e-01	 +4.4912696e-03 -4.2571629e-04	 1.15e+00 Accepted	 384	 1607	
481	 5.5496135e-01	 +4.4912696e-03 -4.2571629e-04	 7.49e-01 Rejected	 384	 1565	
482	 5.5554797e-01	 +3.3966824e-03 +3.7115110e-04	 1.98e+00 Accepted	 387	 1597	
483	 5.5564557e-01	 +5.5355253e-03 +2.6396239e-03	 8.82e-01 Accepted	 387	 1624	
484	 5.5576201e-01	 +1.7022380e-03 +5.5045796e-04	 1.31e+00 Accepted	 385	 1580	
485	 5.5574203e-01	 +5.9858697e-03 -1.8702851e-03	 1.55e+00 Accepted	 382	 1580	
486	 5.5573419e-01	 +3.2855334e-03 -1.0814877e-03	 8.12e-01 Accepted	 383	 1629	
487	 5.5564204e-01	 +4.0443629e-03 +1.8753658e-03	 1.06e+00 Accepted	 388	 1588	
488	 5.5567030e-01	 +3.4989513e-03 -1.0961160e-03	 9.28e-01 Accepted	 383	 1574	
489	 5.5524079e-01	 +1.0413557e-03 +2.7022374e-03	 9.19e-01 Accepted	 387	 1725	
490	 5.5503801e-01	 +3.3970989e-03 -2.3306167e-03	 8.38e-01 Accepted	 409	 1585	
491	 5.5526975e-01	 +5.4730747e-03 +3.7723631e-03	 1.07e+00 Accepted	 392	 1590	
492	 5.5557667e-01	 +3.9984500e-03 -8.3511907e-06	 9.55e-01 Accepted	 391	 1614	
493	 5.5559314e-01	 +5.1594905e-03 +1.0155998e-03	 1.22e+00 Accepted	 387	 1592	
494	 5.5524629e-01	 +4.9265587e-03 +2.0498288e-03	 6.93e-01 Accepted	 380	 1582	
495	 5.5528705e-01	 +3.7349080e-03 +2.2745180e-04	 8.53e-01 Accepted	 383	 1574	
496	 5.5499633e-01	 +1.2055584e-03 -3.6335148e-04	 1.01e+00 Accepted	 388	 1610	
497	 5.5476709e-01	 +4.9050287e-03 +1.5016739e-03	 8.91e-01 Accepted	 393	 1628	
498	 5.5480469e-01	 +3.3731842e-03 +3.1417612e-03	 1.00e+00 Accepted	 393	 1655	
499	 5.5492602e-01	 +2.4662873e-03 +1.3833856e-03	 1.20e+00 Accepted	 401	 1632	
500	 5.5492602e-01	 +2.4662873e-03 +1.3833856e-03	 6.46e-01 Rejected	 394	 1577	
501	 5.5492602e-01	 +2.4662873e-03 +1.3833856e-03	 3.75e-01 Rejected	 392	 1594	
502	 5.5504138e-01	 +5.0239061e-03 +5.0189342e-03	 1.07e+00 Accepted	 390	 1579	
503	 5.5504138e-01	 +5.0239061e-03 +5.0189342e-03	 5.34e-01 Rejected	 388	 1621	
504	 5.5492675e-01	 +2.0952025e-03 +4.8367315e-03	 9.67e-01 Accepted	 383	 1568	
505	 5.5492046e-01	 +3.6086919e-03 +9.6154323e-04	 8.74e-01 Accepted	 382	 1596	
506	 5.5517087e-01	 +3.0596548e-03 -1.1475336e-03	 1.11e+00 Accepted	 392	 1619	
507	 5.5531373e-01	 +3.6607143e-03 +1.8234738e-04	 9.21e-01 Accepted	 395	 1670	
508	 5.5531373e-01	 +3.6607143e-03 +1.8234738e-04	 7.15e-01 Rejected	 392	 1572	
509	 5.5531373e-01	 +3.6607143e-03 +1.8234738e-04	 5.73e-01 Rejected	 398	 1608	
510	 5.5501665e-01	 +4.4906403e-03 +2.0845998e-03	 1.03e+00 Accepted	 389	 1525	
511	 5.5504420e-01	 +3.1820411e-03 +1.0729642e-03	 9.99e-01 Accepted	 376	 1574	
512	 5.5504420e-01	 +3.1820411e-03 +1.0729642e-03	 5.19e-01 Rejected	 382	 1577	
513	 5.5454255e-01	 +5.9391388e-03 +1.6593505e-03	 7.19e-01 Accepted	 382	 1569	
514	 5.5450633e-01	 +2.8609295e-03 +1.7415564e-03	 9.56e-01 Accepted	 378	 1561	
515	 5.5474364e-01	 +9.0820825e-03 +8.0733821e-04	 1.12e+00 Accepted	 377	 1541	
516	 5.5470033e-01	 +9.5390297e-03 +3.2641299e-04	 1.04e+00 Accepted	 377	 1586	
517	 5.5466613e-01	 +4.3009887e-03 +4.5228479e-03	 8.52e-01 Accepted	 387	 1628	
518	 5.5490797e-01	 +3.6238889e-03 +4.3603203e-03	 1.13e+00 Accepted	 391	 1579	
519	 5.5498898e-01	 +6.9077807e-03 +2.0134022e-03	 9.45e-01 Accepted	 388	 1598	
520	 5.5498898e-01	 +6.9077807e-03 +2.0134022e-03	 6.67e-01 Rejected	 390	 1596	
521	 5.5492201e-01	 +6.9442231e-03 +3.0171393e-03	 7.91e-01 Accepted	 386	 1591	
522	 5.5474745e-01	 +7.7007276e-03 +2.5194683e-03	 6.01e-01 Accepted	 386	 1579	
523	 5.5479203e-01	 +4.8494820e-03 +3.8400747e-03	 1.33e+00 Accepted	 391	 1697	
524	 5.5479203e-01	 +4.8494820e-03 +3.8400747e-03	 8.63e-01 Rejected	 407	 1695	
525	 5.5487032e-01	 +3.2578227e-03 -6.8981872e-04	 1.06e+00 Accepted	 403	 1626	
526	 5.5529907e-01	 +5.9081532e-03 +1.2567935e-03	 1.60e+00 Accepted	 397	 1657	
527	 5.5529907e-01	 +5.9081532e-03 +1.2567935e-03	 7.06e-01 Rejected	 402	 1673	
528	 5.5529907e-01	 +5.9081532e-03 +1.2567935e-03	 5.02e-01 Rejected	 397	 1582	
529	 5.5532007e-01	 +4.2282887e-03 +4.5060444e-03	 1.07e+00 Accepted	 394	 1653	
530	 5.5553507e-01	 +5.8990583e-03 +6.0390908e-04	 6.98e-01 Accepted	 404	 1669	
531	 5.5523900e-01	 +4.1497065e-03 +4.3355422e-04	 9.81e-01 Accepted	 398	 1588	
532	 5.5483844e-01	 +4.6952126e-03 +8.9554144e-04	 8.25e-01 Accepted	 387	 1612	
533	 5.5495295e-01	 +2.6338484e-03 -2.0439573e-05	 1.13e+00 Accepted	 386	 1580	
534	 5.5491969e-01	 +2.7055224e-03 +2.0796423e-03	 8.40e-01 Accepted	 391	 1602	
535	 5.5459737e-01	 +4.9714064e-03 +2.4518273e-03	 1.02e+00 Accepted	 385	 1576	
536	 5.5459737e-01	 +4.9714064e-03 +2.4518273e-03	 6.51e-01 Rejected	 388	 1621	
537	 5.5443930e-01	 +4.8183452e-03 -3.2205579e-04	 1.11e+00 Accepted	 378	 1557	
538	 5.5490863e-01	 +4.5701385e-03 +1.8736097e-03	 1.38e+00 Accepted	 379	 1588	
539	 5.5443377e-01	 +4.9741660e-03 +1.8755551e-04	 6.31e-01 Accepted	 386	 1627	
540	 5.5460491e-01	 +4.9325439e-03 +9.5594178e-04	 1.14e+00 Accepted	 395	 1627	
541	 5.5477429e-01	 +5.1423674e-03 +3.2766634e-03	 1.06e+00 Accepted	 391	 1572	
542	 5.5483075e-01	 +5.8672646e-03 +2.1211664e-05	 1.18e+00 Accepted	 387	 1669	
543	 5.5457289e-01	 +5.9915223e-03 +2.2070692e-03	 1.14e+00 Accepted	 398	 1627	
544	 5.5519645e-01	 +7.3178527e-03 +3.5387515e-03	 1.02e+00 Accepted	 386	 1580	
545	 5.5508938e-01	 +2.1114643e-03 +1.6961275e-03	 1.02e+00 Accepted	 387	 1609	
546	 5.5520716e-01	 +2.2411883e-03 -1.7896194e-03	 1.84e+00 Accepted	 389	 1612	
547	 5.5537348e-01	 +4.2253670e-03 +1.4882050e-03	 1.46e+00 Accepted	 386	 1614	
548	 5.5547387e-01	 +1.9183875e-03 -3.9420319e-03	 8.73e-01 Accepted	 386	 1648	
549	 5.5544436e-01	 +2.5540043e-03 -1.3155122e-03	 7.38e-01 Accepted	 396	 1663	
550	 5.5574906e-01	 +4.7997305e-03 -4.5447082e-03	 1.29e+00 Accepted	 392	 1617	
551	 5.5524927e-01	 +5.3801007e-03 -9.6565380e-04	 1.18e+00 Accepted	 389	 1611	
552	 5.5524927e-01	 +5.3801007e-03 -9.6565380e-04	 4.63e-01 Rejected	 384	 1594	
553	 5.5527236e-01	 +6.3595340e-03 +9.9931776e-05	 9.61e-01 Accepted	 391	 1635	
554	 5.5477995e-01	 +7.6106880e-03 -1.4390122e-03	 5.40e-01 Accepted	 394	 1591	
555	 5.5477995e-01	 +7.6106880e-03 -1.4390122e-03	 6.54e-01 Rejected	 389	 1596	
556	 5.5462697e-01	 +7.8734324e-03 -3.9578548e-03	 6.57e-01 Accepted	 383	 1563	
557	 5.5462697e-01	 +7.8734324e-03 -3.9578548e-03	 5.52e-01 Rejected	 376	 1549	
558	 5.5425627e-01	 +5.9905485e-03 -1.7271346e-03	 6.71e-01 Accepted	 377	 1564	
559	 5.5420460e-01	 +3.6602915e-03 -4.1626854e-04	 2.09e+00 Accepted	 381	 1581	
# Starting_type: CheckpointStart
# Trajectory_length / Number_of_MD_steps: 1 / 7
# 	 Plaquette	 Polyakov_Loop(re,im)	 Acc._Probability	 runtime_per_traj(s)	 CG_iterations	
559	 5.5420460e-01	 +3.6602915e-03 -4.1626854e-04	 2.09e+00 Accepted	 397	 1581	
560	 5.5444190e-01	 +5.7446207e-03 -1.9306939e-03	 8.76e-01 Accepted	 375	 1560	
561	 5.5429312e-01	 +7.9828184e-03 +1.1292523e-03	 1.15e+00 Accepted	 375	 1548	
562	 5.5430764e-01	 +6.4508306e-03 -5.5861344e-04	 1.20e+00 Accepted	 372	 1549	
563	 5.5441058e-01	 +4.4799811e-03 -1.8971007e-03	 4.83e-01 Accepted	 381	 1612	
564	 5.5428958e-01	 +6.5305582e-03 +6.9909367e-04	 7.54e-01 Accepted	 381	 1557	
565	 5.5475605e-01	 +4.3791017e-03 -1.5470357e-03	 1.54e+00 Accepted	 377	 1598	
566	 5.5487466e-01	 +5.3582294e-03 +2.5749081e-04	 8.19e-01 Accepted	 378	 1545	
567	 5.5469368e-01	 +4.5553553e-03 +1.2296272e-04	 8.02e-01 Accepted	 378	 1615	
568	 5.5473221e-01	 +6.5284305e-03 +1.3494133e-03	 1.15e+00 Accepted	 395	 1668	
569	 5.5490980e-01	 +4.3138383e-03 +1.2480657e-03	 1.17e+00 Accepted	 390	 1550	
570	 5.5461671e-01	 +4.4911028e-03 -1.1333013e-03	 9.20e-01 Accepted	 373	 1566	
571	 5.5461671e-01	 +4.4911028e-03 -1.1333013e-03	 6.23e-01 Rejected	 374	 1590	
572	 5.5484073e-01	 +5.1303539e-03 +1.0383431e-03	 1.52e+00 Accepted	 371	 1555	
573	 5.5484073e-01	 +5.1303539e-03 +1.0383431e-03	 7.70e-01 Rejected	 373	 1594	
574	 5.5518085e-01	 +4.9728067e-03 -7.8147924e-04	 1.48e+00 Accepted	 370	 1548	
575	 5.5524015e-01	 +6.3024831e-03 -2.3509544e-03	 1.11e+00 Accepted	 374	 1587	
576	 5.5493124e-01	 +5.4121569e-03 +5.9849266e-04	 1.09e+00 Accepted	 379	 1607	
577	 5.5529426e-01	 +3.8132577e-03 +8.0754760e-04	 1.24e+00 Accepted	 387	 1597	
578	 5.5550656e-01	 +7.3921093e-03 +1.1368299e-03	 1.16e+00 Accepted	 385	 1591	
579	 5.5545563e-01	 +7.2224314e-03 +1.4664592e-03	 7.10e-01 Accepted	 385	 1568	
580	 5.5532004e-01	 +5.1100745e-03 -2.5498138e-03	 8.13e-01 Accepted	 380	 1603	
581	 5.5503921e-01	 +4.8620268e-03 -2.7834967e-03	 7.88e-01 Accepted	 380	 1583	
582	 5.5507753e-01	 +4.4829516e-03 +4.3046635e-04	 1.18e+00 Accepted	 379	 1563	
583	 5.5517522e-01	 +5.7554057e-03 -2.2787774e-03	 8.41e-01 Accepted	 375	 1547	
584	 5.5493950e-01	 +1.9197077e-03 -1.8806613e-03	 1.07e+00 Accepted	 380	 1592	
585	 5.5538116e-01	 +3.0596304e-03 +1.3160803e-03	 6.91e-01 Accepted	 378	 1569	
586	 5.5538116e-01	 +3.0596304e-03 +1.3160803e-03	 7.30e-01 Rejected	 379	 1569	
587	 5.5536903e-01	 +1.4475970e-03 -3.5557689e-04	 9.01e-01 Accepted	 380	 1560	
588	 5.5539777e-01	 +5.6847241e-03 +9.7768113e-04	 6.65e-01 Accepted	 376	 1542	
589	 5.5554111e-01	 +3.9666399e-03 -1.5780279e-03	 1.19e+00 Accepted	 375	 1628	
590	 5.5515159e-01	 +1.6524708e-03 -1.2648221e-04	 1.09e+00 Accepted	 384	 1573	
591	 5.5507531e-01	 +7.5643412e-03 -1.7050413e-03	 1.08e+00 Accepted	 379	 1554	
592	 5.5531490e-01	 +5.8249731e-03 +8.1934780e-04	 1.71e+00 Accepted	 373	 1558	
593	 5.5521502e-01	 +6.3633381e-03 +6.2901151e-04	 1.19e+00 Accepted	 376	 1552	
594	 5.5518576e-01	 +3.8828923e-03 +2.7358199e-04	 1.28e+00 Accepted	 381	 1592	
595	 5.5516033e-01	 +4.8594008e-03 -1.6092004e-03	 1.00e+00 Accepted	 385	 1606	
596	 5.5497535e-01	 +3.2771725e-03 -3.2916991e-03	 1.34e+00 Accepted	 385	 1593	
597	 5.5477677e-01	 +4.8120509e-03 +1.3633172e-03	 8.90e-01 Accepted	 384	 1610	
598	 5.5493034e-01	 +6.8738375e-03 -1.9926219e-03	 1.66e+00 Accepted	 391	 1639	
599	 5.5481704e-01	 +5.0152627e-03 -2.5239144e-03	 8.71e-01 Accepted	 387	 1579	
600	 5.5436024e-01	 +4.3770988e-03 -2.0026737e-03	 7.54e-01 Accepted	 379	 1574	
601	 5.5439275e-01	 +8.4566891e-03 -7.3999130e-04	 1.31e+00 Accepted	 383	 1610	
602	 5.5464105e-01	 +5.3947481e-03 +3.1290176e-04	 1.09e+00 Accepted	 387	 1657	
603	 5.5464032e-01	 +4.3164330e-03 -4.6317416e-04	 1.06e+00 Accepted	 395	 1648	
604	 5.5464032e-01	 +4.3164330e-03 -4.6317416e-04	 7.21e-01 Rejected	 394	 1594	
605	 5.5436704e-01	 +7.9306472e-03 -1.2958530e-03	 9.06e-01 Accepted	 396	 1631	
606	 5.5419109e-01	 +4.1758666e-03 -1.0874105e-03	 1.03e+00 Accepted	 391	 1648	
607	 5.5426291e-01	 +1.5973851e-03 +1.3573267e-03	 9.07e-01 Accepted	 383	 1586	
608	 5.5467331e-01	 +3.2161703e-03 +1.7727584e-03	 1.12e+00 Accepted	 381	 1605	
609	 5.5473168e-01	 +4.7864839e-03 -4.0445948e-04	 1.24e+00 Accepted	 385	 1593	
610	 5.5470268e-01	 +4.4666280e-03 -1.0722825e-03	 9.77e-01 Accepted	 382	 1605	
611	 5.5470268e-01	 +4.4666280e-03 -1.0722825e-03	 7.11e-01 Rejected	 380	 1607	
612	 5.5433155e-01	 +6.2826237e-03 +2.4843538e-04	 8.15e-01 Accepted	 390	 1665	
613	 5.5401435e-01	 +3.9260885e-03 +3.2826867e-03	 6.58e-01 Accepted	 395	 1646	
614	 5.5449297e-01	 +3.4592297e-03 +3.7078954e-04	 1.37e+00 Accepted	 391	 1637	
615	 5.5454059e-01	 +4.6146016e-03 +2.5319882e-03	 7.04e-01 Accepted	 390	 1618	
616	 5.5443099e-01	 +4.9472623e-03 -9.0272911e-04	 9.23e-01 Accepted	 395	 1672	
617	 5.5441509e-01	 +3.3260574e-03 -1.3888363e-03	 1.23e+00 Accepted	 396	 1643	
618	 5.5439662e-01	 +6.4408701e-03 +6.0981857e-04	 1.02e+00 Accepted	 397	 1657	
619	 5.5442633e-01	 +6.6248232e-03 -1.0122359e-03	 1.79e+00 Accepted	 391	 1597	
620	 5.5434249e-01	 +3.0177648e-03 -1.8304481e-04	 1.02e+00 Accepted	 388	 1622	
621	 5.5434249e-01	 +3.0177648e-03 -1.8304481e-04	 7.38e-01 Rejected	 388	 1610	
622	 5.5481494e-01	 +5.3893042e-03 +3.1120276e-03	 1.41e+00 Accepted	 392	 1634	
623	 5.5489340e-01	 +5.1603966e-03 -9.6757867e-04	 9.13e-01 Accepted	 388	 1597	
624	 5.5478209e-01	 +6.7583491e-03 +7.0297090e-04	 8.82e-01 Accepted	 388	 1621	
625	 5.5488623e-01	 +5.1470161e-03 +9.0595141e-04	 1.16e+00 Accepted	 385	 1552	
626	 5.5508013e-01	 +4.7218672e-03 +1.5600828e-03	 1.39e+00 Accepted	 378	 1586	
627	 5.5484489e-01	 +3.7767813e-03 +7.0450474e-04	 9.32e-01 Accepted	 381	 1589	
628	 5.5542216e-01	 +7.1366937e-03 -1.4353204e-03	 1.64e+00 Accepted	 382	 1655	
629	 5.5510306e-01	 +7.0747278e-03 +1.4358751e-03	 9.13e-01 Accepted	 385	 1557	
630	 5.5467999e-01	 +7.3057152e-03 +1.0201264e-03	 9.08e-01 Accepted	 380	 1586	
631	 5.5464224e-01	 +5.3662587e-03 -3.4186950e-04	 9.30e-01 Accepted	 381	 1601	
632	 5.5491880e-01	 +6.0224506e-03 +2.0110029e-03	 1.13e+00 Accepted	 386	 1600	
633	 5.5521524e-01	 +5.0693081e-03 -5.1475263e-04	 1.09e+00 Accepted	 384	 1611	
634	 5.5524710e-01	 +6.1897008e-03 +3.0739416e-03	 1.02e+00 Accepted	 388	 1589	
635	 5.5477324e-01	 +4.1835771e-03 -6.7789639e-04	 8.90e-01 Accepted	 380	 1627	
636	 5.5507620e-01	 +4.4166466e-03 +1.3746004e-03	 1.58e+00 Accepted	 388	 1617	
637	 5.5517880e-01	 +4.7893654e-03 -9.6114178e-04	 7.59e-01 Accepted	 386	 1607	
638	 5.5526441e-01	 +4.2084814e-03 +1.0377902e-04	 9.41e-01 Accepted	 385	 1618	
639	 5.5504631e-01	 +3.2693868e-03 -3.7868957e-03	 9.75e-01 Accepted	 389	 1602	
640	 5.5497827e-01	 +2.4262036e-03 -1.5805080e-04	 7.12e-01 Accepted	 385	 1630	
641	 5.5508616e-01	 +5.4522744e-03 +2.0814938e-03	 9.87e-01 Accepted	 387	 1605	
642	 5.5487449e-01	 +2.9227307e-03 +8.0068020e-04	 6.95e-01 Accepted	 382	 1592	
643	 5.5492245e-01	 +2.6345682e-03 -8.3427208e-04	 1.24e+00 Accepted	 384	 1621	
644	 5.5458428e-01	 +5.7257014e-03 -2.4028506e-03	 9.35e-01 Accepted	 391	 1646	
645	 5.5444261e-01	 +3.0050898e-03 +3.0743984e-03	 7.93e-01 Accepted	 391	 1656	
646	 5.5477063e-01	 +6.1423870e-03 -4.5401587e-04	 1.04e+00 Accepted	 389	 1619	
647	 5.5441412e-01	 +6.2545712e-03 -2.5165954e-03	 7.13e-01 Accepted	 397	 1663	
648	 5.5436103e-01	 +6.1509611e-03 -4.3438103e-03	 1.44e+00 Accepted	 399	 1700	
649	 5.5456088e-01	 +4.0671918e-03 -9.0125731e-05	 1.36e+00 Accepted	 394	 1596	
650	 5.5468840e-01	 +6.4462492e-03 -1.1303392e-03	 8.10e-01 Accepted	 381	 1593	
651	 5.5479116e-01	 +5.3571454e-03 -3.3892515e-03	 1.18e+00 Accepted	 381	 1566	
652	 5.5516212e-01	 +3.5043229e-03 -1.0341550e-03	 1.17e+00 Accepted	 390	 1647	
653	 5.5515442e-01	 +5.8703023e-03 +6.5827632e-04	 1.05e+00 Accepted	 395	 1630	
654	 5.5515442e-01	 +5.8703023e-03 +6.5827632e-04	 7.08e-01 Rejected	 387	 1661	
655	 5.5521304e-01	 +4.6261632e-03 +7.9004953e-04	 8.94e-01 Accepted	 392	 1649	
656	 5.5521304e-01	 +4.6261632e-03 +7.9004953e-04	 7.43e-01 Rejected	 393	 1622	
657	 5.5525906e-01	 +3.4814433e-03 +1.6267540e-03	 9.86e-01 Accepted	 399	 1654	
658	 5.5503601e-01	 +4.5191749e-03 -3.1787506e-03	 6.95e-01 Accepted	 389	 1604	
659	 5.5465562e-01	 +4.3403198e-03 -7.8874026e-05	 7.14e-01 Accepted	 393	 1591	
660	 5.5468260e-01	 +3.7900146e-03 -7.7396672e-04	 8.39e-01 Accepted	 392	 1616	
661	 5.5477307e-01	 +2.1339142e-03 +5.5496352e-04	 1.16e+00 Accepted	 392	 1602	
662	 5.5503879e-01	 +8.9782583e-03 +4.0527885e-04	 1.28e+00 Accepted	 394	 1667	
663	 5.5474044e-01	 +4.6812326e-03 -4.3622445e-04	 8.03e-01 Accepted	 397	 1621	
664	 5.5486726e-01	 +2.8063219e-03 +1.8309663e-03	 9.15e-01 Accepted	 396	 1644	
665	 5.5497040e-01	 +1.4279327e-03 +2.7829819e-03	 1.04e+00 Accepted	 393	 1628	
666	 5.5497040e-01	 +1.4279327e-03 +2.7829819e-03	 7.93e-01 Rejected	 393	 1635	
667	 5.5463743e-01	 +3.2481785e-03 +7.5811605e-04	 8.90e-01 Accepted	 389	 1611	
668	 5.5423485e-01	 +3.1041641e-03 -1.0494276e-04	 7.43e-01 Accepted	 392	 1651	
669	 5.5426576e-01	 +2.9504956e-03 +9.4239189e-04	 8.72e-01 Accepted	 393	 1610	
670	 5.5417777e-01	 +4.3597845e-03 +1.5132847e-03	 8.99e-01 Accepted	 387	 1628	
