# Starting_type: HotStart
# serial RNG seed: 	[23344 26807 58336 53870 20698]
# parallel RNG seed:	[49218 20692 20590 57003 35531]
# Trajectory_length / Number_of_MD_steps: 1 / 8
# 	 Plaquette	 Polyakov_Loop(re,im)	 Acc._Probability	 runtime_per_traj(s)	 CG_iterations	
1	 2.2434405e-01	 +2.3935042e-04 +2.1898209e-03	 3.89e+26 Accepted	 186	 641	
2	 3.1452966e-01	 +9.7981145e-04 -9.9789272e-04	 9.26e+12 Accepted	 196	 647	
3	 3.6407091e-01	 +2.4236815e-03 +5.4362104e-04	 4.75e+07 Accepted	 197	 636	
4	 3.9518626e-01	 -2.6942773e-04 -8.7208801e-04	 1.81e+05 Accepted	 195	 628	
5	 4.1765539e-01	 -1.7723090e-03 +2.3520193e-03	 8.74e+03 Accepted	 194	 620	
6	 4.3447312e-01	 -1.6210219e-03 +3.3885370e-04	 1.04e+03 Accepted	 193	 614	
7	 4.4793840e-01	 +1.6737926e-03 -2.9227982e-03	 4.00e+02 Accepted	 191	 609	
8	 4.5928668e-01	 +1.7821399e-04 +1.0222675e-03	 1.29e+02 Accepted	 190	 604	
9	 4.6986102e-01	 +3.5975572e-03 -7.5052746e-04	 1.09e+02 Accepted	 189	 599	
10	 4.7838778e-01	 -3.3991838e-04 -9.9331534e-04	 4.48e+01 Accepted	 188	 595	
11	 4.8605661e-01	 -1.2285480e-03 -7.2078116e-04	 2.01e+01 Accepted	 187	 592	
12	 4.9296709e-01	 -1.4707070e-03 -2.3635186e-03	 3.01e+01 Accepted	 185	 588	
13	 4.9963453e-01	 +1.7921237e-04 -3.7457593e-04	 2.17e+01 Accepted	 185	 585	
14	 5.0595632e-01	 +1.7155328e-03 +1.8561794e-03	 2.03e+01 Accepted	 184	 582	
15	 5.1212595e-01	 +1.8954068e-03 -1.8217602e-03	 1.67e+01 Accepted	 183	 580	
16	 5.1748119e-01	 -2.1481365e-03 -1.8377685e-04	 1.12e+01 Accepted	 182	 576	
17	 5.2207608e-01	 -8.8489690e-04 +6.1450160e-04	 1.07e+01 Accepted	 182	 576	
18	 5.2636578e-01	 +1.0064064e-04 +1.3281705e-03	 7.34e+00 Accepted	 181	 568	
19	 5.3025021e-01	 -7.2698896e-04 +3.9843596e-04	 6.29e+00 Accepted	 180	 573	
20	 5.3406067e-01	 -1.8457318e-04 +2.3229053e-04	 5.67e+00 Accepted	 180	 566	
21	 5.3725465e-01	 -2.0797027e-03 +1.0292520e-03	 4.56e+00 Accepted	 180	 561	
22	 5.4001001e-01	 +2.4983389e-03 +1.5295859e-03	 2.83e+00 Accepted	 179	 558	
23	 5.4250136e-01	 -1.0803366e-03 -5.9283355e-04	 3.37e+00 Accepted	 178	 557	
24	 5.4474737e-01	 -1.5760571e-03 +1.7057781e-03	 3.66e+00 Accepted	 177	 556	
25	 5.4676730e-01	 +1.5537359e-03 -4.1034380e-04	 2.59e+00 Accepted	 176	 549	
26	 5.4861417e-01	 -1.6420182e-03 +2.7181164e-03	 2.29e+00 Accepted	 176	 552	
27	 5.5087010e-01	 +1.0174167e-03 -1.4295932e-03	 2.56e+00 Accepted	 177	 550	
28	 5.5195866e-01	 -1.2085542e-03 -2.2423600e-03	 1.43e+00 Accepted	 175	 544	
29	 5.5308999e-01	 +1.0778623e-03 -2.7515066e-03	 1.69e+00 Accepted	 173	 542	
30	 5.5398893e-01	 -9.2921490e-04 -4.7132271e-04	 1.23e+00 Accepted	 174	 537	
31	 5.5475363e-01	 +1.7584211e-03 -2.1230961e-03	 1.16e+00 Accepted	 173	 527	
32	 5.5579880e-01	 +9.1676154e-04 -1.0715722e-05	 1.44e+00 Accepted	 170	 522	
33	 5.5643611e-01	 -9.4877971e-04 -4.1977657e-03	 1.78e+00 Accepted	 170	 538	
34	 5.5689810e-01	 -2.5570746e-03 -5.0501520e-05	 1.32e+00 Accepted	 170	 527	
35	 5.5774301e-01	 +2.1476784e-04 -1.6262120e-04	 1.65e+00 Accepted	 169	 529	
36	 5.5780470e-01	 -9.2396276e-05 -4.8548728e-04	 1.05e+00 Accepted	 169	 522	
37	 5.5826270e-01	 -1.4500250e-03 +3.0906143e-04	 1.78e+00 Accepted	 168	 525	
38	 5.5859427e-01	 +1.0974889e-03 +1.1363902e-03	 8.47e-01 Accepted	 169	 515	
39	 5.5871324e-01	 -3.9952899e-03 -1.5101367e-03	 1.14e+00 Accepted	 167	 514	
40	 5.5967777e-01	 +2.0588730e-03 -1.3390360e-03	 1.34e+00 Accepted	 166	 514	
41	 5.5970055e-01	 +2.5477140e-03 -6.8946519e-04	 1.18e+00 Accepted	 167	 513	
42	 5.5945590e-01	 -1.7185136e-03 -1.4508450e-03	 1.02e+00 Accepted	 167	 528	
43	 5.6023973e-01	 +2.5346887e-03 -3.3386635e-03	 1.33e+00 Accepted	 167	 510	
44	 5.6023973e-01	 +2.5346887e-03 -3.3386635e-03	 8.59e-01 Rejected	 165	 491	
45	 5.6075871e-01	 -1.1291824e-03 -1.8353099e-03	 1.18e+00 Accepted	 163	 484	
46	 5.6140955e-01	 +3.1880638e-03 -1.3617403e-03	 1.44e+00 Accepted	 161	 506	
47	 5.6143578e-01	 -7.9132008e-04 -1.5250804e-03	 1.10e+00 Accepted	 164	 508	
48	 5.6135472e-01	 +1.3491724e-04 -1.5117042e-03	 1.17e+00 Accepted	 162	 515	
49	 5.6164256e-01	 +2.8004439e-04 -1.6998164e-04	 8.39e-01 Accepted	 164	 489	
50	 5.6179363e-01	 -1.4456259e-03 +1.8045667e-03	 9.61e-01 Accepted	 162	 485	
51	 5.6201056e-01	 -1.5879403e-03 +5.1162814e-04	 1.05e+00 Accepted	 162	 484	
52	 5.6186133e-01	 +9.4576394e-04 +4.6236300e-04	 1.14e+00 Accepted	 162	 491	
53	 5.6201979e-01	 +3.7815144e-03 -6.7884004e-04	 1.09e+00 Accepted	 163	 489	
54	 5.6239244e-01	 -1.4509363e-03 +6.8099001e-04	 8.92e-01 Accepted	 162	 517	
55	 5.6221321e-01	 +2.2748921e-03 -1.8149327e-04	 9.66e-01 Accepted	 164	 480	
56	 5.6219969e-01	 -1.4145745e-04 -5.1204832e-04	 1.11e+00 Accepted	 162	 506	
57	 5.6240490e-01	 +1.9771018e-03 -7.0406014e-04	 8.65e-01 Accepted	 162	 471	
58	 5.6239152e-01	 +4.4952172e-03 -3.0082667e-04	 1.25e+00 Accepted	 161	 500	
59	 5.6221613e-01	 +2.0017259e-03 +1.4769221e-03	 1.20e+00 Accepted	 161	 491	
60	 5.6237342e-01	 +2.7697244e-03 +1.6136030e-04	 9.66e-01 Accepted	 161	 492	
61	 5.6215525e-01	 -8.5049754e-04 -6.0050941e-04	 1.10e+00 Accepted	 160	 462	
62	 5.6208726e-01	 -1.0444076e-03 +6.8508614e-04	 7.32e-01 Accepted	 158	 506	
63	 5.6205676e-01	 +1.2642292e-03 -1.1324728e-03	 1.08e+00 Accepted	 159	 466	
64	 5.6222420e-01	 +1.4863447e-03 +1.4088647e-03	 8.96e-01 Accepted	 158	 506	
65	 5.6264468e-01	 +4.8128678e-04 +2.5369844e-03	 1.34e+00 Accepted	 162	 496	
66	 5.6248813e-01	 +3.0776892e-03 +4.2658571e-04	 1.12e+00 Accepted	 163	 492	
67	 5.6268964e-01	 +5.0302411e-03 +7.0225798e-04	 1.35e+00 Accepted	 164	 493	
68	 5.6277604e-01	 +3.1554742e-03 -1.4699097e-04	 1.24e+00 Accepted	 159	 479	
69	 5.6273371e-01	 +1.0415190e-04 +1.9699424e-03	 9.97e-01 Accepted	 155	 444	
70	 5.6281775e-01	 +5.2079949e-04 -1.8991838e-03	 9.83e-01 Accepted	 153	 481	
71	 5.6287088e-01	 +1.8253949e-03 +9.2830284e-04	 1.07e+00 Accepted	 160	 500	
72	 5.6249414e-01	 +3.3085309e-03 +2.5659204e-03	 8.99e-01 Accepted	 162	 457	
73	 5.6249414e-01	 +3.3085309e-03 +2.5659204e-03	 8.74e-01 Rejected	 157	 488	
74	 5.6249414e-01	 +3.3085309e-03 +2.5659204e-03	 9.54e-01 Rejected	 156	 464	
75	 5.6241514e-01	 +3.1027819e-03 -2.0322269e-04	 9.70e-01 Accepted	 154	 442	
76	 5.6330658e-01	 +8.3726030e-04 -3.2456981e-03	 1.34e+00 Accepted	 154	 473	
77	 5.6243202e-01	 +3.9521933e-03 -6.1903278e-04	 7.47e-01 Accepted	 157	 472	
78	 5.6236260e-01	 +4.1015355e-03 +1.3374564e-03	 1.08e+00 Accepted	 154	 455	
79	 5.6252287e-01	 +1.2121556e-03 -1.2282251e-03	 8.14e-01 Accepted	 152	 484	
80	 5.6252287e-01	 +1.2121556e-03 -1.2282251e-03	 8.20e-01 Rejected	 152	 397	
81	 5.6253595e-01	 +3.1879527e-03 -2.6590047e-03	 1.10e+00 Accepted	 157	 474	
82	 5.6279168e-01	 -4.9330290e-04 +7.6736413e-05	 1.23e+00 Accepted	 157	 481	
83	 5.6286622e-01	 -2.4084647e-03 -1.9342142e-03	 1.06e+00 Accepted	 153	 414	
84	 5.6230996e-01	 +1.2098170e-03 -4.5022969e-03	 7.26e-01 Accepted	 150	 478	
85	 5.6252502e-01	 +2.2266834e-03 -9.5299682e-04	 1.30e+00 Accepted	 158	 478	
86	 5.6277465e-01	 +1.5005465e-03 -1.5053898e-03	 8.38e-01 Accepted	 159	 467	
87	 5.6277465e-01	 +1.5005465e-03 -1.5053898e-03	 7.99e-01 Rejected	 156	 491	
88	 5.6269368e-01	 +4.2005552e-04 -1.7513525e-03	 1.02e+00 Accepted	 153	 458	
89	 5.6231843e-01	 +1.9268201e-03 -6.6897261e-04	 1.18e+00 Accepted	 152	 461	
90	 5.6244328e-01	 -1.8085920e-03 -2.0531622e-03	 9.88e-01 Accepted	 154	 463	
91	 5.6241893e-01	 +5.6688199e-04 -2.1233977e-03	 1.08e+00 Accepted	 157	 477	
92	 5.6231289e-01	 +1.9501916e-03 +1.1406805e-03	 9.27e-01 Accepted	 160	 496	
93	 5.6248139e-01	 +2.8251212e-03 -3.8247066e-03	 1.46e+00 Accepted	 156	 464	
94	 5.6327377e-01	 +6.2043054e-04 +1.8008548e-03	 1.50e+00 Accepted	 156	 492	
95	 5.6282510e-01	 +4.1679293e-03 +4.6151375e-04	 1.05e+00 Accepted	 160	 487	
96	 5.6296790e-01	 +2.5907011e-03 +1.5730405e-03	 1.18e+00 Accepted	 155	 450	
97	 5.6262509e-01	 +2.7706622e-03 +3.9110306e-04	 7.82e-01 Accepted	 153	 469	
98	 5.6262339e-01	 +1.9462351e-03 +1.8827119e-03	 9.61e-01 Accepted	 156	 489	
99	 5.6264045e-01	 +6.2239259e-04 -6.0093663e-05	 1.00e+00 Accepted	 158	 464	
100	 5.6217241e-01	 +1.3442651e-03 +1.4712946e-03	 8.86e-01 Accepted	 155	 493	
101	 5.6205020e-01	 +1.6911400e-03 -1.1377714e-03	 8.74e-01 Accepted	 159	 485	
102	 5.6200207e-01	 -3.9019612e-04 +2.2559516e-03	 1.19e+00 Accepted	 158	 489	
103	 5.6223049e-01	 +2.9947226e-03 -6.0816930e-04	 1.05e+00 Accepted	 154	 402	
104	 5.6272339e-01	 +1.1767767e-03 +1.2764989e-03	 1.23e+00 Accepted	 146	 433	
105	 5.6286943e-01	 +7.6204921e-04 +1.7882527e-03	 1.58e+00 Accepted	 148	 454	
106	 5.6297303e-01	 +2.4046628e-03 +4.7185289e-03	 8.92e-01 Accepted	 147	 468	
107	 5.6295926e-01	 +2.6746209e-04 +1.6956203e-03	 1.12e+00 Accepted	 154	 441	
108	 5.6298122e-01	 +4.1788844e-04 +1.9361073e-03	 1.03e+00 Accepted	 155	 473	
109	 5.6326498e-01	 -9.3482502e-05 +2.7862113e-03	 1.28e+00 Accepted	 159	 491	
110	 5.6305447e-01	 +9.5725071e-05 +3.4840541e-03	 1.05e+00 Accepted	 160	 467	
111	 5.6305121e-01	 +3.5702628e-03 +2.8432090e-03	 8.29e-01 Accepted	 157	 468	
112	 5.6326136e-01	 +3.1909511e-03 +2.6474543e-03	 9.56e-01 Accepted	 148	 468	
113	 5.6345929e-01	 +3.4971789e-03 +1.2711432e-04	 9.22e-01 Accepted	 153	 468	
114	 5.6327313e-01	 +1.6652867e-03 +1.8406849e-03	 1.36e+00 Accepted	 151	 471	
115	 5.6343585e-01	 +2.0943094e-03 +3.4676281e-03	 9.36e-01 Accepted	 154	 430	
116	 5.6338615e-01	 +2.2396080e-03 +2.5567896e-03	 1.07e+00 Accepted	 152	 469	
117	 5.6350580e-01	 +3.7922258e-03 -1.9924713e-04	 1.35e+00 Accepted	 156	 468	
118	 5.6353246e-01	 +5.5546461e-03 +2.7279850e-03	 8.66e-01 Accepted	 153	 458	
119	 5.6351919e-01	 +4.9206246e-03 +1.2715931e-03	 7.40e-01 Accepted	 150	 438	
120	 5.6313426e-01	 +2.8697570e-03 +3.3879747e-03	 9.47e-01 Accepted	 143	 416	
121	 5.6303999e-01	 +1.0415067e-03 +3.4130778e-03	 8.19e-01 Accepted	 151	 472	
122	 5.6340158e-01	 +1.3096446e-03 +5.0990352e-03	 2.00e+00 Accepted	 158	 485	
123	 5.6300530e-01	 +1.2754033e-03 -2.2773604e-04	 8.12e-01 Accepted	 153	 433	
124	 5.6313882e-01	 +6.8779288e-03 +1.2147966e-03	 1.26e+00 Accepted	 153	 473	
125	 5.6309175e-01	 +3.8384563e-03 +2.2153495e-03	 1.02e+00 Accepted	 156	 480	
126	 5.6296930e-01	 +1.4715715e-03 +1.6957803e-03	 8.90e-01 Accepted	 146	 379	
127	 5.6291605e-01	 +2.1649939e-03 +3.1120395e-03	 9.11e-01 Accepted	 134	 354	
128	 5.6314251e-01	 +3.7516573e-03 +1.5611239e-03	 1.03e+00 Accepted	 139	 482	
129	 5.6309999e-01	 +2.6466900e-03 -2.9209249e-04	 9.09e-01 Accepted	 156	 461	
130	 5.6341120e-01	 +1.3320108e-03 +3.8463198e-03	 1.01e+00 Accepted	 149	 404	
131	 5.6344765e-01	 -1.0208730e-03 +2.4103121e-03	 1.13e+00 Accepted	 145	 446	
132	 5.6330835e-01	 +1.6836489e-03 +1.7948766e-03	 9.28e-01 Accepted	 150	 417	
133	 5.6318614e-01	 +1.3458157e-03 +5.3078730e-03	 1.00e+00 Accepted	 149	 460	
134	 5.6340697e-01	 +2.2967089e-03 +3.4674031e-03	 1.21e+00 Accepted	 153	 450	
135	 5.6324135e-01	 +2.3585244e-03 +2.9551319e-03	 8.94e-01 Accepted	 153	 444	
136	 5.6338338e-01	 +3.1879743e-03 +9.1898623e-04	 1.20e+00 Accepted	 149	 418	
137	 5.6333361e-01	 +7.4654427e-04 +9.2066707e-04	 1.32e+00 Accepted	 149	 461	
138	 5.6294490e-01	 +2.0923988e-03 +2.3133988e-03	 7.60e-01 Accepted	 158	 469	
139	 5.6291012e-01	 +1.9321248e-03 +1.5981897e-03	 8.61e-01 Accepted	 156	 441	
140	 5.6305134e-01	 +9.9923122e-04 +1.3752984e-03	 9.27e-01 Accepted	 152	 446	
141	 5.6323375e-01	 -1.9379004e-03 -9.1888766e-04	 1.06e+00 Accepted	 148	 446	
142	 5.6356696e-01	 -2.3784037e-03 -1.4465102e-04	 1.06e+00 Accepted	 149	 437	
143	 5.6345248e-01	 +6.8518075e-04 +7.4926016e-04	 7.90e-01 Accepted	 147	 436	
144	 5.6378741e-01	 +2.3333192e-03 -1.7304741e-03	 1.28e+00 Accepted	 151	 462	
145	 5.6373867e-01	 +1.7780892e-03 -3.7455312e-04	 8.31e-01 Accepted	 154	 463	
146	 5.6373867e-01	 +1.7780892e-03 -3.7455312e-04	 7.77e-01 Rejected	 153	 447	
147	 5.6349203e-01	 -6.1256401e-04 -1.2243865e-03	 9.19e-01 Accepted	 153	 444	
148	 5.6312072e-01	 +1.2794114e-03 -2.1491442e-03	 8.60e-01 Accepted	 150	 416	
149	 5.6322672e-01	 +1.5710000e-03 +1.1146178e-03	 1.02e+00 Accepted	 150	 456	
150	 5.6323834e-01	 -1.2240297e-05 -1.1662381e-03	 1.17e+00 Accepted	 157	 494	
151	 5.6318569e-01	 +1.1664437e-03 -1.7938273e-03	 8.20e-01 Accepted	 160	 494	
152	 5.6355070e-01	 -1.3543062e-03 +3.7431617e-04	 7.99e-01 Accepted	 158	 461	
153	 5.6363886e-01	 +1.8549767e-03 +6.6721203e-05	 1.03e+00 Accepted	 156	 489	
154	 5.6324804e-01	 +4.0536639e-03 +2.4382806e-03	 8.75e-01 Accepted	 157	 437	
155	 5.6316266e-01	 -6.4357755e-04 +4.9068975e-04	 9.98e-01 Accepted	 140	 395	
156	 5.6340720e-01	 -2.2934102e-03 -1.4698704e-03	 1.31e+00 Accepted	 135	 377	
157	 5.6334109e-01	 -2.2372951e-03 +1.2499222e-03	 8.42e-01 Accepted	 132	 419	
158	 5.6357799e-01	 -1.3129307e-03 -2.0786909e-03	 1.12e+00 Accepted	 138	 371	
159	 5.6369151e-01	 -5.1481231e-04 +2.8969068e-03	 9.90e-01 Accepted	 134	 432	
160	 5.6380151e-01	 +1.0103800e-03 -2.5222998e-04	 1.10e+00 Accepted	 148	 436	
161	 5.6354330e-01	 -1.3743447e-03 -1.3511918e-03	 1.19e+00 Accepted	 149	 474	
162	 5.6328642e-01	 +1.1818559e-03 +1.9854591e-03	 8.17e-01 Accepted	 150	 397	
163	 5.6348170e-01	 +1.6781792e-03 +4.0634317e-03	 9.63e-01 Accepted	 144	 453	
164	 5.6353331e-01	 +2.8390727e-03 -2.9626811e-04	 1.27e+00 Accepted	 154	 487	
165	 5.6319865e-01	 -6.9609103e-04 +1.2588959e-03	 7.73e-01 Accepted	 155	 417	
166	 5.6319742e-01	 +1.6718449e-03 -2.5147819e-03	 1.26e+00 Accepted	 149	 473	
167	 5.6342434e-01	 +4.4992562e-04 +2.7112786e-03	 1.09e+00 Accepted	 157	 487	
168	 5.6349093e-01	 -2.0909333e-03 -7.2859585e-04	 1.07e+00 Accepted	 148	 346	
169	 5.6354214e-01	 +2.5551001e-03 -5.0022896e-04	 1.10e+00 Accepted	 122	 313	
170	 5.6354214e-01	 +2.5551001e-03 -5.0022896e-04	 9.21e-01 Rejected	 124	 379	
171	 5.6354416e-01	 -1.5210227e-03 -1.3895243e-03	 7.63e-01 Accepted	 129	 425	
172	 5.6320329e-01	 +2.1111861e-03 -1.3521088e-04	 9.86e-01 Accepted	 146	 458	
173	 5.6351377e-01	 +3.1029944e-03 -3.5956059e-03	 1.07e+00 Accepted	 151	 436	
174	 5.6350993e-01	 +2.4165272e-03 -2.3540803e-03	 8.47e-01 Accepted	 146	 467	
175	 5.6371098e-01	 +2.9622482e-03 -1.8583327e-03	 1.09e+00 Accepted	 149	 440	
176	 5.6351361e-01	 +3.5671591e-03 -7.6850751e-04	 7.51e-01 Accepted	 149	 427	
177	 5.6372992e-01	 +2.2926386e-04 -3.4867501e-03	 1.01e+00 Accepted	 144	 438	
178	 5.6319337e-01	 -1.8794198e-03 -8.2479596e-04	 9.20e-01 Accepted	 152	 400	
179	 5.6336682e-01	 +6.6933999e-05 -8.9191301e-04	 9.42e-01 Accepted	 142	 460	
180	 5.6329128e-01	 -3.6323624e-04 -1.0590519e-03	 1.13e+00 Accepted	 153	 423	
181	 5.6333137e-01	 +2.5882007e-03 -2.9149350e-03	 7.87e-01 Accepted	 146	 450	
182	 5.6351137e-01	 -8.7843774e-04 +1.1199153e-03	 1.04e+00 Accepted	 149	 407	
183	 5.6358590e-01	 -1.8341440e-03 -2.1946269e-04	 7.75e-01 Accepted	 147	 470	
184	 5.6364553e-01	 +7.0086854e-04 +1.3903862e-03	 1.09e+00 Accepted	 151	 403	
185	 5.6373182e-01	 -9.8404407e-04 -1.1356005e-03	 1.03e+00 Accepted	 141	 408	
186	 5.6368615e-01	 +9.4837384e-04 +9.3323829e-04	 1.11e+00 Accepted	 145	 421	
187	 5.6411964e-01	 -2.4257612e-04 +1.1542268e-04	 1.12e+00 Accepted	 152	 477	
188	 5.6387292e-01	 +3.4371992e-03 -1.2452572e-03	 9.35e-01 Accepted	 154	 429	
189	 5.6387537e-01	 +1.4954579e-03 +3.7856168e-04	 1.08e+00 Accepted	 147	 442	
190	 5.6308408e-01	 +2.9255374e-03 +2.9936154e-04	 6.91e-01 Accepted	 146	 441	
191	 5.6305617e-01	 +1.6869688e-04 -1.1223503e-03	 1.09e+00 Accepted	 137	 359	
192	 5.6323906e-01	 +3.2650791e-04 -1.2545291e-03	 1.12e+00 Accepted	 135	 410	
193	 5.6364979e-01	 -1.9582923e-03 -1.7173567e-03	 1.07e+00 Accepted	 147	 442	
194	 5.6346859e-01	 +2.3155237e-03 +2.6352235e-04	 9.71e-01 Accepted	 146	 442	
195	 5.6350816e-01	 +2.5486791e-03 -2.9258752e-03	 1.16e+00 Accepted	 144	 382	
196	 5.6350600e-01	 +2.6948036e-03 +4.9458427e-05	 1.26e+00 Accepted	 135	 371	
197	 5.6355962e-01	 +3.2492349e-04 -3.5581911e-03	 1.01e+00 Accepted	 140	 446	
198	 5.6360208e-01	 +5.1507698e-03 -3.2990495e-03	 1.22e+00 Accepted	 148	 444	
199	 5.6356569e-01	 +2.8235661e-03 -2.9226614e-03	 8.94e-01 Accepted	 147	 388	
200	 5.6330790e-01	 -1.2410112e-03 -2.3842159e-03	 1.05e+00 Accepted	 142	 457	
201	 5.6330790e-01	 -1.2410112e-03 -2.3842159e-03	 7.77e-01 Rejected	 144	 329	
202	 5.6330790e-01	 -1.2410112e-03 -2.3842159e-03	 8.50e-01 Rejected	 147	 364	
203	 5.6319977e-01	 -1.3905033e-03 -6.8150173e-04	 9.96e-01 Accepted	 149	 414	
204	 5.6329852e-01	 +1.9575327e-03 +8.8390152e-04	 1.23e+00 Accepted	 144	 448	
205	 5.6355423e-01	 +2.7243936e-03 -4.1052253e-03	 1.14e+00 Accepted	 151	 460	
206	 5.6346849e-01	 +4.0399247e-04 -3.7290029e-03	 7.48e-01 Accepted	 147	 388	
207	 5.6314512e-01	 +1.3616597e-03 +8.6365725e-04	 7.88e-01 Accepted	 140	 428	
208	 5.6336024e-01	 +1.9021091e-03 -1.0377365e-03	 1.04e+00 Accepted	 148	 496	
209	 5.6370955e-01	 +9.1902065e-04 -4.1891426e-03	 1.34e+00 Accepted	 159	 472	
210	 5.6351510e-01	 +4.7675777e-03 -2.5790846e-03	 7.88e-01 Accepted	 156	 459	
211	 5.6357322e-01	 +2.5863821e-03 -1.4088085e-03	 1.10e+00 Accepted	 154	 452	
212	 5.6357322e-01	 +2.5863821e-03 -1.4088085e-03	 7.30e-01 Rejected	 149	 458	
213	 5.6331697e-01	 +2.9801343e-03 +3.5477486e-03	 8.04e-01 Accepted	 152	 445	
214	 5.6357639e-01	 +2.7836392e-03 -2.7089120e-03	 1.16e+00 Accepted	 152	 450	
215	 5.6399185e-01	 -7.6481797e-04 -2.2899319e-03	 9.85e-01 Accepted	 149	 358	
216	 5.6354241e-01	 -9.2426769e-04 +1.5490026e-03	 7.16e-01 Accepted	 136	 404	
217	 5.6344566e-01	 +3.2689060e-03 -9.2555355e-05	 8.67e-01 Accepted	 140	 423	
218	 5.6322091e-01	 +1.7188179e-04 -2.0866323e-05	 9.10e-01 Accepted	 140	 380	
219	 5.6298467e-01	 -1.5483697e-03 +1.5017831e-04	 1.18e+00 Accepted	 135	 367	
220	 5.6316122e-01	 +4.5998146e-04 -1.7949107e-03	 1.03e+00 Accepted	 135	 426	
221	 5.6338186e-01	 -1.3696044e-03 -4.0456846e-04	 1.36e+00 Accepted	 138	 353	
222	 5.6338186e-01	 -1.3696044e-03 -4.0456846e-04	 9.59e-01 Rejected	 134	 439	
223	 5.6340334e-01	 +2.6607942e-04 +1.7396867e-04	 8.67e-01 Accepted	 126	 399	
224	 5.6340334e-01	 +2.6607942e-04 +1.7396867e-04	 8.93e-01 Rejected	 147	 398	
225	 5.6333370e-01	 +3.1568743e-03 +1.2297069e-04	 8.52e-01 Accepted	 136	 368	
226	 5.6364795e-01	 +1.8488350e-03 -6.5089820e-04	 1.36e+00 Accepted	 128	 332	
227	 5.6357698e-01	 +3.4017043e-03 -3.0352215e-04	 9.23e-01 Accepted	 127	 411	
228	 5.6372991e-01	 -2.5253142e-04 +1.0250579e-03	 1.07e+00 Accepted	 135	 332	
229	 5.6366363e-01	 +3.4154108e-03 -8.0625606e-04	 1.26e+00 Accepted	 133	 415	
230	 5.6354299e-01	 -1.0031715e-04 -6.8779916e-05	 1.12e+00 Accepted	 137	 378	
231	 5.6372274e-01	 +2.7768263e-03 +2.3582842e-03	 1.23e+00 Accepted	 134	 410	
232	 5.6344620e-01	 +2.6979717e-03 +9.0033030e-04	 9.56e-01 Accepted	 141	 439	
233	 5.6368880e-01	 +1.5313143e-03 +2.1773514e-03	 1.08e+00 Accepted	 146	 443	
234	 5.6336731e-01	 +3.7343131e-03 +1.9842915e-04	 8.68e-01 Accepted	 135	 368	
235	 5.6341372e-01	 +7.8396444e-03 -3.9471296e-04	 9.75e-01 Accepted	 139	 420	
236	 5.6342438e-01	 +1.3305225e-03 -2.3931168e-03	 1.29e+00 Accepted	 140	 383	
237	 5.6366283e-01	 +1.6421796e-03 -2.5741974e-03	 1.06e+00 Accepted	 143	 443	
238	 5.6377952e-01	 +5.6487882e-03 -1.9985110e-04	 1.00e+00 Accepted	 152	 447	
239	 5.6377952e-01	 +5.6487882e-03 -1.9985110e-04	 6.76e-01 Rejected	 141	 361	
240	 5.6416029e-01	 +3.5377591e-03 +1.0553049e-03	 1.56e+00 Accepted	 146	 403	
241	 5.6404438e-01	 +4.7212278e-03 -1.3367459e-03	 1.03e+00 Accepted	 142	 449	
242	 5.6404438e-01	 +4.7212278e-03 -1.3367459e-03	 7.62e-01 Rejected	 153	 433	
243	 5.6344708e-01	 +3.8605107e-03 -2.6541273e-03	 8.74e-01 Accepted	 154	 478	
244	 5.6307166e-01	 +4.5134920e-03 +8.5533111e-04	 7.53e-01 Accepted	 154	 406	
245	 5.6308868e-01	 +8.2664804e-05 +2.0433867e-03	 1.26e+00 Accepted	 148	 472	
246	 5.6308868e-01	 +8.2664804e-05 +2.0433867e-03	 7.35e-01 Rejected	 157	 473	
247	 5.6308868e-01	 +8.2664804e-05 +2.0433867e-03	 6.85e-01 Rejected	 148	 353	
248	 5.6348794e-01	 +4.0536850e-03 +1.1215216e-03	 1.16e+00 Accepted	 157	 470	
249	 5.6344444e-01	 +9.4512667e-04 +2.3201034e-03	 1.03e+00 Accepted	 155	 445	
250	 5.6357659e-01	 +1.8541977e-03 +2.4658304e-03	 9.19e-01 Accepted	 149	 438	
251	 5.6344705e-01	 +1.8206793e-04 +2.7138963e-03	 8.33e-01 Accepted	 142	 382	
252	 5.6353267e-01	 +5.9080845e-03 +1.0884329e-03	 9.50e-01 Accepted	 141	 438	
253	 5.6308058e-01	 +2.3562348e-03 +4.0652431e-04	 9.26e-01 Accepted	 152	 446	
254	 5.6281859e-01	 +7.4692378e-04 -4.8825529e-04	 6.23e-01 Accepted	 147	 383	
255	 5.6317157e-01	 -6.0122314e-09 -6.9900457e-04	 1.21e+00 Accepted	 143	 461	
256	 5.6338934e-01	 -1.5552028e-03 +4.5926171e-03	 1.15e+00 Accepted	 150	 430	
257	 5.6347023e-01	 +1.2553476e-03 +1.2455304e-03	 1.07e+00 Accepted	 149	 444	
258	 5.6350315e-01	 +3.0778598e-03 +4.3503538e-05	 8.35e-01 Accepted	 142	 349	
259	 5.6352024e-01	 +2.1174127e-03 +4.0578719e-03	 8.94e-01 Accepted	 130	 404	
260	 5.6329866e-01	 -1.9155403e-03 -5.9335042e-04	 1.09e+00 Accepted	 145	 464	
261	 5.6319151e-01	 +5.2132038e-04 -7.1604683e-04	 1.26e+00 Accepted	 150	 457	
262	 5.6323684e-01	 +3.6888484e-03 -2.7311992e-03	 1.14e+00 Accepted	 152	 451	
263	 5.6257394e-01	 +2.6061884e-03 -3.4057781e-03	 6.44e-01 Accepted	 142	 339	
264	 5.6283313e-01	 +2.8317296e-03 -2.5797055e-03	 1.16e+00 Accepted	 125	 382	
265	 5.6279705e-01	 -7.2868863e-04 -3.3924222e-03	 1.02e+00 Accepted	 131	 374	
266	 5.6282843e-01	 +1.9414951e-03 -1.4704042e-03	 8.31e-01 Accepted	 134	 430	
267	 5.6305384e-01	 +1.8564508e-03 -3.3224919e-03	 9.63e-01 Accepted	 139	 335	
268	 5.6274413e-01	 -1.8253321e-04 -2.8580788e-03	 7.21e-01 Accepted	 127	 393	
269	 5.6286206e-01	 +1.1105291e-03 -4.9916709e-04	 1.11e+00 Accepted	 141	 387	
270	 5.6311256e-01	 +6.4023852e-04 -5.8757023e-04	 1.08e+00 Accepted	 136	 370	
271	 5.6318892e-01	 -1.9573892e-03 +2.0213965e-03	 9.82e-01 Accepted	 136	 425	
272	 5.6354533e-01	 +7.5075409e-05 -1.0097441e-03	 1.19e+00 Accepted	 140	 424	
273	 5.6364264e-01	 -3.4847292e-04 -1.2521028e-03	 1.13e+00 Accepted	 147	 450	
274	 5.6372276e-01	 -2.0572525e-03 -1.6653935e-03	 8.21e-01 Accepted	 147	 406	
275	 5.6331028e-01	 +1.1757911e-03 +2.5449015e-03	 9.32e-01 Accepted	 133	 331	
276	 5.6323844e-01	 +5.5184575e-04 +1.3366282e-03	 1.06e+00 Accepted	 125	 397	
277	 5.6291597e-01	 +3.9788702e-04 -2.5467948e-04	 7.28e-01 Accepted	 144	 444	
278	 5.6318501e-01	 +2.6340261e-05 +2.2843195e-03	 1.17e+00 Accepted	 151	 477	
279	 5.6351765e-01	 +4.7933272e-04 -2.6804586e-03	 1.23e+00 Accepted	 157	 447	
280	 5.6367439e-01	 +4.4987301e-04 +2.0878320e-03	 1.13e+00 Accepted	 153	 473	
# Starting_type: CheckpointStart
# Trajectory_length / Number_of_MD_steps: 1 / 8
# 	 Plaquette	 Polyakov_Loop(re,im)	 Acc._Probability	 runtime_per_traj(s)	 CG_iterations	
281	 5.6367439e-01	 +4.4987301e-04 +2.0878320e-03	 8.70e-01 Rejected	 157	 478	
282	 5.6367439e-01	 +4.4987301e-04 +2.0878320e-03	 7.80e-01 Rejected	 149	 417	
283	 5.6367540e-01	 +1.4506189e-03 +1.6257269e-03	 8.73e-01 Accepted	 153	 432	
284	 5.6346640e-01	 -1.6217804e-03 +1.4023546e-03	 9.92e-01 Accepted	 150	 412	
285	 5.6331167e-01	 +6.7528821e-04 -2.1701961e-03	 7.35e-01 Accepted	 141	 403	
286	 5.6331167e-01	 +6.7528821e-04 -2.1701961e-03	 9.35e-01 Rejected	 142	 420	
287	 5.6325988e-01	 +3.5779653e-04 +1.4409844e-03	 1.11e+00 Accepted	 142	 399	
288	 5.6329428e-01	 +8.2747495e-04 -1.7915889e-04	 1.14e+00 Accepted	 139	 405	
289	 5.6353862e-01	 +7.3213949e-04 +1.4015207e-03	 9.36e-01 Accepted	 143	 453	
290	 5.6322505e-01	 -2.7622199e-03 +7.5639007e-04	 7.51e-01 Accepted	 151	 437	
291	 5.6318979e-01	 -1.5972135e-03 -4.1097826e-04	 1.07e+00 Accepted	 150	 457	
292	 5.6301406e-01	 +1.9673778e-03 -2.6866005e-03	 1.01e+00 Accepted	 152	 467	
293	 5.6304315e-01	 +5.9687438e-04 +1.9173807e-03	 8.94e-01 Accepted	 151	 430	
294	 5.6311755e-01	 +1.5652161e-03 -1.0605476e-03	 8.88e-01 Accepted	 146	 401	
295	 5.6305500e-01	 +5.9436722e-04 +1.0494419e-03	 1.08e+00 Accepted	 138	 433	
296	 5.6355975e-01	 +1.4350059e-03 +1.1850621e-03	 8.75e-01 Accepted	 142	 376	
297	 5.6368174e-01	 +1.0101665e-03 -4.4765669e-05	 1.03e+00 Accepted	 141	 463	
298	 5.6345876e-01	 -1.5430405e-04 +3.0069137e-03	 7.57e-01 Accepted	 148	 417	
299	 5.6337743e-01	 +1.6824673e-04 +5.7556880e-04	 1.06e+00 Accepted	 142	 412	
300	 5.6329531e-01	 +1.7190204e-03 -6.4074511e-04	 9.47e-01 Accepted	 137	 390	
301	 5.6306294e-01	 +2.5159271e-03 +2.2004521e-03	 9.50e-01 Accepted	 141	 441	
302	 5.6279713e-01	 +1.3158783e-03 -1.4555027e-04	 6.07e-01 Accepted	 146	 434	
303	 5.6299895e-01	 -1.5013417e-03 -9.3909892e-04	 1.04e+00 Accepted	 143	 393	
304	 5.6291600e-01	 -5.4015295e-04 -2.8905030e-03	 1.00e+00 Accepted	 137	 359	
305	 5.6297786e-01	 +6.6128492e-04 -1.3421525e-03	 1.03e+00 Accepted	 136	 441	
306	 5.6288128e-01	 -1.6438183e-03 -5.5286942e-04	 7.95e-01 Accepted	 148	 442	
307	 5.6268398e-01	 +2.3825016e-03 +1.5668531e-04	 8.15e-01 Accepted	 151	 457	
308	 5.6274477e-01	 -1.5243596e-05 +1.7864588e-04	 1.07e+00 Accepted	 154	 463	
309	 5.6274477e-01	 -1.5243596e-05 +1.7864588e-04	 8.53e-01 Rejected	 153	 465	
310	 5.6274477e-01	 -1.5243596e-05 +1.7864588e-04	 7.93e-01 Rejected	 156	 470	
311	 5.6268663e-01	 -6.1578803e-04 +4.1376359e-04	 8.72e-01 Accepted	 154	 457	
312	 5.6269000e-01	 -1.6205907e-03 -1.0334784e-03	 1.13e+00 Accepted	 156	 472	
313	 5.6303119e-01	 -1.3025126e-03 +2.8860359e-03	 1.35e+00 Accepted	 153	 388	
314	 5.6293710e-01	 +1.6904230e-03 -2.9014820e-04	 9.04e-01 Accepted	 145	 434	
315	 5.6290006e-01	 -4.8298238e-03 +7.7415535e-04	 1.25e+00 Accepted	 153	 487	
316	 5.6329295e-01	 +3.2184528e-04 +1.7655572e-03	 1.33e+00 Accepted	 155	 440	
317	 5.6308875e-01	 -4.3158601e-03 +2.1659221e-03	 9.80e-01 Accepted	 154	 477	
318	 5.6323022e-01	 +8.1451716e-04 -6.2328322e-04	 1.08e+00 Accepted	 158	 483	
319	 5.6352350e-01	 +1.8470591e-03 +1.7046801e-04	 1.29e+00 Accepted	 158	 448	
320	 5.6285984e-01	 -2.2586638e-03 +8.7106409e-05	 6.37e-01 Accepted	 156	 481	
321	 5.6288199e-01	 -5.1824388e-04 +1.4334572e-03	 9.42e-01 Accepted	 155	 418	
322	 5.6301334e-01	 -1.1528970e-03 +2.3985231e-03	 1.17e+00 Accepted	 148	 461	
323	 5.6331910e-01	 +1.1022629e-03 +6.7605253e-04	 9.59e-01 Accepted	 151	 463	
324	 5.6371317e-01	 +3.0945911e-03 +1.0228641e-03	 1.12e+00 Accepted	 158	 466	
325	 5.6371317e-01	 +3.0945911e-03 +1.0228641e-03	 9.37e-01 Rejected	 156	 480	
326	 5.6355875e-01	 +3.3576746e-03 +7.7153252e-04	 7.27e-01 Accepted	 154	 474	
327	 5.6359426e-01	 +2.8222628e-03 +1.5027912e-03	 1.01e+00 Accepted	 154	 438	
328	 5.6336037e-01	 +1.8816080e-03 +1.8841594e-03	 1.02e+00 Accepted	 143	 363	
329	 5.6377196e-01	 +3.3014996e-04 +1.6421862e-03	 1.31e+00 Accepted	 134	 444	
330	 5.6357632e-01	 +2.7236015e-03 +1.4976015e-03	 9.65e-01 Accepted	 148	 431	
331	 5.6357632e-01	 +2.7236015e-03 +1.4976015e-03	 6.76e-01 Rejected	 150	 440	
332	 5.6378533e-01	 -7.7036541e-05 +1.3216117e-04	 1.04e+00 Accepted	 145	 433	
333	 5.6385253e-01	 +4.5972361e-04 -1.0986083e-04	 1.16e+00 Accepted	 147	 431	
334	 5.6313497e-01	 +1.0216005e-03 +1.5551676e-03	 7.55e-01 Accepted	 141	 458	
335	 5.6352646e-01	 -4.6543490e-04 +4.7639564e-03	 1.57e+00 Accepted	 152	 447	
336	 5.6344923e-01	 -9.1160218e-04 +2.5409855e-03	 1.04e+00 Accepted	 146	 428	
337	 5.6375027e-01	 +1.3084352e-03 +3.3303857e-03	 9.12e-01 Accepted	 146	 460	
338	 5.6352675e-01	 -2.0593204e-03 -5.3527949e-04	 7.63e-01 Accepted	 156	 463	
339	 5.6350911e-01	 +2.2146913e-03 +1.1218171e-03	 8.47e-01 Accepted	 153	 475	
340	 5.6381012e-01	 +2.3285528e-03 -5.3225990e-04	 1.06e+00 Accepted	 155	 446	
341	 5.6372784e-01	 +2.2560377e-03 +5.3571376e-04	 1.11e+00 Accepted	 152	 406	
342	 5.6355221e-01	 +4.0316935e-03 +4.3309229e-04	 9.42e-01 Accepted	 139	 380	
343	 5.6348824e-01	 +9.0101333e-04 -1.9185197e-03	 1.06e+00 Accepted	 134	 380	
344	 5.6370023e-01	 -7.1210863e-04 -7.3917852e-04	 1.04e+00 Accepted	 142	 451	
345	 5.6393250e-01	 -1.9572711e-03 -1.2551792e-03	 8.89e-01 Accepted	 150	 473	
346	 5.6320500e-01	 -5.8468549e-04 -2.5074364e-04	 6.90e-01 Accepted	 155	 464	
347	 5.6316974e-01	 +3.9571491e-03 +1.4547350e-03	 9.09e-01 Accepted	 145	 382	
348	 5.6316974e-01	 +3.9571491e-03 +1.4547350e-03	 7.66e-01 Rejected	 139	 427	
349	 5.6322219e-01	 +8.2867351e-05 -7.1890233e-04	 1.18e+00 Accepted	 135	 377	
350	 5.6322219e-01	 +8.2867351e-05 -7.1890233e-04	 6.45e-01 Rejected	 135	 439	
351	 5.6323722e-01	 -8.7458687e-04 -1.1594569e-03	 1.28e+00 Accepted	 137	 436	
352	 5.6370381e-01	 +8.6456445e-04 +1.5159833e-03	 1.46e+00 Accepted	 148	 403	
353	 5.6321829e-01	 +6.6593421e-04 +1.9601448e-03	 7.87e-01 Accepted	 141	 434	
354	 5.6339950e-01	 +1.0581824e-04 +3.6383906e-03	 8.44e-01 Accepted	 146	 425	
355	 5.6339950e-01	 +1.0581824e-04 +3.6383906e-03	 6.89e-01 Rejected	 151	 456	
356	 5.6314365e-01	 -1.3435080e-04 -2.5118401e-03	 9.06e-01 Accepted	 139	 391	
357	 5.6332594e-01	 -1.2888840e-03 +2.9160758e-03	 1.08e+00 Accepted	 142	 428	
358	 5.6339068e-01	 -2.1405703e-03 +2.3630840e-03	 9.39e-01 Accepted	 151	 423	
359	 5.6284795e-01	 +4.3702931e-04 -1.8832742e-03	 8.21e-01 Accepted	 152	 471	
360	 5.6312690e-01	 +2.2050187e-03 -3.1036944e-04	 8.99e-01 Accepted	 149	 420	
361	 5.6293566e-01	 -1.8180905e-03 -4.7876187e-03	 9.30e-01 Accepted	 148	 453	
362	 5.6311648e-01	 -1.1048444e-03 +1.5539185e-03	 9.59e-01 Accepted	 152	 442	
363	 5.6316648e-01	 -1.2005606e-03 -1.2939625e-03	 9.02e-01 Accepted	 146	 436	
364	 5.6326440e-01	 +5.3590256e-03 +5.9457149e-04	 1.15e+00 Accepted	 142	 382	
365	 5.6311442e-01	 +3.6130547e-03 +3.1429119e-03	 8.09e-01 Accepted	 139	 414	
366	 5.6312493e-01	 -1.6882345e-03 +2.2265927e-03	 1.17e+00 Accepted	 147	 469	
367	 5.6315011e-01	 +2.4350358e-03 +2.5165317e-03	 8.77e-01 Accepted	 157	 469	
368	 5.6312210e-01	 +2.9968260e-04 -4.4767695e-04	 9.86e-01 Accepted	 153	 490	
369	 5.6326712e-01	 -2.5922495e-03 +7.3915381e-04	 1.05e+00 Accepted	 150	 385	
370	 5.6326712e-01	 -2.5922495e-03 +7.3915381e-04	 8.18e-01 Rejected	 139	 434	
371	 5.6346841e-01	 -1.5389295e-04 +2.4843690e-04	 1.34e+00 Accepted	 141	 460	
372	 5.6346841e-01	 -1.5389295e-04 +2.4843690e-04	 8.17e-01 Rejected	 145	 372	
373	 5.6300658e-01	 -1.8417327e-03 +1.2476036e-04	 7.57e-01 Accepted	 146	 456	
374	 5.6312039e-01	 -2.1334175e-03 +2.3675273e-03	 1.19e+00 Accepted	 151	 450	
375	 5.6291725e-01	 +5.0473806e-04 -1.5708934e-03	 8.15e-01 Accepted	 151	 446	
376	 5.6349625e-01	 -1.5153614e-03 -1.9856040e-03	 1.40e+00 Accepted	 154	 465	
377	 5.6333118e-01	 +3.2824912e-03 -2.2699246e-03	 7.73e-01 Accepted	 155	 460	
378	 5.6341530e-01	 +1.7286651e-04 -2.0598844e-03	 8.73e-01 Accepted	 150	 459	
379	 5.6332413e-01	 +9.1985779e-04 -1.8010976e-03	 1.04e+00 Accepted	 152	 422	
380	 5.6306694e-01	 +3.2635573e-04 -5.4759892e-04	 8.33e-01 Accepted	 147	 458	
381	 5.6284530e-01	 +3.8297255e-04 -6.9719200e-04	 9.22e-01 Accepted	 154	 449	
382	 5.6284816e-01	 +1.8404678e-03 +1.5412868e-03	 9.91e-01 Accepted	 148	 485	
383	 5.6328446e-01	 +7.0223732e-04 -2.0306230e-03	 1.33e+00 Accepted	 158	 462	
384	 5.6328055e-01	 -3.5209639e-03 +7.0391916e-04	 8.54e-01 Accepted	 155	 473	
385	 5.6337588e-01	 +1.7245371e-03 +1.0593837e-03	 9.65e-01 Accepted	 150	 453	
386	 5.6324614e-01	 -1.2549191e-03 +1.8280298e-03	 9.44e-01 Accepted	 146	 374	
387	 5.6336452e-01	 +1.1495930e-03 -1.3678451e-03	 1.18e+00 Accepted	 137	 477	
388	 5.6303150e-01	 +1.4166497e-03 +1.3355484e-03	 8.10e-01 Accepted	 154	 458	
389	 5.6363808e-01	 -4.5409830e-04 -5.5172680e-04	 8.98e-01 Accepted	 154	 478	
390	 5.6363808e-01	 -4.5409830e-04 -5.5172680e-04	 7.90e-01 Rejected	 151	 415	
391	 5.6357379e-01	 +1.1200398e-03 +1.0045480e-03	 1.22e+00 Accepted	 155	 477	
392	 5.6346686e-01	 +7.3744439e-05 +2.5689254e-03	 9.00e-01 Accepted	 153	 426	
393	 5.6378491e-01	 +2.5543141e-03 +1.9140796e-04	 1.06e+00 Accepted	 147	 397	
394	 5.6373206e-01	 +1.9520434e-03 -2.1131989e-03	 1.17e+00 Accepted	 142	 384	
395	 5.6363511e-01	 +1.2039808e-03 -1.0465943e-03	 8.52e-01 Accepted	 146	 473	
396	 5.6309874e-01	 +2.7779180e-03 -3.0049833e-03	 6.32e-01 Accepted	 157	 477	
397	 5.6277257e-01	 -3.6551527e-04 +1.9752885e-03	 9.37e-01 Accepted	 150	 399	
398	 5.6277936e-01	 -6.5930432e-04 +1.3245309e-03	 1.14e+00 Accepted	 139	 406	
399	 5.6288166e-01	 +2.4562717e-04 +2.9550887e-03	 8.06e-01 Accepted	 143	 411	
400	 5.6326904e-01	 +2.3137742e-03 -1.7793897e-03	 1.32e+00 Accepted	 141	 413	
401	 5.6320421e-01	 -9.7123505e-04 +3.0369875e-03	 1.04e+00 Accepted	 141	 434	
402	 5.6298050e-01	 +9.9910554e-04 +9.5899870e-04	 6.90e-01 Accepted	 148	 442	
403	 5.6301289e-01	 +5.4774259e-04 +3.7240081e-03	 9.82e-01 Accepted	 152	 468	
404	 5.6301289e-01	 +5.4774259e-04 +3.7240081e-03	 8.83e-01 Rejected	 154	 409	
405	 5.6301289e-01	 +5.4774259e-04 +3.7240081e-03	 8.69e-01 Rejected	 154	 437	
406	 5.6288503e-01	 -1.0391171e-03 -2.5660025e-03	 1.06e+00 Accepted	 156	 486	
407	 5.6275231e-01	 +1.4325769e-03 +8.8467323e-04	 7.90e-01 Accepted	 157	 459	
408	 5.6339354e-01	 +7.5630949e-04 -1.3875312e-04	 1.36e+00 Accepted	 151	 391	
409	 5.6373139e-01	 +8.5063272e-04 +2.4819695e-03	 1.24e+00 Accepted	 130	 357	
410	 5.6359217e-01	 +1.5733601e-05 +1.2868052e-04	 1.10e+00 Accepted	 127	 399	
411	 5.6351319e-01	 -1.3588762e-03 -7.6727250e-04	 1.07e+00 Accepted	 140	 436	
412	 5.6333659e-01	 +1.9097183e-03 +4.6716878e-04	 1.09e+00 Accepted	 149	 420	
413	 5.6324002e-01	 +1.0556372e-03 +9.5172469e-04	 1.03e+00 Accepted	 152	 470	
414	 5.6325747e-01	 -8.6357783e-04 +4.0549850e-03	 7.34e-01 Accepted	 156	 458	
415	 5.6325747e-01	 -8.6357783e-04 +4.0549850e-03	 8.00e-01 Rejected	 150	 445	
416	 5.6282490e-01	 -6.0404795e-04 -8.9766996e-04	 7.96e-01 Accepted	 148	 424	
417	 5.6301550e-01	 -2.5035252e-04 +3.3514767e-04	 1.16e+00 Accepted	 145	 379	
418	 5.6282222e-01	 +9.2934420e-04 -6.3941888e-04	 7.92e-01 Accepted	 144	 482	
419	 5.6321730e-01	 -3.4842885e-03 -2.0445001e-04	 1.65e+00 Accepted	 154	 437	
420	 5.6310253e-01	 -3.5638198e-03 +6.0115942e-05	 1.03e+00 Accepted	 145	 416	
421	 5.6338383e-01	 +5.3861131e-04 -3.9292943e-04	 1.50e+00 Accepted	 134	 353	
422	 5.6326492e-01	 +2.1545805e-04 -7.5272313e-04	 1.00e+00 Accepted	 135	 435	
423	 5.6327643e-01	 -2.9616623e-03 +1.4030826e-03	 1.03e+00 Accepted	 151	 479	
424	 5.6327643e-01	 -2.9616623e-03 +1.4030826e-03	 9.67e-01 Rejected	 142	 368	
425	 5.6318882e-01	 +2.4165935e-03 +1.0220505e-03	 1.39e+00 Accepted	 157	 466	
426	 5.6323953e-01	 +1.4595479e-03 +4.5440902e-03	 9.39e-01 Accepted	 154	 449	
427	 5.6323953e-01	 +1.4595479e-03 +4.5440902e-03	 7.21e-01 Rejected	 154	 468	
428	 5.6310400e-01	 +3.4151389e-03 +6.8149098e-04	 8.15e-01 Accepted	 147	 393	
429	 5.6349610e-01	 +3.0017264e-03 +1.3950890e-03	 1.40e+00 Accepted	 141	 478	
430	 5.6356925e-01	 +3.1107509e-03 +4.7145769e-03	 9.10e-01 Accepted	 150	 387	
431	 5.6366657e-01	 +1.8214619e-03 +2.1949590e-03	 7.72e-01 Accepted	 146	 457	
432	 5.6342568e-01	 +1.6322197e-03 +2.0623248e-03	 1.24e+00 Accepted	 150	 467	
433	 5.6353024e-01	 +2.8245762e-03 +6.6572867e-04	 1.02e+00 Accepted	 147	 441	
434	 5.6362657e-01	 -4.1887726e-04 +4.3091155e-04	 1.07e+00 Accepted	 153	 470	
435	 5.6341440e-01	 +2.7491215e-03 +3.8774976e-04	 8.24e-01 Accepted	 157	 470	
436	 5.6311156e-01	 +2.5383018e-03 +5.0070810e-03	 9.56e-01 Accepted	 155	 435	
437	 5.6311964e-01	 +4.3477789e-03 +5.6650156e-04	 1.06e+00 Accepted	 148	 456	
438	 5.6332405e-01	 +4.0532638e-04 -2.8747801e-04	 9.36e-01 Accepted	 149	 401	
439	 5.6301466e-01	 +1.1919622e-03 +2.2604998e-03	 1.03e+00 Accepted	 147	 459	
440	 5.6295523e-01	 -3.7928957e-05 +1.6603270e-03	 1.14e+00 Accepted	 154	 429	
441	 5.6269572e-01	 -9.3398711e-06 -1.3823761e-03	 1.14e+00 Accepted	 140	 392	
442	 5.6282798e-01	 +2.2000015e-04 -6.3265596e-04	 9.44e-01 Accepted	 138	 416	
443	 5.6303615e-01	 +3.1678449e-03 -1.7339998e-03	 1.08e+00 Accepted	 150	 491	
444	 5.6266307e-01	 +1.7476302e-03 -1.9000272e-03	 8.35e-01 Accepted	 158	 459	
445	 5.6265835e-01	 +3.3587506e-03 +1.4574956e-03	 1.27e+00 Accepted	 152	 421	
446	 5.6295834e-01	 +1.4782047e-03 -1.2501767e-03	 9.17e-01 Accepted	 149	 439	
447	 5.6325111e-01	 +1.3738820e-03 -3.5955024e-04	 1.26e+00 Accepted	 150	 441	
448	 5.6275707e-01	 +3.3307922e-03 +6.2390721e-04	 7.98e-01 Accepted	 147	 399	
449	 5.6286192e-01	 +2.8070191e-03 +3.3265028e-03	 8.69e-01 Accepted	 141	 444	
450	 5.6282402e-01	 +1.3812558e-03 -1.8002373e-03	 1.09e+00 Accepted	 145	 399	
451	 5.6295384e-01	 +2.1797046e-03 +1.0469402e-03	 1.08e+00 Accepted	 144	 447	
452	 5.6280357e-01	 +3.9337813e-03 +2.7509585e-03	 9.47e-01 Accepted	 155	 473	
453	 5.6295925e-01	 +2.5089237e-03 +4.2753619e-04	 1.17e+00 Accepted	 158	 472	
454	 5.6270164e-01	 +5.1325944e-03 +1.1747733e-03	 8.77e-01 Accepted	 156	 496	
455	 5.6302348e-01	 +1.1496315e-03 -8.2355133e-04	 9.93e-01 Accepted	 163	 494	
456	 5.6326718e-01	 +3.1525405e-03 -1.7655538e-03	 1.04e+00 Accepted	 156	 434	
457	 5.6313112e-01	 +3.6360937e-03 +2.0076658e-03	 9.51e-01 Accepted	 145	 425	
458	 5.6317759e-01	 +4.6175241e-03 -5.1877642e-04	 7.95e-01 Accepted	 146	 440	
459	 5.6339223e-01	 +2.0573864e-03 -1.9630825e-03	 9.18e-01 Accepted	 148	 452	
460	 5.6332116e-01	 +2.7970539e-03 +7.8544449e-04	 1.08e+00 Accepted	 152	 414	
461	 5.6331179e-01	 +1.1247427e-03 -2.3539559e-03	 9.90e-01 Accepted	 151	 478	
462	 5.6346679e-01	 +2.7356003e-03 -3.0007235e-04	 1.16e+00 Accepted	 158	 487	
463	 5.6346679e-01	 +2.7356003e-03 -3.0007235e-04	 7.51e-01 Rejected	 158	 474	
464	 5.6349237e-01	 +3.7919385e-04 +2.4114403e-03	 1.09e+00 Accepted	 156	 417	
465	 5.6346108e-01	 +1.2448737e-03 +1.0985019e-03	 1.05e+00 Accepted	 148	 468	
466	 5.6359566e-01	 +1.1637684e-03 +6.6459553e-04	 1.31e+00 Accepted	 150	 381	
467	 5.6331764e-01	 +4.3066768e-03 -9.8470684e-04	 9.27e-01 Accepted	 142	 468	
468	 5.6335474e-01	 +4.6713468e-03 -8.4015105e-04	 1.13e+00 Accepted	 156	 468	
469	 5.6316530e-01	 +1.6690634e-03 +7.0475708e-04	 9.39e-01 Accepted	 157	 470	
470	 5.6308925e-01	 +6.0172801e-03 +8.1006989e-04	 1.22e+00 Accepted	 156	 480	
471	 5.6368025e-01	 +5.7803890e-03 +1.3986310e-03	 1.45e+00 Accepted	 151	 416	
472	 5.6392644e-01	 +4.0462040e-03 -9.1346507e-04	 1.19e+00 Accepted	 147	 470	
473	 5.6368601e-01	 +3.5027252e-03 +3.5110651e-03	 1.08e+00 Accepted	 153	 476	
474	 5.6377002e-01	 +6.2030480e-03 +2.0670768e-03	 9.53e-01 Accepted	 155	 459	
475	 5.6325894e-01	 +2.9663709e-03 +3.2604703e-03	 6.40e-01 Accepted	 149	 421	
476	 5.6341553e-01	 -7.6424208e-04 +9.5430805e-04	 9.03e-01 Accepted	 150	 467	
477	 5.6331214e-01	 +4.2018129e-03 +4.4263739e-03	 8.40e-01 Accepted	 151	 432	
478	 5.6255697e-01	 +1.9540014e-03 -1.2016407e-03	 6.83e-01 Accepted	 151	 445	
479	 5.6314291e-01	 +2.3824402e-03 +2.4987248e-04	 1.37e+00 Accepted	 142	 407	
480	 5.6277928e-01	 +3.6747597e-03 +5.7515636e-03	 6.84e-01 Accepted	 145	 458	
481	 5.6293643e-01	 +2.7802852e-03 +6.2244590e-03	 9.58e-01 Accepted	 151	 430	
482	 5.6280468e-01	 +4.5489646e-03 +5.8190089e-03	 9.01e-01 Accepted	 143	 412	
483	 5.6286943e-01	 +7.5724502e-03 +2.7409253e-03	 1.08e+00 Accepted	 131	 312	
484	 5.6283678e-01	 +3.1127319e-03 +2.0188157e-03	 9.81e-01 Accepted	 133	 475	
485	 5.6287893e-01	 +4.0603369e-03 +3.4236128e-03	 8.18e-01 Accepted	 150	 370	
486	 5.6306252e-01	 +1.9810853e-03 +5.1032390e-03	 1.06e+00 Accepted	 136	 429	
487	 5.6306252e-01	 +1.9810853e-03 +5.1032390e-03	 6.57e-01 Rejected	 143	 433	
488	 5.6313890e-01	 +4.6164603e-03 +4.2323874e-03	 1.01e+00 Accepted	 137	 367	
489	 5.6312240e-01	 +2.3947852e-03 +4.5595047e-03	 9.04e-01 Accepted	 129	 384	
490	 5.6315409e-01	 +2.3791596e-03 +5.4851513e-03	 1.15e+00 Accepted	 132	 396	
491	 5.6279517e-01	 +1.6710689e-03 +3.8895698e-03	 8.66e-01 Accepted	 132	 405	
492	 5.6305192e-01	 -1.2449380e-03 +3.9836202e-03	 9.78e-01 Accepted	 147	 454	
493	 5.6358170e-01	 +5.8138179e-03 +7.8097465e-04	 1.23e+00 Accepted	 149	 446	
494	 5.6358170e-01	 +5.8138179e-03 +7.8097465e-04	 6.57e-01 Rejected	 146	 432	
495	 5.6328920e-01	 +4.4141086e-03 +2.8152847e-03	 8.41e-01 Accepted	 152	 466	
496	 5.6369217e-01	 +1.1940311e-03 +1.7702917e-03	 1.35e+00 Accepted	 155	 470	
497	 5.6369217e-01	 +1.1940311e-03 +1.7702917e-03	 8.67e-01 Rejected	 153	 452	
498	 5.6381477e-01	 +3.1095195e-03 +1.6509047e-03	 9.56e-01 Accepted	 155	 480	
499	 5.6374384e-01	 -1.8206944e-04 +1.4808236e-03	 7.95e-01 Accepted	 155	 469	
500	 5.6368906e-01	 -1.0401851e-03 -1.6892121e-03	 1.15e+00 Accepted	 156	 449	
501	 5.6369875e-01	 +1.8493123e-03 +2.4579089e-03	 9.07e-01 Accepted	 151	 465	
502	 5.6356648e-01	 +9.0901337e-04 +2.4792527e-03	 1.03e+00 Accepted	 155	 445	
503	 5.6323790e-01	 -1.7016095e-03 -1.5825054e-03	 7.09e-01 Accepted	 151	 434	
504	 5.6333089e-01	 -9.5689023e-04 -7.5115630e-04	 1.06e+00 Accepted	 148	 404	
505	 5.6350341e-01	 +5.7015761e-04 -3.6009268e-03	 1.23e+00 Accepted	 143	 452	
506	 5.6350341e-01	 +5.7015761e-04 -3.6009268e-03	 7.92e-01 Rejected	 146	 411	
507	 5.6360238e-01	 +2.9488106e-04 -1.4903232e-03	 1.18e+00 Accepted	 152	 461	
508	 5.6360287e-01	 +1.0209406e-03 -2.3828339e-03	 1.03e+00 Accepted	 141	 386	
509	 5.6373873e-01	 -9.6757666e-04 +1.6985634e-04	 1.15e+00 Accepted	 135	 403	
510	 5.6312714e-01	 -3.0756365e-03 -1.4217932e-03	 6.63e-01 Accepted	 133	 371	
511	 5.6278232e-01	 -1.4495279e-03 -3.0840192e-03	 8.80e-01 Accepted	 130	 380	
512	 5.6278232e-01	 -1.4495279e-03 -3.0840192e-03	 8.45e-01 Rejected	 129	 388	
513	 5.6294626e-01	 -4.5885116e-03 +1.3061604e-03	 8.62e-01 Accepted	 133	 434	
514	 5.6334151e-01	 -2.1803730e-03 -2.9121289e-03	 1.12e+00 Accepted	 145	 411	
515	 5.6322065e-01	 +1.5488645e-03 -2.0941446e-03	 9.63e-01 Accepted	 145	 452	
516	 5.6365312e-01	 +2.6688417e-04 -3.1925140e-04	 1.24e+00 Accepted	 147	 394	
517	 5.6341293e-01	 -1.3769990e-03 -1.9145007e-03	 1.11e+00 Accepted	 138	 439	
518	 5.6336778e-01	 -1.6270822e-03 -3.6736610e-03	 1.06e+00 Accepted	 143	 400	
519	 5.6312624e-01	 +7.2500456e-05 -1.5155729e-03	 8.60e-01 Accepted	 140	 432	
520	 5.6312624e-01	 +7.2500456e-05 -1.5155729e-03	 7.99e-01 Rejected	 145	 443	
521	 5.6285742e-01	 -5.1319708e-04 -3.3799507e-04	 9.90e-01 Accepted	 147	 418	
522	 5.6284735e-01	 -1.0072241e-04 -3.0777077e-04	 1.03e+00 Accepted	 151	 488	
523	 5.6321245e-01	 -2.9290278e-03 -3.9306718e-03	 1.14e+00 Accepted	 149	 373	
524	 5.6367665e-01	 -1.5613587e-03 -2.8816546e-03	 1.39e+00 Accepted	 136	 411	
525	 5.6373935e-01	 -6.9962589e-04 -4.2577938e-03	 1.39e+00 Accepted	 151	 480	
526	 5.6351100e-01	 -1.3418491e-03 -2.6788287e-03	 9.17e-01 Accepted	 156	 456	
527	 5.6364541e-01	 -1.5089204e-03 -2.0333795e-03	 9.14e-01 Accepted	 151	 437	
528	 5.6373355e-01	 +1.1415139e-03 -1.3315883e-03	 8.13e-01 Accepted	 147	 424	
529	 5.6323860e-01	 +2.5442079e-03 -1.2497455e-03	 8.13e-01 Accepted	 149	 490	
530	 5.6339764e-01	 -1.5866377e-03 -2.1662417e-03	 1.07e+00 Accepted	 159	 482	
531	 5.6315373e-01	 -3.0492199e-03 -1.8276956e-03	 1.19e+00 Accepted	 154	 465	
532	 5.6319393e-01	 -8.9557533e-04 +5.5897725e-04	 1.06e+00 Accepted	 157	 473	
533	 5.6312193e-01	 +6.6246160e-04 -2.4091809e-04	 9.90e-01 Accepted	 150	 428	
534	 5.6336760e-01	 +3.1115980e-03 +1.6891572e-05	 1.14e+00 Accepted	 146	 408	
535	 5.6288637e-01	 +8.1797314e-04 -4.6493930e-04	 8.04e-01 Accepted	 144	 467	
536	 5.6352490e-01	 -3.9435181e-04 -1.2303122e-03	 1.18e+00 Accepted	 155	 446	
537	 5.6371786e-01	 -1.1012873e-03 -1.5928819e-04	 1.15e+00 Accepted	 154	 513	
538	 5.6300567e-01	 +1.4381559e-03 +1.2871085e-03	 9.68e-01 Accepted	 158	 416	
539	 5.6243300e-01	 +3.3647318e-04 -1.6222315e-03	 8.24e-01 Accepted	 147	 453	
540	 5.6251307e-01	 +2.1954832e-03 -9.4729105e-04	 1.15e+00 Accepted	 151	 488	
541	 5.6314914e-01	 +1.8983876e-03 +9.2111325e-04	 1.10e+00 Accepted	 155	 445	
542	 5.6328526e-01	 +2.1531356e-03 -7.2660786e-04	 1.03e+00 Accepted	 150	 448	
543	 5.6319152e-01	 -7.8250766e-04 +9.8356136e-04	 1.18e+00 Accepted	 153	 450	
544	 5.6314771e-01	 +1.3540995e-03 -2.3009836e-03	 1.03e+00 Accepted	 149	 441	
545	 5.6341316e-01	 +2.6973202e-03 -6.2115377e-03	 1.31e+00 Accepted	 150	 478	
546	 5.6344592e-01	 +3.9866174e-05 -1.7164229e-03	 1.09e+00 Accepted	 151	 403	
547	 5.6339601e-01	 +1.4075229e-03 +8.8522897e-04	 8.57e-01 Accepted	 140	 441	
548	 5.6316695e-01	 +1.6704139e-03 -2.5997167e-03	 8.67e-01 Accepted	 146	 405	
549	 5.6325385e-01	 -9.4650950e-04 -1.8325307e-03	 1.10e+00 Accepted	 141	 404	
550	 5.6317851e-01	 -8.2088179e-04 -1.4709569e-03	 7.69e-01 Accepted	 142	 436	
551	 5.6340141e-01	 +3.1930946e-04 -1.3117777e-03	 1.26e+00 Accepted	 138	 410	
552	 5.6352552e-01	 +7.3754754e-05 -3.8495279e-03	 1.16e+00 Accepted	 143	 402	
553	 5.6390317e-01	 -1.2083242e-03 -5.1902324e-03	 1.25e+00 Accepted	 138	 396	
554	 5.6390850e-01	 -1.7299845e-03 -1.3210183e-03	 1.06e+00 Accepted	 144	 449	
555	 5.6392816e-01	 -1.1763509e-04 +3.6201849e-04	 1.06e+00 Accepted	 147	 423	
556	 5.6346783e-01	 -1.1447711e-03 -9.0679654e-04	 9.30e-01 Accepted	 145	 434	
557	 5.6313602e-01	 -2.2068743e-03 +6.0379556e-04	 8.42e-01 Accepted	 153	 479	
558	 5.6299872e-01	 +6.9225305e-04 -3.5780827e-03	 8.58e-01 Accepted	 158	 472	
559	 5.6293948e-01	 -1.1881002e-03 -5.7007846e-03	 8.65e-01 Accepted	 155	 459	
560	 5.6266284e-01	 -3.3837506e-04 -6.3094694e-04	 1.06e+00 Accepted	 157	 469	
561	 5.6302206e-01	 -2.3140821e-03 -1.7614818e-03	 1.04e+00 Accepted	 152	 463	
562	 5.6332645e-01	 +7.5638141e-04 -1.0940632e-03	 8.41e-01 Accepted	 143	 362	
563	 5.6322602e-01	 -5.6769236e-04 +3.1139438e-05	 6.41e-01 Accepted	 139	 426	
564	 5.6367357e-01	 -8.0351482e-04 -2.0006089e-04	 1.06e+00 Accepted	 145	 411	
565	 5.6339640e-01	 -6.8572097e-04 -3.0784528e-03	 8.82e-01 Accepted	 149	 460	
566	 5.6334742e-01	 -2.2959260e-03 -2.8268149e-03	 9.54e-01 Accepted	 155	 487	
567	 5.6383503e-01	 -2.9944921e-03 -2.6783592e-03	 1.24e+00 Accepted	 151	 376	
568	 5.6365208e-01	 +1.8011188e-03 -5.5358716e-04	 9.42e-01 Accepted	 142	 481	
569	 5.6329695e-01	 -1.3729885e-03 -1.6093543e-03	 7.56e-01 Accepted	 157	 469	
570	 5.6309765e-01	 -1.4955499e-03 +1.1112868e-03	 1.25e+00 Accepted	 156	 487	
# Starting_type: CheckpointStart
# Trajectory_length / Number_of_MD_steps: 1 / 8
# 	 Plaquette	 Polyakov_Loop(re,im)	 Acc._Probability	 runtime_per_traj(s)	 CG_iterations	
571	 5.6309765e-01	 -1.4955499e-03 +1.1112868e-03	 6.88e-01 Rejected	 162	 456	
572	 5.6328712e-01	 -3.9948776e-03 -1.8060658e-03	 7.64e-01 Accepted	 157	 486	
573	 5.6337975e-01	 -4.8202543e-03 -7.9417092e-04	 1.26e+00 Accepted	 155	 458	
574	 5.6391789e-01	 -5.1507180e-04 -2.7769299e-03	 1.29e+00 Accepted	 150	 455	
575	 5.6328105e-01	 -2.3170041e-03 -2.2690082e-03	 1.03e+00 Accepted	 153	 430	
576	 5.6334950e-01	 -6.1215685e-03 -3.9761234e-03	 8.80e-01 Accepted	 146	 420	
577	 5.6330980e-01	 -2.6103789e-03 -3.7313312e-04	 9.48e-01 Accepted	 149	 453	
578	 5.6333410e-01	 -2.5730462e-03 -6.1388193e-04	 9.87e-01 Accepted	 147	 366	
579	 5.6361030e-01	 -2.6611733e-03 -2.0065122e-04	 1.20e+00 Accepted	 132	 384	
580	 5.6309378e-01	 -3.5643618e-03 +1.7428667e-03	 8.14e-01 Accepted	 140	 421	
581	 5.6352015e-01	 +3.1189611e-05 -1.6026627e-03	 9.59e-01 Accepted	 151	 452	
582	 5.6358083e-01	 -4.6676355e-03 -2.9864041e-04	 1.02e+00 Accepted	 148	 411	
583	 5.6331271e-01	 -2.5030498e-03 -1.4935430e-03	 9.06e-01 Accepted	 138	 388	
584	 5.6326794e-01	 -9.8719854e-04 -1.6461023e-03	 9.10e-01 Accepted	 138	 409	
585	 5.6336167e-01	 -1.6333185e-03 +1.5218504e-04	 1.10e+00 Accepted	 142	 392	
586	 5.6317769e-01	 -7.5472175e-04 -5.5126701e-04	 8.46e-01 Accepted	 135	 416	
587	 5.6319733e-01	 -5.1570423e-04 -2.7272502e-03	 1.03e+00 Accepted	 142	 391	
588	 5.6319733e-01	 -5.1570423e-04 -2.7272502e-03	 8.60e-01 Rejected	 136	 390	
589	 5.6307646e-01	 -2.8186998e-03 -6.4493882e-04	 1.29e+00 Accepted	 144	 472	
590	 5.6317741e-01	 -9.4870203e-05 -1.1991550e-03	 9.82e-01 Accepted	 151	 441	
591	 5.6300361e-01	 +3.2380613e-04 -1.3996097e-03	 7.19e-01 Accepted	 152	 485	
592	 5.6328433e-01	 +7.2600118e-05 -2.8676771e-03	 1.51e+00 Accepted	 155	 448	
593	 5.6329444e-01	 -3.0669442e-04 +4.6639083e-04	 8.98e-01 Accepted	 148	 434	
594	 5.6347490e-01	 +2.4178205e-03 -3.3628662e-03	 1.25e+00 Accepted	 148	 447	
595	 5.6320531e-01	 -9.5448977e-04 -6.9482786e-04	 1.27e+00 Accepted	 149	 417	
596	 5.6316479e-01	 -1.1812574e-03 +3.6797029e-03	 9.94e-01 Accepted	 150	 429	
597	 5.6272536e-01	 -1.8537132e-03 -2.8566068e-03	 9.90e-01 Accepted	 143	 431	
598	 5.6270358e-01	 -4.2468320e-03 -5.7579737e-04	 1.18e+00 Accepted	 148	 443	
599	 5.6317118e-01	 +1.8493949e-03 +5.2113437e-04	 1.29e+00 Accepted	 141	 373	
600	 5.6322071e-01	 -8.7173841e-04 +6.9642903e-04	 8.08e-01 Accepted	 133	 402	
601	 5.6337950e-01	 -1.7122814e-03 -2.5803000e-03	 9.94e-01 Accepted	 135	 319	
602	 5.6369512e-01	 -1.4573048e-03 -2.0726383e-04	 1.40e+00 Accepted	 121	 422	
603	 5.6373294e-01	 -5.5562690e-04 +5.3187962e-06	 1.22e+00 Accepted	 142	 437	
604	 5.6363941e-01	 +3.1644028e-04 +2.1265649e-03	 8.51e-01 Accepted	 145	 371	
605	 5.6300251e-01	 -1.6771502e-03 -2.3319473e-03	 8.10e-01 Accepted	 132	 437	
606	 5.6274606e-01	 -1.7591187e-03 -3.9888923e-04	 9.40e-01 Accepted	 149	 444	
607	 5.6286146e-01	 -2.1437567e-03 -4.6651231e-04	 9.53e-01 Accepted	 147	 440	
608	 5.6310748e-01	 +7.5240465e-04 +1.9577953e-05	 9.73e-01 Accepted	 146	 473	
609	 5.6359440e-01	 +3.6889588e-03 -2.5555024e-03	 1.30e+00 Accepted	 146	 380	
610	 5.6388047e-01	 +1.1032505e-04 -2.1539249e-03	 1.23e+00 Accepted	 135	 346	
611	 5.6323189e-01	 +3.2262231e-03 -1.4013689e-03	 6.15e-01 Accepted	 127	 385	
612	 5.6335803e-01	 -1.7106884e-03 +1.6218809e-03	 1.19e+00 Accepted	 133	 434	
613	 5.6327222e-01	 +1.1794022e-03 +2.3849736e-03	 1.02e+00 Accepted	 142	 388	
614	 5.6328032e-01	 -2.9233496e-04 +1.8811803e-03	 1.05e+00 Accepted	 133	 373	
615	 5.6291251e-01	 +3.3706265e-03 +1.4287236e-03	 7.05e-01 Accepted	 143	 482	
616	 5.6290332e-01	 +7.9270811e-04 +3.1659188e-03	 1.08e+00 Accepted	 156	 481	
617	 5.6294478e-01	 -2.2492353e-03 +1.9874709e-03	 8.44e-01 Accepted	 157	 476	
618	 5.6354795e-01	 -2.2562476e-04 +1.4521738e-03	 1.56e+00 Accepted	 156	 460	
619	 5.6391285e-01	 -1.4470756e-03 +3.7684654e-03	 1.00e+00 Accepted	 150	 385	
620	 5.6365282e-01	 +9.6292327e-04 +1.6628115e-03	 9.69e-01 Accepted	 145	 455	
621	 5.6333943e-01	 +2.2495288e-03 +4.0863081e-03	 1.01e+00 Accepted	 148	 444	
622	 5.6289482e-01	 -6.1873551e-05 +1.1002897e-03	 8.52e-01 Accepted	 147	 383	
623	 5.6279279e-01	 -1.0259243e-03 +4.1291667e-03	 8.66e-01 Accepted	 137	 436	
624	 5.6304099e-01	 -5.6384501e-05 +2.8262400e-04	 1.23e+00 Accepted	 149	 406	
625	 5.6331588e-01	 -9.5312790e-04 +1.5332045e-03	 1.15e+00 Accepted	 143	 455	
626	 5.6350189e-01	 -2.6348674e-03 +3.4328980e-03	 7.66e-01 Accepted	 149	 411	
627	 5.6322033e-01	 -1.1813148e-03 +1.8614846e-03	 8.60e-01 Accepted	 143	 412	
628	 5.6354209e-01	 +1.6658667e-03 +9.1922785e-04	 1.35e+00 Accepted	 142	 388	
629	 5.6349399e-01	 -1.1944938e-04 +6.0752595e-04	 9.32e-01 Accepted	 146	 459	
630	 5.6357703e-01	 +4.6001360e-04 +2.7521006e-03	 9.41e-01 Accepted	 154	 450	
631	 5.6351287e-01	 -2.7249068e-03 +2.6868217e-03	 9.83e-01 Accepted	 154	 479	
632	 5.6317790e-01	 +9.6778342e-05 +1.5574079e-03	 8.82e-01 Accepted	 158	 480	
633	 5.6324622e-01	 -1.5025469e-03 +3.0887573e-03	 1.09e+00 Accepted	 158	 461	
634	 5.6335555e-01	 -5.1334892e-04 +2.2540863e-03	 1.07e+00 Accepted	 149	 448	
635	 5.6326741e-01	 -6.2094057e-05 +1.8987518e-03	 1.09e+00 Accepted	 149	 474	
636	 5.6337645e-01	 +1.9137396e-03 -5.9986273e-04	 9.28e-01 Accepted	 158	 455	
637	 5.6334611e-01	 +8.1923374e-04 +1.6873171e-03	 8.85e-01 Accepted	 146	 421	
638	 5.6341335e-01	 -3.5188209e-03 -8.4526278e-04	 1.17e+00 Accepted	 141	 393	
639	 5.6373647e-01	 -2.6103924e-03 -3.8712921e-04	 1.15e+00 Accepted	 141	 406	
640	 5.6360827e-01	 -2.6076526e-03 -5.6222263e-04	 1.25e+00 Accepted	 143	 392	
641	 5.6360827e-01	 -2.6076526e-03 -5.6222263e-04	 9.39e-01 Rejected	 140	 418	
642	 5.6337543e-01	 -1.9904873e-03 -8.1901648e-04	 8.48e-01 Accepted	 137	 407	
643	 5.6345630e-01	 -2.8500477e-03 -1.2116716e-03	 1.23e+00 Accepted	 145	 426	
644	 5.6352003e-01	 -2.3482677e-03 +7.3407551e-04	 9.47e-01 Accepted	 148	 460	
645	 5.6321015e-01	 -7.0800477e-04 -1.1456443e-03	 1.07e+00 Accepted	 148	 426	
646	 5.6376365e-01	 -1.7478614e-03 -1.5264452e-03	 1.48e+00 Accepted	 152	 478	
647	 5.6367648e-01	 -6.5841082e-04 -1.6032377e-03	 1.13e+00 Accepted	 151	 457	
648	 5.6376247e-01	 +1.4042703e-03 -3.1953739e-03	 1.28e+00 Accepted	 157	 452	
649	 5.6384841e-01	 -1.0458589e-03 +1.7128489e-04	 8.83e-01 Accepted	 155	 486	
650	 5.6384841e-01	 -1.0458589e-03 +1.7128489e-04	 7.09e-01 Rejected	 158	 478	
651	 5.6330730e-01	 +2.9940380e-03 -1.2463908e-03	 7.71e-01 Accepted	 158	 471	
652	 5.6352828e-01	 -3.6494127e-03 +1.2520691e-03	 1.13e+00 Accepted	 154	 450	
653	 5.6368449e-01	 +1.8711359e-04 -5.3222176e-04	 8.75e-01 Accepted	 146	 422	
654	 5.6345397e-01	 +2.6203515e-03 +4.8961557e-03	 9.45e-01 Accepted	 146	 448	
655	 5.6349510e-01	 -2.4496160e-03 -5.5854513e-04	 1.14e+00 Accepted	 153	 465	
656	 5.6344874e-01	 +6.0248124e-04 +1.0877443e-03	 9.92e-01 Accepted	 153	 453	
657	 5.6298235e-01	 -4.0691204e-03 -3.8613707e-04	 7.99e-01 Accepted	 146	 390	
658	 5.6348483e-01	 -1.3221959e-03 +1.5341549e-03	 1.42e+00 Accepted	 137	 451	
659	 5.6354548e-01	 -2.1390972e-03 +1.9921640e-03	 8.90e-01 Accepted	 150	 445	
660	 5.6354548e-01	 -2.1390972e-03 +1.9921640e-03	 9.20e-01 Rejected	 140	 383	
661	 5.6360054e-01	 -1.1637813e-03 -2.5646674e-03	 1.14e+00 Accepted	 150	 440	
662	 5.6338766e-01	 +1.5006227e-04 -8.4419404e-04	 6.87e-01 Accepted	 147	 449	
663	 5.6346505e-01	 +9.7387794e-04 +7.3845269e-04	 1.00e+00 Accepted	 148	 462	
664	 5.6338185e-01	 +3.6487255e-03 -1.9122833e-03	 8.60e-01 Accepted	 143	 393	
665	 5.6306529e-01	 +3.4389369e-03 +2.3961264e-03	 1.02e+00 Accepted	 136	 398	
666	 5.6337391e-01	 +1.0705778e-03 +2.2280858e-04	 1.17e+00 Accepted	 131	 372	
667	 5.6361466e-01	 +5.6969845e-06 +1.1646750e-03	 1.10e+00 Accepted	 139	 464	
668	 5.6348270e-01	 +3.9887459e-03 +1.1485825e-03	 1.22e+00 Accepted	 150	 439	
669	 5.6324594e-01	 -3.2648956e-05 +1.5465974e-03	 8.56e-01 Accepted	 151	 458	
670	 5.6362143e-01	 +2.4683208e-03 +2.2675598e-03	 1.04e+00 Accepted	 147	 428	
671	 5.6392524e-01	 +2.0261158e-03 -1.8913447e-03	 1.16e+00 Accepted	 145	 400	
672	 5.6410847e-01	 +4.0918018e-04 +9.4693549e-04	 1.15e+00 Accepted	 147	 454	
673	 5.6357723e-01	 +6.0289445e-04 -2.1959361e-04	 8.12e-01 Accepted	 149	 408	
674	 5.6312252e-01	 +3.8223946e-03 +2.9359346e-03	 9.09e-01 Accepted	 142	 411	
675	 5.6370818e-01	 +1.2175079e-03 +3.0379836e-04	 1.13e+00 Accepted	 146	 451	
676	 5.6370818e-01	 +1.2175079e-03 +3.0379836e-04	 6.89e-01 Rejected	 150	 421	
677	 5.6370818e-01	 +1.2175079e-03 +3.0379836e-04	 5.60e-01 Rejected	 144	 379	
678	 5.6357700e-01	 +1.5909164e-03 +6.9507131e-04	 9.17e-01 Accepted	 145	 411	
679	 5.6357700e-01	 +1.5909164e-03 +6.9507131e-04	 9.14e-01 Rejected	 146	 460	
680	 5.6363567e-01	 +2.8463108e-03 -2.3844192e-03	 1.13e+00 Accepted	 141	 404	
681	 5.6363567e-01	 +2.8463108e-03 -2.3844192e-03	 6.84e-01 Rejected	 137	 384	
682	 5.6349438e-01	 +3.4382362e-03 -4.6923581e-04	 9.16e-01 Accepted	 140	 401	
683	 5.6286941e-01	 +5.7466045e-03 -1.4896655e-03	 7.44e-01 Accepted	 144	 435	
684	 5.6291516e-01	 +1.9636255e-03 -5.5917353e-05	 9.05e-01 Accepted	 149	 420	
685	 5.6260263e-01	 -9.2993568e-04 +2.7920580e-03	 8.11e-01 Accepted	 136	 395	
686	 5.6260263e-01	 -9.2993568e-04 +2.7920580e-03	 9.06e-01 Rejected	 140	 437	
687	 5.6253638e-01	 +7.1757353e-04 +7.4659347e-04	 8.56e-01 Accepted	 135	 438	
688	 5.6307866e-01	 +1.7093788e-03 +2.5377614e-03	 1.35e+00 Accepted	 152	 476	
689	 5.6320150e-01	 +4.4948060e-03 +1.4231736e-03	 9.29e-01 Accepted	 150	 409	
690	 5.6307084e-01	 +1.9815014e-03 +3.1222942e-04	 8.65e-01 Accepted	 142	 381	
691	 5.6319052e-01	 +5.5922275e-03 -9.8029339e-05	 1.01e+00 Accepted	 140	 446	
692	 5.6300076e-01	 +1.4301176e-03 -4.1954175e-03	 8.71e-01 Accepted	 143	 364	
693	 5.6301829e-01	 +1.8219972e-03 -2.9010395e-03	 9.21e-01 Accepted	 136	 382	
694	 5.6332505e-01	 +1.2669078e-03 -3.2282752e-03	 1.00e+00 Accepted	 145	 449	
695	 5.6301423e-01	 -3.9863182e-04 +3.6745663e-03	 8.30e-01 Accepted	 152	 490	
696	 5.6294015e-01	 +6.1363513e-04 +2.2139081e-03	 1.11e+00 Accepted	 149	 397	
697	 5.6314538e-01	 +4.0193245e-03 +2.4781818e-03	 9.75e-01 Accepted	 142	 424	
698	 5.6306725e-01	 +2.2088376e-03 -5.1026432e-04	 7.54e-01 Accepted	 149	 424	
699	 5.6333917e-01	 +2.1634390e-03 +2.0532864e-03	 9.35e-01 Accepted	 145	 446	
700	 5.6365615e-01	 -2.8223087e-03 +1.6564489e-03	 1.57e+00 Accepted	 149	 437	
701	 5.6373040e-01	 -2.8329914e-03 +3.0755912e-03	 1.18e+00 Accepted	 147	 423	
702	 5.6357040e-01	 -1.9771909e-04 +1.3215056e-03	 9.42e-01 Accepted	 142	 430	
703	 5.6357040e-01	 -1.9771909e-04 +1.3215056e-03	 8.45e-01 Rejected	 145	 441	
704	 5.6341527e-01	 -2.3787020e-04 -1.4535156e-03	 1.05e+00 Accepted	 150	 486	
705	 5.6342353e-01	 -5.4890598e-04 +9.4808132e-04	 1.14e+00 Accepted	 159	 486	
706	 5.6396918e-01	 +8.9831536e-04 -4.2581244e-04	 1.02e+00 Accepted	 159	 490	
707	 5.6356887e-01	 +3.8123954e-03 -1.2043241e-03	 7.31e-01 Accepted	 157	 477	
708	 5.6391550e-01	 +2.5074122e-03 +5.6927657e-04	 1.26e+00 Accepted	 154	 429	
709	 5.6422843e-01	 +4.4963471e-04 -7.8563419e-04	 1.20e+00 Accepted	 142	 423	
710	 5.6413378e-01	 -8.4889893e-04 -1.9845868e-03	 8.73e-01 Accepted	 142	 430	
711	 5.6411707e-01	 -4.3573857e-04 +3.6595677e-04	 9.45e-01 Accepted	 136	 368	
712	 5.6377486e-01	 +1.3813677e-03 +1.4528325e-03	 8.42e-01 Accepted	 136	 419	
713	 5.6329186e-01	 -1.5034901e-03 +2.6940607e-03	 8.08e-01 Accepted	 149	 425	
714	 5.6330328e-01	 -2.7403934e-04 +3.1061329e-03	 1.11e+00 Accepted	 145	 401	
715	 5.6323844e-01	 +1.9338210e-04 +3.6086692e-03	 9.53e-01 Accepted	 139	 418	
716	 5.6350370e-01	 +1.1858258e-03 +7.5368376e-04	 1.05e+00 Accepted	 144	 379	
717	 5.6351710e-01	 +1.2486369e-03 +1.3725777e-03	 1.14e+00 Accepted	 142	 470	
718	 5.6323478e-01	 +4.1288611e-04 +3.3438049e-03	 7.96e-01 Accepted	 147	 398	
719	 5.6323478e-01	 +4.1288611e-04 +3.3438049e-03	 8.36e-01 Rejected	 138	 408	
720	 5.6316855e-01	 -1.2473830e-03 +6.7103505e-04	 8.90e-01 Accepted	 147	 448	
721	 5.6301086e-01	 -3.2418341e-03 -5.4880300e-04	 8.27e-01 Accepted	 150	 432	
722	 5.6272174e-01	 +3.5085805e-03 +8.4122635e-04	 8.02e-01 Accepted	 147	 401	
723	 5.6310117e-01	 +2.8673759e-03 -2.0970426e-04	 1.06e+00 Accepted	 142	 468	
724	 5.6361694e-01	 -8.7713989e-04 +3.1998151e-05	 1.19e+00 Accepted	 151	 405	
725	 5.6293161e-01	 +1.8450945e-03 +1.0452108e-03	 7.05e-01 Accepted	 144	 460	
726	 5.6273726e-01	 +4.3206603e-04 -7.1359645e-04	 1.01e+00 Accepted	 154	 467	
727	 5.6310857e-01	 +2.1736636e-03 -7.6129927e-04	 1.10e+00 Accepted	 154	 479	
728	 5.6289578e-01	 +2.0251171e-03 +2.4288397e-03	 9.52e-01 Accepted	 154	 450	
729	 5.6313867e-01	 +7.6200774e-04 -2.7304422e-04	 1.02e+00 Accepted	 150	 441	
730	 5.6290745e-01	 -7.9625247e-04 -6.4781868e-05	 9.45e-01 Accepted	 142	 377	
731	 5.6311053e-01	 +8.4894157e-04 +2.0986805e-04	 1.15e+00 Accepted	 133	 387	
732	 5.6325818e-01	 +6.8901507e-04 +4.2963333e-03	 1.02e+00 Accepted	 147	 474	
733	 5.6317062e-01	 +1.3002283e-03 +2.2321089e-03	 9.86e-01 Accepted	 157	 466	
734	 5.6331434e-01	 +1.6312838e-03 +7.3882726e-04	 8.58e-01 Accepted	 155	 424	
735	 5.6318085e-01	 +3.2776647e-03 +1.5740757e-03	 1.03e+00 Accepted	 144	 398	
736	 5.6300191e-01	 +1.5469575e-03 +2.9351423e-03	 9.51e-01 Accepted	 139	 420	
737	 5.6291483e-01	 +1.9124230e-03 +3.8187594e-03	 8.98e-01 Accepted	 145	 406	
738	 5.6336365e-01	 +5.9443212e-04 +3.5250206e-03	 1.36e+00 Accepted	 136	 403	
739	 5.6324260e-01	 +2.1706956e-03 +3.4209370e-03	 8.70e-01 Accepted	 137	 373	
740	 5.6326727e-01	 +5.1786688e-05 +3.2439360e-03	 6.46e-01 Accepted	 135	 436	
741	 5.6311476e-01	 -3.2250855e-04 +3.6711202e-03	 8.16e-01 Accepted	 146	 457	
742	 5.6294745e-01	 +6.3211648e-04 +3.0474625e-03	 8.76e-01 Accepted	 148	 445	
743	 5.6285914e-01	 +1.8240471e-03 +2.4098370e-03	 6.91e-01 Accepted	 151	 441	
744	 5.6312085e-01	 -1.2176461e-03 -1.6828698e-03	 9.43e-01 Accepted	 150	 417	
745	 5.6294218e-01	 +1.5148196e-03 -9.9424240e-04	 1.03e+00 Accepted	 143	 415	
746	 5.6311398e-01	 -4.7065521e-04 +2.2187126e-03	 1.29e+00 Accepted	 139	 429	
747	 5.6325252e-01	 +4.5315183e-04 +2.1527298e-03	 1.02e+00 Accepted	 146	 412	
748	 5.6323304e-01	 +1.5922244e-03 +1.2963215e-03	 8.86e-01 Accepted	 144	 444	
749	 5.6318789e-01	 -7.5433628e-04 -1.3433710e-03	 9.52e-01 Accepted	 151	 455	
750	 5.6318789e-01	 -7.5433628e-04 -1.3433710e-03	 8.10e-01 Rejected	 152	 466	
751	 5.6318566e-01	 -2.4270701e-05 +6.5167047e-04	 1.03e+00 Accepted	 138	 351	
752	 5.6285460e-01	 +1.7428821e-03 +1.1816121e-03	 8.33e-01 Accepted	 129	 374	
753	 5.6269865e-01	 +3.1959896e-04 +3.5848643e-03	 7.76e-01 Accepted	 137	 478	
754	 5.6303425e-01	 -1.6547146e-03 +8.2657468e-04	 8.94e-01 Accepted	 149	 399	
755	 5.6303425e-01	 -1.6547146e-03 +8.2657468e-04	 8.23e-01 Rejected	 139	 437	
756	 5.6300047e-01	 -1.0699206e-03 -2.1362419e-03	 1.38e+00 Accepted	 147	 460	
757	 5.6316210e-01	 +2.4012418e-03 +2.2187217e-03	 8.69e-01 Accepted	 153	 483	
758	 5.6328804e-01	 -6.0893951e-05 +3.1953748e-03	 9.62e-01 Accepted	 152	 423	
759	 5.6338877e-01	 +5.3831615e-04 +3.6794243e-03	 1.27e+00 Accepted	 154	 470	
760	 5.6394360e-01	 -3.5339165e-03 -2.5124349e-04	 1.03e+00 Accepted	 161	 505	
761	 5.6361916e-01	 +9.9352658e-05 +2.0030954e-03	 6.64e-01 Accepted	 162	 438	
762	 5.6318118e-01	 -1.3553462e-03 +2.0752731e-03	 6.10e-01 Accepted	 147	 406	
763	 5.6327134e-01	 -1.7081607e-03 +8.0801857e-04	 1.11e+00 Accepted	 148	 493	
764	 5.6289034e-01	 -6.1878348e-03 +2.3513535e-03	 8.20e-01 Accepted	 153	 450	
765	 5.6333305e-01	 -2.4519732e-03 +1.2893331e-03	 1.25e+00 Accepted	 147	 388	
766	 5.6343557e-01	 -4.3030042e-03 +9.7467513e-04	 9.36e-01 Accepted	 142	 462	
767	 5.6332953e-01	 -2.7264756e-03 +2.2743228e-03	 6.36e-01 Accepted	 151	 435	
768	 5.6290425e-01	 -3.6820464e-03 +6.5655875e-04	 6.87e-01 Accepted	 146	 420	
769	 5.6334050e-01	 -4.3930630e-03 +2.0303849e-03	 1.41e+00 Accepted	 150	 486	
770	 5.6348301e-01	 -3.8887514e-03 +7.9696275e-04	 9.55e-01 Accepted	 148	 401	
771	 5.6399958e-01	 -1.6461256e-03 -1.8462313e-04	 1.15e+00 Accepted	 143	 460	
772	 5.6381941e-01	 -3.5922939e-03 +1.0477337e-03	 1.02e+00 Accepted	 154	 449	
773	 5.6330403e-01	 -2.1115499e-03 +2.6270008e-03	 7.96e-01 Accepted	 149	 439	
774	 5.6299046e-01	 +4.0167063e-04 +6.1717966e-03	 7.51e-01 Accepted	 148	 432	
775	 5.6333611e-01	 -2.0887945e-03 +2.3554915e-03	 1.28e+00 Accepted	 148	 426	
776	 5.6312576e-01	 +6.0250844e-05 +2.8178893e-03	 7.87e-01 Accepted	 148	 449	
777	 5.6336464e-01	 -2.0479493e-04 +3.8268920e-03	 8.41e-01 Accepted	 152	 456	
778	 5.6319679e-01	 -2.3458085e-03 +2.2853791e-03	 1.17e+00 Accepted	 149	 448	
779	 5.6336809e-01	 +5.0298013e-04 +6.2110323e-03	 1.29e+00 Accepted	 152	 464	
780	 5.6345208e-01	 +3.5895961e-05 +3.7987995e-03	 8.79e-01 Accepted	 154	 493	
781	 5.6339221e-01	 -3.6137125e-03 +2.7479286e-03	 7.86e-01 Accepted	 157	 468	
782	 5.6339665e-01	 +1.1046753e-04 +4.4593323e-03	 9.57e-01 Accepted	 155	 454	
783	 5.6336996e-01	 +1.6818675e-03 +4.0989900e-03	 1.11e+00 Accepted	 149	 394	
784	 5.6329792e-01	 -2.5612117e-04 +1.2263856e-03	 8.81e-01 Accepted	 139	 399	
785	 5.6356455e-01	 -2.2910193e-03 +7.3658318e-03	 1.03e+00 Accepted	 144	 428	
786	 5.6315320e-01	 -2.0066470e-03 +4.0463352e-03	 9.53e-01 Accepted	 147	 412	
787	 5.6391063e-01	 +7.2652840e-05 +4.9519467e-03	 1.75e+00 Accepted	 139	 397	
788	 5.6365047e-01	 -2.9071776e-03 +4.3673727e-03	 9.33e-01 Accepted	 142	 439	
789	 5.6380868e-01	 +5.5260829e-04 +4.6305715e-03	 9.59e-01 Accepted	 147	 383	
790	 5.6380868e-01	 +5.5260829e-04 +4.6305715e-03	 8.85e-01 Rejected	 138	 413	
791	 5.6391059e-01	 +1.0205346e-03 +7.2571917e-03	 9.96e-01 Accepted	 140	 463	
792	 5.6406209e-01	 -1.6233788e-03 +2.6918080e-03	 1.14e+00 Accepted	 150	 475	
793	 5.6381959e-01	 +8.1128859e-04 +6.0042108e-03	 1.02e+00 Accepted	 152	 458	
794	 5.6365354e-01	 -1.0460522e-03 +4.9996091e-03	 1.08e+00 Accepted	 152	 462	
795	 5.6365889e-01	 -4.6765530e-04 +1.9726724e-03	 8.04e-01 Accepted	 146	 424	
796	 5.6340410e-01	 -8.9519375e-04 +2.1515530e-03	 1.02e+00 Accepted	 143	 438	
797	 5.6325972e-01	 -1.6262855e-03 -2.6253227e-06	 1.14e+00 Accepted	 147	 426	
798	 5.6386777e-01	 -2.0762780e-03 +3.0970625e-03	 1.25e+00 Accepted	 144	 386	
799	 5.6386777e-01	 -2.0762780e-03 +3.0970625e-03	 9.17e-01 Rejected	 137	 424	
800	 5.6349261e-01	 -1.9127648e-03 +4.3139757e-03	 9.63e-01 Accepted	 136	 416	
801	 5.6350570e-01	 -4.8136107e-05 +5.5643045e-03	 1.11e+00 Accepted	 142	 442	
802	 5.6340154e-01	 -2.4653926e-03 +3.5241871e-03	 8.80e-01 Accepted	 140	 407	
803	 5.6310030e-01	 +1.2284774e-03 +4.1463564e-03	 9.74e-01 Accepted	 134	 384	
804	 5.6330028e-01	 -1.0562100e-03 +3.8830789e-03	 9.33e-01 Accepted	 132	 367	
805	 5.6369272e-01	 -1.6626189e-03 +4.9622019e-03	 1.30e+00 Accepted	 122	 344	
806	 5.6358242e-01	 +7.3437880e-04 +4.0885100e-03	 1.28e+00 Accepted	 126	 371	
807	 5.6358242e-01	 +7.3437880e-04 +4.0885100e-03	 6.17e-01 Rejected	 134	 408	
808	 5.6358242e-01	 +7.3437880e-04 +4.0885100e-03	 7.51e-01 Rejected	 136	 417	
809	 5.6348128e-01	 -1.8752867e-03 +2.8020203e-03	 9.31e-01 Accepted	 141	 447	
810	 5.6315378e-01	 -1.2839918e-03 +2.1980122e-03	 7.30e-01 Accepted	 145	 448	
811	 5.6321166e-01	 +1.0520656e-03 +2.7037518e-03	 1.17e+00 Accepted	 148	 456	
812	 5.6335378e-01	 +3.2390847e-04 -1.0920963e-03	 8.75e-01 Accepted	 155	 467	
813	 5.6342574e-01	 +2.2671434e-03 -4.4346839e-05	 1.31e+00 Accepted	 151	 432	
814	 5.6332099e-01	 -3.8897889e-04 -1.4380027e-03	 7.96e-01 Accepted	 147	 411	
815	 5.6321349e-01	 -8.2441673e-04 +1.9655333e-03	 1.33e+00 Accepted	 144	 452	
816	 5.6329977e-01	 -3.0272260e-03 +1.1279415e-03	 8.64e-01 Accepted	 146	 456	
817	 5.6312551e-01	 -3.1623703e-03 +1.7327692e-03	 9.25e-01 Accepted	 154	 473	
818	 5.6332093e-01	 -4.5706290e-03 +1.9200681e-03	 9.93e-01 Accepted	 157	 473	
819	 5.6364128e-01	 -1.9591438e-03 +9.9515562e-04	 9.29e-01 Accepted	 157	 457	
820	 5.6344910e-01	 -9.5006503e-04 +7.7563840e-04	 1.01e+00 Accepted	 153	 456	
821	 5.6322489e-01	 +9.7587118e-04 -1.6667132e-03	 9.17e-01 Accepted	 151	 464	
822	 5.6322489e-01	 +9.7587118e-04 -1.6667132e-03	 8.22e-01 Rejected	 158	 457	
823	 5.6302319e-01	 -9.6876177e-04 -1.5595552e-03	 8.47e-01 Accepted	 156	 498	
824	 5.6332565e-01	 -6.0111810e-04 +7.5885108e-04	 1.13e+00 Accepted	 156	 448	
825	 5.6296038e-01	 +2.0027988e-03 -9.7967247e-04	 6.96e-01 Accepted	 139	 362	
826	 5.6333408e-01	 -4.6909446e-03 +6.6247318e-05	 1.19e+00 Accepted	 137	 450	
827	 5.6326034e-01	 -2.9542908e-03 +4.9071297e-03	 1.04e+00 Accepted	 151	 421	
828	 5.6294587e-01	 +5.0406525e-04 +1.9240828e-03	 9.90e-01 Accepted	 151	 482	
829	 5.6276378e-01	 -1.8006099e-03 +1.9461533e-03	 1.17e+00 Accepted	 156	 471	
830	 5.6322766e-01	 -1.3542818e-03 +3.1236660e-03	 1.08e+00 Accepted	 156	 455	
831	 5.6322766e-01	 -1.3542818e-03 +3.1236660e-03	 8.86e-01 Rejected	 154	 469	
832	 5.6267577e-01	 -1.7955358e-03 +3.0309151e-03	 6.60e-01 Accepted	 154	 474	
833	 5.6267577e-01	 -1.7955358e-03 +3.0309151e-03	 8.45e-01 Rejected	 158	 472	
834	 5.6296686e-01	 -7.5085917e-04 +2.1416058e-03	 1.05e+00 Accepted	 159	 486	
835	 5.6277694e-01	 +1.7811345e-03 +1.3977397e-03	 8.52e-01 Accepted	 158	 456	
836	 5.6318996e-01	 +1.1338794e-03 +4.8186917e-03	 1.58e+00 Accepted	 151	 476	
837	 5.6318996e-01	 +1.1338794e-03 +4.8186917e-03	 7.05e-01 Rejected	 156	 471	
838	 5.6318996e-01	 +1.1338794e-03 +4.8186917e-03	 6.48e-01 Rejected	 145	 423	
839	 5.6378987e-01	 -2.4052269e-03 +1.3840831e-03	 9.24e-01 Accepted	 158	 482	
840	 5.6389445e-01	 -6.6353037e-04 +2.8015623e-03	 9.20e-01 Accepted	 158	 472	
841	 5.6354648e-01	 -1.9020252e-03 +2.8276734e-03	 8.10e-01 Accepted	 157	 484	
842	 5.6341788e-01	 -2.3627500e-03 +2.4724136e-03	 7.86e-01 Accepted	 156	 468	
843	 5.6324256e-01	 +5.3692665e-04 +3.2241536e-03	 9.91e-01 Accepted	 153	 431	
844	 5.6281423e-01	 -3.9540910e-03 +4.0945814e-03	 8.35e-01 Accepted	 148	 472	
845	 5.6281423e-01	 -3.9540910e-03 +4.0945814e-03	 8.56e-01 Rejected	 154	 475	
846	 5.6281423e-01	 -3.9540910e-03 +4.0945814e-03	 8.37e-01 Rejected	 156	 477	
847	 5.6318190e-01	 -1.5622505e-03 +3.2532046e-03	 1.20e+00 Accepted	 149	 432	
848	 5.6292026e-01	 -5.8222437e-04 +3.8028393e-03	 1.00e+00 Accepted	 152	 476	
849	 5.6329937e-01	 -3.4621559e-03 +1.9647533e-03	 1.27e+00 Accepted	 154	 424	
850	 5.6329026e-01	 -1.5857766e-03 +1.7253233e-03	 7.87e-01 Accepted	 152	 491	
851	 5.6334439e-01	 -1.4173082e-03 +4.3014494e-03	 8.53e-01 Accepted	 155	 462	
852	 5.6327477e-01	 +1.9822599e-03 +4.9800361e-03	 1.14e+00 Accepted	 151	 441	
853	 5.6319975e-01	 -1.1516913e-03 +1.7546267e-03	 1.04e+00 Accepted	 145	 441	
854	 5.6346782e-01	 -2.4945429e-03 +2.8613426e-03	 1.34e+00 Accepted	 141	 326	
855	 5.6349033e-01	 -2.1926546e-03 +5.6628001e-03	 8.65e-01 Accepted	 128	 425	
856	 5.6362739e-01	 -4.2969245e-03 +1.9486549e-03	 1.11e+00 Accepted	 146	 469	
857	 5.6349107e-01	 -2.1825420e-03 +5.3360155e-03	 9.67e-01 Accepted	 151	 414	
858	 5.6342311e-01	 -6.2141971e-03 +3.0606142e-03	 9.53e-01 Accepted	 143	 416	
859	 5.6337784e-01	 -4.0950599e-03 +3.1491086e-03	 1.15e+00 Accepted	 145	 480	
860	 5.6323948e-01	 -1.7295955e-03 +5.3408196e-03	 8.17e-01 Accepted	 160	 500	
861	 5.6312126e-01	 -1.2400728e-03 +2.6124029e-04	 1.02e+00 Accepted	 163	 485	
862	 5.6305491e-01	 +1.1464878e-03 +4.1671013e-03	 1.05e+00 Accepted	 156	 439	
863	 5.6302181e-01	 -8.2044747e-04 +6.1150897e-04	 9.63e-01 Accepted	 152	 421	
