# Starting_type: HotStart
# serial RNG seed: 	[28556 26642 42119 62480 26578]
# parallel RNG seed:	[62458 40185 8014 42101 40859]
# Trajectory_length / Number_of_MD_steps: 1 / 8
# 	 Plaquette	 Polyakov_Loop(re,im)	 Acc._Probability	 runtime_per_traj(s)	 CG_iterations	
1	 2.2133246e-01	 +2.3206071e-03 +1.9204154e-04	 8.53e+26 Accepted	 218	 894	
2	 3.0977220e-01	 +5.0132453e-05 -2.5862061e-03	 3.81e+13 Accepted	 277	 1071	
3	 3.5723196e-01	 +1.4573910e-03 -1.2231382e-03	 1.69e+08 Accepted	 303	 1135	
4	 3.8596696e-01	 -2.3589888e-04 +9.2641035e-04	 1.60e+05 Accepted	 315	 1167	
5	 4.0589774e-01	 +1.4803670e-03 -1.1841293e-03	 2.31e+03 Accepted	 319	 1179	
6	 4.2046001e-01	 +8.5011418e-04 +4.3258209e-04	 4.31e+02 Accepted	 322	 1188	
7	 4.3221929e-01	 +9.1091548e-04 -6.0559394e-04	 7.54e+01 Accepted	 323	 1192	
8	 4.4151085e-01	 -6.0861995e-04 +8.4005301e-04	 3.75e+01 Accepted	 323	 1187	
9	 4.4916638e-01	 -5.6844693e-04 -1.7761964e-04	 3.38e+01 Accepted	 323	 1188	
10	 4.5658514e-01	 -4.0912415e-04 +1.2784994e-03	 2.96e+01 Accepted	 324	 1183	
11	 4.6279573e-01	 -1.7027281e-03 -3.9309082e-03	 9.96e+00 Accepted	 322	 1182	
12	 4.6821674e-01	 +1.5215048e-03 +1.3400863e-03	 3.81e+00 Accepted	 322	 1181	
13	 4.7403266e-01	 -4.0519347e-04 -1.9234097e-03	 6.14e+00 Accepted	 322	 1174	
14	 4.7912119e-01	 -9.3343117e-04 -4.5883599e-04	 6.17e+00 Accepted	 323	 1170	
15	 4.8357308e-01	 -1.5586093e-03 +3.2193036e-03	 3.70e+00 Accepted	 319	 1169	
16	 4.8839876e-01	 +1.7400398e-04 -1.0361642e-03	 8.11e+00 Accepted	 322	 1161	
17	 4.9199294e-01	 -1.8964060e-04 +1.4186957e-03	 3.08e+00 Accepted	 317	 1157	
18	 4.9551347e-01	 +1.5530025e-04 -1.3538463e-03	 3.04e+00 Accepted	 319	 1159	
19	 4.9952663e-01	 -2.8120003e-03 +2.7709578e-03	 3.05e+00 Accepted	 317	 1154	
20	 5.0296456e-01	 -1.3987570e-03 +2.8128409e-03	 3.92e+00 Accepted	 317	 1149	
21	 5.0645014e-01	 +7.5684985e-04 -2.2240882e-03	 2.63e+00 Accepted	 315	 1138	
22	 5.0942837e-01	 +6.4883392e-04 -4.0249602e-04	 2.56e+00 Accepted	 313	 1135	
23	 5.1217056e-01	 +1.2497668e-03 -3.7400117e-04	 2.88e+00 Accepted	 313	 1135	
24	 5.1481049e-01	 +1.4541800e-03 +1.1004545e-03	 1.71e+00 Accepted	 309	 1125	
25	 5.1767986e-01	 +3.1394424e-04 -6.1701436e-04	 5.35e+00 Accepted	 309	 1138	
26	 5.1976438e-01	 +3.3635842e-04 -5.1647961e-04	 2.38e+00 Accepted	 309	 1104	
27	 5.2219392e-01	 +2.1815735e-05 -8.7733159e-04	 1.85e+00 Accepted	 307	 1112	
28	 5.2434400e-01	 -1.4973976e-04 -7.2461308e-04	 1.84e+00 Accepted	 307	 1123	
29	 5.2612818e-01	 +8.5425082e-04 +2.5462740e-04	 1.21e+00 Accepted	 309	 1109	
30	 5.2775184e-01	 +1.1655801e-03 -1.5181795e-03	 1.35e+00 Accepted	 307	 1103	
31	 5.2928125e-01	 +1.2131706e-03 -1.2398206e-03	 1.32e+00 Accepted	 304	 1124	
32	 5.3117044e-01	 +1.4636402e-03 -1.0228601e-03	 2.31e+00 Accepted	 306	 1080	
33	 5.3225073e-01	 +1.8894053e-03 -2.0013098e-03	 1.58e+00 Accepted	 300	 1098	
34	 5.3325765e-01	 +1.5766417e-03 -1.3343647e-03	 1.92e+00 Accepted	 302	 1093	
35	 5.3430691e-01	 -1.1033337e-03 +3.1567847e-04	 1.27e+00 Accepted	 301	 1087	
36	 5.3543206e-01	 +1.0249032e-03 +1.3450362e-03	 1.81e+00 Accepted	 298	 1074	
37	 5.3666234e-01	 -7.6252479e-05 -1.3370198e-03	 1.64e+00 Accepted	 295	 1041	
38	 5.3712213e-01	 +1.7061618e-03 -2.0773009e-03	 9.35e-01 Accepted	 294	 1068	
39	 5.3764862e-01	 +1.0536096e-03 +1.1344840e-03	 1.78e+00 Accepted	 296	 1055	
40	 5.3817265e-01	 +2.8390376e-03 +1.0730779e-03	 1.21e+00 Accepted	 293	 1068	
41	 5.3887554e-01	 -1.2973462e-03 +6.7465190e-04	 9.08e-01 Accepted	 296	 1054	
42	 5.3947877e-01	 +3.1081430e-04 +4.3647750e-04	 9.27e-01 Accepted	 292	 1034	
43	 5.4011339e-01	 +1.8822499e-03 +9.3654975e-04	 1.69e+00 Accepted	 291	 1042	
44	 5.4063913e-01	 +1.0149411e-03 +2.1857280e-03	 1.57e+00 Accepted	 292	 1046	
45	 5.4104962e-01	 +1.4650877e-03 +4.1615140e-04	 1.80e+00 Accepted	 289	 1059	
46	 5.4160375e-01	 +2.7910998e-04 -1.2780196e-03	 8.83e-01 Accepted	 290	 1027	
47	 5.4169708e-01	 +1.3104937e-03 +1.4604574e-03	 7.82e-01 Accepted	 289	 1053	
48	 5.4197768e-01	 +2.3522593e-03 +1.0790889e-03	 1.43e+00 Accepted	 292	 1067	
49	 5.4245911e-01	 +4.9487055e-03 -1.0305982e-03	 1.12e+00 Accepted	 292	 1021	
50	 5.4295340e-01	 +2.6165459e-03 +2.4142774e-03	 1.32e+00 Accepted	 287	 1018	
51	 5.4294189e-01	 +8.8382496e-05 +1.4149153e-03	 9.28e-01 Accepted	 290	 1072	
52	 5.4303202e-01	 +2.3631998e-03 -4.8992208e-04	 1.51e+00 Accepted	 293	 1018	
53	 5.4277095e-01	 +1.5710505e-03 +2.6053253e-04	 8.65e-01 Accepted	 282	 1004	
54	 5.4354574e-01	 -1.1297086e-03 -1.7982922e-03	 1.33e+00 Accepted	 282	 1016	
55	 5.4388626e-01	 +4.2054814e-03 -3.0087911e-03	 9.61e-01 Accepted	 284	 970	
56	 5.4426640e-01	 +4.0513538e-03 +3.7438753e-04	 1.03e+00 Accepted	 277	 966	
57	 5.4482236e-01	 -1.4006007e-04 +1.5310201e-03	 1.43e+00 Accepted	 275	 974	
58	 5.4491103e-01	 +1.1943082e-03 +6.6312591e-04	 1.05e+00 Accepted	 279	 989	
59	 5.4503274e-01	 +1.8236075e-03 -7.7722054e-04	 1.38e+00 Accepted	 278	 1013	
60	 5.4552733e-01	 -1.3628052e-03 +1.5774810e-03	 1.29e+00 Accepted	 281	 992	
61	 5.4601280e-01	 +4.8685483e-06 +2.5510864e-03	 1.01e+00 Accepted	 275	 960	
62	 5.4601672e-01	 -1.8941620e-04 +3.6040058e-04	 1.15e+00 Accepted	 277	 971	
63	 5.4601672e-01	 -1.8941620e-04 +3.6040058e-04	 8.41e-01 Rejected	 272	 953	
64	 5.4594800e-01	 +1.9267200e-03 +3.1215981e-03	 7.73e-01 Accepted	 271	 970	
65	 5.4614811e-01	 -3.1870198e-03 +2.0204688e-03	 1.10e+00 Accepted	 272	 940	
66	 5.4605098e-01	 +2.6645696e-03 +1.9519538e-04	 7.34e-01 Accepted	 269	 940	
67	 5.4592675e-01	 +1.2410002e-03 +1.9257250e-03	 9.74e-01 Accepted	 272	 980	
68	 5.4604109e-01	 +1.3134028e-03 +2.6267159e-04	 7.53e-01 Accepted	 274	 993	
69	 5.4588550e-01	 +2.4274633e-03 +2.6884612e-03	 6.29e-01 Accepted	 277	 974	
70	 5.4606945e-01	 +2.5034477e-03 +6.8506438e-05	 7.11e-01 Accepted	 276	 1019	
71	 5.4594135e-01	 -1.4902521e-03 -2.9290397e-04	 1.30e+00 Accepted	 283	 993	
72	 5.4576299e-01	 +4.1363288e-04 -7.4281093e-04	 1.07e+00 Accepted	 277	 969	
73	 5.4575915e-01	 +1.8412469e-03 +2.9867304e-03	 1.31e+00 Accepted	 279	 1024	
74	 5.4542412e-01	 +2.5970949e-04 -2.2120618e-03	 8.46e-01 Accepted	 284	 1011	
75	 5.4554194e-01	 -2.7087729e-05 +3.2209139e-03	 9.04e-01 Accepted	 281	 1000	
76	 5.4602669e-01	 -1.1346419e-03 +1.0934298e-03	 1.18e+00 Accepted	 281	 997	
77	 5.4602669e-01	 -1.1346419e-03 +1.0934298e-03	 7.10e-01 Rejected	 273	 938	
78	 5.4608280e-01	 -2.9763569e-03 -1.2642260e-03	 1.05e+00 Accepted	 276	 979	
79	 5.4650228e-01	 -1.0816096e-03 -2.1220814e-03	 2.05e+00 Accepted	 275	 971	
80	 5.4642673e-01	 -5.2150752e-04 +1.0474210e-03	 1.18e+00 Accepted	 273	 978	
81	 5.4614803e-01	 -2.4646158e-03 -2.6278325e-03	 8.74e-01 Accepted	 269	 962	
82	 5.4664321e-01	 +1.2186959e-03 -8.1489792e-04	 9.81e-01 Accepted	 268	 985	
83	 5.4614854e-01	 -2.1111660e-03 -1.2221987e-03	 7.74e-01 Accepted	 273	 989	
