# Starting_type: ColdStart
# serial RNG seed: 	[46194 8113 40567 33546 41771]
# parallel RNG seed:	[60292 4346 24302 14212 27641]
# Trajectory_length / Number_of_MD_steps: 1 / 7
# 	 Plaquette	 Polyakov_Loop(re,im)	 Acc._Probability	 runtime_per_traj(s)	 CG_iterations	
1	 8.0206605e-01	 +4.1892204e-01 +1.9484588e-03	 1.48e-30 Skipping	 118	 474	
2	 7.2438972e-01	 +2.3825864e-01 -5.9722419e-04	 1.91e-16 Skipping	 153	 594	
3	 6.7308550e-01	 +1.5429366e-01 +1.7157929e-03	 6.61e-12 Skipping	 175	 694	
4	 6.3578578e-01	 +1.0776861e-01 -1.1498321e-03	 1.11e-08 Skipping	 193	 794	
5	 6.0866097e-01	 +8.3744255e-02 -2.9684723e-04	 1.22e-06 Skipping	 212	 875	
6	 5.8814282e-01	 +6.3457961e-02 +2.1325715e-03	 4.23e-05 Skipping	 232	 970	
7	 5.7306763e-01	 +5.1328570e-02 -2.4699372e-04	 7.06e-04 Skipping	 251	 1063	
8	 5.6228118e-01	 +4.3410679e-02 +3.3146735e-05	 6.04e-03 Skipping	 268	 1154	
9	 5.5430207e-01	 +3.7191037e-02 -1.6650152e-04	 1.48e-02 Skipping	 287	 1252	
10	 5.4832391e-01	 +3.2019343e-02 +2.9883436e-03	 6.44e-02 Skipping	 312	 1375	
11	 5.4338973e-01	 +3.2253024e-02 +2.0476883e-03	 1.20e-01 Skipping	 342	 1541	
12	 5.3986960e-01	 +2.3542125e-02 -2.0744883e-04	 2.80e-01 Skipping	 382	 1731	
13	 5.3669389e-01	 +1.9799193e-02 +7.7125670e-04	 3.37e-01 Skipping	 427	 1952	
14	 5.3421254e-01	 +1.9778762e-02 +5.8575927e-04	 4.88e-01 Skipping	 467	 2072	
15	 5.3224689e-01	 +1.7348474e-02 -6.3975938e-04	 2.05e-01 Skipping	 488	 2207	
16	 5.3089905e-01	 +1.5491087e-02 -7.1458925e-04	 3.90e-01 Skipping	 527	 2444	
17	 5.2997295e-01	 +1.5145446e-02 -9.5116968e-04	 4.75e-01 Skipping	 599	 2995	
18	 5.2865013e-01	 +1.3712732e-02 -1.1114849e-03	 4.14e-01 Skipping	 700	 3246	
19	 5.2748469e-01	 +1.3368621e-02 +5.5339954e-05	 2.60e-01 Skipping	 742	 3498	
20	 5.2662928e-01	 +1.0275613e-02 -1.4755731e-03	 6.55e-01 Skipping	 776	 3607	
21	 5.2557836e-01	 +9.9330529e-03 -1.7867070e-03	 5.32e-01 Skipping	 806	 3945	
22	 5.2455889e-01	 +1.2960990e-02 +8.7690360e-04	 5.57e-01 Skipping	 931	 4411	
23	 5.2319204e-01	 +1.0446787e-02 +1.3919952e-03	 8.68e-01 Skipping	 994	 4446	
24	 5.2265622e-01	 +7.2202989e-03 +7.8211567e-04	 4.12e-01 Skipping	 943	 4250	
25	 5.2195439e-01	 +5.9286392e-03 +1.4623418e-04	 4.73e-01 Skipping	 964	 4438	
26	 5.2135267e-01	 +5.4330017e-03 -1.1859797e-03	 6.48e-01 Skipping	 974	 4364	
27	 5.2064840e-01	 +5.1168613e-03 -7.0270469e-04	 4.08e-01 Skipping	 933	 4165	
28	 5.2017959e-01	 +8.4528795e-03 -1.0976021e-03	 5.60e-01 Skipping	 922	 4368	
29	 5.1949184e-01	 +8.6208013e-03 -8.0069237e-04	 3.93e-01 Skipping	 976	 4563	
30	 5.1887409e-01	 +5.2146295e-03 +1.4914596e-04	 6.31e-01 Skipping	 1003	 4568	
31	 5.1862121e-01	 +4.0824958e-03 -2.3326532e-03	 7.63e-01 Skipping	 1018	 4594	
32	 5.1776969e-01	 +3.5690292e-03 -2.9332774e-04	 5.63e-01 Skipping	 1031	 4611	
33	 5.1667031e-01	 +4.1015814e-03 -3.3138482e-03	 5.29e-01 Skipping	 1016	 4591	
34	 5.1565570e-01	 +3.2802719e-03 +8.3338821e-04	 5.40e-01 Skipping	 1000	 4525	
35	 5.1489447e-01	 +5.8032430e-03 -2.4644196e-04	 9.34e-01 Skipping	 1001	 4386	
36	 5.1471541e-01	 +2.9471709e-03 +1.0792153e-03	 1.58e+00 Skipping	 952	 4306	
37	 5.1410858e-01	 -1.8917341e-04 +1.1368355e-03	 7.05e-01 Skipping	 946	 4189	
38	 5.1294409e-01	 +2.8789024e-03 -1.6209020e-03	 2.90e-01 Skipping	 932	 4012	
39	 5.1225707e-01	 +3.3701802e-03 -1.0118328e-03	 1.36e+00 Skipping	 902	 4115	
40	 5.1139739e-01	 +1.3803512e-03 +9.1396726e-04	 7.99e-01 Skipping	 917	 4259	
41	 5.1085484e-01	 +3.8647060e-03 -1.3798583e-03	 3.28e-01 Skipping	 915	 3966	
42	 5.1015383e-01	 -2.2265047e-04 +1.6237578e-03	 3.98e-01 Skipping	 873	 3931	
43	 5.0909498e-01	 +2.6371157e-04 -2.9738120e-03	 4.14e-01 Skipping	 856	 3730	
44	 5.0868365e-01	 +1.4508828e-04 -7.9269652e-04	 6.04e-01 Skipping	 847	 3905	
45	 5.0786248e-01	 +3.4031408e-03 -4.4323175e-04	 4.13e-01 Skipping	 841	 3567	
46	 5.0725746e-01	 +1.7410766e-04 -3.0208435e-04	 1.13e+00 Skipping	 808	 3766	
47	 5.0646966e-01	 -1.0439791e-03 +1.9293104e-03	 2.22e+00 Skipping	 820	 3604	
48	 5.0627369e-01	 +1.5994099e-03 +5.4425239e-04	 7.71e-01 Skipping	 804	 3673	
49	 5.0549019e-01	 +2.2685440e-03 +6.2543028e-04	 5.34e-01 Skipping	 801	 3513	
50	 5.0535071e-01	 +1.4778040e-03 +1.3412047e-03	 1.04e+00 Skipping	 783	 3437	
51	 5.0535071e-01	 +1.4778040e-03 +1.3412047e-03	 4.02e-01 Rejected	 768	 3330	
52	 5.0535071e-01	 +1.4778040e-03 +1.3412047e-03	 1.83e-01 Rejected	 757	 3355	
53	 5.0446925e-01	 +2.5527547e-03 -3.0607938e-04	 5.21e-01 Accepted	 758	 3380	
54	 5.0341151e-01	 +2.9172804e-03 -1.0771328e-03	 6.55e-01 Accepted	 741	 3214	
55	 5.0245675e-01	 +9.2948887e-04 -1.1264973e-03	 3.73e-01 Accepted	 738	 3288	
56	 5.0156681e-01	 +1.8708545e-04 -3.5010369e-03	 6.94e-01 Accepted	 731	 3158	
57	 5.0156681e-01	 +1.8708545e-04 -3.5010369e-03	 3.98e-01 Rejected	 723	 3273	
58	 5.0099799e-01	 -2.5784818e-03 +1.6600183e-04	 3.83e-01 Accepted	 715	 3215	
59	 5.0099799e-01	 -2.5784818e-03 +1.6600183e-04	 4.07e-01 Rejected	 704	 3007	
60	 4.9999400e-01	 +1.7703998e-03 -8.4438113e-04	 6.05e-01 Accepted	 716	 3118	
# Starting_type: CheckpointStart
# Trajectory_length / Number_of_MD_steps: 1 / 7
# 	 Plaquette	 Polyakov_Loop(re,im)	 Acc._Probability	 runtime_per_traj(s)	 CG_iterations	
61	 4.9923820e-01	 +3.5295598e-03 +5.4166164e-04	 1.24e+00 Accepted	 730	 3212	
62	 4.9848620e-01	 -7.9823201e-04 +3.9612247e-04	 4.60e-01 Accepted	 716	 2991	
63	 4.9789597e-01	 +1.3663487e-03 +4.5909505e-04	 9.47e-01 Accepted	 671	 2866	
64	 4.9697949e-01	 -3.1676650e-04 +2.7014214e-04	 6.17e-01 Accepted	 668	 2899	
65	 4.9619057e-01	 +8.1210018e-04 +1.1662329e-03	 5.11e-01 Accepted	 658	 2809	
66	 4.9554153e-01	 +7.9705082e-04 -1.0824835e-03	 5.99e-01 Accepted	 646	 2795	
67	 4.9524705e-01	 +2.8852536e-03 +6.9757005e-04	 7.42e-01 Accepted	 641	 2758	
68	 4.9485796e-01	 -1.3256304e-03 +8.4216736e-04	 5.57e-01 Accepted	 647	 2806	
69	 4.9404428e-01	 -6.5747211e-04 -6.4764969e-06	 8.61e-01 Accepted	 628	 2664	
70	 4.9361180e-01	 -3.0982677e-03 -1.6958946e-03	 5.60e-01 Accepted	 626	 2760	
71	 4.9277402e-01	 +1.4046797e-04 -2.5938642e-03	 4.15e-01 Accepted	 643	 2682	
72	 4.9228058e-01	 +6.4558498e-04 -2.1673044e-04	 7.64e-01 Accepted	 627	 2699	
73	 4.9121708e-01	 +2.5535420e-03 -1.8451722e-03	 4.94e-01 Accepted	 624	 2717	
74	 4.9029828e-01	 -4.0535011e-04 +3.4288668e-04	 7.21e-01 Accepted	 622	 2610	
75	 4.8970956e-01	 -1.9353041e-03 -2.1046290e-04	 7.06e-01 Accepted	 615	 2727	
76	 4.8970956e-01	 -1.9353041e-03 -2.1046290e-04	 6.17e-01 Rejected	 618	 2523	
77	 4.8896319e-01	 -1.1620108e-04 -3.3120692e-05	 7.37e-01 Accepted	 601	 2467	
78	 4.8868215e-01	 -3.1814786e-03 -1.2153098e-04	 4.76e-01 Accepted	 568	 2443	
79	 4.8815585e-01	 +4.7322452e-04 -2.1549865e-03	 6.04e-01 Accepted	 576	 2407	
80	 4.8815585e-01	 +4.7322452e-04 -2.1549865e-03	 8.50e-01 Rejected	 565	 2412	
81	 4.8749526e-01	 -1.9410602e-03 +2.6651395e-04	 1.12e+00 Accepted	 570	 2412	
82	 4.8775688e-01	 +1.9502078e-03 +3.7690284e-03	 9.27e-01 Accepted	 563	 2371	
83	 4.8721495e-01	 +1.3858910e-03 +2.2440300e-03	 7.66e-01 Accepted	 552	 2327	
84	 4.8700555e-01	 -4.3131273e-03 -6.1845957e-04	 7.61e-01 Accepted	 546	 2279	
85	 4.8668091e-01	 -3.3252153e-04 +8.2850846e-04	 1.56e+00 Accepted	 542	 2295	
86	 4.8668091e-01	 -3.3252153e-04 +8.2850846e-04	 3.19e-01 Rejected	 550	 2274	
87	 4.8619796e-01	 -1.5962220e-03 +1.1403214e-03	 4.98e-01 Accepted	 556	 2416	
88	 4.8579808e-01	 -8.6452045e-04 +3.7764362e-03	 7.23e-01 Accepted	 567	 2364	
89	 4.8488303e-01	 +1.7700946e-03 -1.3557262e-03	 4.92e-01 Accepted	 551	 2242	
90	 4.8488303e-01	 +1.7700946e-03 -1.3557262e-03	 4.13e-01 Rejected	 528	 2249	
91	 4.8488303e-01	 +1.7700946e-03 -1.3557262e-03	 3.92e-01 Rejected	 527	 2201	
92	 4.8501700e-01	 -2.2734247e-03 +4.2551328e-04	 1.33e+00 Accepted	 538	 2307	
93	 4.8519043e-01	 -2.9465494e-03 -2.6674680e-03	 7.94e-01 Accepted	 555	 2424	
94	 4.8519043e-01	 -2.9465494e-03 -2.6674680e-03	 5.09e-01 Rejected	 551	 2241	
95	 4.8462143e-01	 +1.0758840e-03 -4.6474727e-04	 5.65e-01 Accepted	 542	 2218	
96	 4.8432954e-01	 +1.3178527e-03 +9.5782269e-04	 6.36e-01 Accepted	 532	 2221	
97	 4.8432954e-01	 +1.3178527e-03 +9.5782269e-04	 6.17e-01 Rejected	 526	 2235	
98	 4.8371342e-01	 -3.5025029e-03 +2.0352782e-03	 5.70e-01 Accepted	 531	 2272	
99	 4.8371342e-01	 -3.5025029e-03 +2.0352782e-03	 5.87e-01 Rejected	 529	 2228	
100	 4.8371342e-01	 -3.5025029e-03 +2.0352782e-03	 4.69e-01 Rejected	 531	 2206	
101	 4.8304851e-01	 +1.3882335e-04 -8.5445845e-04	 7.30e-01 Accepted	 530	 2168	
102	 4.8304851e-01	 +1.3882335e-04 -8.5445845e-04	 4.91e-01 Rejected	 505	 2126	
103	 4.8249300e-01	 -2.8249561e-04 -3.0822686e-03	 7.25e-01 Accepted	 509	 2104	
104	 4.8206271e-01	 +1.4138335e-03 -8.5317806e-06	 1.02e+00 Accepted	 501	 2081	
105	 4.8223113e-01	 -7.1271009e-04 +2.5658409e-03	 1.01e+00 Accepted	 500	 2139	
106	 4.8199813e-01	 +8.6147200e-04 +1.1416379e-03	 5.86e-01 Accepted	 501	 2070	
107	 4.8199813e-01	 +8.6147200e-04 +1.1416379e-03	 5.57e-01 Rejected	 497	 2102	
108	 4.8177734e-01	 +2.6703652e-03 +9.9147152e-04	 9.74e-01 Accepted	 501	 2135	
109	 4.8137442e-01	 +1.3076941e-03 +2.4970575e-03	 6.83e-01 Accepted	 502	 2134	
110	 4.8083142e-01	 -1.4084362e-03 +1.2904930e-03	 8.18e-01 Accepted	 512	 2167	
111	 4.8083142e-01	 -1.4084362e-03 +1.2904930e-03	 7.13e-01 Rejected	 508	 2099	
112	 4.8083142e-01	 -1.4084362e-03 +1.2904930e-03	 6.17e-01 Rejected	 508	 2088	
113	 4.8042125e-01	 +1.8033705e-03 -2.2404078e-03	 1.02e+00 Accepted	 507	 2038	
114	 4.8064928e-01	 +5.7698525e-04 +6.3228621e-04	 9.03e-01 Accepted	 491	 2084	
115	 4.8063387e-01	 +3.6923115e-03 +7.7400694e-04	 7.10e-01 Accepted	 487	 2005	
116	 4.8002739e-01	 -1.4141300e-04 -2.6696009e-04	 8.45e-01 Accepted	 485	 2020	
117	 4.7940197e-01	 +3.6206612e-05 -3.2344905e-03	 3.78e-01 Accepted	 492	 2057	
118	 4.7940197e-01	 +3.6206612e-05 -3.2344905e-03	 6.40e-01 Rejected	 485	 2046	
119	 4.7940197e-01	 +3.6206612e-05 -3.2344905e-03	 5.14e-01 Rejected	 484	 2022	
120	 4.7940197e-01	 +3.6206612e-05 -3.2344905e-03	 4.92e-01 Rejected	 489	 2031	
121	 4.7904735e-01	 +1.7710667e-03 -6.1831969e-04	 9.57e-01 Accepted	 481	 2001	
122	 4.7869440e-01	 -5.4804741e-04 +2.7934973e-03	 1.75e+00 Accepted	 484	 2052	
123	 4.7836146e-01	 +1.2870659e-03 +1.7035690e-03	 7.55e-01 Accepted	 485	 2028	
124	 4.7791156e-01	 -1.1764612e-03 +1.9870956e-03	 4.19e-01 Accepted	 488	 1959	
125	 4.7796428e-01	 -3.6838270e-03 +2.0637437e-04	 1.33e+00 Accepted	 466	 1955	
126	 4.7782093e-01	 +4.4266562e-03 +3.1691586e-04	 8.80e-01 Accepted	 467	 1930	
127	 4.7765548e-01	 +2.8453062e-03 -1.4677504e-03	 1.10e+00 Accepted	 468	 1983	
128	 4.7760974e-01	 +1.7445250e-03 +4.3394148e-04	 1.06e+00 Accepted	 464	 1908	
129	 4.7743590e-01	 +1.7807373e-03 +3.8111556e-04	 1.13e+00 Accepted	 465	 1913	
130	 4.7712043e-01	 -4.5519802e-04 -1.7312329e-03	 4.60e-01 Accepted	 460	 1893	
131	 4.7712043e-01	 -4.5519802e-04 -1.7312329e-03	 7.15e-01 Rejected	 456	 1877	
132	 4.7708635e-01	 +5.0719561e-04 -1.2665208e-03	 9.49e-01 Accepted	 454	 1903	
133	 4.7663409e-01	 -1.5798302e-03 +8.2062508e-04	 7.55e-01 Accepted	 457	 1876	
134	 4.7674652e-01	 -6.8132725e-04 -3.1507338e-03	 1.02e+00 Accepted	 456	 1955	
135	 4.7674652e-01	 -6.8132725e-04 -3.1507338e-03	 4.45e-01 Rejected	 467	 1900	
136	 4.7647541e-01	 -2.7405589e-05 +2.0850075e-03	 7.77e-01 Accepted	 464	 1905	
137	 4.7647541e-01	 -2.7405589e-05 +2.0850075e-03	 6.53e-01 Rejected	 454	 1875	
138	 4.7606884e-01	 +1.7090131e-03 +1.1460730e-03	 1.23e+00 Accepted	 460	 1991	
139	 4.7590151e-01	 -3.7636048e-03 +1.4534340e-03	 1.01e+00 Accepted	 470	 1897	
140	 4.7596101e-01	 -1.3061533e-03 +3.2791257e-04	 1.10e+00 Accepted	 458	 1920	
# Starting_type: CheckpointStart
# Trajectory_length / Number_of_MD_steps: 1 / 7
# 	 Plaquette	 Polyakov_Loop(re,im)	 Acc._Probability	 runtime_per_traj(s)	 CG_iterations	
141	 4.7596610e-01	 +2.0360639e-03 +1.7901453e-05	 9.50e-01 Accepted	 446	 1851	
142	 4.7604411e-01	 +2.6487207e-03 -2.0116616e-03	 2.16e+00 Accepted	 437	 1879	
143	 4.7614446e-01	 +2.2825628e-03 +1.6573828e-04	 1.13e+00 Accepted	 446	 1935	
144	 4.7589349e-01	 -6.7582017e-04 +1.5329895e-03	 5.52e-01 Accepted	 446	 1830	
145	 4.7589349e-01	 -6.7582017e-04 +1.5329895e-03	 5.15e-01 Rejected	 437	 1881	
146	 4.7589349e-01	 -6.7582017e-04 +1.5329895e-03	 6.78e-01 Rejected	 441	 1904	
147	 4.7584575e-01	 +1.9228204e-03 -6.5752599e-04	 1.59e+00 Accepted	 438	 1838	
148	 4.7587292e-01	 +3.6115172e-03 +4.0072879e-04	 1.16e+00 Accepted	 438	 1876	
149	 4.7587292e-01	 +3.6115172e-03 +4.0072879e-04	 6.43e-01 Rejected	 445	 1927	
150	 4.7637007e-01	 +9.1204549e-04 +1.4388712e-03	 1.11e+00 Accepted	 443	 1894	
151	 4.7661083e-01	 +1.4873144e-04 +2.6841461e-04	 8.33e-01 Accepted	 447	 1896	
152	 4.7623252e-01	 +4.9852671e-04 -2.6070720e-03	 7.55e-01 Accepted	 445	 1958	
153	 4.7660081e-01	 +2.8790091e-03 -1.2861141e-03	 1.20e+00 Accepted	 452	 1893	
154	 4.7650493e-01	 +1.7275343e-03 -5.1995505e-04	 1.03e+00 Accepted	 443	 1911	
155	 4.7661217e-01	 +1.0687968e-03 +1.5179419e-03	 1.45e+00 Accepted	 442	 1909	
156	 4.7657159e-01	 -2.6313710e-03 +6.1432178e-04	 8.54e-01 Accepted	 453	 1945	
157	 4.7635843e-01	 -2.4432201e-04 -2.1707866e-04	 8.02e-01 Accepted	 456	 1938	
158	 4.7638233e-01	 +9.9356710e-04 +3.1629107e-04	 1.43e+00 Accepted	 449	 1918	
159	 4.7619062e-01	 +1.1128201e-03 -3.0028777e-04	 5.02e-01 Accepted	 443	 1873	
160	 4.7582775e-01	 +2.4033415e-04 +2.0842509e-03	 4.24e-01 Accepted	 435	 1851	
161	 4.7588269e-01	 +1.0297076e-03 -1.0990559e-04	 1.82e+00 Accepted	 440	 1914	
162	 4.7604834e-01	 -1.6584037e-03 -3.6096256e-04	 1.17e+00 Accepted	 448	 1934	
163	 4.7606915e-01	 -1.3305890e-03 -5.9534716e-04	 1.08e+00 Accepted	 446	 1884	
164	 4.7629205e-01	 -8.2268315e-04 +1.2971633e-03	 1.18e+00 Accepted	 443	 1867	
165	 4.7680792e-01	 -2.5737250e-03 +2.3105256e-03	 1.52e+00 Accepted	 436	 1862	
166	 4.7656315e-01	 +3.5365652e-04 -1.6352753e-03	 1.08e+00 Accepted	 440	 1837	
167	 4.7646572e-01	 +5.9806189e-04 +4.6701615e-04	 6.42e-01 Accepted	 438	 1883	
168	 4.7640280e-01	 -8.1090037e-04 -2.0270291e-03	 1.03e+00 Accepted	 441	 1866	
169	 4.7666903e-01	 +3.7683041e-04 -3.7708810e-04	 1.46e+00 Accepted	 444	 1960	
170	 4.7659166e-01	 +5.5595456e-04 +3.9581080e-04	 1.29e+00 Accepted	 453	 1935	
171	 4.7678841e-01	 +8.8897532e-04 -1.0928712e-03	 1.29e+00 Accepted	 455	 1915	
172	 4.7677894e-01	 +3.8732366e-04 -1.0431920e-03	 1.75e+00 Accepted	 455	 1966	
173	 4.7677894e-01	 +3.8732366e-04 -1.0431920e-03	 6.05e-01 Rejected	 458	 1907	
174	 4.7632936e-01	 +2.4886627e-04 -2.4821786e-04	 1.08e+00 Accepted	 463	 1969	
175	 4.7630418e-01	 -2.1743872e-04 -2.7291042e-04	 1.13e+00 Accepted	 450	 1908	
176	 4.7666059e-01	 -1.5191450e-03 -1.2293642e-03	 1.69e+00 Accepted	 449	 1897	
177	 4.7666059e-01	 -1.5191450e-03 -1.2293642e-03	 7.29e-01 Rejected	 445	 1901	
178	 4.7596177e-01	 -2.7344106e-03 +6.6034874e-04	 6.90e-01 Accepted	 448	 1918	
179	 4.7596177e-01	 -2.7344106e-03 +6.6034874e-04	 4.51e-01 Rejected	 454	 1872	
180	 4.7627976e-01	 +1.6552865e-03 +1.8502793e-03	 1.12e+00 Accepted	 451	 1902	
181	 4.7624549e-01	 +9.4203519e-04 +1.9506628e-03	 9.30e-01 Accepted	 444	 1881	
182	 4.7630214e-01	 +6.9336537e-04 +3.5593214e-04	 1.01e+00 Accepted	 442	 1881	
183	 4.7668259e-01	 -4.6779208e-04 -1.2660262e-04	 1.07e+00 Accepted	 447	 1906	
184	 4.7668259e-01	 -4.6779208e-04 -1.2660262e-04	 2.77e-01 Rejected	 444	 1888	
185	 4.7663855e-01	 +2.3595316e-04 +7.0739750e-05	 8.34e-01 Accepted	 451	 1959	
186	 4.7622500e-01	 -3.2813429e-05 -6.7145048e-04	 1.14e+00 Accepted	 461	 1986	
187	 4.7589937e-01	 +7.9172520e-04 +1.4241453e-03	 9.72e-01 Accepted	 451	 1857	
188	 4.7605143e-01	 -2.2582794e-03 +8.2056269e-04	 1.96e+00 Accepted	 438	 1872	
189	 4.7588471e-01	 +1.5809450e-03 -2.9882461e-03	 9.59e-01 Accepted	 446	 1972	
190	 4.7577916e-01	 +3.1804279e-03 -2.1294590e-04	 7.15e-01 Accepted	 441	 1833	
191	 4.7577916e-01	 +3.1804279e-03 -2.1294590e-04	 8.02e-01 Rejected	 435	 1897	
192	 4.7623728e-01	 -3.5424509e-04 +2.5158385e-03	 1.13e+00 Accepted	 435	 1895	
193	 4.7608792e-01	 -1.3761565e-03 -1.8205532e-03	 7.89e-01 Accepted	 437	 1803	
194	 4.7577017e-01	 -1.0764998e-03 +8.9781124e-04	 7.70e-01 Accepted	 435	 1877	
195	 4.7577017e-01	 -1.0764998e-03 +8.9781124e-04	 7.77e-01 Rejected	 437	 1842	
196	 4.7540905e-01	 -3.0580454e-03 +8.3622849e-04	 8.90e-01 Accepted	 439	 1834	
197	 4.7536233e-01	 +1.1705123e-03 +1.9207998e-03	 9.46e-01 Accepted	 435	 1868	
198	 4.7554923e-01	 +1.1473950e-03 -1.0860831e-03	 2.11e+00 Accepted	 444	 1906	
199	 4.7554517e-01	 -7.1426553e-04 -6.9360231e-04	 8.71e-01 Accepted	 447	 1880	
200	 4.7577813e-01	 +1.0228775e-03 +2.0195180e-04	 9.64e-01 Accepted	 441	 1868	
201	 4.7525279e-01	 +1.0013785e-03 +1.5043377e-03	 9.83e-01 Accepted	 436	 1850	
202	 4.7473965e-01	 +5.3766577e-04 +2.0220757e-03	 1.21e+00 Accepted	 437	 1858	
203	 4.7513265e-01	 +1.0150426e-03 +3.0604901e-03	 5.85e-01 Accepted	 437	 1854	
204	 4.7464769e-01	 -2.6927419e-04 -2.5652749e-04	 1.11e+00 Accepted	 432	 1860	
205	 4.7501812e-01	 +2.0991802e-03 -2.9754401e-03	 1.74e+00 Accepted	 435	 1907	
206	 4.7475819e-01	 +4.7112715e-04 -1.3489558e-03	 1.22e+00 Accepted	 447	 1866	
207	 4.7475819e-01	 +4.7112715e-04 -1.3489558e-03	 8.49e-01 Rejected	 436	 1821	
208	 4.7487081e-01	 +2.0758814e-03 +6.5620536e-04	 8.42e-01 Accepted	 437	 1836	
209	 4.7505994e-01	 -8.7282364e-04 +6.8841946e-04	 2.39e+00 Accepted	 431	 1797	
210	 4.7529982e-01	 +1.1700932e-03 +2.3375148e-03	 1.58e+00 Accepted	 431	 1803	
211	 4.7496809e-01	 -2.9963785e-04 -2.1405701e-03	 1.02e+00 Accepted	 429	 1794	
212	 4.7511900e-01	 +1.7087086e-03 +2.7910969e-04	 9.51e-01 Accepted	 428	 1842	
213	 4.7515770e-01	 -1.3766616e-03 +1.1447543e-03	 1.08e+00 Accepted	 427	 1814	
214	 4.7489378e-01	 +1.0685309e-03 +3.8442864e-03	 9.60e-01 Accepted	 426	 1811	
215	 4.7509353e-01	 -4.8692827e-04 +1.8463669e-03	 1.18e+00 Accepted	 427	 1814	
216	 4.7509353e-01	 -4.8692827e-04 +1.8463669e-03	 4.68e-01 Rejected	 431	 1817	
217	 4.7555886e-01	 +3.7232915e-03 -3.6213838e-04	 9.69e-01 Accepted	 434	 1827	
218	 4.7555886e-01	 +3.7232915e-03 -3.6213838e-04	 6.97e-01 Rejected	 434	 1820	
219	 4.7564779e-01	 -2.3280272e-03 +1.4961847e-03	 1.35e+00 Accepted	 436	 1841	
220	 4.7522032e-01	 +3.4998495e-04 -7.7574897e-04	 4.92e-01 Accepted	 440	 1837	
221	 4.7535601e-01	 +1.2231137e-03 +7.8875028e-04	 9.87e-01 Accepted	 430	 1800	
222	 4.7528987e-01	 -5.1844483e-04 +4.3393928e-05	 1.19e+00 Accepted	 431	 1834	
223	 4.7543452e-01	 +8.8358682e-04 -9.3329367e-04	 7.89e-01 Accepted	 433	 1838	
224	 4.7526044e-01	 +4.2232901e-05 +4.8913318e-04	 1.07e+00 Accepted	 433	 1838	
225	 4.7500887e-01	 -1.2766609e-04 +4.3813707e-05	 9.54e-01 Accepted	 436	 1839	
226	 4.7465245e-01	 +4.2737170e-03 +2.4967149e-03	 8.48e-01 Accepted	 433	 1865	
227	 4.7469529e-01	 +1.9365510e-03 +9.4662300e-04	 1.70e+00 Accepted	 436	 1774	
228	 4.7462439e-01	 -1.9178049e-03 -2.3296527e-04	 9.25e-01 Accepted	 432	 1825	
229	 4.7432768e-01	 +4.0900369e-04 -1.7377407e-03	 6.79e-01 Accepted	 429	 1815	
230	 4.7398750e-01	 +3.8224597e-04 -7.2938068e-04	 9.59e-01 Accepted	 430	 1804	
231	 4.7409880e-01	 +2.3075574e-03 -8.1640710e-04	 9.08e-01 Accepted	 428	 1800	
232	 4.7397546e-01	 -4.1295132e-04 +8.6503419e-04	 7.95e-01 Accepted	 427	 1787	
233	 4.7401958e-01	 +2.5294123e-04 -7.3696453e-04	 8.26e-01 Accepted	 424	 1773	
234	 4.7424801e-01	 +5.0985847e-04 +1.8265424e-04	 1.01e+00 Accepted	 422	 1776	
235	 4.7470447e-01	 +4.2228429e-03 +4.5536383e-04	 1.80e+00 Accepted	 425	 1869	
236	 4.7437435e-01	 +5.4362870e-04 -7.6657589e-04	 9.12e-01 Accepted	 440	 1853	
237	 4.7453407e-01	 -3.9838528e-03 -1.5501987e-04	 1.07e+00 Accepted	 432	 1812	
238	 4.7433494e-01	 -4.7044041e-03 -8.9188779e-04	 9.23e-01 Accepted	 434	 1793	
# Starting_type: CheckpointStart
# Trajectory_length / Number_of_MD_steps: 1 / 7
# 	 Plaquette	 Polyakov_Loop(re,im)	 Acc._Probability	 runtime_per_traj(s)	 CG_iterations	
239	 4.7425006e-01	 -7.0881278e-04 -1.7792617e-03	 9.42e-01 Accepted	 443	 1888	
240	 4.7400150e-01	 +6.5549304e-04 +2.0996522e-03	 1.34e+00 Accepted	 429	 1776	
241	 4.7450957e-01	 -2.4652523e-03 -2.4845933e-03	 7.83e-01 Accepted	 425	 1803	
242	 4.7436492e-01	 -9.1418447e-04 -1.6492615e-03	 1.44e+00 Accepted	 429	 1841	
243	 4.7433792e-01	 +2.2588827e-03 -2.5508009e-03	 1.24e+00 Accepted	 431	 1810	
244	 4.7418993e-01	 +1.7049179e-03 -3.2656359e-04	 7.59e-01 Accepted	 430	 1821	
245	 4.7460436e-01	 +3.6344156e-03 -8.2233982e-04	 1.54e+00 Accepted	 430	 1797	
246	 4.7478750e-01	 +1.5133337e-03 -2.5323622e-04	 9.16e-01 Accepted	 427	 1831	
247	 4.7491067e-01	 +2.7140631e-03 -7.1402171e-04	 1.31e+00 Accepted	 432	 1796	
248	 4.7484079e-01	 +2.1229928e-03 -2.5531826e-03	 9.89e-01 Accepted	 427	 1810	
249	 4.7484079e-01	 +2.1229928e-03 -2.5531826e-03	 4.75e-01 Rejected	 428	 1829	
250	 4.7511097e-01	 +1.0610326e-03 +4.2531452e-03	 9.04e-01 Accepted	 429	 1811	
251	 4.7511097e-01	 +1.0610326e-03 +4.2531452e-03	 3.47e-01 Rejected	 429	 1797	
252	 4.7515549e-01	 +2.0746091e-04 -1.2847912e-03	 7.21e-01 Accepted	 437	 1861	
253	 4.7515549e-01	 +2.0746091e-04 -1.2847912e-03	 7.10e-01 Rejected	 440	 1894	
254	 4.7478718e-01	 +9.8055142e-04 -9.3951103e-04	 7.75e-01 Accepted	 436	 1860	
255	 4.7498886e-01	 +1.4572594e-04 -5.6368005e-04	 1.10e+00 Accepted	 435	 1817	
256	 4.7495964e-01	 -5.1289878e-04 +4.1447570e-04	 1.16e+00 Accepted	 430	 1827	
257	 4.7480690e-01	 +2.4027486e-04 -7.8472545e-04	 1.74e+00 Accepted	 430	 1863	
258	 4.7503456e-01	 -2.2432590e-04 +6.9946279e-04	 7.23e-01 Accepted	 436	 1797	
259	 4.7439561e-01	 +2.5327368e-04 -1.3055826e-03	 6.06e-01 Accepted	 427	 1847	
260	 4.7486450e-01	 -3.7415745e-04 -2.2396858e-04	 1.67e+00 Accepted	 435	 1819	
261	 4.7493836e-01	 -1.6763397e-05 -2.0974750e-03	 1.27e+00 Accepted	 429	 1830	
262	 4.7478187e-01	 +1.7519635e-03 +4.2452005e-03	 9.25e-01 Accepted	 434	 1872	
263	 4.7448437e-01	 -4.7809483e-03 -3.9139697e-04	 9.87e-01 Accepted	 430	 1811	
264	 4.7426121e-01	 -6.0461886e-04 +8.0281197e-04	 7.43e-01 Accepted	 427	 1804	
265	 4.7423797e-01	 -8.6436616e-04 +1.7556352e-04	 9.73e-01 Accepted	 427	 1838	
266	 4.7423797e-01	 -8.6436616e-04 +1.7556352e-04	 9.44e-01 Rejected	 432	 1796	
267	 4.7423797e-01	 -8.6436616e-04 +1.7556352e-04	 4.86e-01 Rejected	 432	 1830	
268	 4.7403174e-01	 +2.1660661e-05 -3.7259333e-04	 9.70e-01 Accepted	 428	 1774	
269	 4.7383629e-01	 -4.4442373e-03 +2.5125476e-03	 6.65e-01 Accepted	 425	 1815	
270	 4.7311169e-01	 -6.7363316e-04 +1.5658043e-03	 7.86e-01 Accepted	 422	 1758	
271	 4.7320033e-01	 -2.5687449e-04 -1.8597155e-03	 1.46e+00 Accepted	 422	 1804	
272	 4.7324910e-01	 +5.2379480e-04 -8.6349227e-04	 6.57e-01 Accepted	 428	 1778	
273	 4.7335719e-01	 +2.4976196e-03 +4.0016017e-04	 1.34e+00 Accepted	 428	 1776	
274	 4.7308118e-01	 +8.8809710e-04 +8.6952819e-04	 8.31e-01 Accepted	 425	 1825	
275	 4.7341787e-01	 -8.0571268e-04 +1.3118070e-03	 1.13e+00 Accepted	 428	 1797	
276	 4.7330511e-01	 +2.3407814e-03 -2.6736454e-03	 7.99e-01 Accepted	 425	 1768	
277	 4.7324604e-01	 -2.7037709e-03 +1.7394156e-03	 1.24e+00 Accepted	 419	 1777	
278	 4.7366499e-01	 +4.1661340e-05 -1.5210272e-03	 8.65e-01 Accepted	 419	 1856	
279	 4.7377668e-01	 -1.9183075e-03 -1.1416349e-04	 7.94e-01 Accepted	 437	 1881	
280	 4.7362100e-01	 +1.4628360e-03 -1.9717137e-04	 7.70e-01 Accepted	 440	 1828	
281	 4.7418933e-01	 +1.6503021e-03 +2.6137228e-03	 1.96e+00 Accepted	 436	 1830	
282	 4.7418933e-01	 +1.6503021e-03 +2.6137228e-03	 7.16e-01 Rejected	 435	 1812	
283	 4.7440493e-01	 -6.3679929e-04 -1.2188707e-04	 9.34e-01 Accepted	 439	 1845	
284	 4.7446934e-01	 +1.0850360e-03 -1.6134069e-03	 9.25e-01 Accepted	 434	 1772	
285	 4.7459726e-01	 -3.9045326e-04 +4.4091392e-05	 1.39e+00 Accepted	 423	 1847	
286	 4.7426039e-01	 -2.5123490e-03 +1.6132228e-04	 1.42e+00 Accepted	 433	 1792	
287	 4.7468385e-01	 -3.2541112e-04 -3.4860665e-03	 1.47e+00 Accepted	 428	 1827	
288	 4.7468385e-01	 -3.2541112e-04 -3.4860665e-03	 5.74e-01 Rejected	 434	 1870	
289	 4.7430263e-01	 -1.7331311e-03 -2.3286604e-04	 1.72e+00 Accepted	 434	 1853	
290	 4.7404879e-01	 -1.7569084e-03 +8.0456042e-05	 1.54e+00 Accepted	 437	 1811	
291	 4.7388443e-01	 +1.8957490e-03 -2.1659312e-03	 8.09e-01 Accepted	 423	 1784	
292	 4.7386857e-01	 +4.4227698e-04 +1.7129875e-03	 8.21e-01 Accepted	 421	 1787	
293	 4.7406760e-01	 +2.8574296e-03 +1.2545228e-03	 8.84e-01 Accepted	 424	 1757	
294	 4.7391255e-01	 -1.0531392e-03 +1.6489254e-03	 1.25e+00 Accepted	 423	 1768	
295	 4.7418371e-01	 +8.9607156e-05 -1.6047052e-03	 9.91e-01 Accepted	 423	 1821	
296	 4.7409965e-01	 -1.8033445e-03 -9.1253853e-04	 7.99e-01 Accepted	 428	 1768	
297	 4.7421658e-01	 +4.6209166e-04 -1.8930607e-04	 8.28e-01 Accepted	 426	 1807	
298	 4.7400425e-01	 -1.1352017e-03 -3.7931457e-05	 9.45e-01 Accepted	 429	 1792	
299	 4.7374708e-01	 +2.4559696e-03 -1.7361794e-03	 9.17e-01 Accepted	 422	 1781	
300	 4.7347195e-01	 +2.0816572e-03 -1.1983546e-03	 1.33e+00 Accepted	 427	 1840	
301	 4.7390922e-01	 -8.0351086e-04 +1.6108318e-03	 9.67e-01 Accepted	 428	 1779	
302	 4.7369643e-01	 +3.0138704e-03 -2.2514553e-04	 6.45e-01 Accepted	 421	 1811	
303	 4.7398384e-01	 +1.6556898e-03 -1.0221092e-04	 1.41e+00 Accepted	 431	 1800	
304	 4.7427128e-01	 +9.5087491e-04 -2.1716514e-03	 8.39e-01 Accepted	 431	 1814	
305	 4.7410226e-01	 +4.8511693e-06 +1.3719802e-03	 1.37e+00 Accepted	 433	 1892	
306	 4.7446258e-01	 -2.9262194e-04 +1.6725641e-03	 1.61e+00 Accepted	 443	 1850	
307	 4.7513941e-01	 +1.8928896e-04 +1.1142585e-03	 2.17e+00 Accepted	 439	 1888	
308	 4.7538080e-01	 +2.6492142e-03 +8.8966294e-04	 1.14e+00 Accepted	 447	 1874	
309	 4.7513746e-01	 +4.9138708e-04 -2.0601177e-03	 9.72e-01 Accepted	 437	 1850	
310	 4.7530245e-01	 +1.2063099e-03 -2.4531032e-03	 9.18e-01 Accepted	 441	 1851	
311	 4.7518124e-01	 -7.2875610e-04 +5.5099563e-05	 2.07e+00 Accepted	 436	 1895	
312	 4.7518124e-01	 -7.2875610e-04 +5.5099563e-05	 8.89e-01 Rejected	 446	 1898	
313	 4.7520790e-01	 +2.9077289e-04 +1.0247978e-03	 1.22e+00 Accepted	 439	 1877	
314	 4.7520790e-01	 +2.9077289e-04 +1.0247978e-03	 5.07e-01 Rejected	 438	 1798	
315	 4.7515727e-01	 +1.4589571e-03 -9.3678864e-04	 1.28e+00 Accepted	 438	 1821	
316	 4.7515165e-01	 +5.9659860e-04 -1.2019643e-03	 9.00e-01 Accepted	 435	 1886	
317	 4.7544435e-01	 -2.1485978e-03 -4.9664191e-04	 1.17e+00 Accepted	 439	 1813	
318	 4.7515631e-01	 -3.1829495e-04 +5.1485320e-04	 1.31e+00 Accepted	 432	 1850	
319	 4.7500118e-01	 +1.5455617e-03 +1.7933035e-03	 8.53e-01 Accepted	 437	 1841	
320	 4.7483078e-01	 -1.6560643e-03 +1.0759598e-04	 1.09e+00 Accepted	 435	 1841	
321	 4.7507102e-01	 +1.8209196e-03 +1.0357148e-03	 9.19e-01 Accepted	 440	 1857	
322	 4.7507102e-01	 +1.8209196e-03 +1.0357148e-03	 5.74e-01 Rejected	 436	 1847	
323	 4.7507102e-01	 +1.8209196e-03 +1.0357148e-03	 5.39e-01 Rejected	 440	 1860	
324	 4.7496444e-01	 -8.5304632e-04 +3.3366608e-03	 7.92e-01 Accepted	 434	 1819	
325	 4.7496444e-01	 -8.5304632e-04 +3.3366608e-03	 9.36e-01 Rejected	 435	 1814	
326	 4.7438475e-01	 -2.1076455e-03 +3.0073768e-03	 6.91e-01 Accepted	 435	 1839	
327	 4.7442941e-01	 +8.1862401e-04 -1.9522986e-03	 1.35e+00 Accepted	 436	 1849	
328	 4.7457058e-01	 +3.2924096e-04 +4.8519657e-04	 1.22e+00 Accepted	 437	 1864	
329	 4.7473085e-01	 +2.1131068e-03 +2.0110497e-03	 1.15e+00 Accepted	 440	 1834	
330	 4.7519021e-01	 -2.0551807e-03 -6.8939382e-04	 1.03e+00 Accepted	 438	 1874	
331	 4.7516764e-01	 -8.6912321e-04 +3.2947957e-04	 8.46e-01 Accepted	 439	 1890	
332	 4.7546581e-01	 +2.1146727e-03 -1.2377822e-03	 1.04e+00 Accepted	 443	 1823	
333	 4.7557606e-01	 -2.4483604e-03 -6.1925987e-04	 1.05e+00 Accepted	 433	 1874	
334	 4.7580075e-01	 +2.2754718e-03 +3.8808729e-03	 5.37e-01 Accepted	 439	 1878	
335	 4.7580075e-01	 +2.2754718e-03 +3.8808729e-03	 5.26e-01 Rejected	 444	 1923	
336	 4.7616623e-01	 -1.6706637e-05 +1.3138401e-03	 1.25e+00 Accepted	 444	 1843	
337	 4.7617420e-01	 +3.5089289e-04 -6.5505274e-04	 8.37e-01 Accepted	 441	 1882	
# Starting_type: CheckpointStart
# Trajectory_length / Number_of_MD_steps: 1 / 7
# 	 Plaquette	 Polyakov_Loop(re,im)	 Acc._Probability	 runtime_per_traj(s)	 CG_iterations	
337	 4.7617420e-01	 +3.5089289e-04 -6.5505274e-04	 8.37e-01 Accepted	 451	 1882	
338	 4.7608507e-01	 +8.3694308e-04 +1.1784899e-03	 1.33e+00 Accepted	 438	 1886	
339	 4.7604026e-01	 -1.1666577e-05 +5.6731672e-04	 9.66e-01 Accepted	 439	 1848	
340	 4.7558310e-01	 +4.6782238e-04 +1.7098718e-04	 1.08e+00 Accepted	 444	 1885	
341	 4.7552070e-01	 +2.0181745e-03 -9.5743894e-04	 8.10e-01 Accepted	 438	 1840	
342	 4.7557012e-01	 +2.4558470e-03 -2.5495515e-03	 1.14e+00 Accepted	 431	 1834	
343	 4.7542320e-01	 -2.0941994e-03 -7.8041871e-04	 1.01e+00 Accepted	 433	 1861	
344	 4.7550193e-01	 -1.0136227e-03 +1.4246162e-03	 7.45e-01 Accepted	 439	 1878	
345	 4.7520205e-01	 -5.7618171e-04 +2.0743158e-04	 6.44e-01 Accepted	 439	 1822	
346	 4.7515289e-01	 -3.1839790e-03 -4.1272623e-04	 6.77e-01 Accepted	 428	 1842	
347	 4.7492694e-01	 -1.1377764e-03 -7.9792970e-04	 1.54e+00 Accepted	 431	 1837	
348	 4.7492813e-01	 -5.7734285e-04 -1.0226268e-04	 1.15e+00 Accepted	 435	 1838	
349	 4.7476110e-01	 +8.0467153e-04 -1.2205386e-03	 2.04e+00 Accepted	 432	 1846	
350	 4.7510178e-01	 +7.2629199e-05 -4.9443758e-04	 1.40e+00 Accepted	 439	 1888	
351	 4.7562799e-01	 +2.1388921e-03 -6.4831829e-04	 1.36e+00 Accepted	 449	 1852	
352	 4.7593870e-01	 -7.8089433e-05 -2.7986153e-04	 1.89e+00 Accepted	 434	 1871	
353	 4.7571829e-01	 +9.9274689e-04 -3.1436151e-04	 1.07e+00 Accepted	 435	 1853	
354	 4.7599815e-01	 +2.3598638e-04 +1.8989663e-03	 2.05e+00 Accepted	 440	 1903	
355	 4.7599815e-01	 +2.3598638e-04 +1.8989663e-03	 6.76e-01 Rejected	 446	 1880	
356	 4.7607235e-01	 +3.1060271e-03 -1.7979043e-03	 8.25e-01 Accepted	 439	 1830	
357	 4.7554267e-01	 +3.6764395e-03 -3.9510052e-05	 7.91e-01 Accepted	 435	 1840	
358	 4.7509968e-01	 +1.4944452e-03 +1.4806666e-03	 5.69e-01 Accepted	 438	 1877	
359	 4.7489896e-01	 -1.7075913e-03 -1.1607132e-03	 8.37e-01 Accepted	 438	 1806	
360	 4.7432189e-01	 +2.2548638e-04 -4.3243042e-03	 7.10e-01 Accepted	 431	 1808	
361	 4.7456543e-01	 -6.0075029e-04 -4.5522631e-03	 7.99e-01 Accepted	 434	 1847	
362	 4.7484387e-01	 +3.0073839e-04 +1.3725006e-04	 7.41e-01 Accepted	 434	 1862	
363	 4.7533281e-01	 -6.3791673e-04 +4.2746969e-04	 1.81e+00 Accepted	 438	 1895	
364	 4.7533847e-01	 -1.1471630e-03 +8.6806816e-04	 1.08e+00 Accepted	 438	 1829	
365	 4.7505333e-01	 -1.2194307e-03 -2.8844998e-03	 9.98e-01 Accepted	 434	 1867	
366	 4.7489542e-01	 -3.5263528e-03 +2.0187614e-03	 1.06e+00 Accepted	 439	 1818	
367	 4.7489542e-01	 -3.5263528e-03 +2.0187614e-03	 5.54e-01 Rejected	 437	 1874	
368	 4.7507669e-01	 +2.7000846e-03 -3.1463210e-03	 9.79e-01 Accepted	 430	 1813	
369	 4.7467430e-01	 -1.8038266e-03 +7.3263343e-04	 7.27e-01 Accepted	 432	 1808	
370	 4.7466760e-01	 +2.4971554e-03 +5.7238923e-04	 9.48e-01 Accepted	 433	 1865	
371	 4.7487709e-01	 -9.5997092e-04 -3.7833195e-04	 1.13e+00 Accepted	 440	 1842	
372	 4.7490061e-01	 -5.5275338e-04 +7.1646195e-04	 1.05e+00 Accepted	 433	 1824	
373	 4.7445579e-01	 -1.8681484e-03 +6.4565461e-04	 5.40e-01 Accepted	 430	 1810	
374	 4.7438812e-01	 +1.5379789e-03 -1.4890739e-03	 1.18e+00 Accepted	 428	 1814	
375	 4.7412714e-01	 -4.5906880e-04 +4.5530846e-04	 3.88e-01 Accepted	 422	 1730	
376	 4.7389048e-01	 +2.4208681e-03 -3.1671484e-04	 5.88e-01 Accepted	 424	 1852	
377	 4.7405283e-01	 +2.0691961e-03 -1.5435275e-03	 1.23e+00 Accepted	 432	 1786	
378	 4.7405745e-01	 +4.6723300e-04 -3.3654125e-04	 9.49e-01 Accepted	 428	 1822	
379	 4.7405745e-01	 +4.6723300e-04 -3.3654125e-04	 8.15e-01 Rejected	 428	 1796	
380	 4.7403795e-01	 +3.9511707e-03 -3.7650710e-04	 8.16e-01 Accepted	 432	 1775	
381	 4.7437916e-01	 +3.7231233e-04 +1.2089215e-04	 1.28e+00 Accepted	 427	 1807	
382	 4.7437916e-01	 +3.7231233e-04 +1.2089215e-04	 3.24e-01 Rejected	 427	 1801	
383	 4.7415045e-01	 +2.3909733e-04 -1.4971229e-03	 1.17e+00 Accepted	 427	 1843	
384	 4.7432338e-01	 -1.7873395e-03 -8.0854988e-04	 1.15e+00 Accepted	 436	 1834	
385	 4.7449096e-01	 -1.5148467e-03 -5.7511114e-04	 1.19e+00 Accepted	 433	 1838	
386	 4.7449861e-01	 +1.3183923e-03 +5.4368912e-04	 6.98e-01 Accepted	 434	 1801	
387	 4.7469778e-01	 +1.6501481e-03 +2.9558377e-03	 5.36e-01 Accepted	 429	 1816	
388	 4.7454725e-01	 -3.2258187e-03 -7.4297226e-04	 1.08e+00 Accepted	 431	 1826	
389	 4.7482640e-01	 -1.6404260e-04 +2.5687960e-04	 1.15e+00 Accepted	 434	 1827	
390	 4.7483837e-01	 -7.3534502e-04 -1.9588216e-04	 8.83e-01 Accepted	 435	 1864	
391	 4.7460580e-01	 +8.0705886e-04 -2.7582447e-04	 6.48e-01 Accepted	 434	 1845	
392	 4.7479753e-01	 +8.3511140e-04 -2.3600920e-03	 8.77e-01 Accepted	 439	 1879	
393	 4.7513161e-01	 +1.2028532e-03 -1.1196442e-03	 1.74e+00 Accepted	 440	 1874	
394	 4.7461076e-01	 +8.8587891e-04 -1.2555841e-03	 7.73e-01 Accepted	 435	 1817	
395	 4.7499973e-01	 -1.0569238e-03 -6.4969249e-04	 1.51e+00 Accepted	 433	 1828	
396	 4.7476312e-01	 -7.9281042e-04 -1.3166624e-03	 5.07e-01 Accepted	 432	 1840	
397	 4.7531157e-01	 -9.6842875e-04 +1.3248042e-03	 1.23e+00 Accepted	 427	 1809	
398	 4.7516461e-01	 +1.5291631e-03 +2.0034148e-03	 1.07e+00 Accepted	 436	 1876	
399	 4.7541986e-01	 +1.1851071e-04 -3.9013635e-04	 1.14e+00 Accepted	 446	 1908	
400	 4.7550597e-01	 +2.5718324e-04 +1.5912450e-03	 8.83e-01 Accepted	 444	 1896	
401	 4.7550597e-01	 +2.5718324e-04 +1.5912450e-03	 6.53e-01 Rejected	 440	 1841	
402	 4.7550597e-01	 +2.5718324e-04 +1.5912450e-03	 7.53e-01 Rejected	 443	 1843	
403	 4.7550597e-01	 +2.5718324e-04 +1.5912450e-03	 6.08e-01 Rejected	 443	 1830	
404	 4.7547287e-01	 +4.3061052e-04 +9.6612094e-04	 1.04e+00 Accepted	 445	 1905	
405	 4.7511206e-01	 +2.9440310e-04 +1.3772561e-03	 1.16e+00 Accepted	 443	 1840	
406	 4.7511464e-01	 +4.5526475e-04 -2.2198850e-04	 7.52e-01 Accepted	 444	 2000	
407	 4.7556597e-01	 +4.0761611e-04 +1.0602311e-03	 1.30e+00 Accepted	 458	 1893	
408	 4.7493884e-01	 +1.3396305e-03 +4.2074383e-04	 6.48e-01 Accepted	 447	 1930	
409	 4.7493884e-01	 +1.3396305e-03 +4.2074383e-04	 8.57e-01 Rejected	 449	 1911	
410	 4.7426275e-01	 +2.5740951e-03 +2.4710366e-03	 7.39e-01 Accepted	 440	 1787	
411	 4.7465738e-01	 +9.2057283e-04 +7.2992406e-04	 8.35e-01 Accepted	 425	 1877	
412	 4.7465676e-01	 -2.2830730e-04 +5.1414601e-04	 1.18e+00 Accepted	 440	 1793	
413	 4.7465676e-01	 -2.2830730e-04 +5.1414601e-04	 8.03e-01 Rejected	 431	 1859	
414	 4.7421776e-01	 +3.8728511e-04 +3.7032780e-04	 5.07e-01 Accepted	 433	 1909	
415	 4.7400511e-01	 -1.9954532e-03 +5.0575589e-04	 6.13e-01 Accepted	 438	 1819	
416	 4.7407936e-01	 -2.7912810e-05 -2.6120532e-03	 9.42e-01 Accepted	 427	 1827	
417	 4.7380554e-01	 +2.5338718e-04 +2.7588352e-03	 9.72e-01 Accepted	 439	 1880	
418	 4.7363614e-01	 -2.5011388e-04 +6.8729424e-04	 7.89e-01 Accepted	 435	 1800	
419	 4.7339371e-01	 -1.4282143e-03 +1.3243133e-03	 5.01e-01 Accepted	 422	 1833	
420	 4.7339371e-01	 -1.4282143e-03 +1.3243133e-03	 5.57e-01 Rejected	 427	 1782	
421	 4.7377348e-01	 +6.1734391e-04 -9.5225755e-04	 9.32e-01 Accepted	 427	 1770	
422	 4.7333247e-01	 +5.2294787e-04 -9.1725412e-04	 3.17e-01 Accepted	 427	 1775	
423	 4.7333247e-01	 +5.2294787e-04 -9.1725412e-04	 5.72e-01 Rejected	 423	 1815	
424	 4.7346973e-01	 +3.9108071e-04 -3.0932922e-03	 9.22e-01 Accepted	 420	 1766	
425	 4.7323815e-01	 +1.6520826e-03 +9.8563636e-04	 1.83e+00 Accepted	 424	 1797	
426	 4.7345960e-01	 -3.9732867e-04 +1.5010048e-03	 1.04e+00 Accepted	 430	 1816	
427	 4.7324545e-01	 -2.9947734e-03 +1.8497041e-03	 9.22e-01 Accepted	 430	 1784	
428	 4.7300725e-01	 -2.5859834e-03 +1.3769557e-04	 7.93e-01 Accepted	 425	 1801	
429	 4.7300725e-01	 -2.5859834e-03 +1.3769557e-04	 7.64e-01 Rejected	 424	 1793	
430	 4.7301568e-01	 -3.2653316e-04 +4.4240854e-04	 8.46e-01 Accepted	 422	 1750	
431	 4.7342912e-01	 +1.3018964e-03 +1.5201026e-03	 9.04e-01 Accepted	 415	 1755	
432	 4.7316034e-01	 -4.0356940e-04 +2.6837106e-04	 6.34e-01 Accepted	 416	 1728	
433	 4.7366343e-01	 +1.3007023e-04 -1.4102400e-03	 1.24e+00 Accepted	 414	 1727	
434	 4.7376841e-01	 +4.2377786e-04 -1.0102841e-03	 1.03e+00 Accepted	 419	 1841	
435	 4.7381395e-01	 +4.8498538e-04 -4.7948004e-03	 1.03e+00 Accepted	 428	 1772	
# Starting_type: CheckpointStart
# Trajectory_length / Number_of_MD_steps: 1 / 7
# 	 Plaquette	 Polyakov_Loop(re,im)	 Acc._Probability	 runtime_per_traj(s)	 CG_iterations	
435	 4.7381395e-01	 +4.8498538e-04 -4.7948004e-03	 1.03e+00 Accepted	 330	 1772	
436	 4.7346933e-01	 -5.3784212e-04 +2.2167369e-03	 1.02e+00 Accepted	 315	 1797	
437	 4.7365229e-01	 -1.0947137e-03 -8.7053979e-04	 8.40e-01 Accepted	 309	 1840	
438	 4.7404825e-01	 +5.3790097e-04 -2.1655009e-04	 9.50e-01 Accepted	 307	 1812	
439	 4.7385106e-01	 +7.8117544e-04 +7.5048747e-04	 9.04e-01 Accepted	 301	 1824	
440	 4.7396066e-01	 +1.3709752e-03 -2.5954267e-03	 1.57e+00 Accepted	 301	 1775	
441	 4.7382261e-01	 -1.5966257e-03 -1.4073547e-03	 1.08e+00 Accepted	 300	 1789	
442	 4.7380346e-01	 -1.4024702e-03 +1.0701493e-03	 1.22e+00 Accepted	 301	 1809	
443	 4.7389166e-01	 -2.4736691e-03 -7.3261587e-04	 1.39e+00 Accepted	 306	 1829	
444	 4.7410949e-01	 -1.9129691e-03 -1.9726470e-03	 7.47e-01 Accepted	 306	 1807	
445	 4.7423511e-01	 +1.3613086e-03 -7.1855311e-04	 7.26e-01 Accepted	 304	 1846	
446	 4.7451977e-01	 +1.5967622e-03 -1.9080017e-03	 1.31e+00 Accepted	 306	 1778	
447	 4.7452379e-01	 -1.3257348e-03 -8.8260460e-04	 7.53e-01 Accepted	 304	 1795	
448	 4.7426997e-01	 -2.2730485e-03 -1.0640043e-03	 1.51e+00 Accepted	 304	 1919	
449	 4.7399799e-01	 +1.2651343e-03 -6.8706342e-04	 6.58e-01 Accepted	 309	 1789	
450	 4.7412319e-01	 +3.0730288e-03 -3.1218858e-03	 1.30e+00 Accepted	 302	 1827	
451	 4.7362314e-01	 -1.8348441e-03 -1.0822935e-03	 9.42e-01 Accepted	 304	 1822	
452	 4.7395391e-01	 +2.8669343e-03 -2.2781516e-03	 6.79e-01 Accepted	 304	 1911	
453	 4.7386771e-01	 +7.0769838e-04 -1.3549332e-03	 1.19e+00 Accepted	 312	 1806	
454	 4.7434485e-01	 +2.0797784e-03 -9.5120177e-04	 1.05e+00 Accepted	 306	 1827	
455	 4.7406225e-01	 +4.0191016e-04 -8.1496433e-04	 1.12e+00 Accepted	 309	 1856	
456	 4.7371906e-01	 +8.6675070e-04 +2.9925459e-04	 1.58e+00 Accepted	 306	 1814	
457	 4.7340535e-01	 +1.0694728e-03 -4.6019741e-04	 6.56e-01 Accepted	 301	 1767	
458	 4.7360598e-01	 +4.9759021e-04 +1.1956195e-03	 1.32e+00 Accepted	 301	 1770	
459	 4.7360598e-01	 +4.9759021e-04 +1.1956195e-03	 6.31e-01 Rejected	 302	 1799	
460	 4.7386118e-01	 -1.4755556e-04 -2.0230001e-03	 1.87e+00 Accepted	 298	 1790	
461	 4.7371538e-01	 -8.3008205e-04 -5.8595497e-04	 1.18e+00 Accepted	 301	 1807	
462	 4.7371538e-01	 -8.3008205e-04 -5.8595497e-04	 8.23e-01 Rejected	 300	 1783	
463	 4.7371538e-01	 -8.3008205e-04 -5.8595497e-04	 6.93e-01 Rejected	 303	 1788	
464	 4.7366919e-01	 +2.3964591e-03 +1.3020366e-03	 8.50e-01 Accepted	 304	 1820	
465	 4.7382249e-01	 +1.2190579e-03 +1.1704881e-03	 8.40e-01 Accepted	 306	 1855	
466	 4.7402219e-01	 +6.3820971e-04 +3.2942100e-04	 1.24e+00 Accepted	 305	 1815	
467	 4.7402219e-01	 +6.3820971e-04 +3.2942100e-04	 5.49e-01 Rejected	 303	 1799	
468	 4.7432692e-01	 +1.5173475e-03 -1.4511649e-03	 1.16e+00 Accepted	 307	 1836	
469	 4.7407155e-01	 -2.0294660e-04 -1.2902590e-03	 1.32e+00 Accepted	 308	 1837	
470	 4.7451478e-01	 -1.1382564e-03 -1.4585618e-03	 1.09e+00 Accepted	 307	 1848	
471	 4.7397199e-01	 -1.9460090e-03 -5.6763070e-04	 7.32e-01 Accepted	 305	 1846	
472	 4.7393766e-01	 +1.4989015e-03 -1.7319575e-03	 2.07e+00 Accepted	 306	 1825	
473	 4.7335589e-01	 +1.7217850e-04 -9.1784791e-05	 8.28e-01 Accepted	 307	 1820	
474	 4.7322320e-01	 -6.5896407e-04 +1.9715309e-03	 9.30e-01 Accepted	 307	 1838	
475	 4.7334109e-01	 -9.7598567e-05 +2.5376361e-03	 9.63e-01 Accepted	 308	 1800	
476	 4.7370513e-01	 -1.1869570e-03 +2.4770718e-03	 1.38e+00 Accepted	 305	 1809	
477	 4.7376985e-01	 -1.0088130e-06 -7.7926163e-04	 1.43e+00 Accepted	 298	 1732	
478	 4.7393585e-01	 +2.6786160e-04 -1.8603055e-03	 8.83e-01 Accepted	 302	 1825	
479	 4.7408254e-01	 +4.1482090e-04 +2.2695803e-03	 1.28e+00 Accepted	 311	 1826	
480	 4.7408254e-01	 +4.1482090e-04 +2.2695803e-03	 5.50e-01 Rejected	 306	 1795	
481	 4.7408254e-01	 +4.1482090e-04 +2.2695803e-03	 9.48e-01 Rejected	 306	 1799	
482	 4.7427291e-01	 -1.0594155e-03 +1.3998059e-03	 1.50e+00 Accepted	 309	 1869	
483	 4.7409698e-01	 -2.3660544e-03 +1.9060331e-03	 4.26e-01 Accepted	 314	 1855	
484	 4.7409698e-01	 -2.3660544e-03 +1.9060331e-03	 7.40e-01 Rejected	 315	 1884	
485	 4.7419887e-01	 -5.2325866e-04 +1.2324521e-03	 1.24e+00 Accepted	 309	 1795	
486	 4.7402387e-01	 +2.8220545e-03 -2.4583213e-04	 1.14e+00 Accepted	 307	 1876	
487	 4.7403113e-01	 -1.8556885e-03 -3.3105210e-03	 8.96e-01 Accepted	 314	 1864	
488	 4.7398068e-01	 +4.2786018e-03 +1.0970152e-03	 8.36e-01 Accepted	 311	 1828	
489	 4.7429652e-01	 -5.3328882e-04 +1.4389354e-03	 1.09e+00 Accepted	 315	 1876	
490	 4.7401192e-01	 -6.2642669e-04 -4.7092028e-04	 9.80e-01 Accepted	 316	 1848	
491	 4.7409294e-01	 +9.0748642e-04 -8.1949380e-04	 8.93e-01 Accepted	 316	 1851	
492	 4.7409294e-01	 +9.0748642e-04 -8.1949380e-04	 6.54e-01 Rejected	 316	 1836	
493	 4.7392632e-01	 -1.1542238e-03 +3.3854787e-04	 8.21e-01 Accepted	 317	 1858	
494	 4.7329311e-01	 -1.2965797e-03 -7.9023631e-04	 6.55e-01 Accepted	 315	 1814	
495	 4.7289309e-01	 +5.9267022e-04 +1.1521700e-03	 9.21e-01 Accepted	 309	 1824	
496	 4.7252403e-01	 +5.7167075e-04 -9.7035969e-04	 1.06e+00 Accepted	 310	 1790	
497	 4.7237938e-01	 +2.4627754e-03 +4.9746908e-04	 1.24e+00 Accepted	 304	 1763	
498	 4.7262604e-01	 -1.9431780e-03 +3.6567695e-04	 2.00e+00 Accepted	 302	 1755	
499	 4.7267758e-01	 +1.7157241e-03 -1.7427574e-03	 1.15e+00 Accepted	 308	 1850	
500	 4.7304656e-01	 -5.2137567e-04 -2.1324926e-03	 1.28e+00 Accepted	 308	 1772	
501	 4.7290468e-01	 +1.1928733e-03 -7.8701127e-04	 6.56e-01 Accepted	 302	 1748	
502	 4.7295352e-01	 +1.6932886e-03 +1.1550365e-03	 8.14e-01 Accepted	 307	 1805	
503	 4.7345244e-01	 +6.9443937e-04 -2.3656198e-04	 9.12e-01 Accepted	 305	 1823	
504	 4.7360983e-01	 +1.6690831e-03 +1.3832715e-04	 9.14e-01 Accepted	 309	 1768	
505	 4.7361801e-01	 -1.7802461e-03 -4.0213139e-03	 1.46e+00 Accepted	 308	 1820	
506	 4.7327824e-01	 +1.8527174e-03 -3.5185721e-04	 9.69e-01 Accepted	 311	 1801	
507	 4.7329870e-01	 +2.7133922e-03 -9.8329010e-04	 1.57e+00 Accepted	 307	 1881	
508	 4.7330278e-01	 -6.1658599e-05 +1.7461749e-03	 8.43e-01 Accepted	 319	 1809	
509	 4.7318449e-01	 -2.6277285e-04 +6.5075345e-04	 8.04e-01 Accepted	 310	 1766	
510	 4.7308826e-01	 +1.5948496e-03 -2.2257587e-03	 8.36e-01 Accepted	 307	 1828	
511	 4.7296525e-01	 +7.8480487e-04 -1.0116341e-03	 9.24e-01 Accepted	 304	 1783	
512	 4.7282330e-01	 +3.4868479e-03 +2.2763082e-03	 6.44e-01 Accepted	 309	 1840	
513	 4.7279655e-01	 +1.3600173e-03 -2.2323921e-03	 7.07e-01 Accepted	 309	 1780	
514	 4.7307856e-01	 -1.0017733e-03 +2.9227348e-04	 1.05e+00 Accepted	 305	 1764	
515	 4.7310820e-01	 -1.0500822e-03 -1.3630430e-03	 5.96e-01 Accepted	 301	 1778	
516	 4.7313497e-01	 +5.5905408e-04 -4.6051746e-04	 1.10e+00 Accepted	 304	 1789	
517	 4.7328317e-01	 +3.1451642e-03 +2.5496164e-03	 1.08e+00 Accepted	 304	 1769	
518	 4.7406234e-01	 +2.0979801e-04 -6.0035335e-05	 2.24e+00 Accepted	 302	 1808	
519	 4.7413157e-01	 +2.2920279e-03 +8.9310364e-04	 1.58e+00 Accepted	 313	 1826	
520	 4.7433777e-01	 -3.7710604e-04 +7.4627031e-04	 1.00e+00 Accepted	 312	 1843	
521	 4.7435837e-01	 +2.5217334e-03 +4.1934158e-03	 6.33e-01 Accepted	 311	 1823	
522	 4.7399608e-01	 +5.6286900e-04 +3.0543867e-04	 6.37e-01 Accepted	 313	 1810	
523	 4.7375647e-01	 +5.1817170e-05 -5.7440469e-04	 1.56e+00 Accepted	 312	 1917	
524	 4.7424501e-01	 +5.5232698e-04 -1.6443983e-03	 1.18e+00 Accepted	 315	 1827	
525	 4.7468575e-01	 +3.7596884e-04 +3.3442536e-04	 1.24e+00 Accepted	 311	 1897	
526	 4.7433923e-01	 -2.0040066e-03 -1.6425879e-03	 8.84e-01 Accepted	 319	 1839	
527	 4.7439043e-01	 +3.9663736e-04 -1.2621469e-03	 1.66e+00 Accepted	 313	 1850	
528	 4.7468175e-01	 +1.3218782e-03 -8.1546882e-04	 9.16e-01 Accepted	 313	 1830	
529	 4.7457902e-01	 -2.8896834e-03 +2.1992299e-03	 1.44e+00 Accepted	 312	 1835	
530	 4.7457902e-01	 -2.8896834e-03 +2.1992299e-03	 4.06e-01 Rejected	 312	 1845	
531	 4.7457902e-01	 -2.8896834e-03 +2.1992299e-03	 6.22e-01 Rejected	 307	 1827	
532	 4.7431870e-01	 -1.7483680e-03 -3.0865108e-03	 8.13e-01 Accepted	 310	 1776	
533	 4.7431870e-01	 -1.7483680e-03 -3.0865108e-03	 5.14e-01 Rejected	 302	 1784	
534	 4.7439608e-01	 +4.0004668e-04 +2.3824876e-03	 1.05e+00 Accepted	 309	 1792	
535	 4.7359138e-01	 +2.6490882e-03 -1.1032017e-03	 8.45e-01 Accepted	 304	 1799	
536	 4.7412260e-01	 -6.4478774e-04 +3.7353957e-04	 1.07e+00 Accepted	 306	 1810	
537	 4.7473963e-01	 +1.4552315e-03 +3.0774624e-04	 1.96e+00 Accepted	 306	 1791	
538	 4.7473963e-01	 +1.4552315e-03 +3.0774624e-04	 6.46e-01 Rejected	 305	 1792	
539	 4.7458490e-01	 +1.1929160e-04 +9.5359344e-04	 1.28e+00 Accepted	 307	 1793	
540	 4.7448327e-01	 -2.6815377e-03 -4.7163547e-04	 9.12e-01 Accepted	 308	 1827	
541	 4.7448327e-01	 -2.6815377e-03 -4.7163547e-04	 6.61e-01 Rejected	 313	 1898	
542	 4.7455060e-01	 -1.7960442e-03 +1.3950885e-03	 1.53e+00 Accepted	 309	 1815	
543	 4.7447778e-01	 -5.4743071e-04 +3.7219458e-04	 9.85e-01 Accepted	 310	 1813	
544	 4.7418355e-01	 +8.8651742e-04 +9.5019795e-04	 1.07e+00 Accepted	 309	 1786	
545	 4.7430804e-01	 -1.7719715e-03 -6.7462347e-04	 9.35e-01 Accepted	 311	 1827	
546	 4.7402140e-01	 -1.1291429e-03 -6.1799271e-04	 7.63e-01 Accepted	 307	 1794	
547	 4.7424012e-01	 +1.1536875e-03 +7.5421209e-04	 1.24e+00 Accepted	 306	 1789	
548	 4.7451426e-01	 +4.0230477e-05 +9.3381412e-04	 1.58e+00 Accepted	 304	 1808	
549	 4.7431087e-01	 +9.1775939e-04 -1.0828541e-04	 6.86e-01 Accepted	 305	 1763	
550	 4.7392692e-01	 +1.9966811e-03 +9.7237495e-04	 9.23e-01 Accepted	 301	 1793	
551	 4.7347336e-01	 -1.7966434e-04 -1.9171721e-03	 1.01e+00 Accepted	 303	 1774	
552	 4.7347336e-01	 -1.7966434e-04 -1.9171721e-03	 5.78e-01 Rejected	 304	 1775	
553	 4.7357075e-01	 -3.4623021e-04 -1.0112724e-03	 1.01e+00 Accepted	 301	 1762	
554	 4.7344553e-01	 +1.9647731e-03 +1.2909847e-05	 7.43e-01 Accepted	 300	 1775	
555	 4.7313976e-01	 +1.3338775e-03 -1.3692931e-03	 1.04e+00 Accepted	 303	 1809	
556	 4.7341275e-01	 +1.1353428e-03 -1.4638599e-03	 9.79e-01 Accepted	 306	 1803	
557	 4.7364865e-01	 +3.2804462e-05 -8.2294530e-04	 8.05e-01 Accepted	 306	 1802	
558	 4.7331794e-01	 +4.8284862e-04 -6.4105854e-04	 9.01e-01 Accepted	 304	 1774	
559	 4.7326690e-01	 -2.0148648e-03 -4.3904558e-05	 8.24e-01 Accepted	 303	 1800	
560	 4.7322040e-01	 -1.9496941e-03 -3.4659744e-04	 1.34e+00 Accepted	 309	 1816	
561	 4.7360458e-01	 -3.1011289e-03 +2.1398157e-03	 8.70e-01 Accepted	 303	 1783	
562	 4.7324494e-01	 +5.6055643e-04 -1.4754637e-03	 5.07e-01 Accepted	 302	 1793	
563	 4.7339622e-01	 +1.7361757e-03 -4.8450406e-04	 8.62e-01 Accepted	 303	 1781	
564	 4.7337256e-01	 -2.4512021e-03 +3.9882448e-05	 1.19e+00 Accepted	 301	 1768	
565	 4.7362823e-01	 +1.1341844e-03 +3.3222701e-03	 9.46e-01 Accepted	 301	 1771	
566	 4.7362773e-01	 +1.0504347e-03 -1.9825781e-03	 1.09e+00 Accepted	 300	 1750	
567	 4.7427686e-01	 +5.1045747e-03 +1.0052469e-03	 1.09e+00 Accepted	 302	 1813	
568	 4.7433594e-01	 -3.9450190e-04 +2.7048006e-03	 5.47e-01 Accepted	 304	 1789	
569	 4.7433441e-01	 +1.5562309e-03 +3.0959586e-04	 1.62e+00 Accepted	 302	 1793	
570	 4.7455211e-01	 +1.4168441e-03 +3.4993006e-03	 9.28e-01 Accepted	 303	 1789	
571	 4.7414583e-01	 -5.9098752e-04 +1.3840707e-03	 7.10e-01 Accepted	 302	 1785	
572	 4.7431347e-01	 +6.5511269e-04 +9.5072470e-04	 7.01e-01 Accepted	 305	 1824	
573	 4.7426346e-01	 -6.9927130e-04 -1.4031089e-03	 1.38e+00 Accepted	 314	 1886	
574	 4.7409231e-01	 -2.3831320e-03 -8.9648653e-04	 7.63e-01 Accepted	 313	 1790	
