# Starting_type: ColdStart
# serial RNG seed: 	[48455 25557 59176 39968 12569]
# parallel RNG seed:	[6844 13804 28051 18975 42259]
# Trajectory_length / Number_of_MD_steps: 1 / 7
# 	 Plaquette	 Polyakov_Loop(re,im)	 Acc._Probability	 runtime_per_traj(s)	 CG_iterations	
1	 8.0352019e-01	 +4.3157029e-01 -1.7648681e-03	 1.26e-31 Skipping	 105	 376	
2	 7.2877870e-01	 +2.5137262e-01 -3.1483669e-04	 1.88e-16 Skipping	 126	 436	
3	 6.8133884e-01	 +1.7090469e-01 -3.7687576e-04	 1.72e-11 Skipping	 136	 480	
4	 6.4760041e-01	 +1.2675954e-01 -1.2941568e-03	 2.33e-08 Skipping	 145	 521	
5	 6.2312852e-01	 +9.8281854e-02 -3.7573207e-04	 2.77e-06 Skipping	 152	 554	
6	 6.0532844e-01	 +8.3919715e-02 +1.0909728e-04	 4.92e-05 Skipping	 159	 585	
7	 5.9256179e-01	 +6.7925728e-02 -5.6570245e-04	 1.85e-03 Skipping	 167	 623	
8	 5.8360460e-01	 +6.0996274e-02 +2.2511506e-03	 9.58e-03 Skipping	 172	 640	
9	 5.7648405e-01	 +5.5361225e-02 -1.8370853e-03	 3.27e-02 Skipping	 178	 677	
10	 5.7133671e-01	 +4.9177974e-02 -7.7303299e-04	 4.91e-02 Skipping	 186	 691	
11	 5.6716577e-01	 +4.6058068e-02 +1.2443345e-03	 1.06e-01 Skipping	 190	 735	
12	 5.6476005e-01	 +4.1793031e-02 -4.6934327e-04	 2.21e-01 Skipping	 200	 767	
13	 5.6269998e-01	 +3.8634402e-02 +3.1237326e-03	 3.08e-01 Skipping	 208	 802	
14	 5.6147489e-01	 +3.5954828e-02 -3.7441621e-04	 5.15e-01 Skipping	 215	 805	
15	 5.6024912e-01	 +3.4342715e-02 +2.7525349e-04	 6.60e-01 Skipping	 215	 832	
16	 5.5975917e-01	 +3.5385796e-02 -5.3234393e-04	 7.50e-01 Skipping	 223	 838	
17	 5.5906789e-01	 +3.1435142e-02 +2.7919089e-03	 6.72e-01 Skipping	 224	 892	
18	 5.5835469e-01	 +3.0616871e-02 +8.7358776e-05	 7.50e-01 Skipping	 232	 876	
19	 5.5760892e-01	 +2.9534265e-02 +6.4020427e-04	 6.47e-01 Skipping	 238	 961	
20	 5.5730811e-01	 +2.7765212e-02 -2.0851139e-03	 9.44e-01 Skipping	 248	 956	
21	 5.5708950e-01	 +2.6660079e-02 +1.4422488e-03	 4.27e-01 Skipping	 246	 950	
22	 5.5671864e-01	 +2.7745024e-02 -8.8249811e-04	 7.01e-01 Skipping	 251	 976	
23	 5.5631456e-01	 +2.7366159e-02 +3.2441909e-04	 7.42e-01 Skipping	 250	 948	
24	 5.5638137e-01	 +2.4947432e-02 +3.0300922e-03	 9.64e-01 Skipping	 246	 967	
25	 5.5636107e-01	 +2.3759517e-02 +2.6551331e-03	 1.09e+00 Skipping	 253	 1012	
26	 5.5621190e-01	 +2.3893675e-02 +1.3622690e-03	 5.19e-01 Skipping	 261	 1054	
27	 5.5611844e-01	 +2.5230069e-02 +2.8362630e-03	 1.14e+00 Skipping	 266	 1025	
28	 5.5626100e-01	 +2.1075253e-02 +1.0629902e-04	 1.16e+00 Skipping	 274	 1125	
29	 5.5570862e-01	 +2.0308197e-02 +4.2539637e-04	 7.08e-01 Skipping	 278	 1057	
30	 5.5581850e-01	 +2.3132028e-02 +1.4923356e-03	 8.26e-01 Skipping	 270	 1090	
31	 5.5561580e-01	 +2.2462387e-02 +1.2249858e-03	 1.21e+00 Skipping	 279	 1127	
32	 5.5593138e-01	 +1.7692764e-02 +7.6362187e-06	 1.63e+00 Skipping	 288	 1146	
33	 5.5623036e-01	 +2.3485935e-02 +1.1704214e-03	 1.02e+00 Skipping	 288	 1115	
34	 5.5592416e-01	 +2.1832981e-02 +3.2501015e-03	 8.68e-01 Skipping	 283	 1163	
35	 5.5598685e-01	 +2.0256057e-02 +3.2658846e-03	 1.06e+00 Skipping	 285	 1135	
36	 5.5589947e-01	 +2.1164372e-02 +2.8102225e-03	 1.15e+00 Skipping	 285	 1152	
37	 5.5630134e-01	 +2.4174612e-02 -8.8402442e-04	 1.41e+00 Skipping	 287	 1120	
38	 5.5605755e-01	 +2.3440856e-02 +1.7245080e-03	 9.97e-01 Skipping	 297	 1295	
39	 5.5624475e-01	 +2.2066164e-02 +1.8738434e-03	 1.10e+00 Skipping	 313	 1221	
40	 5.5588931e-01	 +2.2481343e-02 +1.0931928e-03	 5.93e-01 Skipping	 305	 1173	
41	 5.5613744e-01	 +2.2342163e-02 +5.2776135e-04	 1.62e+00 Skipping	 298	 1254	
42	 5.5618656e-01	 +2.0657130e-02 +2.3990142e-03	 1.07e+00 Skipping	 306	 1238	
43	 5.5637074e-01	 +2.1377239e-02 -1.5704928e-03	 6.58e-01 Skipping	 300	 1177	
44	 5.5649677e-01	 +2.1487616e-02 +7.0486517e-04	 5.92e-01 Skipping	 299	 1198	
45	 5.5630718e-01	 +1.8324663e-02 +2.6103511e-03	 1.47e+00 Skipping	 303	 1243	
46	 5.5625302e-01	 +2.0695105e-02 -3.3370494e-03	 1.44e+00 Skipping	 309	 1243	
47	 5.5623982e-01	 +1.9724484e-02 -3.0050110e-03	 1.48e+00 Skipping	 311	 1285	
48	 5.5643695e-01	 +1.6786055e-02 -1.8839749e-03	 8.22e-01 Skipping	 322	 1360	
49	 5.5631650e-01	 +1.6146332e-02 -9.9173810e-04	 9.99e-01 Skipping	 331	 1344	
50	 5.5621516e-01	 +1.4670639e-02 -3.0712871e-03	 1.06e+00 Skipping	 327	 1315	
51	 5.5591642e-01	 +1.9726520e-02 -1.7061539e-03	 8.58e-01 Accepted	 321	 1302	
52	 5.5591642e-01	 +1.9726520e-02 -1.7061539e-03	 7.73e-01 Rejected	 324	 1348	
53	 5.5623014e-01	 +1.6719777e-02 +2.9149894e-04	 9.38e-01 Accepted	 322	 1328	
54	 5.5625790e-01	 +1.8969100e-02 -2.0017837e-03	 8.54e-01 Accepted	 323	 1294	
55	 5.5625790e-01	 +1.8969100e-02 -2.0017837e-03	 8.07e-01 Rejected	 318	 1305	
56	 5.5607978e-01	 +1.9296991e-02 -1.0915594e-03	 9.37e-01 Accepted	 319	 1293	
57	 5.5568926e-01	 +2.0609666e-02 +1.7253125e-03	 5.94e-01 Accepted	 321	 1345	
58	 5.5565593e-01	 +1.6763917e-02 +5.6534303e-04	 1.49e+00 Accepted	 328	 1333	
59	 5.5532467e-01	 +1.6181819e-02 +7.4696081e-04	 8.57e-01 Accepted	 328	 1384	
60	 5.5536277e-01	 +1.3825190e-02 -4.5077193e-05	 6.92e-01 Accepted	 340	 1427	
61	 5.5545750e-01	 +1.7472173e-02 +4.8726835e-04	 8.21e-01 Accepted	 345	 1444	
62	 5.5541380e-01	 +1.6948708e-02 -3.2125960e-03	 1.24e+00 Accepted	 350	 1493	
63	 5.5495533e-01	 +1.4815643e-02 -1.7970565e-03	 8.74e-01 Accepted	 362	 1512	
64	 5.5540227e-01	 +1.3153084e-02 +9.7456039e-04	 9.49e-01 Accepted	 350	 1379	
65	 5.5520413e-01	 +1.5790493e-02 -1.4253481e-03	 1.23e+00 Accepted	 347	 1464	
66	 5.5515363e-01	 +1.6706728e-02 +1.3301030e-03	 1.01e+00 Accepted	 354	 1439	
67	 5.5523248e-01	 +1.2541298e-02 -2.7169414e-03	 1.23e+00 Accepted	 353	 1443	
68	 5.5497113e-01	 +1.3846107e-02 -1.1521785e-03	 8.13e-01 Accepted	 359	 1493	
69	 5.5541311e-01	 +1.5558328e-02 +3.9617823e-03	 9.57e-01 Accepted	 360	 1473	
70	 5.5550703e-01	 +1.2048279e-02 +7.7941846e-04	 9.21e-01 Accepted	 360	 1454	
71	 5.5557952e-01	 +1.0589043e-02 -4.2609025e-04	 8.03e-01 Accepted	 350	 1410	
72	 5.5557952e-01	 +1.0589043e-02 -4.2609025e-04	 7.13e-01 Rejected	 343	 1370	
73	 5.5574059e-01	 +1.2914507e-02 +1.5022070e-03	 1.26e+00 Accepted	 349	 1430	
74	 5.5578614e-01	 +1.5026900e-02 +1.7209702e-04	 1.09e+00 Accepted	 349	 1424	
75	 5.5583699e-01	 +1.2842364e-02 -3.9086623e-03	 1.04e+00 Accepted	 348	 1404	
76	 5.5583699e-01	 +1.2842364e-02 -3.9086623e-03	 6.77e-01 Rejected	 349	 1425	
77	 5.5549971e-01	 +1.5235811e-02 +1.3000860e-03	 9.60e-01 Accepted	 349	 1451	
78	 5.5495297e-01	 +1.1729559e-02 +2.2544282e-03	 8.62e-01 Accepted	 356	 1461	
79	 5.5486493e-01	 +1.2783582e-02 +1.0666522e-03	 7.55e-01 Accepted	 358	 1401	
80	 5.5515739e-01	 +1.2427096e-02 +2.9195319e-03	 1.14e+00 Accepted	 343	 1392	
81	 5.5539673e-01	 +1.3867563e-02 -1.3527667e-03	 7.69e-01 Accepted	 350	 1483	
82	 5.5538809e-01	 +1.1734570e-02 +1.0227771e-03	 9.25e-01 Accepted	 347	 1323	
83	 5.5528401e-01	 +1.4167916e-02 +8.6705223e-04	 6.50e-01 Accepted	 338	 1402	
84	 5.5556729e-01	 +1.2405376e-02 +4.9231468e-04	 1.46e+00 Accepted	 339	 1319	
85	 5.5605356e-01	 +1.4929176e-02 +5.6362240e-05	 1.65e+00 Accepted	 335	 1364	
86	 5.5622424e-01	 +1.5952478e-02 -1.3530135e-03	 1.17e+00 Accepted	 351	 1455	
87	 5.5628921e-01	 +1.0959259e-02 -3.4527422e-04	 1.02e+00 Accepted	 350	 1386	
88	 5.5599001e-01	 +1.4775109e-02 +2.1086625e-03	 1.21e+00 Accepted	 341	 1391	
89	 5.5537981e-01	 +1.6019855e-02 +3.2073312e-04	 5.91e-01 Accepted	 345	 1413	
90	 5.5532529e-01	 +1.4953589e-02 +2.3662698e-03	 8.22e-01 Accepted	 346	 1439	
91	 5.5565416e-01	 +1.4304282e-02 +8.1270681e-05	 9.29e-01 Accepted	 343	 1365	
92	 5.5564170e-01	 +1.4811730e-02 +6.6141045e-04	 1.17e+00 Accepted	 339	 1409	
93	 5.5566291e-01	 +1.4020594e-02 -4.3957258e-04	 1.11e+00 Accepted	 352	 1461	
94	 5.5575689e-01	 +1.3118161e-02 +1.3876569e-03	 1.16e+00 Accepted	 363	 1505	
95	 5.5553999e-01	 +1.4795862e-02 +1.2265741e-03	 1.05e+00 Accepted	 356	 1432	
96	 5.5549174e-01	 +1.4383062e-02 +3.7203356e-03	 1.00e+00 Accepted	 350	 1451	
97	 5.5538192e-01	 +1.3873102e-02 +1.5995189e-03	 7.06e-01 Accepted	 350	 1421	
98	 5.5490694e-01	 +1.5195975e-02 +1.7882539e-03	 8.84e-01 Accepted	 350	 1427	
99	 5.5520824e-01	 +1.6002346e-02 +1.0498419e-03	 1.47e+00 Accepted	 354	 1509	
100	 5.5524504e-01	 +1.5429116e-02 +2.9637851e-03	 8.87e-01 Accepted	 376	 1513	
101	 5.5524349e-01	 +1.2650378e-02 +3.5236957e-03	 7.13e-01 Accepted	 367	 1489	
102	 5.5517133e-01	 +1.2397951e-02 +1.3595580e-03	 9.49e-01 Accepted	 369	 1490	
103	 5.5536928e-01	 +1.2245461e-02 +3.1475895e-03	 1.47e+00 Accepted	 365	 1491	
104	 5.5537698e-01	 +1.4259773e-02 +1.0932246e-03	 8.39e-01 Accepted	 369	 1491	
105	 5.5556308e-01	 +1.4044876e-02 +1.3699905e-03	 1.27e+00 Accepted	 365	 1547	
106	 5.5545879e-01	 +1.2626812e-02 +2.8361984e-03	 1.14e+00 Accepted	 367	 1492	
107	 5.5572766e-01	 +1.5401405e-02 +2.3847471e-03	 1.37e+00 Accepted	 360	 1482	
108	 5.5572766e-01	 +1.5401405e-02 +2.3847471e-03	 6.85e-01 Rejected	 362	 1495	
109	 5.5566357e-01	 +1.2477681e-02 +1.3208965e-03	 8.19e-01 Accepted	 362	 1474	
110	 5.5560549e-01	 +1.5336059e-02 -1.6181230e-03	 1.43e+00 Accepted	 363	 1471	
111	 5.5502627e-01	 +1.4302387e-02 -1.5041445e-04	 4.16e-01 Accepted	 360	 1426	
112	 5.5494625e-01	 +1.5476196e-02 +2.3512243e-04	 8.44e-01 Accepted	 360	 1472	
113	 5.5544360e-01	 +1.4499567e-02 -3.5483010e-03	 1.22e+00 Accepted	 362	 1496	
114	 5.5565929e-01	 +1.3308519e-02 -1.8206819e-04	 1.61e+00 Accepted	 365	 1513	
115	 5.5559927e-01	 +1.4172754e-02 -8.9724609e-04	 1.00e+00 Accepted	 367	 1507	
116	 5.5586357e-01	 +1.0219382e-02 -5.7158436e-04	 9.61e-01 Accepted	 367	 1502	
117	 5.5598193e-01	 +1.3512394e-02 +1.0518535e-04	 7.32e-01 Accepted	 369	 1515	
118	 5.5598193e-01	 +1.3512394e-02 +1.0518535e-04	 8.67e-01 Rejected	 372	 1535	
119	 5.5545603e-01	 +1.2058611e-02 +1.4300796e-04	 9.60e-01 Accepted	 369	 1511	
120	 5.5501779e-01	 +1.2569598e-02 -2.3046072e-03	 7.70e-01 Accepted	 370	 1511	
121	 5.5496410e-01	 +1.3815738e-02 +1.0891771e-03	 1.09e+00 Accepted	 376	 1579	
122	 5.5514000e-01	 +1.4718306e-02 +1.2462887e-03	 8.65e-01 Accepted	 384	 1537	
123	 5.5474484e-01	 +1.2960994e-02 +1.1211314e-04	 9.45e-01 Accepted	 373	 1556	
124	 5.5498721e-01	 +1.2526646e-02 +3.0626341e-03	 1.57e+00 Accepted	 378	 1554	
125	 5.5484156e-01	 +1.5009733e-02 +1.2350503e-03	 9.87e-01 Accepted	 375	 1567	
126	 5.5464997e-01	 +1.2038394e-02 +3.0119315e-03	 1.04e+00 Accepted	 381	 1575	
127	 5.5465894e-01	 +1.5874195e-02 +4.8863650e-04	 9.40e-01 Accepted	 381	 1505	
128	 5.5475815e-01	 +1.3690085e-02 +3.9538383e-04	 9.58e-01 Accepted	 370	 1553	
129	 5.5512020e-01	 +1.5310107e-02 -1.6331810e-04	 1.46e+00 Accepted	 379	 1554	
130	 5.5531639e-01	 +1.1677567e-02 +1.3616537e-03	 1.16e+00 Accepted	 376	 1539	
131	 5.5563173e-01	 +1.1644224e-02 +5.0984183e-04	 9.29e-01 Accepted	 373	 1505	
132	 5.5563173e-01	 +1.1644224e-02 +5.0984183e-04	 5.77e-01 Rejected	 366	 1479	
133	 5.5577779e-01	 +1.2910305e-02 -1.3789520e-03	 1.59e+00 Accepted	 368	 1503	
134	 5.5560960e-01	 +1.4152712e-02 -2.5673694e-03	 1.43e+00 Accepted	 365	 1519	
135	 5.5525498e-01	 +1.3775630e-02 -8.8972647e-04	 5.97e-01 Accepted	 370	 1603	
136	 5.5487054e-01	 +1.2960769e-02 -2.9764873e-04	 8.45e-01 Accepted	 383	 1608	
# Starting_type: CheckpointStart
# Trajectory_length / Number_of_MD_steps: 1 / 7
# 	 Plaquette	 Polyakov_Loop(re,im)	 Acc._Probability	 runtime_per_traj(s)	 CG_iterations	
137	 5.5468802e-01	 +1.4689843e-02 -2.9671755e-03	 7.49e-01 Accepted	 404	 1624	
138	 5.5472529e-01	 +1.0698812e-02 -1.0822522e-03	 1.46e+00 Accepted	 387	 1588	
139	 5.5494507e-01	 +1.4032907e-02 +1.3957653e-03	 9.01e-01 Accepted	 377	 1572	
140	 5.5478455e-01	 +1.0727244e-02 +1.4491489e-04	 1.01e+00 Accepted	 384	 1600	
141	 5.5512222e-01	 +1.2251556e-02 +6.7892641e-04	 8.44e-01 Accepted	 382	 1575	
142	 5.5512222e-01	 +1.2251556e-02 +6.7892641e-04	 6.34e-01 Rejected	 380	 1583	
143	 5.5514116e-01	 +1.0232832e-02 -3.4619945e-04	 1.04e+00 Accepted	 376	 1535	
144	 5.5527943e-01	 +8.1348731e-03 -1.1935904e-03	 1.41e+00 Accepted	 369	 1493	
145	 5.5514879e-01	 +1.2604300e-02 +1.7120063e-03	 1.39e+00 Accepted	 368	 1539	
146	 5.5472390e-01	 +1.1862528e-02 -1.0730252e-03	 6.64e-01 Accepted	 368	 1508	
147	 5.5488020e-01	 +9.0757768e-03 -1.0948189e-03	 1.07e+00 Accepted	 371	 1568	
148	 5.5485625e-01	 +1.0416138e-02 +1.1155865e-03	 9.00e-01 Accepted	 376	 1557	
149	 5.5502866e-01	 +6.0513571e-03 +1.4921693e-03	 1.04e+00 Accepted	 375	 1554	
150	 5.5502866e-01	 +6.0513571e-03 +1.4921693e-03	 6.03e-01 Rejected	 379	 1550	
151	 5.5529923e-01	 +8.2436449e-03 +7.9480618e-05	 1.63e+00 Accepted	 376	 1561	
152	 5.5540599e-01	 +1.0440124e-02 -6.6170598e-04	 1.39e+00 Accepted	 375	 1561	
153	 5.5578736e-01	 +1.1890081e-02 +6.5877707e-05	 1.45e+00 Accepted	 376	 1569	
154	 5.5540595e-01	 +1.0967791e-02 -8.3022994e-04	 1.23e+00 Accepted	 378	 1556	
155	 5.5565591e-01	 +1.0596963e-02 -7.2712876e-05	 1.78e+00 Accepted	 379	 1549	
156	 5.5564985e-01	 +1.2218807e-02 +1.0832567e-03	 9.35e-01 Accepted	 377	 1573	
157	 5.5493455e-01	 +1.2022858e-02 -2.3160898e-03	 5.59e-01 Accepted	 379	 1629	
158	 5.5507244e-01	 +1.2709459e-02 -1.3280600e-03	 1.03e+00 Accepted	 389	 1579	
159	 5.5524694e-01	 +9.7255394e-03 -1.2754565e-03	 1.13e+00 Accepted	 384	 1553	
160	 5.5537632e-01	 +1.1880753e-02 +1.1274456e-03	 1.10e+00 Accepted	 380	 1587	
161	 5.5564432e-01	 +1.0878341e-02 -1.7191999e-03	 1.01e+00 Accepted	 390	 1607	
162	 5.5564432e-01	 +1.0878341e-02 -1.7191999e-03	 6.69e-01 Rejected	 380	 1499	
163	 5.5561993e-01	 +1.1578687e-02 -4.3828102e-03	 1.26e+00 Accepted	 388	 1598	
164	 5.5561993e-01	 +1.1578687e-02 -4.3828102e-03	 7.25e-01 Rejected	 382	 1555	
165	 5.5581324e-01	 +9.0034337e-03 -2.8647707e-03	 1.10e+00 Accepted	 379	 1557	
166	 5.5606110e-01	 +9.9771693e-03 -5.0992954e-03	 1.24e+00 Accepted	 376	 1543	
167	 5.5645231e-01	 +9.6956405e-03 -7.6758535e-04	 1.00e+00 Accepted	 376	 1555	
168	 5.5645231e-01	 +9.6956405e-03 -7.6758535e-04	 6.81e-01 Rejected	 367	 1478	
169	 5.5645231e-01	 +9.6956405e-03 -7.6758535e-04	 5.80e-01 Rejected	 367	 1513	
170	 5.5586506e-01	 +8.5660359e-03 -1.0899198e-03	 6.56e-01 Accepted	 376	 1508	
171	 5.5581557e-01	 +8.9114320e-03 -1.9912071e-03	 8.05e-01 Accepted	 364	 1520	
172	 5.5536421e-01	 +5.1535781e-03 -4.5563014e-04	 6.26e-01 Accepted	 366	 1522	
173	 5.5515511e-01	 +1.0079995e-02 -1.9652302e-03	 8.37e-01 Accepted	 367	 1550	
174	 5.5526326e-01	 +9.3515816e-03 -5.1453955e-04	 1.40e+00 Accepted	 372	 1558	
175	 5.5522626e-01	 +1.1228170e-02 +1.2420010e-03	 1.05e+00 Accepted	 375	 1554	
176	 5.5538591e-01	 +1.1815347e-02 -2.2861164e-03	 9.43e-01 Accepted	 370	 1514	
177	 5.5538591e-01	 +1.1815347e-02 -2.2861164e-03	 8.56e-01 Rejected	 370	 1553	
178	 5.5481831e-01	 +6.2048565e-03 +2.1989608e-04	 6.51e-01 Accepted	 372	 1587	
179	 5.5478701e-01	 +9.1595015e-03 -1.9625602e-03	 8.17e-01 Accepted	 377	 1554	
180	 5.5490560e-01	 +9.0974219e-03 +1.6289260e-03	 1.50e+00 Accepted	 373	 1532	
181	 5.5521117e-01	 +1.0346152e-02 +6.0749847e-04	 1.30e+00 Accepted	 370	 1551	
182	 5.5573107e-01	 +7.3497889e-03 -1.0393046e-03	 1.55e+00 Accepted	 375	 1595	
183	 5.5542562e-01	 +1.0414932e-02 -1.2409365e-03	 7.39e-01 Accepted	 380	 1542	
184	 5.5580888e-01	 +9.3725794e-03 -5.3769522e-04	 1.19e+00 Accepted	 364	 1498	
185	 5.5569833e-01	 +8.7702692e-03 -5.6424257e-04	 1.10e+00 Accepted	 365	 1522	
186	 5.5537344e-01	 +1.0111972e-02 -8.6448017e-04	 7.47e-01 Accepted	 371	 1543	
187	 5.5560146e-01	 +9.0814200e-03 +9.2153312e-04	 1.66e+00 Accepted	 368	 1520	
188	 5.5547854e-01	 +1.1135354e-02 +1.1944368e-03	 7.37e-01 Accepted	 368	 1516	
189	 5.5545291e-01	 +7.5750793e-03 +2.0583568e-03	 9.19e-01 Accepted	 364	 1515	
190	 5.5523891e-01	 +8.4313894e-03 +5.2414668e-05	 9.58e-01 Accepted	 368	 1511	
191	 5.5548096e-01	 +1.2515807e-02 +6.4655428e-04	 8.81e-01 Accepted	 367	 1549	
192	 5.5529170e-01	 +1.1339846e-02 +3.0455285e-03	 6.99e-01 Accepted	 375	 1546	
193	 5.5561581e-01	 +9.6715437e-03 -8.3797576e-04	 8.10e-01 Accepted	 373	 1504	
194	 5.5553162e-01	 +8.7256156e-03 +3.8744154e-04	 9.13e-01 Accepted	 369	 1555	
195	 5.5520282e-01	 +1.1217696e-02 +9.5423824e-04	 7.89e-01 Accepted	 375	 1523	
196	 5.5523950e-01	 +8.0869580e-03 -3.8858569e-04	 1.28e+00 Accepted	 372	 1545	
197	 5.5494847e-01	 +1.1262116e-02 +3.1671199e-03	 1.04e+00 Accepted	 379	 1537	
198	 5.5493688e-01	 +7.3773051e-03 +7.9842410e-04	 1.03e+00 Accepted	 377	 1628	
199	 5.5494084e-01	 +7.6623893e-03 +2.9774610e-03	 1.22e+00 Accepted	 391	 1633	
200	 5.5518129e-01	 +6.9930340e-03 +7.1930643e-04	 1.02e+00 Accepted	 392	 1647	
201	 5.5550845e-01	 +7.1177455e-03 +1.7731191e-03	 9.62e-01 Accepted	 387	 1564	
202	 5.5550845e-01	 +7.1177455e-03 +1.7731191e-03	 8.17e-01 Rejected	 379	 1589	
203	 5.5507410e-01	 +1.0300894e-02 +1.0892493e-04	 4.26e-01 Accepted	 380	 1660	
204	 5.5545750e-01	 +9.9008381e-03 -3.1564838e-03	 8.72e-01 Accepted	 387	 1595	
205	 5.5533472e-01	 +1.0594851e-02 +2.5827088e-04	 1.40e+00 Accepted	 383	 1585	
206	 5.5525377e-01	 +9.0194046e-03 -6.7467995e-05	 1.14e+00 Accepted	 381	 1580	
207	 5.5546332e-01	 +8.5818421e-03 +1.1199337e-03	 1.20e+00 Accepted	 378	 1518	
208	 5.5553216e-01	 +9.6540686e-03 -2.7162876e-03	 9.40e-01 Accepted	 371	 1555	
209	 5.5527256e-01	 +8.9475927e-03 +8.3277887e-04	 1.04e+00 Accepted	 379	 1591	
210	 5.5559713e-01	 +1.2344699e-02 -1.7794793e-03	 1.33e+00 Accepted	 382	 1547	
211	 5.5551921e-01	 +8.7111423e-03 -3.4795075e-04	 1.07e+00 Accepted	 382	 1672	
212	 5.5551921e-01	 +8.7111423e-03 -3.4795075e-04	 5.29e-01 Rejected	 387	 1568	
213	 5.5556991e-01	 +1.3072719e-02 -1.1111995e-03	 1.26e+00 Accepted	 388	 1618	
214	 5.5547517e-01	 +1.2002619e-02 -1.6860210e-03	 9.60e-01 Accepted	 389	 1627	
215	 5.5573970e-01	 +1.2545850e-02 +3.4203281e-03	 1.48e+00 Accepted	 395	 1607	
216	 5.5540686e-01	 +9.7780541e-03 -5.6969592e-04	 6.34e-01 Accepted	 388	 1580	
217	 5.5489696e-01	 +8.2530461e-03 -1.5575844e-03	 1.01e+00 Accepted	 383	 1603	
218	 5.5484677e-01	 +8.1989349e-03 -2.6401620e-03	 8.51e-01 Accepted	 381	 1555	
219	 5.5430741e-01	 +7.7753317e-03 +7.9590103e-04	 9.87e-01 Accepted	 376	 1579	
220	 5.5451749e-01	 +8.5018316e-03 +6.5753636e-04	 1.35e+00 Accepted	 384	 1612	
221	 5.5451749e-01	 +8.5018316e-03 +6.5753636e-04	 6.98e-01 Rejected	 392	 1651	
222	 5.5494951e-01	 +6.8813720e-03 +1.3896010e-03	 1.38e+00 Accepted	 380	 1544	
223	 5.5493770e-01	 +8.7458492e-03 +1.2739421e-03	 1.14e+00 Accepted	 379	 1591	
224	 5.5493770e-01	 +8.7458492e-03 +1.2739421e-03	 8.53e-01 Rejected	 380	 1586	
225	 5.5501576e-01	 +4.4957083e-03 +2.4401288e-03	 1.35e+00 Accepted	 379	 1576	
226	 5.5522654e-01	 +6.7469973e-03 +3.3745896e-05	 1.11e+00 Accepted	 385	 1648	
227	 5.5533419e-01	 +8.0931231e-03 -4.5141342e-04	 1.33e+00 Accepted	 396	 1604	
228	 5.5538174e-01	 +8.6635458e-03 +1.6095871e-03	 1.26e+00 Accepted	 390	 1608	
229	 5.5501947e-01	 +8.3570143e-03 -1.2971321e-03	 7.48e-01 Accepted	 384	 1623	
230	 5.5508166e-01	 +8.6690509e-03 +3.4179834e-04	 7.40e-01 Accepted	 388	 1617	
231	 5.5476978e-01	 +7.4714746e-03 +2.2942792e-04	 5.14e-01 Accepted	 380	 1525	
232	 5.5476383e-01	 +7.1181339e-03 +1.0199439e-03	 1.10e+00 Accepted	 386	 1643	
233	 5.5466084e-01	 +6.7004601e-03 +1.2491692e-03	 7.87e-01 Accepted	 392	 1585	
234	 5.5481417e-01	 +9.2170853e-03 -1.2958759e-04	 8.87e-01 Accepted	 390	 1635	
235	 5.5481417e-01	 +9.2170853e-03 -1.2958759e-04	 8.38e-01 Rejected	 394	 1610	
236	 5.5517897e-01	 +8.0941971e-03 +1.9342248e-03	 1.15e+00 Accepted	 389	 1630	
237	 5.5517867e-01	 +7.7680935e-03 +2.8147250e-03	 8.41e-01 Accepted	 398	 1713	
238	 5.5527841e-01	 +8.9501018e-03 +3.5167390e-03	 1.18e+00 Accepted	 406	 1632	
239	 5.5527841e-01	 +8.9501018e-03 +3.5167390e-03	 9.13e-01 Rejected	 391	 1669	
240	 5.5539297e-01	 +9.3163575e-03 +1.3289109e-03	 1.04e+00 Accepted	 392	 1623	
241	 5.5505208e-01	 +1.0335561e-02 +2.1456972e-03	 9.56e-01 Accepted	 392	 1643	
242	 5.5543987e-01	 +1.1460890e-02 -3.4141817e-04	 8.76e-01 Accepted	 398	 1654	
243	 5.5525337e-01	 +5.7702124e-03 +3.1676651e-03	 1.01e+00 Accepted	 401	 1668	
244	 5.5489137e-01	 +6.6190871e-03 +6.6730876e-04	 7.79e-01 Accepted	 403	 1676	
245	 5.5463616e-01	 +7.5141578e-03 +3.1878548e-03	 7.95e-01 Accepted	 396	 1630	
246	 5.5458372e-01	 +8.3240272e-03 +5.1332499e-03	 1.21e+00 Accepted	 396	 1674	
247	 5.5477352e-01	 +7.9878000e-03 +2.2414782e-03	 1.17e+00 Accepted	 404	 1709	
248	 5.5506709e-01	 +6.8707424e-03 +2.2918538e-03	 1.14e+00 Accepted	 400	 1638	
249	 5.5489704e-01	 +6.8200119e-03 +3.3127942e-03	 1.06e+00 Accepted	 389	 1581	
# Starting_type: CheckpointStart
# Trajectory_length / Number_of_MD_steps: 1 / 7
# 	 Plaquette	 Polyakov_Loop(re,im)	 Acc._Probability	 runtime_per_traj(s)	 CG_iterations	
249	 5.5489704e-01	 +6.8200119e-03 +3.3127942e-03	 1.06e+00 Accepted	 412	 1581	
250	 5.5446973e-01	 +7.3883192e-03 +1.5152779e-03	 8.68e-01 Accepted	 386	 1559	
251	 5.5434417e-01	 +8.4900477e-03 +3.7037765e-03	 1.15e+00 Accepted	 390	 1552	
252	 5.5434417e-01	 +8.4900477e-03 +3.7037765e-03	 6.09e-01 Rejected	 392	 1636	
253	 5.5455020e-01	 +7.5279023e-03 +1.5426402e-03	 1.17e+00 Accepted	 397	 1567	
254	 5.5484845e-01	 +8.1906587e-03 +2.9844885e-03	 9.45e-01 Accepted	 391	 1611	
255	 5.5500553e-01	 +9.9232921e-03 +1.6499528e-03	 1.06e+00 Accepted	 400	 1600	
256	 5.5538859e-01	 +6.6493903e-03 +2.0404864e-03	 1.26e+00 Accepted	 397	 1638	
257	 5.5510916e-01	 +9.0241956e-03 +5.9267467e-04	 8.79e-01 Accepted	 405	 1587	
258	 5.5507266e-01	 +6.2055435e-03 +3.5939377e-03	 8.57e-01 Accepted	 391	 1632	
259	 5.5507266e-01	 +6.2055435e-03 +3.5939377e-03	 6.93e-01 Rejected	 401	 1593	
260	 5.5538623e-01	 +6.5723042e-03 +3.0998706e-03	 1.06e+00 Accepted	 400	 1567	
261	 5.5559351e-01	 +9.0441438e-03 -8.4162298e-04	 7.54e-01 Accepted	 388	 1583	
262	 5.5552123e-01	 +6.4468957e-03 +1.4299466e-03	 8.64e-01 Accepted	 392	 1588	
263	 5.5552123e-01	 +6.4468957e-03 +1.4299466e-03	 7.42e-01 Rejected	 394	 1603	
264	 5.5550100e-01	 +6.1227904e-03 +3.4810958e-03	 7.89e-01 Accepted	 393	 1604	
265	 5.5550100e-01	 +6.1227904e-03 +3.4810958e-03	 6.06e-01 Rejected	 397	 1590	
266	 5.5550100e-01	 +6.1227904e-03 +3.4810958e-03	 5.90e-01 Rejected	 395	 1582	
267	 5.5565449e-01	 +5.4372612e-03 +7.4900765e-04	 1.07e+00 Accepted	 394	 1564	
268	 5.5551042e-01	 +7.4509000e-03 +4.0281834e-03	 8.24e-01 Accepted	 387	 1620	
269	 5.5533617e-01	 +5.1290476e-03 -1.5268186e-03	 1.06e+00 Accepted	 396	 1587	
270	 5.5521501e-01	 +4.8537381e-03 +3.9523194e-03	 7.12e-01 Accepted	 392	 1558	
271	 5.5500234e-01	 +7.6846655e-03 +2.5625070e-03	 1.05e+00 Accepted	 397	 1618	
272	 5.5443653e-01	 +6.8334370e-03 +6.4548017e-04	 5.86e-01 Accepted	 394	 1553	
273	 5.5439300e-01	 +7.0201750e-03 +2.1991358e-03	 9.91e-01 Accepted	 391	 1595	
274	 5.5518884e-01	 +5.9414102e-03 +2.1754983e-03	 1.59e+00 Accepted	 394	 1609	
275	 5.5518884e-01	 +5.9414102e-03 +2.1754983e-03	 6.57e-01 Rejected	 398	 1600	
276	 5.5527556e-01	 +3.2634211e-03 -2.1216488e-03	 1.89e+00 Accepted	 396	 1565	
277	 5.5536191e-01	 +8.2677046e-03 -1.0753769e-03	 5.56e-01 Accepted	 388	 1582	
278	 5.5536672e-01	 +6.3798851e-03 +1.4395985e-03	 1.36e+00 Accepted	 392	 1588	
279	 5.5501258e-01	 +5.8572707e-03 +1.0490723e-03	 7.58e-01 Accepted	 390	 1572	
280	 5.5515890e-01	 +7.4161841e-03 +1.7592556e-03	 8.03e-01 Accepted	 387	 1570	
281	 5.5515890e-01	 +7.4161841e-03 +1.7592556e-03	 7.21e-01 Rejected	 389	 1558	
282	 5.5536211e-01	 +9.7185825e-03 -1.2520035e-03	 9.48e-01 Accepted	 396	 1644	
283	 5.5527000e-01	 +7.1958975e-03 +7.0502750e-04	 6.53e-01 Accepted	 402	 1615	
284	 5.5529397e-01	 +6.9423259e-03 +3.0509085e-03	 1.03e+00 Accepted	 402	 1651	
285	 5.5505038e-01	 +6.0381901e-03 +2.0916009e-03	 9.40e-01 Accepted	 401	 1549	
286	 5.5505038e-01	 +6.0381901e-03 +2.0916009e-03	 5.90e-01 Rejected	 388	 1570	
287	 5.5500308e-01	 +6.8138383e-03 +1.4030961e-04	 1.08e+00 Accepted	 389	 1600	
288	 5.5494515e-01	 +6.2532099e-03 +2.1317480e-03	 9.95e-01 Accepted	 391	 1594	
289	 5.5497779e-01	 +4.4804973e-03 +9.7705254e-04	 9.29e-01 Accepted	 392	 1544	
290	 5.5508660e-01	 +7.5393932e-03 +1.8059324e-03	 9.26e-01 Accepted	 392	 1579	
291	 5.5508660e-01	 +7.5393932e-03 +1.8059324e-03	 7.68e-01 Rejected	 390	 1567	
292	 5.5508660e-01	 +7.5393932e-03 +1.8059324e-03	 4.09e-01 Rejected	 391	 1568	
293	 5.5497133e-01	 +6.7003931e-03 +5.8679795e-04	 8.79e-01 Accepted	 388	 1559	
294	 5.5484401e-01	 +7.5897062e-03 +7.6948341e-05	 9.02e-01 Accepted	 390	 1577	
295	 5.5498020e-01	 +9.9382380e-03 +2.4437565e-03	 1.05e+00 Accepted	 387	 1584	
296	 5.5498020e-01	 +9.9382380e-03 +2.4437565e-03	 7.30e-01 Rejected	 391	 1553	
297	 5.5513336e-01	 +7.2957159e-03 +9.2202456e-05	 1.01e+00 Accepted	 391	 1582	
298	 5.5507465e-01	 +8.8309956e-03 +2.0758401e-03	 9.80e-01 Accepted	 394	 1579	
299	 5.5518986e-01	 +4.9858535e-03 +2.7639355e-03	 2.06e+00 Accepted	 388	 1582	
300	 5.5485460e-01	 +9.1805480e-03 +5.1344202e-03	 9.86e-01 Accepted	 390	 1609	
301	 5.5490224e-01	 +5.8740904e-03 +2.4239182e-03	 1.23e+00 Accepted	 395	 1599	
302	 5.5419905e-01	 +5.7137311e-03 +1.1807863e-03	 7.95e-01 Accepted	 390	 1594	
303	 5.5458844e-01	 +6.9048517e-03 +4.0537292e-04	 1.42e+00 Accepted	 396	 1590	
304	 5.5518894e-01	 +7.0139026e-03 +8.0895893e-04	 1.50e+00 Accepted	 394	 1542	
305	 5.5535861e-01	 +3.6828730e-03 +1.0592811e-03	 1.20e+00 Accepted	 390	 1598	
306	 5.5543256e-01	 +6.9216489e-03 +1.7815857e-03	 6.08e-01 Accepted	 392	 1550	
307	 5.5518586e-01	 +5.9101029e-03 -3.8322754e-04	 7.35e-01 Accepted	 387	 1574	
308	 5.5526042e-01	 +5.0471461e-03 -7.0178324e-04	 8.16e-01 Accepted	 385	 1556	
309	 5.5479481e-01	 +5.5547052e-03 -1.3370273e-03	 6.85e-01 Accepted	 387	 1552	
310	 5.5479481e-01	 +5.5547052e-03 -1.3370273e-03	 6.09e-01 Rejected	 389	 1606	
311	 5.5472123e-01	 +3.1725636e-03 +2.7118064e-03	 1.10e+00 Accepted	 386	 1608	
312	 5.5445037e-01	 +5.3256323e-03 +6.5887916e-04	 9.94e-01 Accepted	 391	 1582	
313	 5.5438538e-01	 +3.7414934e-03 -1.3783226e-03	 1.06e+00 Accepted	 387	 1558	
314	 5.5485792e-01	 +8.0691263e-03 -3.5574409e-04	 1.18e+00 Accepted	 392	 1615	
315	 5.5485792e-01	 +8.0691263e-03 -3.5574409e-04	 6.41e-01 Rejected	 396	 1605	
316	 5.5500892e-01	 +8.5084069e-03 +3.1757398e-03	 1.22e+00 Accepted	 399	 1576	
317	 5.5449416e-01	 +4.7615279e-03 +1.9366539e-03	 6.53e-01 Accepted	 394	 1601	
318	 5.5502667e-01	 +6.8189845e-03 +8.0038407e-04	 1.03e+00 Accepted	 393	 1632	
319	 5.5547373e-01	 +6.8391754e-03 +1.4393545e-03	 1.45e+00 Accepted	 395	 1577	
320	 5.5580527e-01	 +6.2937368e-03 +1.4463079e-03	 1.14e+00 Accepted	 394	 1612	
321	 5.5546232e-01	 +1.0316871e-02 +1.0617093e-03	 9.40e-01 Accepted	 397	 1619	
322	 5.5543977e-01	 +9.3283645e-03 +1.9151506e-03	 9.31e-01 Accepted	 391	 1612	
323	 5.5514687e-01	 +8.5824971e-03 -8.2544806e-04	 7.32e-01 Accepted	 395	 1603	
324	 5.5514687e-01	 +8.5824971e-03 -8.2544806e-04	 6.51e-01 Rejected	 392	 1626	
325	 5.5489074e-01	 +6.8321115e-03 -1.3936430e-03	 9.30e-01 Accepted	 397	 1621	
326	 5.5509388e-01	 +1.0404438e-02 -2.3709128e-04	 1.03e+00 Accepted	 394	 1588	
327	 5.5509388e-01	 +1.0404438e-02 -2.3709128e-04	 7.36e-01 Rejected	 390	 1570	
