# Starting_type: ColdStart
# serial RNG seed: 	[52901 17204 48752 53816 20251]
# parallel RNG seed:	[49183 21250 4269 57238 14008]
# Trajectory_length / Number_of_MD_steps: 1 / 7
# 	 Plaquette	 Polyakov_Loop(re,im)	 Acc._Probability	 runtime_per_traj(s)	 CG_iterations	
1	 8.0266149e-01	 +4.2831061e-01 -8.5175984e-04	 6.56e-31 Skipping	 106	 380	
2	 7.2581755e-01	 +2.4492568e-01 +9.2013396e-05	 1.03e-16 Skipping	 128	 440	
3	 6.7611823e-01	 +1.6106495e-01 +9.0358519e-04	 7.79e-12 Skipping	 138	 492	
4	 6.4027129e-01	 +1.1158811e-01 -1.3061528e-04	 1.18e-08 Skipping	 148	 542	
5	 6.1375124e-01	 +8.9370768e-02 +1.5549630e-05	 1.21e-06 Skipping	 157	 577	
6	 5.9380512e-01	 +7.0166265e-02 +1.3962030e-03	 4.01e-05 Skipping	 167	 626	
7	 5.7975578e-01	 +5.7626825e-02 +2.9265607e-03	 6.57e-04 Skipping	 175	 663	
8	 5.6940442e-01	 +4.9243126e-02 +1.1204727e-03	 4.83e-03 Skipping	 185	 709	
9	 5.6141021e-01	 +4.2796252e-02 -1.4720636e-03	 1.71e-02 Skipping	 194	 749	
10	 5.5580457e-01	 +3.4927397e-02 +2.2271075e-03	 3.80e-02 Skipping	 205	 782	
11	 5.5143553e-01	 +3.1093320e-02 -1.5918526e-03	 1.12e-01 Skipping	 213	 839	
12	 5.4815187e-01	 +2.7540656e-02 -6.4128502e-04	 2.24e-01 Skipping	 226	 919	
13	 5.4563686e-01	 +2.7182738e-02 -2.1021826e-04	 3.25e-01 Skipping	 241	 902	
14	 5.4331475e-01	 +2.4620572e-02 -2.1032952e-03	 2.68e-01 Skipping	 243	 970	
15	 5.4169368e-01	 +2.2483959e-02 +1.5245136e-03	 3.69e-01 Skipping	 250	 980	
16	 5.4029671e-01	 +2.1172868e-02 +1.6007116e-03	 3.27e-01 Skipping	 261	 1079	
17	 5.3920926e-01	 +2.0018469e-02 -2.2067948e-03	 5.68e-01 Skipping	 278	 1138	
18	 5.3849404e-01	 +1.7605874e-02 -7.3097747e-04	 8.13e-01 Skipping	 297	 1244	
19	 5.3776923e-01	 +1.9528002e-02 +4.5310282e-05	 7.86e-01 Skipping	 314	 1330	
20	 5.3753024e-01	 +1.5196764e-02 -1.2673174e-03	 1.00e+00 Skipping	 332	 1208	
21	 5.3702203e-01	 +1.8382340e-02 +4.4802148e-04	 4.27e-01 Skipping	 322	 1399	
22	 5.3651816e-01	 +1.6319529e-02 +3.5613650e-03	 9.29e-01 Skipping	 342	 1440	
23	 5.3631651e-01	 +1.3446997e-02 +1.1005384e-04	 7.19e-01 Skipping	 360	 1578	
24	 5.3593087e-01	 +1.1441351e-02 +9.3911340e-04	 1.01e+00 Skipping	 385	 1693	
25	 5.3535589e-01	 +1.2606895e-02 -1.0407480e-04	 1.50e+00 Skipping	 392	 1602	
26	 5.3504254e-01	 +1.2945402e-02 +1.5179727e-03	 1.31e+00 Skipping	 393	 1675	
27	 5.3494935e-01	 +1.3353385e-02 +1.5497180e-03	 8.12e-01 Skipping	 407	 1708	
28	 5.3452050e-01	 +1.0973912e-02 -2.4150121e-03	 8.93e-01 Skipping	 409	 1717	
29	 5.3453623e-01	 +1.4349232e-02 -7.2569924e-04	 8.42e-01 Skipping	 409	 1676	
30	 5.3432364e-01	 +1.1835918e-02 +9.1362324e-04	 7.26e-01 Skipping	 401	 1696	
31	 5.3396913e-01	 +8.3128926e-03 +3.2198699e-04	 1.12e+00 Skipping	 410	 1775	
32	 5.3434502e-01	 +8.7007603e-03 +2.0176037e-03	 2.00e+00 Skipping	 417	 1689	
33	 5.3399805e-01	 +8.5917077e-03 +2.4602237e-03	 1.20e+00 Skipping	 413	 1755	
34	 5.3376504e-01	 +5.8791350e-03 +1.0155078e-03	 4.91e-01 Skipping	 425	 1767	
35	 5.3333531e-01	 +6.2610424e-03 -1.6315594e-04	 8.47e-01 Skipping	 424	 1782	
36	 5.3299241e-01	 +5.5377057e-03 -3.5430238e-04	 7.01e-01 Skipping	 427	 1773	
37	 5.3264262e-01	 +7.0550948e-03 +1.9087819e-03	 1.11e+00 Skipping	 420	 1770	
38	 5.3218843e-01	 +7.3632496e-03 +3.7621242e-03	 1.24e+00 Skipping	 418	 1786	
39	 5.3183158e-01	 +5.7056384e-03 -2.4325728e-03	 8.05e-01 Skipping	 428	 1830	
40	 5.3198024e-01	 +6.8436591e-03 +2.1468594e-03	 7.21e-01 Skipping	 430	 1779	
41	 5.3154626e-01	 +6.8151966e-03 +7.0221919e-04	 9.97e-01 Skipping	 431	 1796	
42	 5.3156430e-01	 +4.7342808e-03 +4.7825843e-04	 1.25e+00 Skipping	 431	 1829	
43	 5.3161942e-01	 +5.2580323e-03 -1.3517207e-05	 1.40e+00 Skipping	 426	 1754	
44	 5.3103708e-01	 +2.8364454e-03 -2.5911031e-04	 7.01e-01 Skipping	 426	 1814	
45	 5.3115905e-01	 +4.5767798e-03 -2.1900278e-04	 9.17e-01 Skipping	 430	 1804	
46	 5.3105006e-01	 +5.4199400e-03 +3.8575214e-05	 5.64e-01 Skipping	 433	 1838	
47	 5.3078096e-01	 +1.7118180e-03 +8.8758042e-04	 7.15e-01 Skipping	 437	 1818	
48	 5.3078704e-01	 +3.7869320e-03 +1.8183339e-03	 8.22e-01 Skipping	 429	 1789	
49	 5.3059541e-01	 +2.5548524e-03 +1.3557734e-04	 1.15e+00 Skipping	 432	 1831	
50	 5.3068982e-01	 +2.9730075e-03 +6.6642823e-04	 9.49e-01 Skipping	 439	 1834	
51	 5.3098597e-01	 +5.3134266e-04 +2.7591785e-03	 1.11e+00 Accepted	 436	 1832	
52	 5.3036561e-01	 +3.5068926e-03 +3.0015840e-03	 5.18e-01 Accepted	 438	 1869	
53	 5.3043975e-01	 +3.4428825e-03 -1.5288500e-04	 7.62e-01 Accepted	 440	 1851	
54	 5.3000445e-01	 +2.3540463e-03 +2.7928451e-03	 1.23e+00 Accepted	 442	 1878	
55	 5.3000445e-01	 +2.3540463e-03 +2.7928451e-03	 6.03e-01 Rejected	 442	 1847	
56	 5.2959128e-01	 +2.1736855e-03 +1.4511923e-03	 9.77e-01 Accepted	 440	 1880	
57	 5.2933856e-01	 -5.5384607e-04 +1.4474530e-03	 1.23e+00 Accepted	 444	 1854	
58	 5.2914907e-01	 +1.5033857e-03 -6.9020017e-05	 9.34e-01 Accepted	 439	 1837	
59	 5.2902708e-01	 +1.2053448e-03 +2.3480837e-04	 6.29e-01 Accepted	 438	 1813	
60	 5.2927330e-01	 +2.8541537e-03 +1.5537441e-03	 1.15e+00 Accepted	 436	 1854	
61	 5.2950452e-01	 +3.6369525e-03 +1.3519239e-04	 1.21e+00 Accepted	 438	 1846	
62	 5.2893441e-01	 +5.3567865e-03 -3.1881850e-04	 7.15e-01 Accepted	 439	 1850	
63	 5.2873573e-01	 +2.7537053e-03 -1.5425939e-04	 1.68e+00 Accepted	 436	 1883	
64	 5.2849859e-01	 +1.7971724e-03 +1.8354430e-03	 9.53e-01 Accepted	 438	 1848	
65	 5.2859014e-01	 +2.0189688e-03 +2.2318819e-03	 8.40e-01 Accepted	 440	 1857	
66	 5.2867048e-01	 +5.7457716e-03 -1.2865318e-03	 1.02e+00 Accepted	 440	 1856	
67	 5.2855252e-01	 +4.5040482e-03 -1.9164581e-03	 1.11e+00 Accepted	 440	 1861	
68	 5.2825675e-01	 -5.5701398e-04 +1.0835857e-03	 6.42e-01 Accepted	 438	 1836	
69	 5.2837163e-01	 +1.4116556e-03 -5.2553305e-04	 1.19e+00 Accepted	 434	 1840	
70	 5.2824145e-01	 +9.0585360e-04 +3.4618994e-03	 8.25e-01 Accepted	 436	 1810	
71	 5.2861136e-01	 +6.8551198e-04 -3.1021687e-04	 1.36e+00 Accepted	 432	 1866	
72	 5.2861136e-01	 +6.8551198e-04 -3.1021687e-04	 5.41e-01 Rejected	 438	 1807	
73	 5.2816229e-01	 +2.4237761e-03 +1.4470642e-03	 7.20e-01 Accepted	 440	 1878	
74	 5.2816229e-01	 +2.4237761e-03 +1.4470642e-03	 9.94e-01 Rejected	 440	 1853	
75	 5.2809753e-01	 +1.5120442e-03 -1.2839005e-03	 1.24e+00 Accepted	 446	 1872	
76	 5.2809753e-01	 +1.5120442e-03 -1.2839005e-03	 8.71e-01 Rejected	 441	 1833	
77	 5.2823230e-01	 +2.2566681e-03 +6.2499878e-04	 1.14e+00 Accepted	 445	 1862	
78	 5.2812292e-01	 -2.3742968e-03 +3.3124385e-03	 1.07e+00 Accepted	 442	 1886	
79	 5.2778261e-01	 +2.7855305e-03 -4.9023767e-05	 7.71e-01 Accepted	 442	 1892	
80	 5.2797720e-01	 -6.5201400e-04 -3.0626070e-04	 1.01e+00 Accepted	 443	 1858	
81	 5.2765816e-01	 +4.2745739e-03 +1.0348254e-04	 9.94e-01 Accepted	 441	 1872	
82	 5.2785288e-01	 -2.5295400e-04 +7.8591813e-04	 6.91e-01 Accepted	 441	 1840	
83	 5.2785288e-01	 -2.5295400e-04 +7.8591813e-04	 6.43e-01 Rejected	 438	 1848	
84	 5.2760401e-01	 +5.3555437e-04 +6.9649332e-04	 9.57e-01 Accepted	 438	 1862	
85	 5.2730938e-01	 -2.8623766e-03 +2.7217180e-03	 7.05e-01 Accepted	 437	 1847	
86	 5.2761748e-01	 +1.9153086e-04 -1.3436726e-03	 1.07e+00 Accepted	 439	 1869	
87	 5.2742774e-01	 -2.2592350e-03 +1.1662277e-03	 2.10e+00 Accepted	 442	 1859	
88	 5.2742774e-01	 -2.2592350e-03 +1.1662277e-03	 5.59e-01 Rejected	 439	 1847	
89	 5.2742774e-01	 -2.2592350e-03 +1.1662277e-03	 8.48e-01 Rejected	 444	 1842	
90	 5.2742774e-01	 -2.2592350e-03 +1.1662277e-03	 7.16e-01 Rejected	 442	 1865	
91	 5.2733688e-01	 -1.1199376e-03 -1.9006686e-03	 1.00e+00 Accepted	 440	 1828	
92	 5.2698339e-01	 +4.1098701e-05 +1.2595469e-03	 6.39e-01 Accepted	 437	 1845	
93	 5.2693287e-01	 -1.8031939e-03 +2.6361469e-03	 9.96e-01 Accepted	 438	 1862	
94	 5.2697994e-01	 +4.6251077e-04 +4.5166323e-04	 5.25e-01 Accepted	 442	 1889	
95	 5.2710639e-01	 -1.1759018e-03 +4.9673700e-04	 1.50e+00 Accepted	 441	 1843	
96	 5.2703701e-01	 -2.4309635e-04 -1.1155219e-03	 7.86e-01 Accepted	 436	 1860	
97	 5.2696166e-01	 -8.0758134e-04 +5.0224051e-04	 8.20e-01 Accepted	 442	 1864	
98	 5.2675776e-01	 -1.6291980e-03 +9.1462080e-04	 8.99e-01 Accepted	 444	 1870	
99	 5.2676436e-01	 -2.1330943e-03 +1.6523727e-03	 8.36e-01 Accepted	 445	 1866	
100	 5.2639720e-01	 +1.3945449e-03 -5.2522246e-05	 7.45e-01 Accepted	 438	 1824	
101	 5.2713175e-01	 -7.4611084e-04 -1.0834751e-05	 1.23e+00 Accepted	 435	 1855	
102	 5.2682527e-01	 +4.9737133e-05 +4.2834866e-04	 1.08e+00 Accepted	 439	 1822	
103	 5.2681849e-01	 -3.1969805e-03 +2.6678976e-03	 5.93e-01 Accepted	 436	 1844	
104	 5.2713378e-01	 +1.1001674e-03 +1.6579344e-03	 1.36e+00 Accepted	 443	 1860	
105	 5.2681815e-01	 -5.7184898e-05 +8.0161639e-04	 7.56e-01 Accepted	 438	 1845	
106	 5.2686470e-01	 -6.0948323e-05 +1.3804040e-03	 8.19e-01 Accepted	 439	 1881	
107	 5.2699351e-01	 -7.7829260e-04 -5.2857821e-04	 8.55e-01 Accepted	 445	 1860	
108	 5.2699351e-01	 -7.7829260e-04 -5.2857821e-04	 6.42e-01 Rejected	 441	 1853	
109	 5.2670507e-01	 +1.6953894e-03 -1.1384910e-03	 8.47e-01 Accepted	 439	 1846	
110	 5.2686215e-01	 +1.0134664e-03 -9.7297905e-04	 8.35e-01 Accepted	 437	 1871	
# Starting_type: CheckpointStart
# Trajectory_length / Number_of_MD_steps: 1 / 7
# 	 Plaquette	 Polyakov_Loop(re,im)	 Acc._Probability	 runtime_per_traj(s)	 CG_iterations	
111	 5.2674357e-01	 +1.2064541e-03 +8.9684286e-04	 9.77e-01 Accepted	 467	 1853	
112	 5.2674357e-01	 +1.2064541e-03 +8.9684286e-04	 4.74e-01 Rejected	 447	 1862	
113	 5.2655101e-01	 +3.6000015e-03 +9.6037017e-05	 9.38e-01 Accepted	 442	 1835	
114	 5.2629373e-01	 +3.8433303e-04 -1.5498457e-03	 8.25e-01 Accepted	 439	 1861	
115	 5.2608674e-01	 +2.8775750e-03 +1.9251382e-03	 6.08e-01 Accepted	 439	 1847	
116	 5.2619502e-01	 -1.1392682e-03 +1.2787104e-03	 8.26e-01 Accepted	 444	 1864	
117	 5.2620747e-01	 -1.1412274e-03 +3.1144778e-03	 1.29e+00 Accepted	 441	 1839	
118	 5.2620747e-01	 -1.1412274e-03 +3.1144778e-03	 8.22e-01 Rejected	 441	 1880	
119	 5.2620747e-01	 -1.1412274e-03 +3.1144778e-03	 7.58e-01 Rejected	 438	 1855	
120	 5.2671547e-01	 -4.3141036e-05 +5.5091309e-04	 2.66e+00 Accepted	 439	 1846	
121	 5.2627464e-01	 +2.0994706e-03 -1.1708419e-03	 8.47e-01 Accepted	 435	 1862	
122	 5.2638988e-01	 +1.2200666e-03 +3.8829208e-04	 9.22e-01 Accepted	 438	 1831	
123	 5.2638988e-01	 +1.2200666e-03 +3.8829208e-04	 8.45e-01 Rejected	 441	 1860	
124	 5.2628326e-01	 +2.0383621e-03 +1.9975996e-03	 1.14e+00 Accepted	 441	 1846	
125	 5.2609443e-01	 +2.6444788e-03 +1.0647468e-04	 7.87e-01 Accepted	 438	 1833	
126	 5.2578907e-01	 -3.2896689e-03 +3.6789361e-03	 6.17e-01 Accepted	 442	 1862	
127	 5.2598794e-01	 -8.1928119e-04 +1.5085725e-03	 1.26e+00 Accepted	 441	 1849	
128	 5.2575493e-01	 +1.4777594e-03 -1.4167795e-03	 7.14e-01 Accepted	 441	 1858	
129	 5.2561549e-01	 +6.9075721e-04 +4.9867639e-04	 8.77e-01 Accepted	 438	 1860	
130	 5.2587032e-01	 -1.4571168e-03 -2.9653992e-03	 1.26e+00 Accepted	 438	 1872	
131	 5.2587834e-01	 +1.5425405e-03 +2.9473798e-03	 5.57e-01 Accepted	 445	 1861	
132	 5.2599934e-01	 +2.2716472e-03 +1.5510199e-04	 5.26e-01 Accepted	 438	 1845	
133	 5.2618446e-01	 -7.5157156e-04 +2.8642221e-03	 1.09e+00 Accepted	 439	 1851	
134	 5.2632876e-01	 +2.7865191e-03 -1.1569053e-03	 1.57e+00 Accepted	 440	 1840	
135	 5.2609074e-01	 +1.4923933e-03 +4.3480514e-04	 8.18e-01 Accepted	 440	 1858	
136	 5.2587004e-01	 +2.7819392e-03 -2.0125175e-03	 4.30e-01 Accepted	 442	 1879	
137	 5.2536829e-01	 -1.2422564e-03 +7.5931956e-04	 5.92e-01 Accepted	 440	 1842	
138	 5.2548890e-01	 -5.5481345e-04 -1.0405721e-03	 1.33e+00 Accepted	 435	 1832	
139	 5.2524697e-01	 +2.3129514e-04 -2.3101888e-04	 6.71e-01 Accepted	 432	 1839	
140	 5.2514865e-01	 -3.8656529e-03 +3.4638712e-04	 8.84e-01 Accepted	 434	 1834	
141	 5.2514865e-01	 -3.8656529e-03 +3.4638712e-04	 5.45e-01 Rejected	 436	 1848	
142	 5.2505363e-01	 -2.1213240e-03 +2.1307717e-04	 8.79e-01 Accepted	 437	 1856	
143	 5.2516812e-01	 +2.2715398e-03 -3.7015578e-03	 8.72e-01 Accepted	 441	 1842	
144	 5.2516812e-01	 +2.2715398e-03 -3.7015578e-03	 6.59e-01 Rejected	 443	 1874	
145	 5.2475247e-01	 +2.9606156e-04 -1.7103232e-03	 6.48e-01 Accepted	 435	 1864	
146	 5.2475247e-01	 +2.9606156e-04 -1.7103232e-03	 5.49e-01 Rejected	 442	 1869	
147	 5.2484913e-01	 -3.1782797e-05 -1.4110938e-03	 1.52e+00 Accepted	 441	 1862	
148	 5.2484913e-01	 -3.1782797e-05 -1.4110938e-03	 7.40e-01 Rejected	 440	 1882	
149	 5.2491001e-01	 -3.7571101e-04 +1.6688619e-03	 1.70e+00 Accepted	 436	 1816	
150	 5.2489885e-01	 +4.2458801e-04 -4.9655239e-05	 6.86e-01 Accepted	 436	 1821	
151	 5.2470247e-01	 +1.5593098e-03 -1.6941935e-03	 8.03e-01 Accepted	 439	 1858	
152	 5.2467070e-01	 +2.5289337e-04 +4.1892618e-05	 9.53e-01 Accepted	 443	 1872	
153	 5.2439430e-01	 +3.4208185e-03 +2.7919241e-03	 1.14e+00 Accepted	 446	 1845	
154	 5.2467711e-01	 +2.0571687e-03 -3.7373058e-04	 6.08e-01 Accepted	 441	 1854	
155	 5.2501976e-01	 +2.5574070e-03 +8.6640250e-04	 1.21e+00 Accepted	 442	 1841	
156	 5.2470416e-01	 +2.2726336e-03 -2.8630766e-03	 1.28e+00 Accepted	 439	 1844	
157	 5.2434147e-01	 -5.9006888e-04 -1.5791814e-03	 6.50e-01 Accepted	 445	 1866	
158	 5.2463530e-01	 +8.7066529e-05 +1.5145138e-03	 9.66e-01 Accepted	 442	 1868	
159	 5.2452534e-01	 +3.4182581e-03 -1.8446952e-03	 1.35e+00 Accepted	 441	 1827	
160	 5.2491628e-01	 +1.6926549e-03 +4.5350615e-04	 9.85e-01 Accepted	 434	 1822	
161	 5.2465495e-01	 +8.4995787e-04 +1.1825509e-03	 1.14e+00 Accepted	 434	 1855	
162	 5.2465495e-01	 +8.4995787e-04 +1.1825509e-03	 5.17e-01 Rejected	 438	 1859	
163	 5.2465511e-01	 -5.8568814e-04 +6.2227570e-04	 1.33e+00 Accepted	 443	 1856	
164	 5.2430834e-01	 +3.6589380e-04 +6.8024545e-04	 7.77e-01 Accepted	 435	 1825	
165	 5.2423106e-01	 -1.6003515e-04 +1.2295389e-03	 6.08e-01 Accepted	 436	 1844	
166	 5.2427404e-01	 +1.6426375e-03 -1.2783298e-03	 1.10e+00 Accepted	 441	 1843	
167	 5.2391663e-01	 -3.4053837e-05 -2.3879674e-03	 8.22e-01 Accepted	 442	 1869	
168	 5.2424267e-01	 +1.1371658e-03 +1.7005164e-03	 1.20e+00 Accepted	 442	 1848	
169	 5.2392350e-01	 +2.4992470e-04 +1.0097198e-03	 1.31e+00 Accepted	 443	 1877	
170	 5.2438778e-01	 -9.9547461e-05 -1.1216160e-03	 1.27e+00 Accepted	 445	 1841	
171	 5.2447723e-01	 +2.9337607e-04 -1.9522361e-03	 8.81e-01 Accepted	 439	 1867	
172	 5.2413992e-01	 -1.4921957e-03 -5.8455845e-04	 4.98e-01 Accepted	 439	 1828	
173	 5.2413992e-01	 -1.4921957e-03 -5.8455845e-04	 4.91e-01 Rejected	 440	 1858	
174	 5.2449956e-01	 +8.9456721e-04 +7.2262668e-04	 1.26e+00 Accepted	 438	 1831	
175	 5.2455601e-01	 +2.5914697e-04 -4.8371746e-04	 1.24e+00 Accepted	 436	 1827	
176	 5.2462611e-01	 +1.2364389e-03 -1.7468053e-03	 1.14e+00 Accepted	 438	 1853	
177	 5.2492098e-01	 -4.5215934e-04 +1.2470837e-03	 9.83e-01 Accepted	 443	 1865	
178	 5.2433063e-01	 +2.0981880e-03 +7.7827606e-04	 7.61e-01 Accepted	 442	 1847	
179	 5.2478406e-01	 +1.0100697e-03 -8.6854139e-04	 1.67e+00 Accepted	 442	 1863	
180	 5.2433745e-01	 -4.4616880e-04 -3.0157259e-03	 8.86e-01 Accepted	 445	 1854	
181	 5.2446424e-01	 +1.1546607e-03 -2.7150593e-04	 1.23e+00 Accepted	 441	 1861	
182	 5.2436111e-01	 -1.5895227e-03 +1.3577404e-03	 7.47e-01 Accepted	 442	 1856	
183	 5.2428505e-01	 -2.4205979e-04 -2.6181295e-03	 1.05e+00 Accepted	 438	 1856	
184	 5.2346460e-01	 -8.1985135e-05 +6.9628289e-04	 5.70e-01 Accepted	 441	 1837	
185	 5.2385688e-01	 +7.8852496e-04 +5.8466887e-04	 1.42e+00 Accepted	 438	 1849	
186	 5.2361527e-01	 -2.0708157e-03 +2.1203212e-03	 1.36e+00 Accepted	 443	 1859	
187	 5.2392418e-01	 -7.0903234e-04 -1.1257716e-03	 1.32e+00 Accepted	 446	 1883	
188	 5.2389503e-01	 +3.7266654e-04 +1.5871235e-03	 7.87e-01 Accepted	 441	 1833	
189	 5.2420527e-01	 +1.8215054e-03 -1.6429161e-03	 7.81e-01 Accepted	 438	 1856	
190	 5.2428378e-01	 +4.9343747e-04 -4.2501452e-03	 8.11e-01 Accepted	 440	 1844	
191	 5.2423143e-01	 -1.5967569e-04 -1.3820466e-03	 1.20e+00 Accepted	 437	 1827	
192	 5.2425196e-01	 -2.4303367e-04 +6.5491161e-04	 1.31e+00 Accepted	 436	 1853	
193	 5.2418336e-01	 -2.0796097e-03 +2.0317400e-03	 7.74e-01 Accepted	 442	 1849	
194	 5.2447860e-01	 -6.5910122e-04 -5.5105805e-07	 1.22e+00 Accepted	 440	 1848	
195	 5.2466581e-01	 -4.7907158e-04 -1.2274521e-03	 1.13e+00 Accepted	 441	 1873	
196	 5.2455875e-01	 +5.7662229e-05 +1.1247703e-03	 9.49e-01 Accepted	 441	 1847	
197	 5.2428483e-01	 +2.1370867e-03 +2.0762275e-04	 6.11e-01 Accepted	 438	 1856	
198	 5.2433641e-01	 +2.4665295e-03 +2.3913978e-03	 7.04e-01 Accepted	 441	 1863	
199	 5.2397942e-01	 +1.7338819e-03 +1.0317767e-03	 9.13e-01 Accepted	 441	 1878	
200	 5.2443146e-01	 +3.3683255e-04 -4.9510953e-04	 1.02e+00 Accepted	 445	 1902	
201	 5.2471083e-01	 +4.8408261e-03 -1.5097612e-03	 9.70e-01 Accepted	 444	 1832	
202	 5.2471247e-01	 -1.3570368e-03 -4.9319247e-04	 6.86e-01 Accepted	 436	 1844	
203	 5.2438662e-01	 +8.0426393e-04 -5.2836273e-04	 7.97e-01 Accepted	 438	 1861	
204	 5.2444139e-01	 -7.4760213e-04 -1.2906808e-03	 9.20e-01 Accepted	 441	 1860	
205	 5.2500135e-01	 +2.5856789e-03 +2.7449623e-03	 1.98e+00 Accepted	 442	 1845	
206	 5.2506835e-01	 -1.2689006e-04 -9.6469738e-04	 9.47e-01 Accepted	 442	 1866	
207	 5.2522529e-01	 +1.2660901e-03 -9.4945113e-04	 1.22e+00 Accepted	 441	 1910	
208	 5.2522529e-01	 +1.2660901e-03 -9.4945113e-04	 6.29e-01 Rejected	 443	 1831	
# Starting_type: CheckpointStart
# Trajectory_length / Number_of_MD_steps: 1 / 7
# 	 Plaquette	 Polyakov_Loop(re,im)	 Acc._Probability	 runtime_per_traj(s)	 CG_iterations	
209	 5.2521405e-01	 +1.3847552e-03 -3.0723581e-03	 6.99e-01 Accepted	 466	 1852	
210	 5.2495010e-01	 +2.2564868e-03 -1.7267408e-03	 6.74e-01 Accepted	 443	 1853	
211	 5.2478271e-01	 -2.4152720e-04 -1.1836504e-03	 6.57e-01 Accepted	 442	 1851	
212	 5.2484332e-01	 +4.1034008e-03 +3.0302407e-03	 7.80e-01 Accepted	 440	 1845	
213	 5.2504929e-01	 +3.2121535e-03 +1.7462119e-03	 1.13e+00 Accepted	 440	 1850	
214	 5.2515979e-01	 +1.6014779e-03 +4.8526049e-04	 1.35e+00 Accepted	 439	 1867	
215	 5.2522541e-01	 +1.2862683e-03 +6.1968819e-04	 1.17e+00 Accepted	 439	 1838	
216	 5.2488843e-01	 +1.9006827e-03 +9.2687711e-04	 7.42e-01 Accepted	 438	 1869	
217	 5.2446992e-01	 +1.8276890e-03 +2.5111108e-04	 6.77e-01 Accepted	 439	 1844	
218	 5.2486476e-01	 -3.7625092e-03 +2.0585612e-04	 1.06e+00 Accepted	 438	 1854	
219	 5.2460066e-01	 +2.3120718e-04 -2.4882108e-03	 8.70e-01 Accepted	 441	 1861	
220	 5.2470871e-01	 +1.0078543e-03 -2.5443178e-03	 7.45e-01 Accepted	 446	 1875	
221	 5.2468544e-01	 -1.7592041e-03 -1.7171926e-03	 8.96e-01 Accepted	 446	 1859	
222	 5.2485181e-01	 +2.3378539e-03 +2.2290676e-03	 1.29e+00 Accepted	 444	 1839	
223	 5.2481396e-01	 -2.0261697e-03 +1.3428581e-04	 9.59e-01 Accepted	 443	 1859	
224	 5.2482783e-01	 -2.2129300e-03 +1.5550216e-03	 1.06e+00 Accepted	 443	 1860	
225	 5.2468153e-01	 -5.3374688e-04 -4.0838337e-04	 1.31e+00 Accepted	 443	 1869	
226	 5.2468462e-01	 +2.2541184e-03 -1.7460457e-03	 6.21e-01 Accepted	 446	 1849	
227	 5.2485214e-01	 -1.8078650e-03 +8.1224304e-04	 1.08e+00 Accepted	 442	 1858	
228	 5.2460587e-01	 +2.0724001e-03 -1.0684495e-03	 1.16e+00 Accepted	 439	 1852	
229	 5.2460587e-01	 +2.0724001e-03 -1.0684495e-03	 5.35e-01 Rejected	 442	 1862	
230	 5.2454970e-01	 -4.0283640e-03 -5.2778976e-04	 6.07e-01 Accepted	 441	 1849	
231	 5.2447103e-01	 +5.0577669e-04 -6.0589892e-04	 1.36e+00 Accepted	 439	 1853	
232	 5.2447103e-01	 +5.0577669e-04 -6.0589892e-04	 5.81e-01 Rejected	 441	 1850	
233	 5.2443042e-01	 +4.5649188e-04 -1.8123362e-03	 8.71e-01 Accepted	 439	 1882	
234	 5.2452479e-01	 +2.3848045e-04 -1.8310159e-04	 8.26e-01 Accepted	 444	 1840	
235	 5.2431505e-01	 +1.3953858e-03 -1.0501362e-03	 5.86e-01 Accepted	 438	 1829	
236	 5.2436886e-01	 +1.2631206e-03 -1.0035997e-04	 1.16e+00 Accepted	 438	 1862	
237	 5.2462109e-01	 +3.6332992e-03 -1.3592519e-03	 9.85e-01 Accepted	 438	 1839	
238	 5.2463418e-01	 -2.4995650e-03 -1.4694959e-03	 5.94e-01 Accepted	 437	 1831	
239	 5.2428344e-01	 +2.2283570e-03 -4.6720660e-03	 6.92e-01 Accepted	 439	 1831	
240	 5.2456661e-01	 +2.0462041e-04 -9.2501023e-04	 1.30e+00 Accepted	 440	 1852	
241	 5.2439509e-01	 +2.8276355e-03 -2.9788847e-03	 1.14e+00 Accepted	 447	 1891	
242	 5.2500221e-01	 -7.6873130e-05 -4.2280633e-04	 1.19e+00 Accepted	 451	 1922	
243	 5.2458715e-01	 -4.9002883e-05 -1.8724859e-03	 6.22e-01 Accepted	 451	 1844	
244	 5.2435427e-01	 +9.4598749e-04 -2.9225156e-03	 1.05e+00 Accepted	 444	 1852	
245	 5.2423660e-01	 -7.5440817e-04 -1.6130149e-03	 1.34e+00 Accepted	 443	 1873	
246	 5.2418706e-01	 -7.1823630e-04 +1.0200822e-03	 6.95e-01 Accepted	 445	 1876	
247	 5.2382610e-01	 -9.3113944e-05 +8.6688018e-04	 5.39e-01 Accepted	 447	 1869	
248	 5.2389536e-01	 +1.8414203e-03 +2.7532166e-03	 1.63e+00 Accepted	 448	 1865	
249	 5.2370803e-01	 +6.9011993e-04 -1.7873287e-03	 1.53e+00 Accepted	 444	 1843	
250	 5.2359426e-01	 -2.0716903e-04 -1.6369009e-04	 7.15e-01 Accepted	 439	 1852	
251	 5.2407260e-01	 -5.1270591e-04 -1.8910701e-03	 2.37e+00 Accepted	 435	 1856	
252	 5.2396293e-01	 +1.1082173e-03 +6.8980085e-04	 8.92e-01 Accepted	 439	 1836	
253	 5.2365546e-01	 -1.4510788e-03 +1.3235927e-04	 9.51e-01 Accepted	 438	 1842	
254	 5.2429082e-01	 -1.6246456e-03 -9.1126579e-04	 1.21e+00 Accepted	 437	 1824	
255	 5.2404846e-01	 +2.7790162e-03 -1.5727650e-03	 9.03e-01 Accepted	 434	 1839	
256	 5.2431572e-01	 +4.9058169e-04 +4.7303530e-03	 1.03e+00 Accepted	 438	 1841	
257	 5.2416298e-01	 +3.1338933e-04 -1.8368571e-03	 7.51e-01 Accepted	 437	 1841	
258	 5.2416881e-01	 -1.8364389e-03 +3.0362199e-04	 1.04e+00 Accepted	 436	 1845	
259	 5.2391466e-01	 +4.8517153e-04 +3.3464398e-03	 8.56e-01 Accepted	 435	 1828	
260	 5.2382057e-01	 -1.2097295e-03 +1.3966250e-03	 1.13e+00 Accepted	 441	 1857	
261	 5.2409327e-01	 +1.5942237e-03 +4.0981557e-04	 1.15e+00 Accepted	 443	 1874	
262	 5.2409327e-01	 +1.5942237e-03 +4.0981557e-04	 4.92e-01 Rejected	 442	 1833	
263	 5.2390744e-01	 +7.7036276e-04 -3.0651148e-03	 1.00e+00 Accepted	 445	 1856	
264	 5.2411049e-01	 -7.5133358e-04 -1.5958394e-03	 7.19e-01 Accepted	 445	 1874	
265	 5.2411049e-01	 -7.5133358e-04 -1.5958394e-03	 8.44e-01 Rejected	 441	 1847	
266	 5.2447196e-01	 -3.2731981e-04 +9.0714728e-04	 7.21e-01 Accepted	 441	 1853	
267	 5.2443536e-01	 +3.0601010e-04 +1.3118397e-03	 9.84e-01 Accepted	 438	 1840	
268	 5.2443536e-01	 +3.0601010e-04 +1.3118397e-03	 8.79e-01 Rejected	 439	 1832	
269	 5.2434984e-01	 -2.3327180e-03 -1.0233274e-03	 1.38e+00 Accepted	 437	 1858	
270	 5.2406353e-01	 +1.6106283e-03 -1.5140609e-03	 1.22e+00 Accepted	 442	 1858	
271	 5.2407520e-01	 +2.8198091e-03 +5.3946283e-04	 1.20e+00 Accepted	 445	 1881	
272	 5.2354568e-01	 +1.4539073e-03 +7.2446456e-04	 8.12e-01 Accepted	 444	 1838	
273	 5.2304185e-01	 +5.9089369e-04 -6.4100748e-05	 5.74e-01 Accepted	 438	 1839	
274	 5.2320664e-01	 -9.0430816e-04 -7.7988371e-04	 9.36e-01 Accepted	 444	 1845	
275	 5.2315320e-01	 +1.3675882e-03 +1.6016289e-03	 8.47e-01 Accepted	 441	 1838	
276	 5.2319135e-01	 +3.6244867e-03 -1.9318739e-03	 9.02e-01 Accepted	 442	 1866	
277	 5.2321152e-01	 +2.6346441e-03 -1.2018168e-03	 1.04e+00 Accepted	 443	 1851	
278	 5.2302870e-01	 -1.0637383e-03 +5.3673149e-05	 8.03e-01 Accepted	 437	 1852	
279	 5.2335595e-01	 +7.8519310e-04 +1.0978183e-03	 8.68e-01 Accepted	 438	 1874	
280	 5.2356537e-01	 +3.3722613e-03 -1.4526144e-03	 6.32e-01 Accepted	 438	 1853	
281	 5.2333802e-01	 +1.6831321e-03 +3.0564307e-05	 6.87e-01 Accepted	 439	 1849	
282	 5.2334355e-01	 -9.0037305e-04 -1.4027753e-03	 9.85e-01 Accepted	 441	 1838	
283	 5.2357001e-01	 -1.5659698e-03 -1.1315297e-03	 5.32e-01 Accepted	 440	 1843	
284	 5.2361870e-01	 -4.1668423e-04 -4.0849652e-04	 8.58e-01 Accepted	 442	 1839	
285	 5.2361870e-01	 -4.1668423e-04 -4.0849652e-04	 6.41e-01 Rejected	 440	 1847	
286	 5.2337918e-01	 +2.7691577e-04 +6.8027099e-04	 1.28e+00 Accepted	 438	 1843	
287	 5.2360638e-01	 +1.4960559e-03 +2.4997610e-03	 1.14e+00 Accepted	 435	 1828	
288	 5.2360638e-01	 +1.4960559e-03 +2.4997610e-03	 7.54e-01 Rejected	 438	 1854	
289	 5.2365613e-01	 +1.8340214e-04 -1.1483823e-03	 9.67e-01 Accepted	 440	 1848	
290	 5.2410692e-01	 +1.7722160e-03 +1.3613157e-03	 1.16e+00 Accepted	 443	 1863	
291	 5.2408798e-01	 -6.8345906e-04 +1.1376483e-03	 1.14e+00 Accepted	 439	 1835	
292	 5.2414336e-01	 +6.7924260e-04 +1.7012255e-03	 1.06e+00 Accepted	 442	 1848	
293	 5.2376486e-01	 -1.2630470e-03 +1.6862694e-03	 1.26e+00 Accepted	 440	 1857	
294	 5.2379607e-01	 +1.3819007e-03 +8.7051046e-04	 1.15e+00 Accepted	 443	 1869	
295	 5.2372692e-01	 +2.9479730e-04 -1.8787556e-03	 1.06e+00 Accepted	 444	 1848	
296	 5.2343883e-01	 +4.2491426e-03 +4.4561490e-04	 4.72e-01 Accepted	 441	 1829	
297	 5.2376405e-01	 +1.8106378e-03 -1.5417577e-03	 1.15e+00 Accepted	 433	 1814	
298	 5.2376405e-01	 +1.8106378e-03 -1.5417577e-03	 8.19e-01 Rejected	 433	 1847	
299	 5.2351983e-01	 +1.5393412e-03 -9.6098212e-04	 9.65e-01 Accepted	 436	 1852	
300	 5.2382168e-01	 +4.8510914e-03 +2.9489238e-04	 9.57e-01 Accepted	 438	 1857	
301	 5.2415785e-01	 +4.0882483e-04 -1.3025930e-03	 1.64e+00 Accepted	 440	 1852	
302	 5.2415785e-01	 +4.0882483e-04 -1.3025930e-03	 7.56e-01 Rejected	 443	 1853	
303	 5.2398371e-01	 +1.1494378e-03 -2.9317296e-03	 8.30e-01 Accepted	 444	 1845	
304	 5.2404711e-01	 -5.3285452e-04 +7.2182201e-04	 8.87e-01 Accepted	 442	 1839	
305	 5.2370452e-01	 +4.2661793e-04 +3.4911829e-04	 6.60e-01 Accepted	 437	 1840	
# Starting_type: CheckpointStart
# Trajectory_length / Number_of_MD_steps: 1 / 7
# 	 Plaquette	 Polyakov_Loop(re,im)	 Acc._Probability	 runtime_per_traj(s)	 CG_iterations	
305	 5.2370452e-01	 +4.2661793e-04 +3.4911829e-04	 6.60e-01 Accepted	 455	 1840	
306	 5.2333714e-01	 +1.7496145e-03 -4.0145930e-03	 1.30e+00 Accepted	 437	 1859	
307	 5.2346631e-01	 -2.1835073e-04 +2.4617252e-03	 1.25e+00 Accepted	 437	 1832	
308	 5.2366325e-01	 +2.8622928e-03 +1.1666603e-03	 1.46e+00 Accepted	 436	 1856	
309	 5.2374705e-01	 -2.3454128e-03 -4.9853361e-04	 1.19e+00 Accepted	 437	 1851	
310	 5.2395657e-01	 +4.2229252e-03 +1.6001549e-03	 1.72e+00 Accepted	 438	 1862	
311	 5.2387486e-01	 +9.6785216e-04 -3.8605276e-04	 9.03e-01 Accepted	 441	 1858	
312	 5.2394728e-01	 +4.6325799e-04 -1.3031795e-03	 1.08e+00 Accepted	 435	 1841	
313	 5.2388056e-01	 +2.9369162e-04 +4.3835550e-05	 1.01e+00 Accepted	 435	 1834	
314	 5.2413394e-01	 -1.0476563e-03 +1.2418326e-03	 1.24e+00 Accepted	 438	 1898	
315	 5.2413394e-01	 -1.0476563e-03 +1.2418326e-03	 7.06e-01 Rejected	 441	 1832	
316	 5.2401158e-01	 +6.5217565e-04 -1.2927055e-03	 1.27e+00 Accepted	 444	 1868	
317	 5.2378396e-01	 +1.1946972e-03 -7.9644317e-04	 1.20e+00 Accepted	 437	 1830	
318	 5.2371506e-01	 -2.2659547e-05 -2.9136909e-03	 6.60e-01 Accepted	 430	 1837	
319	 5.2374972e-01	 +2.0119555e-03 +8.3659638e-04	 1.03e+00 Accepted	 439	 1877	
320	 5.2338660e-01	 +4.2980865e-03 -9.6957488e-04	 9.39e-01 Accepted	 445	 1870	
321	 5.2296370e-01	 +1.3484938e-03 +7.2715118e-05	 5.61e-01 Accepted	 443	 1844	
322	 5.2317788e-01	 -1.1464047e-03 -2.6356543e-04	 1.22e+00 Accepted	 440	 1866	
323	 5.2302049e-01	 +2.9409224e-03 +1.5398337e-03	 9.59e-01 Accepted	 440	 1855	
324	 5.2305992e-01	 -4.5795427e-04 +2.4471664e-03	 9.22e-01 Accepted	 437	 1839	
325	 5.2370710e-01	 +3.3322231e-04 +3.5256813e-03	 7.99e-01 Accepted	 433	 1844	
326	 5.2358661e-01	 +2.7804289e-04 +1.0903841e-03	 1.23e+00 Accepted	 438	 1846	
327	 5.2387875e-01	 +1.5602704e-03 +8.2976200e-04	 1.50e+00 Accepted	 437	 1853	
328	 5.2354839e-01	 -7.4479101e-04 +1.1105860e-03	 1.10e+00 Accepted	 436	 1827	
329	 5.2336345e-01	 +7.9241776e-04 +3.9682090e-04	 9.70e-01 Accepted	 433	 1834	
330	 5.2336345e-01	 +7.9241776e-04 +3.9682090e-04	 6.16e-01 Rejected	 434	 1834	
331	 5.2340114e-01	 +4.8416129e-04 +3.2292961e-04	 9.57e-01 Accepted	 435	 1851	
332	 5.2347228e-01	 -3.0778870e-04 -1.7122345e-03	 1.01e+00 Accepted	 436	 1839	
333	 5.2341492e-01	 +2.3133093e-05 +6.9047291e-04	 1.09e+00 Accepted	 441	 1869	
334	 5.2312554e-01	 +7.0808293e-04 -1.8404971e-03	 8.45e-01 Accepted	 441	 1845	
335	 5.2270487e-01	 +2.1125090e-04 +2.5541516e-03	 5.59e-01 Accepted	 440	 1879	
336	 5.2270487e-01	 +2.1125090e-04 +2.5541516e-03	 5.95e-01 Rejected	 440	 1850	
337	 5.2319562e-01	 +2.2103149e-03 -2.0623301e-03	 1.33e+00 Accepted	 443	 1863	
338	 5.2320520e-01	 +3.8825992e-04 -3.6582422e-04	 8.35e-01 Accepted	 436	 1833	
339	 5.2328280e-01	 +3.6505292e-04 +1.5476672e-03	 9.62e-01 Accepted	 439	 1898	
340	 5.2336811e-01	 +9.7065129e-04 +4.8523454e-03	 1.43e+00 Accepted	 446	 1861	
341	 5.2356358e-01	 +9.1293197e-04 -2.4834030e-03	 6.97e-01 Accepted	 438	 1870	
342	 5.2351311e-01	 +1.0653446e-04 +1.9004303e-03	 1.08e+00 Accepted	 440	 1856	
343	 5.2351311e-01	 +1.0653446e-04 +1.9004303e-03	 5.38e-01 Rejected	 444	 1871	
344	 5.2328039e-01	 +1.1175864e-03 +1.9786595e-03	 1.05e+00 Accepted	 440	 1871	
345	 5.2328039e-01	 +1.1175864e-03 +1.9786595e-03	 7.38e-01 Rejected	 439	 1870	
346	 5.2320454e-01	 +3.9025271e-03 +1.5576207e-03	 9.05e-01 Accepted	 437	 1866	
347	 5.2326650e-01	 +2.9370518e-03 +3.1015239e-04	 9.65e-01 Accepted	 437	 1846	
348	 5.2324015e-01	 -2.6174781e-04 +2.3295355e-04	 7.60e-01 Accepted	 436	 1860	
349	 5.2323220e-01	 +6.9277978e-04 -8.4016293e-04	 1.08e+00 Accepted	 439	 1859	
350	 5.2360340e-01	 +8.1691004e-04 +1.4760990e-03	 1.31e+00 Accepted	 438	 1840	
351	 5.2350954e-01	 -3.2827436e-04 +1.2917209e-03	 1.09e+00 Accepted	 434	 1835	
352	 5.2361946e-01	 +1.8026505e-03 -3.7956665e-04	 9.11e-01 Accepted	 434	 1863	
353	 5.2358141e-01	 -1.7318818e-03 -2.6271512e-04	 1.07e+00 Accepted	 441	 1858	
354	 5.2385906e-01	 +3.4583427e-03 +2.0019892e-03	 2.04e+00 Accepted	 436	 1856	
355	 5.2386099e-01	 -8.2639090e-05 -3.1259034e-03	 1.45e+00 Accepted	 436	 1856	
356	 5.2399896e-01	 -1.0590658e-03 +1.9930079e-03	 1.03e+00 Accepted	 435	 1823	
357	 5.2414114e-01	 +7.5613224e-04 +2.5924260e-03	 5.55e-01 Accepted	 437	 1866	
358	 5.2414114e-01	 +7.5613224e-04 +2.5924260e-03	 9.60e-01 Rejected	 437	 1842	
359	 5.2447347e-01	 +1.1506876e-03 -1.8622746e-03	 2.02e+00 Accepted	 436	 1838	
360	 5.2409917e-01	 -6.8904320e-04 -7.6342439e-05	 6.89e-01 Accepted	 441	 1865	
361	 5.2426126e-01	 +1.5052687e-03 +4.7896307e-04	 2.04e+00 Accepted	 437	 1846	
362	 5.2398991e-01	 +1.1102472e-03 +2.9077939e-04	 1.01e+00 Accepted	 441	 1860	
363	 5.2435052e-01	 -3.4165170e-05 -2.6786516e-03	 7.67e-01 Accepted	 440	 1855	
364	 5.2455068e-01	 +2.7877792e-03 +5.3197333e-04	 1.25e+00 Accepted	 439	 1859	
365	 5.2450989e-01	 +2.4115382e-04 +3.0222618e-03	 7.11e-01 Accepted	 435	 1852	
366	 5.2454247e-01	 -7.5052448e-05 +1.2427478e-03	 1.08e+00 Accepted	 437	 1827	
367	 5.2464880e-01	 +1.6914232e-03 +5.3490841e-04	 7.08e-01 Accepted	 435	 1856	
368	 5.2444723e-01	 -4.8224659e-04 +2.3848635e-03	 1.00e+00 Accepted	 437	 1846	
369	 5.2471309e-01	 -7.0236682e-04 +9.3348151e-04	 1.30e+00 Accepted	 434	 1843	
370	 5.2412865e-01	 +1.8191131e-03 +1.4263669e-03	 9.57e-01 Accepted	 439	 1851	
371	 5.2464899e-01	 +3.0103595e-04 -1.7610146e-03	 1.97e+00 Accepted	 441	 1840	
372	 5.2514842e-01	 -5.9218926e-04 +6.7556164e-04	 9.13e-01 Accepted	 439	 1834	
373	 5.2499487e-01	 +3.9240645e-04 -2.9836340e-03	 1.14e+00 Accepted	 439	 1867	
374	 5.2491469e-01	 -2.2935373e-03 +1.2416528e-04	 1.14e+00 Accepted	 438	 1849	
375	 5.2456950e-01	 +1.4559415e-03 +1.2700932e-04	 6.75e-01 Accepted	 437	 1839	
376	 5.2415149e-01	 -9.0995848e-05 -3.4753342e-04	 6.84e-01 Accepted	 433	 1844	
377	 5.2395416e-01	 -2.1403428e-03 +7.1260649e-04	 1.15e+00 Accepted	 436	 1823	
378	 5.2432794e-01	 +7.2522480e-04 +1.0045617e-03	 7.89e-01 Accepted	 433	 1842	
379	 5.2366996e-01	 +8.7157775e-04 +9.3846586e-04	 1.04e+00 Accepted	 438	 1869	
380	 5.2400351e-01	 +2.1794561e-03 -1.8081367e-03	 1.24e+00 Accepted	 440	 1847	
381	 5.2413741e-01	 +1.0432089e-03 -3.3729108e-04	 1.23e+00 Accepted	 435	 1853	
382	 5.2413741e-01	 +1.0432089e-03 -3.3729108e-04	 6.19e-01 Rejected	 440	 1839	
383	 5.2397166e-01	 +1.9810920e-03 -1.1026269e-04	 7.36e-01 Accepted	 438	 1831	
384	 5.2394619e-01	 +6.7991136e-04 +1.0330367e-05	 1.22e+00 Accepted	 438	 1834	
385	 5.2380223e-01	 +2.6112333e-03 -7.3935044e-05	 8.36e-01 Accepted	 435	 1826	
386	 5.2378275e-01	 +1.9794050e-03 +6.5237460e-04	 1.14e+00 Accepted	 435	 1862	
387	 5.2387427e-01	 +4.5484902e-03 -8.5307507e-05	 1.94e+00 Accepted	 439	 1897	
388	 5.2386480e-01	 +5.9064425e-04 +1.0345655e-03	 1.17e+00 Accepted	 439	 1852	
389	 5.2385919e-01	 +1.9085463e-03 +2.9325235e-03	 5.52e-01 Accepted	 439	 1842	
390	 5.2392967e-01	 -9.8012465e-04 -1.6819007e-03	 9.25e-01 Accepted	 437	 1836	
391	 5.2392967e-01	 -9.8012465e-04 -1.6819007e-03	 7.92e-01 Rejected	 433	 1835	
392	 5.2411917e-01	 -2.1150568e-03 +3.1676172e-03	 1.23e+00 Accepted	 434	 1858	
393	 5.2416446e-01	 +1.4272051e-03 -3.2929738e-03	 9.92e-01 Accepted	 433	 1852	
394	 5.2467149e-01	 +8.8227476e-04 -1.4951062e-03	 7.81e-01 Accepted	 438	 1862	
395	 5.2467149e-01	 +8.8227476e-04 -1.4951062e-03	 9.50e-01 Rejected	 438	 1857	
396	 5.2474254e-01	 +1.0632255e-03 +3.9711956e-03	 9.98e-01 Accepted	 439	 1844	
397	 5.2446004e-01	 -9.8785009e-04 -5.1411626e-04	 8.37e-01 Accepted	 437	 1856	
398	 5.2431395e-01	 +3.7979503e-04 -1.1191072e-03	 6.45e-01 Accepted	 438	 1849	
399	 5.2431395e-01	 +3.7979503e-04 -1.1191072e-03	 5.62e-01 Rejected	 437	 1845	
400	 5.2438485e-01	 +2.5853513e-03 -9.4483316e-04	 7.70e-01 Accepted	 438	 1853	
401	 5.2418857e-01	 -7.1057099e-04 +6.4967978e-04	 6.25e-01 Accepted	 438	 1832	
402	 5.2437358e-01	 +1.7997905e-03 -2.2718706e-03	 1.44e+00 Accepted	 436	 1856	
# Starting_type: CheckpointStart
# Trajectory_length / Number_of_MD_steps: 1 / 7
# 	 Plaquette	 Polyakov_Loop(re,im)	 Acc._Probability	 runtime_per_traj(s)	 CG_iterations	
403	 5.2456451e-01	 +2.1443413e-03 -7.3564593e-04	 8.34e-01 Accepted	 458	 1841	
404	 5.2440639e-01	 -1.5679161e-04 -3.8858355e-04	 7.08e-01 Accepted	 445	 1873	
405	 5.2440639e-01	 -1.5679161e-04 -3.8858355e-04	 6.98e-01 Rejected	 448	 1868	
406	 5.2445135e-01	 -2.0272144e-04 +2.0709694e-03	 1.14e+00 Accepted	 445	 1853	
407	 5.2444442e-01	 +8.9842521e-04 +1.0759425e-04	 9.88e-01 Accepted	 443	 1836	
408	 5.2441051e-01	 +8.4531940e-04 +1.1235080e-03	 1.17e+00 Accepted	 444	 1843	
409	 5.2474556e-01	 +8.6283513e-04 +5.0981006e-04	 1.13e+00 Accepted	 440	 1828	
410	 5.2477315e-01	 +1.4587114e-04 -7.9002610e-05	 6.02e-01 Accepted	 443	 1862	
411	 5.2503433e-01	 +7.3086363e-04 -5.6376981e-04	 8.39e-01 Accepted	 444	 1836	
412	 5.2502541e-01	 -2.0207928e-04 +3.7687447e-03	 1.46e+00 Accepted	 445	 1848	
413	 5.2508496e-01	 +1.8988665e-04 -1.4194152e-03	 1.10e+00 Accepted	 443	 1848	
414	 5.2520397e-01	 +7.7838549e-04 +2.3383571e-03	 6.65e-01 Accepted	 442	 1850	
415	 5.2525474e-01	 +9.4780963e-04 +2.5460708e-03	 9.75e-01 Accepted	 447	 1857	
416	 5.2526349e-01	 +1.5771311e-03 +2.7045617e-03	 1.22e+00 Accepted	 449	 1869	
417	 5.2477253e-01	 +1.2374816e-03 +2.4738445e-03	 9.98e-01 Accepted	 450	 1862	
418	 5.2496792e-01	 +7.9715451e-04 +4.5489419e-03	 1.06e+00 Accepted	 445	 1861	
419	 5.2555033e-01	 +1.5058317e-03 +9.6714930e-04	 1.35e+00 Accepted	 447	 1855	
420	 5.2545332e-01	 +1.2724785e-03 -5.5781624e-04	 9.61e-01 Accepted	 443	 1852	
421	 5.2530547e-01	 -2.5083636e-04 -1.3141296e-03	 1.31e+00 Accepted	 446	 1856	
422	 5.2517124e-01	 +7.3048882e-04 -1.2450187e-03	 1.02e+00 Accepted	 444	 1853	
423	 5.2523029e-01	 +8.3306275e-04 +3.2533764e-05	 1.26e+00 Accepted	 444	 1860	
424	 5.2534743e-01	 +1.5164154e-03 -6.0315356e-04	 1.91e+00 Accepted	 444	 1867	
425	 5.2542472e-01	 +2.5022851e-03 +3.7946026e-03	 1.15e+00 Accepted	 444	 1869	
426	 5.2527912e-01	 +6.1268919e-04 -1.9599441e-04	 9.59e-01 Accepted	 441	 1870	
427	 5.2506252e-01	 +2.1750570e-03 -3.4281452e-04	 1.40e+00 Accepted	 446	 1852	
428	 5.2466225e-01	 +3.1670405e-03 -1.6920569e-03	 8.20e-01 Accepted	 442	 1859	
429	 5.2480895e-01	 +3.6679073e-03 +1.2878024e-03	 7.92e-01 Accepted	 444	 1858	
430	 5.2480895e-01	 +3.6679073e-03 +1.2878024e-03	 8.26e-01 Rejected	 444	 1860	
431	 5.2499489e-01	 +1.6439425e-03 -2.9646644e-03	 1.14e+00 Accepted	 444	 1858	
432	 5.2499489e-01	 +1.6439425e-03 -2.9646644e-03	 5.24e-01 Rejected	 442	 1842	
433	 5.2459447e-01	 +4.3803880e-05 -1.6960412e-03	 1.03e+00 Accepted	 446	 1848	
434	 5.2472187e-01	 +6.0391390e-04 +3.6167439e-04	 1.18e+00 Accepted	 443	 1850	
435	 5.2483254e-01	 +3.1412944e-03 +1.1213366e-03	 1.18e+00 Accepted	 440	 1834	
436	 5.2428561e-01	 -1.0789710e-03 +1.6946479e-04	 4.49e-01 Accepted	 443	 1856	
437	 5.2494570e-01	 +1.5768386e-03 -1.5881563e-07	 2.89e+00 Accepted	 444	 1865	
438	 5.2541391e-01	 -3.3104764e-04 +2.6415027e-04	 1.27e+00 Accepted	 440	 1852	
439	 5.2563212e-01	 -4.5090163e-04 +1.2341597e-04	 6.99e-01 Accepted	 444	 1840	
440	 5.2546566e-01	 +3.2206163e-03 +2.1508045e-03	 1.14e+00 Accepted	 442	 1847	
441	 5.2543413e-01	 +2.3294817e-03 -1.1660843e-03	 7.05e-01 Accepted	 440	 1832	
442	 5.2512487e-01	 +1.2285567e-04 +1.5972305e-04	 1.06e+00 Accepted	 440	 1858	
443	 5.2563598e-01	 -4.0380691e-04 -2.2181762e-03	 2.46e+00 Accepted	 441	 1843	
444	 5.2571956e-01	 +1.8185964e-03 +1.1787071e-03	 1.68e+00 Accepted	 439	 1865	
445	 5.2601863e-01	 +1.4634679e-03 -1.3144490e-03	 1.33e+00 Accepted	 442	 1820	
446	 5.2595314e-01	 +1.3437817e-03 -1.8825180e-03	 8.45e-01 Accepted	 441	 1863	
447	 5.2595314e-01	 +1.3437817e-03 -1.8825180e-03	 8.36e-01 Rejected	 445	 1862	
448	 5.2561858e-01	 +4.2878660e-04 +1.5759554e-03	 1.16e+00 Accepted	 445	 1857	
449	 5.2524574e-01	 +9.5133505e-04 +1.2818872e-03	 6.62e-01 Accepted	 447	 1852	
450	 5.2481398e-01	 -7.9394468e-05 +1.5990510e-03	 9.58e-01 Accepted	 448	 1849	
451	 5.2500485e-01	 -2.5007416e-03 +3.4807043e-04	 9.97e-01 Accepted	 445	 1853	
452	 5.2502988e-01	 +1.6290931e-04 -4.5301370e-04	 8.00e-01 Accepted	 444	 1859	
453	 5.2487692e-01	 -2.0560486e-03 +1.2880994e-03	 1.78e+00 Accepted	 445	 1852	
454	 5.2475812e-01	 -1.6104280e-03 +1.4868474e-03	 6.45e-01 Accepted	 443	 1845	
455	 5.2442454e-01	 -1.0487435e-03 +1.0590975e-03	 8.64e-01 Accepted	 442	 1848	
456	 5.2467446e-01	 +2.9241752e-03 +5.3446864e-04	 1.34e+00 Accepted	 447	 1889	
457	 5.2483399e-01	 +1.5566780e-03 +1.4760600e-03	 1.30e+00 Accepted	 448	 1868	
458	 5.2460672e-01	 +2.6777494e-03 -2.0236358e-03	 5.94e-01 Accepted	 447	 1858	
459	 5.2496047e-01	 +2.4771679e-04 -2.3758734e-03	 1.07e+00 Accepted	 446	 1849	
460	 5.2516965e-01	 +1.2966728e-03 +2.6145750e-03	 1.07e+00 Accepted	 445	 1849	
461	 5.2484262e-01	 -1.5580204e-04 -3.8823346e-04	 7.83e-01 Accepted	 441	 1842	
462	 5.2506863e-01	 +2.2155828e-03 +5.1740037e-04	 1.49e+00 Accepted	 445	 1866	
463	 5.2491078e-01	 +3.4860721e-04 -1.6379808e-03	 4.10e-01 Accepted	 444	 1830	
464	 5.2524213e-01	 +1.8227632e-03 +1.5415692e-03	 1.52e+00 Accepted	 441	 1864	
465	 5.2532148e-01	 +2.3334061e-03 -1.5198258e-03	 1.26e+00 Accepted	 442	 1845	
466	 5.2520446e-01	 -2.9527747e-04 +1.1758541e-03	 1.20e+00 Accepted	 440	 1847	
467	 5.2482316e-01	 +4.7576993e-03 -5.5552020e-04	 5.87e-01 Accepted	 439	 1835	
468	 5.2473100e-01	 +2.3813049e-03 -1.0285388e-03	 7.98e-01 Accepted	 446	 1878	
469	 5.2451378e-01	 -2.3831257e-04 -6.4690630e-05	 1.15e+00 Accepted	 444	 1864	
470	 5.2489392e-01	 -3.0793093e-03 +1.7741729e-03	 1.46e+00 Accepted	 444	 1860	
471	 5.2489392e-01	 -3.0793093e-03 +1.7741729e-03	 8.22e-01 Rejected	 447	 1868	
472	 5.2488101e-01	 +1.7781956e-03 -1.1704296e-03	 9.20e-01 Accepted	 443	 1857	
473	 5.2500412e-01	 +2.2270940e-03 +8.3340396e-06	 9.86e-01 Accepted	 441	 1830	
474	 5.2495813e-01	 +1.8607832e-03 -3.8487642e-04	 7.07e-01 Accepted	 440	 1853	
475	 5.2476724e-01	 -8.6414617e-04 +2.2828936e-04	 1.23e+00 Accepted	 444	 1851	
476	 5.2427969e-01	 +1.5052251e-04 +1.3023548e-03	 7.05e-01 Accepted	 438	 1841	
477	 5.2492469e-01	 -1.8190347e-03 +8.1875575e-04	 2.45e+00 Accepted	 444	 1870	
478	 5.2488814e-01	 +9.3793332e-04 +9.9563503e-04	 1.10e+00 Accepted	 445	 1871	
479	 5.2488814e-01	 +9.3793332e-04 +9.9563503e-04	 7.09e-01 Rejected	 449	 1905	
480	 5.2504998e-01	 +2.2294384e-03 -3.0852065e-04	 1.13e+00 Accepted	 449	 1875	
481	 5.2499331e-01	 +1.9034594e-03 +2.4205620e-03	 1.43e+00 Accepted	 448	 1855	
482	 5.2483143e-01	 -1.4262807e-03 +3.9539347e-04	 1.47e+00 Accepted	 442	 1856	
483	 5.2458047e-01	 +1.1265174e-03 -4.6074468e-04	 8.74e-01 Accepted	 447	 1899	
484	 5.2474547e-01	 +1.1067735e-03 +5.0123470e-04	 9.89e-01 Accepted	 448	 1859	
485	 5.2474547e-01	 +1.1067735e-03 +5.0123470e-04	 7.55e-01 Rejected	 447	 1867	
486	 5.2507206e-01	 -1.3403157e-03 +1.8339350e-04	 1.68e+00 Accepted	 446	 1864	
487	 5.2508522e-01	 +7.7402792e-04 -3.7467449e-04	 6.26e-01 Accepted	 442	 1848	
488	 5.2520213e-01	 +1.9496473e-04 +3.7486771e-04	 8.53e-01 Accepted	 442	 1865	
489	 5.2501925e-01	 -3.2734301e-04 +4.6602516e-03	 5.94e-01 Accepted	 446	 1858	
490	 5.2536117e-01	 -1.6349549e-03 -5.0129866e-04	 9.33e-01 Accepted	 441	 1835	
491	 5.2534490e-01	 -1.9131185e-03 +2.5735864e-03	 9.71e-01 Accepted	 438	 1827	
492	 5.2526540e-01	 +1.8120266e-03 +3.8352181e-03	 7.45e-01 Accepted	 438	 1840	
493	 5.2536263e-01	 -1.2523050e-03 -6.2136121e-04	 9.37e-01 Accepted	 441	 1844	
494	 5.2513371e-01	 +1.7725878e-03 +1.7552137e-04	 9.50e-01 Accepted	 438	 1842	
495	 5.2488095e-01	 +1.0198652e-03 -1.4024274e-03	 1.13e+00 Accepted	 448	 1835	
496	 5.2451895e-01	 -6.7943199e-04 +2.2937693e-03	 1.14e+00 Accepted	 438	 1832	
497	 5.2451895e-01	 -6.7943199e-04 +2.2937693e-03	 3.84e-01 Rejected	 442	 1830	
498	 5.2440670e-01	 +1.9876730e-03 +1.1984011e-03	 1.73e+00 Accepted	 438	 1826	
499	 5.2432366e-01	 +2.5659674e-03 -2.2372864e-03	 4.38e-01 Accepted	 440	 1851	
# Starting_type: CheckpointStart
# Trajectory_length / Number_of_MD_steps: 1 / 7
# 	 Plaquette	 Polyakov_Loop(re,im)	 Acc._Probability	 runtime_per_traj(s)	 CG_iterations	
499	 5.2432366e-01	 +2.5659674e-03 -2.2372864e-03	 4.38e-01 Accepted	 456	 1851	
500	 5.2454975e-01	 +8.7784395e-04 -2.4951222e-03	 1.25e+00 Accepted	 443	 1886	
501	 5.2417208e-01	 +3.7966693e-03 -3.0318843e-04	 8.78e-01 Accepted	 444	 1869	
502	 5.2425887e-01	 -7.1326856e-05 -1.4469025e-03	 1.01e+00 Accepted	 440	 1868	
503	 5.2415079e-01	 -1.0045908e-03 -1.5031554e-03	 8.57e-01 Accepted	 440	 1862	
504	 5.2455469e-01	 +3.4056504e-03 +1.6412415e-03	 1.52e+00 Accepted	 441	 1878	
505	 5.2461127e-01	 +1.1263656e-03 -1.8144064e-03	 1.10e+00 Accepted	 443	 1870	
506	 5.2462658e-01	 +4.9851019e-04 +1.9356657e-03	 1.12e+00 Accepted	 443	 1879	
507	 5.2490451e-01	 +1.0258107e-03 -1.3350925e-03	 7.61e-01 Accepted	 445	 1863	
508	 5.2519075e-01	 +1.6696932e-04 +2.9780686e-03	 1.66e+00 Accepted	 441	 1861	
509	 5.2481423e-01	 -9.4606886e-05 -9.5215405e-04	 3.73e-01 Accepted	 440	 1840	
510	 5.2450443e-01	 -7.4630488e-04 -2.1093056e-03	 1.27e+00 Accepted	 441	 1851	
511	 5.2460327e-01	 -9.5764450e-06 -7.1421468e-04	 1.50e+00 Accepted	 440	 1847	
512	 5.2460327e-01	 -9.5764450e-06 -7.1421468e-04	 5.17e-01 Rejected	 440	 1903	
513	 5.2436695e-01	 -1.4403678e-03 +2.1501403e-03	 8.94e-01 Accepted	 441	 1865	
514	 5.2415761e-01	 -1.5055932e-03 -8.8900202e-04	 1.62e+00 Accepted	 441	 1877	
515	 5.2428708e-01	 -1.1016024e-03 -3.4019869e-03	 7.61e-01 Accepted	 444	 1853	
516	 5.2411286e-01	 -6.6984749e-04 -4.3605105e-04	 7.80e-01 Accepted	 443	 1904	
517	 5.2417923e-01	 -9.8283183e-04 +1.0334043e-03	 1.42e+00 Accepted	 442	 1858	
518	 5.2414954e-01	 -2.0401750e-03 -9.0881581e-04	 1.20e+00 Accepted	 440	 1850	
519	 5.2423168e-01	 +1.2579688e-03 -3.6662750e-03	 1.19e+00 Accepted	 440	 1871	
520	 5.2380481e-01	 +3.0950400e-03 +1.9870849e-03	 7.74e-01 Accepted	 440	 1853	
521	 5.2377803e-01	 -1.8648584e-03 +1.2476703e-03	 1.23e+00 Accepted	 437	 1841	
522	 5.2342707e-01	 -2.2255170e-03 +1.5806980e-04	 9.71e-01 Accepted	 437	 1836	
523	 5.2349127e-01	 -8.4482241e-04 -5.1724605e-05	 1.26e+00 Accepted	 440	 1882	
524	 5.2368891e-01	 -6.8486976e-04 -2.6101439e-03	 1.10e+00 Accepted	 448	 1907	
525	 5.2344524e-01	 -9.2160604e-05 -1.5324823e-03	 8.55e-01 Accepted	 447	 1871	
526	 5.2367864e-01	 +2.2264624e-04 +9.4892393e-04	 1.16e+00 Accepted	 439	 1818	
527	 5.2387807e-01	 +6.9477328e-04 -5.8747343e-05	 7.05e-01 Accepted	 436	 1829	
528	 5.2399898e-01	 -2.9716559e-03 +1.3179560e-04	 1.08e+00 Accepted	 439	 1855	
529	 5.2400350e-01	 +3.9467581e-03 -1.5586186e-03	 6.37e-01 Accepted	 443	 1853	
530	 5.2412682e-01	 +2.0783110e-03 -1.5965012e-03	 1.38e+00 Accepted	 443	 1875	
531	 5.2412682e-01	 +2.0783110e-03 -1.5965012e-03	 5.37e-01 Rejected	 444	 1868	
532	 5.2476298e-01	 -7.2494581e-04 -1.9047430e-04	 1.66e+00 Accepted	 443	 1866	
533	 5.2461143e-01	 +4.0849294e-03 -3.9537691e-03	 1.36e+00 Accepted	 442	 1840	
534	 5.2460633e-01	 -5.2599400e-04 +4.0051202e-04	 8.85e-01 Accepted	 440	 1880	
535	 5.2467402e-01	 +1.7433923e-03 -1.0714520e-03	 6.77e-01 Accepted	 447	 1901	
536	 5.2450028e-01	 +9.4281324e-04 -2.7616443e-03	 7.65e-01 Accepted	 450	 1868	
537	 5.2445308e-01	 -1.2229330e-03 -2.1119884e-03	 1.21e+00 Accepted	 441	 1823	
538	 5.2434570e-01	 +2.6731854e-03 +8.7112991e-04	 6.89e-01 Accepted	 435	 1823	
539	 5.2402344e-01	 -4.4536744e-04 +1.0613869e-03	 1.11e+00 Accepted	 439	 1873	
540	 5.2407650e-01	 +2.7575520e-04 +2.2233513e-03	 1.60e+00 Accepted	 441	 1875	
541	 5.2407046e-01	 +9.0220829e-04 +4.9364974e-04	 1.07e+00 Accepted	 443	 1903	
542	 5.2374991e-01	 -1.5731963e-03 -1.7279161e-03	 5.61e-01 Accepted	 447	 1841	
543	 5.2432338e-01	 +8.0054246e-04 -2.4730213e-03	 1.71e+00 Accepted	 434	 1821	
544	 5.2434129e-01	 +6.4903579e-04 -1.8583262e-03	 1.72e+00 Accepted	 436	 1864	
545	 5.2406558e-01	 +2.6144421e-03 +2.3937750e-03	 4.93e-01 Accepted	 436	 1849	
546	 5.2415504e-01	 -3.8556603e-04 -2.8540464e-04	 7.82e-01 Accepted	 438	 1845	
547	 5.2415504e-01	 -3.8556603e-04 -2.8540464e-04	 5.57e-01 Rejected	 436	 1826	
548	 5.2411994e-01	 -5.5226680e-04 +2.0846830e-03	 1.38e+00 Accepted	 439	 1849	
549	 5.2432730e-01	 -1.3848495e-04 +1.8646395e-04	 9.15e-01 Accepted	 438	 1838	
550	 5.2373924e-01	 +2.0726842e-03 +1.0355570e-03	 1.21e+00 Accepted	 437	 1856	
551	 5.2392064e-01	 -4.4829189e-04 -6.7103608e-06	 1.01e+00 Accepted	 434	 1837	
552	 5.2392064e-01	 -4.4829189e-04 -6.7103608e-06	 3.92e-01 Rejected	 434	 1829	
553	 5.2403890e-01	 -1.8543112e-03 -4.4714564e-04	 8.02e-01 Accepted	 435	 1841	
554	 5.2382109e-01	 -5.7997799e-04 +8.0405376e-04	 1.02e+00 Accepted	 437	 1858	
555	 5.2335766e-01	 -3.7170225e-03 +2.0743914e-03	 1.01e+00 Accepted	 437	 1837	
556	 5.2339606e-01	 -4.2429438e-05 -2.6530565e-04	 1.23e+00 Accepted	 441	 1844	
557	 5.2303628e-01	 -1.2300615e-03 -1.8358208e-03	 9.32e-01 Accepted	 442	 1845	
558	 5.2296369e-01	 -9.8536215e-04 -7.6404495e-04	 1.04e+00 Accepted	 441	 1863	
559	 5.2312749e-01	 +4.6907214e-04 +1.4718931e-03	 1.26e+00 Accepted	 438	 1859	
560	 5.2298950e-01	 +6.3196037e-04 +2.4357312e-03	 1.32e+00 Accepted	 440	 1879	
561	 5.2327694e-01	 +2.1576670e-03 +1.0509762e-03	 1.26e+00 Accepted	 441	 1836	
562	 5.2335398e-01	 -2.6412644e-03 +1.0059666e-03	 1.43e+00 Accepted	 436	 1854	
563	 5.2305526e-01	 -1.1094317e-03 +7.9313624e-04	 1.32e+00 Accepted	 438	 1851	
564	 5.2341672e-01	 -8.5894786e-04 +4.6721376e-04	 1.73e+00 Accepted	 440	 1888	
565	 5.2273858e-01	 -8.1874082e-04 -2.8517856e-03	 9.03e-01 Accepted	 439	 1822	
566	 5.2283161e-01	 +1.9543791e-03 -2.4646167e-03	 1.03e+00 Accepted	 436	 1841	
567	 5.2290823e-01	 -1.6635620e-03 +2.9951454e-03	 9.10e-01 Accepted	 436	 1843	
568	 5.2308005e-01	 +8.4878252e-04 +3.9345451e-04	 7.93e-01 Accepted	 438	 1849	
569	 5.2344818e-01	 +6.7554804e-04 +1.9085276e-03	 1.36e+00 Accepted	 442	 1848	
570	 5.2379215e-01	 +6.9307972e-04 -4.7617110e-04	 1.22e+00 Accepted	 439	 1851	
571	 5.2379345e-01	 +7.0206410e-04 -6.3645159e-04	 9.92e-01 Accepted	 438	 1855	
572	 5.2358560e-01	 +1.8201465e-03 -2.9553247e-03	 8.06e-01 Accepted	 437	 1837	
573	 5.2347201e-01	 +2.0222381e-03 -2.4615028e-03	 6.01e-01 Accepted	 434	 1833	
574	 5.2341116e-01	 +5.3759211e-03 -9.3700162e-04	 9.01e-01 Accepted	 435	 1841	
575	 5.2353283e-01	 +8.5749128e-04 +8.1621609e-04	 1.05e+00 Accepted	 436	 1844	
576	 5.2396372e-01	 -8.5715021e-04 -2.6911781e-04	 1.51e+00 Accepted	 437	 1847	
577	 5.2420731e-01	 +3.8023482e-04 -2.0762942e-03	 1.29e+00 Accepted	 434	 1847	
578	 5.2404544e-01	 +1.9520121e-03 +8.3654872e-04	 1.41e+00 Accepted	 434	 1815	
579	 5.2404544e-01	 +1.9520121e-03 +8.3654872e-04	 7.22e-01 Rejected	 436	 1836	
580	 5.2391886e-01	 +2.2897398e-03 +1.0035436e-03	 1.00e+00 Accepted	 434	 1841	
581	 5.2389172e-01	 +1.2365005e-03 +1.6214740e-03	 1.15e+00 Accepted	 434	 1858	
582	 5.2439738e-01	 +1.2568499e-03 +2.8125084e-03	 1.41e+00 Accepted	 438	 1842	
583	 5.2446623e-01	 -7.2716494e-04 -5.8163116e-04	 9.34e-01 Accepted	 439	 1862	
584	 5.2446623e-01	 -7.2716494e-04 -5.8163116e-04	 5.59e-01 Rejected	 438	 1824	
585	 5.2446623e-01	 -7.2716494e-04 -5.8163116e-04	 6.89e-01 Rejected	 439	 1847	
586	 5.2495737e-01	 +2.4322213e-03 -2.3595431e-04	 1.05e+00 Accepted	 439	 1834	
587	 5.2495737e-01	 +2.4322213e-03 -2.3595431e-04	 8.40e-01 Rejected	 436	 1842	
588	 5.2495737e-01	 +2.4322213e-03 -2.3595431e-04	 6.18e-01 Rejected	 433	 1822	
589	 5.2448779e-01	 +2.1964705e-03 -2.3847208e-03	 6.61e-01 Accepted	 438	 1869	
590	 5.2488771e-01	 +1.6339996e-03 -1.3488916e-03	 1.95e+00 Accepted	 447	 1859	
591	 5.2470096e-01	 +5.2357166e-04 -5.3733176e-04	 4.46e-01 Accepted	 441	 1822	
592	 5.2508134e-01	 +1.9018226e-03 -1.8643123e-04	 1.23e+00 Accepted	 437	 1873	
593	 5.2525486e-01	 +1.3819021e-03 -1.1130382e-03	 9.94e-01 Accepted	 441	 1854	
594	 5.2483410e-01	 +3.5728269e-03 +9.9558781e-04	 9.07e-01 Accepted	 439	 1875	
595	 5.2460059e-01	 +8.0340052e-04 -1.3781439e-03	 8.79e-01 Accepted	 442	 1857	
596	 5.2489323e-01	 +4.3537009e-04 -1.8345549e-05	 1.18e+00 Accepted	 439	 1856	
# Starting_type: CheckpointStart
# Trajectory_length / Number_of_MD_steps: 1 / 7
# 	 Plaquette	 Polyakov_Loop(re,im)	 Acc._Probability	 runtime_per_traj(s)	 CG_iterations	
597	 5.2484157e-01	 -7.5526784e-04 -1.7711130e-03	 6.31e-01 Accepted	 453	 1833	
598	 5.2484157e-01	 -7.5526784e-04 -1.7711130e-03	 8.97e-01 Rejected	 443	 1856	
599	 5.2474237e-01	 +1.2291431e-03 -1.8286243e-03	 8.15e-01 Accepted	 437	 1837	
600	 5.2463694e-01	 +5.7974278e-04 -9.5066066e-04	 5.30e-01 Accepted	 437	 1838	
601	 5.2492694e-01	 +1.4562572e-03 +2.1774651e-03	 1.03e+00 Accepted	 440	 1858	
602	 5.2492694e-01	 +1.4562572e-03 +2.1774651e-03	 5.90e-01 Rejected	 442	 1865	
603	 5.2492694e-01	 +1.4562572e-03 +2.1774651e-03	 5.21e-01 Rejected	 441	 1873	
604	 5.2476740e-01	 -1.0231325e-03 +3.5901724e-04	 8.08e-01 Accepted	 441	 1856	
605	 5.2474150e-01	 +3.5303787e-03 +7.2625333e-04	 6.24e-01 Accepted	 441	 1852	
606	 5.2486831e-01	 -4.0689854e-04 +2.7945961e-04	 1.71e+00 Accepted	 437	 1870	
607	 5.2512044e-01	 +1.1438679e-05 +1.5358276e-03	 9.01e-01 Accepted	 439	 1836	
608	 5.2537399e-01	 -1.6833716e-03 -1.6583006e-03	 1.07e+00 Accepted	 435	 1851	
609	 5.2548513e-01	 +2.2848328e-03 -1.0290893e-03	 9.41e-01 Accepted	 438	 1838	
610	 5.2548513e-01	 +2.2848328e-03 -1.0290893e-03	 7.07e-01 Rejected	 437	 1846	
611	 5.2548513e-01	 +2.2848328e-03 -1.0290893e-03	 8.63e-01 Rejected	 440	 1860	
612	 5.2546556e-01	 -3.3865725e-04 +1.1629665e-03	 1.43e+00 Accepted	 437	 1833	
613	 5.2581847e-01	 -3.4970366e-04 -2.5042174e-03	 1.62e+00 Accepted	 437	 1852	
614	 5.2581847e-01	 -3.4970366e-04 -2.5042174e-03	 5.81e-01 Rejected	 439	 1827	
615	 5.2544747e-01	 -1.4322060e-03 -4.1822002e-03	 4.74e-01 Accepted	 441	 1861	
616	 5.2520889e-01	 -1.1820572e-03 -9.8342865e-04	 1.17e+00 Accepted	 444	 1894	
617	 5.2533808e-01	 +1.4644629e-03 +1.0343470e-03	 6.76e-01 Accepted	 443	 1853	
618	 5.2489711e-01	 +6.5252541e-04 -8.3198216e-04	 7.17e-01 Accepted	 440	 1854	
619	 5.2523220e-01	 +2.0881144e-04 -8.4845047e-05	 7.32e-01 Accepted	 441	 1847	
620	 5.2542307e-01	 -4.4147389e-04 -1.3469726e-04	 1.68e+00 Accepted	 441	 1857	
621	 5.2484765e-01	 -2.8460101e-04 -8.1476881e-04	 4.92e-01 Accepted	 439	 1824	
622	 5.2462883e-01	 +2.5141074e-03 +1.1862921e-03	 7.86e-01 Accepted	 439	 1858	
623	 5.2433320e-01	 +1.4711025e-04 +1.3938262e-03	 8.16e-01 Accepted	 440	 1843	
624	 5.2412065e-01	 -8.0179308e-04 +1.6459790e-03	 1.51e+00 Accepted	 439	 1858	
625	 5.2395016e-01	 +8.6140971e-04 +5.2286328e-04	 4.53e-01 Accepted	 438	 1851	
626	 5.2457893e-01	 -8.5099315e-04 +3.9411357e-03	 1.21e+00 Accepted	 441	 1851	
627	 5.2423342e-01	 +1.3572896e-03 +7.3048020e-04	 9.02e-01 Accepted	 442	 1853	
628	 5.2470928e-01	 -1.0738708e-03 -1.2333338e-03	 2.02e+00 Accepted	 446	 1855	
629	 5.2490041e-01	 -5.0142660e-04 +8.1092407e-04	 1.08e+00 Accepted	 439	 1840	
630	 5.2545081e-01	 +4.1031543e-03 +1.6647882e-03	 1.67e+00 Accepted	 438	 1864	
631	 5.2535473e-01	 +4.5504853e-03 +1.8152477e-03	 9.29e-01 Accepted	 442	 1852	
632	 5.2535473e-01	 +4.5504853e-03 +1.8152477e-03	 6.83e-01 Rejected	 442	 1834	
633	 5.2557773e-01	 +1.2683456e-03 -1.2196788e-03	 7.52e-01 Accepted	 440	 1836	
634	 5.2495775e-01	 -3.3987266e-04 -2.6757070e-03	 1.02e+00 Accepted	 439	 1840	
635	 5.2494488e-01	 +1.5191275e-03 -1.8913835e-05	 1.14e+00 Accepted	 438	 1820	
636	 5.2496310e-01	 +8.4027502e-04 -1.7724470e-03	 9.71e-01 Accepted	 436	 1832	
637	 5.2480358e-01	 +1.5837761e-04 -3.4933250e-03	 1.02e+00 Accepted	 436	 1843	
638	 5.2478932e-01	 +1.4546902e-03 -2.8176272e-04	 1.19e+00 Accepted	 440	 1846	
639	 5.2469554e-01	 +6.9511665e-05 -6.5206599e-05	 8.77e-01 Accepted	 437	 1832	
640	 5.2487616e-01	 +3.4000369e-04 -1.1208530e-04	 1.28e+00 Accepted	 443	 1841	
641	 5.2492662e-01	 +2.8888320e-03 +2.7502788e-03	 1.05e+00 Accepted	 439	 1820	
642	 5.2510941e-01	 -2.1111939e-03 -3.2692475e-04	 9.03e-01 Accepted	 437	 1866	
643	 5.2503697e-01	 -8.4281346e-04 +9.9143044e-06	 9.93e-01 Accepted	 443	 1853	
644	 5.2507115e-01	 +2.4009679e-03 +9.8110272e-04	 1.07e+00 Accepted	 444	 1847	
645	 5.2563477e-01	 -1.7744083e-03 +3.0297217e-04	 1.14e+00 Accepted	 436	 1820	
646	 5.2554974e-01	 +5.7444526e-04 -6.9172447e-04	 8.24e-01 Accepted	 435	 1843	
647	 5.2554974e-01	 +5.7444526e-04 -6.9172447e-04	 6.63e-01 Rejected	 442	 1853	
648	 5.2554974e-01	 +5.7444526e-04 -6.9172447e-04	 4.22e-01 Rejected	 441	 1846	
649	 5.2527950e-01	 +1.0738423e-04 +1.5318100e-03	 1.15e+00 Accepted	 440	 1843	
650	 5.2510507e-01	 -1.5496491e-03 -4.0824460e-04	 1.46e+00 Accepted	 441	 1824	
651	 5.2506090e-01	 +1.6697126e-03 -6.2365795e-04	 1.15e+00 Accepted	 438	 1837	
652	 5.2506090e-01	 +1.6697126e-03 -6.2365795e-04	 4.25e-01 Rejected	 439	 1846	
653	 5.2537195e-01	 +6.8357448e-04 -1.2084633e-03	 1.54e+00 Accepted	 441	 1868	
654	 5.2508357e-01	 +3.4548285e-03 -2.5891420e-04	 8.33e-01 Accepted	 439	 1842	
655	 5.2504513e-01	 -5.3710833e-05 +6.5683907e-04	 1.31e+00 Accepted	 440	 1846	
656	 5.2504513e-01	 -5.3710833e-05 +6.5683907e-04	 8.31e-01 Rejected	 437	 1851	
657	 5.2531338e-01	 -3.2320026e-04 -2.0024481e-03	 1.52e+00 Accepted	 439	 1869	
658	 5.2530839e-01	 -4.6076723e-04 -6.3653626e-05	 8.16e-01 Accepted	 444	 1867	
659	 5.2508252e-01	 -1.0589307e-03 -5.6893764e-04	 5.84e-01 Accepted	 442	 1841	
660	 5.2508854e-01	 -8.6603039e-04 +5.3851489e-04	 1.37e+00 Accepted	 439	 1872	
661	 5.2483849e-01	 -4.4992554e-03 -2.4910784e-04	 6.51e-01 Accepted	 442	 1863	
662	 5.2459103e-01	 +3.4222052e-03 +5.8137107e-04	 8.10e-01 Accepted	 438	 1858	
663	 5.2455690e-01	 +8.1600837e-04 -1.1011155e-03	 1.50e+00 Accepted	 445	 1872	
664	 5.2468691e-01	 -1.2646372e-04 -3.9910356e-04	 1.65e+00 Accepted	 440	 1853	
665	 5.2468154e-01	 -3.3037284e-04 -6.1864849e-04	 1.26e+00 Accepted	 437	 1871	
666	 5.2456181e-01	 +1.1508265e-03 -7.8300522e-04	 1.05e+00 Accepted	 440	 1851	
667	 5.2456181e-01	 +1.1508265e-03 -7.8300522e-04	 8.19e-01 Rejected	 434	 1832	
668	 5.2470423e-01	 -1.4583499e-03 -4.0064452e-03	 1.14e+00 Accepted	 437	 1856	
669	 5.2449090e-01	 -8.2583093e-04 -1.4372847e-03	 1.14e+00 Accepted	 438	 1861	
670	 5.2449090e-01	 -8.2583093e-04 -1.4372847e-03	 8.25e-01 Rejected	 439	 1843	
671	 5.2451873e-01	 -1.4406151e-03 +8.0242565e-04	 1.38e+00 Accepted	 439	 1847	
672	 5.2418541e-01	 +1.1278657e-03 +9.8721729e-04	 1.02e+00 Accepted	 438	 1845	
673	 5.2418541e-01	 +1.1278657e-03 +9.8721729e-04	 7.08e-01 Rejected	 440	 1850	
674	 5.2418541e-01	 +1.1278657e-03 +9.8721729e-04	 6.01e-01 Rejected	 437	 1853	
675	 5.2438663e-01	 +2.0357422e-03 -2.2532116e-03	 1.21e+00 Accepted	 436	 1856	
676	 5.2389035e-01	 +2.0492194e-04 +1.7691449e-03	 4.65e-01 Accepted	 442	 1862	
677	 5.2378000e-01	 -7.1871451e-04 +9.8136806e-04	 9.17e-01 Accepted	 441	 1883	
678	 5.2389392e-01	 +6.4750393e-04 +1.5387236e-03	 8.15e-01 Accepted	 443	 1878	
679	 5.2354142e-01	 +1.6203785e-03 -3.4570214e-04	 9.55e-01 Accepted	 443	 1869	
680	 5.2355615e-01	 -1.0569151e-04 +3.6822534e-03	 1.04e+00 Accepted	 440	 1887	
681	 5.2346825e-01	 -8.5457941e-04 +3.2684105e-04	 1.07e+00 Accepted	 441	 1861	
682	 5.2386679e-01	 +3.8579921e-04 +8.5765394e-04	 2.22e+00 Accepted	 442	 1864	
683	 5.2368051e-01	 +1.8956123e-03 +3.1945349e-04	 1.23e+00 Accepted	 444	 1873	
684	 5.2376907e-01	 +1.0165997e-03 +7.0813074e-04	 1.16e+00 Accepted	 442	 1831	
685	 5.2376907e-01	 +1.0165997e-03 +7.0813074e-04	 5.99e-01 Rejected	 438	 1854	
686	 5.2378556e-01	 -1.8749916e-03 -1.2494229e-03	 1.01e+00 Accepted	 435	 1845	
687	 5.2378556e-01	 -1.8749916e-03 -1.2494229e-03	 9.05e-01 Rejected	 440	 1844	
688	 5.2397575e-01	 +2.3939674e-03 -6.4993235e-04	 9.83e-01 Accepted	 444	 1883	
689	 5.2400099e-01	 +1.7032650e-03 -1.5918600e-03	 6.63e-01 Accepted	 447	 1862	
690	 5.2390992e-01	 -3.3971483e-05 -1.4567734e-03	 9.31e-01 Accepted	 443	 1869	
691	 5.2386317e-01	 -5.0678917e-04 +1.3359723e-03	 9.14e-01 Accepted	 444	 1883	
692	 5.2425027e-01	 +1.3895100e-03 +2.5704744e-03	 7.67e-01 Accepted	 446	 1879	
693	 5.2428694e-01	 -2.1679825e-03 -5.2854974e-04	 6.99e-01 Accepted	 447	 1862	
694	 5.2420005e-01	 -1.0429454e-03 +2.4951677e-03	 8.51e-01 Accepted	 442	 1861	
# Starting_type: CheckpointStart
# Trajectory_length / Number_of_MD_steps: 1 / 7
# 	 Plaquette	 Polyakov_Loop(re,im)	 Acc._Probability	 runtime_per_traj(s)	 CG_iterations	
695	 5.2415270e-01	 +2.0274527e-03 +9.5618106e-05	 6.52e-01 Accepted	 455	 1874	
696	 5.2375004e-01	 +1.2574133e-03 -2.8597624e-03	 1.83e+00 Accepted	 440	 1847	
697	 5.2417534e-01	 +1.2811207e-03 -1.6302887e-04	 7.82e-01 Accepted	 434	 1850	
698	 5.2428810e-01	 -9.8558481e-04 -3.4172892e-03	 1.10e+00 Accepted	 441	 1858	
699	 5.2444436e-01	 +1.6911113e-04 -8.0747369e-04	 7.74e-01 Accepted	 439	 1867	
700	 5.2430781e-01	 +2.4158187e-04 -7.2463552e-04	 1.14e+00 Accepted	 440	 1861	
701	 5.2449723e-01	 +2.8261000e-03 +6.6933910e-04	 1.42e+00 Accepted	 441	 1855	
702	 5.2462217e-01	 -9.6026880e-04 -2.4790245e-04	 6.60e-01 Accepted	 441	 1889	
703	 5.2438783e-01	 -7.6728404e-04 -3.4163378e-03	 1.30e+00 Accepted	 442	 1865	
704	 5.2454485e-01	 +2.5180831e-03 -1.8717308e-03	 6.93e-01 Accepted	 440	 1855	
705	 5.2451146e-01	 -9.4256226e-04 +1.6389552e-03	 1.03e+00 Accepted	 436	 1854	
706	 5.2390949e-01	 +1.0550716e-03 -5.5295386e-04	 5.32e-01 Accepted	 439	 1872	
707	 5.2394313e-01	 +1.7196577e-03 -1.5939809e-03	 6.84e-01 Accepted	 442	 1868	
708	 5.2389780e-01	 +1.6111793e-03 -1.5004856e-03	 8.87e-01 Accepted	 437	 1855	
709	 5.2381441e-01	 +2.9965216e-03 -9.8417263e-04	 1.08e+00 Accepted	 437	 1835	
710	 5.2391709e-01	 +1.3283602e-03 -1.6793941e-03	 1.34e+00 Accepted	 435	 1830	
711	 5.2448333e-01	 -1.8501851e-03 -8.1947368e-04	 1.59e+00 Accepted	 434	 1848	
712	 5.2388146e-01	 -8.6790410e-04 +1.6525909e-03	 1.05e+00 Accepted	 441	 1850	
713	 5.2391332e-01	 -4.0662983e-04 -1.2642420e-03	 1.29e+00 Accepted	 440	 1883	
714	 5.2391332e-01	 -4.0662983e-04 -1.2642420e-03	 4.94e-01 Rejected	 440	 1844	
715	 5.2387394e-01	 +2.6359115e-03 -1.8255043e-03	 1.70e+00 Accepted	 440	 1856	
716	 5.2431971e-01	 +1.1337527e-03 -7.1600599e-04	 8.26e-01 Accepted	 444	 1857	
717	 5.2453202e-01	 +5.2212455e-04 -1.1498380e-03	 1.47e+00 Accepted	 437	 1849	
718	 5.2453202e-01	 +5.2212455e-04 -1.1498380e-03	 8.78e-01 Rejected	 438	 1843	
719	 5.2460114e-01	 +7.4081613e-04 +3.6303730e-04	 7.55e-01 Accepted	 438	 1841	
720	 5.2460114e-01	 +7.4081613e-04 +3.6303730e-04	 6.99e-01 Rejected	 434	 1839	
721	 5.2426970e-01	 +1.2899504e-03 +1.2306375e-03	 5.85e-01 Accepted	 435	 1841	
722	 5.2416101e-01	 -1.6235495e-03 +1.4685121e-03	 9.77e-01 Accepted	 434	 1842	
723	 5.2405674e-01	 +3.6380348e-04 +9.7095680e-04	 7.06e-01 Accepted	 437	 1832	
724	 5.2458956e-01	 +4.1725694e-03 +2.1495995e-04	 1.59e+00 Accepted	 437	 1859	
725	 5.2444882e-01	 +1.5015250e-03 -2.6053061e-03	 7.54e-01 Accepted	 439	 1844	
726	 5.2403995e-01	 +1.7600595e-04 -7.9788166e-04	 8.62e-01 Accepted	 438	 1846	
727	 5.2389642e-01	 +2.7130610e-03 -5.4597792e-05	 1.22e+00 Accepted	 438	 1843	
728	 5.2339696e-01	 +1.0375111e-04 -5.6168041e-04	 9.84e-01 Accepted	 441	 1867	
729	 5.2399727e-01	 +2.2010112e-04 -1.4744938e-03	 1.36e+00 Accepted	 443	 1846	
730	 5.2353032e-01	 +2.8286640e-03 -2.8969205e-03	 6.62e-01 Accepted	 438	 1867	
731	 5.2369423e-01	 +1.7169753e-03 +1.1180363e-03	 9.89e-01 Accepted	 440	 1861	
732	 5.2400066e-01	 +2.9848998e-03 +1.9250921e-03	 9.98e-01 Accepted	 440	 1850	
733	 5.2455496e-01	 +1.5978656e-03 +9.0478130e-04	 1.27e+00 Accepted	 441	 1847	
734	 5.2455496e-01	 +1.5978656e-03 +9.0478130e-04	 5.68e-01 Rejected	 436	 1847	
735	 5.2455496e-01	 +1.5978656e-03 +9.0478130e-04	 5.93e-01 Rejected	 437	 1819	
736	 5.2420611e-01	 +4.7947603e-04 -8.6310722e-04	 1.08e+00 Accepted	 440	 1854	
737	 5.2391615e-01	 +2.1626927e-03 +2.8058737e-05	 1.08e+00 Accepted	 441	 1853	
738	 5.2389006e-01	 +7.9986720e-04 -2.6684389e-04	 1.63e+00 Accepted	 439	 1894	
739	 5.2391753e-01	 +3.0490511e-03 +4.9503169e-04	 1.20e+00 Accepted	 445	 1846	
740	 5.2391753e-01	 +3.0490511e-03 +4.9503169e-04	 6.55e-01 Rejected	 444	 1885	
741	 5.2391753e-01	 +3.0490511e-03 +4.9503169e-04	 6.71e-01 Rejected	 438	 1869	
