# Starting_type: ColdStart
# serial RNG seed: 	[15023 41352 19099 3002 59746]
# parallel RNG seed:	[39189 15654 46341 56755 55712]
# Trajectory_length / Number_of_MD_steps: 1 / 7
# 	 Plaquette	 Polyakov_Loop(re,im)	 Acc._Probability	 runtime_per_traj(s)	 CG_iterations	
1	 8.0388571e-01	 +4.2658308e-01 +4.3546457e-04	 1.62e-31 Skipping	 105	 379	
2	 7.2965235e-01	 +2.5433247e-01 -6.0008025e-04	 2.22e-16 Skipping	 129	 434	
3	 6.8243365e-01	 +1.7195717e-01 +1.6527549e-03	 1.73e-11 Skipping	 139	 483	
4	 6.4893906e-01	 +1.2698924e-01 -3.5302327e-04	 1.56e-08 Skipping	 148	 514	
5	 6.2458288e-01	 +1.0051079e-01 -1.5813983e-04	 1.96e-06 Skipping	 155	 557	
6	 6.0699885e-01	 +7.9321637e-02 -1.1433376e-03	 7.63e-05 Skipping	 163	 587	
7	 5.9375242e-01	 +7.4642064e-02 +2.6899727e-03	 7.06e-04 Skipping	 172	 625	
8	 5.8425711e-01	 +5.7784044e-02 +2.2804178e-03	 7.62e-03 Skipping	 180	 673	
9	 5.7781969e-01	 +5.1404658e-02 -1.9847470e-04	 2.64e-02 Skipping	 188	 677	
10	 5.7270034e-01	 +5.0375139e-02 +5.6934395e-04	 6.25e-02 Skipping	 190	 703	
11	 5.6949259e-01	 +4.5525878e-02 -1.2224216e-04	 1.55e-01 Skipping	 197	 733	
12	 5.6700828e-01	 +4.5237606e-02 +1.9300277e-03	 2.75e-01 Skipping	 201	 739	
13	 5.6503139e-01	 +3.8481022e-02 -1.3863030e-03	 3.39e-01 Skipping	 205	 763	
14	 5.6368051e-01	 +3.9168719e-02 -4.2267187e-04	 4.49e-01 Skipping	 210	 790	
15	 5.6265082e-01	 +3.7108397e-02 -6.2105309e-05	 5.40e-01 Skipping	 228	 902	
16	 5.6178190e-01	 +3.5637793e-02 -1.4863991e-03	 4.96e-01 Skipping	 237	 850	
17	 5.6130137e-01	 +3.4856097e-02 -1.4206146e-03	 1.09e+00 Skipping	 233	 860	
18	 5.6040572e-01	 +3.0942793e-02 -2.6164936e-03	 7.43e-01 Skipping	 233	 895	
19	 5.5989611e-01	 +3.1070684e-02 +4.5198096e-04	 9.01e-01 Skipping	 241	 914	
20	 5.6029956e-01	 +2.9172838e-02 -4.6900602e-04	 1.44e+00 Skipping	 245	 925	
21	 5.5996995e-01	 +3.0592803e-02 +1.0768813e-03	 1.00e+00 Skipping	 253	 989	
22	 5.5955005e-01	 +2.9070126e-02 +1.1550675e-03	 5.99e-01 Skipping	 272	 1032	
23	 5.5922342e-01	 +2.8595364e-02 -2.0820169e-04	 1.27e+00 Skipping	 264	 935	
24	 5.5899399e-01	 +2.9833425e-02 -1.0874183e-03	 9.66e-01 Skipping	 255	 950	
25	 5.5889966e-01	 +2.7545071e-02 -3.5802488e-04	 7.00e-01 Skipping	 253	 966	
26	 5.5912415e-01	 +2.6919632e-02 +3.4811140e-03	 1.24e+00 Skipping	 259	 988	
27	 5.5921555e-01	 +2.7671649e-02 +5.0630966e-04	 1.07e+00 Skipping	 262	 1011	
28	 5.5913257e-01	 +2.4698352e-02 +9.0836076e-04	 7.84e-01 Skipping	 268	 1013	
29	 5.5891094e-01	 +2.3514663e-02 +1.5481945e-03	 8.09e-01 Skipping	 268	 1034	
30	 5.5882635e-01	 +2.4122298e-02 +1.1966082e-03	 8.56e-01 Skipping	 273	 1050	
31	 5.5904224e-01	 +2.3682463e-02 -3.2224438e-04	 9.62e-01 Skipping	 272	 1013	
32	 5.5930442e-01	 +2.4057005e-02 +7.1651978e-04	 1.03e+00 Skipping	 267	 1041	
33	 5.5935087e-01	 +2.5657318e-02 +2.2270185e-03	 1.32e+00 Skipping	 269	 1024	
34	 5.5895432e-01	 +2.6438607e-02 +7.6211807e-04	 6.87e-01 Skipping	 271	 1021	
35	 5.5916884e-01	 +2.3282751e-02 +1.5618792e-03	 9.96e-01 Skipping	 273	 1057	
36	 5.5881545e-01	 +2.5180468e-02 +2.3551758e-03	 5.68e-01 Skipping	 278	 1033	
37	 5.5885982e-01	 +2.5884706e-02 -8.3152243e-04	 1.35e+00 Skipping	 271	 1028	
38	 5.5875676e-01	 +2.1434055e-02 -2.0581883e-04	 8.47e-01 Skipping	 269	 1004	
39	 5.5911526e-01	 +2.3773186e-02 +1.8733721e-03	 1.06e+00 Skipping	 268	 1027	
40	 5.5864742e-01	 +2.2056255e-02 +1.8862044e-03	 8.15e-01 Skipping	 270	 1038	
41	 5.5860011e-01	 +2.3085630e-02 +1.5525766e-04	 9.02e-01 Skipping	 274	 1033	
42	 5.5843108e-01	 +2.0796823e-02 -2.5575166e-04	 7.87e-01 Skipping	 274	 1045	
43	 5.5822378e-01	 +2.2098581e-02 -2.0327781e-04	 7.42e-01 Skipping	 274	 1022	
44	 5.5863557e-01	 +2.0259439e-02 +2.6884559e-03	 1.21e+00 Skipping	 270	 1013	
45	 5.5855100e-01	 +2.2021803e-02 +3.0726025e-04	 9.36e-01 Skipping	 274	 1075	
46	 5.5835514e-01	 +1.8644518e-02 +4.0094026e-03	 8.61e-01 Skipping	 279	 1069	
47	 5.5854369e-01	 +1.8965688e-02 -6.4233980e-04	 8.85e-01 Skipping	 282	 1079	
48	 5.5868677e-01	 +2.2272618e-02 -8.2020516e-05	 1.44e+00 Skipping	 283	 1084	
49	 5.5834947e-01	 +2.0445465e-02 +1.1063011e-03	 7.63e-01 Skipping	 284	 1079	
50	 5.5850845e-01	 +1.7211778e-02 +3.1037752e-03	 1.23e+00 Skipping	 288	 1185	
51	 5.5847830e-01	 +1.7755084e-02 +1.2620797e-03	 1.22e+00 Accepted	 300	 1162	
52	 5.5838449e-01	 +1.8124369e-02 +4.2478507e-03	 8.22e-01 Accepted	 301	 1089	
53	 5.5840948e-01	 +2.0600607e-02 +3.6554005e-03	 1.29e+00 Accepted	 292	 1164	
54	 5.5840948e-01	 +2.0600607e-02 +3.6554005e-03	 7.14e-01 Rejected	 303	 1239	
55	 5.5847061e-01	 +1.8624121e-02 +3.5037502e-03	 1.03e+00 Accepted	 296	 1122	
56	 5.5853823e-01	 +2.0276430e-02 +1.1640345e-03	 9.58e-01 Accepted	 296	 1190	
57	 5.5829062e-01	 +1.8064854e-02 +4.9304714e-04	 1.02e+00 Accepted	 310	 1197	
58	 5.5831443e-01	 +2.0039353e-02 +1.3902835e-03	 1.09e+00 Accepted	 305	 1150	
59	 5.5818048e-01	 +1.8021427e-02 +4.1776619e-03	 9.67e-01 Accepted	 297	 1172	
60	 5.5850994e-01	 +1.9703185e-02 +2.4522118e-03	 1.25e+00 Accepted	 297	 1101	
61	 5.5877483e-01	 +1.7556609e-02 +1.3709908e-04	 1.09e+00 Accepted	 296	 1163	
62	 5.5879053e-01	 +1.8786417e-02 +2.1779254e-03	 1.33e+00 Accepted	 297	 1115	
63	 5.5859966e-01	 +1.9001186e-02 -4.6289469e-04	 8.97e-01 Accepted	 292	 1125	
64	 5.5814343e-01	 +1.5400360e-02 -1.4651034e-03	 6.09e-01 Accepted	 294	 1148	
65	 5.5816231e-01	 +1.7621126e-02 -2.8101104e-04	 1.16e+00 Accepted	 292	 1133	
66	 5.5873962e-01	 +1.8726148e-02 +1.9842503e-03	 1.16e+00 Accepted	 296	 1152	
67	 5.5844470e-01	 +1.7932021e-02 +5.2595547e-04	 6.56e-01 Accepted	 306	 1208	
68	 5.5805470e-01	 +1.8198065e-02 +1.9140678e-04	 8.84e-01 Accepted	 308	 1212	
69	 5.5805470e-01	 +1.8198065e-02 +1.9140678e-04	 5.28e-01 Rejected	 307	 1191	
70	 5.5806888e-01	 +1.9751529e-02 +1.4960483e-03	 9.33e-01 Accepted	 310	 1203	
71	 5.5843332e-01	 +1.9336291e-02 +4.1954802e-03	 1.50e+00 Accepted	 307	 1211	
72	 5.5846002e-01	 +1.9914086e-02 +1.2123245e-03	 1.09e+00 Accepted	 309	 1235	
73	 5.5797806e-01	 +1.9127340e-02 -6.7497319e-04	 8.62e-01 Accepted	 325	 1328	
74	 5.5797092e-01	 +2.0674908e-02 -1.3862770e-03	 9.89e-01 Accepted	 328	 1215	
75	 5.5836990e-01	 +2.1045593e-02 -1.0364781e-03	 1.57e+00 Accepted	 312	 1271	
76	 5.5837195e-01	 +1.9295704e-02 -6.0790633e-04	 1.53e+00 Accepted	 322	 1295	
77	 5.5823561e-01	 +1.9683904e-02 +4.3997084e-04	 1.20e+00 Accepted	 327	 1323	
78	 5.5792604e-01	 +1.8560545e-02 +1.3912380e-03	 4.58e-01 Accepted	 335	 1285	
79	 5.5824672e-01	 +2.1358624e-02 +1.0392676e-03	 7.41e-01 Accepted	 334	 1295	
80	 5.5827700e-01	 +1.7335041e-02 +5.9300430e-03	 1.88e+00 Accepted	 328	 1283	
81	 5.5806066e-01	 +1.8062727e-02 +6.3538546e-04	 9.41e-01 Accepted	 329	 1300	
82	 5.5808553e-01	 +1.4183036e-02 +4.4695597e-03	 8.98e-01 Accepted	 328	 1327	
83	 5.5808553e-01	 +1.4183036e-02 +4.4695597e-03	 7.74e-01 Rejected	 332	 1323	
84	 5.5808553e-01	 +1.4183036e-02 +4.4695597e-03	 8.26e-01 Rejected	 335	 1362	
85	 5.5843431e-01	 +1.6487914e-02 +1.0084788e-03	 1.87e+00 Accepted	 333	 1312	
86	 5.5814859e-01	 +1.4627402e-02 +1.2374901e-03	 9.85e-01 Accepted	 329	 1254	
87	 5.5806052e-01	 +1.6354815e-02 +2.4053567e-04	 9.34e-01 Accepted	 316	 1191	
88	 5.5780827e-01	 +1.6332770e-02 -4.2940706e-04	 7.94e-01 Accepted	 311	 1243	
89	 5.5796504e-01	 +1.2980691e-02 +1.8255213e-03	 1.07e+00 Accepted	 326	 1322	
90	 5.5791835e-01	 +1.4791837e-02 +2.8705652e-03	 9.32e-01 Accepted	 328	 1316	
91	 5.5745018e-01	 +1.4994431e-02 -1.8437824e-04	 6.33e-01 Accepted	 331	 1349	
92	 5.5726481e-01	 +1.3362067e-02 +1.2956230e-03	 7.80e-01 Accepted	 337	 1312	
93	 5.5726481e-01	 +1.3362067e-02 +1.2956230e-03	 4.33e-01 Rejected	 336	 1305	
94	 5.5718746e-01	 +1.3113584e-02 +4.8932710e-05	 7.81e-01 Accepted	 341	 1409	
95	 5.5714002e-01	 +1.6586811e-02 +6.4578682e-04	 1.01e+00 Accepted	 356	 1425	
96	 5.5757412e-01	 +1.4703995e-02 +4.3880887e-03	 1.54e+00 Accepted	 348	 1353	
97	 5.5757412e-01	 +1.4703995e-02 +4.3880887e-03	 8.31e-01 Rejected	 348	 1394	
98	 5.5740226e-01	 +1.5115494e-02 +1.4353345e-04	 1.10e+00 Accepted	 339	 1320	
99	 5.5740226e-01	 +1.5115494e-02 +1.4353345e-04	 8.84e-01 Rejected	 335	 1352	
100	 5.5775386e-01	 +1.6779366e-02 -2.2249652e-04	 1.09e+00 Accepted	 345	 1452	
101	 5.5792326e-01	 +1.3971611e-02 -1.8569431e-03	 1.32e+00 Accepted	 358	 1436	
102	 5.5797432e-01	 +1.2751359e-02 +4.8526633e-05	 8.05e-01 Accepted	 356	 1442	
103	 5.5786774e-01	 +1.6244703e-02 -8.4539538e-04	 1.00e+00 Accepted	 354	 1401	
104	 5.5796981e-01	 +1.5055428e-02 -1.3459577e-04	 1.92e+00 Accepted	 354	 1482	
105	 5.5777514e-01	 +1.7179741e-02 -1.1753405e-03	 7.04e-01 Accepted	 358	 1451	
106	 5.5763430e-01	 +1.6265970e-02 -3.8541808e-03	 8.26e-01 Accepted	 355	 1418	
107	 5.5763430e-01	 +1.6265970e-02 -3.8541808e-03	 6.77e-01 Rejected	 356	 1457	
108	 5.5759878e-01	 +1.7193196e-02 -4.1021423e-04	 5.36e-01 Accepted	 360	 1463	
109	 5.5756313e-01	 +1.2399937e-02 +2.2278220e-03	 1.00e+00 Accepted	 356	 1412	
110	 5.5757003e-01	 +1.8217646e-02 +1.2002898e-04	 1.21e+00 Accepted	 354	 1481	
111	 5.5760098e-01	 +1.6412432e-02 +4.1992005e-03	 9.57e-01 Accepted	 370	 1536	
112	 5.5750829e-01	 +1.5949544e-02 -7.5976216e-04	 1.36e+00 Accepted	 368	 1500	
113	 5.5783236e-01	 +1.9481859e-02 -2.9026228e-03	 7.86e-01 Accepted	 369	 1487	
114	 5.5800242e-01	 +1.5798652e-02 -7.9218558e-04	 1.12e+00 Accepted	 369	 1515	
115	 5.5800242e-01	 +1.5798652e-02 -7.9218558e-04	 6.01e-01 Rejected	 374	 1530	
116	 5.5800242e-01	 +1.5798652e-02 -7.9218558e-04	 8.09e-01 Rejected	 372	 1509	
117	 5.5792067e-01	 +1.5674959e-02 +5.3280573e-04	 7.38e-01 Accepted	 371	 1493	
118	 5.5787377e-01	 +1.5799314e-02 +2.2587889e-03	 9.76e-01 Accepted	 368	 1533	
119	 5.5806042e-01	 +1.7505604e-02 -4.4866141e-04	 1.43e+00 Accepted	 373	 1530	
120	 5.5788885e-01	 +1.4819429e-02 -1.5204528e-03	 7.46e-01 Accepted	 370	 1480	
121	 5.5816681e-01	 +1.3457411e-02 -3.5659221e-03	 9.37e-01 Accepted	 365	 1420	
122	 5.5852938e-01	 +1.5199948e-02 -4.2068791e-03	 1.36e+00 Accepted	 360	 1507	
123	 5.5852938e-01	 +1.5199948e-02 -4.2068791e-03	 6.60e-01 Rejected	 369	 1502	
124	 5.5838615e-01	 +1.2782106e-02 -6.3671670e-04	 7.69e-01 Accepted	 357	 1425	
125	 5.5829043e-01	 +1.8405781e-02 +7.4300260e-04	 7.96e-01 Accepted	 358	 1441	
126	 5.5799245e-01	 +1.4591294e-02 -1.8838972e-03	 8.25e-01 Accepted	 355	 1449	
127	 5.5766019e-01	 +1.6218952e-02 +2.8894809e-04	 7.25e-01 Accepted	 363	 1492	
128	 5.5771283e-01	 +1.6658909e-02 -3.9009254e-03	 1.29e+00 Accepted	 381	 1510	
129	 5.5793544e-01	 +1.3677417e-02 -3.1881570e-04	 1.00e+00 Accepted	 377	 1510	
130	 5.5766966e-01	 +1.5255855e-02 -9.8728468e-04	 8.04e-01 Accepted	 373	 1484	
131	 5.5819913e-01	 +1.6659614e-02 +5.1509926e-04	 1.71e+00 Accepted	 371	 1456	
132	 5.5804785e-01	 +1.7647022e-02 +7.1431174e-05	 1.23e+00 Accepted	 376	 1531	
133	 5.5791088e-01	 +1.4435324e-02 -4.7812147e-03	 8.77e-01 Accepted	 378	 1460	
134	 5.5781772e-01	 +1.5631459e-02 -2.0568652e-03	 1.34e+00 Accepted	 368	 1491	
135	 5.5781772e-01	 +1.5631459e-02 -2.0568652e-03	 6.04e-01 Rejected	 368	 1477	
136	 5.5772170e-01	 +1.2553020e-02 -4.2026387e-03	 6.47e-01 Accepted	 374	 1478	
137	 5.5777881e-01	 +1.4323628e-02 +1.0599307e-03	 1.06e+00 Accepted	 371	 1492	
138	 5.5773382e-01	 +1.7578251e-02 -7.9062581e-04	 9.56e-01 Accepted	 370	 1494	
139	 5.5789517e-01	 +1.6354617e-02 -1.8247742e-03	 7.20e-01 Accepted	 371	 1475	
140	 5.5816115e-01	 +1.3869740e-02 -1.5125862e-03	 1.58e+00 Accepted	 370	 1446	
141	 5.5794485e-01	 +1.7255973e-02 +3.6381257e-04	 7.14e-01 Accepted	 366	 1481	
142	 5.5810875e-01	 +1.4158569e-02 -2.7719562e-03	 1.22e+00 Accepted	 370	 1505	
# Starting_type: CheckpointStart
# Trajectory_length / Number_of_MD_steps: 1 / 7
# 	 Plaquette	 Polyakov_Loop(re,im)	 Acc._Probability	 runtime_per_traj(s)	 CG_iterations	
143	 5.5800476e-01	 +1.5224373e-02 +1.8431867e-04	 9.56e-01 Accepted	 373	 1495	
144	 5.5800476e-01	 +1.5224373e-02 +1.8431867e-04	 5.91e-01 Rejected	 363	 1538	
145	 5.5787845e-01	 +1.6380629e-02 -1.5065032e-03	 9.08e-01 Accepted	 356	 1470	
146	 5.5782698e-01	 +1.8041107e-02 -3.4123034e-03	 1.07e+00 Accepted	 349	 1415	
147	 5.5735299e-01	 +1.7948506e-02 +1.1544423e-03	 5.06e-01 Accepted	 352	 1496	
148	 5.5733385e-01	 +1.5465143e-02 -1.0515425e-03	 8.11e-01 Accepted	 364	 1474	
149	 5.5708519e-01	 +1.1373293e-02 +8.9943182e-04	 9.52e-01 Accepted	 359	 1466	
150	 5.5711333e-01	 +1.9133552e-02 -1.8632739e-03	 1.05e+00 Accepted	 359	 1491	
151	 5.5702978e-01	 +1.2720735e-02 -6.3808444e-04	 6.80e-01 Accepted	 364	 1534	
152	 5.5764306e-01	 +1.2768147e-02 -8.9590453e-04	 9.39e-01 Accepted	 365	 1482	
153	 5.5734954e-01	 +1.3755526e-02 -2.3919463e-03	 8.13e-01 Accepted	 366	 1522	
154	 5.5792735e-01	 +1.5622509e-02 -3.6162204e-03	 2.25e+00 Accepted	 365	 1487	
155	 5.5806791e-01	 +1.4994249e-02 -2.1221404e-03	 7.93e-01 Accepted	 362	 1496	
156	 5.5762874e-01	 +1.4328056e-02 -1.2382752e-03	 7.75e-01 Accepted	 371	 1585	
157	 5.5756986e-01	 +1.4879488e-02 -2.8526799e-03	 9.51e-01 Accepted	 378	 1592	
158	 5.5790376e-01	 +1.2545472e-02 -2.0695283e-03	 8.81e-01 Accepted	 370	 1521	
159	 5.5818352e-01	 +1.5115687e-02 -1.7725295e-03	 1.04e+00 Accepted	 359	 1488	
160	 5.5789730e-01	 +1.4744260e-02 -2.8685197e-03	 7.66e-01 Accepted	 358	 1507	
161	 5.5822019e-01	 +1.3947391e-02 +2.1023825e-03	 1.01e+00 Accepted	 362	 1454	
162	 5.5815356e-01	 +1.3565692e-02 +4.7669059e-04	 8.72e-01 Accepted	 358	 1534	
163	 5.5782734e-01	 +1.8281833e-02 -3.1630059e-05	 1.04e+00 Accepted	 370	 1516	
164	 5.5781275e-01	 +1.8161115e-02 -2.5165302e-03	 8.44e-01 Accepted	 370	 1556	
165	 5.5788937e-01	 +1.8065824e-02 -6.9095900e-04	 9.91e-01 Accepted	 376	 1500	
166	 5.5809749e-01	 +1.5610132e-02 +5.7032447e-04	 7.77e-01 Accepted	 370	 1563	
167	 5.5782323e-01	 +1.4277635e-02 -3.6341301e-04	 1.08e+00 Accepted	 388	 1647	
168	 5.5758018e-01	 +1.3481212e-02 -2.4881290e-03	 6.56e-01 Accepted	 384	 1441	
169	 5.5758018e-01	 +1.3481212e-02 -2.4881290e-03	 5.07e-01 Rejected	 355	 1443	
170	 5.5785957e-01	 +1.3885069e-02 +6.4173237e-04	 1.32e+00 Accepted	 363	 1595	
171	 5.5765348e-01	 +1.1073074e-02 -4.9446967e-04	 7.46e-01 Accepted	 377	 1509	
172	 5.5723592e-01	 +1.3626052e-02 -1.2476463e-03	 1.04e+00 Accepted	 361	 1499	
173	 5.5713589e-01	 +1.7654803e-02 +6.8803994e-04	 7.94e-01 Accepted	 365	 1544	
174	 5.5703536e-01	 +1.1241600e-02 -9.8104008e-04	 1.02e+00 Accepted	 365	 1512	
175	 5.5677001e-01	 +1.3579724e-02 -1.3116149e-04	 5.71e-01 Accepted	 368	 1487	
176	 5.5698922e-01	 +1.8412958e-02 -2.1616556e-03	 1.37e+00 Accepted	 361	 1494	
177	 5.5712059e-01	 +1.4243793e-02 -3.7024345e-03	 8.02e-01 Accepted	 362	 1507	
178	 5.5712092e-01	 +1.4496146e-02 -3.4844192e-04	 1.12e+00 Accepted	 361	 1474	
179	 5.5730089e-01	 +1.2978857e-02 -2.2205937e-04	 9.42e-01 Accepted	 360	 1500	
180	 5.5726566e-01	 +1.4739822e-02 -2.0685891e-03	 1.24e+00 Accepted	 359	 1481	
181	 5.5758397e-01	 +1.4273019e-02 -6.9006941e-04	 1.09e+00 Accepted	 354	 1470	
182	 5.5752296e-01	 +1.4014947e-02 -2.1221359e-03	 1.18e+00 Accepted	 358	 1488	
183	 5.5746123e-01	 +1.4570333e-02 +1.2455479e-03	 4.67e-01 Accepted	 358	 1494	
184	 5.5763561e-01	 +1.4194338e-02 -1.7177724e-03	 9.87e-01 Accepted	 362	 1538	
185	 5.5747489e-01	 +1.1667599e-02 +1.3304707e-04	 9.17e-01 Accepted	 369	 1508	
186	 5.5733363e-01	 +1.2897697e-02 -6.8617223e-05	 9.88e-01 Accepted	 363	 1501	
187	 5.5759262e-01	 +1.1896596e-02 -4.9500240e-04	 9.86e-01 Accepted	 367	 1538	
188	 5.5817535e-01	 +1.2857985e-02 -1.3776576e-03	 1.15e+00 Accepted	 365	 1492	
189	 5.5804736e-01	 +1.5122105e-02 -4.9422900e-04	 8.53e-01 Accepted	 363	 1503	
190	 5.5829183e-01	 +1.6552097e-02 -3.4649950e-03	 1.28e+00 Accepted	 363	 1511	
191	 5.5854718e-01	 +1.4113400e-02 -2.9675157e-03	 1.46e+00 Accepted	 365	 1530	
192	 5.5854718e-01	 +1.4113400e-02 -2.9675157e-03	 7.18e-01 Rejected	 368	 1499	
193	 5.5828347e-01	 +1.7159364e-02 +4.8139866e-04	 5.87e-01 Accepted	 367	 1526	
194	 5.5828347e-01	 +1.7159364e-02 +4.8139866e-04	 8.01e-01 Rejected	 368	 1531	
195	 5.5815500e-01	 +1.4269928e-02 -5.8475894e-04	 8.87e-01 Accepted	 364	 1486	
196	 5.5800649e-01	 +1.3233796e-02 -1.7708337e-03	 6.41e-01 Accepted	 366	 1499	
197	 5.5784416e-01	 +1.4943467e-02 -2.9871795e-03	 6.54e-01 Accepted	 367	 1530	
198	 5.5793437e-01	 +1.4164336e-02 -1.0672222e-03	 1.08e+00 Accepted	 370	 1538	
199	 5.5810099e-01	 +1.3401144e-02 -2.9291272e-03	 1.11e+00 Accepted	 364	 1504	
200	 5.5792332e-01	 +1.3860228e-02 -4.4694292e-05	 1.19e+00 Accepted	 366	 1559	
201	 5.5786474e-01	 +1.1638076e-02 -2.0820707e-03	 1.01e+00 Accepted	 373	 1516	
202	 5.5815321e-01	 +1.4782461e-02 +1.0374405e-03	 9.36e-01 Accepted	 371	 1531	
203	 5.5842305e-01	 +1.6590486e-02 -2.2024770e-03	 8.73e-01 Accepted	 367	 1525	
204	 5.5831118e-01	 +1.3074980e-02 +7.6373131e-04	 8.30e-01 Accepted	 368	 1513	
205	 5.5773216e-01	 +1.3375958e-02 +1.2268539e-03	 7.25e-01 Accepted	 368	 1530	
206	 5.5773216e-01	 +1.3375958e-02 +1.2268539e-03	 7.90e-01 Rejected	 366	 1535	
207	 5.5776560e-01	 +1.3970681e-02 +1.4643122e-03	 1.41e+00 Accepted	 367	 1537	
208	 5.5784791e-01	 +1.5492776e-02 -1.3089709e-03	 8.13e-01 Accepted	 367	 1530	
209	 5.5789491e-01	 +1.5583436e-02 +8.8059999e-04	 1.38e+00 Accepted	 367	 1502	
210	 5.5821342e-01	 +1.1011826e-02 +6.8314041e-04	 1.66e+00 Accepted	 366	 1541	
211	 5.5779970e-01	 +1.4603405e-02 +1.2374557e-04	 8.32e-01 Accepted	 369	 1490	
212	 5.5764156e-01	 +1.4101052e-02 +6.5357839e-04	 9.46e-01 Accepted	 367	 1518	
213	 5.5778336e-01	 +1.2172401e-02 +2.8280259e-03	 9.77e-01 Accepted	 368	 1543	
214	 5.5808417e-01	 +1.2563156e-02 +7.7676344e-04	 1.27e+00 Accepted	 370	 1573	
215	 5.5825984e-01	 +1.2056391e-02 +2.4750309e-03	 7.42e-01 Accepted	 378	 1570	
216	 5.5809194e-01	 +1.2270025e-02 +2.6068394e-03	 1.61e+00 Accepted	 376	 1597	
217	 5.5793759e-01	 +1.0221127e-02 +9.4122262e-04	 8.30e-01 Accepted	 377	 1594	
218	 5.5746834e-01	 +1.0240428e-02 +1.1173831e-03	 7.69e-01 Accepted	 388	 1676	
219	 5.5777682e-01	 +1.1465891e-02 +1.0819904e-03	 1.10e+00 Accepted	 392	 1603	
220	 5.5768946e-01	 +1.3021830e-02 +1.0489025e-03	 8.43e-01 Accepted	 391	 1588	
221	 5.5739219e-01	 +1.0748887e-02 +1.6232400e-03	 1.05e+00 Accepted	 384	 1518	
222	 5.5778878e-01	 +1.3982139e-02 +2.1543479e-04	 1.10e+00 Accepted	 368	 1497	
223	 5.5778068e-01	 +1.2143057e-02 -3.2145371e-03	 6.86e-01 Accepted	 363	 1460	
224	 5.5809168e-01	 +9.0144870e-03 +1.0873454e-03	 1.16e+00 Accepted	 366	 1600	
225	 5.5830094e-01	 +7.8144640e-03 -7.1012250e-04	 1.45e+00 Accepted	 382	 1530	
226	 5.5830094e-01	 +7.8144640e-03 -7.1012250e-04	 4.08e-01 Rejected	 365	 1546	
227	 5.5830094e-01	 +7.8144640e-03 -7.1012250e-04	 6.41e-01 Rejected	 363	 1488	
228	 5.5832073e-01	 +8.9555568e-03 -1.6609872e-03	 7.68e-01 Accepted	 365	 1520	
229	 5.5817628e-01	 +1.1069967e-02 -8.8758351e-04	 1.18e+00 Accepted	 364	 1517	
230	 5.5788643e-01	 +1.3424147e-02 +3.0869037e-03	 8.60e-01 Accepted	 366	 1508	
231	 5.5759048e-01	 +9.1540504e-03 -9.0711424e-04	 7.91e-01 Accepted	 361	 1515	
232	 5.5788562e-01	 +9.4779921e-03 +5.2032237e-04	 9.85e-01 Accepted	 362	 1488	
233	 5.5814830e-01	 +9.5992402e-03 +3.6525180e-04	 1.05e+00 Accepted	 365	 1516	
234	 5.5844382e-01	 +8.8797919e-03 +3.0107871e-03	 1.08e+00 Accepted	 373	 1511	
235	 5.5849978e-01	 +1.0970958e-02 -1.0212111e-03	 6.62e-01 Accepted	 369	 1545	
236	 5.5794525e-01	 +7.1827935e-03 +4.7028897e-03	 4.72e-01 Accepted	 371	 1502	
237	 5.5753604e-01	 +7.6929916e-03 +2.5154733e-04	 1.14e+00 Accepted	 367	 1487	
238	 5.5813088e-01	 +9.0686362e-03 +1.2996927e-03	 1.26e+00 Accepted	 370	 1571	
239	 5.5805385e-01	 +1.1177983e-02 +1.8312094e-03	 1.19e+00 Accepted	 379	 1487	
240	 5.5777157e-01	 +7.8495942e-03 +1.5708497e-03	 1.01e+00 Accepted	 360	 1479	
241	 5.5737866e-01	 +9.8087106e-03 +3.8962245e-03	 8.88e-01 Accepted	 360	 1491	
242	 5.5736366e-01	 +8.1720374e-03 +2.0642427e-03	 1.39e+00 Accepted	 360	 1482	
243	 5.5750680e-01	 +9.6766579e-03 +7.5225972e-04	 9.87e-01 Accepted	 364	 1500	
244	 5.5752802e-01	 +1.1110473e-02 +9.1061201e-05	 8.39e-01 Accepted	 366	 1500	
245	 5.5802833e-01	 +7.1519000e-03 +2.3470583e-03	 1.09e+00 Accepted	 361	 1456	
246	 5.5790252e-01	 +7.5427346e-03 +1.8069474e-03	 8.35e-01 Accepted	 359	 1485	
247	 5.5805146e-01	 +7.4584146e-03 -1.0778056e-03	 1.26e+00 Accepted	 356	 1470	
248	 5.5771424e-01	 +9.8530228e-03 +2.1237210e-03	 1.22e+00 Accepted	 358	 1493	
249	 5.5794945e-01	 +9.7561364e-03 -7.0349847e-04	 1.25e+00 Accepted	 359	 1467	
250	 5.5795907e-01	 +9.2379108e-03 -3.7484032e-04	 9.93e-01 Accepted	 358	 1467	
251	 5.5841760e-01	 +8.3237137e-03 +3.2799456e-04	 1.90e+00 Accepted	 359	 1480	
252	 5.5828220e-01	 +5.5771153e-03 -9.5021858e-04	 6.97e-01 Accepted	 359	 1479	
253	 5.5846812e-01	 +2.9437836e-03 -2.9453210e-03	 1.20e+00 Accepted	 365	 1554	
254	 5.5825920e-01	 +6.4561921e-03 -5.1948500e-05	 8.93e-01 Accepted	 369	 1499	
255	 5.5839212e-01	 +8.1371036e-03 -2.8339770e-03	 9.55e-01 Accepted	 369	 1550	
256	 5.5831243e-01	 +7.6686611e-03 +1.0508876e-03	 1.39e+00 Accepted	 371	 1542	
257	 5.5831243e-01	 +7.6686611e-03 +1.0508876e-03	 8.91e-01 Rejected	 369	 1493	
258	 5.5821253e-01	 +7.6568801e-03 -6.0303009e-04	 9.64e-01 Accepted	 374	 1517	
259	 5.5821253e-01	 +7.6568801e-03 -6.0303009e-04	 6.85e-01 Rejected	 369	 1538	
# Starting_type: CheckpointStart
# Trajectory_length / Number_of_MD_steps: 1 / 7
# 	 Plaquette	 Polyakov_Loop(re,im)	 Acc._Probability	 runtime_per_traj(s)	 CG_iterations	
259	 5.5821253e-01	 +7.6568801e-03 -6.0303009e-04	 6.85e-01 Rejected	 383	 1538	
260	 5.5821253e-01	 +7.6568801e-03 -6.0303009e-04	 3.67e-01 Rejected	 369	 1527	
261	 5.5828439e-01	 +3.4053491e-03 -2.2210904e-03	 9.60e-01 Accepted	 369	 1545	
262	 5.5799667e-01	 +5.1424228e-03 -1.5846383e-03	 9.50e-01 Accepted	 373	 1505	
263	 5.5816076e-01	 +6.6217854e-03 -1.5860175e-03	 1.55e+00 Accepted	 367	 1541	
264	 5.5792684e-01	 +5.5784364e-03 +6.4098483e-04	 6.78e-01 Accepted	 372	 1526	
265	 5.5792684e-01	 +5.5784364e-03 +6.4098483e-04	 7.49e-01 Rejected	 375	 1543	
266	 5.5803843e-01	 +8.4144256e-03 -1.9892802e-04	 1.13e+00 Accepted	 366	 1490	
267	 5.5801892e-01	 +6.5807670e-03 -2.9214765e-03	 7.73e-01 Accepted	 368	 1519	
268	 5.5769594e-01	 +3.8088856e-03 +1.5761827e-03	 5.17e-01 Accepted	 372	 1548	
269	 5.5748612e-01	 +4.2339984e-03 +3.0136455e-04	 6.52e-01 Accepted	 369	 1537	
270	 5.5748612e-01	 +4.2339984e-03 +3.0136455e-04	 6.05e-01 Rejected	 368	 1549	
271	 5.5790914e-01	 +5.2215726e-03 -6.3098897e-04	 8.61e-01 Accepted	 370	 1547	
272	 5.5793037e-01	 +6.0455015e-03 -2.9854696e-03	 1.07e+00 Accepted	 369	 1566	
273	 5.5761777e-01	 +4.9866392e-03 -1.7374555e-03	 1.03e+00 Accepted	 379	 1543	
274	 5.5740602e-01	 +4.8044231e-03 +1.3749194e-03	 8.57e-01 Accepted	 375	 1595	
275	 5.5745998e-01	 +4.6723888e-03 -1.3461348e-03	 1.36e+00 Accepted	 381	 1568	
276	 5.5720918e-01	 +2.7304694e-03 -2.2738858e-03	 6.96e-01 Accepted	 379	 1551	
277	 5.5732973e-01	 +3.1865917e-03 +1.8813930e-03	 6.50e-01 Accepted	 372	 1506	
278	 5.5706430e-01	 +2.4960242e-03 -2.9709524e-03	 5.39e-01 Accepted	 368	 1527	
279	 5.5745469e-01	 +7.0184140e-03 +7.3458748e-04	 1.14e+00 Accepted	 371	 1500	
280	 5.5707442e-01	 +3.8038025e-03 -5.3936105e-03	 1.24e+00 Accepted	 362	 1516	
281	 5.5710306e-01	 +7.7583715e-03 -6.0964359e-03	 1.10e+00 Accepted	 368	 1519	
282	 5.5711848e-01	 +3.9128332e-03 -8.0127813e-04	 9.23e-01 Accepted	 371	 1518	
283	 5.5711848e-01	 +3.9128332e-03 -8.0127813e-04	 8.55e-01 Rejected	 372	 1565	
284	 5.5704209e-01	 +3.1036956e-03 -3.6091252e-03	 1.39e+00 Accepted	 370	 1504	
285	 5.5698205e-01	 +5.2344797e-03 -3.4801833e-03	 1.05e+00 Accepted	 371	 1548	
286	 5.5675655e-01	 +5.4420051e-03 -3.3847403e-03	 6.75e-01 Accepted	 370	 1543	
287	 5.5659415e-01	 +5.8856943e-03 -3.1665924e-03	 1.05e+00 Accepted	 372	 1544	
288	 5.5680508e-01	 +5.4588208e-03 -4.2785563e-03	 1.21e+00 Accepted	 371	 1588	
289	 5.5700172e-01	 +4.1060242e-03 -3.5751661e-03	 8.50e-01 Accepted	 383	 1571	
290	 5.5676775e-01	 +6.3019545e-03 -1.3941941e-03	 8.59e-01 Accepted	 380	 1574	
291	 5.5677981e-01	 +5.5658305e-03 -8.7414334e-04	 9.48e-01 Accepted	 381	 1565	
292	 5.5696313e-01	 +7.0070581e-03 -4.4562234e-03	 1.21e+00 Accepted	 377	 1533	
293	 5.5724636e-01	 +5.7211519e-03 -1.2732329e-03	 6.81e-01 Accepted	 368	 1523	
294	 5.5724583e-01	 +4.4239023e-03 -5.6641666e-03	 5.86e-01 Accepted	 370	 1554	
295	 5.5766632e-01	 +4.2054192e-03 -6.1949023e-03	 1.14e+00 Accepted	 374	 1538	
296	 5.5743169e-01	 +4.2641208e-03 -6.0497565e-03	 7.48e-01 Accepted	 375	 1569	
297	 5.5807166e-01	 +3.5933771e-03 -2.0567611e-03	 1.42e+00 Accepted	 372	 1551	
298	 5.5766244e-01	 +4.6748907e-03 -1.0314084e-03	 7.25e-01 Accepted	 370	 1539	
299	 5.5766244e-01	 +4.6748907e-03 -1.0314084e-03	 5.49e-01 Rejected	 370	 1546	
300	 5.5767946e-01	 +5.9622709e-03 +5.2771848e-03	 9.29e-01 Accepted	 374	 1535	
301	 5.5755470e-01	 +5.6140221e-03 -1.9333657e-03	 6.97e-01 Accepted	 374	 1548	
302	 5.5748833e-01	 +7.8056529e-03 -9.9671119e-04	 1.43e+00 Accepted	 372	 1632	
303	 5.5748833e-01	 +7.8056529e-03 -9.9671119e-04	 7.20e-01 Rejected	 397	 1750	
304	 5.5744413e-01	 +4.3093293e-03 +5.4940921e-04	 1.00e+00 Accepted	 393	 1633	
305	 5.5787585e-01	 +7.1416151e-03 -2.5226578e-03	 1.52e+00 Accepted	 383	 1559	
306	 5.5815873e-01	 +5.4383566e-03 +2.6301197e-03	 1.08e+00 Accepted	 378	 1565	
307	 5.5806952e-01	 +3.0147924e-03 -1.4312527e-03	 9.25e-01 Accepted	 379	 1576	
308	 5.5795520e-01	 +3.8876578e-03 +1.5678495e-03	 1.15e+00 Accepted	 375	 1547	
309	 5.5806239e-01	 +7.1847935e-03 -1.9998274e-03	 1.42e+00 Accepted	 376	 1575	
310	 5.5813436e-01	 +5.8557651e-03 -3.1925496e-03	 5.56e-01 Accepted	 381	 1590	
311	 5.5823318e-01	 +6.6690331e-03 -1.7950847e-03	 1.20e+00 Accepted	 386	 1583	
312	 5.5788659e-01	 +8.6067097e-03 -1.1877295e-03	 1.07e+00 Accepted	 379	 1556	
313	 5.5773426e-01	 +5.3110805e-03 -5.3550155e-03	 6.87e-01 Accepted	 375	 1555	
314	 5.5779437e-01	 +5.4916196e-03 -2.9416415e-03	 1.23e+00 Accepted	 375	 1562	
315	 5.5763640e-01	 +5.5019695e-03 -1.7048276e-03	 8.05e-01 Accepted	 381	 1634	
316	 5.5762631e-01	 +3.5308596e-03 -7.1810260e-03	 8.20e-01 Accepted	 391	 1579	
317	 5.5730336e-01	 +6.3927613e-03 -2.9872385e-03	 8.43e-01 Accepted	 387	 1616	
318	 5.5786409e-01	 +9.9364230e-03 -3.8441068e-03	 1.11e+00 Accepted	 383	 1574	
319	 5.5767061e-01	 +4.8006688e-03 -1.3489775e-03	 1.03e+00 Accepted	 380	 1629	
320	 5.5775557e-01	 +7.3363251e-03 -1.5264184e-03	 1.22e+00 Accepted	 387	 1560	
321	 5.5785528e-01	 +5.6951453e-03 -1.4776030e-03	 9.89e-01 Accepted	 381	 1601	
322	 5.5754352e-01	 +4.0646811e-03 -3.3896693e-03	 8.13e-01 Accepted	 385	 1594	
323	 5.5754445e-01	 +7.5058045e-03 -2.9797256e-03	 1.29e+00 Accepted	 382	 1579	
324	 5.5743797e-01	 +8.0481675e-03 -2.6611610e-03	 1.10e+00 Accepted	 378	 1521	
325	 5.5743595e-01	 +1.0304035e-02 -3.5423028e-03	 1.00e+00 Accepted	 378	 1603	
326	 5.5771394e-01	 +7.9548700e-03 -1.7503633e-03	 1.38e+00 Accepted	 379	 1541	
327	 5.5750121e-01	 +8.0440863e-03 +4.5015805e-04	 1.05e+00 Accepted	 383	 1571	
328	 5.5786292e-01	 +6.6474755e-03 -2.2885793e-03	 8.91e-01 Accepted	 383	 1581	
329	 5.5786292e-01	 +6.6474755e-03 -2.2885793e-03	 8.86e-01 Rejected	 379	 1515	
330	 5.5752399e-01	 +6.8507197e-03 -2.4381196e-03	 1.16e+00 Accepted	 380	 1532	
331	 5.5701301e-01	 +9.1703156e-03 +1.7400666e-03	 8.20e-01 Accepted	 379	 1539	
332	 5.5753974e-01	 +5.0939864e-03 +1.1476612e-03	 1.48e+00 Accepted	 370	 1540	
333	 5.5775773e-01	 +9.6741606e-03 +1.5348270e-03	 2.34e+00 Accepted	 375	 1527	
334	 5.5784869e-01	 +6.6265468e-03 +5.7779907e-04	 1.11e+00 Accepted	 374	 1583	
335	 5.5773537e-01	 +1.0590208e-02 -1.8218170e-03	 1.06e+00 Accepted	 381	 1559	
336	 5.5778328e-01	 +8.7839681e-03 -3.4663498e-03	 7.17e-01 Accepted	 378	 1569	
337	 5.5788095e-01	 +7.5728156e-03 -2.8880042e-04	 1.29e+00 Accepted	 381	 1630	
338	 5.5790728e-01	 +1.2281769e-02 -1.2096626e-03	 1.07e+00 Accepted	 395	 1555	
# Starting_type: CheckpointStart
# Trajectory_length / Number_of_MD_steps: 1 / 7
# 	 Plaquette	 Polyakov_Loop(re,im)	 Acc._Probability	 runtime_per_traj(s)	 CG_iterations	
339	 5.5757790e-01	 +5.3905160e-03 +2.3775442e-04	 7.85e-01 Accepted	 384	 1542	
340	 5.5773262e-01	 +6.6186444e-03 -1.4877964e-03	 1.29e+00 Accepted	 369	 1517	
341	 5.5773262e-01	 +6.6186444e-03 -1.4877964e-03	 8.69e-01 Rejected	 372	 1547	
342	 5.5741179e-01	 +6.5508354e-03 -6.3426038e-05	 6.49e-01 Accepted	 372	 1566	
343	 5.5746657e-01	 +4.9547739e-03 -6.8958055e-04	 1.04e+00 Accepted	 378	 1555	
344	 5.5739980e-01	 +7.4862474e-03 -3.6453307e-03	 8.44e-01 Accepted	 383	 1592	
345	 5.5697266e-01	 +1.0023812e-02 +4.2139348e-06	 5.78e-01 Accepted	 375	 1545	
346	 5.5724019e-01	 +7.8399139e-03 +8.8627044e-04	 7.68e-01 Accepted	 375	 1572	
347	 5.5681586e-01	 +7.1026718e-03 +8.2770812e-04	 1.12e+00 Accepted	 375	 1560	
348	 5.5720011e-01	 +6.9557683e-03 -3.2239910e-04	 9.42e-01 Accepted	 373	 1532	
349	 5.5726712e-01	 +6.5519000e-03 -9.0757661e-04	 8.50e-01 Accepted	 369	 1563	
350	 5.5730956e-01	 +4.7339440e-03 +6.5402824e-04	 1.01e+00 Accepted	 370	 1556	
351	 5.5724529e-01	 +8.2721418e-03 -9.5580146e-04	 1.18e+00 Accepted	 374	 1531	
352	 5.5715611e-01	 +7.3253631e-03 +1.3098912e-03	 6.30e-01 Accepted	 370	 1550	
353	 5.5704938e-01	 +6.9710410e-03 +5.4218221e-04	 9.36e-01 Accepted	 371	 1556	
354	 5.5745214e-01	 +9.0128033e-03 -2.0612182e-03	 1.23e+00 Accepted	 373	 1549	
355	 5.5729331e-01	 +7.0252927e-03 -1.4927223e-03	 1.09e+00 Accepted	 372	 1551	
356	 5.5723329e-01	 +2.9549323e-03 +3.2909607e-03	 1.40e+00 Accepted	 373	 1566	
357	 5.5740000e-01	 +3.5679696e-03 +1.7931788e-03	 1.17e+00 Accepted	 371	 1550	
358	 5.5740000e-01	 +3.5679696e-03 +1.7931788e-03	 7.60e-01 Rejected	 375	 1548	
359	 5.5760643e-01	 +5.5859000e-03 +1.2006708e-03	 8.73e-01 Accepted	 370	 1513	
360	 5.5760643e-01	 +5.5859000e-03 +1.2006708e-03	 7.16e-01 Rejected	 363	 1526	
361	 5.5779007e-01	 +6.9237048e-03 -5.0406168e-04	 1.53e+00 Accepted	 366	 1544	
362	 5.5790863e-01	 +2.6412250e-03 -6.0614505e-04	 1.32e+00 Accepted	 363	 1495	
363	 5.5782560e-01	 +5.5449341e-03 -1.5048393e-03	 7.28e-01 Accepted	 363	 1531	
364	 5.5776693e-01	 +4.9826190e-03 +1.7327176e-03	 1.21e+00 Accepted	 369	 1495	
365	 5.5800643e-01	 +6.1643528e-03 -3.3587121e-04	 1.26e+00 Accepted	 364	 1521	
366	 5.5787762e-01	 +6.3835481e-03 -8.8061513e-04	 1.06e+00 Accepted	 366	 1514	
367	 5.5756373e-01	 +6.9857460e-03 +3.8780295e-03	 1.43e+00 Accepted	 370	 1525	
368	 5.5738939e-01	 +6.9047553e-03 +1.7601048e-03	 6.98e-01 Accepted	 371	 1544	
369	 5.5758050e-01	 +9.3326047e-03 -2.1897456e-04	 9.50e-01 Accepted	 373	 1559	
370	 5.5735656e-01	 +4.8015549e-03 +7.5410026e-04	 9.51e-01 Accepted	 372	 1551	
371	 5.5735860e-01	 +3.9520041e-03 -1.1311843e-03	 1.27e+00 Accepted	 371	 1509	
372	 5.5736003e-01	 +7.6562169e-03 +1.4181960e-04	 9.93e-01 Accepted	 370	 1576	
373	 5.5791080e-01	 +7.6999476e-03 -3.0263560e-03	 1.27e+00 Accepted	 380	 1555	
374	 5.5791080e-01	 +7.6999476e-03 -3.0263560e-03	 5.82e-01 Rejected	 372	 1513	
375	 5.5764765e-01	 +7.5556934e-03 -2.6711207e-03	 6.63e-01 Accepted	 371	 1533	
376	 5.5751867e-01	 +7.1954425e-03 -2.1172911e-03	 8.84e-01 Accepted	 369	 1521	
377	 5.5794240e-01	 +6.7341810e-03 -3.6061711e-03	 9.57e-01 Accepted	 371	 1537	
378	 5.5826908e-01	 +6.3013480e-03 -1.2274886e-03	 1.36e+00 Accepted	 365	 1502	
379	 5.5808850e-01	 +7.0067649e-03 -4.3635765e-04	 1.20e+00 Accepted	 370	 1514	
380	 5.5811486e-01	 +5.3569035e-03 -1.8240998e-03	 9.51e-01 Accepted	 364	 1514	
381	 5.5796777e-01	 +5.1751181e-03 -1.7735164e-03	 1.13e+00 Accepted	 364	 1499	
382	 5.5796777e-01	 +5.1751181e-03 -1.7735164e-03	 7.43e-01 Rejected	 365	 1489	
383	 5.5769280e-01	 +8.1281884e-03 +7.6068273e-04	 6.45e-01 Accepted	 366	 1526	
384	 5.5822544e-01	 +5.7976425e-03 -2.6343621e-04	 1.36e+00 Accepted	 370	 1527	
385	 5.5814022e-01	 +7.0365823e-03 -1.4604569e-03	 1.05e+00 Accepted	 371	 1559	
386	 5.5830379e-01	 +7.3069894e-03 -2.3294160e-03	 1.06e+00 Accepted	 373	 1546	
387	 5.5830379e-01	 +7.3069894e-03 -2.3294160e-03	 7.89e-01 Rejected	 376	 1553	
388	 5.5837664e-01	 +6.8792320e-03 -1.5054757e-03	 1.20e+00 Accepted	 379	 1564	
389	 5.5794862e-01	 +5.9870539e-03 -2.2804231e-04	 9.47e-01 Accepted	 377	 1517	
390	 5.5759461e-01	 +4.6809612e-03 -1.1825523e-03	 9.88e-01 Accepted	 371	 1544	
391	 5.5759461e-01	 +4.6809612e-03 -1.1825523e-03	 7.19e-01 Rejected	 372	 1527	
392	 5.5719697e-01	 +6.8011863e-03 -1.0994292e-03	 8.44e-01 Accepted	 375	 1561	
393	 5.5723658e-01	 +6.0136308e-03 -3.7064724e-03	 9.53e-01 Accepted	 378	 1567	
394	 5.5718493e-01	 +5.0613188e-03 -4.7260063e-03	 1.29e+00 Accepted	 380	 1575	
395	 5.5761802e-01	 +6.0738512e-03 +8.9343500e-04	 9.03e-01 Accepted	 375	 1537	
396	 5.5789777e-01	 +1.0784162e-02 -4.9899785e-03	 8.86e-01 Accepted	 373	 1553	
397	 5.5784352e-01	 +6.4977483e-03 -3.0951514e-04	 1.03e+00 Accepted	 370	 1519	
398	 5.5789004e-01	 +5.6824086e-03 -3.5021909e-03	 9.29e-01 Accepted	 371	 1540	
399	 5.5774522e-01	 +9.2682257e-03 -4.9860135e-04	 7.40e-01 Accepted	 372	 1537	
400	 5.5799024e-01	 +7.5483645e-03 -2.1868438e-03	 8.98e-01 Accepted	 371	 1537	
401	 5.5747869e-01	 +5.9513664e-03 -1.7126496e-03	 8.08e-01 Accepted	 372	 1534	
402	 5.5729240e-01	 +8.3178898e-03 +2.5819745e-03	 1.07e+00 Accepted	 368	 1516	
403	 5.5731470e-01	 +7.1246590e-03 +2.8540029e-04	 7.11e-01 Accepted	 374	 1571	
404	 5.5663571e-01	 +4.0821208e-03 -3.1692671e-03	 7.15e-01 Accepted	 378	 1615	
405	 5.5687199e-01	 +6.0909402e-03 -6.6434432e-04	 1.07e+00 Accepted	 382	 1554	
406	 5.5697142e-01	 +5.0295226e-03 +2.8457429e-03	 1.17e+00 Accepted	 379	 1583	
407	 5.5715286e-01	 +3.8196925e-03 +2.5557918e-04	 9.26e-01 Accepted	 377	 1566	
408	 5.5755612e-01	 +4.2024665e-03 +1.0216479e-03	 1.71e+00 Accepted	 373	 1554	
409	 5.5798395e-01	 +3.7407042e-03 -4.4153321e-04	 9.88e-01 Accepted	 370	 1523	
410	 5.5798395e-01	 +3.7407042e-03 -4.4153321e-04	 8.12e-01 Rejected	 372	 1546	
411	 5.5806333e-01	 +3.6529906e-03 -9.6793192e-05	 6.04e-01 Accepted	 369	 1517	
412	 5.5793197e-01	 +7.1206620e-03 -6.2523462e-04	 1.03e+00 Accepted	 364	 1479	
413	 5.5779877e-01	 +6.3630675e-03 +1.2371657e-03	 7.41e-01 Accepted	 367	 1525	
414	 5.5779877e-01	 +6.3630675e-03 +1.2371657e-03	 6.56e-01 Rejected	 371	 1563	
415	 5.5779877e-01	 +6.3630675e-03 +1.2371657e-03	 7.37e-01 Rejected	 365	 1564	
416	 5.5742609e-01	 +5.7163211e-03 -1.8286712e-03	 8.31e-01 Accepted	 371	 1573	
417	 5.5716798e-01	 +6.7589357e-03 +1.1445843e-03	 7.81e-01 Accepted	 380	 1584	
418	 5.5732696e-01	 +4.8443385e-03 -1.6209344e-03	 1.08e+00 Accepted	 377	 1620	
419	 5.5749462e-01	 +6.1821720e-03 +1.1630165e-03	 1.38e+00 Accepted	 377	 1566	
420	 5.5767770e-01	 +3.9632217e-03 -1.2147854e-03	 1.35e+00 Accepted	 374	 1562	
421	 5.5783886e-01	 +7.0606609e-03 -1.3903102e-04	 8.51e-01 Accepted	 368	 1523	
422	 5.5718979e-01	 +4.5992024e-03 -2.7428495e-03	 5.41e-01 Accepted	 366	 1508	
423	 5.5718596e-01	 +5.2798336e-03 -3.1065188e-03	 1.06e+00 Accepted	 365	 1499	
424	 5.5714935e-01	 +7.7079904e-03 -5.3736667e-03	 9.73e-01 Accepted	 367	 1558	
425	 5.5714935e-01	 +7.7079904e-03 -5.3736667e-03	 6.95e-01 Rejected	 366	 1509	
426	 5.5698233e-01	 +5.5119469e-03 +1.3200264e-03	 7.17e-01 Accepted	 368	 1506	
427	 5.5728846e-01	 +8.4072589e-03 -1.7237709e-03	 1.96e+00 Accepted	 370	 1530	
428	 5.5706958e-01	 +6.8850358e-03 +3.1195955e-03	 1.01e+00 Accepted	 368	 1565	
429	 5.5715315e-01	 +1.7757563e-03 +1.9915972e-04	 1.10e+00 Accepted	 376	 1569	
430	 5.5715315e-01	 +1.7757563e-03 +1.9915972e-04	 5.61e-01 Rejected	 374	 1531	
431	 5.5698657e-01	 +6.9071140e-03 -9.3257776e-04	 8.86e-01 Accepted	 371	 1521	
432	 5.5719254e-01	 +7.4492445e-03 +3.2060947e-03	 1.76e+00 Accepted	 372	 1532	
433	 5.5723315e-01	 +8.4514174e-03 +1.7912055e-04	 1.23e+00 Accepted	 368	 1535	
434	 5.5723315e-01	 +8.4514174e-03 +1.7912055e-04	 8.57e-01 Rejected	 371	 1540	
435	 5.5723663e-01	 +5.7427330e-03 -2.0270507e-03	 1.24e+00 Accepted	 372	 1584	
436	 5.5736120e-01	 +7.0425883e-03 -1.5248300e-03	 1.25e+00 Accepted	 381	 1542	
437	 5.5756719e-01	 +4.7304905e-03 +1.5804744e-03	 1.19e+00 Accepted	 379	 1576	
438	 5.5765290e-01	 +2.4259638e-03 +5.4797615e-04	 7.13e-01 Accepted	 379	 1548	
439	 5.5779910e-01	 +4.0718181e-03 -8.1252026e-04	 1.27e+00 Accepted	 373	 1560	
440	 5.5809172e-01	 +2.6131109e-03 +6.5741897e-04	 1.01e+00 Accepted	 375	 1537	
441	 5.5809172e-01	 +2.6131109e-03 +6.5741897e-04	 5.62e-01 Rejected	 370	 1517	
442	 5.5808764e-01	 +3.4751066e-03 +2.5440957e-03	 1.37e+00 Accepted	 373	 1569	
443	 5.5790238e-01	 +5.9773356e-03 +2.5535126e-05	 1.16e+00 Accepted	 376	 1550	
444	 5.5796038e-01	 +1.7088754e-03 -1.7103958e-05	 1.25e+00 Accepted	 376	 1584	
445	 5.5820219e-01	 +3.5646515e-03 +9.5192995e-04	 1.40e+00 Accepted	 379	 1526	
446	 5.5765461e-01	 +2.2291798e-03 +8.3270168e-04	 7.00e-01 Accepted	 372	 1510	
447	 5.5758086e-01	 +5.2614796e-03 +8.7760901e-04	 6.95e-01 Accepted	 370	 1547	
448	 5.5758086e-01	 +5.2614796e-03 +8.7760901e-04	 7.00e-01 Rejected	 380	 1625	
449	 5.5734114e-01	 +5.6111089e-03 +2.2443749e-03	 8.16e-01 Accepted	 371	 1523	
450	 5.5715259e-01	 +5.5931526e-03 -8.8112609e-04	 8.99e-01 Accepted	 373	 1521	
451	 5.5742204e-01	 +6.8944767e-03 -1.0271301e-03	 1.45e+00 Accepted	 371	 1546	
452	 5.5742204e-01	 +6.8944767e-03 -1.0271301e-03	 6.04e-01 Rejected	 370	 1534	
453	 5.5769028e-01	 +5.1126127e-03 +1.3331201e-05	 1.14e+00 Accepted	 376	 1581	
# Starting_type: CheckpointStart
# Trajectory_length / Number_of_MD_steps: 1 / 7
# 	 Plaquette	 Polyakov_Loop(re,im)	 Acc._Probability	 runtime_per_traj(s)	 CG_iterations	
453	 5.5769028e-01	 +5.1126127e-03 +1.3331201e-05	 1.14e+00 Accepted	 381	 1581	
454	 5.5780010e-01	 +4.2717097e-03 +5.7808641e-04	 1.08e+00 Accepted	 374	 1521	
455	 5.5768481e-01	 +5.3090110e-03 -2.2019097e-03	 1.08e+00 Accepted	 370	 1540	
456	 5.5770666e-01	 +1.6159275e-03 -2.4793648e-03	 1.12e+00 Accepted	 369	 1516	
457	 5.5771875e-01	 +5.8400988e-03 -9.1336849e-04	 1.00e+00 Accepted	 366	 1529	
458	 5.5776652e-01	 +8.4063556e-03 -3.5614394e-03	 9.78e-01 Accepted	 368	 1577	
459	 5.5782550e-01	 +5.6512775e-03 +9.3201538e-04	 9.74e-01 Accepted	 373	 1549	
460	 5.5746560e-01	 +5.0608342e-03 -1.1709304e-03	 7.02e-01 Accepted	 372	 1524	
461	 5.5731157e-01	 +4.6055069e-03 -1.2111413e-03	 1.06e+00 Accepted	 364	 1528	
462	 5.5738347e-01	 +4.2616730e-03 -1.4433416e-03	 1.13e+00 Accepted	 371	 1552	
463	 5.5700928e-01	 +5.8212315e-03 +4.7798415e-04	 7.26e-01 Accepted	 383	 1610	
464	 5.5706448e-01	 +3.1372894e-03 +1.2157042e-03	 7.87e-01 Accepted	 394	 1649	
465	 5.5746907e-01	 +9.1562079e-03 -1.3394715e-03	 1.41e+00 Accepted	 387	 1592	
466	 5.5781696e-01	 +6.8226961e-03 +4.1919464e-03	 1.05e+00 Accepted	 387	 1534	
467	 5.5755790e-01	 +5.9738751e-03 +9.8053305e-04	 7.36e-01 Accepted	 379	 1606	
468	 5.5739626e-01	 +4.1129756e-03 +3.0080736e-03	 7.42e-01 Accepted	 388	 1612	
469	 5.5721592e-01	 +5.8208017e-03 -7.2189685e-04	 8.84e-01 Accepted	 393	 1589	
470	 5.5724144e-01	 +3.8763716e-03 +2.8054633e-03	 7.63e-01 Accepted	 388	 1591	
471	 5.5709077e-01	 +4.4449962e-03 +1.5100482e-03	 1.20e+00 Accepted	 391	 1609	
472	 5.5685820e-01	 +5.3592648e-03 +3.6054608e-03	 1.02e+00 Accepted	 376	 1511	
473	 5.5721629e-01	 +5.8544322e-03 +2.8286964e-03	 1.51e+00 Accepted	 374	 1588	
474	 5.5739032e-01	 +5.4412145e-03 -3.1479373e-03	 9.49e-01 Accepted	 378	 1537	
475	 5.5739316e-01	 +5.3918015e-03 +2.0934794e-03	 9.49e-01 Accepted	 370	 1567	
476	 5.5774838e-01	 +7.4338072e-03 +2.2382607e-03	 7.88e-01 Accepted	 372	 1532	
477	 5.5774838e-01	 +7.4338072e-03 +2.2382607e-03	 8.29e-01 Rejected	 371	 1520	
478	 5.5766204e-01	 +4.5694094e-03 -1.4891681e-03	 9.26e-01 Accepted	 370	 1526	
479	 5.5742268e-01	 +6.1157741e-03 -6.3608261e-04	 1.02e+00 Accepted	 370	 1509	
480	 5.5735835e-01	 +6.5087343e-03 +6.4445020e-04	 9.54e-01 Accepted	 365	 1530	
481	 5.5725200e-01	 +5.8249040e-03 +1.8021260e-04	 1.33e+00 Accepted	 364	 1505	
482	 5.5733977e-01	 +7.0378150e-03 +1.5374371e-03	 1.11e+00 Accepted	 367	 1522	
483	 5.5713844e-01	 +4.4499782e-03 +1.4268496e-04	 1.52e+00 Accepted	 372	 1553	
484	 5.5731236e-01	 +3.5751976e-03 +1.4409104e-03	 8.07e-01 Accepted	 370	 1525	
485	 5.5712324e-01	 +3.1062253e-03 -7.4216769e-05	 7.65e-01 Accepted	 380	 1573	
486	 5.5725462e-01	 +5.7426110e-03 -8.8951551e-04	 1.75e+00 Accepted	 384	 1579	
487	 5.5735832e-01	 +3.3331454e-03 -1.6264515e-03	 1.31e+00 Accepted	 376	 1545	
488	 5.5767351e-01	 +3.0774078e-03 -8.8297498e-04	 9.91e-01 Accepted	 372	 1566	
489	 5.5738935e-01	 +1.6095092e-03 -8.5573540e-04	 9.65e-01 Accepted	 377	 1593	
490	 5.5708518e-01	 +2.9221505e-03 +1.3108905e-03	 9.23e-01 Accepted	 375	 1586	
491	 5.5693527e-01	 +3.6141474e-03 -4.0432669e-03	 8.79e-01 Accepted	 376	 1555	
492	 5.5687459e-01	 +8.1478562e-04 -9.2096637e-04	 1.70e+00 Accepted	 380	 1605	
493	 5.5716728e-01	 +6.6662912e-04 -8.3775675e-04	 1.35e+00 Accepted	 385	 1563	
494	 5.5754090e-01	 +2.8882822e-03 -8.3025468e-04	 9.92e-01 Accepted	 374	 1577	
495	 5.5731822e-01	 +2.5893822e-03 -1.6621977e-03	 8.88e-01 Accepted	 389	 1642	
496	 5.5687649e-01	 +1.2088702e-03 -3.8512977e-03	 1.08e+00 Accepted	 394	 1654	
497	 5.5700276e-01	 +6.4605425e-04 -8.6300371e-04	 1.13e+00 Accepted	 386	 1590	
498	 5.5696214e-01	 +4.0849744e-03 +3.0411448e-03	 5.15e-01 Accepted	 380	 1577	
499	 5.5698284e-01	 +4.4420826e-03 -2.2057597e-03	 1.09e+00 Accepted	 381	 1585	
500	 5.5702749e-01	 +2.1306569e-03 -3.4593696e-03	 1.43e+00 Accepted	 374	 1551	
501	 5.5741578e-01	 +1.7940755e-04 -2.3359204e-03	 1.40e+00 Accepted	 374	 1554	
502	 5.5735945e-01	 +3.2792846e-03 -1.0502477e-03	 9.46e-01 Accepted	 377	 1566	
503	 5.5733211e-01	 +4.0138356e-03 -1.8623742e-03	 9.15e-01 Accepted	 374	 1609	
504	 5.5755964e-01	 +6.2998348e-03 -3.5856300e-03	 1.16e+00 Accepted	 383	 1546	
505	 5.5747419e-01	 +1.2638080e-03 -1.6458819e-03	 6.95e-01 Accepted	 374	 1576	
506	 5.5730468e-01	 +2.5456084e-03 -3.6254410e-03	 1.66e+00 Accepted	 382	 1664	
507	 5.5751541e-01	 +6.4213381e-03 -3.6337843e-03	 7.89e-01 Accepted	 394	 1619	
# Starting_type: CheckpointStart
# Trajectory_length / Number_of_MD_steps: 1 / 7
# 	 Plaquette	 Polyakov_Loop(re,im)	 Acc._Probability	 runtime_per_traj(s)	 CG_iterations	
507	 5.5751541e-01	 +6.4213381e-03 -3.6337843e-03	 7.89e-01 Accepted	 405	 1619	
508	 5.5762430e-01	 +5.3577501e-03 -2.5004185e-03	 2.05e+00 Accepted	 385	 1581	
509	 5.5736721e-01	 +3.5044042e-03 -1.7943576e-03	 8.35e-01 Accepted	 377	 1542	
510	 5.5736752e-01	 +4.8109518e-03 -1.6432435e-03	 8.95e-01 Accepted	 375	 1548	
511	 5.5700547e-01	 +4.3226344e-03 -2.8392131e-03	 6.64e-01 Accepted	 374	 1537	
512	 5.5693376e-01	 +3.8792834e-03 +3.2324672e-04	 9.83e-01 Accepted	 370	 1510	
513	 5.5697152e-01	 +1.4361357e-03 -3.1034146e-04	 9.46e-01 Accepted	 370	 1545	
514	 5.5722683e-01	 +7.0677882e-03 -2.8279815e-03	 6.34e-01 Accepted	 368	 1531	
515	 5.5687736e-01	 +2.7030093e-03 -2.3590735e-04	 6.36e-01 Accepted	 367	 1530	
516	 5.5697294e-01	 +6.2006485e-03 +1.6508254e-03	 7.92e-01 Accepted	 366	 1537	
517	 5.5676661e-01	 +5.9735273e-03 -1.0691980e-03	 9.33e-01 Accepted	 372	 1550	
518	 5.5697207e-01	 +3.0828961e-03 -1.3347703e-03	 8.62e-01 Accepted	 375	 1602	
519	 5.5735295e-01	 +3.0369006e-03 +2.5470398e-05	 1.40e+00 Accepted	 387	 1647	
520	 5.5735295e-01	 +3.0369006e-03 +2.5470398e-05	 5.76e-01 Rejected	 390	 1578	
521	 5.5683662e-01	 +3.7520368e-03 -9.7900827e-04	 8.31e-01 Accepted	 391	 1605	
522	 5.5689980e-01	 +5.1508460e-03 -1.7592259e-03	 1.03e+00 Accepted	 387	 1625	
523	 5.5717033e-01	 +5.8074496e-03 -1.8100316e-03	 1.18e+00 Accepted	 389	 1649	
524	 5.5709995e-01	 +1.5842300e-03 +1.1354118e-03	 9.82e-01 Accepted	 390	 1602	
525	 5.5693756e-01	 +1.4466215e-03 -6.2358011e-04	 1.24e+00 Accepted	 380	 1493	
526	 5.5690439e-01	 +5.1525590e-03 -1.5896278e-03	 1.23e+00 Accepted	 368	 1550	
527	 5.5704695e-01	 +1.0720058e-03 +2.2448694e-03	 7.21e-01 Accepted	 380	 1541	
528	 5.5756397e-01	 +1.3362670e-03 +6.3861699e-04	 1.04e+00 Accepted	 373	 1516	
529	 5.5783763e-01	 +3.8737841e-03 -1.1481770e-03	 9.56e-01 Accepted	 368	 1525	
530	 5.5737329e-01	 +3.3387347e-03 -1.4083805e-03	 9.88e-01 Accepted	 371	 1532	
531	 5.5745924e-01	 +3.0959252e-03 -1.0532931e-03	 9.04e-01 Accepted	 367	 1520	
532	 5.5773243e-01	 +4.9582382e-03 -8.9860086e-04	 1.04e+00 Accepted	 364	 1490	
533	 5.5761485e-01	 +5.2787998e-04 +1.1882384e-03	 8.89e-01 Accepted	 367	 1519	
534	 5.5764881e-01	 +3.4399102e-03 -1.1392670e-03	 8.95e-01 Accepted	 367	 1498	
535	 5.5764881e-01	 +3.4399102e-03 -1.1392670e-03	 6.80e-01 Rejected	 367	 1533	
536	 5.5764881e-01	 +3.4399102e-03 -1.1392670e-03	 8.52e-01 Rejected	 366	 1496	
537	 5.5704754e-01	 +5.4832057e-03 +2.3190875e-04	 7.72e-01 Accepted	 368	 1511	
538	 5.5749216e-01	 +5.7850865e-03 +3.0036570e-04	 9.69e-01 Accepted	 372	 1567	
539	 5.5743317e-01	 +3.0700089e-03 -2.0649213e-03	 1.14e+00 Accepted	 373	 1509	
540	 5.5725434e-01	 +6.4532319e-03 -2.0102435e-03	 9.95e-01 Accepted	 369	 1528	
541	 5.5732604e-01	 +4.6877116e-03 -1.3291131e-03	 1.17e+00 Accepted	 374	 1545	
542	 5.5732604e-01	 +4.6877116e-03 -1.3291131e-03	 7.55e-01 Rejected	 373	 1563	
543	 5.5728818e-01	 +2.5845930e-03 +6.4267237e-04	 1.44e+00 Accepted	 373	 1564	
544	 5.5724573e-01	 +4.2895294e-03 -1.8514062e-03	 1.50e+00 Accepted	 374	 1522	
545	 5.5752936e-01	 +2.2597029e-03 -4.1371425e-04	 9.55e-01 Accepted	 368	 1535	
546	 5.5776495e-01	 +2.2728382e-05 -1.0841287e-03	 1.42e+00 Accepted	 373	 1550	
547	 5.5753035e-01	 +3.1208886e-03 -1.5651824e-03	 1.12e+00 Accepted	 373	 1514	
548	 5.5759799e-01	 +2.3655350e-03 +4.4510704e-03	 7.77e-01 Accepted	 368	 1526	
549	 5.5759799e-01	 +2.3655350e-03 +4.4510704e-03	 5.42e-01 Rejected	 374	 1533	
550	 5.5755222e-01	 +3.5853057e-03 +5.3649962e-04	 1.01e+00 Accepted	 375	 1541	
551	 5.5737707e-01	 +2.6899477e-03 +1.4234403e-03	 1.11e+00 Accepted	 373	 1529	
552	 5.5742469e-01	 +4.3731794e-03 +6.6525423e-04	 1.09e+00 Accepted	 372	 1525	
553	 5.5789232e-01	 +3.4593624e-03 -1.2618009e-03	 1.02e+00 Accepted	 371	 1532	
554	 5.5814871e-01	 +2.4784968e-03 +5.9877947e-04	 1.67e+00 Accepted	 372	 1548	
555	 5.5814375e-01	 +6.1717235e-03 -1.6195722e-03	 1.81e+00 Accepted	 371	 1510	
556	 5.5801953e-01	 +3.6736559e-03 -1.6123224e-04	 1.01e+00 Accepted	 366	 1516	
557	 5.5801953e-01	 +3.6736559e-03 -1.6123224e-04	 8.72e-01 Rejected	 365	 1506	
558	 5.5788000e-01	 +5.3579794e-03 +4.4076247e-04	 1.20e+00 Accepted	 367	 1515	
559	 5.5801851e-01	 +2.6443487e-03 -7.1787327e-04	 1.62e+00 Accepted	 365	 1490	
560	 5.5759957e-01	 +4.4402900e-03 +4.0398693e-03	 5.82e-01 Accepted	 364	 1518	
561	 5.5733851e-01	 +7.6648852e-03 +8.9395838e-04	 7.42e-01 Accepted	 363	 1498	
562	 5.5720689e-01	 +5.5114996e-03 -1.5168438e-03	 7.66e-01 Accepted	 362	 1501	
563	 5.5732809e-01	 +2.2020517e-03 +1.2414297e-03	 1.36e+00 Accepted	 369	 1539	
564	 5.5772119e-01	 +4.6621125e-03 -1.6121636e-03	 1.25e+00 Accepted	 368	 1512	
565	 5.5772119e-01	 +4.6621125e-03 -1.6121636e-03	 7.96e-01 Rejected	 366	 1525	
566	 5.5772119e-01	 +4.6621125e-03 -1.6121636e-03	 6.31e-01 Rejected	 370	 1536	
567	 5.5770030e-01	 +7.0144759e-03 -1.9914259e-03	 1.27e+00 Accepted	 367	 1514	
568	 5.5791323e-01	 +4.2500121e-03 +8.9159024e-04	 1.02e+00 Accepted	 365	 1507	
569	 5.5777035e-01	 +1.8395816e-03 -5.7235868e-04	 5.59e-01 Accepted	 365	 1513	
570	 5.5807283e-01	 +6.1702240e-03 -4.0601907e-03	 1.76e+00 Accepted	 367	 1534	
571	 5.5790580e-01	 +3.5144726e-03 +1.2943598e-03	 7.28e-01 Accepted	 369	 1522	
572	 5.5790580e-01	 +3.5144726e-03 +1.2943598e-03	 6.83e-01 Rejected	 368	 1522	
573	 5.5831492e-01	 +1.6129982e-04 +9.9771836e-04	 1.24e+00 Accepted	 366	 1513	
574	 5.5809888e-01	 +1.7445726e-03 -3.6607431e-04	 1.24e+00 Accepted	 369	 1522	
575	 5.5836884e-01	 +1.9395783e-03 -1.1271067e-04	 1.20e+00 Accepted	 372	 1541	
576	 5.5806593e-01	 +5.7622622e-03 -3.8864961e-04	 9.91e-01 Accepted	 371	 1515	
577	 5.5824534e-01	 +5.2392733e-03 -5.1319851e-05	 1.69e+00 Accepted	 370	 1524	
578	 5.5824534e-01	 +5.2392733e-03 -5.1319851e-05	 5.83e-01 Rejected	 366	 1488	
579	 5.5809783e-01	 +5.1472602e-03 +2.6311900e-03	 6.40e-01 Accepted	 369	 1519	
580	 5.5814052e-01	 +3.4396099e-03 +3.1666400e-04	 8.51e-01 Accepted	 369	 1497	
581	 5.5826091e-01	 +1.3182550e-03 +1.6635965e-03	 1.56e+00 Accepted	 365	 1499	
582	 5.5788065e-01	 +1.6531850e-03 -1.5366899e-03	 9.09e-01 Accepted	 364	 1483	
583	 5.5779096e-01	 +4.9089180e-03 -2.7670528e-03	 6.21e-01 Accepted	 364	 1483	
584	 5.5774877e-01	 +4.9409846e-03 +1.7319106e-03	 1.15e+00 Accepted	 361	 1490	
585	 5.5752757e-01	 +4.5435301e-03 +2.1644787e-03	 9.18e-01 Accepted	 368	 1541	
586	 5.5737427e-01	 +5.8924282e-03 -2.9029355e-03	 8.77e-01 Accepted	 371	 1530	
587	 5.5737427e-01	 +5.8924282e-03 -2.9029355e-03	 5.10e-01 Rejected	 376	 1562	
588	 5.5760279e-01	 +4.1871871e-03 -3.4517371e-03	 1.26e+00 Accepted	 377	 1548	
589	 5.5745896e-01	 +1.9998595e-03 +1.6545186e-03	 1.64e+00 Accepted	 373	 1546	
590	 5.5741391e-01	 +1.9082920e-03 -1.7385860e-03	 1.25e+00 Accepted	 377	 1574	
591	 5.5738071e-01	 +7.0561773e-03 -5.1759686e-04	 1.73e+00 Accepted	 376	 1538	
592	 5.5770186e-01	 +3.5746314e-03 -1.3839030e-03	 1.90e+00 Accepted	 373	 1580	
593	 5.5770186e-01	 +3.5746314e-03 -1.3839030e-03	 6.32e-01 Rejected	 377	 1527	
594	 5.5770186e-01	 +3.5746314e-03 -1.3839030e-03	 6.95e-01 Rejected	 384	 1608	
595	 5.5781284e-01	 +3.2814070e-03 -3.0572280e-03	 9.76e-01 Accepted	 381	 1596	
596	 5.5771197e-01	 +5.1571570e-03 -4.6397161e-03	 7.71e-01 Accepted	 387	 1578	
597	 5.5705199e-01	 +5.3216484e-03 +1.9692004e-04	 6.57e-01 Accepted	 378	 1532	
598	 5.5696903e-01	 +5.2136751e-03 +1.4866778e-03	 1.26e+00 Accepted	 372	 1548	
599	 5.5728644e-01	 +4.9277437e-03 -4.1128927e-04	 1.60e+00 Accepted	 372	 1511	
600	 5.5708950e-01	 +4.7364897e-03 +1.5195044e-04	 9.43e-01 Accepted	 367	 1509	
601	 5.5691803e-01	 +5.2578053e-03 +4.0897997e-04	 7.87e-01 Accepted	 368	 1520	
602	 5.5734888e-01	 +3.8415908e-03 +3.6389484e-04	 1.42e+00 Accepted	 366	 1496	
603	 5.5753938e-01	 +4.5241513e-03 -3.5788228e-03	 1.08e+00 Accepted	 368	 1515	
604	 5.5802642e-01	 +5.2518694e-03 +2.3744067e-03	 1.33e+00 Accepted	 366	 1487	
605	 5.5809200e-01	 +9.6636375e-04 +1.3870716e-03	 1.18e+00 Accepted	 372	 1559	
606	 5.5802256e-01	 +3.1012953e-03 +1.5740482e-03	 7.59e-01 Accepted	 374	 1499	
607	 5.5804946e-01	 +4.5710663e-03 +1.5370869e-03	 8.03e-01 Accepted	 366	 1502	
608	 5.5790757e-01	 +2.2687391e-03 -1.5164404e-03	 9.58e-01 Accepted	 364	 1488	
609	 5.5790757e-01	 +2.2687391e-03 -1.5164404e-03	 8.63e-01 Rejected	 366	 1514	
610	 5.5796130e-01	 +5.2313318e-03 +3.6251341e-03	 9.14e-01 Accepted	 361	 1500	
611	 5.5796130e-01	 +5.2313318e-03 +3.6251341e-03	 8.73e-01 Rejected	 364	 1501	
612	 5.5777099e-01	 +1.9402649e-03 +3.6130591e-04	 1.05e+00 Accepted	 362	 1502	
613	 5.5753909e-01	 +5.4287358e-03 +1.1150790e-03	 1.14e+00 Accepted	 362	 1494	
614	 5.5753909e-01	 +5.4287358e-03 +1.1150790e-03	 4.90e-01 Rejected	 364	 1536	
615	 5.5761266e-01	 +1.2986116e-03 -2.7042233e-04	 1.53e+00 Accepted	 364	 1502	
616	 5.5750480e-01	 +1.9925088e-03 -9.9184481e-04	 1.02e+00 Accepted	 363	 1506	
617	 5.5819283e-01	 +3.9745977e-03 +2.9127966e-03	 8.03e-01 Accepted	 367	 1513	
# Starting_type: 
# Trajectory_length / Number_of_MD_steps: /
# 	 Plaquette	 Polyakov_Loop(re,im)	 Acc._Probability	 runtime_per_traj(s)	 CG_iterations	
