# Starting_type: HotStart
# serial RNG seed: 	[38454 64391 30545 16021 21598]
# parallel RNG seed:	[6504 64565 58308 6006 31273]
# Trajectory_length / Number_of_MD_steps: 1 / 8
# 	 Plaquette	 Polyakov_Loop(re,im)	 Acc._Probability	 runtime_per_traj(s)	 CG_iterations	
1	 2.3014176e-01	 -9.8093023e-04 -5.0821974e-04	 1.14e+30 Accepted	 180	 643	
2	 3.2722232e-01	 +5.7746285e-04 +1.0788398e-03	 9.39e+14 Accepted	 197	 644	
3	 3.8298559e-01	 -3.5510584e-03 -4.4865647e-04	 4.68e+09 Accepted	 197	 631	
4	 4.2060972e-01	 -1.7074846e-03 -3.3914880e-03	 1.81e+07 Accepted	 194	 620	
5	 4.4866735e-01	 +5.3247564e-04 -1.7512293e-03	 5.59e+05 Accepted	 193	 610	
6	 4.7182739e-01	 -2.7744602e-04 +1.2870589e-03	 7.75e+04 Accepted	 189	 601	
7	 4.9146194e-01	 -2.3400689e-03 +6.3093551e-04	 1.78e+04 Accepted	 187	 592	
8	 5.0834936e-01	 +3.2108766e-05 +2.0301874e-04	 2.67e+03 Accepted	 186	 588	
9	 5.2322215e-01	 -5.1714892e-04 +3.0686575e-04	 1.69e+03 Accepted	 184	 584	
10	 5.3627481e-01	 -1.5089780e-03 +6.1262336e-04	 6.81e+02 Accepted	 182	 575	
11	 5.4761739e-01	 -4.1126869e-04 +1.6475808e-03	 4.79e+02 Accepted	 180	 568	
12	 5.5684914e-01	 -2.7319654e-03 +2.0210445e-03	 1.11e+02 Accepted	 180	 563	
13	 5.6472113e-01	 -1.3419079e-03 -1.5149705e-03	 5.85e+01 Accepted	 178	 555	
14	 5.7122804e-01	 -1.4743536e-04 -2.4969107e-03	 3.01e+01 Accepted	 177	 554	
15	 5.7642032e-01	 -2.9389125e-03 +1.7384265e-03	 2.07e+01 Accepted	 174	 548	
16	 5.8103436e-01	 -9.1583966e-04 +1.6858202e-03	 1.14e+01 Accepted	 173	 539	
17	 5.8449752e-01	 -4.1829802e-04 +4.0502819e-04	 6.40e+00 Accepted	 172	 525	
18	 5.8688171e-01	 -1.6931090e-03 -1.3015875e-03	 4.13e+00 Accepted	 169	 527	
19	 5.8900968e-01	 +2.9510866e-03 +2.0989756e-03	 2.58e+00 Accepted	 168	 510	
20	 5.9105724e-01	 -9.0644444e-04 -4.4054651e-03	 2.42e+00 Accepted	 165	 509	
21	 5.9231990e-01	 -1.3930452e-03 +1.3218064e-03	 2.07e+00 Accepted	 165	 501	
22	 5.9330438e-01	 -1.7848844e-03 -1.0633677e-03	 1.49e+00 Accepted	 164	 507	
23	 5.9402978e-01	 -2.5954829e-03 +1.9147210e-03	 1.49e+00 Accepted	 163	 492	
24	 5.9509983e-01	 -3.9278320e-03 +4.7621671e-04	 1.45e+00 Accepted	 162	 499	
25	 5.9600053e-01	 -5.0004961e-03 -2.4760638e-04	 1.78e+00 Accepted	 161	 494	
26	 5.9660791e-01	 -2.2722521e-03 -3.7813318e-03	 1.23e+00 Accepted	 153	 448	
27	 5.9687509e-01	 -5.5768217e-03 -1.3474738e-03	 1.29e+00 Accepted	 145	 439	
28	 5.9706003e-01	 +4.8765604e-04 -3.6636420e-03	 1.13e+00 Accepted	 149	 441	
29	 5.9717430e-01	 -1.1541276e-03 -3.8815950e-03	 9.93e-01 Accepted	 145	 444	
30	 5.9760283e-01	 -1.3287760e-03 -5.7891071e-03	 1.65e+00 Accepted	 151	 449	
31	 5.9795511e-01	 -4.2914203e-03 -4.2661472e-03	 1.19e+00 Accepted	 141	 369	
32	 5.9825136e-01	 -2.6673089e-03 +1.3889866e-03	 1.23e+00 Accepted	 137	 424	
33	 5.9861161e-01	 -3.3055429e-03 -1.6622218e-03	 1.40e+00 Accepted	 141	 375	
34	 5.9908675e-01	 +4.7408475e-04 -3.8971944e-03	 1.37e+00 Accepted	 136	 421	
35	 5.9898078e-01	 -3.1753017e-03 +5.8253973e-04	 8.39e-01 Accepted	 143	 449	
36	 5.9872838e-01	 -3.8139112e-03 -3.7596306e-03	 8.07e-01 Accepted	 145	 386	
37	 5.9872250e-01	 -5.2958175e-03 -4.0623708e-03	 8.32e-01 Accepted	 139	 384	
38	 5.9894993e-01	 -5.6767847e-03 -2.1036058e-03	 1.17e+00 Accepted	 121	 288	
39	 5.9864179e-01	 -1.3285555e-03 -3.3719274e-03	 7.50e-01 Accepted	 116	 338	
40	 5.9884428e-01	 -7.1418290e-04 +5.4875808e-04	 1.12e+00 Accepted	 119	 259	
41	 5.9916288e-01	 -4.2895256e-03 +1.1250567e-04	 9.84e-01 Accepted	 111	 302	
42	 5.9958644e-01	 -4.3402200e-03 -8.0614945e-04	 1.41e+00 Accepted	 114	 244	
43	 5.9932879e-01	 -3.1706052e-03 -2.2792187e-03	 9.85e-01 Accepted	 98	 225	
44	 5.9964594e-01	 -5.4348629e-03 -2.0122985e-03	 1.23e+00 Accepted	 101	 294	
45	 5.9988807e-01	 -1.9561094e-03 -4.3308909e-05	 8.56e-01 Accepted	 112	 281	
46	 6.0032102e-01	 -1.0194079e-03 +1.4333136e-04	 1.22e+00 Accepted	 105	 243	
47	 6.0011578e-01	 -7.2719479e-03 -2.5924592e-03	 1.05e+00 Accepted	 99	 247	
48	 6.0028705e-01	 -7.8519043e-03 -1.5815324e-03	 8.59e-01 Accepted	 104	 261	
49	 6.0045794e-01	 -4.1983826e-03 -6.9999487e-05	 1.49e+00 Accepted	 105	 285	
50	 6.0059670e-01	 -5.8369104e-03 +1.0769065e-03	 1.13e+00 Accepted	 104	 229	
51	 6.0057499e-01	 -4.0980036e-03 +3.2202161e-04	 1.24e+00 Accepted	 98	 259	
52	 6.0086336e-01	 -2.9403238e-03 -7.8233694e-04	 1.01e+00 Accepted	 100	 239	
53	 6.0091653e-01	 -2.9451022e-03 -3.8267671e-04	 1.05e+00 Accepted	 99	 260	
54	 6.0065927e-01	 -4.2369035e-03 +1.1154165e-03	 1.03e+00 Accepted	 98	 223	
55	 6.0029963e-01	 -9.9336356e-03 -1.2639049e-03	 6.19e-01 Accepted	 93	 226	
56	 6.0016682e-01	 -6.9412590e-03 +2.0364152e-03	 9.90e-01 Accepted	 98	 278	
57	 6.0065584e-01	 -6.1066862e-03 +1.1609672e-03	 1.09e+00 Accepted	 102	 265	
58	 6.0056096e-01	 -9.3262917e-03 +4.5003208e-03	 1.14e+00 Accepted	 109	 270	
59	 6.0036915e-01	 -4.0798201e-03 +2.5942731e-03	 1.02e+00 Accepted	 108	 276	
60	 6.0034635e-01	 -5.7589570e-03 +5.0499945e-03	 1.01e+00 Accepted	 103	 241	
61	 6.0008730e-01	 -3.3682765e-03 -1.2236392e-04	 9.15e-01 Accepted	 97	 230	
62	 6.0008730e-01	 -3.3682765e-03 -1.2236392e-04	 9.35e-01 Rejected	 97	 266	
63	 6.0022573e-01	 -6.9160716e-04 -2.1677100e-04	 9.48e-01 Accepted	 98	 289	
64	 6.0022573e-01	 -6.9160716e-04 -2.1677100e-04	 7.19e-01 Rejected	 110	 269	
65	 6.0024241e-01	 -4.1143916e-03 -1.2493008e-03	 1.09e+00 Accepted	 107	 233	
66	 6.0014907e-01	 -2.4083549e-03 -1.9975420e-03	 9.33e-01 Accepted	 96	 253	
67	 5.9998261e-01	 -3.1524192e-03 -1.3344761e-03	 8.82e-01 Accepted	 99	 223	
68	 6.0023420e-01	 -2.7875356e-03 -7.0136517e-04	 1.21e+00 Accepted	 94	 236	
69	 6.0017812e-01	 -2.8778614e-03 +1.1123069e-03	 1.15e+00 Accepted	 96	 221	
70	 6.0001388e-01	 -1.3565437e-05 +5.2455945e-04	 8.93e-01 Accepted	 94	 229	
71	 6.0027027e-01	 -1.7588888e-03 -2.3330758e-03	 8.82e-01 Accepted	 95	 225	
72	 6.0011711e-01	 -2.6855386e-03 +3.0277400e-03	 9.48e-01 Accepted	 94	 222	
