# Starting_type: HotStart
# serial RNG seed: 	[53707 9838 17219 29724 39295]
# parallel RNG seed:	[13489 47945 32989 42768 34413]
# Trajectory_length / Number_of_MD_steps: 1 / 8
# 	 Plaquette	 Polyakov_Loop(re,im)	 Acc._Probability	 runtime_per_traj(s)	 CG_iterations	
1	 2.2784002e-01	 +1.0687509e-03 +6.0664485e-04	 3.69e+28 Accepted	 182	 643	
2	 3.2250126e-01	 +1.5117045e-03 +1.5253238e-03	 1.73e+14 Accepted	 197	 645	
3	 3.7629285e-01	 +2.5055650e-06 -2.2343476e-03	 7.04e+08 Accepted	 198	 633	
4	 4.1184697e-01	 -9.8963345e-04 -1.5480201e-03	 1.67e+06 Accepted	 195	 622	
5	 4.3828153e-01	 +2.8874762e-03 -2.4573775e-03	 9.59e+04 Accepted	 193	 613	
6	 4.5930329e-01	 +3.2087928e-06 +1.1887222e-03	 1.63e+04 Accepted	 191	 606	
7	 4.7684298e-01	 +1.7031832e-03 -2.0301181e-03	 3.50e+03 Accepted	 189	 599	
8	 4.9203406e-01	 -7.1204573e-04 -1.6547186e-03	 1.54e+03 Accepted	 187	 591	
9	 5.0558708e-01	 -1.0418549e-03 -5.0463343e-04	 5.40e+02 Accepted	 186	 587	
10	 5.1741966e-01	 -2.1371112e-03 +1.4811030e-03	 4.27e+02 Accepted	 185	 583	
11	 5.2845718e-01	 +1.1111001e-03 +1.0686163e-03	 3.08e+02 Accepted	 183	 573	
12	 5.3790845e-01	 -1.3288136e-03 -5.0940292e-04	 9.04e+01 Accepted	 182	 571	
13	 5.4641011e-01	 -1.1214609e-03 -3.1776915e-04	 7.89e+01 Accepted	 180	 563	
14	 5.5309640e-01	 +1.7516150e-03 +8.8967971e-04	 2.61e+01 Accepted	 178	 562	
15	 5.5890985e-01	 +1.1076097e-03 +1.7727330e-03	 1.93e+01 Accepted	 178	 557	
16	 5.6405270e-01	 +2.1052002e-03 -5.8030281e-04	 1.20e+01 Accepted	 176	 549	
17	 5.6839054e-01	 +2.1931809e-03 +1.1094465e-03	 8.76e+00 Accepted	 176	 547	
18	 5.7160730e-01	 +1.2530082e-03 -1.1344958e-03	 4.25e+00 Accepted	 173	 537	
19	 5.7451470e-01	 +7.5666856e-04 -5.7966417e-05	 5.06e+00 Accepted	 173	 538	
20	 5.7706469e-01	 -1.3584801e-04 +5.8843684e-04	 3.65e+00 Accepted	 172	 526	
21	 5.7867671e-01	 +1.9298593e-03 +2.2937254e-03	 2.71e+00 Accepted	 170	 522	
22	 5.8066553e-01	 -3.6202983e-03 +9.3219329e-04	 2.65e+00 Accepted	 169	 520	
23	 5.8139497e-01	 +2.0759290e-04 -1.9962664e-03	 1.46e+00 Accepted	 168	 512	
24	 5.8221906e-01	 +6.7970136e-06 -2.4968118e-04	 1.68e+00 Accepted	 166	 497	
25	 5.8305444e-01	 -1.0116785e-04 +1.3618019e-03	 1.54e+00 Accepted	 164	 498	
26	 5.8419814e-01	 -4.1091289e-03 -2.8827919e-03	 1.99e+00 Accepted	 163	 478	
27	 5.8477682e-01	 -3.9756634e-03 -1.2523912e-03	 1.23e+00 Accepted	 162	 501	
28	 5.8516463e-01	 +1.7439266e-04 -6.0645010e-04	 1.18e+00 Accepted	 162	 492	
29	 5.8534924e-01	 -6.2018515e-04 +9.9623691e-04	 9.39e-01 Accepted	 161	 505	
30	 5.8573641e-01	 -2.4527261e-03 -2.3588890e-04	 1.24e+00 Accepted	 160	 474	
31	 5.8597090e-01	 -3.2274368e-03 +1.9069426e-03	 9.48e-01 Accepted	 159	 474	
32	 5.8640505e-01	 +1.3380254e-03 +1.5787267e-03	 1.42e+00 Accepted	 156	 454	
33	 5.8691582e-01	 -8.2046844e-04 +1.1957487e-03	 1.29e+00 Accepted	 155	 453	
34	 5.8702381e-01	 -4.0377557e-04 +5.2350394e-03	 1.15e+00 Accepted	 154	 451	
35	 5.8726964e-01	 +7.5618309e-04 +1.3917847e-03	 1.08e+00 Accepted	 152	 412	
36	 5.8758395e-01	 +3.8799852e-03 +1.2333903e-03	 1.38e+00 Accepted	 140	 395	
37	 5.8748954e-01	 +5.3845342e-04 -2.1669126e-03	 7.98e-01 Accepted	 125	 334	
38	 5.8799080e-01	 +1.9243469e-04 +1.4983126e-03	 1.34e+00 Accepted	 124	 327	
39	 5.8808266e-01	 +1.7292048e-03 +1.4313913e-04	 1.11e+00 Accepted	 124	 393	
40	 5.8808980e-01	 -1.4297384e-03 -9.7929289e-04	 9.64e-01 Accepted	 130	 316	
41	 5.8793641e-01	 +2.1125391e-04 +3.1482441e-03	 8.55e-01 Accepted	 125	 411	
42	 5.8790222e-01	 +5.1573432e-03 -1.4884914e-03	 8.16e-01 Accepted	 140	 379	
43	 5.8820547e-01	 -2.3773843e-03 +2.8405908e-04	 1.40e+00 Accepted	 133	 319	
44	 5.8831234e-01	 +2.1394829e-03 +2.8048406e-03	 1.12e+00 Accepted	 128	 431	
45	 5.8828287e-01	 +2.5810082e-03 +1.1228452e-03	 1.47e+00 Accepted	 133	 316	
46	 5.8835261e-01	 +3.6934644e-03 -8.6079711e-04	 9.36e-01 Accepted	 119	 297	
47	 5.8868582e-01	 +4.7460622e-03 +3.6113439e-03	 1.20e+00 Accepted	 115	 308	
48	 5.8838376e-01	 -1.3000031e-03 +4.9394044e-03	 7.93e-01 Accepted	 113	 291	
49	 5.8828754e-01	 +2.1607153e-03 +5.1009321e-03	 8.70e-01 Accepted	 120	 363	
50	 5.8853923e-01	 +4.4177557e-03 +2.4179846e-03	 1.13e+00 Accepted	 125	 304	
51	 5.8840692e-01	 +4.2870628e-03 +2.7055136e-03	 8.61e-01 Accepted	 125	 382	
52	 5.8835492e-01	 +1.3794770e-04 +1.2544955e-03	 1.04e+00 Accepted	 126	 295	
53	 5.8847926e-01	 -1.7067790e-03 +3.1018040e-03	 1.11e+00 Accepted	 111	 307	
54	 5.8855859e-01	 -2.4757609e-03 +4.6162848e-03	 1.08e+00 Accepted	 117	 324	
55	 5.8914449e-01	 -2.5586042e-03 +5.3335061e-03	 1.02e+00 Accepted	 116	 254	
56	 5.8891124e-01	 +2.7617585e-03 +3.3580021e-03	 9.07e-01 Accepted	 103	 258	
57	 5.8891124e-01	 +2.7617585e-03 +3.3580021e-03	 7.79e-01 Rejected	 110	 313	
58	 5.8856394e-01	 +2.8128061e-03 +4.5732006e-03	 6.40e-01 Accepted	 107	 298	
59	 5.8892576e-01	 +2.8103835e-03 +2.6954779e-03	 1.49e+00 Accepted	 110	 283	
60	 5.8905748e-01	 +5.8536170e-04 +2.6401540e-03	 1.05e+00 Accepted	 114	 297	
61	 5.8934704e-01	 +2.0329442e-03 +3.7835026e-03	 9.73e-01 Accepted	 111	 253	
62	 5.8911288e-01	 +3.3570596e-04 +3.3535429e-03	 9.73e-01 Accepted	 98	 235	
63	 5.8918125e-01	 +3.7717732e-03 +2.5833333e-03	 1.16e+00 Accepted	 99	 281	
64	 5.8925826e-01	 +6.8847524e-04 +4.7946427e-04	 1.24e+00 Accepted	 103	 238	
65	 5.8914527e-01	 -3.0539323e-03 +1.8378851e-04	 7.04e-01 Accepted	 108	 365	
66	 5.8930680e-01	 +4.9590301e-04 +1.0081762e-04	 1.09e+00 Accepted	 128	 295	
67	 5.8948489e-01	 +1.0891944e-03 -1.3459240e-03	 7.52e-01 Accepted	 118	 356	
68	 5.8941111e-01	 +2.3179343e-04 -1.4184434e-03	 1.08e+00 Accepted	 122	 279	
69	 5.8940660e-01	 -1.7701788e-03 +3.8095360e-03	 9.94e-01 Accepted	 112	 296	
70	 5.8922838e-01	 +3.0803869e-04 +3.3663590e-03	 8.32e-01 Accepted	 112	 301	
71	 5.8922838e-01	 +3.0803869e-04 +3.3663590e-03	 7.36e-01 Rejected	 114	 281	
72	 5.8936926e-01	 +4.9945141e-03 +2.8420056e-03	 9.28e-01 Accepted	 123	 373	
73	 5.8926209e-01	 -1.8219353e-04 +2.3707122e-05	 1.08e+00 Accepted	 125	 302	
74	 5.8913371e-01	 +4.7743686e-04 +1.8960716e-03	 6.48e-01 Accepted	 110	 267	
75	 5.8922447e-01	 +1.2711751e-03 +1.3165658e-03	 1.15e+00 Accepted	 106	 270	
76	 5.8888541e-01	 -5.9841989e-05 +6.9839336e-04	 1.01e+00 Accepted	 103	 252	
77	 5.8886817e-01	 +3.4374110e-03 +2.1335471e-03	 1.39e+00 Accepted	 99	 245	
78	 5.8881271e-01	 +3.3493890e-03 +2.7467351e-03	 9.72e-01 Accepted	 98	 261	
