# Starting_type: HotStart
# serial RNG seed: 	[43723 43439 37189 16259 48723]
# parallel RNG seed:	[29767 43887 6630 18353 59766]
# Trajectory_length / Number_of_MD_steps: 1 / 7
# 	 Plaquette	 Polyakov_Loop(re,im)	 Acc._Probability	 runtime_per_traj(s)	 CG_iterations	
1	 2.2282542e-01	 -4.5780335e-04 +1.0842994e-03	 9.61e+34 Accepted	 98	 315	
2	 3.1230866e-01	 -4.3486789e-04 -1.3898033e-03	 4.22e+16 Accepted	 120	 424	
3	 3.6058931e-01	 -5.1586636e-04 -1.3727573e-04	 8.50e+09 Accepted	 143	 537	
4	 3.9091847e-01	 -1.6298384e-03 +1.0356381e-03	 4.52e+06 Accepted	 168	 656	
5	 4.1186034e-01	 +4.9160755e-04 +1.2959880e-04	 9.31e+04 Accepted	 195	 771	
6	 4.2703660e-01	 -6.9550788e-04 +8.8680488e-04	 8.06e+03 Accepted	 220	 896	
7	 4.3901191e-01	 +2.4033815e-03 +1.6813923e-04	 1.76e+03 Accepted	 248	 1012	
8	 4.4844924e-01	 -2.1827646e-03 +1.4609646e-03	 3.39e+02 Accepted	 274	 1154	
9	 4.5680140e-01	 -2.4499845e-03 -2.0889637e-03	 2.70e+02 Accepted	 301	 1287	
10	 4.6413261e-01	 +1.3188043e-03 +3.4565707e-03	 1.54e+02 Accepted	 326	 1416	
11	 4.7023024e-01	 +1.8990503e-03 -1.6374225e-03	 7.67e+01 Accepted	 351	 1511	
12	 4.7576785e-01	 -3.3697002e-04 +4.4902998e-04	 4.52e+01 Accepted	 376	 1663	
13	 4.8049901e-01	 +1.3749188e-03 +1.9187308e-03	 4.24e+01 Accepted	 406	 1759	
14	 4.8533621e-01	 +9.9906533e-04 +3.6028306e-04	 3.00e+01 Accepted	 432	 1975	
15	 4.8961676e-01	 +7.1791174e-04 -2.9997618e-03	 2.17e+01 Accepted	 469	 2102	
16	 4.9390754e-01	 -6.5495461e-06 +1.5978205e-03	 2.73e+01 Accepted	 505	 2211	
17	 4.9818376e-01	 -7.1913446e-04 -3.1130496e-04	 3.15e+01 Accepted	 529	 2398	
18	 5.0135772e-01	 -2.6875367e-04 +9.0307651e-04	 1.89e+01 Accepted	 561	 2600	
19	 5.0567494e-01	 -2.2611311e-04 -3.0229568e-04	 2.05e+01 Accepted	 608	 2814	
20	 5.0902667e-01	 +2.0689023e-03 +1.2929956e-03	 8.76e+00 Accepted	 645	 2991	
21	 5.1199395e-01	 +9.5426628e-04 +1.0664273e-03	 1.08e+01 Accepted	 700	 3199	
22	 5.1446607e-01	 +9.6472106e-04 +2.0878380e-03	 3.61e+00 Accepted	 730	 3398	
23	 5.1723797e-01	 +2.4491585e-03 +6.9968151e-05	 1.38e+01 Accepted	 777	 3605	
24	 5.1998137e-01	 +2.8385110e-03 -1.0682160e-03	 4.75e+00 Accepted	 819	 3782	
25	 5.2259758e-01	 +6.7771475e-04 +6.3106324e-04	 5.02e+00 Accepted	 844	 3953	
26	 5.2492330e-01	 +2.1174522e-04 +2.4763541e-06	 1.01e+01 Accepted	 892	 4253	
27	 5.2711972e-01	 +1.2479973e-03 -3.1646879e-05	 4.27e+00 Accepted	 943	 4506	
28	 5.2925644e-01	 +5.1439175e-04 +9.5441511e-04	 8.19e+00 Accepted	 1002	 4689	
29	 5.3151918e-01	 +1.7861722e-03 +5.8792094e-04	 1.95e+00 Accepted	 1013	 4658	
30	 5.3333880e-01	 -1.9238351e-03 -1.1571424e-03	 2.43e+00 Accepted	 1044	 4931	
31	 5.3508082e-01	 -2.1952862e-03 -1.6193466e-03	 3.45e+00 Accepted	 1091	 5112	
32	 5.3678587e-01	 -1.2358019e-03 -7.1515586e-05	 4.23e+00 Accepted	 1148	 5418	
33	 5.3820398e-01	 -1.0612321e-03 +2.6149239e-03	 2.10e+00 Accepted	 1167	 5449	
34	 5.3944907e-01	 +1.3492761e-03 -8.6010887e-04	 4.67e+00 Accepted	 1185	 5375	
35	 5.4051856e-01	 +2.7909359e-03 +1.1625716e-03	 1.32e+00 Accepted	 1191	 5522	
36	 5.4168590e-01	 -1.3581070e-03 -8.6884352e-04	 1.11e+00 Accepted	 1224	 5770	
37	 5.4306639e-01	 +1.6994911e-05 -8.7380589e-04	 2.82e+00 Accepted	 1258	 5792	
38	 5.4385113e-01	 +1.1737814e-03 -1.2823961e-03	 5.45e+00 Accepted	 1270	 5980	
39	 5.4441353e-01	 -1.5487548e-03 -1.8805469e-03	 1.11e+00 Accepted	 1312	 6049	
40	 5.4529237e-01	 -1.3450481e-03 +1.9212831e-03	 9.55e-01 Accepted	 1335	 6037	
41	 5.4597552e-01	 -9.2508387e-04 -6.8823722e-04	 1.19e+00 Accepted	 1349	 6213	
42	 5.4583745e-01	 +1.2413363e-03 +9.5338035e-04	 9.16e-01 Accepted	 1366	 6291	
43	 5.4668801e-01	 +3.0800085e-03 -2.0576060e-03	 2.60e+00 Accepted	 1394	 6543	
44	 5.4705319e-01	 -1.2454796e-03 -1.0034625e-03	 3.01e+00 Accepted	 1400	 6503	
45	 5.4741679e-01	 +9.0815370e-04 +2.2504475e-04	 2.69e+00 Accepted	 1393	 6317	
46	 5.4741679e-01	 +9.0815370e-04 +2.2504475e-04	 5.28e-01 Rejected	 1373	 6296	
47	 5.4755065e-01	 +1.6486044e-03 -1.0665040e-03	 1.37e+00 Accepted	 1367	 6328	
48	 5.4755065e-01	 +1.6486044e-03 -1.0665040e-03	 5.40e-01 Rejected	 1390	 6411	
49	 5.4778719e-01	 +1.6428006e-04 -9.1586672e-04	 4.51e-01 Accepted	 1393	 6349	
50	 5.4778719e-01	 +1.6428006e-04 -9.1586672e-04	 4.37e-01 Rejected	 1400	 6322	
51	 5.4847455e-01	 +1.7590337e-03 -2.2222605e-03	 2.25e+00 Accepted	 1382	 6312	
# Starting_type: CheckpointStart
# Trajectory_length / Number_of_MD_steps: 1 / 7
# 	 Plaquette	 Polyakov_Loop(re,im)	 Acc._Probability	 runtime_per_traj(s)	 CG_iterations	
51	 5.4847455e-01	 +1.7590337e-03 -2.2222605e-03	 2.25e+00 Accepted	 1405	 6312	
52	 5.4836125e-01	 +5.3703938e-04 -1.9496472e-03	 1.49e+00 Accepted	 1364	 6162	
53	 5.4836125e-01	 +5.3703938e-04 -1.9496472e-03	 5.86e-01 Rejected	 1371	 6304	
54	 5.4836125e-01	 +5.3703938e-04 -1.9496472e-03	 6.05e-01 Rejected	 1354	 6237	
55	 5.4922804e-01	 +3.6375162e-03 -1.6085496e-04	 1.29e+00 Accepted	 1368	 6425	
56	 5.4922804e-01	 +3.6375162e-03 -1.6085496e-04	 5.01e-01 Rejected	 1411	 6389	
57	 5.4922804e-01	 +3.6375162e-03 -1.6085496e-04	 4.57e-01 Rejected	 1418	 6517	
58	 5.4922804e-01	 +3.6375162e-03 -1.6085496e-04	 2.68e-01 Rejected	 1417	 6321	
59	 5.4952752e-01	 -3.9482521e-04 -3.2820296e-03	 1.57e+00 Accepted	 1407	 6328	
60	 5.4987374e-01	 -1.9055175e-03 +5.5017370e-04	 1.51e+00 Accepted	 1409	 6505	
61	 5.5014916e-01	 -8.0616644e-04 -9.1187428e-04	 3.04e+00 Accepted	 1430	 6590	
62	 5.5014916e-01	 -8.0616644e-04 -9.1187428e-04	 3.90e-01 Rejected	 1422	 6450	
63	 5.5009031e-01	 +1.7740067e-05 +2.3434128e-03	 1.38e+00 Accepted	 1411	 6510	
64	 5.5054656e-01	 -4.6057510e-04 -1.4564255e-03	 1.34e+00 Accepted	 1423	 6488	
65	 5.5040877e-01	 +1.0699544e-03 -1.7215217e-03	 5.05e-01 Accepted	 1381	 6360	
66	 5.5037378e-01	 +2.8817582e-03 +4.8946870e-04	 1.64e+00 Accepted	 1391	 6360	
67	 5.5037378e-01	 +2.8817582e-03 +4.8946870e-04	 5.84e-01 Rejected	 1399	 6455	
68	 5.5037378e-01	 +2.8817582e-03 +4.8946870e-04	 2.63e-01 Rejected	 1406	 6307	
69	 5.5090344e-01	 +3.4828959e-04 +3.9125547e-04	 3.87e-01 Accepted	 1410	 6395	
70	 5.5099516e-01	 +1.3221055e-03 +7.1587122e-04	 2.18e+00 Accepted	 1392	 6250	
71	 5.5155421e-01	 +3.8106567e-03 +7.6602961e-04	 2.42e+00 Accepted	 1375	 6298	
72	 5.5133388e-01	 +5.0913631e-03 +1.0670834e-03	 8.53e-01 Accepted	 1381	 6304	
73	 5.5104212e-01	 -2.7693322e-04 -1.5458954e-03	 7.42e-01 Accepted	 1405	 6463	
74	 5.5127646e-01	 +1.9926817e-03 +9.0709174e-04	 1.17e+00 Accepted	 1387	 6392	
75	 5.5110625e-01	 +1.7835522e-03 +2.1431917e-04	 6.74e-01 Accepted	 1405	 6301	
76	 5.5110625e-01	 +1.7835522e-03 +2.1431917e-04	 4.99e-01 Rejected	 1378	 6427	
77	 5.5117806e-01	 +5.2242781e-03 +2.9726689e-03	 1.56e+00 Accepted	 1374	 6262	
78	 5.5135589e-01	 -1.9388348e-04 +4.4107160e-04	 5.17e-01 Accepted	 1381	 6338	
79	 5.5135589e-01	 -1.9388348e-04 +4.4107160e-04	 2.85e-01 Rejected	 1370	 6386	
80	 5.5097214e-01	 +1.3262668e-03 +2.6076876e-03	 2.27e+00 Accepted	 1358	 6128	
81	 5.5097214e-01	 +1.3262668e-03 +2.6076876e-03	 3.40e-01 Rejected	 1340	 6090	
# Starting_type: CheckpointStart
# Trajectory_length / Number_of_MD_steps: 1 / 7
# 	 Plaquette	 Polyakov_Loop(re,im)	 Acc._Probability	 runtime_per_traj(s)	 CG_iterations	
81	 5.5097214e-01	 +1.3262668e-03 +2.6076876e-03	 3.40e-01 Rejected	 1378	 6090	
82	 5.5108456e-01	 +1.3125711e-03 -9.7843944e-04	 8.11e-01 Accepted	 1342	 6205	
83	 5.5108456e-01	 +1.3125711e-03 -9.7843944e-04	 4.24e-01 Rejected	 1388	 6536	
84	 5.5135891e-01	 +2.5138156e-03 -1.8639219e-03	 1.31e+00 Accepted	 1368	 6324	
85	 5.5195127e-01	 +2.1100587e-03 -8.6828318e-04	 1.66e+00 Accepted	 1403	 6375	
86	 5.5219519e-01	 +5.2874532e-03 -5.2259715e-04	 5.45e-01 Accepted	 1387	 6152	
87	 5.5219519e-01	 +5.2874532e-03 -5.2259715e-04	 4.16e-01 Rejected	 1379	 6148	
88	 5.5219519e-01	 +5.2874532e-03 -5.2259715e-04	 6.43e-01 Rejected	 1376	 6235	
89	 5.5245164e-01	 +2.7302896e-03 +1.2402320e-03	 8.12e-01 Accepted	 1371	 6221	
90	 5.5244338e-01	 +4.2560858e-03 -1.2453750e-03	 6.93e-01 Accepted	 1378	 6279	
91	 5.5251120e-01	 +5.1315453e-03 -3.0425223e-03	 2.24e+00 Accepted	 1367	 6276	
92	 5.5250993e-01	 +3.8824725e-03 -5.3660043e-04	 1.27e+00 Accepted	 1383	 6354	
93	 5.5251108e-01	 +4.1144863e-03 -3.6333218e-03	 1.05e+00 Accepted	 1391	 6296	
94	 5.5254413e-01	 +3.3482941e-03 -1.8267615e-04	 2.88e+00 Accepted	 1391	 6299	
95	 5.5234147e-01	 +2.7009902e-03 -1.1411472e-03	 1.65e+00 Accepted	 1382	 6145	
96	 5.5191563e-01	 +2.3827255e-03 -1.8345588e-03	 1.28e+00 Accepted	 1385	 6134	
97	 5.5158637e-01	 +2.5467743e-03 -9.1732656e-04	 3.83e-01 Accepted	 1376	 6241	
98	 5.5184404e-01	 +2.3714005e-03 +1.8565909e-04	 1.57e+00 Accepted	 1389	 6373	
99	 5.5188657e-01	 +2.7564874e-03 -3.6918277e-04	 1.59e+00 Accepted	 1394	 6395	
100	 5.5228701e-01	 +1.8092709e-03 -1.9221659e-03	 8.27e-01 Accepted	 1397	 6232	
101	 5.5236390e-01	 +4.2878167e-04 +1.3943419e-03	 8.07e-01 Accepted	 1379	 6208	
102	 5.5255672e-01	 +2.6999348e-03 -8.1966572e-04	 1.90e+00 Accepted	 1379	 6191	
103	 5.5255681e-01	 +5.3182752e-03 -3.8772732e-04	 1.03e+00 Accepted	 1361	 6180	
104	 5.5276585e-01	 +6.7214303e-03 -1.9237233e-03	 9.43e-01 Accepted	 1385	 6350	
105	 5.5264579e-01	 +2.4903403e-03 -2.6326139e-03	 1.13e+00 Accepted	 1384	 6229	
106	 5.5264579e-01	 +2.4903403e-03 -2.6326139e-03	 4.51e-01 Rejected	 1372	 6217	
107	 5.5264579e-01	 +2.4903403e-03 -2.6326139e-03	 6.21e-01 Rejected	 1363	 6093	
108	 5.5260053e-01	 +5.3492397e-03 -3.0680255e-03	 7.53e-01 Accepted	 1361	 6262	
109	 5.5244061e-01	 +3.4483603e-03 -2.4573489e-03	 1.27e+00 Accepted	 1367	 6174	
110	 5.5256339e-01	 +5.6938817e-03 -1.4365808e-03	 3.16e-01 Accepted	 1386	 6297	
111	 5.5244749e-01	 +8.5639107e-03 -4.2337978e-03	 8.56e-01 Accepted	 1372	 6185	
# Starting_type: CheckpointStart
# Trajectory_length / Number_of_MD_steps: 1 / 7
# 	 Plaquette	 Polyakov_Loop(re,im)	 Acc._Probability	 runtime_per_traj(s)	 CG_iterations	
111	 5.5244749e-01	 +8.5639107e-03 -4.2337978e-03	 8.56e-01 Accepted	 1444	 6185	
112	 5.5257303e-01	 +4.7685193e-03 -9.4658436e-04	 9.65e-01 Accepted	 1377	 6234	
113	 5.5300048e-01	 +4.3789923e-03 +1.2617452e-03	 9.25e-01 Accepted	 1356	 6190	
114	 5.5300048e-01	 +4.3789923e-03 +1.2617452e-03	 4.12e-01 Rejected	 1355	 6091	
115	 5.5300048e-01	 +4.3789923e-03 +1.2617452e-03	 3.97e-01 Rejected	 1362	 6191	
116	 5.5309752e-01	 +5.3600520e-03 -6.2785507e-04	 1.03e+00 Accepted	 1354	 6177	
117	 5.5302287e-01	 +4.6972078e-03 -1.2705481e-03	 1.17e+00 Accepted	 1350	 6058	
118	 5.5299275e-01	 +1.9416528e-03 -4.4588774e-04	 5.17e-01 Accepted	 1357	 6106	
119	 5.5290271e-01	 +8.0164037e-03 -4.5459257e-03	 9.20e-01 Accepted	 1330	 6008	
120	 5.5298282e-01	 +2.8690996e-03 -2.6376894e-03	 9.26e-01 Accepted	 1315	 6023	
121	 5.5281643e-01	 +1.9377976e-03 -2.6204235e-03	 8.46e-01 Accepted	 1331	 6079	
122	 5.5257096e-01	 +3.0254426e-03 +7.0242828e-04	 1.45e+00 Accepted	 1337	 6197	
123	 5.5239345e-01	 +4.6937158e-03 +1.0298108e-03	 9.85e-01 Accepted	 1340	 6229	
124	 5.5279249e-01	 +5.3032098e-03 -4.5671862e-04	 1.58e+00 Accepted	 1334	 6065	
125	 5.5251927e-01	 +4.6802594e-03 -9.3226726e-04	 8.23e-01 Accepted	 1345	 6173	
126	 5.5236856e-01	 +2.2420998e-03 +5.4736230e-04	 5.95e-01 Accepted	 1345	 6024	
127	 5.5236856e-01	 +2.2420998e-03 +5.4736230e-04	 3.20e-01 Rejected	 1338	 6127	
128	 5.5247549e-01	 +4.3482369e-03 -1.9403752e-03	 8.22e-01 Accepted	 1328	 6016	
129	 5.5244322e-01	 +4.2077883e-03 -1.6338042e-03	 1.21e+00 Accepted	 1317	 6085	
130	 5.5244322e-01	 +4.2077883e-03 -1.6338042e-03	 8.32e-01 Rejected	 1315	 6005	
131	 5.5263326e-01	 +6.3062047e-03 -8.3926040e-04	 1.77e+00 Accepted	 1325	 6247	
132	 5.5223414e-01	 +6.0840407e-03 -4.4028448e-04	 1.66e+00 Accepted	 1334	 6278	
133	 5.5264169e-01	 +3.0806129e-03 -8.4307529e-04	 1.44e+00 Accepted	 1345	 5998	
134	 5.5277432e-01	 +3.3566849e-03 +2.5532712e-03	 8.08e-01 Accepted	 1327	 6009	
135	 5.5299176e-01	 +3.8611024e-03 +4.5042590e-04	 1.16e+00 Accepted	 1303	 6049	
136	 5.5287319e-01	 +5.7171362e-03 +1.6438013e-04	 1.37e+00 Accepted	 1323	 6075	
137	 5.5310840e-01	 +3.9298076e-03 -3.2706010e-04	 7.14e-01 Accepted	 1324	 6159	
138	 5.5310840e-01	 +3.9298076e-03 -3.2706010e-04	 5.23e-01 Rejected	 1338	 6050	
139	 5.5333156e-01	 +2.4675265e-03 +2.7302790e-03	 1.26e+00 Accepted	 1335	 5977	
140	 5.5314728e-01	 +5.6110554e-03 +3.2357488e-03	 1.51e+00 Accepted	 1323	 6063	
141	 5.5314728e-01	 +5.6110554e-03 +3.2357488e-03	 6.97e-01 Rejected	 1324	 5822	
142	 5.5314728e-01	 +5.6110554e-03 +3.2357488e-03	 3.73e-01 Rejected	 1327	 5985	
# Starting_type: CheckpointStart
# Trajectory_length / Number_of_MD_steps: 1 / 7
# 	 Plaquette	 Polyakov_Loop(re,im)	 Acc._Probability	 runtime_per_traj(s)	 CG_iterations	
143	 5.5312049e-01	 +3.9965389e-03 -2.7232364e-03	 8.47e-01 Accepted	 1373	 5898	
144	 5.5291044e-01	 +7.8780027e-04 -3.9690416e-04	 9.91e-01 Accepted	 1338	 6113	
145	 5.5320740e-01	 +2.5724320e-03 -2.7888574e-03	 9.33e-01 Accepted	 1341	 5919	
146	 5.5301983e-01	 +5.3587446e-03 +2.6915727e-03	 5.07e-01 Accepted	 1364	 6281	
147	 5.5301983e-01	 +5.3587446e-03 +2.6915727e-03	 3.40e-01 Rejected	 1376	 6101	
148	 5.5284403e-01	 +6.6258767e-03 -1.7920409e-03	 5.18e-01 Accepted	 1346	 6013	
149	 5.5284403e-01	 +6.6258767e-03 -1.7920409e-03	 2.99e-01 Rejected	 1362	 6029	
150	 5.5267932e-01	 +3.8821699e-03 -6.5740275e-04	 1.09e+00 Accepted	 1346	 6036	
151	 5.5250001e-01	 +5.5616668e-03 -3.5897510e-04	 5.73e-01 Accepted	 1346	 6179	
152	 5.5252444e-01	 +3.2566583e-03 +8.9765705e-04	 1.14e+00 Accepted	 1341	 6037	
153	 5.5252444e-01	 +3.2566583e-03 +8.9765705e-04	 3.73e-01 Rejected	 1345	 6020	
154	 5.5226416e-01	 +3.3599871e-03 +3.1160042e-03	 5.98e-01 Accepted	 1335	 6089	
155	 5.5282114e-01	 +7.2781258e-03 +2.4193785e-03	 2.04e+00 Accepted	 1362	 6106	
156	 5.5317379e-01	 +1.3139232e-03 -1.7503559e-03	 1.16e+00 Accepted	 1370	 6098	
157	 5.5317379e-01	 +1.3139232e-03 -1.7503559e-03	 5.01e-01 Rejected	 1346	 6057	
158	 5.5313243e-01	 +3.3242745e-03 -1.0816386e-03	 1.26e+00 Accepted	 1366	 6117	
159	 5.5299719e-01	 +1.4372064e-03 +1.5262630e-03	 1.13e+00 Accepted	 1381	 6097	
160	 5.5335070e-01	 +1.9654461e-03 -4.4981302e-04	 1.01e+00 Accepted	 1358	 5980	
161	 5.5345465e-01	 +4.4715833e-03 +1.5038292e-03	 1.49e+00 Accepted	 1330	 6019	
162	 5.5329030e-01	 +5.9126624e-03 -3.8262109e-04	 6.80e-01 Accepted	 1362	 6152	
163	 5.5327544e-01	 +6.6913115e-04 +3.3304919e-04	 1.65e+00 Accepted	 1355	 6081	
164	 5.5327544e-01	 +6.6913115e-04 +3.3304919e-04	 6.79e-01 Rejected	 1339	 6095	
165	 5.5333916e-01	 +3.3936459e-03 -1.6507514e-03	 1.26e+00 Accepted	 1340	 6045	
166	 5.5301711e-01	 +3.5090543e-03 -9.6713736e-04	 1.33e+00 Accepted	 1346	 6121	
167	 5.5305277e-01	 +4.0730309e-03 +2.4450584e-03	 1.20e+00 Accepted	 1359	 6027	
168	 5.5311253e-01	 +6.3199984e-03 -6.9359912e-05	 8.97e-01 Accepted	 1357	 6012	
169	 5.5301479e-01	 +4.9904844e-03 -1.0961579e-03	 1.05e+00 Accepted	 1327	 5908	
170	 5.5301479e-01	 +4.9904844e-03 -1.0961579e-03	 7.52e-01 Rejected	 1334	 5966	
171	 5.5301479e-01	 +4.9904844e-03 -1.0961579e-03	 5.28e-01 Rejected	 1341	 5915	
172	 5.5338858e-01	 +3.6970120e-03 +2.3119349e-03	 9.01e-01 Accepted	 1344	 6078	
173	 5.5298275e-01	 +6.6309872e-03 +2.8772083e-03	 1.96e+00 Accepted	 1331	 6067	
174	 5.5341020e-01	 +3.0043104e-03 -1.7176304e-03	 1.07e+00 Accepted	 1311	 5692	
# Starting_type: CheckpointStart
# Trajectory_length / Number_of_MD_steps: 1 / 7
# 	 Plaquette	 Polyakov_Loop(re,im)	 Acc._Probability	 runtime_per_traj(s)	 CG_iterations	
175	 5.5341020e-01	 +3.0043104e-03 -1.7176304e-03	 7.34e-01 Rejected	 1010	 5944	
176	 5.5332072e-01	 +6.5210770e-03 -9.2741495e-04	 7.96e-01 Accepted	 925	 5757	
177	 5.5301118e-01	 +3.7489545e-03 +2.6376552e-03	 1.19e+00 Accepted	 910	 5629	
178	 5.5307112e-01	 +7.1375665e-03 +1.5730149e-03	 1.02e+00 Accepted	 928	 5918	
179	 5.5307112e-01	 +7.1375665e-03 +1.5730149e-03	 2.85e-01 Rejected	 944	 6061	
180	 5.5291624e-01	 +6.0015103e-03 +2.7795815e-03	 8.03e-01 Accepted	 945	 5834	
181	 5.5304664e-01	 +2.6156113e-03 +1.4011321e-03	 4.85e-01 Accepted	 942	 6109	
182	 5.5304664e-01	 +2.6156113e-03 +1.4011321e-03	 4.42e-01 Rejected	 948	 5932	
183	 5.5341869e-01	 +3.2168184e-03 +6.2494441e-04	 9.78e-01 Accepted	 949	 6031	
184	 5.5326379e-01	 +2.1437244e-03 -8.3972518e-04	 8.99e-01 Accepted	 952	 5948	
185	 5.5344866e-01	 +4.9088918e-03 -5.5119387e-04	 1.18e+00 Accepted	 953	 6205	
186	 5.5330705e-01	 +4.3880798e-03 -1.8901930e-03	 7.59e-01 Accepted	 948	 6036	
187	 5.5356896e-01	 +2.6156278e-03 +1.3538197e-03	 9.81e-01 Accepted	 954	 6185	
188	 5.5343205e-01	 +7.9001528e-03 +2.1296113e-03	 5.93e-01 Accepted	 946	 5929	
189	 5.5376574e-01	 +5.1125294e-03 +3.5241371e-03	 1.27e+00 Accepted	 944	 5994	
190	 5.5376336e-01	 +5.2634728e-03 +5.0367953e-03	 1.97e+00 Accepted	 954	 6123	
191	 5.5368291e-01	 +6.5446547e-03 +4.8039320e-03	 1.04e+00 Accepted	 957	 5976	
192	 5.5368291e-01	 +6.5446547e-03 +4.8039320e-03	 9.11e-01 Rejected	 944	 5946	
193	 5.5340385e-01	 +6.8058533e-03 +1.0983374e-03	 1.06e+00 Accepted	 944	 5906	
194	 5.5340385e-01	 +6.8058533e-03 +1.0983374e-03	 3.26e-01 Rejected	 942	 5848	
195	 5.5340385e-01	 +6.8058533e-03 +1.0983374e-03	 7.13e-01 Rejected	 938	 6009	
196	 5.5313305e-01	 +7.6416651e-03 -9.2141425e-04	 1.03e+00 Accepted	 944	 5985	
197	 5.5258517e-01	 +8.0375769e-03 +1.3250172e-05	 8.19e-01 Accepted	 955	 5903	
198	 5.5296675e-01	 +5.3550591e-03 -1.2278692e-03	 8.81e-01 Accepted	 961	 6118	
199	 5.5297952e-01	 +5.0083055e-03 +1.3019634e-04	 6.04e-01 Accepted	 965	 6058	
200	 5.5255595e-01	 +3.0831537e-03 -8.9000265e-05	 3.97e-01 Accepted	 966	 6054	
201	 5.5277459e-01	 +8.2843189e-03 -1.4802524e-03	 1.80e+00 Accepted	 959	 5946	
202	 5.5256452e-01	 +3.5211701e-03 +1.2317899e-04	 1.52e-01 Accepted	 966	 6101	
203	 5.5278656e-01	 +5.5931200e-03 +4.6783499e-04	 9.41e-01 Accepted	 982	 6206	
204	 5.5255145e-01	 +6.8519955e-04 -1.7573755e-03	 1.08e+00 Accepted	 972	 6166	
205	 5.5246618e-01	 +3.8640820e-03 +8.2329553e-04	 1.62e+00 Accepted	 951	 5941	
206	 5.5262851e-01	 +2.5379114e-04 -2.6057460e-04	 2.20e+00 Accepted	 950	 6062	
207	 5.5245014e-01	 +2.1439764e-04 -1.0861989e-04	 2.58e+00 Accepted	 963	 6205	
208	 5.5239261e-01	 +9.2417567e-04 -1.2546838e-03	 1.40e+00 Accepted	 970	 6079	
209	 5.5239261e-01	 +9.2417567e-04 -1.2546838e-03	 7.36e-01 Rejected	 958	 6173	
210	 5.5249541e-01	 +2.4314951e-03 -3.8280030e-04	 8.51e-01 Accepted	 956	 5992	
211	 5.5327410e-01	 -1.5275896e-04 +1.7365490e-03	 9.90e-01 Accepted	 951	 6000	
212	 5.5267262e-01	 +1.0350618e-03 +1.8542285e-03	 7.25e-01 Accepted	 954	 5994	
213	 5.5282440e-01	 -7.7193026e-04 -1.3786826e-03	 2.52e+00 Accepted	 954	 6124	
214	 5.5282440e-01	 -7.7193026e-04 -1.3786826e-03	 2.86e-01 Rejected	 965	 5943	
215	 5.5282440e-01	 -7.7193026e-04 -1.3786826e-03	 7.22e-01 Rejected	 948	 5753	
216	 5.5308364e-01	 +4.9083509e-03 -9.3373245e-04	 8.91e-01 Accepted	 954	 6004	
217	 5.5281608e-01	 +2.9029593e-03 +2.6807816e-03	 7.56e-01 Accepted	 964	 6088	
218	 5.5251931e-01	 +3.8027104e-03 +2.9795156e-03	 8.20e-01 Accepted	 969	 6250	
219	 5.5232744e-01	 +5.2717356e-03 +3.3720047e-04	 2.30e+00 Accepted	 957	 6039	
# Starting_type: CheckpointStart
# Trajectory_length / Number_of_MD_steps: 1 / 7
# 	 Plaquette	 Polyakov_Loop(re,im)	 Acc._Probability	 runtime_per_traj(s)	 CG_iterations	
219	 5.5232744e-01	 +5.2717356e-03 +3.3720047e-04	 2.30e+00 Accepted	 1030	 6039	
220	 5.5277162e-01	 +3.2925204e-03 +3.5891289e-03	 1.04e+00 Accepted	 990	 6016	
221	 5.5335304e-01	 +7.1878527e-03 +1.7450867e-04	 7.62e-01 Accepted	 949	 5921	
222	 5.5323008e-01	 +1.5715320e-03 -1.1936133e-03	 9.77e-01 Accepted	 956	 6039	
223	 5.5323008e-01	 +1.5715320e-03 -1.1936133e-03	 9.18e-01 Rejected	 968	 6130	
224	 5.5323008e-01	 +1.5715320e-03 -1.1936133e-03	 4.57e-01 Rejected	 957	 6108	
225	 5.5326945e-01	 +1.8414911e-03 +2.0742310e-04	 1.12e+00 Accepted	 965	 6104	
226	 5.5303879e-01	 +1.6957573e-03 -9.8204891e-04	 9.87e-01 Accepted	 967	 6148	
227	 5.5274927e-01	 +1.4201620e-03 +2.6226535e-03	 1.82e+00 Accepted	 962	 6016	
228	 5.5244387e-01	 +1.6496937e-03 -1.3092400e-03	 3.54e-01 Accepted	 962	 6162	
229	 5.5244387e-01	 +1.6496937e-03 -1.3092400e-03	 5.60e-01 Rejected	 969	 6318	
230	 5.5281498e-01	 +1.0993067e-03 -9.9573802e-05	 1.04e+00 Accepted	 963	 6198	
231	 5.5263027e-01	 +3.0336238e-03 -7.2644010e-04	 6.78e-01 Accepted	 957	 5936	
232	 5.5268270e-01	 +4.9734539e-03 +1.7747880e-03	 1.05e+00 Accepted	 949	 6003	
233	 5.5265107e-01	 +1.8130468e-03 +5.9333382e-04	 8.78e-01 Accepted	 957	 6094	
234	 5.5273034e-01	 +4.2761590e-03 +1.1298597e-03	 6.22e-01 Accepted	 943	 5964	
235	 5.5273034e-01	 +4.2761590e-03 +1.1298597e-03	 2.87e-01 Rejected	 931	 5935	
236	 5.5266681e-01	 +6.5403242e-04 +2.5865725e-03	 8.01e-01 Accepted	 945	 6044	
237	 5.5287621e-01	 +1.7480044e-03 +6.1989707e-04	 4.30e-01 Accepted	 936	 5967	
238	 5.5265132e-01	 +1.3018387e-03 +1.8128440e-04	 1.22e+00 Accepted	 939	 5979	
239	 5.5261602e-01	 +2.9610835e-03 -3.4207766e-04	 1.05e+00 Accepted	 948	 5974	
240	 5.5261602e-01	 +2.9610835e-03 -3.4207766e-04	 4.80e-01 Rejected	 939	 5811	
241	 5.5256493e-01	 +4.2463125e-04 -1.3914370e-03	 1.16e+00 Accepted	 942	 5994	
242	 5.5240618e-01	 +2.7787703e-04 +3.1596974e-05	 1.52e+00 Accepted	 943	 5936	
243	 5.5240966e-01	 +2.0186218e-03 -7.7539013e-04	 1.11e+00 Accepted	 938	 5934	
244	 5.5233950e-01	 +1.2761701e-03 +1.2211566e-03	 2.17e+00 Accepted	 954	 6080	
245	 5.5236435e-01	 +5.5534424e-04 +1.8102573e-04	 4.98e-01 Accepted	 954	 5893	
246	 5.5264388e-01	 +3.0712271e-04 +2.3971070e-03	 2.29e+00 Accepted	 938	 5926	
247	 5.5264388e-01	 +3.0712271e-04 +2.3971070e-03	 4.00e-01 Rejected	 937	 5748	
248	 5.5282860e-01	 +1.7612876e-03 +1.3563771e-03	 1.16e+00 Accepted	 944	 6028	
249	 5.5282860e-01	 +1.7612876e-03 +1.3563771e-03	 6.81e-01 Rejected	 948	 5983	
250	 5.5294044e-01	 +4.0149011e-03 +2.0259156e-03	 9.71e-01 Accepted	 955	 6189	
251	 5.5305391e-01	 +2.4152347e-03 +1.0812388e-03	 1.41e+00 Accepted	 970	 6120	
252	 5.5322312e-01	 +4.3619504e-03 +1.3177577e-04	 8.59e-01 Accepted	 973	 6067	
# Starting_type: CheckpointStart
# Trajectory_length / Number_of_MD_steps: 1 / 7
# 	 Plaquette	 Polyakov_Loop(re,im)	 Acc._Probability	 runtime_per_traj(s)	 CG_iterations	
253	 5.5327351e-01	 +3.3752809e-03 -1.9674264e-03	 8.71e-01 Accepted	 978	 6059	
254	 5.5268476e-01	 +3.3995757e-03 +1.3677307e-04	 1.64e+00 Accepted	 967	 6197	
255	 5.5276908e-01	 +3.6880231e-03 +2.7672724e-03	 8.81e-01 Accepted	 957	 5994	
256	 5.5268636e-01	 +1.1314001e-03 -2.1825376e-03	 9.29e-01 Accepted	 959	 6142	
257	 5.5268636e-01	 +1.1314001e-03 -2.1825376e-03	 4.06e-01 Rejected	 964	 6219	
258	 5.5268636e-01	 +1.1314001e-03 -2.1825376e-03	 6.96e-01 Rejected	 967	 6080	
259	 5.5293160e-01	 +1.1592267e-03 +4.0813388e-04	 1.04e+00 Accepted	 959	 6172	
260	 5.5341485e-01	 +2.6610795e-03 +7.7693024e-04	 8.74e-01 Accepted	 952	 6219	
261	 5.5345736e-01	 +1.4155086e-03 +9.2952856e-04	 1.18e+00 Accepted	 959	 5949	
262	 5.5348337e-01	 +6.0788738e-03 +4.4913151e-04	 5.90e-01 Accepted	 934	 5997	
263	 5.5300793e-01	 +2.4112083e-03 -2.3262707e-03	 1.25e+00 Accepted	 947	 5925	
264	 5.5291411e-01	 +2.5307295e-03 +3.7048568e-04	 9.94e-01 Accepted	 953	 6155	
265	 5.5301805e-01	 +3.0908895e-03 +7.9081636e-04	 1.02e+00 Accepted	 940	 5981	
266	 5.5268648e-01	 +3.5153901e-03 +3.3845862e-05	 9.20e-01 Accepted	 949	 5976	
267	 5.5268648e-01	 +3.5153901e-03 +3.3845862e-05	 5.44e-01 Rejected	 946	 6082	
268	 5.5277069e-01	 +7.2639828e-03 -2.7245945e-03	 6.99e-01 Accepted	 931	 6124	
269	 5.5253404e-01	 +2.6767689e-03 +2.0643457e-04	 4.62e-01 Accepted	 949	 6095	
270	 5.5263107e-01	 +4.5813119e-03 +1.5404849e-03	 7.46e-01 Accepted	 932	 5928	
271	 5.5288130e-01	 +4.0346746e-03 +2.9103808e-03	 1.47e+00 Accepted	 929	 6038	
272	 5.5281299e-01	 +2.0502900e-03 -2.2760743e-03	 1.11e+00 Accepted	 940	 6092	
273	 5.5292179e-01	 +5.4828355e-03 -3.3419699e-03	 4.77e-01 Accepted	 949	 6195	
274	 5.5292179e-01	 +5.4828355e-03 -3.3419699e-03	 2.94e-01 Rejected	 955	 6124	
275	 5.5320568e-01	 +4.3205125e-03 +2.0944675e-05	 1.49e+00 Accepted	 955	 5993	
276	 5.5313297e-01	 +4.4820678e-03 +5.0264725e-04	 7.65e-01 Accepted	 950	 6123	
277	 5.5305068e-01	 +5.3396737e-03 -1.0897243e-03	 9.73e-01 Accepted	 955	 6271	
278	 5.5318755e-01	 +3.8745553e-03 -8.3481775e-04	 5.96e-01 Accepted	 970	 6257	
279	 5.5335434e-01	 +3.0507509e-03 -2.2514432e-03	 1.43e+00 Accepted	 958	 6204	
280	 5.5301963e-01	 +5.0418386e-03 -1.3047293e-03	 1.37e+00 Accepted	 955	 6096	
281	 5.5302330e-01	 +4.0216456e-03 -1.5887850e-03	 7.58e-01 Accepted	 946	 5999	
282	 5.5287710e-01	 +3.8084345e-03 -1.0539111e-05	 6.23e-01 Accepted	 954	 6087	
283	 5.5295332e-01	 +2.2846573e-03 +9.3718546e-04	 1.61e+00 Accepted	 955	 5998	
284	 5.5281292e-01	 +1.3000474e-03 -2.6567040e-03	 7.90e-01 Accepted	 960	 6248	
285	 5.5303504e-01	 +4.4374950e-03 -1.1967591e-03	 7.20e-01 Accepted	 974	 6130	
286	 5.5319562e-01	 +3.3105005e-03 -4.4461918e-04	 1.53e+00 Accepted	 955	 5952	
287	 5.5319562e-01	 +3.3105005e-03 -4.4461918e-04	 4.64e-01 Rejected	 936	 5736	
288	 5.5349267e-01	 +5.8337046e-03 -1.7719740e-03	 1.25e+00 Accepted	 954	 6118	
289	 5.5311733e-01	 +3.8683343e-03 -3.4709156e-03	 1.08e+00 Accepted	 952	 5973	
290	 5.5301552e-01	 +3.4803888e-03 -1.4223060e-03	 4.33e-01 Accepted	 938	 6014	
291	 5.5301552e-01	 +3.4803888e-03 -1.4223060e-03	 2.01e-01 Rejected	 944	 5945	
292	 5.5296770e-01	 +4.9755007e-03 +6.4336647e-04	 8.49e-01 Accepted	 949	 6161	
293	 5.5343283e-01	 +3.2624115e-03 +2.8820584e-03	 7.15e-01 Accepted	 962	 6180	
294	 5.5343283e-01	 +3.2624115e-03 +2.8820584e-03	 7.60e-01 Rejected	 957	 6177	
295	 5.5332889e-01	 +6.7256699e-03 -1.2380122e-03	 1.84e+00 Accepted	 957	 6226	
296	 5.5313804e-01	 +4.0962001e-03 -2.6087669e-03	 6.97e-01 Accepted	 953	 6155	
297	 5.5313804e-01	 +4.0962001e-03 -2.6087669e-03	 8.05e-01 Rejected	 951	 6052	
# Starting_type: CheckpointStart
# Trajectory_length / Number_of_MD_steps: 1 / 7
# 	 Plaquette	 Polyakov_Loop(re,im)	 Acc._Probability	 runtime_per_traj(s)	 CG_iterations	
297	 5.5313804e-01	 +4.0962001e-03 -2.6087669e-03	 8.05e-01 Rejected	 1014	 6052	
298	 5.5313804e-01	 +4.0962001e-03 -2.6087669e-03	 7.10e-01 Rejected	 970	 6101	
299	 5.5310744e-01	 +3.6943120e-03 -1.5266048e-03	 1.60e+00 Accepted	 960	 6033	
300	 5.5310744e-01	 +3.6943120e-03 -1.5266048e-03	 3.04e-01 Rejected	 951	 6010	
301	 5.5310744e-01	 +3.6943120e-03 -1.5266048e-03	 5.46e-01 Rejected	 955	 6083	
302	 5.5306397e-01	 +4.1736881e-03 -4.0389369e-04	 1.10e+00 Accepted	 955	 5998	
303	 5.5306397e-01	 +4.1736881e-03 -4.0389369e-04	 4.85e-01 Rejected	 953	 6062	
304	 5.5281897e-01	 +5.6956389e-03 -2.5788402e-03	 7.87e-01 Accepted	 965	 6190	
305	 5.5281897e-01	 +5.6956389e-03 -2.5788402e-03	 3.59e-01 Rejected	 956	 6035	
306	 5.5258792e-01	 +4.3009183e-03 +7.0080770e-04	 9.02e-01 Accepted	 976	 6247	
307	 5.5305219e-01	 +1.2334885e-03 -1.0942701e-03	 1.09e+00 Accepted	 958	 6113	
308	 5.5313685e-01	 +4.7106424e-03 -2.4180002e-03	 1.47e+00 Accepted	 935	 5887	
309	 5.5307660e-01	 +3.9064841e-03 -1.2517468e-03	 8.45e-01 Accepted	 922	 6058	
310	 5.5341617e-01	 +2.3159965e-03 -4.4902052e-05	 7.55e-01 Accepted	 913	 5901	
311	 5.5296260e-01	 +9.4766750e-04 +1.4680164e-04	 4.44e-01 Accepted	 910	 5728	
312	 5.5255597e-01	 +2.5484330e-03 +1.9696582e-04	 8.38e-01 Accepted	 923	 6020	
313	 5.5251900e-01	 +2.0940699e-03 -2.7110406e-03	 1.37e+00 Accepted	 930	 6162	
314	 5.5278660e-01	 +2.5875856e-03 +3.4364004e-04	 1.04e+00 Accepted	 948	 5946	
315	 5.5293512e-01	 +3.9211236e-03 -2.3595597e-03	 1.18e+00 Accepted	 923	 5859	
316	 5.5295086e-01	 +3.3407180e-03 +2.4931344e-04	 1.46e+00 Accepted	 891	 5743	
317	 5.5299446e-01	 +4.4901796e-03 -1.3277259e-03	 1.66e+00 Accepted	 894	 5824	
318	 5.5340505e-01	 +2.3105567e-03 +2.9183115e-03	 1.61e+00 Accepted	 891	 5797	
319	 5.5340505e-01	 +2.3105567e-03 +2.9183115e-03	 3.80e-01 Rejected	 898	 5930	
320	 5.5363520e-01	 +5.9064095e-03 -9.3263950e-04	 9.62e-01 Accepted	 909	 5966	
321	 5.5383913e-01	 +2.7511035e-03 -2.6834883e-04	 2.96e+00 Accepted	 922	 5874	
322	 5.5390271e-01	 +5.8045289e-03 -1.8604262e-04	 1.14e+00 Accepted	 928	 6113	
323	 5.5422935e-01	 -3.6031548e-04 +1.0810205e-03	 3.11e+00 Accepted	 925	 6129	
324	 5.5435930e-01	 +6.2985943e-04 +5.6076469e-04	 9.80e-01 Accepted	 924	 6065	
325	 5.5396273e-01	 +2.3474414e-03 +2.4649096e-03	 8.44e-01 Accepted	 915	 5941	
326	 5.5396273e-01	 +2.3474414e-03 +2.4649096e-03	 6.76e-01 Rejected	 922	 5924	
327	 5.5396273e-01	 +2.3474414e-03 +2.4649096e-03	 5.97e-01 Rejected	 933	 5931	
328	 5.5381417e-01	 +1.7672052e-03 +8.4078472e-04	 1.82e+00 Accepted	 914	 5996	
329	 5.5383663e-01	 +8.1384917e-04 +3.4119082e-04	 1.42e+00 Accepted	 935	 5937	
330	 5.5383663e-01	 +8.1384917e-04 +3.4119082e-04	 4.75e-01 Rejected	 932	 5947	
331	 5.5368258e-01	 +9.4936095e-04 +9.7331475e-04	 9.30e-01 Accepted	 920	 6010	
332	 5.5368258e-01	 +9.4936095e-04 +9.7331475e-04	 6.96e-01 Rejected	 928	 5984	
333	 5.5368258e-01	 +9.4936095e-04 +9.7331475e-04	 4.62e-01 Rejected	 929	 5935	
334	 5.5324957e-01	 +2.3204822e-03 +2.5823575e-03	 1.16e+00 Accepted	 909	 5871	
335	 5.5306748e-01	 +2.6436669e-03 +1.9502608e-03	 4.24e-01 Accepted	 903	 5787	
336	 5.5326837e-01	 +4.1844393e-03 -3.6466680e-04	 5.81e-01 Accepted	 900	 5949	
337	 5.5276499e-01	 +6.5743098e-03 +1.4779432e-03	 5.23e-01 Accepted	 910	 5842	
338	 5.5276499e-01	 +6.5743098e-03 +1.4779432e-03	 6.46e-01 Rejected	 921	 6055	
339	 5.5276393e-01	 +4.2920224e-03 -1.1531424e-03	 9.82e-01 Accepted	 920	 5896	
340	 5.5283892e-01	 +3.5635710e-03 -3.8761694e-03	 4.09e-01 Accepted	 927	 5956	
341	 5.5269517e-01	 +4.1642917e-03 +1.0937882e-03	 4.34e-01 Accepted	 921	 5825	
342	 5.5308071e-01	 +3.6282975e-03 +6.5754443e-04	 2.53e+00 Accepted	 908	 5801	
# Starting_type: CheckpointStart
# Trajectory_length / Number_of_MD_steps: 1 / 7
# 	 Plaquette	 Polyakov_Loop(re,im)	 Acc._Probability	 runtime_per_traj(s)	 CG_iterations	
343	 5.5322678e-01	 +1.4555968e-03 +9.3744224e-05	 4.90e-01 Accepted	 947	 5743	
344	 5.5373695e-01	 +2.5045810e-03 -2.4072462e-03	 1.59e+00 Accepted	 909	 5670	
345	 5.5373695e-01	 +2.5045810e-03 -2.4072462e-03	 5.49e-01 Rejected	 882	 5806	
346	 5.5392616e-01	 +2.5720793e-03 -2.2850440e-04	 1.12e+00 Accepted	 877	 5778	
347	 5.5391907e-01	 +5.1767289e-03 -3.6610207e-04	 2.27e+00 Accepted	 894	 5878	
348	 5.5391907e-01	 +5.1767289e-03 -3.6610207e-04	 3.50e-01 Rejected	 883	 5636	
349	 5.5355756e-01	 +2.5750109e-03 -1.1373202e-04	 4.17e-01 Accepted	 886	 5960	
350	 5.5351741e-01	 +4.6172124e-03 -2.5892765e-03	 1.04e+00 Accepted	 912	 5752	
351	 5.5338594e-01	 +4.2098333e-03 -2.6755546e-03	 1.29e+00 Accepted	 900	 5884	
352	 5.5346868e-01	 +2.6346186e-03 -6.9924641e-04	 1.09e+00 Accepted	 903	 5872	
353	 5.5320618e-01	 +4.2035909e-03 -2.8910658e-03	 7.13e-01 Accepted	 889	 5481	
354	 5.5374763e-01	 +2.5712386e-03 +5.6552938e-04	 2.17e+00 Accepted	 896	 5986	
355	 5.5374763e-01	 +2.5712386e-03 +5.6552938e-04	 3.34e-01 Rejected	 913	 5875	
356	 5.5351521e-01	 +4.0715554e-03 -4.5365566e-03	 8.02e-01 Accepted	 914	 6070	
357	 5.5347366e-01	 +1.9788508e-03 -3.7445340e-03	 1.27e+00 Accepted	 941	 5953	
358	 5.5392572e-01	 +4.9252525e-03 -4.5933809e-03	 6.29e-01 Accepted	 921	 5946	
359	 5.5395220e-01	 +7.0594895e-04 -3.7095670e-03	 1.35e+00 Accepted	 920	 5759	
360	 5.5378556e-01	 +2.3945732e-03 -2.1046585e-03	 7.66e-01 Accepted	 935	 6009	
361	 5.5380301e-01	 +4.1894734e-03 -3.3550680e-04	 2.17e+00 Accepted	 922	 5926	
362	 5.5312928e-01	 +3.6515969e-03 -2.9454329e-03	 8.66e-01 Accepted	 908	 5716	
363	 5.5304971e-01	 +1.4900889e-03 -2.0093552e-03	 1.29e+00 Accepted	 914	 5970	
364	 5.5304971e-01	 +1.4900889e-03 -2.0093552e-03	 3.32e-01 Rejected	 918	 5857	
365	 5.5294411e-01	 +3.1092210e-03 +1.2018651e-04	 9.54e-01 Accepted	 912	 5822	
366	 5.5288673e-01	 +4.3116089e-03 -9.4575251e-04	 1.00e+00 Accepted	 919	 6098	
367	 5.5293365e-01	 +3.4414059e-03 -1.0295191e-03	 1.60e+00 Accepted	 911	 5862	
368	 5.5331735e-01	 +5.3103093e-03 +2.3974730e-03	 3.60e+00 Accepted	 921	 6085	
369	 5.5356413e-01	 +3.7498557e-03 +4.2087262e-04	 8.96e-01 Accepted	 934	 6103	
370	 5.5307481e-01	 +1.5993910e-04 -2.1980302e-03	 8.38e-01 Accepted	 918	 5714	
371	 5.5294394e-01	 +9.2592550e-04 +1.5952452e-03	 1.41e+00 Accepted	 918	 6140	
372	 5.5294394e-01	 +9.2592550e-04 +1.5952452e-03	 3.41e-01 Rejected	 927	 6057	
373	 5.5291865e-01	 +3.5425628e-03 -1.5199979e-03	 1.68e+00 Accepted	 924	 5974	
374	 5.5307101e-01	 +1.2450313e-03 -1.0704784e-03	 2.37e+00 Accepted	 900	 5640	
375	 5.5316807e-01	 +1.5276403e-03 -1.1076062e-03	 1.98e+00 Accepted	 909	 5974	
376	 5.5314996e-01	 +4.3437339e-03 +1.8968913e-03	 2.34e+00 Accepted	 929	 6105	
377	 5.5306281e-01	 +2.9060454e-03 -7.2273847e-04	 1.25e+00 Accepted	 922	 5793	
378	 5.5339449e-01	 +2.5968781e-03 -4.1487162e-04	 1.79e+00 Accepted	 910	 5951	
379	 5.5339449e-01	 +2.5968781e-03 -4.1487162e-04	 3.18e-01 Rejected	 936	 5852	
380	 5.5339449e-01	 +2.5968781e-03 -4.1487162e-04	 6.08e-01 Rejected	 919	 5889	
381	 5.5307620e-01	 +2.9303962e-03 -2.0843685e-03	 7.36e-01 Accepted	 940	 6027	
382	 5.5298083e-01	 +1.5281406e-03 -1.6083854e-03	 5.92e-01 Accepted	 935	 5933	
383	 5.5322475e-01	 +3.4744815e-03 +1.0283737e-03	 1.73e+00 Accepted	 906	 5810	
384	 5.5340114e-01	 +1.5366431e-03 -1.1170572e-03	 1.63e+00 Accepted	 920	 5918	
385	 5.5286746e-01	 +5.4314506e-03 -5.0366564e-04	 1.51e+00 Accepted	 922	 6141	
386	 5.5301247e-01	 +1.6655581e-03 -2.2028407e-04	 1.96e+00 Accepted	 937	 6097	
387	 5.5301247e-01	 +1.6655581e-03 -2.2028407e-04	 7.33e-01 Rejected	 927	 5895	
388	 5.5301247e-01	 +1.6655581e-03 -2.2028407e-04	 7.19e-01 Rejected	 939	 5949	
389	 5.5263576e-01	 +2.8211538e-03 -3.2646291e-04	 1.00e+00 Accepted	 926	 6026	
