# Starting_type: CheckpointStartReseed
# conf_nc4nf1_248_b10p82c_m0p1000/conf_nc4nf1_248_b10p82c_m0p1000_lat.0 -> conf_nc4nf1_248_b10p85c_m0p1000/conf_nc4nf1_248_b10p85c_m0p1000_lat.1618
# serial RNG seed: 	[35778 13501 23945 25738 56891]
# parallel RNG seed:	[60928 41674 26253 52260 16870]
# Trajectory_length / Number_of_MD_steps: 1 / 8
# 	 Plaquette	 Polyakov_Loop(re,im)	 Acc._Probability	 runtime_per_traj(s)	 CG_iterations	
1	 5.6770872e-01	 +1.5231566e-02 -9.9412958e-04	 8.10e-01 Accepted	 230	 750	
2	 5.6749130e-01	 +1.6684217e-02 -1.0437430e-03	 7.64e-01 Accepted	 225	 751	
3	 5.6749130e-01	 +1.6684217e-02 -1.0437430e-03	 6.69e-01 Rejected	 220	 749	
4	 5.6709126e-01	 +1.4933419e-02 -8.7771520e-04	 8.72e-01 Accepted	 222	 760	
5	 5.6651692e-01	 +2.0544407e-02 -4.2824837e-04	 9.31e-01 Accepted	 224	 777	
6	 5.6634541e-01	 +1.7549604e-02 +4.9525662e-04	 9.79e-01 Accepted	 229	 824	
7	 5.6629845e-01	 +1.4676251e-02 -1.9553158e-03	 1.11e+00 Accepted	 230	 759	
8	 5.6647022e-01	 +1.5044633e-02 +1.1647844e-04	 1.06e+00 Accepted	 224	 769	
9	 5.6647022e-01	 +1.5044633e-02 +1.1647844e-04	 6.52e-01 Rejected	 228	 769	
10	 5.6647022e-01	 +1.5044633e-02 +1.1647844e-04	 6.82e-01 Rejected	 229	 787	
11	 5.6594740e-01	 +1.4660998e-02 +3.3276536e-03	 4.69e-01 Accepted	 229	 828	
12	 5.6569019e-01	 +1.5049439e-02 -1.4013646e-03	 1.08e+00 Accepted	 232	 761	
13	 5.6575552e-01	 +1.1295945e-02 +3.2676650e-03	 1.32e+00 Accepted	 223	 783	
14	 5.6609876e-01	 +1.4003204e-02 +2.8809029e-04	 9.39e-01 Accepted	 225	 778	
15	 5.6591096e-01	 +1.0989948e-02 +6.2050465e-04	 8.31e-01 Accepted	 227	 770	
16	 5.6598698e-01	 +1.3060404e-02 +2.0803990e-03	 1.04e+00 Accepted	 232	 837	
17	 5.6604910e-01	 +1.4052301e-02 +3.1220993e-04	 8.29e-01 Accepted	 241	 812	
18	 5.6627729e-01	 +1.0914776e-02 -1.3865919e-03	 1.11e+00 Accepted	 236	 817	
19	 5.6600413e-01	 +1.4225510e-02 -1.2331108e-03	 8.58e-01 Accepted	 230	 769	
20	 5.6589400e-01	 +1.5025742e-02 -2.3935190e-05	 1.15e+00 Accepted	 226	 767	
21	 5.6585545e-01	 +1.4449863e-02 -1.7384316e-03	 1.17e+00 Accepted	 223	 785	
22	 5.6577248e-01	 +1.4015987e-02 -1.7309845e-03	 9.15e-01 Accepted	 230	 776	
23	 5.6616124e-01	 +1.5306550e-02 +5.3868256e-04	 1.28e+00 Accepted	 227	 774	
24	 5.6633827e-01	 +1.4900827e-02 +7.7616572e-04	 8.72e-01 Accepted	 229	 784	
25	 5.6633827e-01	 +1.4900827e-02 +7.7616572e-04	 7.76e-01 Rejected	 229	 776	
26	 5.6626709e-01	 +1.0665011e-02 -5.3756927e-04	 1.06e+00 Accepted	 228	 764	
27	 5.6610275e-01	 +1.4673085e-02 +9.7262570e-04	 8.84e-01 Accepted	 222	 751	
28	 5.6652583e-01	 +1.2471624e-02 +1.4675324e-03	 1.19e+00 Accepted	 226	 842	
29	 5.6646501e-01	 +1.0328182e-02 -1.9800428e-03	 9.66e-01 Accepted	 235	 763	
30	 5.6650342e-01	 +1.0400790e-02 -1.1778454e-03	 1.29e+00 Accepted	 224	 767	
31	 5.6628740e-01	 +1.3823769e-02 -2.9704380e-04	 1.22e+00 Accepted	 227	 782	
32	 5.6592377e-01	 +1.2435416e-02 -4.2489048e-04	 6.13e-01 Accepted	 228	 815	
33	 5.6642468e-01	 +1.3429724e-02 +1.3401194e-03	 1.04e+00 Accepted	 235	 796	
34	 5.6623254e-01	 +1.2198520e-02 +5.5935817e-04	 7.84e-01 Accepted	 233	 813	
35	 5.6610990e-01	 +1.5627595e-02 +2.1363852e-04	 1.06e+00 Accepted	 231	 752	
36	 5.6594552e-01	 +1.3972438e-02 -1.6785155e-03	 7.27e-01 Accepted	 221	 754	
37	 5.6579327e-01	 +9.7867777e-03 -8.9903206e-04	 6.74e-01 Accepted	 223	 760	
38	 5.6547204e-01	 +1.0962719e-02 +7.2463534e-04	 9.85e-01 Accepted	 223	 773	
39	 5.6564653e-01	 +1.1858996e-02 +2.6019555e-05	 1.01e+00 Accepted	 225	 760	
40	 5.6594933e-01	 +1.1034050e-02 -9.6699363e-04	 1.37e+00 Accepted	 223	 794	
41	 5.6588887e-01	 +1.1345457e-02 +8.2691872e-04	 6.66e-01 Accepted	 230	 786	
42	 5.6594029e-01	 +1.2600127e-02 +1.2933503e-04	 9.38e-01 Accepted	 228	 790	
43	 5.6604796e-01	 +1.1142761e-02 -7.8995182e-04	 9.26e-01 Accepted	 233	 797	
44	 5.6613525e-01	 +1.2132648e-02 +7.0172840e-04	 1.02e+00 Accepted	 241	 854	
45	 5.6613525e-01	 +1.2132648e-02 +7.0172840e-04	 7.01e-01 Rejected	 241	 771	
46	 5.6617511e-01	 +1.0184878e-02 +1.0683477e-03	 8.14e-01 Accepted	 242	 798	
47	 5.6573897e-01	 +1.0891679e-02 +2.9639244e-03	 7.90e-01 Accepted	 232	 781	
48	 5.6565126e-01	 +1.3317795e-02 -1.2542470e-03	 1.24e+00 Accepted	 230	 824	
49	 5.6536614e-01	 +1.1059020e-02 +2.5881999e-03	 7.07e-01 Accepted	 239	 816	
50	 5.6582932e-01	 +1.3280237e-02 -4.2899905e-04	 1.42e+00 Accepted	 239	 834	
51	 5.6593545e-01	 +1.1517803e-02 +3.5539394e-04	 8.47e-01 Accepted	 243	 819	
52	 5.6588487e-01	 +1.1839910e-02 -1.0199146e-03	 8.26e-01 Accepted	 242	 876	
53	 5.6632247e-01	 +1.3468967e-02 +8.7683850e-04	 1.09e+00 Accepted	 250	 818	
54	 5.6645621e-01	 +1.3536095e-02 +3.6535616e-04	 1.50e+00 Accepted	 239	 765	
55	 5.6629228e-01	 +1.2182467e-02 -4.8331524e-03	 1.25e+00 Accepted	 230	 770	
56	 5.6643914e-01	 +1.0796450e-02 -9.3591227e-04	 1.33e+00 Accepted	 225	 757	
57	 5.6685743e-01	 +1.3703937e-02 -2.0158194e-03	 1.14e+00 Accepted	 221	 762	
58	 5.6655202e-01	 +9.2204067e-03 -5.0336251e-05	 1.12e+00 Accepted	 224	 765	
59	 5.6649958e-01	 +1.1407750e-02 -1.6056636e-03	 9.76e-01 Accepted	 228	 763	
60	 5.6615710e-01	 +1.2901691e-02 -2.7238391e-03	 7.45e-01 Accepted	 226	 764	
61	 5.6640590e-01	 +9.8632138e-03 -6.4593427e-04	 1.30e+00 Accepted	 222	 756	
62	 5.6641966e-01	 +1.0240996e-02 +4.7611299e-04	 1.13e+00 Accepted	 222	 770	
63	 5.6644107e-01	 +1.2473556e-02 -2.6139409e-03	 1.29e+00 Accepted	 224	 753	
64	 5.6651153e-01	 +1.4860709e-02 -2.2487810e-03	 1.11e+00 Accepted	 220	 761	
65	 5.6574077e-01	 +1.2180581e-02 -3.1325809e-03	 1.12e+00 Accepted	 221	 782	
66	 5.6617005e-01	 +1.2187101e-02 +1.1418101e-03	 1.15e+00 Accepted	 226	 768	
67	 5.6612829e-01	 +1.1144750e-02 +7.8826341e-04	 9.92e-01 Accepted	 223	 768	
68	 5.6623966e-01	 +1.2792965e-02 -1.9786212e-03	 1.32e+00 Accepted	 222	 755	
69	 5.6588890e-01	 +1.3650321e-02 -2.2431423e-03	 9.39e-01 Accepted	 223	 776	
70	 5.6571083e-01	 +1.1871488e-02 +1.2558619e-03	 8.11e-01 Accepted	 225	 765	
71	 5.6582812e-01	 +9.2614642e-03 -1.4117621e-03	 9.56e-01 Accepted	 223	 770	
72	 5.6599194e-01	 +8.4036483e-03 -5.4090361e-05	 1.13e+00 Accepted	 227	 790	
73	 5.6555276e-01	 +1.1491238e-02 -1.0043235e-03	 7.78e-01 Accepted	 231	 791	
74	 5.6601786e-01	 +1.0685109e-02 -1.5199229e-03	 1.01e+00 Accepted	 227	 773	
75	 5.6591539e-01	 +1.0028306e-02 -1.7561184e-03	 1.12e+00 Accepted	 230	 800	
76	 5.6584227e-01	 +1.0331713e-02 +2.0016139e-03	 7.74e-01 Accepted	 230	 783	
77	 5.6563876e-01	 +1.0701513e-02 +1.5253764e-03	 6.62e-01 Accepted	 229	 810	
78	 5.6601898e-01	 +9.7809360e-03 +4.3209776e-04	 1.17e+00 Accepted	 232	 784	
79	 5.6614834e-01	 +9.0160951e-03 -1.6463586e-03	 9.84e-01 Accepted	 229	 757	
80	 5.6606286e-01	 +1.0838430e-02 +2.2280373e-03	 1.06e+00 Accepted	 224	 783	
81	 5.6625595e-01	 +1.1726332e-02 +1.2567763e-04	 1.06e+00 Accepted	 228	 779	
82	 5.6641630e-01	 +1.2807120e-02 +4.0851528e-03	 9.72e-01 Accepted	 231	 777	
83	 5.6658565e-01	 +8.5757993e-03 +7.7835193e-04	 1.19e+00 Accepted	 231	 791	
84	 5.6648474e-01	 +1.2087458e-02 +1.7576168e-03	 8.74e-01 Accepted	 231	 793	
85	 5.6668548e-01	 +1.2236632e-02 +1.2263825e-03	 7.91e-01 Accepted	 230	 790	
86	 5.6668548e-01	 +1.2236632e-02 +1.2263825e-03	 6.67e-01 Rejected	 230	 764	
87	 5.6593495e-01	 +1.3559542e-02 +9.8486099e-04	 5.69e-01 Accepted	 227	 759	
88	 5.6552081e-01	 +1.0489354e-02 +1.5342467e-03	 8.50e-01 Accepted	 221	 756	
89	 5.6616106e-01	 +9.3083913e-03 -2.4306192e-03	 8.50e-01 Accepted	 221	 751	
90	 5.6616106e-01	 +9.3083913e-03 -2.4306192e-03	 8.20e-01 Rejected	 221	 762	
91	 5.6605362e-01	 +1.1878577e-02 -1.8518702e-03	 1.38e+00 Accepted	 220	 770	
92	 5.6605362e-01	 +1.1878577e-02 -1.8518702e-03	 8.75e-01 Rejected	 227	 811	
93	 5.6584255e-01	 +8.6092154e-03 -2.9541628e-03	 1.45e+00 Accepted	 226	 765	
94	 5.6607974e-01	 +1.2530291e-02 -1.9347824e-03	 9.51e-01 Accepted	 227	 784	
95	 5.6607974e-01	 +1.2530291e-02 -1.9347824e-03	 5.80e-01 Rejected	 228	 783	
96	 5.6581565e-01	 +1.1046552e-02 +2.3651134e-04	 1.18e+00 Accepted	 225	 779	
97	 5.6581565e-01	 +1.1046552e-02 +2.3651134e-04	 6.46e-01 Rejected	 225	 757	
98	 5.6567492e-01	 +1.1227428e-02 +1.5266616e-03	 8.97e-01 Accepted	 233	 834	
99	 5.6533662e-01	 +1.0172880e-02 +2.4673251e-03	 1.47e+00 Accepted	 232	 777	
100	 5.6550336e-01	 +1.1643337e-02 +2.1915407e-03	 1.40e+00 Accepted	 231	 836	
101	 5.6527054e-01	 +1.0756805e-02 +5.2112093e-03	 9.64e-01 Accepted	 237	 771	
102	 5.6536684e-01	 +9.8590200e-03 +1.7325381e-03	 9.94e-01 Accepted	 223	 756	
103	 5.6536684e-01	 +9.8590200e-03 +1.7325381e-03	 7.87e-01 Rejected	 221	 758	
104	 5.6543006e-01	 +1.2704372e-02 +6.1715788e-05	 8.97e-01 Accepted	 223	 777	
105	 5.6539333e-01	 +1.1143771e-02 -3.0300960e-04	 9.76e-01 Accepted	 227	 801	
106	 5.6553501e-01	 +9.2100422e-03 +8.8301840e-04	 1.05e+00 Accepted	 228	 767	
107	 5.6590933e-01	 +1.4993964e-02 +1.1676382e-03	 6.62e-01 Accepted	 226	 775	
108	 5.6624887e-01	 +1.3881777e-02 -5.5068809e-04	 1.26e+00 Accepted	 228	 765	
109	 5.6609934e-01	 +1.2295167e-02 -3.8421622e-03	 7.98e-01 Accepted	 227	 773	
110	 5.6564739e-01	 +1.4429224e-02 +5.6865588e-04	 6.66e-01 Accepted	 223	 766	
111	 5.6553432e-01	 +1.3410901e-02 +6.6299598e-04	 8.89e-01 Accepted	 227	 796	
112	 5.6598987e-01	 +1.0995710e-02 +6.6212773e-04	 9.21e-01 Accepted	 233	 793	
113	 5.6614205e-01	 +1.3555441e-02 -1.5539897e-03	 9.71e-01 Accepted	 229	 781	
114	 5.6633670e-01	 +1.0441994e-02 -1.9351156e-03	 8.03e-01 Accepted	 229	 847	
115	 5.6640874e-01	 +8.3939480e-03 +4.1839757e-05	 1.03e+00 Accepted	 239	 767	
116	 5.6635495e-01	 +1.5645041e-02 -1.1460251e-03	 9.92e-01 Accepted	 226	 798	
117	 5.6679647e-01	 +1.4613424e-02 -2.7011919e-03	 1.35e+00 Accepted	 231	 790	
118	 5.6629668e-01	 +1.1917885e-02 +1.5988422e-03	 1.17e+00 Accepted	 233	 784	
119	 5.6618220e-01	 +1.5513452e-02 -1.7798571e-03	 1.22e+00 Accepted	 229	 758	
120	 5.6618220e-01	 +1.5513452e-02 -1.7798571e-03	 6.70e-01 Rejected	 222	 754	
121	 5.6586408e-01	 +1.2075165e-02 -2.8801325e-03	 1.04e+00 Accepted	 223	 783	
122	 5.6581378e-01	 +1.3092650e-02 -5.1582170e-03	 7.87e-01 Accepted	 226	 758	
123	 5.6570233e-01	 +1.1339306e-02 -1.5944149e-03	 9.04e-01 Accepted	 222	 779	
124	 5.6587818e-01	 +1.1559169e-02 -1.8287129e-03	 9.27e-01 Accepted	 225	 754	
125	 5.6610726e-01	 +1.3115049e-02 -3.6534552e-04	 1.59e+00 Accepted	 221	 757	
126	 5.6601358e-01	 +1.2432613e-02 +5.1259215e-03	 7.20e-01 Accepted	 220	 758	
127	 5.6612795e-01	 +1.2481179e-02 -5.8887344e-05	 1.70e+00 Accepted	 222	 762	
128	 5.6624964e-01	 +1.4032466e-02 -1.0008850e-03	 1.18e+00 Accepted	 221	 760	
129	 5.6586074e-01	 +1.2732289e-02 +4.4810939e-04	 9.91e-01 Accepted	 224	 779	
130	 5.6622171e-01	 +1.3621809e-02 -4.4252642e-04	 8.25e-01 Accepted	 225	 761	
131	 5.6602261e-01	 +1.1713475e-02 -1.4914849e-03	 8.59e-01 Accepted	 222	 764	
132	 5.6605905e-01	 +1.1587332e-02 -9.7881932e-04	 1.19e+00 Accepted	 223	 762	
133	 5.6612714e-01	 +1.1071664e-02 -1.9663262e-03	 1.07e+00 Accepted	 225	 772	
134	 5.6616848e-01	 +1.0532274e-02 +8.6047716e-04	 1.04e+00 Accepted	 228	 782	
135	 5.6648930e-01	 +1.0978679e-02 -4.5555309e-03	 1.02e+00 Accepted	 238	 836	
136	 5.6634137e-01	 +8.9154609e-03 -1.2403666e-03	 7.31e-01 Accepted	 232	 780	
137	 5.6603201e-01	 +9.9937176e-03 -3.0059496e-03	 1.01e+00 Accepted	 231	 800	
138	 5.6581666e-01	 +1.0002987e-02 -6.3478894e-04	 8.41e-01 Accepted	 231	 799	
139	 5.6581192e-01	 +8.9235457e-03 +5.3805385e-04	 1.18e+00 Accepted	 230	 771	
140	 5.6616904e-01	 +1.0123335e-02 -2.3353141e-03	 1.07e+00 Accepted	 222	 761	
141	 5.6628017e-01	 +1.1934101e-02 -1.0941280e-03	 8.03e-01 Accepted	 224	 781	
142	 5.6615173e-01	 +1.1078911e-02 +2.6256453e-03	 1.20e+00 Accepted	 233	 813	
143	 5.6618282e-01	 +1.2778979e-02 -1.4571295e-03	 1.03e+00 Accepted	 237	 774	
144	 5.6612008e-01	 +7.6882024e-03 -8.4229034e-04	 1.29e+00 Accepted	 243	 861	
145	 5.6578749e-01	 +7.3338498e-03 -2.9230597e-03	 9.18e-01 Accepted	 253	 895	
146	 5.6576036e-01	 +8.6915511e-03 -2.3232607e-03	 1.03e+00 Accepted	 249	 852	
147	 5.6587486e-01	 +9.8210494e-03 -4.9335698e-03	 8.44e-01 Accepted	 249	 811	
148	 5.6591480e-01	 +1.4097198e-02 -2.9689879e-03	 1.02e+00 Accepted	 233	 778	
149	 5.6642567e-01	 +9.8810274e-03 +3.6662985e-04	 9.05e-01 Accepted	 226	 784	
150	 5.6642567e-01	 +9.8810274e-03 +3.6662985e-04	 6.32e-01 Rejected	 229	 791	
151	 5.6583128e-01	 +1.0107890e-02 -1.5176106e-03	 8.93e-01 Accepted	 229	 799	
152	 5.6541777e-01	 +1.0336183e-02 -1.4435461e-03	 8.48e-01 Accepted	 229	 789	
153	 5.6578063e-01	 +1.3944310e-02 -2.9430030e-03	 8.63e-01 Accepted	 226	 782	
154	 5.6587378e-01	 +1.4051559e-02 -2.5733213e-03	 1.01e+00 Accepted	 228	 777	
155	 5.6587378e-01	 +1.4051559e-02 -2.5733213e-03	 5.30e-01 Rejected	 225	 766	
156	 5.6576357e-01	 +9.7507638e-03 -1.8869725e-03	 9.36e-01 Accepted	 228	 824	
157	 5.6590782e-01	 +1.1620552e-02 -3.3345675e-04	 1.41e+00 Accepted	 230	 778	
158	 5.6590782e-01	 +1.1620552e-02 -3.3345675e-04	 8.52e-01 Rejected	 227	 770	
159	 5.6557150e-01	 +9.5468990e-03 +7.9261378e-06	 7.72e-01 Accepted	 225	 757	
160	 5.6581154e-01	 +1.1949974e-02 -3.6171959e-03	 1.44e+00 Accepted	 220	 757	
161	 5.6597368e-01	 +1.1153950e-02 -9.2123179e-04	 1.03e+00 Accepted	 224	 782	
162	 5.6612610e-01	 +1.2493381e-02 +8.9788689e-04	 1.48e+00 Accepted	 229	 816	
163	 5.6595329e-01	 +1.1299219e-02 -7.2267621e-04	 8.10e-01 Accepted	 232	 796	
164	 5.6586522e-01	 +1.0115215e-02 +1.0752389e-03	 1.10e+00 Accepted	 230	 780	
165	 5.6548316e-01	 +1.2175966e-02 -9.5551276e-04	 7.88e-01 Accepted	 224	 765	
166	 5.6499564e-01	 +1.0745009e-02 -2.3031198e-03	 8.28e-01 Accepted	 224	 812	
167	 5.6535942e-01	 +1.1333798e-02 -2.9378842e-03	 1.33e+00 Accepted	 231	 760	
168	 5.6523098e-01	 +1.0927347e-02 -1.5237412e-03	 9.08e-01 Accepted	 221	 759	
169	 5.6623212e-01	 +1.1340241e-02 -3.1739605e-03	 1.26e+00 Accepted	 220	 758	
170	 5.6595035e-01	 +1.2275759e-02 -2.7336098e-03	 7.48e-01 Accepted	 221	 759	
171	 5.6579864e-01	 +1.3744276e-02 -4.2244825e-03	 9.12e-01 Accepted	 224	 749	
172	 5.6583191e-01	 +1.2305304e-02 -2.0462513e-03	 1.05e+00 Accepted	 224	 779	
173	 5.6594660e-01	 +1.3376141e-02 -5.1683088e-04	 1.39e+00 Accepted	 227	 832	
174	 5.6631592e-01	 +1.1415022e-02 -8.7080320e-04	 1.19e+00 Accepted	 234	 768	
175	 5.6622336e-01	 +1.2229380e-02 -9.8709494e-04	 1.06e+00 Accepted	 222	 755	
176	 5.6591029e-01	 +1.1721184e-02 -1.0495035e-03	 8.59e-01 Accepted	 223	 771	
177	 5.6602476e-01	 +1.1671700e-02 -1.1786918e-03	 1.22e+00 Accepted	 222	 754	
178	 5.6638853e-01	 +1.4239549e-02 +1.4326067e-03	 1.71e+00 Accepted	 225	 806	
179	 5.6623137e-01	 +1.6471234e-02 -1.6347234e-03	 6.74e-01 Accepted	 235	 800	
180	 5.6623137e-01	 +1.6471234e-02 -1.6347234e-03	 8.55e-01 Rejected	 229	 801	
181	 5.6631432e-01	 +1.1970119e-02 -2.3163669e-03	 8.85e-01 Accepted	 228	 762	
182	 5.6611364e-01	 +1.1704895e-02 -4.2374696e-03	 7.08e-01 Accepted	 224	 774	
183	 5.6611364e-01	 +1.1704895e-02 -4.2374696e-03	 6.53e-01 Rejected	 222	 755	
184	 5.6616672e-01	 +8.0308629e-03 -3.8533187e-03	 1.09e+00 Accepted	 223	 759	
185	 5.6616672e-01	 +8.0308629e-03 -3.8533187e-03	 8.24e-01 Rejected	 219	 756	
186	 5.6608622e-01	 +1.1528234e-02 -1.5856145e-03	 6.12e-01 Accepted	 220	 777	
187	 5.6636273e-01	 +1.1182994e-02 +1.5133490e-03	 1.18e+00 Accepted	 229	 816	
188	 5.6632824e-01	 +9.3417773e-03 +1.1735022e-03	 1.18e+00 Accepted	 231	 767	
189	 5.6667766e-01	 +1.0166744e-02 -3.3898422e-03	 1.40e+00 Accepted	 225	 766	
# Starting_type: CheckpointStart
# Trajectory_length / Number_of_MD_steps: 1 / 8
# 	 Plaquette	 Polyakov_Loop(re,im)	 Acc._Probability	 runtime_per_traj(s)	 CG_iterations	
189	 5.6667766e-01	 +1.0166744e-02 -3.3898422e-03	 1.40e+00 Accepted	 167	 766	
190	 5.6644829e-01	 +8.7026442e-03 +2.4647807e-03	 7.86e-01 Accepted	 158	 758	
191	 5.6644829e-01	 +8.7026442e-03 +2.4647807e-03	 6.63e-01 Rejected	 156	 755	
192	 5.6668220e-01	 +1.2886680e-02 +2.2283286e-03	 1.37e+00 Accepted	 155	 774	
193	 5.6643051e-01	 +1.4237763e-02 -1.4315734e-03	 1.06e+00 Accepted	 159	 778	
194	 5.6662063e-01	 +1.1682957e-02 +1.6599042e-03	 7.20e-01 Accepted	 159	 753	
195	 5.6642785e-01	 +1.1081890e-02 -6.0204995e-04	 9.27e-01 Accepted	 160	 767	
196	 5.6615473e-01	 +1.0389237e-02 +1.8374193e-03	 7.71e-01 Accepted	 159	 779	
197	 5.6619816e-01	 +8.1268699e-03 +1.5298046e-03	 1.28e+00 Accepted	 165	 825	
198	 5.6614635e-01	 +1.4819863e-02 -2.0608414e-03	 1.05e+00 Accepted	 164	 779	
199	 5.6605385e-01	 +1.4273516e-02 -3.0382786e-04	 9.50e-01 Accepted	 160	 768	
200	 5.6579777e-01	 +1.2834481e-02 -2.1161822e-03	 1.01e+00 Accepted	 161	 821	
201	 5.6575627e-01	 +1.5390504e-02 +7.4926264e-04	 9.93e-01 Accepted	 170	 802	
202	 5.6617984e-01	 +1.3680818e-02 -4.4198867e-05	 1.34e+00 Accepted	 164	 791	
203	 5.6623352e-01	 +1.1630247e-02 -1.1460582e-03	 6.35e-01 Accepted	 162	 756	
204	 5.6648498e-01	 +1.4190923e-02 +3.3061809e-04	 9.00e-01 Accepted	 157	 767	
205	 5.6621108e-01	 +1.3048426e-02 -1.0914938e-03	 8.23e-01 Accepted	 159	 756	
206	 5.6630087e-01	 +1.2068847e-02 -8.1683109e-04	 9.47e-01 Accepted	 158	 774	
207	 5.6640252e-01	 +1.5130954e-02 +1.0356371e-03	 1.04e+00 Accepted	 161	 774	
208	 5.6632137e-01	 +1.4705252e-02 -1.2181841e-03	 1.03e+00 Accepted	 161	 801	
209	 5.6592873e-01	 +1.4842400e-02 -1.6152582e-03	 1.33e+00 Accepted	 166	 814	
210	 5.6604447e-01	 +1.2766010e-02 -1.2347931e-03	 8.84e-01 Accepted	 167	 793	
211	 5.6586492e-01	 +1.4691301e-02 -1.6317528e-03	 1.05e+00 Accepted	 166	 789	
212	 5.6604550e-01	 +1.4907262e-02 -9.6337763e-04	 1.13e+00 Accepted	 164	 790	
213	 5.6604550e-01	 +1.4907262e-02 -9.6337763e-04	 7.73e-01 Rejected	 163	 790	
214	 5.6619143e-01	 +6.7296712e-03 -2.0052158e-03	 7.61e-01 Accepted	 166	 813	
215	 5.6613368e-01	 +1.2273855e-02 -2.1747846e-03	 9.19e-01 Accepted	 168	 819	
216	 5.6605628e-01	 +1.2177275e-02 +9.9821635e-04	 6.90e-01 Accepted	 166	 805	
217	 5.6609550e-01	 +1.3173395e-02 -1.1668462e-03	 8.63e-01 Accepted	 163	 759	
218	 5.6584272e-01	 +1.2283561e-02 -3.3096326e-03	 8.22e-01 Accepted	 158	 763	
219	 5.6576213e-01	 +1.4747736e-02 -5.0231512e-03	 8.75e-01 Accepted	 157	 762	
220	 5.6577492e-01	 +1.1913673e-02 -2.5285665e-03	 1.34e+00 Accepted	 160	 767	
221	 5.6584153e-01	 +1.5084254e-02 -4.1705209e-04	 6.51e-01 Accepted	 160	 783	
222	 5.6571315e-01	 +1.0338012e-02 -4.3521992e-03	 1.25e+00 Accepted	 161	 760	
223	 5.6629391e-01	 +1.1980808e-02 -6.5335792e-04	 1.08e+00 Accepted	 156	 756	
224	 5.6633796e-01	 +1.1957475e-02 -1.1044594e-03	 1.07e+00 Accepted	 156	 751	
225	 5.6644426e-01	 +1.0724790e-02 -3.3093815e-03	 8.05e-01 Accepted	 158	 761	
226	 5.6653731e-01	 +9.0294282e-03 -2.6295655e-03	 9.96e-01 Accepted	 158	 776	
227	 5.6624109e-01	 +1.3310802e-02 -2.8940171e-03	 8.95e-01 Accepted	 161	 792	
228	 5.6587920e-01	 +1.2281184e-02 -1.6929294e-03	 7.21e-01 Accepted	 162	 758	
229	 5.6570588e-01	 +1.1997436e-02 -1.5274588e-03	 8.05e-01 Accepted	 158	 779	
230	 5.6608420e-01	 +1.1674647e-02 -2.6817056e-03	 1.24e+00 Accepted	 161	 788	
231	 5.6601958e-01	 +1.1703461e-02 -4.4686703e-03	 7.08e-01 Accepted	 166	 801	
232	 5.6593973e-01	 +1.5383481e-02 -1.3362543e-03	 8.03e-01 Accepted	 166	 785	
# Starting_type: CheckpointStart
# Trajectory_length / Number_of_MD_steps: 1 / 8
# 	 Plaquette	 Polyakov_Loop(re,im)	 Acc._Probability	 runtime_per_traj(s)	 CG_iterations	
233	 5.6591773e-01	 +1.1686450e-02 -3.3860316e-03	 1.11e+00 Accepted	 235	 808	
234	 5.6614278e-01	 +1.5283567e-02 -1.6012380e-03	 9.77e-01 Accepted	 232	 806	
235	 5.6627881e-01	 +1.0846110e-02 -1.4179204e-03	 1.29e+00 Accepted	 230	 762	
236	 5.6585719e-01	 +1.0735265e-02 -2.7479651e-03	 9.76e-01 Accepted	 226	 819	
237	 5.6638695e-01	 +1.4574243e-02 -5.3151688e-03	 1.42e+00 Accepted	 230	 769	
238	 5.6638695e-01	 +1.4574243e-02 -5.3151688e-03	 8.41e-01 Rejected	 224	 769	
239	 5.6637503e-01	 +1.1705806e-02 -4.2465985e-03	 1.49e+00 Accepted	 230	 824	
240	 5.6567210e-01	 +1.2618582e-02 -4.5458513e-03	 6.41e-01 Accepted	 232	 792	
241	 5.6577689e-01	 +9.8989182e-03 -1.9974544e-03	 8.42e-01 Accepted	 228	 824	
242	 5.6594587e-01	 +1.2196274e-02 -9.9215903e-04	 1.01e+00 Accepted	 245	 890	
243	 5.6549268e-01	 +1.0163357e-02 -4.6096158e-03	 9.55e-01 Accepted	 243	 762	
244	 5.6559559e-01	 +1.2366053e-02 -1.9116818e-03	 7.86e-01 Accepted	 223	 763	
245	 5.6563688e-01	 +1.0991982e-02 -2.3863027e-03	 9.25e-01 Accepted	 220	 769	
246	 5.6590695e-01	 +1.1074660e-02 -6.0137506e-04	 1.26e+00 Accepted	 221	 752	
247	 5.6533453e-01	 +8.4976437e-03 -7.1328880e-03	 5.15e-01 Accepted	 219	 755	
248	 5.6548769e-01	 +1.1579425e-02 -2.8744160e-03	 8.32e-01 Accepted	 220	 775	
249	 5.6567151e-01	 +9.4687114e-03 -5.1065613e-03	 8.43e-01 Accepted	 224	 761	
250	 5.6576325e-01	 +1.0071042e-02 -3.5502410e-03	 1.06e+00 Accepted	 227	 824	
251	 5.6576325e-01	 +1.0071042e-02 -3.5502410e-03	 5.17e-01 Rejected	 237	 771	
252	 5.6579123e-01	 +7.3858474e-03 -2.9476470e-03	 9.15e-01 Accepted	 232	 757	
253	 5.6589643e-01	 +9.8717676e-03 -5.5433217e-03	 1.60e+00 Accepted	 219	 763	
254	 5.6604724e-01	 +1.1358954e-02 -3.4286248e-03	 1.31e+00 Accepted	 224	 773	
255	 5.6586797e-01	 +1.1399889e-02 -8.0500596e-03	 1.04e+00 Accepted	 224	 757	
256	 5.6585958e-01	 +1.2865007e-02 -7.8059470e-03	 1.23e+00 Accepted	 222	 760	
257	 5.6598911e-01	 +1.2352692e-02 -4.9476084e-03	 8.52e-01 Accepted	 219	 767	
258	 5.6602101e-01	 +1.1338978e-02 -5.3874448e-03	 7.74e-01 Accepted	 220	 759	
259	 5.6598501e-01	 +1.2301769e-02 -3.9227613e-03	 1.17e+00 Accepted	 219	 758	
260	 5.6586045e-01	 +1.0234589e-02 -3.0790095e-03	 1.06e+00 Accepted	 222	 757	
261	 5.6608308e-01	 +1.2290056e-02 +8.6625056e-04	 9.01e-01 Accepted	 222	 800	
262	 5.6571297e-01	 +1.1806600e-02 -2.5400779e-03	 8.73e-01 Accepted	 228	 785	
263	 5.6577202e-01	 +1.3072022e-02 -2.1001635e-03	 9.21e-01 Accepted	 226	 777	
264	 5.6593151e-01	 +1.0340920e-02 -6.0337388e-03	 1.26e+00 Accepted	 230	 772	
265	 5.6638927e-01	 +1.2489750e-02 -4.2216898e-03	 1.22e+00 Accepted	 225	 764	
266	 5.6656137e-01	 +1.1005954e-02 -3.1518686e-03	 1.16e+00 Accepted	 222	 770	
267	 5.6648326e-01	 +1.1243681e-02 -2.5262714e-03	 1.01e+00 Accepted	 223	 793	
268	 5.6648792e-01	 +1.2866668e-02 -3.7769037e-03	 6.46e-01 Accepted	 229	 802	
269	 5.6595305e-01	 +1.0226413e-02 -2.7083606e-03	 9.92e-01 Accepted	 232	 811	
270	 5.6663147e-01	 +1.2359684e-02 -4.2520945e-03	 1.11e+00 Accepted	 232	 799	
271	 5.6626974e-01	 +8.4450187e-03 -1.3889313e-03	 1.20e+00 Accepted	 232	 790	
272	 5.6673784e-01	 +1.2855338e-02 +3.5166979e-04	 9.37e-01 Accepted	 232	 786	
273	 5.6648937e-01	 +1.1553585e-02 +9.2428761e-04	 1.03e+00 Accepted	 229	 791	
274	 5.6600340e-01	 +1.3157152e-02 -2.4282960e-03	 6.00e-01 Accepted	 229	 779	
275	 5.6579200e-01	 +1.1094339e-02 -1.2078801e-03	 8.81e-01 Accepted	 223	 759	
276	 5.6617574e-01	 +9.9735938e-03 -1.3395894e-03	 1.01e+00 Accepted	 221	 785	
277	 5.6617574e-01	 +9.9735938e-03 -1.3395894e-03	 7.57e-01 Rejected	 225	 805	
278	 5.6642890e-01	 +1.0902661e-02 -2.5927365e-03	 1.17e+00 Accepted	 222	 759	
279	 5.6655883e-01	 +7.7277232e-03 -4.4564769e-05	 1.31e+00 Accepted	 222	 754	
280	 5.6689485e-01	 +1.1198968e-02 +2.3709894e-03	 9.53e-01 Accepted	 220	 761	
281	 5.6655097e-01	 +1.0266764e-02 -6.4719757e-04	 8.97e-01 Accepted	 222	 761	
282	 5.6580602e-01	 +9.1338611e-03 +2.6793868e-03	 5.30e-01 Accepted	 221	 754	
283	 5.6606567e-01	 +1.0846038e-02 -2.6255609e-03	 8.91e-01 Accepted	 219	 760	
284	 5.6605051e-01	 +8.5521688e-03 -3.0659005e-03	 1.03e+00 Accepted	 219	 765	
285	 5.6584180e-01	 +9.7418774e-03 -3.6129527e-03	 1.24e+00 Accepted	 221	 759	
286	 5.6585996e-01	 +1.1899087e-02 -4.5243507e-03	 1.14e+00 Accepted	 222	 768	
287	 5.6613237e-01	 +8.9941793e-03 -3.5448437e-03	 1.07e+00 Accepted	 222	 767	
288	 5.6587507e-01	 +8.4953690e-03 -3.5235257e-03	 7.24e-01 Accepted	 221	 770	
289	 5.6575266e-01	 +9.9857767e-03 -2.3045826e-03	 8.51e-01 Accepted	 226	 797	
290	 5.6603331e-01	 +8.8564535e-03 -2.3578420e-03	 9.25e-01 Accepted	 238	 830	
291	 5.6599708e-01	 +1.2164775e-02 +9.1160774e-05	 9.81e-01 Accepted	 235	 785	
292	 5.6594065e-01	 +6.5617266e-03 -3.1271536e-03	 8.96e-01 Accepted	 230	 811	
293	 5.6575181e-01	 +4.3387354e-03 -4.0066383e-03	 9.30e-01 Accepted	 228	 783	
294	 5.6601253e-01	 +1.0616771e-02 +2.5156435e-03	 1.18e+00 Accepted	 226	 782	
295	 5.6621856e-01	 +9.6137824e-03 +2.8026574e-03	 1.16e+00 Accepted	 224	 782	
296	 5.6620027e-01	 +6.7954359e-03 -1.7068185e-03	 1.03e+00 Accepted	 225	 762	
297	 5.6648005e-01	 +5.7024994e-03 -5.9288865e-04	 1.01e+00 Accepted	 223	 769	
298	 5.6586412e-01	 +7.6869723e-03 -1.3731351e-03	 1.02e+00 Accepted	 224	 762	
299	 5.6539785e-01	 +8.3265465e-03 -2.0764651e-03	 6.19e-01 Accepted	 225	 759	
300	 5.6557995e-01	 +9.8252886e-03 -1.4415908e-03	 8.57e-01 Accepted	 223	 765	
301	 5.6552735e-01	 +9.2079027e-03 -6.0305754e-04	 1.02e+00 Accepted	 220	 760	
302	 5.6569216e-01	 +6.6418580e-03 -1.5183688e-03	 9.92e-01 Accepted	 221	 763	
303	 5.6584682e-01	 +9.2081034e-03 +6.0711477e-04	 1.04e+00 Accepted	 219	 765	
304	 5.6599206e-01	 +9.8567319e-03 +2.3390217e-05	 1.17e+00 Accepted	 226	 759	
305	 5.6618086e-01	 +6.1935989e-03 +4.1101654e-03	 1.12e+00 Accepted	 223	 777	
306	 5.6618086e-01	 +6.1935989e-03 +4.1101654e-03	 6.31e-01 Rejected	 223	 768	
307	 5.6618086e-01	 +6.1935989e-03 +4.1101654e-03	 6.53e-01 Rejected	 223	 765	
308	 5.6608023e-01	 +7.6762588e-03 +6.8661592e-04	 8.08e-01 Accepted	 225	 783	
309	 5.6575676e-01	 +8.0159140e-03 -5.9335268e-04	 6.63e-01 Accepted	 226	 787	
310	 5.6585429e-01	 +9.5496207e-03 +1.4078570e-03	 9.87e-01 Accepted	 226	 776	
311	 5.6571373e-01	 +1.0244550e-02 -6.0077521e-04	 1.05e+00 Accepted	 236	 821	
312	 5.6535202e-01	 +7.8738357e-03 +5.0398321e-04	 9.39e-01 Accepted	 232	 770	
313	 5.6520439e-01	 +9.4307466e-03 +4.5767762e-03	 7.17e-01 Accepted	 224	 789	
314	 5.6556846e-01	 +1.0151241e-02 +3.1654723e-03	 9.92e-01 Accepted	 226	 760	
315	 5.6595498e-01	 +1.2716853e-02 -3.2307333e-04	 1.06e+00 Accepted	 220	 758	
316	 5.6601323e-01	 +7.6322239e-03 -8.4672136e-04	 1.31e+00 Accepted	 221	 772	
317	 5.6601260e-01	 +9.8689984e-03 +4.4065080e-04	 4.98e-01 Accepted	 228	 792	
318	 5.6583139e-01	 +1.2188329e-02 -2.0300347e-03	 8.92e-01 Accepted	 230	 801	
319	 5.6574884e-01	 +1.2082070e-02 -2.1004012e-03	 1.11e+00 Accepted	 233	 773	
320	 5.6574884e-01	 +1.2082070e-02 -2.1004012e-03	 7.35e-01 Rejected	 228	 781	
321	 5.6576008e-01	 +1.3485624e-02 -3.4113796e-03	 1.13e+00 Accepted	 228	 793	
322	 5.6558978e-01	 +1.4792972e-02 -1.0628793e-03	 9.01e-01 Accepted	 227	 769	
323	 5.6573477e-01	 +1.1326766e-02 -3.6497460e-03	 1.36e+00 Accepted	 224	 780	
324	 5.6595411e-01	 +1.3739351e-02 -1.6807137e-03	 1.12e+00 Accepted	 226	 784	
325	 5.6581271e-01	 +1.0922376e-02 -2.1870204e-03	 1.28e+00 Accepted	 228	 807	
326	 5.6626375e-01	 +1.2773030e-02 -1.7596536e-03	 1.10e+00 Accepted	 230	 785	
327	 5.6605752e-01	 +1.2404585e-02 -2.2217702e-03	 1.26e+00 Accepted	 224	 778	
328	 5.6605752e-01	 +1.2404585e-02 -2.2217702e-03	 6.68e-01 Rejected	 222	 770	
329	 5.6622228e-01	 +9.0897036e-03 -2.6603162e-03	 1.15e+00 Accepted	 227	 838	
330	 5.6622228e-01	 +9.0897036e-03 -2.6603162e-03	 8.60e-01 Rejected	 237	 814	
331	 5.6592089e-01	 +1.1201055e-02 -1.3812334e-03	 6.77e-01 Accepted	 252	 904	
332	 5.6639984e-01	 +9.2412347e-03 -2.9626048e-03	 1.12e+00 Accepted	 258	 941	
333	 5.6644392e-01	 +7.3929078e-03 -3.1102303e-03	 9.66e-01 Accepted	 260	 887	
334	 5.6619180e-01	 +9.7188509e-03 -3.2851933e-03	 6.21e-01 Accepted	 247	 813	
335	 5.6618953e-01	 +9.3476635e-03 -3.1122965e-03	 8.46e-01 Accepted	 236	 765	
336	 5.6586302e-01	 +6.8930768e-03 -3.5425463e-03	 9.40e-01 Accepted	 224	 764	
337	 5.6602950e-01	 +8.5212102e-03 -3.4772197e-03	 8.23e-01 Accepted	 224	 759	
338	 5.6608823e-01	 +9.4301656e-03 -4.0903293e-03	 8.01e-01 Accepted	 226	 795	
339	 5.6558762e-01	 +4.8898817e-03 -2.3681977e-03	 1.03e+00 Accepted	 231	 845	
340	 5.6534129e-01	 +5.9688106e-03 -3.6573287e-03	 1.11e+00 Accepted	 245	 821	
341	 5.6519773e-01	 +7.7739039e-03 -3.6147549e-03	 9.16e-01 Accepted	 231	 772	
342	 5.6549920e-01	 +4.0139724e-03 -2.0404735e-03	 1.51e+00 Accepted	 223	 773	
343	 5.6551824e-01	 +4.8000704e-03 -4.4214146e-04	 9.18e-01 Accepted	 222	 774	
344	 5.6548030e-01	 +4.2201740e-03 -3.2302540e-03	 9.71e-01 Accepted	 228	 779	
345	 5.6529642e-01	 +9.2762103e-03 -4.5309119e-03	 9.72e-01 Accepted	 225	 760	
346	 5.6538250e-01	 +8.3211428e-03 -2.7556331e-03	 9.72e-01 Accepted	 221	 754	
347	 5.6572954e-01	 +6.7727320e-03 -4.6989128e-03	 9.71e-01 Accepted	 221	 793	
348	 5.6552707e-01	 +3.8651273e-03 -2.7458392e-03	 9.40e-01 Accepted	 228	 765	
349	 5.6574593e-01	 +6.3237402e-03 -5.9539387e-03	 1.08e+00 Accepted	 223	 765	
350	 5.6580186e-01	 +4.9134516e-03 -1.7523878e-03	 1.09e+00 Accepted	 222	 759	
351	 5.6619380e-01	 +2.6602510e-03 -3.7115036e-03	 1.06e+00 Accepted	 220	 772	
352	 5.6615183e-01	 +6.6283246e-03 -4.8374355e-03	 1.88e+00 Accepted	 222	 756	
353	 5.6573083e-01	 +1.1153578e-02 -2.8956342e-03	 1.01e+00 Accepted	 220	 762	
354	 5.6577643e-01	 +5.9918495e-03 -4.2765488e-04	 1.01e+00 Accepted	 223	 759	
355	 5.6586085e-01	 +5.6427016e-03 -2.6719882e-03	 1.05e+00 Accepted	 227	 805	
356	 5.6495138e-01	 +6.6030141e-03 -1.1907486e-03	 9.22e-01 Accepted	 228	 779	
357	 5.6534193e-01	 +7.4272371e-03 -3.8239834e-03	 8.07e-01 Accepted	 226	 792	
358	 5.6570840e-01	 +1.0835345e-02 -1.3913614e-03	 1.33e+00 Accepted	 235	 814	
359	 5.6552285e-01	 +7.5349977e-03 -3.3800773e-03	 1.36e+00 Accepted	 235	 780	
360	 5.6578293e-01	 +6.9695781e-03 -2.2665030e-03	 7.68e-01 Accepted	 232	 798	
361	 5.6566725e-01	 +9.0783112e-03 -2.5412913e-03	 8.05e-01 Accepted	 234	 782	
362	 5.6560518e-01	 +9.7290590e-03 +3.3006929e-03	 1.39e+00 Accepted	 231	 799	
363	 5.6516401e-01	 +1.0134079e-02 -1.4627707e-04	 9.27e-01 Accepted	 231	 776	
364	 5.6543723e-01	 +1.0043871e-02 -2.4732301e-03	 9.56e-01 Accepted	 229	 792	
365	 5.6552896e-01	 +1.0107193e-02 -3.7339093e-03	 1.07e+00 Accepted	 228	 774	
366	 5.6574244e-01	 +1.0101452e-02 -3.9557307e-04	 1.10e+00 Accepted	 224	 758	
367	 5.6624171e-01	 +9.9107026e-03 -1.0538732e-03	 1.49e+00 Accepted	 220	 756	
368	 5.6624171e-01	 +9.9107026e-03 -1.0538732e-03	 9.27e-01 Rejected	 218	 757	
369	 5.6614989e-01	 +6.8233516e-03 -3.1370462e-03	 1.10e+00 Accepted	 221	 773	
370	 5.6670034e-01	 +7.7277443e-03 -2.1744034e-03	 1.67e+00 Accepted	 224	 757	
371	 5.6641270e-01	 +1.1377905e-02 -4.2616802e-03	 9.01e-01 Accepted	 218	 757	
372	 5.6664046e-01	 +8.6951494e-03 -1.8922180e-03	 9.21e-01 Accepted	 219	 752	
373	 5.6625393e-01	 +1.1995124e-02 -1.0884242e-03	 8.25e-01 Accepted	 219	 759	
374	 5.6560755e-01	 +8.8276150e-03 -2.7720712e-03	 5.50e-01 Accepted	 219	 757	
375	 5.6560755e-01	 +8.8276150e-03 -2.7720712e-03	 7.76e-01 Rejected	 221	 759	
376	 5.6564850e-01	 +9.1208136e-03 -2.5032123e-03	 7.84e-01 Accepted	 220	 757	
377	 5.6607532e-01	 +9.1105709e-03 -3.0956876e-03	 1.26e+00 Accepted	 220	 760	
378	 5.6626848e-01	 +6.5742717e-03 -1.1406642e-03	 9.01e-01 Accepted	 221	 756	
379	 5.6629805e-01	 +1.0847053e-02 -2.0043604e-03	 9.32e-01 Accepted	 219	 760	
380	 5.6635548e-01	 +8.1342017e-03 -2.0289234e-03	 1.09e+00 Accepted	 221	 755	
381	 5.6615310e-01	 +7.8063746e-03 +6.7856813e-04	 8.19e-01 Accepted	 219	 754	
382	 5.6576937e-01	 +1.1499706e-02 -1.5342613e-03	 8.60e-01 Accepted	 221	 803	
383	 5.6551310e-01	 +7.4610219e-03 -1.1566491e-03	 8.05e-01 Accepted	 235	 839	
384	 5.6589276e-01	 +8.3331704e-03 -3.3343113e-03	 1.30e+00 Accepted	 235	 766	
385	 5.6635366e-01	 +9.9046292e-03 -2.3415299e-03	 1.20e+00 Accepted	 223	 774	
386	 5.6619156e-01	 +8.9000051e-03 +6.4511098e-04	 1.11e+00 Accepted	 222	 758	
387	 5.6605149e-01	 +9.5016808e-03 +3.8746478e-04	 8.61e-01 Accepted	 232	 844	
388	 5.6597927e-01	 +9.8987957e-03 -5.1194342e-03	 9.84e-01 Accepted	 236	 797	
389	 5.6576922e-01	 +1.0724065e-02 -4.5916801e-03	 5.07e-01 Accepted	 226	 760	
390	 5.6574322e-01	 +9.9469167e-03 +7.0513112e-04	 1.19e+00 Accepted	 222	 759	
391	 5.6544919e-01	 +9.8145335e-03 +3.3632161e-03	 9.77e-01 Accepted	 219	 753	
392	 5.6562323e-01	 +8.8593893e-03 +1.4732358e-03	 1.49e+00 Accepted	 221	 805	
393	 5.6549549e-01	 +5.2949260e-03 -3.0041567e-03	 1.01e+00 Accepted	 231	 768	
394	 5.6562333e-01	 +1.2532317e-02 -3.3992210e-03	 1.03e+00 Accepted	 227	 779	
395	 5.6549542e-01	 +8.9922831e-03 -1.5908712e-03	 7.57e-01 Accepted	 229	 787	
396	 5.6554894e-01	 +8.4477767e-03 +3.5265971e-03	 1.27e+00 Accepted	 227	 789	
397	 5.6581095e-01	 +6.2858610e-03 +1.6715663e-04	 1.43e+00 Accepted	 227	 792	
398	 5.6571938e-01	 +9.4299848e-03 -3.3006587e-03	 6.51e-01 Accepted	 227	 810	
399	 5.6602125e-01	 +8.2537621e-03 +6.9979882e-05	 8.87e-01 Accepted	 228	 766	
400	 5.6620171e-01	 +1.0517973e-02 +3.9158640e-04	 1.17e+00 Accepted	 225	 765	
401	 5.6603448e-01	 +7.7042354e-03 +1.1305594e-03	 9.55e-01 Accepted	 222	 762	
402	 5.6621944e-01	 +6.2042233e-03 +2.0505195e-04	 1.04e+00 Accepted	 223	 760	
403	 5.6649983e-01	 +7.6824302e-03 +1.7009568e-03	 9.54e-01 Accepted	 221	 760	
404	 5.6633767e-01	 +7.3605969e-03 -2.8557358e-04	 6.94e-01 Accepted	 219	 766	
405	 5.6637546e-01	 +7.0670606e-03 -7.6704456e-04	 9.95e-01 Accepted	 222	 767	
406	 5.6606329e-01	 +8.1304421e-03 -3.1194483e-03	 9.97e-01 Accepted	 222	 760	
407	 5.6608312e-01	 +6.4059879e-03 -1.4997144e-03	 9.76e-01 Accepted	 221	 759	
408	 5.6607370e-01	 +6.5296909e-03 -1.2786775e-03	 9.60e-01 Accepted	 221	 769	
409	 5.6609077e-01	 +5.9378011e-03 -4.8050740e-03	 9.41e-01 Accepted	 223	 789	
410	 5.6611045e-01	 +4.7708988e-03 -3.4545198e-03	 1.32e+00 Accepted	 225	 759	
411	 5.6602509e-01	 +6.9079201e-03 -2.8106835e-03	 1.03e+00 Accepted	 222	 764	
412	 5.6615632e-01	 +4.7297197e-03 +5.7877939e-04	 9.44e-01 Accepted	 222	 758	
413	 5.6616942e-01	 +5.1970745e-03 -3.1302692e-04	 9.02e-01 Accepted	 221	 760	
414	 5.6595013e-01	 +6.0534525e-03 +6.8578638e-04	 8.87e-01 Accepted	 221	 766	
415	 5.6595013e-01	 +6.0534525e-03 +6.8578638e-04	 6.25e-01 Rejected	 222	 758	
416	 5.6566974e-01	 +2.9126195e-03 +2.3584492e-03	 9.51e-01 Accepted	 225	 803	
417	 5.6598805e-01	 +5.4972394e-03 +7.1371048e-04	 9.21e-01 Accepted	 233	 815	
418	 5.6587034e-01	 +4.1139724e-03 +4.7334369e-05	 9.82e-01 Accepted	 229	 763	
419	 5.6613074e-01	 +4.9374358e-03 +3.1188015e-04	 1.22e+00 Accepted	 229	 806	
420	 5.6622609e-01	 +7.0230339e-03 +3.2831880e-04	 1.18e+00 Accepted	 231	 797	
421	 5.6625801e-01	 +4.5114192e-03 +1.1664379e-03	 8.86e-01 Accepted	 232	 838	
422	 5.6622429e-01	 +6.1732862e-03 +1.0859653e-03	 1.02e+00 Accepted	 234	 760	
# Starting_type: CheckpointStart
# Trajectory_length / Number_of_MD_steps: 1 / 8
# 	 Plaquette	 Polyakov_Loop(re,im)	 Acc._Probability	 runtime_per_traj(s)	 CG_iterations	
423	 5.6623276e-01	 +1.5995465e-03 -3.3025554e-04	 8.90e-01 Accepted	 171	 768	
424	 5.6613971e-01	 +1.6950956e-03 -1.3903295e-03	 1.14e+00 Accepted	 163	 761	
425	 5.6599585e-01	 +6.7135116e-03 +1.0086439e-04	 1.11e+00 Accepted	 157	 762	
426	 5.6599585e-01	 +6.7135116e-03 +1.0086439e-04	 8.38e-01 Rejected	 157	 767	
427	 5.6607517e-01	 +4.9653221e-03 +1.8007441e-03	 9.63e-01 Accepted	 156	 771	
428	 5.6597752e-01	 +4.0999145e-03 -3.0734144e-03	 8.89e-01 Accepted	 161	 800	
429	 5.6610886e-01	 +2.6274288e-03 -5.1530814e-04	 1.04e+00 Accepted	 162	 767	
430	 5.6610886e-01	 +2.6274288e-03 -5.1530814e-04	 7.36e-01 Rejected	 159	 757	
431	 5.6587923e-01	 +3.8685586e-03 -4.5535100e-05	 6.53e-01 Accepted	 161	 771	
432	 5.6569267e-01	 +2.0256185e-03 +4.6327239e-04	 1.07e+00 Accepted	 161	 791	
433	 5.6604469e-01	 +1.7257120e-03 +4.3731958e-04	 1.25e+00 Accepted	 163	 779	
434	 5.6616485e-01	 +1.8822007e-03 -1.3776303e-03	 1.26e+00 Accepted	 164	 803	
435	 5.6631609e-01	 +3.4239270e-03 -1.4549606e-03	 8.70e-01 Accepted	 163	 775	
436	 5.6586260e-01	 +6.0805978e-03 -9.7086033e-05	 6.90e-01 Accepted	 160	 761	
437	 5.6613303e-01	 +5.2082516e-03 -1.0275740e-03	 1.09e+00 Accepted	 158	 773	
438	 5.6636717e-01	 +7.3627273e-03 -3.0337405e-03	 1.21e+00 Accepted	 161	 778	
439	 5.6640295e-01	 +3.8640963e-03 -2.3805142e-03	 1.39e+00 Accepted	 160	 781	
440	 5.6646062e-01	 +6.5769325e-03 -2.2508320e-03	 1.36e+00 Accepted	 163	 796	
441	 5.6623272e-01	 +4.8857857e-03 -2.4837022e-03	 7.51e-01 Accepted	 162	 761	
442	 5.6596193e-01	 +2.5447407e-03 -1.6237985e-03	 1.03e+00 Accepted	 158	 758	
443	 5.6596193e-01	 +2.5447407e-03 -1.6237985e-03	 5.76e-01 Rejected	 158	 797	
444	 5.6596193e-01	 +2.5447407e-03 -1.6237985e-03	 6.58e-01 Rejected	 158	 780	
445	 5.6580234e-01	 +6.9473737e-03 -1.4137588e-03	 1.25e+00 Accepted	 160	 759	
446	 5.6572968e-01	 +7.1520688e-03 -9.2707818e-04	 1.03e+00 Accepted	 158	 756	
447	 5.6632099e-01	 +5.1128059e-03 +6.1468166e-04	 9.82e-01 Accepted	 158	 760	
448	 5.6627470e-01	 +4.6741247e-03 -3.0406290e-03	 8.45e-01 Accepted	 157	 760	
449	 5.6611836e-01	 +3.9590504e-03 -8.5364750e-04	 1.36e+00 Accepted	 158	 768	
450	 5.6620350e-01	 +7.7308629e-03 -1.9702903e-03	 9.30e-01 Accepted	 159	 759	
451	 5.6604739e-01	 +6.4222443e-03 -5.6854875e-04	 9.20e-01 Accepted	 156	 763	
452	 5.6572335e-01	 +2.2732847e-03 -2.6571195e-03	 7.03e-01 Accepted	 158	 767	
453	 5.6592274e-01	 +1.5942982e-03 -9.7723445e-04	 1.12e+00 Accepted	 157	 760	
454	 5.6607041e-01	 +7.5706800e-03 +1.3638062e-03	 1.11e+00 Accepted	 157	 768	
455	 5.6572758e-01	 +4.7268665e-03 -1.7032014e-04	 7.58e-01 Accepted	 159	 761	
456	 5.6588228e-01	 +4.4432954e-03 +6.5122415e-04	 8.77e-01 Accepted	 157	 761	
457	 5.6599117e-01	 +5.7827403e-03 +4.8534104e-04	 1.54e+00 Accepted	 157	 763	
458	 5.6570278e-01	 +6.1140208e-03 -3.1008472e-03	 7.63e-01 Accepted	 159	 781	
459	 5.6570861e-01	 +4.7700072e-03 -8.0981878e-04	 1.11e+00 Accepted	 162	 789	
460	 5.6588350e-01	 +5.4235576e-03 -3.3376969e-05	 1.44e+00 Accepted	 162	 787	
461	 5.6573711e-01	 +6.0374836e-03 +2.0152263e-03	 9.98e-01 Accepted	 163	 764	
462	 5.6605289e-01	 +4.1553043e-03 -2.6061186e-03	 1.07e+00 Accepted	 159	 794	
463	 5.6579459e-01	 +7.4762263e-03 -5.1747175e-04	 8.53e-01 Accepted	 161	 757	
464	 5.6568476e-01	 +5.1347777e-03 +2.4005166e-03	 9.66e-01 Accepted	 156	 762	
465	 5.6603156e-01	 +1.7129767e-03 +2.9763337e-03	 7.98e-01 Accepted	 159	 781	
466	 5.6660257e-01	 +3.7873341e-03 -2.3171322e-03	 1.65e+00 Accepted	 160	 775	
467	 5.6656818e-01	 +5.0934929e-03 -1.0045416e-03	 7.73e-01 Accepted	 163	 771	
# Starting_type: CheckpointStart
# Trajectory_length / Number_of_MD_steps: 1 / 8
# 	 Plaquette	 Polyakov_Loop(re,im)	 Acc._Probability	 runtime_per_traj(s)	 CG_iterations	
467	 5.6656818e-01	 +5.0934929e-03 -1.0045416e-03	 7.73e-01 Accepted	 176	 771	
468	 5.6620135e-01	 +2.6453541e-03 -2.1885193e-03	 8.15e-01 Accepted	 168	 761	
469	 5.6620135e-01	 +2.6453541e-03 -2.1885193e-03	 8.20e-01 Rejected	 162	 767	
470	 5.6620135e-01	 +2.6453541e-03 -2.1885193e-03	 6.79e-01 Rejected	 157	 775	
471	 5.6620135e-01	 +2.6453541e-03 -2.1885193e-03	 5.15e-01 Rejected	 154	 766	
472	 5.6600151e-01	 +3.0211114e-03 -1.6013446e-03	 1.03e+00 Accepted	 156	 792	
473	 5.6600151e-01	 +3.0211114e-03 -1.6013446e-03	 7.02e-01 Rejected	 159	 776	
474	 5.6547516e-01	 +3.5224642e-03 +3.2045044e-04	 7.63e-01 Accepted	 158	 764	
475	 5.6532898e-01	 +1.3040074e-03 +3.0677613e-03	 7.21e-01 Accepted	 162	 849	
476	 5.6524262e-01	 +3.1427625e-03 +2.5252207e-03	 8.28e-01 Accepted	 170	 795	
477	 5.6554030e-01	 +4.3914973e-03 +8.8377763e-04	 1.37e+00 Accepted	 160	 786	
478	 5.6568620e-01	 +3.7993931e-03 -1.2417968e-04	 1.08e+00 Accepted	 158	 769	
479	 5.6626111e-01	 +1.0484242e-03 -1.0764776e-03	 1.13e+00 Accepted	 156	 776	
480	 5.6581192e-01	 +1.8015097e-03 -2.6451001e-03	 9.44e-01 Accepted	 158	 786	
481	 5.6593468e-01	 +2.9900105e-03 +1.7128634e-03	 1.05e+00 Accepted	 160	 786	
482	 5.6589192e-01	 +3.7417963e-03 +2.4307060e-03	 7.62e-01 Accepted	 158	 776	
483	 5.6607842e-01	 +3.0153785e-03 -2.6465614e-04	 8.57e-01 Accepted	 160	 796	
484	 5.6626109e-01	 +1.3171635e-03 -2.4900016e-03	 1.33e+00 Accepted	 161	 788	
485	 5.6555830e-01	 +3.6751948e-03 +1.9169653e-04	 6.18e-01 Accepted	 158	 774	
486	 5.6544971e-01	 +3.5492813e-03 +1.1496872e-03	 1.12e+00 Accepted	 157	 778	
487	 5.6562979e-01	 +3.7704444e-03 -1.4522076e-03	 1.03e+00 Accepted	 158	 769	
488	 5.6544487e-01	 +4.0090065e-03 -6.9111444e-04	 8.74e-01 Accepted	 156	 769	
489	 5.6534231e-01	 +2.5374674e-03 +3.8105660e-03	 1.06e+00 Accepted	 158	 791	
490	 5.6560068e-01	 +1.9154435e-03 +1.1320963e-03	 9.60e-01 Accepted	 159	 803	
491	 5.6535989e-01	 +3.2173810e-03 -1.5990307e-03	 8.84e-01 Accepted	 161	 785	
# Starting_type: CheckpointStart
# Trajectory_length / Number_of_MD_steps: 1 / 8
# 	 Plaquette	 Polyakov_Loop(re,im)	 Acc._Probability	 runtime_per_traj(s)	 CG_iterations	
489	 5.6534231e-01	 +2.5374674e-03 +3.8105660e-03	 1.06e+00 Accepted	 230	 791	
490	 5.6560068e-01	 +1.9154435e-03 +1.1320963e-03	 9.60e-01 Accepted	 229	 803	
491	 5.6535989e-01	 +3.2173810e-03 -1.5990307e-03	 8.84e-01 Accepted	 232	 785	
492	 5.6540875e-01	 +2.3169897e-03 -4.3201325e-04	 1.04e+00 Accepted	 227	 765	
493	 5.6602251e-01	 +4.5991090e-03 -8.1992791e-04	 1.52e+00 Accepted	 224	 768	
494	 5.6588905e-01	 +3.8350479e-03 -1.2904742e-03	 9.38e-01 Accepted	 227	 807	
495	 5.6605750e-01	 +3.0530060e-03 -1.8398809e-03	 1.19e+00 Accepted	 240	 891	
496	 5.6598718e-01	 +1.1059254e-03 -3.8043374e-03	 1.15e+00 Accepted	 252	 858	
497	 5.6602290e-01	 +2.2522095e-04 -2.9308261e-03	 7.85e-01 Accepted	 241	 827	
498	 5.6612841e-01	 +4.3174190e-03 -4.2991361e-03	 1.25e+00 Accepted	 231	 792	
499	 5.6580458e-01	 +3.5481136e-03 -2.4633656e-03	 7.94e-01 Accepted	 233	 813	
500	 5.6585296e-01	 +4.7837883e-03 -6.4925859e-05	 8.93e-01 Accepted	 230	 765	
501	 5.6571963e-01	 +1.1687906e-02 -4.8991278e-04	 1.10e+00 Accepted	 224	 778	
502	 5.6538662e-01	 +7.1067298e-03 -1.7024321e-03	 7.27e-01 Accepted	 226	 792	
503	 5.6559050e-01	 +8.9593144e-03 -8.5399362e-04	 8.72e-01 Accepted	 230	 812	
504	 5.6586490e-01	 +6.9139437e-03 -1.5378930e-03	 1.54e+00 Accepted	 235	 815	
505	 5.6586490e-01	 +6.9139437e-03 -1.5378930e-03	 7.29e-01 Rejected	 236	 772	
506	 5.6554374e-01	 +7.5011021e-03 -2.9585885e-04	 1.13e+00 Accepted	 235	 808	
507	 5.6546456e-01	 +4.1662187e-03 +1.3227933e-03	 1.32e+00 Accepted	 234	 841	
508	 5.6552874e-01	 +1.6967086e-03 -1.4544417e-03	 1.47e+00 Accepted	 247	 879	
509	 5.6548951e-01	 +3.0203733e-03 -2.3015431e-04	 6.75e-01 Accepted	 240	 773	
510	 5.6571946e-01	 +3.2736459e-03 +1.1516385e-03	 6.89e-01 Accepted	 225	 802	
511	 5.6571946e-01	 +3.2736459e-03 +1.1516385e-03	 6.44e-01 Rejected	 231	 761	
512	 5.6579713e-01	 +6.0645769e-03 -3.0146421e-04	 1.22e+00 Accepted	 236	 834	
513	 5.6587456e-01	 +7.7897973e-03 -2.7653552e-04	 9.37e-01 Accepted	 239	 833	
514	 5.6613009e-01	 +3.6225351e-03 +1.6715714e-03	 1.06e+00 Accepted	 243	 846	
515	 5.6581008e-01	 +6.6139134e-03 -5.2435868e-04	 7.12e-01 Accepted	 241	 838	
516	 5.6599949e-01	 +7.1292471e-03 +1.9877436e-03	 1.26e+00 Accepted	 236	 769	
517	 5.6548952e-01	 +7.1100259e-03 +7.6213986e-04	 8.22e-01 Accepted	 231	 804	
518	 5.6546053e-01	 +6.2830104e-03 -1.5115078e-04	 9.59e-01 Accepted	 228	 762	
519	 5.6500029e-01	 +6.6083272e-03 -1.6729476e-04	 8.52e-01 Accepted	 229	 842	
520	 5.6494527e-01	 +4.6010306e-03 -7.2561656e-04	 8.18e-01 Accepted	 241	 813	
521	 5.6523887e-01	 +7.2969984e-03 -9.5780265e-04	 1.20e+00 Accepted	 232	 769	
522	 5.6541394e-01	 +6.9907980e-03 -5.0848315e-04	 1.14e+00 Accepted	 227	 768	
523	 5.6568644e-01	 +7.0259106e-03 +1.0573999e-03	 1.10e+00 Accepted	 223	 773	
524	 5.6567210e-01	 +8.5395722e-03 -1.8721157e-03	 1.00e+00 Accepted	 228	 841	
525	 5.6568117e-01	 +6.5351098e-03 -1.5006333e-03	 1.12e+00 Accepted	 236	 796	
526	 5.6551056e-01	 +7.5946721e-03 -9.9105484e-04	 5.92e-01 Accepted	 233	 776	
527	 5.6594611e-01	 +7.9137517e-03 -2.2178100e-03	 1.12e+00 Accepted	 225	 777	
528	 5.6581115e-01	 +4.3430763e-03 -5.6106163e-03	 9.35e-01 Accepted	 227	 787	
529	 5.6569168e-01	 +4.6043848e-03 -2.7418717e-03	 1.06e+00 Accepted	 233	 831	
530	 5.6550609e-01	 +5.4509840e-03 -3.8761054e-03	 9.98e-01 Accepted	 232	 789	
531	 5.6541022e-01	 +4.3078926e-03 -4.0775711e-03	 9.51e-01 Accepted	 232	 799	
532	 5.6534398e-01	 +5.4489627e-03 -3.4820335e-03	 1.55e+00 Accepted	 233	 830	
533	 5.6558845e-01	 +9.1730262e-03 -3.6172155e-03	 1.33e+00 Accepted	 242	 845	
534	 5.6550832e-01	 +6.9904966e-03 -6.0016949e-03	 8.35e-01 Accepted	 239	 843	
535	 5.6512025e-01	 +5.4890646e-03 -3.1397951e-03	 1.04e+00 Accepted	 242	 832	
536	 5.6535449e-01	 +4.8137998e-03 -1.8645951e-03	 8.27e-01 Accepted	 238	 842	
537	 5.6544342e-01	 +5.6328395e-03 -3.2112323e-03	 1.09e+00 Accepted	 246	 897	
538	 5.6541495e-01	 +7.4435693e-03 -3.5565297e-03	 7.41e-01 Accepted	 247	 833	
539	 5.6568752e-01	 +5.9941749e-03 -4.9862386e-03	 1.06e+00 Accepted	 244	 820	
540	 5.6563741e-01	 +5.8854401e-03 -1.4089605e-03	 9.09e-01 Accepted	 232	 781	
541	 5.6590911e-01	 +6.1182282e-03 -6.5714696e-04	 1.07e+00 Accepted	 226	 792	
542	 5.6616637e-01	 +6.2373928e-03 -4.9408398e-03	 9.91e-01 Accepted	 229	 797	
543	 5.6630465e-01	 +5.9769991e-03 -2.6176428e-03	 7.48e-01 Accepted	 233	 812	
544	 5.6587613e-01	 +8.3390206e-03 -2.0968696e-03	 7.14e-01 Accepted	 235	 837	
545	 5.6590913e-01	 +2.7868082e-03 -4.2024217e-03	 1.10e+00 Accepted	 237	 817	
546	 5.6596446e-01	 +8.2112847e-03 -1.3581093e-03	 7.89e-01 Accepted	 235	 807	
547	 5.6596178e-01	 +8.2923997e-03 -2.8183595e-03	 9.28e-01 Accepted	 233	 779	
548	 5.6581417e-01	 +4.6573613e-03 -2.8436567e-03	 1.13e+00 Accepted	 227	 793	
549	 5.6581417e-01	 +4.6573613e-03 -2.8436567e-03	 6.51e-01 Rejected	 231	 805	
550	 5.6599809e-01	 +7.5751439e-03 -1.9980126e-03	 1.62e+00 Accepted	 226	 786	
551	 5.6599809e-01	 +7.5751439e-03 -1.9980126e-03	 8.59e-01 Rejected	 226	 791	
552	 5.6618655e-01	 +9.2235204e-03 -5.7291150e-04	 7.42e-01 Accepted	 227	 798	
553	 5.6626400e-01	 +6.7981220e-03 +2.5493924e-04	 1.15e+00 Accepted	 230	 779	
554	 5.6670267e-01	 +1.7098403e-03 -1.2370033e-03	 9.70e-01 Accepted	 229	 780	
555	 5.6630174e-01	 +6.3760991e-03 -1.3327741e-03	 8.21e-01 Accepted	 235	 806	
556	 5.6636184e-01	 +7.2170655e-03 +9.8102589e-04	 6.48e-01 Accepted	 231	 774	
557	 5.6589030e-01	 +4.9845795e-03 -2.0825531e-03	 6.46e-01 Accepted	 227	 765	
558	 5.6569220e-01	 +5.4918581e-03 -3.8445637e-03	 1.12e+00 Accepted	 226	 793	
559	 5.6566118e-01	 +6.2240930e-03 -2.9385752e-03	 9.11e-01 Accepted	 232	 819	
560	 5.6556600e-01	 +7.5808494e-03 -5.0242422e-04	 1.14e+00 Accepted	 235	 759	
561	 5.6565331e-01	 +7.3606256e-03 -1.9854485e-05	 8.63e-01 Accepted	 228	 823	
562	 5.6578682e-01	 +6.9491129e-03 -2.0138707e-03	 1.04e+00 Accepted	 239	 800	
563	 5.6582782e-01	 +5.2608680e-03 -2.3890794e-03	 1.14e+00 Accepted	 236	 808	
564	 5.6602484e-01	 +7.0068084e-03 -9.5296893e-04	 6.89e-01 Accepted	 235	 819	
565	 5.6611081e-01	 +5.5630711e-03 -8.2203190e-04	 9.22e-01 Accepted	 236	 777	
566	 5.6628425e-01	 +7.4591848e-03 -6.6439440e-04	 1.22e+00 Accepted	 226	 765	
567	 5.6628425e-01	 +7.4591848e-03 -6.6439440e-04	 8.59e-01 Rejected	 224	 775	
568	 5.6632259e-01	 +2.9952233e-03 -2.5149847e-03	 1.04e+00 Accepted	 222	 760	
569	 5.6629020e-01	 +4.2411132e-03 -5.0025631e-04	 1.09e+00 Accepted	 221	 771	
570	 5.6594251e-01	 +5.5047511e-03 -1.3401791e-03	 8.59e-01 Accepted	 222	 762	
571	 5.6607012e-01	 +5.3675222e-03 -1.6876464e-03	 6.69e-01 Accepted	 225	 761	
572	 5.6639348e-01	 +7.1953883e-03 -1.1652217e-03	 9.80e-01 Accepted	 222	 783	
573	 5.6626076e-01	 +3.2071026e-03 -3.5488112e-03	 7.87e-01 Accepted	 227	 786	
574	 5.6601105e-01	 +3.7112605e-03 -1.9813422e-03	 1.02e+00 Accepted	 227	 776	
575	 5.6596371e-01	 +4.2228487e-03 -2.3321037e-03	 1.22e+00 Accepted	 223	 765	
576	 5.6602232e-01	 +4.6908083e-03 -2.4790667e-03	 1.03e+00 Accepted	 226	 786	
577	 5.6602232e-01	 +4.6908083e-03 -2.4790667e-03	 7.81e-01 Rejected	 227	 801	
578	 5.6576437e-01	 +6.7798398e-03 -1.4095814e-03	 8.53e-01 Accepted	 230	 787	
579	 5.6552601e-01	 +4.3830503e-03 +5.0383728e-04	 8.67e-01 Accepted	 230	 793	
580	 5.6596556e-01	 +5.3609094e-03 -2.1294576e-03	 1.12e+00 Accepted	 230	 800	
581	 5.6596556e-01	 +5.3609094e-03 -2.1294576e-03	 7.28e-01 Rejected	 229	 778	
582	 5.6595887e-01	 +3.3229723e-03 -3.4521890e-03	 1.09e+00 Accepted	 231	 792	
583	 5.6584899e-01	 +5.5215155e-03 -1.8242964e-03	 7.85e-01 Accepted	 230	 786	
584	 5.6603512e-01	 +2.3539044e-03 -2.6918688e-03	 6.35e-01 Accepted	 230	 822	
585	 5.6585079e-01	 +3.5078384e-03 -3.8205809e-03	 9.28e-01 Accepted	 232	 782	
586	 5.6576203e-01	 +3.9321948e-04 -3.6650710e-03	 8.92e-01 Accepted	 228	 780	
587	 5.6595111e-01	 +5.6505359e-04 -4.5208913e-03	 1.43e+00 Accepted	 228	 777	
588	 5.6565900e-01	 +4.1127390e-03 -3.4011990e-03	 1.38e+00 Accepted	 224	 761	
589	 5.6568759e-01	 +4.8978655e-03 -3.1082807e-03	 1.03e+00 Accepted	 221	 771	
590	 5.6547163e-01	 +6.0660671e-03 -1.9200597e-03	 8.41e-01 Accepted	 225	 783	
591	 5.6534280e-01	 +2.5441383e-03 +3.7405829e-04	 6.90e-01 Accepted	 228	 787	
592	 5.6571575e-01	 +3.3673441e-03 -4.2133285e-03	 1.10e+00 Accepted	 229	 791	
593	 5.6559766e-01	 +3.9073369e-03 -4.0877405e-03	 1.00e+00 Accepted	 230	 796	
594	 5.6599643e-01	 +4.6359843e-03 -1.0135032e-03	 1.23e+00 Accepted	 233	 812	
595	 5.6575784e-01	 +3.3054485e-03 -1.4870225e-03	 1.05e+00 Accepted	 232	 763	
596	 5.6577056e-01	 +6.8856347e-03 -2.2367605e-03	 1.11e+00 Accepted	 224	 781	
597	 5.6589763e-01	 +1.2534693e-03 -2.8299958e-03	 9.86e-01 Accepted	 227	 765	
598	 5.6569761e-01	 +1.8075906e-03 -1.4194590e-03	 8.06e-01 Accepted	 222	 773	
599	 5.6582080e-01	 +3.3544970e-03 -2.0535180e-03	 1.42e+00 Accepted	 227	 805	
600	 5.6593782e-01	 +4.9014674e-03 -5.5388680e-03	 1.17e+00 Accepted	 229	 794	
601	 5.6596782e-01	 +3.9534013e-03 -4.7840914e-03	 8.84e-01 Accepted	 228	 818	
602	 5.6560070e-01	 +5.7843561e-03 -2.0462562e-03	 8.37e-01 Accepted	 232	 807	
603	 5.6597207e-01	 +3.6392103e-03 -3.3760532e-03	 1.12e+00 Accepted	 230	 790	
604	 5.6615430e-01	 +3.3222928e-03 -4.1021711e-03	 9.78e-01 Accepted	 227	 780	
605	 5.6617979e-01	 -4.7093037e-04 -3.7698624e-05	 1.36e+00 Accepted	 226	 793	
606	 5.6643599e-01	 +3.3125433e-03 -7.0035195e-03	 9.43e-01 Accepted	 230	 790	
607	 5.6637355e-01	 +8.1703265e-04 -3.5580599e-03	 1.10e+00 Accepted	 230	 784	
608	 5.6578098e-01	 +2.9654997e-03 -2.9282187e-03	 1.10e+00 Accepted	 228	 790	
609	 5.6600175e-01	 +2.3593988e-03 -1.0556879e-03	 1.20e+00 Accepted	 230	 798	
610	 5.6621150e-01	 +3.7773508e-03 +8.7604327e-04	 9.29e-01 Accepted	 235	 803	
611	 5.6597611e-01	 +4.3602600e-03 -5.5796082e-03	 4.28e-01 Accepted	 236	 796	
612	 5.6612295e-01	 +2.4120330e-03 -4.5580051e-03	 1.11e+00 Accepted	 233	 792	
613	 5.6615410e-01	 +4.5691405e-03 -4.8283781e-03	 9.66e-01 Accepted	 232	 773	
614	 5.6615410e-01	 +4.5691405e-03 -4.8283781e-03	 9.36e-01 Rejected	 227	 809	
615	 5.6643309e-01	 +2.5841636e-03 -6.1708627e-03	 6.57e-01 Accepted	 225	 765	
616	 5.6611212e-01	 +4.8495897e-04 -5.5340834e-03	 6.45e-01 Accepted	 225	 778	
617	 5.6618675e-01	 +1.0714398e-03 -3.2398864e-03	 9.75e-01 Accepted	 223	 766	
618	 5.6582602e-01	 +1.9496358e-03 -2.8050898e-03	 7.82e-01 Accepted	 221	 772	
619	 5.6605697e-01	 +1.1680044e-03 -4.6278068e-03	 9.84e-01 Accepted	 223	 771	
620	 5.6669429e-01	 +5.2833399e-04 -4.5917154e-03	 1.02e+00 Accepted	 223	 758	
621	 5.6647596e-01	 +3.4230888e-03 -3.1105548e-03	 1.04e+00 Accepted	 221	 768	
622	 5.6631913e-01	 +3.1247543e-04 +1.3684549e-03	 9.73e-01 Accepted	 225	 793	
623	 5.6641525e-01	 +8.1955995e-04 -3.5078754e-03	 9.08e-01 Accepted	 226	 768	
624	 5.6593008e-01	 +3.2757072e-03 -4.4702276e-03	 9.39e-01 Accepted	 228	 809	
625	 5.6575637e-01	 +4.2180432e-03 -3.6646778e-03	 7.46e-01 Accepted	 236	 841	
626	 5.6597334e-01	 +4.0789748e-03 -1.5280952e-03	 7.47e-01 Accepted	 240	 786	
627	 5.6620893e-01	 +6.7245947e-03 -7.0281212e-05	 1.50e+00 Accepted	 231	 799	
628	 5.6603085e-01	 +3.6489220e-03 -2.5036801e-03	 9.78e-01 Accepted	 229	 767	
629	 5.6581328e-01	 +4.2575491e-03 -1.5003668e-03	 1.46e+00 Accepted	 222	 769	
630	 5.6595552e-01	 +1.5278527e-03 +4.5858038e-05	 7.71e-01 Accepted	 228	 779	
631	 5.6632932e-01	 +4.0628784e-03 -5.5914345e-03	 1.37e+00 Accepted	 223	 787	
632	 5.6672630e-01	 +5.2622278e-03 +2.8977666e-03	 1.16e+00 Accepted	 230	 784	
633	 5.6665550e-01	 +5.0383482e-03 -8.7582179e-04	 1.12e+00 Accepted	 232	 796	
634	 5.6683791e-01	 +2.4574484e-03 -3.5752672e-04	 1.36e+00 Accepted	 237	 832	
635	 5.6683791e-01	 +2.4574484e-03 -3.5752672e-04	 8.74e-01 Rejected	 238	 831	
636	 5.6657540e-01	 +2.5822696e-04 +5.0272071e-04	 8.43e-01 Accepted	 241	 830	
637	 5.6657540e-01	 +2.5822696e-04 +5.0272071e-04	 5.92e-01 Rejected	 241	 843	
638	 5.6606607e-01	 +3.1797832e-03 -2.5477813e-03	 8.09e-01 Accepted	 242	 845	
639	 5.6619888e-01	 +4.8614082e-03 -3.7638588e-04	 1.47e+00 Accepted	 239	 810	
640	 5.6581558e-01	 +4.7937205e-03 -2.4028962e-03	 8.22e-01 Accepted	 231	 804	
641	 5.6634710e-01	 +1.3356896e-03 -2.6729371e-03	 1.27e+00 Accepted	 232	 795	
642	 5.6616182e-01	 +3.8296454e-03 -1.1320159e-03	 9.67e-01 Accepted	 228	 792	
643	 5.6597276e-01	 +7.6012043e-03 -2.1787076e-03	 8.02e-01 Accepted	 233	 814	
644	 5.6556575e-01	 +5.8573032e-03 -1.9425154e-03	 7.23e-01 Accepted	 235	 818	
645	 5.6564111e-01	 +2.1963446e-03 -7.0420502e-04	 1.11e+00 Accepted	 242	 856	
646	 5.6570974e-01	 +7.4754909e-03 +2.7278808e-04	 7.64e-01 Accepted	 243	 797	
647	 5.6604261e-01	 +5.1978338e-03 -9.0613107e-04	 1.57e+00 Accepted	 236	 878	
648	 5.6607680e-01	 +4.6829058e-03 +1.2499310e-04	 6.00e-01 Accepted	 245	 780	
649	 5.6622975e-01	 +2.9747085e-03 -1.7530635e-03	 1.04e+00 Accepted	 227	 775	
650	 5.6592072e-01	 +3.3366135e-03 +7.3684326e-04	 9.36e-01 Accepted	 225	 768	
651	 5.6603908e-01	 +3.5661679e-03 -1.7907075e-03	 8.68e-01 Accepted	 224	 781	
652	 5.6574692e-01	 +2.4919206e-03 -2.5434239e-03	 9.44e-01 Accepted	 229	 795	
653	 5.6563665e-01	 +3.0803884e-03 -2.8332152e-03	 9.05e-01 Accepted	 230	 794	
654	 5.6565873e-01	 +5.0919520e-03 -4.3639393e-03	 1.12e+00 Accepted	 231	 794	
655	 5.6536268e-01	 +2.5519559e-03 -3.2184485e-03	 1.16e+00 Accepted	 231	 809	
656	 5.6572286e-01	 +3.7409944e-04 -1.7916021e-03	 9.76e-01 Accepted	 234	 795	
657	 5.6592472e-01	 +1.4058602e-03 -4.4465964e-03	 1.11e+00 Accepted	 235	 810	
658	 5.6591735e-01	 -1.0569797e-04 -5.1334599e-03	 1.04e+00 Accepted	 229	 783	
659	 5.6591690e-01	 +2.2346398e-03 -5.7477178e-03	 1.51e+00 Accepted	 226	 777	
660	 5.6556411e-01	 +3.1006314e-03 -6.2680485e-03	 7.98e-01 Accepted	 226	 769	
661	 5.6551564e-01	 +4.2023417e-03 -8.5943402e-03	 1.33e+00 Accepted	 225	 797	
662	 5.6551564e-01	 +4.2023417e-03 -8.5943402e-03	 7.89e-01 Rejected	 234	 809	
663	 5.6575093e-01	 +2.5157283e-03 -5.2010810e-03	 7.56e-01 Accepted	 232	 830	
664	 5.6563583e-01	 +3.9301560e-03 -3.4852361e-03	 8.98e-01 Accepted	 239	 827	
665	 5.6568500e-01	 +1.4985149e-03 -2.1919128e-03	 8.95e-01 Accepted	 234	 816	
666	 5.6609692e-01	 +2.2778589e-03 -2.5589736e-03	 1.17e+00 Accepted	 236	 813	
667	 5.6594016e-01	 +6.2951507e-03 -4.2798582e-03	 9.32e-01 Accepted	 235	 831	
668	 5.6591726e-01	 +4.0256417e-04 -5.4096959e-03	 1.24e+00 Accepted	 239	 806	
669	 5.6559136e-01	 +2.8684459e-03 -3.9000832e-03	 7.20e-01 Accepted	 235	 826	
670	 5.6539528e-01	 +4.2968814e-03 -4.4775247e-03	 1.14e+00 Accepted	 237	 819	
671	 5.6539528e-01	 +4.2968814e-03 -4.4775247e-03	 5.60e-01 Rejected	 232	 781	
672	 5.6559483e-01	 +3.0072142e-03 -4.3577582e-03	 1.05e+00 Accepted	 235	 770	
673	 5.6545653e-01	 +3.0576322e-03 -1.1181028e-03	 1.13e+00 Accepted	 226	 787	
674	 5.6598296e-01	 +3.2155858e-03 -5.8187182e-03	 9.52e-01 Accepted	 227	 806	
# Starting_type: CheckpointStart
# Trajectory_length / Number_of_MD_steps: 1 / 8
# 	 Plaquette	 Polyakov_Loop(re,im)	 Acc._Probability	 runtime_per_traj(s)	 CG_iterations	
675	 5.6599128e-01	 +3.1171662e-03 -6.5859330e-03	 8.92e-01 Accepted	 229	 779	
676	 5.6583854e-01	 +8.7003696e-04 -3.1718284e-03	 1.05e+00 Accepted	 230	 807	
677	 5.6571691e-01	 +2.4630061e-03 -4.3112290e-03	 8.99e-01 Accepted	 229	 777	
678	 5.6543440e-01	 +3.9611508e-03 -1.9038455e-03	 5.56e-01 Accepted	 226	 802	
679	 5.6559869e-01	 +2.1430381e-03 -2.5875140e-03	 8.02e-01 Accepted	 232	 764	
680	 5.6544255e-01	 +4.9053672e-04 -6.0829152e-03	 1.02e+00 Accepted	 223	 768	
681	 5.6571828e-01	 +2.8916265e-03 -5.8449474e-03	 1.61e+00 Accepted	 224	 770	
682	 5.6580781e-01	 +2.5640267e-03 -5.3713032e-03	 9.70e-01 Accepted	 227	 777	
683	 5.6605705e-01	 +1.7442727e-03 -2.7312821e-03	 1.05e+00 Accepted	 227	 776	
684	 5.6605705e-01	 +1.7442727e-03 -2.7312821e-03	 7.70e-01 Rejected	 226	 768	
685	 5.6612609e-01	 +4.4549143e-03 -2.3808554e-03	 1.07e+00 Accepted	 225	 801	
686	 5.6586231e-01	 +4.6016919e-03 -6.9330984e-03	 9.91e-01 Accepted	 234	 809	
687	 5.6580436e-01	 +1.4754658e-03 -5.4053979e-03	 7.46e-01 Accepted	 236	 822	
688	 5.6567570e-01	 +4.7945347e-03 -4.9826070e-03	 1.00e+00 Accepted	 229	 763	
689	 5.6546849e-01	 +3.9354702e-03 -7.6829239e-03	 8.17e-01 Accepted	 222	 787	
690	 5.6545676e-01	 +4.5050400e-03 -4.1710218e-03	 7.99e-01 Accepted	 227	 770	
691	 5.6586727e-01	 +1.9728117e-03 -3.5557917e-03	 1.68e+00 Accepted	 231	 823	
692	 5.6572411e-01	 -1.6821735e-03 -3.3595591e-03	 6.75e-01 Accepted	 234	 795	
693	 5.6595684e-01	 +2.4381863e-03 -2.9553441e-03	 1.09e+00 Accepted	 233	 799	
694	 5.6597742e-01	 +3.6212981e-03 -6.8813237e-03	 1.12e+00 Accepted	 237	 832	
695	 5.6553579e-01	 +6.5168782e-03 -3.8788231e-03	 8.95e-01 Accepted	 241	 852	
696	 5.6600055e-01	 +5.8244949e-03 -5.3663469e-03	 1.02e+00 Accepted	 238	 816	
697	 5.6633440e-01	 +6.8445671e-03 -9.6412418e-03	 1.34e+00 Accepted	 237	 795	
698	 5.6578244e-01	 +6.0962476e-03 -6.5445284e-03	 1.03e+00 Accepted	 231	 779	
699	 5.6578244e-01	 +6.0962476e-03 -6.5445284e-03	 8.61e-01 Rejected	 229	 803	
700	 5.6587824e-01	 +3.4909652e-03 -9.0038784e-03	 6.18e-01 Accepted	 229	 812	
701	 5.6602715e-01	 +4.5594017e-03 -4.6803944e-03	 1.05e+00 Accepted	 235	 802	
702	 5.6602715e-01	 +4.5594017e-03 -4.6803944e-03	 8.36e-01 Rejected	 230	 774	
703	 5.6627458e-01	 +4.7724320e-03 -8.0230907e-03	 1.17e+00 Accepted	 236	 808	
704	 5.6606314e-01	 +4.2205450e-03 -7.5773636e-03	 7.48e-01 Accepted	 235	 806	
705	 5.6597645e-01	 +1.5199606e-03 -8.7549853e-03	 9.94e-01 Accepted	 236	 826	
706	 5.6579533e-01	 +5.8685921e-04 -8.7914893e-03	 9.22e-01 Accepted	 238	 826	
707	 5.6594550e-01	 +4.5674680e-03 -7.6807332e-03	 1.01e+00 Accepted	 235	 792	
708	 5.6568802e-01	 +2.3837811e-03 -8.0794213e-03	 1.09e+00 Accepted	 227	 793	
709	 5.6569634e-01	 +4.3853453e-03 -6.1020588e-03	 6.77e-01 Accepted	 229	 774	
710	 5.6532440e-01	 +4.0166638e-03 -7.3987798e-03	 8.32e-01 Accepted	 227	 792	
711	 5.6559630e-01	 +4.4299104e-03 -7.4742270e-03	 1.44e+00 Accepted	 236	 812	
712	 5.6532035e-01	 +2.7700823e-03 -6.8236758e-03	 1.13e+00 Accepted	 233	 836	
713	 5.6561004e-01	 +3.1296623e-03 -8.1366044e-03	 1.05e+00 Accepted	 248	 852	
714	 5.6567952e-01	 +3.8719701e-03 -4.8731706e-03	 1.43e+00 Accepted	 242	 798	
715	 5.6562234e-01	 +4.3540927e-03 -6.2773400e-03	 1.39e+00 Accepted	 241	 807	
716	 5.6548806e-01	 +1.5081450e-03 -8.1661899e-03	 8.14e-01 Accepted	 246	 833	
717	 5.6564283e-01	 +6.0198940e-03 -9.4996352e-03	 1.24e+00 Accepted	 238	 809	
718	 5.6628087e-01	 +1.3474307e-03 -5.8896046e-03	 1.17e+00 Accepted	 232	 797	
719	 5.6615748e-01	 +3.2729628e-03 -8.9295238e-03	 1.20e+00 Accepted	 231	 780	
720	 5.6597787e-01	 +3.2109682e-03 -9.2513258e-03	 1.22e+00 Accepted	 230	 800	
721	 5.6595346e-01	 +2.9783469e-03 -8.1371560e-03	 2.00e+00 Accepted	 230	 795	
722	 5.6555300e-01	 +5.3632917e-03 -6.2308527e-03	 9.23e-01 Accepted	 234	 839	
723	 5.6570119e-01	 +4.2573005e-03 -6.6285413e-03	 1.23e+00 Accepted	 241	 792	
724	 5.6566605e-01	 +5.3163146e-03 -9.0467607e-03	 8.74e-01 Accepted	 232	 792	
725	 5.6605169e-01	 +2.6430346e-03 -5.5321891e-03	 1.17e+00 Accepted	 235	 839	
726	 5.6656317e-01	 +4.3276968e-03 -7.1036012e-03	 8.76e-01 Accepted	 238	 780	
727	 5.6667722e-01	 +5.6018467e-04 -7.8254271e-03	 1.04e+00 Accepted	 233	 825	
728	 5.6663697e-01	 +5.0485636e-03 -7.8414879e-03	 1.09e+00 Accepted	 236	 814	
729	 5.6658810e-01	 +4.1534470e-03 -7.2803449e-03	 9.90e-01 Accepted	 236	 794	
730	 5.6654192e-01	 -1.5259883e-03 -5.6386821e-03	 1.38e+00 Accepted	 235	 815	
731	 5.6660136e-01	 +2.7510455e-03 -5.9756707e-03	 8.37e-01 Accepted	 239	 855	
732	 5.6642117e-01	 +7.0337973e-04 -6.7902985e-03	 8.32e-01 Accepted	 235	 784	
733	 5.6642117e-01	 +7.0337973e-04 -6.7902985e-03	 9.46e-01 Rejected	 229	 805	
734	 5.6600024e-01	 +3.3335170e-04 -7.0425141e-03	 7.11e-01 Accepted	 229	 810	
735	 5.6616857e-01	 -1.9708635e-04 -6.0032259e-03	 1.11e+00 Accepted	 236	 822	
736	 5.6625357e-01	 +2.0923556e-03 -2.9033127e-03	 9.19e-01 Accepted	 236	 789	
737	 5.6600778e-01	 +3.4310112e-03 -5.1004800e-03	 8.08e-01 Accepted	 226	 770	
