# Starting_type: HotStart
# serial RNG seed: 	[29150 5389 31894 47810 60602]
# parallel RNG seed:	[17540 63632 29841 16406 27424]
# Trajectory_length / Number_of_MD_steps: 1 / 7
# 	 Plaquette	 Polyakov_Loop(re,im)	 Acc._Probability	 runtime_per_traj(s)	 CG_iterations	
1	 2.2181817e-01	 -3.1439046e-03 +1.2219396e-03	 1.88e+34 Accepted	 97	 313	
2	 3.1038008e-01	 +1.3756867e-03 +3.1411709e-03	 1.02e+16 Accepted	 121	 423	
3	 3.5700820e-01	 -1.9839033e-03 -1.1150915e-05	 2.79e+09 Accepted	 143	 532	
4	 3.8664366e-01	 -2.7629897e-03 +5.0275915e-04	 2.83e+06 Accepted	 167	 637	
5	 4.0673452e-01	 +1.7503825e-03 +2.2225790e-03	 4.72e+04 Accepted	 190	 747	
6	 4.2116013e-01	 -2.9871489e-04 +2.2039552e-03	 3.15e+03 Accepted	 215	 859	
7	 4.3196537e-01	 -1.3295332e-03 -2.2700442e-03	 5.42e+02 Accepted	 236	 953	
8	 4.4054416e-01	 +9.4478131e-04 +2.2304943e-03	 1.60e+02 Accepted	 254	 1049	
9	 4.4770429e-01	 +3.0514565e-03 +4.9884614e-04	 8.98e+01 Accepted	 276	 1144	
10	 4.5423848e-01	 +1.0002731e-03 +1.0603851e-03	 5.50e+01 Accepted	 296	 1234	
11	 4.5955733e-01	 -2.2723366e-03 -5.9727357e-04	 2.95e+01 Accepted	 319	 1366	
12	 4.6455207e-01	 +2.1141228e-03 -2.0995197e-04	 2.11e+01 Accepted	 342	 1439	
13	 4.6870512e-01	 +6.5982540e-05 -4.7892019e-04	 2.63e+01 Accepted	 358	 1565	
14	 4.7253989e-01	 +2.1301762e-03 +2.1349843e-03	 2.26e+01 Accepted	 381	 1614	
15	 4.7631353e-01	 -6.7647938e-05 +2.4329264e-03	 1.16e+01 Accepted	 393	 1701	
16	 4.7916101e-01	 +2.1699344e-03 +1.8662944e-03	 1.11e+01 Accepted	 409	 1795	
17	 4.8182870e-01	 -1.7202878e-03 -9.0748261e-04	 7.33e+00 Accepted	 429	 1858	
18	 4.8457692e-01	 -1.5341247e-03 -1.2364294e-03	 5.85e+00 Accepted	 452	 2025	
19	 4.8759707e-01	 -1.0357452e-03 -1.7909617e-03	 6.81e+00 Accepted	 471	 2060	
20	 4.9023609e-01	 +1.9967331e-04 -1.2112800e-03	 1.25e+01 Accepted	 491	 2151	
21	 4.9247506e-01	 +3.6580810e-04 -4.1157007e-04	 4.19e+00 Accepted	 515	 2352	
22	 4.9473139e-01	 -3.9957081e-06 +8.0738327e-04	 6.16e+00 Accepted	 537	 2374	
23	 4.9691260e-01	 -8.5800641e-04 -7.4366608e-04	 6.43e+00 Accepted	 557	 2624	
24	 4.9905212e-01	 -1.4420452e-03 +8.8606082e-04	 3.71e+00 Accepted	 593	 2567	
25	 5.0101127e-01	 +1.5789308e-03 -2.9894214e-03	 4.74e+00 Accepted	 600	 2631	
26	 5.0296615e-01	 -3.7888536e-04 -2.5853156e-03	 5.89e+00 Accepted	 610	 2808	
27	 5.0490208e-01	 +8.5161832e-04 +2.8127757e-04	 2.65e+00 Accepted	 647	 2944	
28	 5.0666951e-01	 -4.6797230e-04 +3.4570260e-04	 3.09e+00 Accepted	 673	 3064	
29	 5.0824416e-01	 +3.3372057e-04 -6.8094332e-04	 2.69e+00 Accepted	 689	 3082	
30	 5.0982691e-01	 +1.3708494e-03 +2.9729585e-03	 1.61e+00 Accepted	 706	 3229	
31	 5.1079784e-01	 -9.6127420e-04 +2.0452903e-03	 2.57e+00 Accepted	 728	 3403	
32	 5.1275508e-01	 +3.0065598e-03 -2.3180791e-03	 4.47e+00 Accepted	 746	 3303	
33	 5.1426243e-01	 +1.1974143e-03 +2.2284099e-03	 2.31e+00 Accepted	 763	 3518	
34	 5.1533203e-01	 +2.3528296e-03 -2.5484318e-03	 4.16e+00 Accepted	 816	 3788	
35	 5.1703764e-01	 -1.0259637e-03 +1.4049625e-04	 4.13e+00 Accepted	 844	 3791	
36	 5.1801076e-01	 +2.0559289e-03 -2.7223856e-05	 3.02e+00 Accepted	 852	 3868	
37	 5.1947752e-01	 +1.0582951e-03 +1.7929109e-04	 2.56e+00 Accepted	 860	 3993	
38	 5.2058890e-01	 +8.4039022e-04 -1.9012118e-03	 9.61e-01 Accepted	 880	 4023	
39	 5.2213776e-01	 +1.2028072e-03 +6.0286031e-04	 4.04e+00 Accepted	 912	 4169	
40	 5.2342458e-01	 +6.4496862e-04 +5.7755980e-04	 1.41e+00 Accepted	 945	 4362	
41	 5.2419309e-01	 -2.3641286e-03 +1.6224767e-03	 4.13e+00 Accepted	 974	 4604	
42	 5.2536902e-01	 +1.6159294e-03 -1.2293504e-03	 3.84e+00 Accepted	 1010	 4641	
43	 5.2637251e-01	 +2.3287777e-03 +8.3145565e-04	 7.57e-01 Accepted	 1030	 4721	
44	 5.2752629e-01	 +2.0656742e-03 -2.1610841e-03	 5.54e+00 Accepted	 1042	 4772	
45	 5.2816989e-01	 +2.4801397e-04 -1.2337435e-03	 9.75e-01 Accepted	 1058	 4836	
46	 5.2856164e-01	 +1.5828947e-03 -9.6866388e-04	 1.11e+00 Accepted	 1066	 5004	
47	 5.2981784e-01	 +2.2019119e-03 -3.6572370e-03	 1.15e+00 Accepted	 1099	 5114	
48	 5.3067582e-01	 -8.9747849e-04 +2.2672090e-04	 7.05e-01 Accepted	 1088	 5122	
49	 5.3180689e-01	 +2.9198376e-03 -6.7643301e-05	 2.00e+00 Accepted	 1127	 5227	
50	 5.3227145e-01	 +1.4220057e-03 +7.5357332e-04	 9.91e-01 Accepted	 1145	 5290	
51	 5.3283025e-01	 -1.2691539e-03 -1.3273618e-03	 1.28e+00 Accepted	 1146	 5340	
52	 5.3342959e-01	 +9.8772575e-05 +1.6774439e-04	 1.03e+00 Accepted	 1158	 5369	
53	 5.3411682e-01	 +8.6183625e-05 +8.3417059e-04	 4.87e-01 Accepted	 1180	 5562	
54	 5.3477987e-01	 -3.5408729e-04 -1.2396326e-03	 3.95e+00 Accepted	 1204	 5546	
55	 5.3477987e-01	 -3.5408729e-04 -1.2396326e-03	 6.56e-01 Rejected	 1200	 5569	
56	 5.3524735e-01	 +3.2475065e-03 +2.0487715e-03	 2.59e+00 Accepted	 1202	 5649	
57	 5.3562506e-01	 +8.7959095e-04 -2.2539210e-03	 1.53e+00 Accepted	 1223	 5799	
58	 5.3634228e-01	 +1.4627737e-03 -2.5680853e-03	 5.32e-01 Accepted	 1231	 5695	
59	 5.3657376e-01	 -2.9836696e-03 +4.8218984e-04	 6.64e-01 Accepted	 1243	 5692	
60	 5.3713480e-01	 +9.7746931e-04 -2.8399642e-03	 1.29e+00 Accepted	 1254	 5905	
# Starting_type: CheckpointStart
# Trajectory_length / Number_of_MD_steps: 1 / 7
# 	 Plaquette	 Polyakov_Loop(re,im)	 Acc._Probability	 runtime_per_traj(s)	 CG_iterations	
61	 5.3698173e-01	 +3.0427695e-03 -2.1767889e-03	 8.40e-01 Accepted	 1350	 5773	
62	 5.3698173e-01	 +3.0427695e-03 -2.1767889e-03	 2.15e-01 Rejected	 1320	 5680	
63	 5.3687110e-01	 +2.0569860e-03 -2.9970710e-03	 7.46e-01 Accepted	 1312	 5991	
64	 5.3678480e-01	 +6.0660415e-04 +3.4143211e-04	 2.11e+00 Accepted	 1326	 6108	
65	 5.3722184e-01	 -1.2804945e-03 -1.2254151e-03	 1.01e+00 Accepted	 1342	 6027	
66	 5.3771445e-01	 -2.1553866e-04 -1.5365467e-03	 1.12e+00 Accepted	 1322	 5833	
67	 5.3761650e-01	 +1.8224213e-03 +1.8512173e-04	 8.92e-01 Accepted	 1296	 6024	
68	 5.3828715e-01	 +2.3843399e-03 -2.9638558e-03	 8.68e-01 Accepted	 1342	 5942	
69	 5.3868686e-01	 +1.2416774e-04 -2.1633389e-03	 1.40e+00 Accepted	 1345	 5941	
70	 5.3868686e-01	 +1.2416774e-04 -2.1633389e-03	 1.87e-01 Rejected	 1336	 6065	
71	 5.3909944e-01	 +1.5074759e-03 -1.6923319e-03	 1.01e+00 Accepted	 1315	 5811	
72	 5.3904757e-01	 +5.0079897e-04 -1.1887343e-03	 9.84e-01 Accepted	 1335	 6120	
73	 5.3914693e-01	 +1.3854622e-03 -5.7531140e-04	 9.87e-01 Accepted	 1348	 6036	
74	 5.3970928e-01	 +2.4888965e-03 +2.1903503e-03	 1.82e+00 Accepted	 1362	 6125	
75	 5.3953537e-01	 +7.0063029e-04 +1.4898483e-03	 1.01e+00 Accepted	 1366	 5949	
76	 5.3953537e-01	 +7.0063029e-04 +1.4898483e-03	 6.61e-01 Rejected	 1358	 6036	
77	 5.3957894e-01	 -2.3672963e-03 -6.0130606e-06	 9.53e-01 Accepted	 1347	 6042	
78	 5.3986905e-01	 -1.0754326e-03 +1.5353514e-03	 7.95e-01 Accepted	 1354	 6064	
79	 5.3986905e-01	 -1.0754326e-03 +1.5353514e-03	 6.54e-01 Rejected	 1350	 5969	
80	 5.3986905e-01	 -1.0754326e-03 +1.5353514e-03	 8.12e-01 Rejected	 1342	 6034	
81	 5.4016862e-01	 -2.5594537e-03 -2.4917916e-04	 5.12e-01 Accepted	 1367	 6101	
82	 5.4015298e-01	 +4.8075116e-03 +1.2720562e-03	 2.22e+00 Accepted	 1372	 6215	
83	 5.4012691e-01	 +3.0124082e-03 -2.2666990e-04	 1.17e+00 Accepted	 1370	 6139	
84	 5.4028375e-01	 +3.4671816e-03 +2.0814803e-03	 5.76e-01 Accepted	 1395	 6162	
85	 5.4056189e-01	 +2.8032211e-03 +1.6583152e-03	 1.45e+00 Accepted	 1388	 6061	
86	 5.4037404e-01	 +1.0548701e-04 -6.4806967e-04	 8.68e-01 Accepted	 1371	 6133	
87	 5.4047305e-01	 +2.3039440e-03 -7.9416026e-04	 1.10e+00 Accepted	 1393	 6364	
88	 5.4068200e-01	 +4.5961250e-03 +3.2773811e-04	 4.28e+00 Accepted	 1411	 6280	
89	 5.4092126e-01	 +4.6042548e-03 -6.6612697e-04	 1.30e+00 Accepted	 1384	 5998	
90	 5.4115147e-01	 +3.5472470e-03 +2.6279312e-03	 1.22e+00 Accepted	 1386	 6248	
91	 5.4110039e-01	 +3.2385196e-03 -4.2524477e-04	 1.52e+00 Accepted	 1418	 6455	
# Starting_type: CheckpointStart
# Trajectory_length / Number_of_MD_steps: 1 / 7
# 	 Plaquette	 Polyakov_Loop(re,im)	 Acc._Probability	 runtime_per_traj(s)	 CG_iterations	
91	 5.4110039e-01	 +3.2385196e-03 -4.2524477e-04	 1.52e+00 Accepted	 1418	 6455	
92	 5.4122018e-01	 +1.3081321e-03 -2.7422231e-04	 1.62e+00 Accepted	 1378	 6218	
93	 5.4148383e-01	 +4.2331177e-03 +6.0703875e-04	 1.16e+00 Accepted	 1403	 6313	
94	 5.4144477e-01	 +3.0433684e-03 -1.1601269e-03	 1.75e+00 Accepted	 1378	 6328	
95	 5.4154052e-01	 +2.7106465e-03 +1.6174796e-03	 1.48e+00 Accepted	 1378	 6299	
96	 5.4147311e-01	 +4.4527924e-03 -3.1754722e-04	 1.42e+00 Accepted	 1396	 6419	
97	 5.4152187e-01	 +2.9619456e-03 +7.0219328e-06	 3.94e-01 Accepted	 1383	 6222	
98	 5.4152187e-01	 +2.9619456e-03 +7.0219328e-06	 4.19e-01 Rejected	 1374	 6198	
99	 5.4128670e-01	 +4.9623586e-04 +3.9993598e-05	 1.53e+00 Accepted	 1376	 6400	
100	 5.4167680e-01	 +1.3591801e-03 -1.4822443e-03	 1.66e+00 Accepted	 1360	 6229	
101	 5.4167680e-01	 +1.3591801e-03 -1.4822443e-03	 4.31e-01 Rejected	 1383	 6294	
102	 5.4180259e-01	 +9.8917680e-04 +3.1309454e-04	 4.39e-01 Accepted	 1387	 6380	
103	 5.4171183e-01	 -1.0788937e-04 +7.5348555e-04	 1.49e+00 Accepted	 1398	 6262	
104	 5.4171183e-01	 -1.0788937e-04 +7.5348555e-04	 5.40e-01 Rejected	 1381	 6278	
105	 5.4181105e-01	 +2.2240506e-03 -4.0934947e-03	 3.52e-01 Accepted	 1382	 6231	
106	 5.4193541e-01	 +1.3573149e-03 -3.0899447e-03	 4.85e-01 Accepted	 1371	 6184	
107	 5.4197871e-01	 +3.2960498e-03 -1.1383730e-03	 1.24e+00 Accepted	 1398	 6416	
108	 5.4229028e-01	 +1.1935332e-03 -9.2571178e-04	 1.11e+00 Accepted	 1431	 6439	
109	 5.4282013e-01	 +1.9100571e-03 -1.2338092e-04	 1.94e+00 Accepted	 1433	 6530	
110	 5.4291566e-01	 +4.1283336e-03 +1.9392782e-03	 8.37e-01 Accepted	 1408	 6583	
111	 5.4291566e-01	 +4.1283336e-03 +1.9392782e-03	 5.37e-01 Rejected	 1418	 6290	
112	 5.4293108e-01	 +4.5270260e-03 +2.2883340e-04	 1.48e+00 Accepted	 1424	 6576	
113	 5.4292530e-01	 +3.2397060e-03 +1.6271421e-03	 8.09e-01 Accepted	 1425	 6534	
114	 5.4267906e-01	 +2.9422222e-03 +5.9519307e-04	 1.18e+00 Accepted	 1409	 6273	
115	 5.4267906e-01	 +2.9422222e-03 +5.9519307e-04	 4.02e-01 Rejected	 1406	 6500	
116	 5.4256691e-01	 +1.9358061e-03 -2.5368039e-03	 5.86e-01 Accepted	 1404	 6427	
117	 5.4253815e-01	 +2.9488223e-03 -1.8836014e-04	 4.99e-01 Accepted	 1384	 6123	
118	 5.4237420e-01	 +2.1276493e-03 +9.2676535e-05	 6.19e-01 Accepted	 1383	 6349	
119	 5.4237420e-01	 +2.1276493e-03 +9.2676535e-05	 2.17e-01 Rejected	 1415	 6592	
120	 5.4251429e-01	 +2.4639763e-03 +4.3904192e-04	 9.47e-01 Accepted	 1415	 6380	
# Starting_type: CheckpointStart
# Trajectory_length / Number_of_MD_steps: 1 / 7
# 	 Plaquette	 Polyakov_Loop(re,im)	 Acc._Probability	 runtime_per_traj(s)	 CG_iterations	
121	 5.4225591e-01	 +1.1133748e-03 +2.4411696e-04	 5.33e-01 Accepted	 1427	 6299	
122	 5.4220603e-01	 +3.9057972e-03 +1.2381592e-03	 1.49e+00 Accepted	 1372	 6261	
123	 5.4281408e-01	 +1.0955846e-03 +1.1591992e-03	 4.90e-01 Accepted	 1379	 6116	
124	 5.4308519e-01	 +1.5302210e-03 -8.0071652e-04	 1.68e+00 Accepted	 1361	 6262	
125	 5.4317466e-01	 +4.2972741e-03 +2.8298051e-03	 1.70e+00 Accepted	 1385	 6403	
126	 5.4317466e-01	 +4.2972741e-03 +2.8298051e-03	 6.29e-01 Rejected	 1385	 6351	
127	 5.4348674e-01	 +1.6836336e-03 +8.2768199e-04	 8.09e-01 Accepted	 1395	 6398	
128	 5.4348674e-01	 +1.6836336e-03 +8.2768199e-04	 5.56e-01 Rejected	 1403	 6384	
129	 5.4332010e-01	 +2.5326019e-03 +1.8150649e-03	 2.96e-01 Accepted	 1411	 6367	
130	 5.4321247e-01	 +5.0384510e-04 +1.3965582e-03	 1.35e+00 Accepted	 1376	 6304	
131	 5.4282837e-01	 +2.1662457e-03 -2.2814015e-03	 1.08e+00 Accepted	 1366	 6244	
132	 5.4270488e-01	 +1.8543955e-03 +1.7024411e-03	 8.08e-01 Accepted	 1358	 6181	
133	 5.4270488e-01	 +1.8543955e-03 +1.7024411e-03	 1.76e-01 Rejected	 1347	 6325	
134	 5.4270488e-01	 +1.8543955e-03 +1.7024411e-03	 4.37e-01 Rejected	 1339	 6066	
135	 5.4270488e-01	 +1.8543955e-03 +1.7024411e-03	 2.77e-01 Rejected	 1327	 6044	
136	 5.4279596e-01	 +3.5601633e-03 +5.3753937e-04	 1.36e+00 Accepted	 1345	 6081	
137	 5.4240139e-01	 +1.9931340e-03 +2.8860322e-03	 1.55e+00 Accepted	 1355	 6374	
138	 5.4283351e-01	 +2.4270251e-03 +1.3127924e-03	 7.03e-01 Accepted	 1388	 6343	
139	 5.4283351e-01	 +2.4270251e-03 +1.3127924e-03	 6.35e-01 Rejected	 1353	 5899	
140	 5.4279184e-01	 +6.7772476e-04 +2.1602956e-03	 1.06e+00 Accepted	 1370	 6111	
141	 5.4275483e-01	 +1.3294627e-03 +1.3057895e-03	 1.14e+00 Accepted	 1368	 6216	
142	 5.4284603e-01	 -8.4409567e-04 -1.3065767e-03	 1.04e+00 Accepted	 1365	 6212	
143	 5.4253841e-01	 -7.3825267e-05 +1.8409924e-03	 7.58e-01 Accepted	 1368	 6147	
144	 5.4265084e-01	 +1.3720832e-03 +9.3196307e-04	 2.58e+00 Accepted	 1352	 6161	
145	 5.4244647e-01	 +8.3090799e-04 +4.0079815e-03	 6.78e-01 Accepted	 1351	 6064	
146	 5.4287998e-01	 +3.4424090e-03 +1.3053561e-04	 9.80e-01 Accepted	 1357	 6124	
147	 5.4254809e-01	 +3.9116961e-03 +1.1907711e-03	 7.49e-01 Accepted	 1359	 6281	
148	 5.4251111e-01	 +2.5148843e-03 -2.3119154e-03	 1.12e+00 Accepted	 1357	 6032	
149	 5.4264063e-01	 +5.0238646e-03 +1.0087437e-03	 1.49e+00 Accepted	 1351	 6196	
150	 5.4210724e-01	 +4.1658064e-03 +2.9233705e-04	 9.98e-01 Accepted	 1362	 6198	
151	 5.4208484e-01	 +7.2142748e-04 -1.4392491e-03	 1.41e+00 Accepted	 1369	 6358	
# Starting_type: CheckpointStart
# Trajectory_length / Number_of_MD_steps: 1 / 7
# 	 Plaquette	 Polyakov_Loop(re,im)	 Acc._Probability	 runtime_per_traj(s)	 CG_iterations	
151	 5.4208484e-01	 +7.2142748e-04 -1.4392491e-03	 1.41e+00 Accepted	 1417	 6358	
152	 5.4208484e-01	 +7.2142748e-04 -1.4392491e-03	 3.46e-01 Rejected	 1386	 6225	
153	 5.4248310e-01	 +3.8145705e-03 -1.1532093e-04	 1.60e+00 Accepted	 1376	 6123	
154	 5.4291516e-01	 +3.0265489e-03 -9.2259339e-04	 1.55e+00 Accepted	 1348	 6022	
155	 5.4286593e-01	 +3.8042899e-03 -1.1767947e-03	 6.50e-01 Accepted	 1356	 6475	
156	 5.4284067e-01	 +3.5588811e-03 +3.9834626e-04	 2.86e+00 Accepted	 1403	 6089	
157	 5.4284091e-01	 +4.6151916e-03 +5.2571768e-05	 1.46e+00 Accepted	 1375	 6343	
158	 5.4271652e-01	 +3.7147794e-03 -9.1652929e-04	 8.25e-01 Accepted	 1385	 6429	
159	 5.4218509e-01	 +3.5186936e-03 -8.9842861e-04	 5.11e-01 Accepted	 1413	 6317	
160	 5.4187493e-01	 +3.7473362e-03 +2.4908138e-03	 1.36e+00 Accepted	 1382	 6085	
161	 5.4204876e-01	 -5.3860272e-04 -3.6655342e-04	 1.10e+00 Accepted	 1377	 6339	
162	 5.4204876e-01	 -5.3860272e-04 -3.6655342e-04	 2.59e-01 Rejected	 1387	 6172	
163	 5.4204876e-01	 -5.3860272e-04 -3.6655342e-04	 2.51e-01 Rejected	 1391	 6111	
164	 5.4183805e-01	 -2.0488955e-03 -3.9398832e-05	 6.83e-01 Accepted	 1358	 6009	
165	 5.4197319e-01	 +7.6662385e-04 +9.9713032e-04	 4.11e-01 Accepted	 1315	 6014	
166	 5.4215454e-01	 +3.7015507e-03 -1.6201344e-03	 6.75e-01 Accepted	 1332	 6296	
167	 5.4233335e-01	 -4.6599951e-05 -1.5877430e-03	 7.67e-01 Accepted	 1361	 6154	
168	 5.4233335e-01	 -4.6599951e-05 -1.5877430e-03	 3.97e-01 Rejected	 1337	 6063	
169	 5.4202207e-01	 +1.2678813e-03 -1.6420754e-03	 2.70e-01 Accepted	 1352	 6349	
170	 5.4202207e-01	 +1.2678813e-03 -1.6420754e-03	 5.00e-01 Rejected	 1379	 6345	
171	 5.4244491e-01	 +2.8642235e-03 +7.0820015e-04	 2.02e+00 Accepted	 1371	 6217	
172	 5.4244491e-01	 +2.8642235e-03 +7.0820015e-04	 2.40e-01 Rejected	 1356	 6125	
173	 5.4269564e-01	 +9.3982917e-04 +9.3756756e-04	 9.50e-01 Accepted	 1383	 6344	
174	 5.4288763e-01	 +8.2325382e-04 +1.7667189e-03	 8.75e-01 Accepted	 1413	 6258	
175	 5.4263980e-01	 -3.7448938e-04 -8.8869529e-04	 6.24e-01 Accepted	 1380	 6128	
176	 5.4260817e-01	 -1.6076068e-03 +6.2426486e-04	 5.90e-01 Accepted	 1371	 6252	
177	 5.4279987e-01	 -2.5114370e-03 +1.9446033e-03	 1.05e+00 Accepted	 1365	 5897	
178	 5.4228551e-01	 +4.9292339e-04 -3.7870706e-04	 1.59e+00 Accepted	 1303	 6029	
179	 5.4233609e-01	 +2.0532004e-04 -9.2629081e-07	 2.03e+00 Accepted	 1365	 6476	
180	 5.4246173e-01	 +2.6596818e-03 +1.7768930e-05	 1.71e+00 Accepted	 1390	 6229	
181	 5.4246173e-01	 +2.6596818e-03 +1.7768930e-05	 5.43e-01 Rejected	 1362	 6109	
# Starting_type: CheckpointStart
# Trajectory_length / Number_of_MD_steps: 1 / 7
# 	 Plaquette	 Polyakov_Loop(re,im)	 Acc._Probability	 runtime_per_traj(s)	 CG_iterations	
181	 5.4246173e-01	 +2.6596818e-03 +1.7768930e-05	 5.43e-01 Rejected	 1068	 6109	
182	 5.4259350e-01	 +1.3095149e-03 +1.3474079e-03	 8.45e-01 Accepted	 1053	 6146	
183	 5.4272772e-01	 +1.0022436e-03 -3.8528973e-04	 1.02e+00 Accepted	 1027	 6234	
184	 5.4271013e-01	 +3.1620577e-03 -9.0755074e-04	 7.38e-01 Accepted	 997	 5995	
185	 5.4252451e-01	 +1.6049735e-03 -4.5875438e-04	 9.40e-01 Accepted	 979	 6114	
186	 5.4278285e-01	 +2.9422137e-03 +3.1576873e-03	 5.13e+00 Accepted	 992	 6420	
187	 5.4285143e-01	 +1.5777714e-03 -1.5028345e-03	 9.83e-01 Accepted	 1020	 6284	
188	 5.4285143e-01	 +1.5777714e-03 -1.5028345e-03	 5.39e-01 Rejected	 987	 6127	
189	 5.4262605e-01	 -2.0235461e-03 +7.6880163e-04	 1.06e+00 Accepted	 1006	 6187	
190	 5.4270284e-01	 +1.1715684e-03 +2.7096821e-05	 9.45e-01 Accepted	 1020	 6362	
191	 5.4303649e-01	 +1.8415834e-03 +2.5165095e-03	 1.11e+00 Accepted	 1035	 6404	
192	 5.4295287e-01	 +8.8242912e-04 +3.7723177e-04	 7.80e-01 Accepted	 1016	 6233	
193	 5.4327497e-01	 +1.2998205e-03 +2.0151915e-03	 1.64e+00 Accepted	 1008	 6451	
194	 5.4327497e-01	 +1.2998205e-03 +2.0151915e-03	 3.93e-01 Rejected	 1034	 6390	
195	 5.4293850e-01	 -2.2710612e-04 +1.3235902e-04	 1.08e+00 Accepted	 1032	 6418	
196	 5.4293850e-01	 -2.2710612e-04 +1.3235902e-04	 5.29e-01 Rejected	 1029	 6217	
197	 5.4220717e-01	 +1.2574841e-03 +8.3877131e-04	 7.22e-01 Accepted	 1018	 6243	
198	 5.4220717e-01	 +1.2574841e-03 +8.3877131e-04	 5.47e-01 Rejected	 1017	 6239	
199	 5.4202641e-01	 -6.7490133e-04 +3.0878601e-04	 9.32e-01 Accepted	 1028	 6230	
200	 5.4202641e-01	 -6.7490133e-04 +3.0878601e-04	 9.09e-01 Rejected	 1013	 6138	
201	 5.4250121e-01	 +1.1197014e-03 -1.1182430e-03	 1.29e+00 Accepted	 1011	 6207	
202	 5.4250121e-01	 +1.1197014e-03 -1.1182430e-03	 7.73e-01 Rejected	 1016	 6256	
203	 5.4268478e-01	 -9.0595252e-04 -3.0653361e-03	 3.94e-01 Accepted	 1005	 6169	
204	 5.4207808e-01	 -3.8028453e-05 -1.1607599e-03	 6.63e-01 Accepted	 1016	 6165	
205	 5.4212337e-01	 -1.4896279e-03 -8.3086425e-04	 1.09e+00 Accepted	 998	 6129	
206	 5.4208711e-01	 +3.5764143e-04 +1.1874670e-03	 1.14e+00 Accepted	 985	 6114	
207	 5.4216756e-01	 +3.1146967e-03 +1.3110695e-03	 6.78e-01 Accepted	 997	 6270	
208	 5.4260114e-01	 -9.3102973e-05 +2.1525898e-03	 9.94e-01 Accepted	 1005	 6193	
209	 5.4260114e-01	 -9.3102973e-05 +2.1525898e-03	 6.65e-01 Rejected	 997	 6241	
210	 5.4275817e-01	 +1.0489228e-03 -2.6585721e-03	 8.63e-01 Accepted	 987	 5881	
211	 5.4278166e-01	 +1.0535112e-03 -2.7194118e-03	 1.14e+00 Accepted	 973	 6207	
212	 5.4255219e-01	 +5.7746912e-04 -2.4256877e-03	 7.49e-01 Accepted	 999	 6148	
213	 5.4255219e-01	 +5.7746912e-04 -2.4256877e-03	 8.42e-01 Rejected	 1010	 6141	
214	 5.4270191e-01	 +3.6450946e-04 -1.2907566e-03	 1.34e+00 Accepted	 1000	 6317	
215	 5.4239826e-01	 -6.2446558e-04 +9.0606446e-05	 8.12e-01 Accepted	 1012	 6221	
216	 5.4245481e-01	 -1.5284820e-03 -1.1165344e-03	 1.84e+00 Accepted	 1012	 6330	
217	 5.4245481e-01	 -1.5284820e-03 -1.1165344e-03	 6.85e-01 Rejected	 1025	 6459	
218	 5.4245481e-01	 -1.5284820e-03 -1.1165344e-03	 6.29e-01 Rejected	 1022	 6309	
219	 5.4245481e-01	 -1.5284820e-03 -1.1165344e-03	 6.75e-01 Rejected	 1016	 6283	
220	 5.4245481e-01	 -1.5284820e-03 -1.1165344e-03	 4.70e-01 Rejected	 1005	 6070	
221	 5.4258206e-01	 +1.0964426e-03 -9.6044973e-04	 1.44e+00 Accepted	 1035	 6489	
222	 5.4237691e-01	 +8.6033777e-04 -3.3104790e-03	 9.51e-01 Accepted	 1034	 6291	
# Starting_type: CheckpointStart
# Trajectory_length / Number_of_MD_steps: 1 / 7
# 	 Plaquette	 Polyakov_Loop(re,im)	 Acc._Probability	 runtime_per_traj(s)	 CG_iterations	
223	 5.4262978e-01	 -6.7925618e-04 +3.6894576e-05	 9.61e-01 Accepted	 1132	 6231	
224	 5.4281301e-01	 +2.6845579e-03 +1.6358365e-03	 1.36e+00 Accepted	 1098	 6460	
225	 5.4297171e-01	 +8.0500658e-04 -7.8050747e-05	 1.59e+00 Accepted	 1112	 6530	
226	 5.4297171e-01	 +8.0500658e-04 -7.8050747e-05	 7.19e-01 Rejected	 1096	 6207	
227	 5.4297171e-01	 +8.0500658e-04 -7.8050747e-05	 4.32e-01 Rejected	 1119	 6206	
228	 5.4297171e-01	 +8.0500658e-04 -7.8050747e-05	 2.47e-01 Rejected	 1118	 6393	
229	 5.4297171e-01	 +8.0500658e-04 -7.8050747e-05	 4.32e-01 Rejected	 1116	 6444	
230	 5.4296285e-01	 -6.1064603e-04 -9.8215194e-04	 9.41e-01 Accepted	 1113	 6347	
231	 5.4296285e-01	 -6.1064603e-04 -9.8215194e-04	 3.91e-01 Rejected	 1100	 6351	
232	 5.4303569e-01	 +7.2993842e-04 +2.3323062e-03	 9.36e-01 Accepted	 1105	 6405	
233	 5.4262301e-01	 -2.5813666e-04 +1.2005326e-03	 1.20e+00 Accepted	 1099	 6509	
234	 5.4261908e-01	 -3.2851057e-03 +9.9264020e-04	 8.31e-01 Accepted	 1146	 6506	
235	 5.4287764e-01	 +1.4159491e-03 +5.9330657e-04	 2.02e+00 Accepted	 1100	 6527	
236	 5.4288554e-01	 -2.3120242e-03 -1.1018368e-03	 9.63e-01 Accepted	 1105	 6416	
237	 5.4288554e-01	 -2.3120242e-03 -1.1018368e-03	 5.18e-01 Rejected	 1093	 6327	
238	 5.4302039e-01	 +1.4551785e-04 +2.1018968e-03	 2.14e+00 Accepted	 1081	 6358	
239	 5.4295166e-01	 +6.9769227e-05 +1.8117240e-03	 6.28e-01 Accepted	 1090	 6487	
240	 5.4274461e-01	 +1.8400457e-04 -4.6507346e-04	 5.83e-01 Accepted	 1080	 6359	
241	 5.4302453e-01	 -4.5915932e-04 -1.1067155e-03	 1.64e+00 Accepted	 1079	 6391	
242	 5.4302453e-01	 -4.5915932e-04 -1.1067155e-03	 9.46e-01 Rejected	 1058	 6473	
243	 5.4309537e-01	 -2.2352247e-03 -2.7457976e-03	 1.62e+00 Accepted	 1063	 6308	
244	 5.4309537e-01	 -2.2352247e-03 -2.7457976e-03	 2.77e-01 Rejected	 1081	 6416	
245	 5.4329845e-01	 +4.4699406e-03 -8.6052656e-04	 7.20e-01 Accepted	 1072	 6289	
246	 5.4356714e-01	 +2.7339943e-03 -6.1114567e-05	 1.36e+00 Accepted	 1046	 6320	
247	 5.4356714e-01	 +2.7339943e-03 -6.1114567e-05	 7.77e-01 Rejected	 1064	 6392	
248	 5.4356714e-01	 +2.7339943e-03 -6.1114567e-05	 4.72e-01 Rejected	 1060	 6440	
249	 5.4356714e-01	 +2.7339943e-03 -6.1114567e-05	 1.99e-01 Rejected	 1058	 6222	
250	 5.4365939e-01	 -2.1452075e-03 -6.0677242e-04	 9.20e-01 Accepted	 1057	 6357	
251	 5.4361087e-01	 +5.6712766e-04 -2.4905383e-03	 1.26e+00 Accepted	 1054	 6300	
252	 5.4366211e-01	 +2.0661868e-03 -5.8633508e-04	 1.01e+00 Accepted	 1048	 6368	
253	 5.4366211e-01	 +2.0661868e-03 -5.8633508e-04	 4.94e-01 Rejected	 1038	 6238	
254	 5.4366211e-01	 +2.0661868e-03 -5.8633508e-04	 5.44e-01 Rejected	 1021	 6254	
255	 5.4314867e-01	 +2.0356507e-03 -2.2834344e-03	 1.16e+00 Accepted	 1009	 6344	
256	 5.4314867e-01	 +2.0356507e-03 -2.2834344e-03	 8.62e-01 Rejected	 1016	 6405	
257	 5.4314867e-01	 +2.0356507e-03 -2.2834344e-03	 4.58e-01 Rejected	 1033	 6565	
258	 5.4345479e-01	 +3.0494159e-03 +2.1762388e-03	 9.39e-01 Accepted	 1004	 6343	
259	 5.4337406e-01	 +1.3436999e-03 +1.2505901e-03	 7.33e-01 Accepted	 1011	 6258	
260	 5.4337406e-01	 +1.3436999e-03 +1.2505901e-03	 2.26e-01 Rejected	 998	 6203	
# Starting_type: CheckpointStart
# Trajectory_length / Number_of_MD_steps: 1 / 7
# 	 Plaquette	 Polyakov_Loop(re,im)	 Acc._Probability	 runtime_per_traj(s)	 CG_iterations	
259	 5.4337406e-01	 +1.3436999e-03 +1.2505901e-03	 7.33e-01 Accepted	 1062	 6258	
260	 5.4337406e-01	 +1.3436999e-03 +1.2505901e-03	 2.26e-01 Rejected	 991	 6203	
261	 5.4302040e-01	 +5.2384761e-03 -1.2487752e-03	 9.12e-01 Accepted	 974	 6348	
262	 5.4249264e-01	 -5.3469729e-04 +1.7625157e-03	 5.61e-01 Accepted	 987	 6369	
263	 5.4249264e-01	 -5.3469729e-04 +1.7625157e-03	 4.77e-01 Rejected	 970	 6135	
264	 5.4249264e-01	 -5.3469729e-04 +1.7625157e-03	 4.57e-01 Rejected	 974	 6138	
265	 5.4249264e-01	 -5.3469729e-04 +1.7625157e-03	 3.50e-01 Rejected	 1007	 6488	
266	 5.4272528e-01	 -2.4461076e-03 -8.8544860e-04	 1.16e+00 Accepted	 965	 6117	
267	 5.4311132e-01	 +1.4988861e-03 +7.2633246e-04	 1.22e+00 Accepted	 979	 6494	
268	 5.4304827e-01	 +2.1299656e-03 +1.1597213e-03	 2.42e-01 Accepted	 1014	 6515	
269	 5.4312671e-01	 -2.9381860e-03 -2.8265081e-03	 4.43e-01 Accepted	 1004	 6534	
270	 5.4327698e-01	 +1.9207632e-03 -2.0518430e-03	 6.99e-01 Accepted	 1004	 6454	
271	 5.4297188e-01	 +5.0264119e-03 -3.1482595e-03	 9.32e-01 Accepted	 1003	 6433	
272	 5.4297188e-01	 +5.0264119e-03 -3.1482595e-03	 2.00e-01 Rejected	 969	 6129	
273	 5.4320256e-01	 +1.7436446e-03 -1.0400246e-03	 1.15e+00 Accepted	 986	 6376	
274	 5.4312109e-01	 +4.9546582e-03 -1.0109563e-03	 8.43e-01 Accepted	 967	 6061	
275	 5.4312109e-01	 +4.9546582e-03 -1.0109563e-03	 2.50e-01 Rejected	 974	 6230	
276	 5.4319794e-01	 +1.7777150e-03 -3.5780506e-03	 2.53e+00 Accepted	 973	 6252	
277	 5.4319794e-01	 +1.7777150e-03 -3.5780506e-03	 2.95e-01 Rejected	 1000	 6248	
278	 5.4331927e-01	 -3.6792054e-04 +1.4062387e-03	 1.91e+00 Accepted	 1002	 6428	
279	 5.4331927e-01	 -3.6792054e-04 +1.4062387e-03	 6.19e-01 Rejected	 1007	 6284	
280	 5.4331927e-01	 -3.6792054e-04 +1.4062387e-03	 7.67e-01 Rejected	 1002	 6178	
281	 5.4352303e-01	 +1.8705244e-03 -3.9829729e-03	 1.06e+00 Accepted	 999	 6333	
282	 5.4334512e-01	 +4.3529015e-03 +2.1461116e-03	 8.04e-01 Accepted	 1005	 6141	
283	 5.4352538e-01	 +1.2107836e-03 +1.3129124e-04	 1.19e+00 Accepted	 971	 6185	
284	 5.4335304e-01	 +3.1016926e-03 +1.3871328e-06	 1.06e+00 Accepted	 977	 6184	
285	 5.4310226e-01	 +4.4374229e-03 -8.6990658e-04	 7.01e-01 Accepted	 986	 6204	
286	 5.4300830e-01	 +2.7798887e-03 +3.0361322e-03	 1.06e+00 Accepted	 988	 6248	
287	 5.4288215e-01	 +2.7128238e-03 +1.5776513e-03	 5.94e-01 Accepted	 984	 6252	
288	 5.4283702e-01	 +4.0839820e-03 -2.5244713e-03	 1.56e+00 Accepted	 994	 6259	
289	 5.4283702e-01	 +4.0839820e-03 -2.5244713e-03	 4.07e-01 Rejected	 1033	 6449	
290	 5.4304324e-01	 +1.9764694e-03 +1.2948855e-03	 5.67e-01 Accepted	 1028	 6341	
291	 5.4253603e-01	 +1.0587512e-03 +1.3196886e-03	 5.95e-01 Accepted	 1024	 6348	
292	 5.4234798e-01	 +3.1892983e-03 +1.5797654e-03	 1.44e+00 Accepted	 1047	 6447	
293	 5.4291510e-01	 -3.0998573e-04 -9.3486124e-04	 1.58e+00 Accepted	 1042	 6429	
294	 5.4308121e-01	 +2.8388810e-03 +3.0657434e-03	 6.58e-01 Accepted	 1037	 6390	
295	 5.4325639e-01	 +2.0679758e-03 -1.0396585e-03	 8.88e-01 Accepted	 1026	 6325	
296	 5.4342037e-01	 +8.8998303e-04 +1.7094142e-03	 1.49e+00 Accepted	 1025	 6252	
297	 5.4342037e-01	 +8.8998303e-04 +1.7094142e-03	 2.90e-01 Rejected	 998	 6283	
298	 5.4323615e-01	 +2.3991696e-03 +7.2766555e-04	 1.57e+00 Accepted	 998	 6172	
299	 5.4317105e-01	 +1.1532865e-03 +1.4547892e-03	 7.01e-01 Accepted	 1006	 6175	
300	 5.4351489e-01	 +3.5484115e-03 +2.1811513e-03	 1.09e+00 Accepted	 1016	 6349	
301	 5.4351489e-01	 +3.5484115e-03 +2.1811513e-03	 6.80e-01 Rejected	 1012	 6186	
# Starting_type: CheckpointStart
# Trajectory_length / Number_of_MD_steps: 1 / 7
# 	 Plaquette	 Polyakov_Loop(re,im)	 Acc._Probability	 runtime_per_traj(s)	 CG_iterations	
301	 5.4351489e-01	 +3.5484115e-03 +2.1811513e-03	 6.80e-01 Rejected	 1051	 6186	
302	 5.4305468e-01	 +2.0743744e-03 +9.5713781e-04	 2.63e+00 Accepted	 1032	 6394	
303	 5.4305468e-01	 +2.0743744e-03 +9.5713781e-04	 3.79e-01 Rejected	 1019	 6475	
304	 5.4323377e-01	 +2.7977157e-03 +6.1747674e-04	 5.64e-01 Accepted	 1008	 6431	
305	 5.4302900e-01	 +1.8265499e-03 -7.6254774e-04	 7.82e-01 Accepted	 1004	 6325	
306	 5.4277520e-01	 +3.0626325e-03 +1.8959289e-03	 5.13e-01 Accepted	 1001	 6412	
# Starting_type: CheckpointStart
# Trajectory_length / Number_of_MD_steps: 1 / 7
# 	 Plaquette	 Polyakov_Loop(re,im)	 Acc._Probability	 runtime_per_traj(s)	 CG_iterations	
307	 5.4289116e-01	 +3.5960978e-03 +1.7925061e-03	 7.59e-01 Accepted	 1080	 6395	
308	 5.4276077e-01	 +2.9237152e-04 -1.6638761e-03	 1.03e+00 Accepted	 1050	 6478	
309	 5.4281718e-01	 -6.2644819e-05 -1.0779093e-03	 1.08e+00 Accepted	 1022	 6338	
310	 5.4275388e-01	 +1.0221385e-03 +1.3507775e-03	 1.08e+00 Accepted	 1020	 6345	
311	 5.4288993e-01	 +1.8544004e-03 -3.4856024e-04	 1.06e+00 Accepted	 1012	 6377	
312	 5.4248964e-01	 +1.0383975e-03 +1.4702054e-03	 3.28e-01 Accepted	 1002	 6429	
313	 5.4257358e-01	 -9.8550043e-04 -6.6627448e-04	 1.71e+00 Accepted	 1020	 6438	
314	 5.4296385e-01	 +8.2486949e-04 +1.3554956e-03	 4.20e-01 Accepted	 1024	 6305	
315	 5.4283014e-01	 +1.5663245e-03 -1.6141383e-03	 4.04e-01 Accepted	 1006	 6260	
316	 5.4283014e-01	 +1.5663245e-03 -1.6141383e-03	 2.52e-01 Rejected	 993	 6201	
317	 5.4287987e-01	 +2.8192325e-03 +3.0001584e-05	 9.00e-01 Accepted	 998	 6272	
318	 5.4288445e-01	 +1.2366465e-03 +5.2038876e-04	 1.14e+00 Accepted	 997	 6344	
319	 5.4272140e-01	 +6.6772306e-04 -2.3634463e-03	 3.82e-01 Accepted	 1000	 6343	
320	 5.4259600e-01	 +3.9318146e-04 -9.2995721e-04	 1.36e+00 Accepted	 1013	 6402	
321	 5.4234138e-01	 +9.5652581e-04 +6.9413883e-04	 7.87e-01 Accepted	 1012	 6269	
322	 5.4240317e-01	 +3.7934946e-03 -1.8999716e-03	 9.39e-01 Accepted	 1005	 6415	
323	 5.4207055e-01	 +1.5351535e-03 +3.6331212e-03	 7.34e-01 Accepted	 1029	 6391	
324	 5.4193044e-01	 -1.4137336e-05 +6.9098779e-04	 1.79e+00 Accepted	 1010	 6183	
325	 5.4188837e-01	 +6.9570115e-04 +1.3181424e-03	 7.34e-01 Accepted	 994	 6325	
326	 5.4193947e-01	 +1.7254887e-03 +1.3624954e-03	 4.33e-01 Accepted	 1011	 6476	
327	 5.4193947e-01	 +1.7254887e-03 +1.3624954e-03	 9.59e-01 Rejected	 1033	 6416	
328	 5.4193947e-01	 +1.7254887e-03 +1.3624954e-03	 4.67e-01 Rejected	 1026	 6485	
329	 5.4192949e-01	 +3.7705990e-03 -3.5539478e-03	 8.66e-01 Accepted	 1023	 6381	
330	 5.4192949e-01	 +3.7705990e-03 -3.5539478e-03	 8.19e-01 Rejected	 1015	 6426	
331	 5.4226708e-01	 +3.9148702e-03 +1.3959651e-04	 2.33e+00 Accepted	 1019	 6339	
332	 5.4233068e-01	 +3.3075935e-03 -4.2839387e-04	 9.91e-01 Accepted	 1000	 6484	
333	 5.4233068e-01	 +3.3075935e-03 -4.2839387e-04	 5.66e-01 Rejected	 1012	 6471	
334	 5.4196799e-01	 +2.5862187e-03 -9.0450321e-04	 7.27e-01 Accepted	 1007	 6444	
335	 5.4196799e-01	 +2.5862187e-03 -9.0450321e-04	 2.79e-01 Rejected	 994	 6370	
336	 5.4235217e-01	 +2.5058972e-03 +2.6883516e-03	 1.19e+00 Accepted	 975	 6152	
337	 5.4228573e-01	 -4.2437493e-04 -1.8572674e-03	 1.13e+00 Accepted	 979	 6272	
338	 5.4219804e-01	 -2.8619225e-03 -6.0311527e-04	 1.00e+00 Accepted	 993	 6445	
339	 5.4219804e-01	 -2.8619225e-03 -6.0311527e-04	 5.82e-01 Rejected	 989	 6293	
340	 5.4196407e-01	 -1.1991590e-03 +3.6975230e-03	 1.09e+00 Accepted	 998	 6237	
341	 5.4232452e-01	 +1.3339077e-03 -1.4025990e-03	 5.39e-01 Accepted	 980	 6230	
342	 5.4239089e-01	 +5.9477233e-03 +3.1649738e-04	 9.67e-01 Accepted	 969	 6024	
343	 5.4239089e-01	 +5.9477233e-03 +3.1649738e-04	 4.02e-01 Rejected	 973	 6104	
344	 5.4243011e-01	 +1.2743583e-03 -1.8724706e-03	 1.03e+00 Accepted	 955	 5999	
345	 5.4263262e-01	 +3.9837635e-03 -2.4340450e-03	 1.30e+00 Accepted	 977	 6034	
346	 5.4263262e-01	 +3.9837635e-03 -2.4340450e-03	 3.54e-01 Rejected	 996	 6222	
347	 5.4278973e-01	 +1.3978436e-03 +2.2057053e-04	 9.05e-01 Accepted	 991	 6172	
348	 5.4267784e-01	 +1.2945693e-03 +1.9598023e-04	 9.84e-01 Accepted	 985	 5983	
349	 5.4271819e-01	 +6.4770967e-04 +8.8513047e-04	 1.02e+00 Accepted	 980	 6123	
