# Starting_type: HotStart
# serial RNG seed: 	[3281 48370 53178 12707 31847]
# parallel RNG seed:	[10274 12555 39149 33309 5126]
# Trajectory_length / Number_of_MD_steps: 1 / 8
# 	 Plaquette	 Polyakov_Loop(re,im)	 Acc._Probability	 runtime_per_traj(s)	 CG_iterations	
1	 2.2672117e-01	 -2.3864828e-05 +9.6240948e-04	 1.63e+28 Accepted	 178	 641	
2	 3.2025650e-01	 +1.4210490e-03 -9.4248415e-04	 4.85e+13 Accepted	 197	 645	
3	 3.7270031e-01	 -7.8916668e-04 +6.6030879e-04	 4.24e+08 Accepted	 198	 633	
4	 4.0759725e-01	 +1.1751425e-03 +9.9045393e-04	 1.23e+06 Accepted	 195	 624	
5	 4.3273121e-01	 -1.2750241e-03 +2.5312655e-03	 7.86e+04 Accepted	 192	 615	
6	 4.5277485e-01	 -1.7838462e-03 +2.0484919e-03	 1.04e+04 Accepted	 191	 608	
7	 4.6943275e-01	 -9.0962042e-04 +6.8809031e-04	 2.65e+03 Accepted	 188	 601	
8	 4.8374950e-01	 -1.5654591e-03 -3.6520663e-04	 1.08e+03 Accepted	 187	 595	
9	 4.9632984e-01	 +1.5881587e-03 -3.3091380e-03	 3.48e+02 Accepted	 185	 589	
10	 5.0780778e-01	 -2.0053117e-03 +6.0954084e-04	 2.83e+02 Accepted	 185	 583	
11	 5.1832583e-01	 -2.8890437e-03 +2.1502771e-03	 1.91e+02 Accepted	 183	 581	
12	 5.2735093e-01	 -1.0169464e-03 -1.9973768e-03	 9.53e+01 Accepted	 182	 571	
13	 5.3542819e-01	 +2.4480964e-03 +1.8819630e-03	 5.10e+01 Accepted	 181	 574	
14	 5.4285879e-01	 -8.3251958e-04 -1.5530558e-03	 3.49e+01 Accepted	 181	 566	
15	 5.4857786e-01	 +1.0168067e-03 +8.8839469e-04	 1.86e+01 Accepted	 179	 559	
16	 5.5388119e-01	 +5.2293624e-04 +2.4175596e-03	 1.25e+01 Accepted	 177	 552	
17	 5.5877798e-01	 -2.3579744e-03 +6.3535927e-03	 1.19e+01 Accepted	 176	 555	
18	 5.6232563e-01	 -3.1832531e-04 +1.8153696e-03	 6.18e+00 Accepted	 176	 548	
19	 5.6555961e-01	 +9.9084363e-04 +2.6502250e-03	 4.00e+00 Accepted	 174	 539	
20	 5.6809000e-01	 +3.1553501e-03 +4.0550264e-03	 3.32e+00 Accepted	 173	 539	
21	 5.7010739e-01	 +2.8279118e-03 +1.6587933e-03	 2.68e+00 Accepted	 172	 532	
22	 5.7191881e-01	 +1.0671867e-03 +5.3404714e-03	 2.52e+00 Accepted	 172	 528	
23	 5.7358451e-01	 +2.6745138e-03 +1.3207368e-03	 2.14e+00 Accepted	 169	 507	
24	 5.7468034e-01	 +1.6226926e-03 +1.1498723e-03	 2.42e+00 Accepted	 167	 519	
25	 5.7570128e-01	 +2.4968817e-03 +4.7630134e-03	 1.20e+00 Accepted	 167	 517	
26	 5.7696876e-01	 +2.9666212e-03 +2.0811446e-03	 1.87e+00 Accepted	 166	 512	
27	 5.7741901e-01	 +3.3382629e-04 +1.1377303e-03	 1.58e+00 Accepted	 164	 486	
28	 5.7829488e-01	 -8.7155245e-05 -2.5312764e-03	 1.53e+00 Accepted	 162	 502	
29	 5.7848729e-01	 +7.1611299e-04 +6.3298015e-04	 1.66e+00 Accepted	 163	 490	
30	 5.7940624e-01	 +2.3379353e-03 +4.6876016e-04	 1.67e+00 Accepted	 162	 496	
31	 5.7974555e-01	 +1.8778030e-03 -5.4492001e-04	 1.31e+00 Accepted	 160	 484	
32	 5.7990556e-01	 +2.6709511e-04 -1.5299984e-05	 1.27e+00 Accepted	 159	 501	
33	 5.8047326e-01	 +1.2034657e-03 -2.4893000e-03	 1.50e+00 Accepted	 159	 420	
34	 5.8047326e-01	 +1.2034657e-03 -2.4893000e-03	 7.69e-01 Rejected	 151	 462	
35	 5.8043964e-01	 -9.7891552e-04 -5.7845655e-05	 6.83e-01 Accepted	 144	 428	
36	 5.8037128e-01	 -4.5078847e-03 -3.9300994e-03	 9.90e-01 Accepted	 152	 454	
37	 5.8058227e-01	 +2.0683086e-03 -1.8737654e-03	 9.62e-01 Accepted	 154	 471	
38	 5.8102919e-01	 +1.3716207e-03 -1.9418762e-03	 1.13e+00 Accepted	 150	 446	
39	 5.8145409e-01	 -6.8531923e-04 +2.6061093e-03	 1.07e+00 Accepted	 151	 455	
40	 5.8145405e-01	 +5.2729795e-04 +4.7023960e-07	 9.12e-01 Accepted	 151	 463	
41	 5.8156637e-01	 -4.1932540e-04 -4.6146725e-03	 9.41e-01 Accepted	 148	 396	
42	 5.8160310e-01	 +1.5857738e-03 -5.8494912e-04	 7.58e-01 Accepted	 130	 356	
43	 5.8179014e-01	 +2.2380744e-03 -2.2359403e-03	 1.17e+00 Accepted	 124	 338	
44	 5.8200911e-01	 +2.0799755e-03 -8.3719135e-04	 1.05e+00 Accepted	 132	 381	
45	 5.8231137e-01	 +3.1454568e-03 -1.7020175e-03	 1.05e+00 Accepted	 142	 455	
46	 5.8253645e-01	 +2.7230002e-03 -1.1081103e-03	 1.50e+00 Accepted	 152	 467	
47	 5.8279164e-01	 +5.7634538e-03 -2.7430651e-03	 7.25e-01 Accepted	 153	 428	
48	 5.8274969e-01	 +2.3379859e-03 -1.0449194e-03	 1.00e+00 Accepted	 146	 423	
49	 5.8299040e-01	 +6.9818413e-03 +1.7011939e-03	 9.62e-01 Accepted	 138	 317	
50	 5.8299429e-01	 +3.3421221e-03 +4.5293277e-04	 9.81e-01 Accepted	 130	 442	
51	 5.8309170e-01	 +4.5010405e-04 -1.2618155e-03	 1.18e+00 Accepted	 136	 299	
52	 5.8283108e-01	 +3.0750371e-03 -5.8099318e-04	 1.07e+00 Accepted	 119	 375	
53	 5.8281266e-01	 +1.3996011e-03 -5.8560521e-04	 1.04e+00 Accepted	 126	 299	
54	 5.8276882e-01	 +8.0300658e-04 -1.6579138e-03	 8.82e-01 Accepted	 120	 383	
55	 5.8273614e-01	 +8.1311355e-04 -1.4034092e-03	 1.01e+00 Accepted	 129	 320	
56	 5.8277505e-01	 +2.9658176e-03 +3.3189743e-04	 8.96e-01 Accepted	 127	 416	
57	 5.8293503e-01	 +2.2144287e-03 +2.2071708e-03	 1.17e+00 Accepted	 137	 385	
58	 5.8304638e-01	 +2.3251343e-03 -7.8667884e-04	 1.04e+00 Accepted	 126	 269	
59	 5.8286774e-01	 +1.1829433e-04 +1.1132834e-03	 9.42e-01 Accepted	 109	 299	
60	 5.8315793e-01	 +8.8031324e-04 +2.8612281e-03	 1.05e+00 Accepted	 113	 319	
61	 5.8309972e-01	 +2.7098416e-03 +2.2687112e-03	 9.16e-01 Accepted	 123	 366	
62	 5.8268232e-01	 +6.7631026e-04 +4.8070888e-03	 1.06e+00 Accepted	 125	 347	
63	 5.8281692e-01	 +2.0997202e-03 +2.9311536e-03	 1.03e+00 Accepted	 122	 317	
64	 5.8333331e-01	 +2.8877033e-04 +1.3238427e-03	 9.21e-01 Accepted	 112	 273	
65	 5.8291359e-01	 +1.2778759e-03 +2.9230797e-03	 1.04e+00 Accepted	 107	 273	
66	 5.8297738e-01	 +2.0882924e-03 +2.1786443e-03	 1.11e+00 Accepted	 108	 278	
67	 5.8313154e-01	 -2.2875954e-04 +7.0622219e-04	 1.18e+00 Accepted	 107	 243	
68	 5.8327182e-01	 -1.0733685e-03 +1.5910412e-03	 1.05e+00 Accepted	 103	 270	
69	 5.8324695e-01	 -1.6860835e-03 +1.9234867e-03	 6.45e-01 Accepted	 111	 251	
70	 5.8314551e-01	 -1.8620830e-03 +5.0385489e-04	 1.01e+00 Accepted	 109	 296	
71	 5.8344856e-01	 +2.8539126e-03 +2.0872137e-03	 1.26e+00 Accepted	 115	 320	
72	 5.8359746e-01	 -2.9570246e-03 +2.5612634e-03	 8.63e-01 Accepted	 122	 336	
73	 5.8365102e-01	 +8.2967908e-04 +5.4522767e-03	 1.36e+00 Accepted	 119	 322	
74	 5.8364114e-01	 +2.4309199e-03 +3.8749363e-03	 1.11e+00 Accepted	 120	 317	
75	 5.8361020e-01	 +1.6047689e-03 -2.9549186e-04	 8.21e-01 Accepted	 120	 329	
76	 5.8338782e-01	 +8.1560041e-04 +6.5314335e-04	 9.60e-01 Accepted	 116	 245	
77	 5.8337854e-01	 +1.2461681e-03 +1.6733813e-03	 1.11e+00 Accepted	 98	 254	
78	 5.8292344e-01	 -5.0031047e-04 -1.6431182e-03	 8.80e-01 Accepted	 108	 323	
79	 5.8314513e-01	 +1.4920524e-03 +3.5767857e-03	 9.54e-01 Accepted	 114	 305	
80	 5.8291580e-01	 -2.5261933e-03 +4.6622864e-04	 9.80e-01 Accepted	 115	 347	
81	 5.8298530e-01	 +1.9045263e-03 +8.8891731e-04	 1.10e+00 Accepted	 122	 327	
82	 5.8323479e-01	 +2.0560028e-03 +1.6392359e-03	 1.06e+00 Accepted	 113	 255	
83	 5.8327108e-01	 -2.7837139e-03 -3.6484120e-04	 1.27e+00 Accepted	 102	 274	
84	 5.8318481e-01	 +2.8127251e-05 +2.4294915e-03	 9.77e-01 Accepted	 109	 322	
85	 5.8316879e-01	 -2.6940034e-03 +9.4580683e-04	 1.03e+00 Accepted	 114	 286	
86	 5.8324099e-01	 -3.2008616e-03 +1.0649384e-03	 1.05e+00 Accepted	 112	 316	
87	 5.8339521e-01	 -1.6598000e-03 +3.2183232e-03	 9.99e-01 Accepted	 115	 302	
88	 5.8339521e-01	 -1.6598000e-03 +3.2183232e-03	 8.37e-01 Rejected	 109	 280	
89	 5.8365380e-01	 -2.4991767e-03 +3.4122547e-03	 1.10e+00 Accepted	 118	 367	
90	 5.8347371e-01	 +3.5887249e-04 +2.1641772e-03	 9.38e-01 Accepted	 125	 293	
91	 5.8332559e-01	 -1.7782869e-03 +8.7034295e-04	 1.18e+00 Accepted	 108	 300	
92	 5.8299936e-01	 -3.9595593e-04 -8.7293662e-04	 9.78e-01 Accepted	 113	 353	
93	 5.8313018e-01	 -1.2118853e-03 +1.3374130e-04	 9.53e-01 Accepted	 120	 257	
94	 5.8325008e-01	 -2.0689028e-04 -1.6228890e-03	 9.29e-01 Accepted	 106	 294	
95	 5.8318023e-01	 -2.0373113e-03 -2.2552582e-03	 9.71e-01 Accepted	 107	 257	
96	 5.8318023e-01	 -2.0373113e-03 -2.2552582e-03	 8.54e-01 Rejected	 100	 239	
97	 5.8327837e-01	 -1.1312095e-03 -2.0515213e-03	 1.14e+00 Accepted	 104	 273	
98	 5.8332497e-01	 -1.9357420e-03 +2.7951657e-04	 1.04e+00 Accepted	 107	 262	
99	 5.8348878e-01	 +1.1073229e-03 +7.4496406e-04	 1.31e+00 Accepted	 104	 298	
100	 5.8361276e-01	 -1.5745187e-03 +1.0860585e-03	 8.52e-01 Accepted	 106	 252	
101	 5.8374523e-01	 -2.5803205e-03 -2.2470988e-03	 1.18e+00 Accepted	 102	 259	
102	 5.8398843e-01	 -2.6653115e-03 -2.5143132e-03	 9.09e-01 Accepted	 105	 240	
103	 5.8398843e-01	 -2.6653115e-03 -2.5143132e-03	 9.69e-01 Rejected	 103	 280	
104	 5.8424169e-01	 -3.0090382e-03 -2.8629565e-05	 1.35e+00 Accepted	 99	 254	
105	 5.8427669e-01	 -1.4275058e-03 -5.7509698e-04	 1.01e+00 Accepted	 101	 249	
106	 5.8396808e-01	 -4.0739927e-03 -7.2480880e-04	 1.08e+00 Accepted	 100	 261	
107	 5.8396808e-01	 -4.0739927e-03 -7.2480880e-04	 8.31e-01 Rejected	 103	 255	
108	 5.8372349e-01	 -4.4093086e-03 -1.1263923e-03	 1.01e+00 Accepted	 100	 230	
109	 5.8376362e-01	 -3.6968392e-03 -1.3490478e-03	 1.11e+00 Accepted	 95	 238	
110	 5.8361829e-01	 -3.4179625e-03 -4.9589491e-04	 8.65e-01 Accepted	 99	 250	
111	 5.8349939e-01	 -3.4367318e-03 -1.4319716e-03	 9.02e-01 Accepted	 99	 247	
112	 5.8390192e-01	 -1.3241321e-03 -2.0270077e-03	 1.24e+00 Accepted	 105	 298	
113	 5.8348067e-01	 -1.2988834e-03 +2.7938228e-04	 8.89e-01 Accepted	 112	 302	
114	 5.8358069e-01	 +2.2070426e-04 +4.6355217e-04	 1.07e+00 Accepted	 109	 284	
115	 5.8358069e-01	 +2.2070426e-04 +4.6355217e-04	 9.27e-01 Rejected	 105	 268	
116	 5.8338275e-01	 +9.5433064e-04 -1.6850938e-03	 9.31e-01 Accepted	 112	 339	
117	 5.8336937e-01	 -1.6008803e-03 -1.0599677e-03	 9.05e-01 Accepted	 115	 238	
118	 5.8366865e-01	 -3.2494112e-04 +3.0804762e-04	 1.34e+00 Accepted	 100	 249	
119	 5.8356136e-01	 -4.2613930e-04 -3.8359411e-03	 9.98e-01 Accepted	 99	 239	
120	 5.8356136e-01	 -4.2613930e-04 -3.8359411e-03	 7.82e-01 Rejected	 99	 261	
121	 5.8360101e-01	 -1.9198126e-03 -3.0764923e-03	 9.06e-01 Accepted	 98	 247	
122	 5.8360651e-01	 -1.5783595e-03 -1.8649043e-03	 9.35e-01 Accepted	 104	 302	
123	 5.8349485e-01	 -8.4323220e-04 -4.0734908e-03	 6.92e-01 Accepted	 110	 264	
124	 5.8350236e-01	 -3.2797801e-04 -3.8697880e-03	 1.15e+00 Accepted	 101	 234	
125	 5.8392921e-01	 -3.8466539e-03 -2.6511551e-03	 9.93e-01 Accepted	 97	 239	
126	 5.8384960e-01	 -4.2582457e-04 -4.0273115e-03	 1.21e+00 Accepted	 106	 305	
127	 5.8398267e-01	 -7.5897679e-04 -2.3595946e-03	 1.06e+00 Accepted	 108	 258	
128	 5.8379214e-01	 -2.5132908e-03 -2.9345085e-03	 8.07e-01 Accepted	 107	 315	
129	 5.8389986e-01	 +4.3470823e-04 -3.3167883e-03	 9.53e-01 Accepted	 112	 254	
130	 5.8389986e-01	 +4.3470823e-04 -3.3167883e-03	 6.60e-01 Rejected	 105	 237	
131	 5.8343783e-01	 -3.9465495e-03 -3.5294825e-03	 7.08e-01 Accepted	 103	 245	
132	 5.8339761e-01	 -1.2023094e-03 -1.0139358e-03	 1.09e+00 Accepted	 103	 277	
133	 5.8329289e-01	 -3.0228687e-03 -1.1898331e-03	 1.09e+00 Accepted	 106	 240	
134	 5.8329289e-01	 -3.0228687e-03 -1.1898331e-03	 9.08e-01 Rejected	 108	 280	
135	 5.8342566e-01	 -2.1660358e-03 -5.6776183e-03	 1.05e+00 Accepted	 99	 260	
136	 5.8372416e-01	 -1.3858372e-03 -4.1797365e-03	 8.80e-01 Accepted	 104	 277	
137	 5.8350389e-01	 -5.0726323e-03 -3.6774013e-03	 6.28e-01 Accepted	 109	 305	
138	 5.8355251e-01	 -2.0334745e-03 -5.4787446e-03	 1.12e+00 Accepted	 109	 252	
139	 5.8347570e-01	 -3.9016609e-03 -4.5619186e-03	 1.19e+00 Accepted	 102	 253	
140	 5.8371685e-01	 -3.4151330e-03 -4.6519058e-03	 1.10e+00 Accepted	 100	 258	
141	 5.8386896e-01	 -1.6223360e-03 -3.3329834e-03	 1.05e+00 Accepted	 101	 253	
142	 5.8399688e-01	 -3.7510415e-03 +1.9151107e-04	 1.10e+00 Accepted	 101	 245	
143	 5.8391903e-01	 -5.1974739e-03 -1.1235580e-03	 9.84e-01 Accepted	 98	 236	
144	 5.8389477e-01	 -1.4804880e-03 -5.0382259e-03	 1.05e+00 Accepted	 97	 256	
145	 5.8403644e-01	 -5.6021503e-04 -3.5091112e-03	 9.74e-01 Accepted	 102	 263	
146	 5.8405199e-01	 -1.8737817e-03 -2.6352074e-03	 1.04e+00 Accepted	 102	 274	
147	 5.8406771e-01	 +2.3002554e-03 -4.0653825e-03	 9.19e-01 Accepted	 103	 270	
148	 5.8415639e-01	 +8.7461528e-04 -4.0112101e-03	 1.10e+00 Accepted	 102	 232	
149	 5.8415639e-01	 +8.7461528e-04 -4.0112101e-03	 8.98e-01 Rejected	 98	 277	
150	 5.8435495e-01	 -2.0452199e-03 -1.2269802e-03	 1.12e+00 Accepted	 97	 231	
151	 5.8419853e-01	 +2.2279529e-03 -4.1785049e-03	 8.75e-01 Accepted	 98	 249	
152	 5.8428077e-01	 +9.6736724e-04 -4.6006705e-03	 1.10e+00 Accepted	 103	 282	
153	 5.8373820e-01	 +1.3415247e-03 -5.4659032e-03	 6.61e-01 Accepted	 104	 248	
154	 5.8373921e-01	 -1.7253017e-03 -7.3975226e-03	 1.13e+00 Accepted	 103	 277	
155	 5.8396443e-01	 +1.0354533e-03 -5.3401462e-03	 1.12e+00 Accepted	 103	 234	
156	 5.8404550e-01	 -9.3478759e-04 -4.2130999e-03	 1.27e+00 Accepted	 98	 238	
157	 5.8389460e-01	 +2.2658123e-03 -5.6722221e-03	 1.32e+00 Accepted	 97	 234	
158	 5.8384816e-01	 -1.3918503e-03 -5.1058514e-03	 1.02e+00 Accepted	 99	 229	
159	 5.8402604e-01	 +1.8025545e-03 -7.1486986e-03	 9.44e-01 Accepted	 97	 259	
160	 5.8356485e-01	 -7.5686590e-04 -3.8594047e-03	 1.27e+00 Accepted	 102	 255	
161	 5.8323707e-01	 -9.8620487e-04 -7.3668221e-03	 7.32e-01 Accepted	 101	 268	
162	 5.8338684e-01	 -3.3153544e-04 -1.1767835e-03	 9.83e-01 Accepted	 109	 300	
163	 5.8370598e-01	 +5.4650931e-04 -2.7606309e-03	 1.25e+00 Accepted	 109	 249	
164	 5.8359587e-01	 +2.5685264e-03 -1.2985664e-03	 1.24e+00 Accepted	 103	 296	
165	 5.8367722e-01	 +2.3327512e-03 -4.0380577e-03	 9.05e-01 Accepted	 112	 282	
166	 5.8378810e-01	 +4.9973070e-03 +2.1387575e-04	 9.67e-01 Accepted	 103	 247	
167	 5.8385569e-01	 +3.1226916e-03 -2.2291867e-03	 8.72e-01 Accepted	 102	 284	
168	 5.8385569e-01	 +3.1226916e-03 -2.2291867e-03	 8.83e-01 Rejected	 105	 245	
169	 5.8361941e-01	 +5.8147582e-04 -1.5393647e-03	 1.02e+00 Accepted	 104	 231	
170	 5.8352061e-01	 +6.5925409e-05 -1.8769816e-03	 9.98e-01 Accepted	 96	 236	
171	 5.8344345e-01	 -4.4872113e-04 -3.5694388e-03	 1.24e+00 Accepted	 99	 259	
172	 5.8341602e-01	 +2.7124031e-04 -3.1135915e-03	 1.04e+00 Accepted	 102	 256	
173	 5.8312676e-01	 -4.0921956e-03 -2.1813203e-03	 8.96e-01 Accepted	 104	 294	
174	 5.8311261e-01	 -1.5650156e-03 -9.0917425e-04	 9.50e-01 Accepted	 112	 274	
175	 5.8327515e-01	 -3.7189571e-04 -2.5613428e-04	 7.32e-01 Accepted	 108	 272	
176	 5.8340325e-01	 -2.6037439e-03 +6.2787663e-04	 1.24e+00 Accepted	 104	 260	
177	 5.8337223e-01	 -3.1247364e-03 -4.3505069e-03	 8.13e-01 Accepted	 104	 307	
178	 5.8339545e-01	 -2.3995973e-04 -2.8562474e-03	 1.03e+00 Accepted	 112	 260	
179	 5.8290649e-01	 +1.1723467e-03 -4.5065397e-03	 6.46e-01 Accepted	 103	 289	
180	 5.8318081e-01	 +3.3004553e-03 -9.4496591e-04	 1.33e+00 Accepted	 114	 319	
181	 5.8329999e-01	 -9.5267408e-04 -2.1910786e-03	 9.69e-01 Accepted	 113	 276	
182	 5.8326122e-01	 +3.1059582e-05 -9.2857809e-04	 7.33e-01 Accepted	 105	 266	
183	 5.8351704e-01	 -2.4192577e-03 -5.7539163e-03	 1.10e+00 Accepted	 102	 259	
184	 5.8374777e-01	 +3.9533216e-04 -3.3740252e-03	 1.07e+00 Accepted	 103	 268	
185	 5.8362188e-01	 -1.9676163e-03 -2.9190513e-04	 1.06e+00 Accepted	 106	 297	
186	 5.8347245e-01	 -1.5904874e-03 -5.1325754e-03	 8.14e-01 Accepted	 113	 289	
187	 5.8398004e-01	 +3.1741603e-04 -1.1014523e-03	 1.37e+00 Accepted	 111	 264	
188	 5.8398033e-01	 -1.8197676e-03 -2.0871432e-03	 1.19e+00 Accepted	 107	 239	
189	 5.8359583e-01	 +1.1392660e-04 -5.6283186e-03	 8.23e-01 Accepted	 101	 276	
190	 5.8374424e-01	 +1.2394323e-03 +5.8417797e-04	 1.03e+00 Accepted	 105	 267	
191	 5.8369853e-01	 -8.9271089e-04 -2.7319970e-03	 7.75e-01 Accepted	 108	 291	
192	 5.8362039e-01	 -2.8609543e-04 -5.1644726e-03	 8.50e-01 Accepted	 110	 270	
193	 5.8378493e-01	 +3.9451684e-04 -2.9521130e-03	 1.03e+00 Accepted	 105	 226	
194	 5.8380184e-01	 +1.7459420e-03 -3.1480954e-03	 9.35e-01 Accepted	 97	 241	
195	 5.8362715e-01	 -1.9635408e-04 -1.7255249e-03	 8.48e-01 Accepted	 100	 262	
196	 5.8365981e-01	 +7.1243717e-04 -2.8544349e-03	 9.95e-01 Accepted	 105	 304	
197	 5.8366887e-01	 -8.1985701e-04 -9.1272515e-04	 8.81e-01 Accepted	 108	 261	
198	 5.8351829e-01	 -1.9601399e-03 -7.0528101e-03	 9.07e-01 Accepted	 102	 248	
199	 5.8367251e-01	 +1.9142384e-03 -5.0416287e-03	 1.16e+00 Accepted	 100	 252	
200	 5.8381855e-01	 +4.2116355e-03 -5.1825065e-03	 1.17e+00 Accepted	 100	 258	
201	 5.8369719e-01	 +4.1930425e-03 -7.1926918e-03	 1.13e+00 Accepted	 103	 236	
202	 5.8331001e-01	 +2.2223439e-03 -6.7891979e-03	 8.63e-01 Accepted	 99	 234	
203	 5.8335445e-01	 +2.2174216e-03 -9.2015942e-03	 9.59e-01 Accepted	 97	 235	
204	 5.8358399e-01	 -2.9445258e-04 -8.6616069e-03	 9.43e-01 Accepted	 99	 265	
205	 5.8361363e-01	 +2.4662254e-04 -6.3350377e-03	 1.00e+00 Accepted	 103	 274	
206	 5.8340773e-01	 +3.5004545e-03 -3.8293220e-03	 9.69e-01 Accepted	 106	 297	
207	 5.8366701e-01	 +3.9250052e-03 -7.3806121e-03	 1.29e+00 Accepted	 112	 261	
208	 5.8363370e-01	 +6.7241517e-04 -6.2102577e-03	 1.07e+00 Accepted	 104	 249	
209	 5.8390317e-01	 +4.4192042e-03 -4.5923942e-03	 1.24e+00 Accepted	 105	 298	
210	 5.8390317e-01	 +4.4192042e-03 -4.5923942e-03	 6.65e-01 Rejected	 115	 270	
211	 5.8392273e-01	 +5.2471026e-03 -7.9760647e-03	 9.84e-01 Accepted	 115	 309	
212	 5.8368900e-01	 +3.7411633e-03 -7.5925740e-03	 9.91e-01 Accepted	 115	 272	
213	 5.8349848e-01	 +7.9185058e-03 -6.1458899e-03	 9.28e-01 Accepted	 104	 237	
214	 5.8388489e-01	 +5.3745708e-03 -3.9155520e-03	 1.35e+00 Accepted	 98	 236	
215	 5.8424693e-01	 +5.3766558e-03 -8.1819861e-03	 1.46e+00 Accepted	 99	 265	
216	 5.8420017e-01	 +3.4832177e-03 -7.4584360e-03	 8.56e-01 Accepted	 101	 246	
217	 5.8394479e-01	 +3.4504005e-03 -9.5762827e-03	 9.09e-01 Accepted	 99	 257	
218	 5.8419075e-01	 +3.1117591e-03 -8.4659597e-03	 1.12e+00 Accepted	 101	 289	
219	 5.8418544e-01	 +3.5073834e-03 -7.1807635e-03	 1.20e+00 Accepted	 109	 254	
220	 5.8395989e-01	 +5.2232843e-03 -3.5168834e-03	 8.79e-01 Accepted	 99	 242	
221	 5.8376616e-01	 +8.0602169e-03 -3.5079668e-03	 9.70e-01 Accepted	 101	 286	
222	 5.8351817e-01	 +2.9314702e-03 -1.8854544e-03	 1.12e+00 Accepted	 107	 260	
223	 5.8364329e-01	 +3.9543623e-03 -6.2853891e-03	 1.22e+00 Accepted	 102	 238	
224	 5.8385586e-01	 +2.2963587e-03 -5.8494327e-03	 1.02e+00 Accepted	 100	 293	
225	 5.8385127e-01	 +5.5749321e-03 -5.4742301e-03	 8.24e-01 Accepted	 114	 285	
226	 5.8416450e-01	 +3.6766372e-03 -4.7185554e-03	 9.28e-01 Accepted	 108	 257	
227	 5.8421727e-01	 +7.6342511e-03 -6.8329294e-03	 1.09e+00 Accepted	 99	 229	
228	 5.8409248e-01	 +6.4094814e-03 -7.3498493e-03	 9.30e-01 Accepted	 98	 232	
229	 5.8405384e-01	 +1.4831618e-03 -7.5522264e-03	 1.05e+00 Accepted	 96	 230	
230	 5.8394531e-01	 -1.4323383e-03 -4.6557304e-03	 1.05e+00 Accepted	 98	 241	
231	 5.8394531e-01	 -1.4323383e-03 -4.6557304e-03	 7.36e-01 Rejected	 100	 266	
232	 5.8439706e-01	 +2.0812097e-03 -6.7198097e-03	 1.15e+00 Accepted	 101	 273	
233	 5.8439706e-01	 +2.0812097e-03 -6.7198097e-03	 8.87e-01 Rejected	 102	 238	
234	 5.8407274e-01	 +4.1827187e-03 -7.1202675e-03	 1.03e+00 Accepted	 101	 234	
235	 5.8417782e-01	 +1.8678467e-03 -6.7126181e-03	 1.06e+00 Accepted	 98	 256	
236	 5.8405789e-01	 +2.5555289e-03 -6.2156705e-03	 8.71e-01 Accepted	 103	 261	
237	 5.8422100e-01	 +2.0494392e-03 -1.2118637e-02	 1.06e+00 Accepted	 101	 256	
238	 5.8406410e-01	 +2.4551440e-04 -9.6448927e-03	 8.88e-01 Accepted	 101	 254	
239	 5.8378386e-01	 +1.3409356e-03 -6.5557234e-03	 8.22e-01 Accepted	 103	 293	
240	 5.8388518e-01	 +1.8393928e-03 -3.8417644e-03	 8.76e-01 Accepted	 111	 262	
241	 5.8372096e-01	 +3.6693199e-03 -4.6326184e-03	 9.19e-01 Accepted	 101	 240	
242	 5.8385167e-01	 +5.6892204e-03 -3.9240020e-03	 9.07e-01 Accepted	 101	 248	
243	 5.8334874e-01	 +3.3222231e-03 -3.5875056e-03	 7.82e-01 Accepted	 108	 331	
244	 5.8368625e-01	 +2.2169099e-03 -2.4372155e-03	 9.97e-01 Accepted	 114	 267	
245	 5.8418768e-01	 +3.7347541e-03 -6.2087463e-03	 1.14e+00 Accepted	 106	 265	
246	 5.8422109e-01	 +2.5553754e-03 -5.1909764e-03	 9.93e-01 Accepted	 109	 316	
247	 5.8425522e-01	 +2.3560433e-03 -3.5674726e-03	 9.92e-01 Accepted	 118	 282	
248	 5.8399673e-01	 -1.5475092e-03 -4.3589859e-03	 9.22e-01 Accepted	 108	 279	
249	 5.8349810e-01	 +1.5681217e-03 -4.0262956e-03	 7.45e-01 Accepted	 106	 236	
250	 5.8342555e-01	 +2.9274197e-03 -5.9870615e-03	 8.36e-01 Accepted	 98	 237	
251	 5.8325242e-01	 -5.7158622e-04 -7.0258770e-03	 8.27e-01 Accepted	 99	 267	
252	 5.8333270e-01	 +4.7267401e-03 -4.2841481e-03	 9.10e-01 Accepted	 107	 255	
253	 5.8344065e-01	 +7.4277082e-04 -3.8705471e-03	 1.03e+00 Accepted	 104	 296	
254	 5.8369912e-01	 +6.0447531e-03 -3.3228845e-03	 1.03e+00 Accepted	 108	 243	
255	 5.8363675e-01	 +3.5765932e-03 -6.0560585e-03	 9.98e-01 Accepted	 102	 282	
256	 5.8371299e-01	 +3.7101489e-03 -4.7639076e-03	 1.05e+00 Accepted	 107	 266	
257	 5.8379714e-01	 +1.1175508e-03 -6.1550523e-03	 9.05e-01 Accepted	 101	 237	
258	 5.8392548e-01	 +4.1454052e-03 -7.1019290e-03	 1.19e+00 Accepted	 103	 314	
259	 5.8429437e-01	 +2.3865842e-03 -4.8679904e-03	 1.51e+00 Accepted	 115	 280	
260	 5.8401447e-01	 +4.6538483e-03 -7.4941305e-03	 8.96e-01 Accepted	 107	 265	
261	 5.8375772e-01	 +3.3004844e-03 -5.9350858e-03	 9.07e-01 Accepted	 105	 281	
262	 5.8418764e-01	 +3.2755911e-03 -4.0806829e-03	 1.32e+00 Accepted	 111	 328	
263	 5.8418764e-01	 +3.2755911e-03 -4.0806829e-03	 7.95e-01 Rejected	 127	 342	
264	 5.8394535e-01	 +1.6322365e-03 -4.1914095e-03	 8.83e-01 Accepted	 114	 257	
265	 5.8384849e-01	 -3.5456764e-04 -2.6637821e-03	 1.20e+00 Accepted	 104	 293	
266	 5.8384447e-01	 +2.6245257e-03 -6.1954234e-03	 1.16e+00 Accepted	 107	 239	
267	 5.8384447e-01	 +2.6245257e-03 -6.1954234e-03	 8.80e-01 Rejected	 101	 272	
268	 5.8361198e-01	 +6.1576165e-03 -6.9609256e-03	 1.00e+00 Accepted	 100	 303	
269	 5.8392257e-01	 +5.0091730e-03 -5.1853829e-03	 1.14e+00 Accepted	 111	 252	
270	 5.8407597e-01	 +3.0166115e-03 -3.8828509e-03	 1.11e+00 Accepted	 103	 255	
271	 5.8361509e-01	 +2.1719632e-03 -5.5273205e-03	 7.03e-01 Accepted	 100	 238	
272	 5.8362418e-01	 +2.0948283e-03 -5.7199163e-03	 8.97e-01 Accepted	 102	 276	
273	 5.8368999e-01	 +4.4647954e-03 -9.2666691e-03	 9.48e-01 Accepted	 102	 235	
274	 5.8370568e-01	 +3.8587440e-03 -7.8397330e-03	 1.07e+00 Accepted	 100	 277	
275	 5.8339568e-01	 +1.6010128e-03 -5.9726868e-03	 9.05e-01 Accepted	 109	 264	
276	 5.8358470e-01	 +4.1341036e-03 -1.1720498e-02	 1.04e+00 Accepted	 107	 276	
277	 5.8351644e-01	 +6.0871026e-03 -7.9742669e-03	 1.04e+00 Accepted	 106	 299	
278	 5.8329928e-01	 +5.6740728e-03 -7.6335392e-03	 7.11e-01 Accepted	 107	 253	
279	 5.8356835e-01	 +4.5721685e-03 -7.7279019e-03	 8.75e-01 Accepted	 100	 229	
280	 5.8359077e-01	 +2.4980839e-03 -3.5470943e-03	 9.37e-01 Accepted	 99	 275	
281	 5.8367983e-01	 +8.5934972e-03 -1.9085848e-03	 9.59e-01 Accepted	 107	 266	
282	 5.8362587e-01	 +6.0267071e-03 -3.1073172e-03	 9.52e-01 Accepted	 104	 268	
283	 5.8362799e-01	 +6.6439925e-03 -3.6355173e-03	 1.13e+00 Accepted	 103	 261	
284	 5.8360872e-01	 +6.6938274e-03 -3.8345199e-03	 8.27e-01 Accepted	 105	 248	
285	 5.8365258e-01	 +5.4985162e-03 -3.2001722e-03	 1.05e+00 Accepted	 99	 232	
286	 5.8375421e-01	 +8.7864983e-03 -3.1368691e-03	 9.20e-01 Accepted	 100	 292	
287	 5.8305685e-01	 +6.3491809e-03 -1.9920024e-03	 9.34e-01 Accepted	 108	 247	
288	 5.8302430e-01	 +4.3694409e-03 +7.0313732e-04	 1.10e+00 Accepted	 100	 241	
289	 5.8318585e-01	 +5.4460734e-03 -6.0790426e-03	 8.66e-01 Accepted	 98	 243	
290	 5.8302214e-01	 +7.0964963e-03 -5.6499379e-03	 1.12e+00 Accepted	 99	 244	
291	 5.8331632e-01	 +8.3764774e-03 -5.4598107e-03	 1.37e+00 Accepted	 100	 277	
292	 5.8331632e-01	 +8.3764774e-03 -5.4598107e-03	 7.38e-01 Rejected	 108	 251	
293	 5.8317073e-01	 +7.4011036e-03 -3.9687979e-03	 9.84e-01 Accepted	 109	 278	
294	 5.8381355e-01	 +9.4776516e-03 -5.6599760e-03	 1.53e+00 Accepted	 103	 243	
295	 5.8365039e-01	 +3.8191774e-03 -5.9090341e-03	 9.42e-01 Accepted	 101	 255	
296	 5.8337549e-01	 +5.7144910e-03 -2.4311250e-03	 8.98e-01 Accepted	 114	 336	
297	 5.8346784e-01	 +6.9500193e-03 -4.3919766e-03	 8.64e-01 Accepted	 118	 282	
298	 5.8342448e-01	 +4.6282718e-03 -5.7517920e-03	 9.36e-01 Accepted	 108	 285	
299	 5.8350888e-01	 +6.0943124e-03 -3.8066861e-03	 9.53e-01 Accepted	 112	 310	
300	 5.8368581e-01	 +3.8948696e-03 -7.8435956e-03	 1.18e+00 Accepted	 114	 315	
301	 5.8362644e-01	 +8.4373835e-03 -4.8367236e-03	 1.14e+00 Accepted	 121	 309	
302	 5.8352348e-01	 +5.1382881e-03 -6.8201502e-03	 7.84e-01 Accepted	 111	 257	
303	 5.8359854e-01	 +4.9536402e-03 -5.6259238e-03	 1.48e+00 Accepted	 101	 247	
304	 5.8368772e-01	 +6.3093207e-03 -6.2642823e-03	 1.19e+00 Accepted	 102	 287	
305	 5.8359756e-01	 +7.0605497e-03 -4.9228768e-03	 9.74e-01 Accepted	 113	 310	
306	 5.8377119e-01	 +6.2172759e-03 -7.3298965e-03	 1.14e+00 Accepted	 118	 310	
307	 5.8357860e-01	 +4.6675078e-03 -6.3107675e-03	 8.42e-01 Accepted	 117	 323	
308	 5.8332797e-01	 +5.1662518e-03 -9.1622822e-03	 1.00e+00 Accepted	 119	 312	
309	 5.8352599e-01	 +2.7423928e-03 -7.0358175e-03	 1.21e+00 Accepted	 116	 289	
310	 5.8377577e-01	 +4.1644721e-03 -6.1571384e-03	 1.07e+00 Accepted	 117	 341	
311	 5.8361667e-01	 +7.2237933e-03 -3.9506746e-03	 9.52e-01 Accepted	 122	 248	
312	 5.8349014e-01	 +6.3631438e-03 -8.0699048e-03	 8.12e-01 Accepted	 101	 243	
313	 5.8354235e-01	 +4.1175380e-03 -3.1793935e-03	 9.12e-01 Accepted	 99	 249	
314	 5.8337835e-01	 +7.5220495e-03 -6.6612308e-03	 9.74e-01 Accepted	 98	 229	
315	 5.8351633e-01	 +6.1505843e-03 -6.4952629e-03	 1.18e+00 Accepted	 97	 264	
316	 5.8340203e-01	 +6.1461821e-03 -6.9035601e-03	 9.05e-01 Accepted	 104	 275	
317	 5.8355106e-01	 +8.4627807e-03 -6.2781492e-03	 1.40e+00 Accepted	 105	 254	
318	 5.8365119e-01	 +6.5218662e-03 -8.6881597e-03	 9.96e-01 Accepted	 104	 267	
319	 5.8346321e-01	 +8.2563978e-03 -7.8910924e-03	 8.92e-01 Accepted	 108	 270	
320	 5.8346321e-01	 +8.2563978e-03 -7.8910924e-03	 7.31e-01 Rejected	 104	 253	
321	 5.8355823e-01	 +9.1113491e-03 -6.6415089e-03	 9.46e-01 Accepted	 103	 270	
322	 5.8355823e-01	 +9.1113491e-03 -6.6415089e-03	 7.52e-01 Rejected	 103	 277	
323	 5.8326778e-01	 +9.5107980e-03 -6.1796816e-03	 7.87e-01 Accepted	 105	 288	
324	 5.8371084e-01	 +7.1667259e-03 -5.5189339e-03	 1.08e+00 Accepted	 109	 269	
325	 5.8371084e-01	 +7.1667259e-03 -5.5189339e-03	 8.49e-01 Rejected	 108	 267	
326	 5.8371131e-01	 +5.8302232e-03 -7.4033707e-03	 7.51e-01 Accepted	 103	 263	
327	 5.8358904e-01	 +7.4939650e-03 -3.9545726e-03	 9.97e-01 Accepted	 105	 256	
328	 5.8360130e-01	 +9.6061096e-03 -6.1423063e-03	 1.04e+00 Accepted	 104	 289	
329	 5.8366696e-01	 +8.6128644e-03 -6.2552257e-03	 9.12e-01 Accepted	 113	 275	
330	 5.8347914e-01	 +7.1530029e-03 -3.9658191e-03	 9.60e-01 Accepted	 110	 309	
331	 5.8347783e-01	 +7.2637554e-03 -4.8950248e-03	 1.20e+00 Accepted	 111	 243	
332	 5.8357315e-01	 +8.9504737e-03 -3.7609986e-03	 1.03e+00 Accepted	 110	 364	
333	 5.8307809e-01	 +1.1051402e-02 -6.6155332e-03	 7.57e-01 Accepted	 124	 287	
334	 5.8332208e-01	 +7.9404560e-03 -7.2234898e-03	 1.07e+00 Accepted	 110	 287	
335	 5.8348801e-01	 +7.8932238e-03 -7.1551343e-03	 1.23e+00 Accepted	 114	 288	
336	 5.8366477e-01	 +1.0203319e-02 -8.7876704e-03	 1.10e+00 Accepted	 103	 235	
337	 5.8375024e-01	 +9.6065334e-03 -8.7939599e-03	 1.20e+00 Accepted	 103	 277	
338	 5.8359679e-01	 +7.8916685e-03 -8.2154444e-03	 7.43e-01 Accepted	 109	 278	
339	 5.8359679e-01	 +7.8916685e-03 -8.2154444e-03	 8.37e-01 Rejected	 105	 268	
340	 5.8407513e-01	 +6.7627750e-03 -5.9256159e-03	 1.08e+00 Accepted	 109	 262	
341	 5.8422717e-01	 +1.0270790e-02 -8.5612025e-03	 1.24e+00 Accepted	 104	 266	
342	 5.8418570e-01	 +1.0791882e-02 -8.6955727e-03	 1.02e+00 Accepted	 106	 315	
343	 5.8420770e-01	 +9.0203119e-03 -7.5016071e-03	 7.04e-01 Accepted	 115	 295	
344	 5.8389264e-01	 +6.1976671e-03 -9.1139070e-03	 8.27e-01 Accepted	 110	 275	
345	 5.8392585e-01	 +7.5279124e-03 -6.8970505e-03	 9.74e-01 Accepted	 112	 341	
346	 5.8433815e-01	 +9.6668414e-03 -6.6132449e-03	 1.13e+00 Accepted	 127	 360	
347	 5.8413963e-01	 +8.7474453e-03 -1.0058121e-02	 7.82e-01 Accepted	 121	 291	
348	 5.8415610e-01	 +7.6721948e-03 -7.7023805e-03	 1.10e+00 Accepted	 108	 260	
349	 5.8415610e-01	 +7.6721948e-03 -7.7023805e-03	 6.88e-01 Rejected	 108	 317	
350	 5.8426285e-01	 +1.0546116e-02 -8.0956563e-03	 9.94e-01 Accepted	 103	 256	
351	 5.8422016e-01	 +8.4209410e-03 -9.3387750e-03	 1.17e+00 Accepted	 110	 321	
352	 5.8435718e-01	 +9.4656816e-03 -7.7371510e-03	 8.21e-01 Accepted	 123	 309	
353	 5.8404604e-01	 +1.0681278e-02 -6.9953541e-03	 9.96e-01 Accepted	 123	 359	
354	 5.8399153e-01	 +8.8886719e-03 -9.2717949e-03	 8.15e-01 Accepted	 125	 299	
355	 5.8383345e-01	 +1.0617013e-02 -9.3476590e-03	 1.29e+00 Accepted	 119	 341	
356	 5.8407862e-01	 +9.3587424e-03 -9.5597404e-03	 9.60e-01 Accepted	 123	 293	
357	 5.8434367e-01	 +7.3781227e-03 -9.1193049e-03	 1.33e+00 Accepted	 111	 270	
358	 5.8367968e-01	 +9.8632254e-03 -7.4115986e-03	 7.14e-01 Accepted	 106	 292	
359	 5.8376891e-01	 +1.0976129e-02 -9.6844036e-03	 9.61e-01 Accepted	 109	 253	
360	 5.8359280e-01	 +8.5098363e-03 -1.1343637e-02	 1.01e+00 Accepted	 100	 269	
361	 5.8365199e-01	 +1.2215879e-02 -7.6712231e-03	 1.06e+00 Accepted	 103	 244	
362	 5.8411884e-01	 +7.9991178e-03 -4.6984904e-03	 1.05e+00 Accepted	 106	 287	
363	 5.8409754e-01	 +1.1011308e-02 -5.2399070e-03	 1.04e+00 Accepted	 113	 299	
364	 5.8382902e-01	 +1.2917811e-02 -9.9672209e-03	 1.00e+00 Accepted	 114	 326	
365	 5.8379575e-01	 +1.0965160e-02 -1.0142482e-02	 8.57e-01 Accepted	 121	 344	
366	 5.8379575e-01	 +1.0965160e-02 -1.0142482e-02	 7.23e-01 Rejected	 112	 238	
367	 5.8382629e-01	 +9.4077119e-03 -9.3420044e-03	 1.04e+00 Accepted	 119	 285	
368	 5.8394720e-01	 +1.1431109e-02 -1.0906672e-02	 1.21e+00 Accepted	 105	 228	
369	 5.8371927e-01	 +8.7956815e-03 -1.1292967e-02	 9.33e-01 Accepted	 96	 250	
370	 5.8366246e-01	 +9.4667829e-03 -1.0974109e-02	 7.51e-01 Accepted	 100	 248	
371	 5.8338325e-01	 +9.3093581e-03 -8.2520463e-03	 9.80e-01 Accepted	 99	 248	
372	 5.8389442e-01	 +7.0953131e-03 -1.0071971e-02	 1.61e+00 Accepted	 107	 320	
373	 5.8406317e-01	 +1.1254168e-02 -8.7700179e-03	 9.65e-01 Accepted	 107	 232	
374	 5.8404011e-01	 +1.0141788e-02 -9.4461015e-03	 1.04e+00 Accepted	 101	 263	
375	 5.8404011e-01	 +1.0141788e-02 -9.4461015e-03	 9.27e-01 Rejected	 107	 272	
# Starting_type: CheckpointStart
# Trajectory_length / Number_of_MD_steps: 1 / 8
# 	 Plaquette	 Polyakov_Loop(re,im)	 Acc._Probability	 runtime_per_traj(s)	 CG_iterations	
375	 5.8404011e-01	 +1.0141788e-02 -9.4461015e-03	 9.27e-01 Rejected	 110	 272	
376	 5.8395128e-01	 +1.0629849e-02 -7.5815613e-03	 1.02e+00 Accepted	 103	 246	
377	 5.8427362e-01	 +1.3514192e-02 -9.9982950e-03	 1.00e+00 Accepted	 99	 243	
378	 5.8398808e-01	 +1.2428784e-02 -6.9560841e-03	 8.51e-01 Accepted	 100	 261	
379	 5.8405841e-01	 +1.0721515e-02 -1.1338410e-02	 1.13e+00 Accepted	 103	 260	
380	 5.8405841e-01	 +1.0721515e-02 -1.1338410e-02	 8.00e-01 Rejected	 105	 272	
381	 5.8407463e-01	 +7.1963022e-03 -9.0864888e-03	 9.65e-01 Accepted	 105	 273	
382	 5.8376947e-01	 +7.9969671e-03 -1.0997835e-02	 6.96e-01 Accepted	 109	 270	
383	 5.8407080e-01	 +1.4192346e-02 -1.0660990e-02	 1.27e+00 Accepted	 106	 279	
384	 5.8395696e-01	 +1.0424044e-02 -1.2342774e-02	 8.00e-01 Accepted	 107	 249	
385	 5.8362489e-01	 +1.0737670e-02 -9.6326163e-03	 9.54e-01 Accepted	 104	 264	
386	 5.8362489e-01	 +1.0737670e-02 -9.6326163e-03	 8.15e-01 Rejected	 101	 254	
387	 5.8377330e-01	 +1.4570345e-02 -7.7813408e-03	 1.35e+00 Accepted	 106	 279	
388	 5.8390892e-01	 +1.4004795e-02 -1.1135668e-02	 8.38e-01 Accepted	 106	 283	
389	 5.8373021e-01	 +1.1084123e-02 -9.0688400e-03	 9.13e-01 Accepted	 109	 291	
390	 5.8337075e-01	 +1.0674301e-02 -7.4434717e-03	 8.51e-01 Accepted	 110	 334	
391	 5.8369072e-01	 +1.1091054e-02 -9.3460434e-03	 1.18e+00 Accepted	 118	 250	
392	 5.8361514e-01	 +1.2279482e-02 -9.0546208e-03	 9.81e-01 Accepted	 100	 235	
393	 5.8408791e-01	 +1.3267645e-02 -1.0643604e-02	 1.42e+00 Accepted	 96	 230	
394	 5.8390604e-01	 +1.1872645e-02 -6.8437358e-03	 1.14e+00 Accepted	 96	 236	
395	 5.8367257e-01	 +1.0200947e-02 -7.5432188e-03	 7.38e-01 Accepted	 100	 273	
396	 5.8379446e-01	 +1.0287325e-02 -9.4528645e-03	 1.12e+00 Accepted	 103	 287	
397	 5.8354512e-01	 +1.2958154e-02 -1.0960291e-02	 8.50e-01 Accepted	 116	 331	
398	 5.8341571e-01	 +1.1726564e-02 -7.7523419e-03	 8.31e-01 Accepted	 112	 241	
399	 5.8357633e-01	 +8.8424049e-03 -8.3439369e-03	 1.41e+00 Accepted	 103	 312	
400	 5.8361219e-01	 +1.1189536e-02 -3.7589622e-03	 1.09e+00 Accepted	 113	 275	
401	 5.8378591e-01	 +9.7541507e-03 -6.8357497e-03	 1.09e+00 Accepted	 104	 264	
402	 5.8378361e-01	 +1.0300961e-02 -8.2676728e-03	 1.04e+00 Accepted	 102	 250	
403	 5.8381898e-01	 +1.0977116e-02 -7.9760045e-03	 1.05e+00 Accepted	 98	 232	
404	 5.8381898e-01	 +1.0977116e-02 -7.9760045e-03	 7.34e-01 Rejected	 99	 264	
405	 5.8344766e-01	 +1.1309877e-02 -7.7019259e-03	 9.08e-01 Accepted	 98	 244	
406	 5.8317239e-01	 +9.7162767e-03 -6.2535636e-03	 7.70e-01 Accepted	 101	 301	
407	 5.8329658e-01	 +1.1587617e-02 -7.0858564e-03	 8.44e-01 Accepted	 103	 240	
408	 5.8294950e-01	 +1.2149814e-02 -9.9446930e-03	 8.23e-01 Accepted	 100	 251	
409	 5.8311698e-01	 +1.1556627e-02 -6.6796759e-03	 8.83e-01 Accepted	 100	 279	
410	 5.8278449e-01	 +1.0902563e-02 -8.4560630e-03	 9.41e-01 Accepted	 103	 248	
411	 5.8302144e-01	 +1.2807420e-02 -6.8926242e-03	 1.14e+00 Accepted	 107	 325	
412	 5.8340705e-01	 +8.5922705e-03 -8.3821992e-03	 1.32e+00 Accepted	 115	 274	
413	 5.8334926e-01	 +1.0318363e-02 -4.4547290e-03	 8.87e-01 Accepted	 103	 234	
414	 5.8334926e-01	 +1.0318363e-02 -4.4547290e-03	 7.95e-01 Rejected	 98	 246	
415	 5.8324798e-01	 +8.6369076e-03 -8.3608139e-03	 9.61e-01 Accepted	 98	 277	
416	 5.8364437e-01	 +1.3572706e-02 -8.9219212e-03	 1.10e+00 Accepted	 112	 332	
417	 5.8386344e-01	 +1.3099477e-02 -7.2439864e-03	 1.16e+00 Accepted	 121	 406	
418	 5.8379262e-01	 +1.2503493e-02 -7.2418505e-03	 9.92e-01 Accepted	 130	 294	
419	 5.8381007e-01	 +1.4722653e-02 -1.0445787e-02	 8.93e-01 Accepted	 108	 260	
420	 5.8404474e-01	 +1.2877618e-02 -1.0152476e-02	 1.01e+00 Accepted	 105	 232	
421	 5.8391053e-01	 +9.9798264e-03 -6.3157453e-03	 8.21e-01 Accepted	 97	 265	
422	 5.8374928e-01	 +1.0031426e-02 -7.5754316e-03	 9.85e-01 Accepted	 104	 300	
423	 5.8381979e-01	 +1.2684768e-02 -6.2149402e-03	 9.95e-01 Accepted	 113	 254	
424	 5.8399217e-01	 +1.3504201e-02 -7.1036617e-03	 1.00e+00 Accepted	 103	 245	
425	 5.8391140e-01	 +1.2696637e-02 -7.7640954e-03	 9.70e-01 Accepted	 99	 277	
426	 5.8371597e-01	 +1.2115239e-02 -7.7917511e-03	 8.27e-01 Accepted	 106	 286	
427	 5.8361238e-01	 +1.0319930e-02 -1.0012700e-02	 8.99e-01 Accepted	 103	 240	
428	 5.8325159e-01	 +1.2127606e-02 -1.2310652e-02	 8.86e-01 Accepted	 98	 252	
429	 5.8330064e-01	 +1.6042823e-02 -9.9051207e-03	 9.68e-01 Accepted	 101	 237	
430	 5.8366149e-01	 +1.0630007e-02 -1.0963947e-02	 1.17e+00 Accepted	 97	 224	
431	 5.8365098e-01	 +1.2259892e-02 -1.1095055e-02	 9.17e-01 Accepted	 95	 232	
432	 5.8350670e-01	 +1.1314337e-02 -1.0413359e-02	 9.67e-01 Accepted	 95	 249	
433	 5.8311295e-01	 +1.0469940e-02 -8.8872677e-03	 8.74e-01 Accepted	 101	 288	
434	 5.8325487e-01	 +1.3248818e-02 -1.0145168e-02	 1.05e+00 Accepted	 105	 245	
435	 5.8328280e-01	 +1.1211361e-02 -1.4078525e-02	 8.73e-01 Accepted	 100	 237	
436	 5.8341470e-01	 +9.3305730e-03 -7.7977217e-03	 1.24e+00 Accepted	 99	 304	
437	 5.8356663e-01	 +1.0755867e-02 -9.3027718e-03	 1.04e+00 Accepted	 108	 260	
438	 5.8356663e-01	 +1.0755867e-02 -9.3027718e-03	 7.55e-01 Rejected	 103	 257	
439	 5.8401690e-01	 +1.1507577e-02 -9.2866832e-03	 9.91e-01 Accepted	 103	 247	
440	 5.8387729e-01	 +1.1215693e-02 -1.1244765e-02	 8.68e-01 Accepted	 106	 332	
441	 5.8410805e-01	 +9.8757498e-03 -8.4498943e-03	 1.27e+00 Accepted	 110	 232	
442	 5.8379189e-01	 +9.4640530e-03 -1.0399324e-02	 7.69e-01 Accepted	 97	 260	
443	 5.8322913e-01	 +1.0138092e-02 -9.6236859e-03	 7.01e-01 Accepted	 101	 273	
444	 5.8336410e-01	 +9.8156976e-03 -1.0555743e-02	 1.07e+00 Accepted	 108	 262	
445	 5.8326300e-01	 +1.2577248e-02 -7.1432031e-03	 1.23e+00 Accepted	 104	 263	
446	 5.8386661e-01	 +9.4676950e-03 -8.4311345e-03	 1.41e+00 Accepted	 107	 308	
447	 5.8381594e-01	 +1.2645615e-02 -1.0299432e-02	 9.25e-01 Accepted	 110	 264	
448	 5.8374652e-01	 +1.1504988e-02 -6.2607150e-03	 9.63e-01 Accepted	 105	 269	
449	 5.8394540e-01	 +1.1858738e-02 -1.0903335e-02	 9.91e-01 Accepted	 102	 232	
450	 5.8345269e-01	 +1.2419316e-02 -1.0554185e-02	 6.92e-01 Accepted	 101	 277	
451	 5.8350136e-01	 +1.1687188e-02 -1.0841812e-02	 1.25e+00 Accepted	 103	 242	
452	 5.8381577e-01	 +1.1870669e-02 -1.0892828e-02	 8.25e-01 Accepted	 98	 258	
453	 5.8410658e-01	 +1.2618152e-02 -1.4962043e-02	 1.11e+00 Accepted	 101	 253	
454	 5.8410442e-01	 +1.1927944e-02 -1.3187082e-02	 9.62e-01 Accepted	 99	 240	
455	 5.8396449e-01	 +1.0177967e-02 -1.3857168e-02	 9.81e-01 Accepted	 100	 247	
456	 5.8402836e-01	 +1.0909435e-02 -1.1473380e-02	 9.28e-01 Accepted	 96	 222	
457	 5.8391132e-01	 +1.3197408e-02 -9.3914381e-03	 6.84e-01 Accepted	 96	 237	
458	 5.8370917e-01	 +1.2452059e-02 -7.5307424e-03	 9.28e-01 Accepted	 101	 273	
459	 5.8370975e-01	 +9.9570035e-03 -9.6836742e-03	 1.04e+00 Accepted	 107	 293	
460	 5.8386987e-01	 +1.0691238e-02 -8.0896380e-03	 1.08e+00 Accepted	 107	 247	
461	 5.8386987e-01	 +1.0691238e-02 -8.0896380e-03	 7.85e-01 Rejected	 103	 273	
462	 5.8374343e-01	 +1.1001363e-02 -5.4646719e-03	 8.35e-01 Accepted	 100	 248	
463	 5.8394641e-01	 +1.2967028e-02 -7.8624410e-03	 1.18e+00 Accepted	 99	 288	
464	 5.8390374e-01	 +1.0419414e-02 -7.7553037e-03	 1.13e+00 Accepted	 107	 244	
465	 5.8434074e-01	 +1.1641845e-02 -5.4887510e-03	 1.32e+00 Accepted	 99	 237	
466	 5.8413630e-01	 +1.0748123e-02 -7.4527170e-03	 1.19e+00 Accepted	 97	 246	
467	 5.8435008e-01	 +1.0776099e-02 -9.8026973e-03	 1.11e+00 Accepted	 105	 308	
468	 5.8407428e-01	 +1.3608841e-02 -1.0988181e-02	 1.19e+00 Accepted	 107	 243	
469	 5.8415563e-01	 +1.3245047e-02 -9.5541448e-03	 9.91e-01 Accepted	 105	 334	
470	 5.8381290e-01	 +9.9819539e-03 -8.0460315e-03	 7.25e-01 Accepted	 122	 288	
471	 5.8369687e-01	 +1.1851162e-02 -1.1984928e-02	 1.17e+00 Accepted	 110	 270	
472	 5.8399420e-01	 +9.9444604e-03 -7.1688594e-03	 1.43e+00 Accepted	 104	 252	
473	 5.8432534e-01	 +1.3022095e-02 -6.2057007e-03	 1.20e+00 Accepted	 102	 239	
474	 5.8424235e-01	 +1.1500890e-02 -8.5396880e-03	 9.73e-01 Accepted	 97	 233	
475	 5.8424235e-01	 +1.1500890e-02 -8.5396880e-03	 7.58e-01 Rejected	 96	 243	
476	 5.8379005e-01	 +8.9062565e-03 -7.5751179e-03	 7.90e-01 Accepted	 100	 280	
477	 5.8379049e-01	 +1.0437800e-02 -1.0951530e-02	 8.58e-01 Accepted	 108	 310	
478	 5.8372306e-01	 +8.5603686e-03 -9.4993722e-03	 1.07e+00 Accepted	 118	 341	
479	 5.8357017e-01	 +9.0172265e-03 -4.7443936e-03	 8.79e-01 Accepted	 120	 282	
480	 5.8371388e-01	 +1.1227089e-02 -9.1353590e-03	 8.48e-01 Accepted	 110	 257	
481	 5.8406547e-01	 +8.1486970e-03 -9.6782416e-03	 1.19e+00 Accepted	 110	 259	
482	 5.8414747e-01	 +8.8384644e-03 -8.0338435e-03	 1.19e+00 Accepted	 105	 294	
483	 5.8394434e-01	 +1.0951032e-02 -8.9649399e-03	 8.89e-01 Accepted	 107	 269	
484	 5.8391829e-01	 +8.3619040e-03 -1.0473476e-02	 1.11e+00 Accepted	 101	 241	
485	 5.8404791e-01	 +7.6853570e-03 -7.8005059e-03	 9.45e-01 Accepted	 100	 250	
486	 5.8399995e-01	 +8.2547660e-03 -1.1939965e-02	 1.12e+00 Accepted	 105	 287	
487	 5.8399119e-01	 +4.2936510e-03 -1.0908916e-02	 1.14e+00 Accepted	 113	 300	
488	 5.8376529e-01	 +6.4567596e-03 -1.0425257e-02	 8.51e-01 Accepted	 109	 306	
489	 5.8371486e-01	 +5.2469122e-03 -9.8521521e-03	 9.20e-01 Accepted	 110	 234	
490	 5.8340638e-01	 +7.8490857e-03 -1.1111724e-02	 7.58e-01 Accepted	 98	 243	
491	 5.8360051e-01	 +4.4459090e-03 -1.0424687e-02	 1.02e+00 Accepted	 98	 270	
492	 5.8359350e-01	 +9.5051178e-03 -1.1695518e-02	 1.13e+00 Accepted	 103	 244	
493	 5.8416463e-01	 +8.6720482e-03 -1.0161689e-02	 1.13e+00 Accepted	 106	 358	
494	 5.8394099e-01	 +5.2778873e-03 -1.4527121e-02	 1.07e+00 Accepted	 118	 250	
495	 5.8375213e-01	 +6.1892738e-03 -1.3647053e-02	 9.12e-01 Accepted	 102	 285	
496	 5.8386729e-01	 +1.0600222e-02 -1.2626145e-02	 1.06e+00 Accepted	 106	 251	
497	 5.8390020e-01	 +7.3618155e-03 -1.2445499e-02	 1.12e+00 Accepted	 100	 229	
498	 5.8393662e-01	 +1.0069947e-02 -1.6662212e-02	 1.05e+00 Accepted	 96	 229	
499	 5.8377753e-01	 +9.3586536e-03 -1.4507346e-02	 1.15e+00 Accepted	 97	 248	
500	 5.8381298e-01	 +6.6410051e-03 -1.2724221e-02	 8.38e-01 Accepted	 97	 231	
501	 5.8367322e-01	 +9.5770864e-03 -1.5713828e-02	 1.18e+00 Accepted	 95	 229	
502	 5.8331634e-01	 +7.9923900e-03 -1.2167522e-02	 9.68e-01 Accepted	 96	 249	
503	 5.8380264e-01	 +7.6349685e-03 -1.1710099e-02	 1.02e+00 Accepted	 100	 248	
504	 5.8407527e-01	 +1.0117466e-02 -9.4770526e-03	 1.08e+00 Accepted	 100	 244	
505	 5.8394889e-01	 +8.5766428e-03 -1.1828393e-02	 1.04e+00 Accepted	 100	 258	
506	 5.8395159e-01	 +7.3970639e-03 -1.0926820e-02	 8.82e-01 Accepted	 108	 298	
507	 5.8391876e-01	 +6.9554180e-03 -1.2898756e-02	 1.07e+00 Accepted	 113	 287	
508	 5.8366642e-01	 +5.9002861e-03 -1.3110736e-02	 7.22e-01 Accepted	 105	 261	
509	 5.8360181e-01	 +7.2283048e-03 -1.4537887e-02	 1.07e+00 Accepted	 102	 259	
510	 5.8347398e-01	 +6.7853148e-03 -1.1588667e-02	 9.42e-01 Accepted	 100	 249	
511	 5.8337271e-01	 +6.4344315e-03 -1.3920069e-02	 9.42e-01 Accepted	 105	 313	
512	 5.8346874e-01	 +8.2632664e-03 -1.4686553e-02	 1.11e+00 Accepted	 111	 241	
513	 5.8351833e-01	 +8.8163916e-03 -1.3425452e-02	 1.31e+00 Accepted	 102	 256	
514	 5.8351833e-01	 +8.8163916e-03 -1.3425452e-02	 8.78e-01 Rejected	 103	 279	
515	 5.8367523e-01	 +5.6749746e-03 -1.3442579e-02	 1.02e+00 Accepted	 100	 236	
516	 5.8419527e-01	 +9.9452183e-03 -1.2727328e-02	 1.46e+00 Accepted	 97	 254	
517	 5.8419527e-01	 +9.9452183e-03 -1.2727328e-02	 8.29e-01 Rejected	 105	 298	
518	 5.8376320e-01	 +8.5542174e-03 -1.1146570e-02	 9.11e-01 Accepted	 100	 233	
519	 5.8374487e-01	 +7.8994169e-03 -1.1465515e-02	 1.07e+00 Accepted	 103	 275	
520	 5.8374487e-01	 +7.8994169e-03 -1.1465515e-02	 9.42e-01 Rejected	 106	 267	
521	 5.8374487e-01	 +7.8994169e-03 -1.1465515e-02	 6.13e-01 Rejected	 109	 322	
522	 5.8377920e-01	 +9.3471810e-03 -1.1742945e-02	 8.45e-01 Accepted	 103	 255	
523	 5.8371556e-01	 +5.3434196e-03 -1.3631736e-02	 8.42e-01 Accepted	 99	 246	
524	 5.8370080e-01	 +6.1199986e-03 -1.1869309e-02	 8.60e-01 Accepted	 103	 306	
525	 5.8385818e-01	 +4.4795694e-03 -1.1633479e-02	 1.12e+00 Accepted	 105	 239	
526	 5.8317342e-01	 +7.5389643e-03 -1.0937440e-02	 7.39e-01 Accepted	 96	 221	
527	 5.8347706e-01	 +7.4809808e-03 -1.1418695e-02	 9.69e-01 Accepted	 96	 243	
528	 5.8364875e-01	 +7.7985965e-03 -1.0803857e-02	 9.59e-01 Accepted	 102	 245	
529	 5.8359520e-01	 +6.4731888e-03 -1.2208863e-02	 8.56e-01 Accepted	 99	 233	
530	 5.8353471e-01	 +4.5278028e-03 -1.3228739e-02	 7.71e-01 Accepted	 98	 237	
531	 5.8348169e-01	 +8.5284489e-03 -1.3976656e-02	 8.27e-01 Accepted	 101	 242	
532	 5.8325877e-01	 +1.1056971e-02 -7.2094347e-03	 8.29e-01 Accepted	 98	 261	
533	 5.8360583e-01	 +9.8057775e-03 -8.0130856e-03	 1.14e+00 Accepted	 99	 231	
534	 5.8373868e-01	 +5.5822167e-03 -1.0861500e-02	 9.82e-01 Accepted	 98	 230	
535	 5.8402721e-01	 +5.1455640e-03 -1.2020984e-02	 1.34e+00 Accepted	 100	 250	
536	 5.8395420e-01	 +8.3519291e-03 -8.6702535e-03	 9.78e-01 Accepted	 103	 276	
537	 5.8392511e-01	 +6.8654744e-03 -1.0367890e-02	 1.28e+00 Accepted	 107	 286	
538	 5.8387377e-01	 +5.3979301e-03 -1.0930989e-02	 1.02e+00 Accepted	 104	 281	
539	 5.8370607e-01	 +6.7124246e-03 -9.2892793e-03	 8.14e-01 Accepted	 104	 255	
540	 5.8359144e-01	 +8.1536072e-03 -7.9700684e-03	 9.40e-01 Accepted	 103	 238	
541	 5.8372753e-01	 +5.8674719e-03 -1.0980026e-02	 9.82e-01 Accepted	 99	 244	
542	 5.8372753e-01	 +5.8674719e-03 -1.0980026e-02	 9.72e-01 Rejected	 101	 271	
543	 5.8387819e-01	 +7.0805728e-03 -8.8180656e-03	 1.26e+00 Accepted	 98	 245	
544	 5.8391549e-01	 +8.5538748e-03 -1.1094773e-02	 7.61e-01 Accepted	 99	 247	
545	 5.8374056e-01	 +7.0290151e-03 -1.0067191e-02	 8.79e-01 Accepted	 102	 267	
546	 5.8366822e-01	 +4.0503929e-03 -1.1348915e-02	 1.02e+00 Accepted	 102	 235	
547	 5.8330601e-01	 +9.8028061e-03 -1.0294813e-02	 7.40e-01 Accepted	 96	 251	
548	 5.8354818e-01	 +9.7947576e-03 -1.2980285e-02	 1.17e+00 Accepted	 100	 266	
549	 5.8331699e-01	 +9.4960114e-03 -1.2857174e-02	 9.63e-01 Accepted	 111	 311	
550	 5.8318081e-01	 +1.1321078e-02 -1.1856990e-02	 8.75e-01 Accepted	 112	 257	
551	 5.8309864e-01	 +6.4079217e-03 -9.7043346e-03	 1.08e+00 Accepted	 100	 229	
552	 5.8301525e-01	 +9.7345477e-03 -1.0008476e-02	 8.54e-01 Accepted	 99	 289	
553	 5.8322335e-01	 +8.9385583e-03 -1.0832735e-02	 1.02e+00 Accepted	 102	 238	
554	 5.8349163e-01	 +9.3040121e-03 -1.1271538e-02	 9.32e-01 Accepted	 99	 263	
555	 5.8361592e-01	 +5.9615823e-03 -1.0847845e-02	 9.11e-01 Accepted	 101	 239	
556	 5.8363802e-01	 +6.1605517e-03 -1.2460232e-02	 1.08e+00 Accepted	 98	 237	
557	 5.8380629e-01	 +9.6257679e-03 -1.3143567e-02	 1.08e+00 Accepted	 102	 268	
558	 5.8384549e-01	 +7.9869759e-03 -1.3170130e-02	 1.02e+00 Accepted	 101	 258	
559	 5.8403148e-01	 +6.2249121e-03 -1.6432683e-02	 1.17e+00 Accepted	 104	 243	
560	 5.8388905e-01	 +9.1671582e-03 -1.1382121e-02	 9.08e-01 Accepted	 105	 329	
561	 5.8355293e-01	 +8.9187004e-03 -1.4766347e-02	 8.11e-01 Accepted	 111	 237	
562	 5.8379172e-01	 +1.0298804e-02 -1.1756300e-02	 1.11e+00 Accepted	 97	 266	
563	 5.8396147e-01	 +7.6501301e-03 -1.2865676e-02	 9.85e-01 Accepted	 100	 234	
564	 5.8399782e-01	 +1.1927273e-02 -1.5379363e-02	 9.08e-01 Accepted	 101	 268	
565	 5.8409221e-01	 +7.1108877e-03 -1.2809391e-02	 1.09e+00 Accepted	 110	 300	
566	 5.8405400e-01	 +8.7040237e-03 -1.1971519e-02	 8.20e-01 Accepted	 106	 230	
567	 5.8405400e-01	 +8.7040237e-03 -1.1971519e-02	 8.59e-01 Rejected	 103	 254	
568	 5.8425738e-01	 +9.2286259e-03 -9.3499460e-03	 9.88e-01 Accepted	 105	 322	
569	 5.8412264e-01	 +7.7962540e-03 -1.5737665e-02	 1.11e+00 Accepted	 117	 310	
570	 5.8397058e-01	 +9.5636852e-03 -1.2408108e-02	 9.08e-01 Accepted	 116	 262	
571	 5.8395459e-01	 +7.8626715e-03 -1.0369190e-02	 1.09e+00 Accepted	 102	 258	
572	 5.8395459e-01	 +7.8626715e-03 -1.0369190e-02	 7.39e-01 Rejected	 102	 232	
573	 5.8394871e-01	 +1.2396785e-02 -1.1204281e-02	 1.04e+00 Accepted	 112	 328	
574	 5.8368460e-01	 +1.0920436e-02 -1.2805765e-02	 7.90e-01 Accepted	 111	 257	
575	 5.8394469e-01	 +8.2288024e-03 -1.2514013e-02	 1.35e+00 Accepted	 101	 240	
576	 5.8390801e-01	 +1.3249067e-02 -1.2375738e-02	 8.73e-01 Accepted	 97	 239	
577	 5.8382705e-01	 +9.1081586e-03 -1.4028296e-02	 9.09e-01 Accepted	 97	 231	
578	 5.8381681e-01	 +8.6806819e-03 -1.2950793e-02	 1.32e+00 Accepted	 102	 275	
579	 5.8377170e-01	 +1.0782485e-02 -1.0460028e-02	 9.96e-01 Accepted	 107	 275	
580	 5.8443928e-01	 +7.3728329e-03 -1.1757336e-02	 1.48e+00 Accepted	 112	 295	
581	 5.8400192e-01	 +8.5946406e-03 -9.3986094e-03	 7.48e-01 Accepted	 111	 260	
582	 5.8400192e-01	 +8.5946406e-03 -9.3986094e-03	 7.72e-01 Rejected	 107	 290	
583	 5.8370667e-01	 +9.8672827e-03 -1.0905449e-02	 9.35e-01 Accepted	 102	 255	
584	 5.8382014e-01	 +6.4114376e-03 -1.1658031e-02	 7.42e-01 Accepted	 106	 293	
585	 5.8382014e-01	 +6.4114376e-03 -1.1658031e-02	 6.95e-01 Rejected	 104	 245	
586	 5.8341690e-01	 +1.0224915e-02 -1.4343059e-02	 6.71e-01 Accepted	 105	 237	
587	 5.8380651e-01	 +1.1279139e-02 -1.2227200e-02	 1.29e+00 Accepted	 97	 257	
588	 5.8349398e-01	 +8.7884616e-03 -1.0443617e-02	 1.04e+00 Accepted	 105	 277	
589	 5.8368054e-01	 +1.0649593e-02 -9.1534742e-03	 1.12e+00 Accepted	 102	 235	
590	 5.8402506e-01	 +7.0212518e-03 -9.0450526e-03	 1.11e+00 Accepted	 100	 279	
591	 5.8412357e-01	 +1.0231772e-02 -6.9759140e-03	 8.55e-01 Accepted	 105	 258	
592	 5.8392811e-01	 +1.1091994e-02 -6.8560296e-03	 7.71e-01 Accepted	 106	 320	
593	 5.8409861e-01	 +8.8576845e-03 -6.1947251e-03	 1.22e+00 Accepted	 112	 240	
594	 5.8383049e-01	 +1.2107896e-02 -8.5620746e-03	 1.07e+00 Accepted	 102	 327	
595	 5.8385083e-01	 +7.5550418e-03 -1.0309011e-02	 8.84e-01 Accepted	 110	 249	
596	 5.8385066e-01	 +9.3046246e-03 -8.3412634e-03	 9.54e-01 Accepted	 98	 237	
597	 5.8385066e-01	 +9.3046246e-03 -8.3412634e-03	 8.91e-01 Rejected	 97	 237	
598	 5.8389677e-01	 +7.5461596e-03 -5.8127474e-03	 1.05e+00 Accepted	 98	 249	
599	 5.8365543e-01	 +7.4379631e-03 -4.8895987e-03	 8.50e-01 Accepted	 101	 269	
600	 5.8369365e-01	 +8.5559105e-03 -1.0625966e-02	 9.10e-01 Accepted	 106	 254	
601	 5.8358436e-01	 +6.9401664e-03 -7.1228466e-03	 8.60e-01 Accepted	 99	 241	
602	 5.8374128e-01	 +3.3467668e-03 -7.6422334e-03	 1.02e+00 Accepted	 99	 250	
603	 5.8344092e-01	 +8.1653359e-03 -8.7094160e-03	 8.30e-01 Accepted	 99	 234	
604	 5.8333334e-01	 +8.5748964e-03 -7.8518497e-03	 8.64e-01 Accepted	 97	 237	
605	 5.8339208e-01	 +7.4282447e-03 -7.9012446e-03	 8.85e-01 Accepted	 100	 256	
606	 5.8357802e-01	 +6.9864235e-03 -9.4695382e-03	 1.06e+00 Accepted	 100	 237	
607	 5.8356713e-01	 +6.2688753e-03 -6.4991900e-03	 1.23e+00 Accepted	 101	 246	
608	 5.8356713e-01	 +6.2688753e-03 -6.4991900e-03	 8.48e-01 Rejected	 104	 333	
609	 5.8377988e-01	 +9.1425065e-03 -4.6638959e-03	 1.17e+00 Accepted	 100	 280	
610	 5.8383315e-01	 +5.2850721e-03 -7.3200102e-03	 8.94e-01 Accepted	 115	 318	
611	 5.8348360e-01	 +6.6524465e-03 -8.6589024e-03	 1.14e+00 Accepted	 114	 271	
612	 5.8352896e-01	 +7.6527321e-03 -9.2380790e-03	 8.66e-01 Accepted	 108	 289	
613	 5.8333875e-01	 +1.4335356e-02 -9.5241780e-03	 9.71e-01 Accepted	 104	 244	
614	 5.8329740e-01	 +8.0715989e-03 -1.0462226e-02	 7.34e-01 Accepted	 97	 226	
615	 5.8342021e-01	 +9.8816490e-03 -9.4383410e-03	 1.33e+00 Accepted	 96	 253	
616	 5.8360628e-01	 +1.1168316e-02 -8.4339919e-03	 8.72e-01 Accepted	 100	 231	
617	 5.8373392e-01	 +8.1862010e-03 -9.5214001e-03	 9.94e-01 Accepted	 96	 238	
618	 5.8367488e-01	 +8.5856239e-03 -1.1227036e-02	 8.34e-01 Accepted	 99	 273	
619	 5.8374590e-01	 +9.9437508e-03 -9.7506025e-03	 7.16e-01 Accepted	 103	 248	
620	 5.8426116e-01	 +6.0325304e-03 -8.7973315e-03	 1.39e+00 Accepted	 99	 282	
621	 5.8420906e-01	 +1.0883013e-02 -8.5753593e-03	 7.72e-01 Accepted	 107	 248	
622	 5.8396092e-01	 +5.3660306e-03 -1.0411777e-02	 9.33e-01 Accepted	 102	 269	
623	 5.8368531e-01	 +9.1500942e-03 -1.0540262e-02	 7.64e-01 Accepted	 107	 309	
624	 5.8354075e-01	 +9.1784574e-03 -1.1621959e-02	 9.33e-01 Accepted	 111	 257	
625	 5.8382952e-01	 +7.0114483e-03 -1.0393589e-02	 1.20e+00 Accepted	 102	 249	
626	 5.8401437e-01	 +8.4441687e-03 -1.3018458e-02	 9.07e-01 Accepted	 105	 280	
627	 5.8405752e-01	 +8.3668778e-03 -1.2965641e-02	 1.12e+00 Accepted	 109	 319	
628	 5.8405888e-01	 +8.6510151e-03 -1.2086781e-02	 1.15e+00 Accepted	 110	 279	
629	 5.8379432e-01	 +6.6465978e-03 -1.0549294e-02	 7.10e-01 Accepted	 114	 317	
630	 5.8406405e-01	 +1.0864411e-02 -1.1602940e-02	 1.03e+00 Accepted	 116	 280	
631	 5.8435572e-01	 +8.8937656e-03 -1.1871907e-02	 1.16e+00 Accepted	 106	 272	
632	 5.8412694e-01	 +7.1826988e-03 -1.3495504e-02	 1.03e+00 Accepted	 106	 279	
633	 5.8402139e-01	 +7.2920137e-03 -1.4033583e-02	 1.02e+00 Accepted	 108	 244	
634	 5.8384667e-01	 +7.3498603e-03 -1.1482781e-02	 7.90e-01 Accepted	 99	 230	
635	 5.8335228e-01	 +7.9933116e-03 -1.2291586e-02	 9.24e-01 Accepted	 97	 271	
636	 5.8365048e-01	 +7.5736650e-03 -1.0822094e-02	 1.20e+00 Accepted	 102	 239	
637	 5.8319923e-01	 +4.2740659e-03 -1.3270007e-02	 9.87e-01 Accepted	 102	 290	
638	 5.8365123e-01	 +7.0266164e-03 -1.5252941e-02	 1.19e+00 Accepted	 111	 272	
639	 5.8387265e-01	 +6.1381937e-03 -1.1343641e-02	 1.02e+00 Accepted	 102	 252	
640	 5.8404716e-01	 +5.6417499e-03 -1.3482014e-02	 9.48e-01 Accepted	 101	 237	
641	 5.8363790e-01	 +9.5633742e-03 -1.4191728e-02	 6.63e-01 Accepted	 105	 293	
642	 5.8341962e-01	 +8.4131937e-03 -1.0820670e-02	 9.61e-01 Accepted	 107	 238	
643	 5.8316002e-01	 +6.2447705e-03 -1.2348164e-02	 1.04e+00 Accepted	 99	 241	
644	 5.8316002e-01	 +6.2447705e-03 -1.2348164e-02	 8.40e-01 Rejected	 98	 255	
645	 5.8347674e-01	 +5.6829483e-03 -1.2352329e-02	 1.23e+00 Accepted	 106	 323	
646	 5.8371769e-01	 +5.5325045e-03 -9.6148947e-03	 1.10e+00 Accepted	 121	 325	
647	 5.8387500e-01	 +5.5049996e-03 -9.5098416e-03	 1.09e+00 Accepted	 114	 240	
648	 5.8394278e-01	 +5.1158237e-03 -9.1250526e-03	 9.93e-01 Accepted	 97	 225	
649	 5.8408736e-01	 +4.6910596e-03 -8.7196008e-03	 1.26e+00 Accepted	 99	 297	
650	 5.8414981e-01	 +6.5166078e-03 -1.4014105e-02	 7.38e-01 Accepted	 115	 279	
651	 5.8397177e-01	 +5.9452215e-03 -1.1328387e-02	 1.14e+00 Accepted	 114	 316	
652	 5.8422832e-01	 +6.1654847e-03 -1.1725865e-02	 1.03e+00 Accepted	 117	 294	
653	 5.8397452e-01	 +5.7796913e-03 -9.8862390e-03	 9.09e-01 Accepted	 106	 267	
654	 5.8370239e-01	 +6.1738296e-03 -1.2896575e-02	 9.08e-01 Accepted	 101	 236	
655	 5.8389147e-01	 +6.2107049e-03 -1.0577155e-02	 8.44e-01 Accepted	 97	 234	
656	 5.8404292e-01	 +5.4487042e-03 -1.1715580e-02	 1.10e+00 Accepted	 97	 239	
657	 5.8398546e-01	 +6.1142642e-03 -1.0959395e-02	 8.56e-01 Accepted	 96	 228	
658	 5.8398546e-01	 +6.1142642e-03 -1.0959395e-02	 8.84e-01 Rejected	 97	 259	
659	 5.8386792e-01	 +5.6549584e-03 -1.0847500e-02	 9.07e-01 Accepted	 97	 255	
660	 5.8398762e-01	 +2.2974833e-03 -1.5631624e-02	 1.02e+00 Accepted	 100	 244	
661	 5.8363068e-01	 +3.9332987e-03 -1.2282358e-02	 1.01e+00 Accepted	 100	 233	
662	 5.8392708e-01	 +2.1145963e-03 -1.3210787e-02	 1.09e+00 Accepted	 97	 264	
663	 5.8350527e-01	 -1.5935154e-03 -1.2931249e-02	 8.68e-01 Accepted	 102	 246	
664	 5.8382270e-01	 +5.2398505e-03 -1.3870916e-02	 1.09e+00 Accepted	 101	 247	
665	 5.8394959e-01	 +2.0971489e-03 -1.0073614e-02	 1.06e+00 Accepted	 99	 252	
666	 5.8391465e-01	 +4.0046660e-03 -1.0922324e-02	 9.08e-01 Accepted	 100	 247	
667	 5.8403314e-01	 +5.9157279e-03 -9.0679833e-03	 1.24e+00 Accepted	 100	 250	
668	 5.8387325e-01	 +7.1661434e-03 -7.3277039e-03	 6.81e-01 Accepted	 104	 258	
669	 5.8374624e-01	 +4.5587152e-03 -9.5340487e-03	 8.74e-01 Accepted	 99	 264	
670	 5.8383126e-01	 +3.4998179e-04 -1.1458144e-02	 1.11e+00 Accepted	 104	 284	
671	 5.8376936e-01	 +3.7091195e-03 -9.9537015e-03	 9.55e-01 Accepted	 115	 353	
672	 5.8383885e-01	 +5.6337571e-03 -1.0840026e-02	 1.03e+00 Accepted	 123	 327	
673	 5.8390031e-01	 +5.4398974e-03 -1.2215842e-02	 1.21e+00 Accepted	 113	 233	
674	 5.8390031e-01	 +5.4398974e-03 -1.2215842e-02	 7.71e-01 Rejected	 98	 262	
675	 5.8397622e-01	 +3.6899038e-03 -1.1468656e-02	 1.06e+00 Accepted	 97	 246	
676	 5.8402740e-01	 +4.9290019e-03 -8.2847640e-03	 9.42e-01 Accepted	 100	 234	
677	 5.8378550e-01	 +2.9175495e-03 -1.1698769e-02	 1.02e+00 Accepted	 100	 285	
678	 5.8364853e-01	 +1.4955142e-03 -8.6288260e-03	 9.30e-01 Accepted	 106	 250	
679	 5.8393916e-01	 +2.4757211e-03 -7.5028570e-03	 1.20e+00 Accepted	 102	 243	
680	 5.8381324e-01	 +3.7954207e-03 -1.0229598e-02	 1.06e+00 Accepted	 100	 266	
681	 5.8354652e-01	 +3.2739519e-03 -8.4131308e-03	 9.04e-01 Accepted	 100	 251	
682	 5.8412008e-01	 +6.8510791e-03 -1.0825351e-02	 1.10e+00 Accepted	 102	 247	
683	 5.8409625e-01	 +4.1608188e-03 -1.0063012e-02	 1.03e+00 Accepted	 107	 299	
684	 5.8413444e-01	 +5.7205222e-03 -1.2877917e-02	 1.14e+00 Accepted	 114	 327	
685	 5.8403781e-01	 +5.0122325e-03 -1.1771802e-02	 1.07e+00 Accepted	 110	 251	
686	 5.8403936e-01	 +4.3487707e-03 -1.0575797e-02	 1.47e+00 Accepted	 99	 227	
687	 5.8367097e-01	 +5.0366722e-03 -1.0224411e-02	 8.53e-01 Accepted	 95	 238	
688	 5.8363320e-01	 +6.7232725e-03 -1.0903029e-02	 9.41e-01 Accepted	 101	 262	
689	 5.8394609e-01	 +5.2680497e-03 -7.4228598e-03	 1.22e+00 Accepted	 102	 243	
690	 5.8391808e-01	 +2.9743306e-03 -1.2466541e-02	 1.31e+00 Accepted	 98	 243	
691	 5.8391808e-01	 +2.9743306e-03 -1.2466541e-02	 7.13e-01 Rejected	 99	 251	
692	 5.8364076e-01	 +5.4842397e-03 -9.6814743e-03	 8.67e-01 Accepted	 108	 310	
693	 5.8380337e-01	 +2.5071013e-03 -7.9113600e-03	 8.47e-01 Accepted	 109	 236	
694	 5.8374368e-01	 +3.8915061e-03 -8.8065644e-03	 1.26e+00 Accepted	 98	 254	
695	 5.8388735e-01	 +2.5354059e-03 -8.9276263e-03	 9.46e-01 Accepted	 103	 262	
696	 5.8390220e-01	 +3.7341238e-03 -9.3925253e-03	 1.20e+00 Accepted	 103	 258	
697	 5.8378410e-01	 +4.6721423e-03 -8.1857006e-03	 1.02e+00 Accepted	 100	 249	
698	 5.8416947e-01	 +5.2971400e-03 -9.2845690e-03	 1.37e+00 Accepted	 98	 243	
699	 5.8448386e-01	 +3.2288690e-03 -1.3554649e-02	 1.04e+00 Accepted	 97	 254	
700	 5.8450192e-01	 +4.2315685e-03 -9.0119702e-03	 1.05e+00 Accepted	 106	 260	
701	 5.8450334e-01	 +5.6796295e-03 -8.4403021e-03	 9.80e-01 Accepted	 99	 226	
702	 5.8451632e-01	 +5.8331807e-03 -8.9956965e-03	 8.10e-01 Accepted	 98	 236	
703	 5.8398006e-01	 +6.6336035e-03 -1.0725875e-02	 6.82e-01 Accepted	 99	 249	
704	 5.8394753e-01	 +5.6010326e-03 -1.1984467e-02	 1.11e+00 Accepted	 103	 251	
705	 5.8403503e-01	 +4.2046455e-03 -1.1459793e-02	 9.01e-01 Accepted	 102	 269	
706	 5.8412757e-01	 +4.9069880e-03 -1.0028938e-02	 9.53e-01 Accepted	 104	 251	
707	 5.8425118e-01	 +6.6715876e-03 -1.2115834e-02	 7.82e-01 Accepted	 99	 238	
708	 5.8389642e-01	 +3.4301594e-03 -1.2609309e-02	 8.32e-01 Accepted	 98	 236	
709	 5.8370191e-01	 +3.8062780e-03 -1.1627290e-02	 8.31e-01 Accepted	 98	 248	
710	 5.8358908e-01	 +3.3489905e-03 -6.7800024e-03	 1.08e+00 Accepted	 99	 238	
711	 5.8328279e-01	 +2.3248810e-03 -9.8701928e-03	 9.94e-01 Accepted	 99	 254	
712	 5.8359738e-01	 +3.4762117e-03 -8.1596542e-03	 1.16e+00 Accepted	 98	 228	
713	 5.8369911e-01	 +4.6680691e-03 -1.0993593e-02	 9.42e-01 Accepted	 97	 272	
714	 5.8355850e-01	 +3.2948460e-03 -9.3699199e-03	 8.51e-01 Accepted	 105	 257	
715	 5.8347044e-01	 -1.0579063e-04 -1.0935038e-02	 7.28e-01 Accepted	 103	 285	
716	 5.8330105e-01	 +4.2249212e-04 -8.3116379e-03	 9.68e-01 Accepted	 106	 262	
717	 5.8330642e-01	 +5.8559251e-03 -8.8402349e-03	 9.16e-01 Accepted	 101	 268	
718	 5.8345882e-01	 +1.1440790e-03 -1.0142379e-02	 1.23e+00 Accepted	 108	 300	
719	 5.8366372e-01	 +8.6678577e-04 -1.1555801e-02	 1.19e+00 Accepted	 107	 273	
720	 5.8355213e-01	 +4.8549546e-03 -7.0888647e-03	 8.78e-01 Accepted	 114	 287	
721	 5.8388388e-01	 +2.8226138e-03 -7.2084037e-03	 1.17e+00 Accepted	 108	 293	
722	 5.8358859e-01	 +2.6392701e-03 -5.8470735e-03	 8.53e-01 Accepted	 109	 242	
723	 5.8374213e-01	 +4.9258664e-03 -8.3280695e-03	 1.10e+00 Accepted	 103	 290	
724	 5.8393171e-01	 +3.4416195e-03 -7.4778290e-03	 9.20e-01 Accepted	 109	 243	
725	 5.8353310e-01	 +3.1630024e-03 -5.3454071e-03	 7.96e-01 Accepted	 105	 302	
726	 5.8353405e-01	 +2.5003960e-03 -6.0121711e-03	 1.06e+00 Accepted	 112	 258	
727	 5.8402011e-01	 +3.6800439e-03 -4.9715788e-03	 1.41e+00 Accepted	 100	 233	
728	 5.8402011e-01	 +3.6800439e-03 -4.9715788e-03	 7.47e-01 Rejected	 95	 224	
729	 5.8397022e-01	 -4.7285495e-04 -7.4995120e-03	 1.00e+00 Accepted	 96	 242	
730	 5.8403177e-01	 +1.0918761e-04 -6.0667385e-03	 9.61e-01 Accepted	 99	 254	
731	 5.8382608e-01	 -3.5743354e-04 -1.3669122e-02	 9.21e-01 Accepted	 100	 227	
732	 5.8390924e-01	 +4.2424823e-03 -6.6514311e-03	 1.01e+00 Accepted	 97	 275	
733	 5.8380776e-01	 +4.2744209e-03 -1.0504536e-02	 8.48e-01 Accepted	 101	 235	
734	 5.8387404e-01	 +1.1345723e-03 -1.0911001e-02	 1.15e+00 Accepted	 98	 239	
735	 5.8387404e-01	 +1.1345723e-03 -1.0911001e-02	 8.00e-01 Rejected	 99	 235	
736	 5.8410200e-01	 +9.8454451e-04 -8.0293302e-03	 9.83e-01 Accepted	 109	 322	
737	 5.8405893e-01	 +2.1428769e-03 -6.4722518e-03	 1.20e+00 Accepted	 125	 337	
738	 5.8393218e-01	 +7.5150851e-04 -9.7676599e-03	 9.58e-01 Accepted	 119	 258	
739	 5.8406100e-01	 -7.5244130e-04 -8.2686194e-03	 7.84e-01 Accepted	 103	 267	
740	 5.8385119e-01	 +1.0602083e-03 -9.6954130e-03	 6.81e-01 Accepted	 105	 242	
741	 5.8410270e-01	 +6.5411296e-04 -9.0828133e-03	 1.06e+00 Accepted	 103	 263	
742	 5.8402348e-01	 +2.1666330e-03 -9.2515321e-03	 9.56e-01 Accepted	 103	 255	
743	 5.8402348e-01	 +2.1666330e-03 -9.2515321e-03	 6.20e-01 Rejected	 102	 240	
744	 5.8402348e-01	 +2.1666330e-03 -9.2515321e-03	 9.52e-01 Rejected	 103	 247	
745	 5.8402348e-01	 +2.1666330e-03 -9.2515321e-03	 7.63e-01 Rejected	 103	 284	
746	 5.8429359e-01	 +2.0576442e-03 -1.0601357e-02	 1.07e+00 Accepted	 107	 283	
747	 5.8417090e-01	 -1.4809855e-03 -9.7057038e-03	 9.87e-01 Accepted	 107	 249	
748	 5.8417090e-01	 -1.4809855e-03 -9.7057038e-03	 7.02e-01 Rejected	 101	 274	
749	 5.8400192e-01	 -3.1548918e-05 -1.1333425e-02	 1.03e+00 Accepted	 102	 294	
750	 5.8400736e-01	 +3.1398237e-03 -1.2211257e-02	 1.17e+00 Accepted	 114	 324	
751	 5.8400736e-01	 +3.1398237e-03 -1.2211257e-02	 7.10e-01 Rejected	 118	 275	
752	 5.8391396e-01	 +3.2031677e-04 -1.0114454e-02	 8.87e-01 Accepted	 112	 280	
753	 5.8354665e-01	 +2.3017670e-03 -1.2780438e-02	 8.37e-01 Accepted	 110	 288	
754	 5.8386495e-01	 -1.9317121e-03 -1.4560521e-02	 1.09e+00 Accepted	 108	 259	
755	 5.8354740e-01	 +3.1354394e-03 -1.1969014e-02	 7.61e-01 Accepted	 100	 232	
756	 5.8341908e-01	 +1.6521298e-03 -1.1136211e-02	 9.33e-01 Accepted	 97	 240	
757	 5.8364443e-01	 -3.0053102e-04 -1.4407582e-02	 1.10e+00 Accepted	 102	 273	
758	 5.8400890e-01	 -2.4317172e-04 -1.2126284e-02	 1.32e+00 Accepted	 106	 243	
759	 5.8368784e-01	 +1.6162142e-03 -1.0716282e-02	 1.05e+00 Accepted	 99	 278	
760	 5.8376137e-01	 +1.7530730e-03 -1.0384957e-02	 1.50e+00 Accepted	 103	 256	
761	 5.8359681e-01	 +9.5658481e-04 -1.3834964e-02	 9.05e-01 Accepted	 102	 230	
762	 5.8364662e-01	 +4.7581309e-04 -1.2781728e-02	 8.95e-01 Accepted	 97	 264	
763	 5.8364662e-01	 +4.7581309e-04 -1.2781728e-02	 7.82e-01 Rejected	 100	 244	
764	 5.8384329e-01	 -1.4851235e-04 -9.8657656e-03	 1.06e+00 Accepted	 104	 252	
765	 5.8407956e-01	 +2.5578310e-03 -1.1655119e-02	 1.08e+00 Accepted	 102	 259	
766	 5.8352416e-01	 -6.8569362e-04 -9.8813608e-03	 1.17e+00 Accepted	 107	 358	
767	 5.8364454e-01	 +1.6797188e-04 -1.2743309e-02	 7.71e-01 Accepted	 121	 276	
768	 5.8364454e-01	 +1.6797188e-04 -1.2743309e-02	 7.73e-01 Rejected	 108	 283	
769	 5.8346170e-01	 +5.7975652e-04 -1.2419005e-02	 9.00e-01 Accepted	 105	 246	
770	 5.8377191e-01	 -1.5417906e-03 -1.0830122e-02	 8.82e-01 Accepted	 104	 278	
771	 5.8337922e-01	 +7.4882661e-04 -1.0280887e-02	 7.16e-01 Accepted	 113	 336	
772	 5.8340287e-01	 +1.9462505e-04 -1.2089428e-02	 1.07e+00 Accepted	 124	 343	
773	 5.8340873e-01	 -1.9425152e-03 -1.1389259e-02	 1.15e+00 Accepted	 122	 299	
774	 5.8376838e-01	 +1.7887809e-03 -1.2313960e-02	 1.04e+00 Accepted	 109	 255	
775	 5.8383392e-01	 +1.5022800e-03 -1.4171975e-02	 1.10e+00 Accepted	 100	 242	
776	 5.8388764e-01	 -2.8983380e-05 -1.2453133e-02	 9.33e-01 Accepted	 98	 228	
777	 5.8391647e-01	 +1.0870694e-03 -1.1106660e-02	 1.23e+00 Accepted	 96	 257	
778	 5.8360221e-01	 -8.8536854e-04 -1.3001014e-02	 8.61e-01 Accepted	 102	 267	
779	 5.8355584e-01	 +2.6189175e-03 -1.3685299e-02	 1.10e+00 Accepted	 104	 256	
780	 5.8328578e-01	 +4.1594262e-03 -1.2438164e-02	 9.75e-01 Accepted	 103	 258	
781	 5.8359508e-01	 +3.4842759e-05 -1.3176766e-02	 1.14e+00 Accepted	 101	 231	
782	 5.8380052e-01	 +2.6229307e-03 -1.5382266e-02	 1.25e+00 Accepted	 98	 268	
783	 5.8376146e-01	 -9.1730457e-04 -1.4906311e-02	 7.92e-01 Accepted	 100	 238	
784	 5.8393400e-01	 +8.5123045e-04 -1.3575215e-02	 7.83e-01 Accepted	 98	 245	
785	 5.8395500e-01	 -1.7482527e-03 -1.6471504e-02	 1.26e+00 Accepted	 100	 268	
786	 5.8395500e-01	 -1.7482527e-03 -1.6471504e-02	 8.02e-01 Rejected	 107	 272	
787	 5.8395500e-01	 -1.7482527e-03 -1.6471504e-02	 8.10e-01 Rejected	 102	 253	
788	 5.8386430e-01	 -3.6740016e-04 -1.6283765e-02	 8.57e-01 Accepted	 103	 254	
789	 5.8416425e-01	 +9.2372756e-05 -1.4649122e-02	 1.39e+00 Accepted	 99	 245	
790	 5.8377181e-01	 +1.9874550e-03 -1.1817098e-02	 8.69e-01 Accepted	 100	 242	
# Starting_type: CheckpointStart
# Trajectory_length / Number_of_MD_steps: 1 / 8
# 	 Plaquette	 Polyakov_Loop(re,im)	 Acc._Probability	 runtime_per_traj(s)	 CG_iterations	
791	 5.8373154e-01	 +2.7813857e-03 -1.5691772e-02	 9.18e-01 Accepted	 105	 294	
792	 5.8358227e-01	 +1.5171502e-03 -1.2310954e-02	 9.54e-01 Accepted	 116	 258	
793	 5.8381687e-01	 +1.3513647e-03 -1.2233931e-02	 1.25e+00 Accepted	 102	 259	
794	 5.8353673e-01	 -9.6795491e-04 -1.4413946e-02	 8.71e-01 Accepted	 101	 249	
795	 5.8342254e-01	 +2.5613481e-03 -1.4734635e-02	 1.08e+00 Accepted	 102	 264	
796	 5.8383876e-01	 +5.9999768e-04 -1.4653448e-02	 1.06e+00 Accepted	 102	 263	
797	 5.8409082e-01	 +3.3516237e-03 -1.6335242e-02	 9.46e-01 Accepted	 109	 312	
798	 5.8409082e-01	 +3.3516237e-03 -1.6335242e-02	 9.77e-01 Rejected	 122	 340	
799	 5.8415361e-01	 +1.3016049e-03 -1.2527047e-02	 1.35e+00 Accepted	 120	 349	
800	 5.8375268e-01	 +2.9959021e-03 -1.4584694e-02	 7.07e-01 Accepted	 127	 354	
801	 5.8390271e-01	 +9.7076298e-04 -1.6451612e-02	 1.43e+00 Accepted	 120	 261	
802	 5.8382129e-01	 +1.6779254e-03 -1.6030830e-02	 8.94e-01 Accepted	 105	 273	
803	 5.8381029e-01	 +2.1356571e-03 -1.6854132e-02	 9.22e-01 Accepted	 103	 238	
804	 5.8377094e-01	 +2.7038817e-03 -1.3998500e-02	 1.02e+00 Accepted	 98	 277	
805	 5.8367843e-01	 +4.3472091e-04 -1.7991389e-02	 9.21e-01 Accepted	 103	 241	
806	 5.8409563e-01	 -1.2564984e-03 -1.4802042e-02	 1.09e+00 Accepted	 98	 238	
807	 5.8388806e-01	 -2.1764282e-03 -1.3584648e-02	 9.04e-01 Accepted	 100	 260	
808	 5.8391354e-01	 -1.0888834e-03 -1.2624393e-02	 9.84e-01 Accepted	 104	 314	
809	 5.8394223e-01	 -9.5074825e-04 -1.3916758e-02	 8.61e-01 Accepted	 108	 231	
810	 5.8418709e-01	 +3.0633664e-03 -1.2915264e-02	 1.26e+00 Accepted	 97	 237	
811	 5.8396727e-01	 +2.4155836e-03 -1.3959034e-02	 1.12e+00 Accepted	 100	 267	
812	 5.8387824e-01	 -4.2285745e-04 -1.7012053e-02	 8.14e-01 Accepted	 101	 244	
813	 5.8369281e-01	 +2.9603976e-03 -1.6744721e-02	 9.88e-01 Accepted	 99	 240	
814	 5.8339966e-01	 +2.2592366e-03 -1.7016793e-02	 7.79e-01 Accepted	 106	 304	
815	 5.8378089e-01	 +1.2844946e-03 -1.8694641e-02	 1.48e+00 Accepted	 113	 280	
816	 5.8392812e-01	 -1.5623773e-03 -1.7012077e-02	 1.05e+00 Accepted	 102	 228	
817	 5.8426062e-01	 +1.6936247e-03 -1.7185230e-02	 8.42e-01 Accepted	 96	 249	
818	 5.8431387e-01	 +2.7575918e-03 -1.8978740e-02	 1.03e+00 Accepted	 102	 246	
819	 5.8440371e-01	 +8.6385600e-04 -1.9433037e-02	 1.00e+00 Accepted	 98	 234	
820	 5.8429613e-01	 -4.4739278e-04 -1.9020034e-02	 1.18e+00 Accepted	 99	 249	
821	 5.8404296e-01	 -9.5466904e-04 -1.7349017e-02	 7.01e-01 Accepted	 109	 361	
822	 5.8370664e-01	 -1.0114897e-03 -1.5193621e-02	 9.51e-01 Accepted	 126	 359	
823	 5.8385862e-01	 +7.1901344e-04 -2.0069167e-02	 1.01e+00 Accepted	 119	 238	
824	 5.8406134e-01	 -1.3798123e-03 -2.2529608e-02	 1.09e+00 Accepted	 98	 258	
825	 5.8396209e-01	 +6.0740971e-04 -2.1124708e-02	 1.12e+00 Accepted	 105	 294	
826	 5.8354068e-01	 +4.6364389e-04 -2.0605613e-02	 9.14e-01 Accepted	 112	 314	
827	 5.8366812e-01	 +2.2551844e-03 -2.1154823e-02	 8.36e-01 Accepted	 117	 300	
828	 5.8401423e-01	 -2.4302777e-03 -1.7559857e-02	 9.72e-01 Accepted	 115	 298	
829	 5.8376292e-01	 -5.1510546e-05 -1.9082246e-02	 8.97e-01 Accepted	 112	 248	
830	 5.8393120e-01	 -1.5830357e-04 -1.8164457e-02	 1.19e+00 Accepted	 107	 289	
831	 5.8382232e-01	 +1.3491639e-03 -2.1022553e-02	 9.79e-01 Accepted	 109	 279	
832	 5.8396189e-01	 +1.0265638e-03 -1.8257521e-02	 1.14e+00 Accepted	 104	 246	
833	 5.8395232e-01	 -2.2703121e-04 -1.5462817e-02	 9.57e-01 Accepted	 97	 250	
834	 5.8395861e-01	 -5.1017111e-04 -1.7948935e-02	 1.14e+00 Accepted	 99	 235	
835	 5.8397650e-01	 +9.4801394e-04 -1.6101663e-02	 9.89e-01 Accepted	 102	 312	
836	 5.8386250e-01	 +1.5592392e-03 -1.7238366e-02	 8.05e-01 Accepted	 113	 271	
837	 5.8336924e-01	 +2.1954963e-04 -1.7702774e-02	 7.52e-01 Accepted	 105	 256	
838	 5.8410551e-01	 -2.0506794e-03 -1.6676089e-02	 1.35e+00 Accepted	 110	 351	
839	 5.8376224e-01	 -3.5829445e-03 -1.7979950e-02	 7.85e-01 Accepted	 120	 323	
840	 5.8422518e-01	 +2.6703318e-03 -1.7785509e-02	 1.28e+00 Accepted	 115	 268	
841	 5.8419897e-01	 +1.1681671e-03 -1.7890866e-02	 1.04e+00 Accepted	 104	 281	
842	 5.8412789e-01	 -1.4525113e-03 -1.6402543e-02	 9.43e-01 Accepted	 109	 275	
843	 5.8423771e-01	 -1.4346954e-03 -1.8119024e-02	 9.58e-01 Accepted	 103	 234	
844	 5.8412394e-01	 +8.9164145e-04 -1.5254112e-02	 1.00e+00 Accepted	 97	 255	
845	 5.8405757e-01	 -3.3149802e-03 -1.7332198e-02	 1.04e+00 Accepted	 102	 239	
846	 5.8377437e-01	 +3.8266314e-04 -2.0026560e-02	 8.55e-01 Accepted	 97	 251	
847	 5.8349332e-01	 -8.8520695e-04 -2.0166642e-02	 1.18e+00 Accepted	 101	 291	
848	 5.8378264e-01	 -3.7564883e-03 -2.1698841e-02	 1.49e+00 Accepted	 107	 229	
849	 5.8386048e-01	 +1.5069248e-03 -1.7995452e-02	 9.78e-01 Accepted	 96	 240	
850	 5.8376711e-01	 -4.6116301e-04 -1.7503334e-02	 7.63e-01 Accepted	 98	 238	
851	 5.8381962e-01	 -4.1081293e-03 -2.1762241e-02	 1.02e+00 Accepted	 106	 332	
852	 5.8395435e-01	 -1.9397308e-03 -1.9960691e-02	 1.34e+00 Accepted	 119	 264	
853	 5.8389932e-01	 -2.7729733e-03 -1.9222269e-02	 8.35e-01 Accepted	 105	 300	
854	 5.8390831e-01	 -2.9027351e-03 -2.1422892e-02	 8.92e-01 Accepted	 106	 239	
855	 5.8414248e-01	 -1.1597753e-03 -2.2094808e-02	 1.26e+00 Accepted	 99	 258	
856	 5.8439374e-01	 -3.3943572e-03 -2.4700195e-02	 1.21e+00 Accepted	 104	 292	
857	 5.8392406e-01	 -3.2431295e-03 -2.2420106e-02	 6.87e-01 Accepted	 108	 263	
858	 5.8393488e-01	 -3.5739068e-03 -2.3873690e-02	 1.08e+00 Accepted	 103	 237	
859	 5.8357377e-01	 -2.4838784e-03 -1.8663040e-02	 7.54e-01 Accepted	 100	 235	
860	 5.8369114e-01	 -1.9621440e-03 -1.7761307e-02	 1.06e+00 Accepted	 97	 241	
861	 5.8378214e-01	 +5.7522414e-04 -2.2277355e-02	 1.01e+00 Accepted	 99	 233	
862	 5.8396316e-01	 +2.8224927e-04 -2.1915323e-02	 1.21e+00 Accepted	 99	 250	
863	 5.8384443e-01	 +4.5890435e-05 -2.1113726e-02	 9.32e-01 Accepted	 103	 289	
864	 5.8345762e-01	 +3.3115588e-04 -1.9196791e-02	 8.00e-01 Accepted	 112	 310	
865	 5.8348683e-01	 -1.6562401e-03 -2.4064275e-02	 1.20e+00 Accepted	 116	 267	
866	 5.8358663e-01	 -5.8592896e-04 -2.2460299e-02	 8.47e-01 Accepted	 103	 248	
867	 5.8367639e-01	 +1.7539948e-04 -1.9269278e-02	 8.24e-01 Accepted	 100	 250	
868	 5.8351271e-01	 +7.2066519e-04 -2.1928757e-02	 1.33e+00 Accepted	 98	 231	
869	 5.8393077e-01	 +2.2469255e-03 -2.3809655e-02	 1.09e+00 Accepted	 96	 247	
870	 5.8405395e-01	 +3.4205742e-03 -1.9732948e-02	 1.18e+00 Accepted	 100	 243	
871	 5.8390394e-01	 +2.8974784e-03 -1.9948282e-02	 7.14e-01 Accepted	 100	 263	
872	 5.8381666e-01	 +1.5840417e-03 -2.2358069e-02	 9.57e-01 Accepted	 104	 273	
873	 5.8400228e-01	 +2.9722645e-03 -1.8859222e-02	 9.44e-01 Accepted	 101	 247	
874	 5.8382715e-01	 +1.8165120e-03 -2.2486980e-02	 7.58e-01 Accepted	 102	 282	
875	 5.8421577e-01	 +4.2868183e-04 -2.6117972e-02	 1.37e+00 Accepted	 103	 239	
876	 5.8394370e-01	 +8.7193478e-04 -2.1462662e-02	 9.42e-01 Accepted	 103	 306	
877	 5.8401886e-01	 +1.9836397e-03 -2.3685799e-02	 8.96e-01 Accepted	 112	 280	
878	 5.8393830e-01	 -5.7950775e-04 -2.1066354e-02	 7.08e-01 Accepted	 103	 265	
879	 5.8435972e-01	 -1.1403908e-03 -2.0440088e-02	 1.14e+00 Accepted	 103	 283	
880	 5.8435972e-01	 -1.1403908e-03 -2.0440088e-02	 9.97e-01 Rejected	 103	 227	
881	 5.8382901e-01	 -1.3758198e-03 -2.1891430e-02	 7.04e-01 Accepted	 108	 260	
882	 5.8380515e-01	 -1.0642607e-03 -2.7736694e-02	 8.51e-01 Accepted	 109	 268	
883	 5.8373609e-01	 +1.0249931e-04 -2.3487729e-02	 8.21e-01 Accepted	 101	 252	
884	 5.8375933e-01	 +1.6253890e-03 -2.0486894e-02	 9.65e-01 Accepted	 110	 324	
885	 5.8363630e-01	 -2.1341188e-03 -2.1168403e-02	 8.45e-01 Accepted	 113	 261	
886	 5.8373635e-01	 -3.1507920e-03 -2.2941868e-02	 1.08e+00 Accepted	 100	 237	
887	 5.8370794e-01	 +8.9836242e-04 -2.1638399e-02	 1.00e+00 Accepted	 99	 239	
888	 5.8349567e-01	 -2.5373313e-04 -2.0021110e-02	 7.61e-01 Accepted	 101	 259	
889	 5.8355452e-01	 -2.9122682e-03 -1.7868170e-02	 1.08e+00 Accepted	 108	 343	
890	 5.8351971e-01	 -5.4359788e-04 -2.0216359e-02	 1.14e+00 Accepted	 115	 260	
891	 5.8342467e-01	 -3.3364553e-03 -2.0281646e-02	 7.69e-01 Accepted	 99	 249	
892	 5.8342130e-01	 -1.8691808e-04 -2.0862652e-02	 1.02e+00 Accepted	 99	 240	
893	 5.8315313e-01	 -2.5856680e-03 -2.3819308e-02	 9.77e-01 Accepted	 106	 317	
894	 5.8346899e-01	 -1.7920311e-03 -1.9537523e-02	 1.24e+00 Accepted	 116	 279	
895	 5.8353006e-01	 -3.7172414e-06 -2.2904163e-02	 9.42e-01 Accepted	 105	 250	
896	 5.8359403e-01	 -2.2948195e-03 -2.1325409e-02	 1.05e+00 Accepted	 100	 258	
897	 5.8375107e-01	 +1.7529374e-05 -2.0593571e-02	 1.27e+00 Accepted	 106	 309	
898	 5.8384627e-01	 -1.7448291e-03 -2.5804552e-02	 1.00e+00 Accepted	 109	 264	
899	 5.8385331e-01	 -4.5630893e-04 -2.3763930e-02	 1.02e+00 Accepted	 105	 259	
900	 5.8356926e-01	 -1.6481450e-04 -1.9876101e-02	 8.62e-01 Accepted	 101	 251	
901	 5.8347990e-01	 +1.6773671e-03 -2.1476550e-02	 7.92e-01 Accepted	 98	 237	
902	 5.8354094e-01	 -4.9446269e-03 -1.8841657e-02	 1.11e+00 Accepted	 100	 236	
903	 5.8356704e-01	 -1.1573502e-03 -2.0964620e-02	 1.11e+00 Accepted	 96	 237	
904	 5.8365830e-01	 -1.8840725e-03 -1.9756290e-02	 9.89e-01 Accepted	 99	 234	
905	 5.8348574e-01	 -3.7965051e-03 -1.8461312e-02	 8.62e-01 Accepted	 99	 252	
906	 5.8326884e-01	 -1.0024736e-03 -2.2082253e-02	 9.10e-01 Accepted	 100	 242	
907	 5.8354859e-01	 -7.5782422e-04 -2.0889792e-02	 1.16e+00 Accepted	 99	 249	
908	 5.8355748e-01	 -8.7876491e-04 -2.2769304e-02	 1.05e+00 Accepted	 107	 306	
909	 5.8394180e-01	 -1.3139708e-03 -2.2200396e-02	 1.43e+00 Accepted	 115	 310	
910	 5.8368964e-01	 -2.2778513e-03 -2.2433242e-02	 7.38e-01 Accepted	 112	 272	
911	 5.8344744e-01	 +4.8282246e-04 -2.2156535e-02	 8.79e-01 Accepted	 103	 246	
912	 5.8374633e-01	 -7.3050560e-04 -2.2231757e-02	 1.01e+00 Accepted	 106	 323	
913	 5.8358606e-01	 +1.5596612e-03 -2.3144198e-02	 9.79e-01 Accepted	 119	 297	
914	 5.8357804e-01	 -2.8206978e-03 -1.7329672e-02	 9.03e-01 Accepted	 109	 259	
915	 5.8385016e-01	 -1.2861131e-03 -2.2897030e-02	 8.19e-01 Accepted	 112	 342	
916	 5.8428455e-01	 -2.5882257e-03 -2.2253716e-02	 1.30e+00 Accepted	 125	 312	
917	 5.8397127e-01	 -3.0659343e-03 -2.2721386e-02	 8.16e-01 Accepted	 111	 282	
918	 5.8361475e-01	 -2.6963283e-03 -2.2994537e-02	 8.05e-01 Accepted	 106	 253	
919	 5.8330824e-01	 -4.2612462e-03 -2.5315639e-02	 9.42e-01 Accepted	 99	 251	
920	 5.8330824e-01	 -4.2612462e-03 -2.5315639e-02	 8.28e-01 Rejected	 100	 267	
921	 5.8306300e-01	 -2.7245815e-03 -2.3009163e-02	 1.19e+00 Accepted	 103	 233	
922	 5.8259744e-01	 -3.9277406e-03 -2.4772164e-02	 9.86e-01 Accepted	 100	 274	
923	 5.8294111e-01	 +8.7437658e-04 -2.4985481e-02	 1.01e+00 Accepted	 106	 264	
924	 5.8320271e-01	 -2.3558556e-03 -2.5671406e-02	 1.02e+00 Accepted	 103	 285	
925	 5.8352538e-01	 -3.3119003e-04 -2.1658628e-02	 9.80e-01 Accepted	 103	 243	
926	 5.8349504e-01	 -6.1664202e-04 -2.1111701e-02	 1.15e+00 Accepted	 103	 343	
927	 5.8349504e-01	 -6.1664202e-04 -2.1111701e-02	 7.40e-01 Rejected	 115	 230	
928	 5.8339612e-01	 +1.2330704e-04 -2.5076378e-02	 8.73e-01 Accepted	 115	 241	
929	 5.8334154e-01	 -5.2188378e-04 -2.4732132e-02	 1.10e+00 Accepted	 101	 318	
930	 5.8336866e-01	 +2.7085178e-04 -2.1434802e-02	 9.46e-01 Accepted	 112	 238	
931	 5.8370822e-01	 -1.6365818e-03 -2.0802998e-02	 8.74e-01 Accepted	 97	 248	
932	 5.8381656e-01	 -1.3133886e-04 -2.1154221e-02	 1.11e+00 Accepted	 105	 290	
933	 5.8347792e-01	 -4.6364335e-04 -2.1655308e-02	 1.23e+00 Accepted	 105	 262	
934	 5.8352909e-01	 +1.7848360e-03 -2.2193211e-02	 1.02e+00 Accepted	 102	 242	
935	 5.8323792e-01	 -1.0479374e-03 -1.8078555e-02	 7.36e-01 Accepted	 99	 247	
936	 5.8344979e-01	 -1.4030601e-03 -1.9313880e-02	 1.09e+00 Accepted	 103	 248	
937	 5.8361176e-01	 -1.9037688e-03 -2.1333188e-02	 1.01e+00 Accepted	 103	 312	
938	 5.8390120e-01	 -7.3346834e-04 -2.2966184e-02	 1.10e+00 Accepted	 115	 266	
939	 5.8383180e-01	 -2.0334163e-04 -2.2385616e-02	 9.18e-01 Accepted	 104	 241	
940	 5.8395164e-01	 -8.1277286e-05 -2.4028182e-02	 1.05e+00 Accepted	 99	 228	
941	 5.8440587e-01	 +2.4302527e-04 -2.0778871e-02	 1.40e+00 Accepted	 99	 241	
942	 5.8440587e-01	 +2.4302527e-04 -2.0778871e-02	 7.52e-01 Rejected	 97	 246	
943	 5.8460689e-01	 -1.4694959e-03 -2.1885728e-02	 1.19e+00 Accepted	 106	 311	
944	 5.8404961e-01	 -1.9696487e-03 -2.0605620e-02	 8.21e-01 Accepted	 111	 267	
945	 5.8382181e-01	 +1.1280572e-03 -1.9848216e-02	 7.90e-01 Accepted	 107	 289	
946	 5.8408160e-01	 +3.7184075e-03 -2.0141561e-02	 8.56e-01 Accepted	 105	 271	
947	 5.8437363e-01	 +1.9962078e-04 -2.3412842e-02	 1.09e+00 Accepted	 106	 250	
948	 5.8404556e-01	 -2.5249102e-04 -2.1252542e-02	 7.86e-01 Accepted	 100	 242	
949	 5.8383449e-01	 +1.5751628e-03 -2.1615234e-02	 9.89e-01 Accepted	 99	 246	
950	 5.8350048e-01	 +1.7962347e-03 -2.1591540e-02	 1.17e+00 Accepted	 102	 305	
951	 5.8358730e-01	 -6.4107460e-04 -2.4092877e-02	 1.16e+00 Accepted	 108	 256	
952	 5.8356341e-01	 +1.1691208e-03 -2.3960916e-02	 1.08e+00 Accepted	 102	 255	
953	 5.8381076e-01	 -4.9619451e-04 -2.2166573e-02	 8.93e-01 Accepted	 105	 290	
954	 5.8394812e-01	 +4.9139241e-04 -2.0849652e-02	 1.21e+00 Accepted	 105	 243	
955	 5.8381200e-01	 -2.0106764e-03 -2.0398041e-02	 1.15e+00 Accepted	 100	 230	
956	 5.8382828e-01	 -3.0179420e-03 -2.0823195e-02	 1.03e+00 Accepted	 100	 297	
957	 5.8360432e-01	 -1.1126358e-03 -2.3861695e-02	 1.10e+00 Accepted	 111	 245	
958	 5.8372786e-01	 -1.3979920e-03 -2.2454306e-02	 1.06e+00 Accepted	 100	 248	
959	 5.8387749e-01	 -2.9995040e-03 -2.3093305e-02	 1.01e+00 Accepted	 100	 233	
960	 5.8372515e-01	 -1.7904482e-03 -2.4802267e-02	 8.64e-01 Accepted	 101	 263	
961	 5.8409759e-01	 -2.8949534e-03 -2.6694319e-02	 1.33e+00 Accepted	 106	 266	
962	 5.8409820e-01	 -1.9700812e-03 -2.6717738e-02	 8.25e-01 Accepted	 104	 249	
963	 5.8404631e-01	 -1.5014259e-03 -2.6751661e-02	 1.19e+00 Accepted	 102	 295	
964	 5.8438030e-01	 -1.6963308e-03 -2.2571719e-02	 1.02e+00 Accepted	 113	 253	
965	 5.8438030e-01	 -1.6963308e-03 -2.2571719e-02	 8.56e-01 Rejected	 109	 290	
966	 5.8412810e-01	 -3.3097155e-03 -2.5519069e-02	 9.28e-01 Accepted	 104	 277	
967	 5.8402698e-01	 -5.4349843e-03 -2.6516228e-02	 9.01e-01 Accepted	 104	 256	
968	 5.8407021e-01	 -4.4525841e-03 -2.6989009e-02	 1.00e+00 Accepted	 102	 236	
969	 5.8403326e-01	 -7.1263759e-04 -2.6119120e-02	 7.10e-01 Accepted	 96	 233	
970	 5.8389999e-01	 -2.3582418e-03 -2.5889219e-02	 8.89e-01 Accepted	 98	 266	
971	 5.8425008e-01	 -2.2298453e-03 -2.6498207e-02	 1.38e+00 Accepted	 102	 271	
972	 5.8419365e-01	 -4.7206251e-03 -2.7103797e-02	 8.66e-01 Accepted	 102	 250	
973	 5.8419365e-01	 -4.7206251e-03 -2.7103797e-02	 8.22e-01 Rejected	 102	 273	
974	 5.8439113e-01	 -2.7223321e-03 -2.3612840e-02	 1.12e+00 Accepted	 98	 251	
975	 5.8419596e-01	 -5.1695121e-03 -2.3277259e-02	 6.90e-01 Accepted	 102	 252	
976	 5.8390948e-01	 -3.5259994e-03 -2.7965528e-02	 9.29e-01 Accepted	 101	 250	
977	 5.8409321e-01	 -4.0610524e-03 -2.3723034e-02	 1.17e+00 Accepted	 100	 238	
978	 5.8396973e-01	 +1.9540505e-03 -2.5445528e-02	 8.38e-01 Accepted	 101	 275	
979	 5.8387923e-01	 +1.6818962e-04 -2.6183068e-02	 8.43e-01 Accepted	 104	 280	
980	 5.8359139e-01	 -2.6703699e-03 -2.3935369e-02	 9.19e-01 Accepted	 105	 238	
981	 5.8377104e-01	 -1.2724496e-03 -2.2298290e-02	 1.11e+00 Accepted	 100	 244	
982	 5.8374004e-01	 -1.2556169e-03 -2.4028774e-02	 9.77e-01 Accepted	 103	 290	
983	 5.8363490e-01	 +6.1441026e-04 -2.7429428e-02	 9.79e-01 Accepted	 109	 285	
984	 5.8390444e-01	 -3.6650725e-03 -2.3708066e-02	 1.14e+00 Accepted	 109	 298	
985	 5.8407022e-01	 -4.9999211e-03 -2.2962383e-02	 1.13e+00 Accepted	 107	 238	
986	 5.8380632e-01	 +8.4993080e-04 -2.4562486e-02	 1.09e+00 Accepted	 102	 289	
987	 5.8407976e-01	 -2.1949469e-03 -2.3922276e-02	 8.19e-01 Accepted	 105	 283	
988	 5.8389332e-01	 -9.0049087e-04 -2.7740908e-02	 7.26e-01 Accepted	 105	 251	
989	 5.8396570e-01	 -9.3410899e-04 -2.6395977e-02	 7.91e-01 Accepted	 100	 250	
990	 5.8353818e-01	 -1.7474333e-03 -2.6446462e-02	 9.99e-01 Accepted	 103	 291	
991	 5.8380414e-01	 -1.3148883e-03 -2.5493757e-02	 1.23e+00 Accepted	 105	 247	
992	 5.8385497e-01	 -5.9931826e-03 -2.9495615e-02	 1.11e+00 Accepted	 98	 232	
993	 5.8381564e-01	 -3.9337129e-03 -2.2129483e-02	 1.07e+00 Accepted	 95	 226	
994	 5.8385540e-01	 -4.0337874e-03 -2.4733004e-02	 1.29e+00 Accepted	 96	 264	
995	 5.8372744e-01	 -2.9327805e-04 -2.7560642e-02	 9.60e-01 Accepted	 103	 249	
996	 5.8378707e-01	 -9.4707659e-04 -2.7798367e-02	 1.01e+00 Accepted	 104	 272	
997	 5.8386095e-01	 -3.2017340e-03 -2.5438347e-02	 1.18e+00 Accepted	 112	 328	
998	 5.8415148e-01	 -2.8066915e-03 -2.3526121e-02	 1.17e+00 Accepted	 114	 282	
999	 5.8416591e-01	 -1.6262204e-03 -2.1973818e-02	 1.17e+00 Accepted	 105	 233	
1000	 5.8400800e-01	 -3.1132498e-03 -2.4825657e-02	 8.44e-01 Accepted	 96	 254	
1001	 5.8388868e-01	 -4.6027907e-03 -2.5997396e-02	 8.62e-01 Accepted	 101	 263	
1002	 5.8384854e-01	 -1.1783740e-03 -2.3660355e-02	 1.06e+00 Accepted	 100	 233	
1003	 5.8378621e-01	 -1.7179891e-03 -2.2985145e-02	 9.16e-01 Accepted	 98	 246	
1004	 5.8378621e-01	 -1.7179891e-03 -2.2985145e-02	 8.00e-01 Rejected	 109	 307	
1005	 5.8358499e-01	 -6.1427084e-04 -2.2821157e-02	 1.07e+00 Accepted	 100	 252	
1006	 5.8351908e-01	 -3.7141256e-03 -2.6639848e-02	 1.24e+00 Accepted	 105	 283	
1007	 5.8357677e-01	 -5.9107202e-04 -2.6256423e-02	 9.79e-01 Accepted	 102	 241	
1008	 5.8375538e-01	 +1.1299405e-03 -2.5105373e-02	 7.51e-01 Accepted	 100	 240	
1009	 5.8330466e-01	 -2.8717221e-03 -2.2889474e-02	 9.29e-01 Accepted	 99	 261	
1010	 5.8325272e-01	 -4.7729375e-03 -2.4453011e-02	 8.00e-01 Accepted	 105	 273	
1011	 5.8384389e-01	 -3.7898722e-04 -2.4664997e-02	 1.30e+00 Accepted	 106	 258	
1012	 5.8379236e-01	 -1.8207821e-03 -2.5234493e-02	 1.01e+00 Accepted	 107	 302	
1013	 5.8379617e-01	 +5.7291808e-05 -2.6442986e-02	 1.04e+00 Accepted	 111	 301	
1014	 5.8379617e-01	 +5.7291808e-05 -2.6442986e-02	 9.28e-01 Rejected	 109	 250	
1015	 5.8421582e-01	 -1.8502532e-03 -2.7020314e-02	 1.52e+00 Accepted	 109	 248	
1016	 5.8462250e-01	 -1.8032168e-04 -3.0902232e-02	 1.29e+00 Accepted	 102	 276	
1017	 5.8442880e-01	 -1.1288084e-03 -3.1557638e-02	 8.10e-01 Accepted	 106	 268	
1018	 5.8442880e-01	 -1.1288084e-03 -3.1557638e-02	 7.47e-01 Rejected	 101	 230	
1019	 5.8431804e-01	 -1.4386274e-03 -2.9955413e-02	 9.35e-01 Accepted	 102	 267	
1020	 5.8425074e-01	 +6.9918147e-04 -2.7995784e-02	 7.89e-01 Accepted	 102	 241	
1021	 5.8441893e-01	 -1.3829681e-03 -3.1710495e-02	 9.59e-01 Accepted	 103	 291	
1022	 5.8441893e-01	 -1.3829681e-03 -3.1710495e-02	 8.43e-01 Rejected	 111	 255	
1023	 5.8412678e-01	 -2.3990234e-03 -2.8541948e-02	 9.98e-01 Accepted	 112	 275	
1024	 5.8412678e-01	 -2.3990234e-03 -2.8541948e-02	 9.27e-01 Rejected	 103	 229	
1025	 5.8448400e-01	 -2.3163069e-03 -2.6203189e-02	 8.82e-01 Accepted	 108	 297	
1026	 5.8430871e-01	 -7.2748420e-04 -2.6622339e-02	 8.28e-01 Accepted	 106	 236	
1027	 5.8430871e-01	 -7.2748420e-04 -2.6622339e-02	 7.02e-01 Rejected	 96	 231	
1028	 5.8448047e-01	 -1.0639574e-03 -2.6969232e-02	 1.41e+00 Accepted	 99	 268	
1029	 5.8466826e-01	 -1.4517934e-03 -2.6566499e-02	 1.16e+00 Accepted	 103	 263	
1030	 5.8477564e-01	 -4.3694786e-03 -2.8394134e-02	 1.29e+00 Accepted	 104	 265	
1031	 5.8471176e-01	 -2.9632225e-04 -2.6568516e-02	 1.11e+00 Accepted	 107	 261	
1032	 5.8438442e-01	 -9.8745438e-04 -2.5803715e-02	 9.60e-01 Accepted	 106	 252	
1033	 5.8407596e-01	 -1.9006353e-03 -2.6495101e-02	 8.13e-01 Accepted	 104	 297	
1034	 5.8407596e-01	 -1.9006353e-03 -2.6495101e-02	 7.13e-01 Rejected	 114	 292	
1035	 5.8407596e-01	 -1.9006353e-03 -2.6495101e-02	 8.44e-01 Rejected	 115	 324	
1036	 5.8391305e-01	 -1.5902549e-03 -2.5320454e-02	 1.07e+00 Accepted	 111	 260	
1037	 5.8394182e-01	 -2.4901409e-05 -2.4848148e-02	 8.83e-01 Accepted	 100	 246	
1038	 5.8395366e-01	 +1.3734977e-04 -2.3335719e-02	 1.03e+00 Accepted	 99	 228	
1039	 5.8412031e-01	 +1.5065502e-06 -2.3478185e-02	 9.67e-01 Accepted	 95	 225	
1040	 5.8395638e-01	 -1.2440924e-03 -2.3782862e-02	 1.02e+00 Accepted	 95	 233	
1041	 5.8395638e-01	 -1.2440924e-03 -2.3782862e-02	 8.30e-01 Rejected	 104	 277	
1042	 5.8395638e-01	 -1.2440924e-03 -2.3782862e-02	 8.41e-01 Rejected	 98	 230	
1043	 5.8389595e-01	 -2.2580482e-03 -2.5902140e-02	 1.25e+00 Accepted	 98	 260	
1044	 5.8389595e-01	 -2.2580482e-03 -2.5902140e-02	 8.52e-01 Rejected	 107	 303	
1045	 5.8385730e-01	 -2.0825957e-03 -2.5181949e-02	 9.07e-01 Accepted	 109	 323	
1046	 5.8374433e-01	 -4.0444625e-03 -2.5739349e-02	 6.90e-01 Accepted	 113	 276	
1047	 5.8369178e-01	 -3.8977548e-03 -2.4648202e-02	 8.50e-01 Accepted	 105	 262	
1048	 5.8409706e-01	 -1.4048224e-03 -2.6361949e-02	 1.21e+00 Accepted	 99	 239	
1049	 5.8400523e-01	 -3.9124461e-03 -2.6402268e-02	 9.44e-01 Accepted	 98	 247	
1050	 5.8410704e-01	 -1.7684379e-04 -2.7860206e-02	 1.07e+00 Accepted	 104	 261	
1051	 5.8404993e-01	 -5.2117410e-04 -2.6911374e-02	 8.95e-01 Accepted	 101	 259	
1052	 5.8411857e-01	 -3.5866396e-03 -2.4442299e-02	 8.50e-01 Accepted	 101	 237	
1053	 5.8426877e-01	 -2.2975605e-03 -2.3855021e-02	 1.01e+00 Accepted	 98	 243	
1054	 5.8407540e-01	 -1.3637784e-03 -2.6124430e-02	 1.13e+00 Accepted	 96	 238	
1055	 5.8440127e-01	 -2.2227575e-03 -2.5562853e-02	 1.03e+00 Accepted	 101	 256	
1056	 5.8421731e-01	 -1.5224989e-03 -2.4929115e-02	 9.39e-01 Accepted	 105	 283	
1057	 5.8415030e-01	 -7.0996388e-03 -2.8017177e-02	 8.63e-01 Accepted	 109	 238	
1058	 5.8427509e-01	 +2.2105505e-06 -2.8498640e-02	 1.05e+00 Accepted	 103	 307	
1059	 5.8403521e-01	 -5.9974403e-03 -2.8438719e-02	 1.09e+00 Accepted	 113	 275	
1060	 5.8367787e-01	 -3.2017515e-03 -2.7734070e-02	 9.84e-01 Accepted	 103	 240	
1061	 5.8370566e-01	 -3.4094557e-03 -2.7196727e-02	 1.00e+00 Accepted	 100	 264	
1062	 5.8398863e-01	 -2.3801878e-03 -2.8201128e-02	 1.19e+00 Accepted	 99	 231	
1063	 5.8431230e-01	 -1.6306253e-03 -2.8019151e-02	 1.22e+00 Accepted	 98	 243	
1064	 5.8404763e-01	 -1.8384882e-04 -2.7566202e-02	 1.03e+00 Accepted	 98	 231	
1065	 5.8358052e-01	 -2.2167371e-04 -2.7144986e-02	 8.36e-01 Accepted	 98	 257	
1066	 5.8400426e-01	 -3.0802450e-03 -2.7695754e-02	 1.18e+00 Accepted	 109	 317	
1067	 5.8362471e-01	 -5.5762026e-03 -2.4997804e-02	 9.58e-01 Accepted	 113	 288	
1068	 5.8379778e-01	 -2.2497198e-03 -2.6879308e-02	 1.27e+00 Accepted	 114	 322	
1069	 5.8397787e-01	 -5.8799611e-03 -2.6507769e-02	 1.21e+00 Accepted	 121	 310	
1070	 5.8345680e-01	 -2.6393913e-03 -2.7251527e-02	 8.63e-01 Accepted	 114	 281	
1071	 5.8343930e-01	 -7.1050092e-04 -2.8354762e-02	 1.44e+00 Accepted	 104	 257	
1072	 5.8374046e-01	 -2.6591572e-03 -2.6087385e-02	 1.06e+00 Accepted	 102	 263	
1073	 5.8388147e-01	 +9.3541776e-05 -2.4492152e-02	 1.00e+00 Accepted	 101	 240	
1074	 5.8403941e-01	 -1.5647824e-03 -2.5536142e-02	 1.10e+00 Accepted	 101	 268	
1075	 5.8365196e-01	 -3.0945052e-03 -2.6203261e-02	 8.00e-01 Accepted	 101	 235	
1076	 5.8417774e-01	 +1.3092490e-03 -2.5913593e-02	 1.24e+00 Accepted	 96	 235	
1077	 5.8400706e-01	 -2.3108294e-03 -2.9797481e-02	 1.21e+00 Accepted	 103	 298	
1078	 5.8402021e-01	 -1.9553522e-03 -3.1107492e-02	 1.04e+00 Accepted	 115	 333	
1079	 5.8376166e-01	 -5.1287727e-04 -2.6626650e-02	 7.49e-01 Accepted	 109	 245	
1080	 5.8436378e-01	 -8.2087217e-05 -2.7190511e-02	 1.26e+00 Accepted	 99	 256	
1081	 5.8406694e-01	 -2.7031736e-03 -2.4714832e-02	 7.08e-01 Accepted	 100	 232	
1082	 5.8392752e-01	 -9.8387190e-04 -2.5145264e-02	 1.07e+00 Accepted	 97	 241	
1083	 5.8389455e-01	 +3.4261660e-03 -3.0451680e-02	 8.84e-01 Accepted	 100	 275	
1084	 5.8381107e-01	 -4.7312654e-03 -2.9247859e-02	 9.46e-01 Accepted	 106	 278	
1085	 5.8378661e-01	 -2.2291980e-03 -3.2197602e-02	 1.26e+00 Accepted	 121	 374	
1086	 5.8408640e-01	 -4.8360992e-03 -2.7916228e-02	 8.80e-01 Accepted	 123	 295	
1087	 5.8423154e-01	 -1.5997273e-03 -2.9438621e-02	 9.80e-01 Accepted	 108	 273	
1088	 5.8400810e-01	 -2.0272155e-03 -2.7486060e-02	 8.69e-01 Accepted	 104	 259	
1089	 5.8405886e-01	 -2.0058620e-03 -2.9071157e-02	 1.02e+00 Accepted	 103	 290	
1090	 5.8385204e-01	 -1.6899121e-03 -2.8109231e-02	 9.71e-01 Accepted	 106	 228	
1091	 5.8381931e-01	 -5.2085989e-03 -2.6081868e-02	 8.60e-01 Accepted	 100	 339	
1092	 5.8381931e-01	 -5.2085989e-03 -2.6081868e-02	 8.88e-01 Rejected	 116	 300	
1093	 5.8395336e-01	 -2.6055465e-03 -3.0324873e-02	 1.00e+00 Accepted	 125	 337	
1094	 5.8395336e-01	 -2.6055465e-03 -3.0324873e-02	 7.61e-01 Rejected	 119	 314	
1095	 5.8378485e-01	 +5.1683789e-05 -2.8339208e-02	 8.92e-01 Accepted	 119	 271	
1096	 5.8444926e-01	 -1.0137869e-03 -2.8628242e-02	 1.21e+00 Accepted	 109	 289	
1097	 5.8449790e-01	 -2.8355957e-03 -2.9399122e-02	 9.17e-01 Accepted	 112	 307	
1098	 5.8415849e-01	 -1.4495863e-03 -3.1974749e-02	 7.02e-01 Accepted	 109	 256	
1099	 5.8410467e-01	 -4.1664208e-04 -2.9828278e-02	 1.18e+00 Accepted	 100	 228	
1100	 5.8419797e-01	 -1.3051684e-03 -2.9328010e-02	 1.32e+00 Accepted	 96	 248	
1101	 5.8355344e-01	 -3.6024109e-03 -2.8776240e-02	 6.94e-01 Accepted	 105	 302	
1102	 5.8410663e-01	 -1.1098122e-03 -2.7743689e-02	 1.15e+00 Accepted	 107	 251	
1103	 5.8377232e-01	 -2.7647732e-03 -2.9882628e-02	 7.93e-01 Accepted	 99	 231	
1104	 5.8407142e-01	 -3.5299781e-03 -2.9240483e-02	 1.39e+00 Accepted	 98	 257	
1105	 5.8441240e-01	 -5.6563973e-04 -2.5772440e-02	 1.38e+00 Accepted	 102	 253	
1106	 5.8407437e-01	 -3.6596775e-03 -2.7489406e-02	 7.37e-01 Accepted	 99	 246	
1107	 5.8365904e-01	 -1.3381578e-03 -2.9318221e-02	 9.53e-01 Accepted	 100	 233	
1108	 5.8381992e-01	 +7.9630947e-04 -2.6763865e-02	 1.24e+00 Accepted	 97	 239	
1109	 5.8383243e-01	 -2.1024227e-03 -3.0558626e-02	 8.11e-01 Accepted	 98	 237	
1110	 5.8383467e-01	 +1.0053233e-03 -3.0235646e-02	 1.04e+00 Accepted	 98	 262	
1111	 5.8405162e-01	 -1.6394614e-03 -3.0760239e-02	 1.31e+00 Accepted	 105	 306	
1112	 5.8378358e-01	 +3.6105688e-04 -2.5124656e-02	 9.39e-01 Accepted	 119	 303	
1113	 5.8352173e-01	 +1.1870354e-03 -3.0772912e-02	 9.78e-01 Accepted	 108	 236	
1114	 5.8336355e-01	 +5.0360593e-03 -2.6854784e-02	 8.60e-01 Accepted	 97	 230	
1115	 5.8360537e-01	 +2.8947676e-03 -2.7871548e-02	 1.12e+00 Accepted	 98	 265	
1116	 5.8398050e-01	 +1.4981990e-04 -3.0333945e-02	 1.28e+00 Accepted	 103	 253	
1117	 5.8416736e-01	 +1.1938682e-03 -2.9253091e-02	 9.45e-01 Accepted	 101	 272	
1118	 5.8426042e-01	 +1.5042421e-03 -3.3657654e-02	 1.39e+00 Accepted	 104	 246	
1119	 5.8424851e-01	 +2.3594896e-03 -3.1040591e-02	 1.20e+00 Accepted	 102	 274	
1120	 5.8428708e-01	 +3.2916577e-03 -2.6945312e-02	 9.04e-01 Accepted	 105	 263	
1121	 5.8435176e-01	 +7.0216131e-04 -2.9400834e-02	 1.05e+00 Accepted	 107	 276	
1122	 5.8434929e-01	 +8.9551649e-04 -2.8639389e-02	 1.06e+00 Accepted	 106	 236	
1123	 5.8426243e-01	 +2.9339219e-05 -2.7563641e-02	 9.59e-01 Accepted	 97	 251	
1124	 5.8431232e-01	 +1.0794578e-03 -3.1535865e-02	 9.15e-01 Accepted	 99	 243	
1125	 5.8431232e-01	 +1.0794578e-03 -3.1535865e-02	 6.90e-01 Rejected	 100	 249	
1126	 5.8435898e-01	 +1.1729041e-03 -2.8962400e-02	 1.10e+00 Accepted	 98	 255	
1127	 5.8475465e-01	 +1.3650774e-03 -3.1874090e-02	 1.08e+00 Accepted	 99	 231	
1128	 5.8426447e-01	 +9.9025902e-04 -2.8979392e-02	 8.86e-01 Accepted	 95	 225	
1129	 5.8440332e-01	 -8.3650534e-04 -2.7759091e-02	 8.07e-01 Accepted	 97	 236	
1130	 5.8425587e-01	 +1.3734838e-03 -2.9704073e-02	 9.10e-01 Accepted	 97	 238	
1131	 5.8434088e-01	 -1.2322720e-03 -2.6791066e-02	 1.25e+00 Accepted	 101	 282	
1132	 5.8420735e-01	 -9.6759769e-04 -3.1493722e-02	 8.59e-01 Accepted	 106	 261	
1133	 5.8412351e-01	 -1.5656373e-03 -2.7779033e-02	 1.24e+00 Accepted	 101	 257	
1134	 5.8412317e-01	 -2.5642779e-03 -2.5814586e-02	 9.90e-01 Accepted	 98	 229	
1135	 5.8430950e-01	 +1.4383683e-03 -2.5816849e-02	 1.16e+00 Accepted	 100	 263	
1136	 5.8387291e-01	 +1.3804708e-04 -2.5248311e-02	 8.24e-01 Accepted	 106	 276	
1137	 5.8367140e-01	 +1.8454682e-03 -3.0317349e-02	 7.47e-01 Accepted	 103	 232	
1138	 5.8323939e-01	 +4.4379688e-04 -3.0920496e-02	 1.03e+00 Accepted	 99	 263	
1139	 5.8361963e-01	 -3.0008017e-03 -2.9969324e-02	 1.01e+00 Accepted	 107	 288	
1140	 5.8329139e-01	 -5.7267010e-05 -2.8525575e-02	 6.98e-01 Accepted	 110	 297	
1141	 5.8347321e-01	 +3.7249391e-05 -2.8086071e-02	 1.09e+00 Accepted	 108	 245	
1142	 5.8392899e-01	 -1.3495101e-03 -3.2201885e-02	 1.29e+00 Accepted	 99	 245	
1143	 5.8379820e-01	 -7.5934699e-04 -2.8407258e-02	 1.14e+00 Accepted	 98	 253	
1144	 5.8379931e-01	 +6.4171069e-04 -2.9502474e-02	 1.32e+00 Accepted	 103	 246	
1145	 5.8379931e-01	 +6.4171069e-04 -2.9502474e-02	 9.65e-01 Rejected	 98	 248	
1146	 5.8408296e-01	 -1.8851457e-03 -3.1600649e-02	 1.14e+00 Accepted	 102	 262	
1147	 5.8408296e-01	 -1.8851457e-03 -3.1600649e-02	 6.79e-01 Rejected	 102	 252	
1148	 5.8391242e-01	 +5.4283689e-03 -2.9461460e-02	 1.06e+00 Accepted	 103	 258	
1149	 5.8407536e-01	 -2.6126185e-03 -2.4747265e-02	 8.79e-01 Accepted	 99	 234	
1150	 5.8386038e-01	 +2.6329149e-03 -2.6025127e-02	 8.93e-01 Accepted	 102	 249	
1151	 5.8459119e-01	 +2.7473708e-03 -2.7517195e-02	 1.40e+00 Accepted	 101	 237	
1152	 5.8413387e-01	 +9.9753244e-05 -2.8316890e-02	 7.01e-01 Accepted	 97	 232	
1153	 5.8434019e-01	 -3.4311662e-04 -3.0544902e-02	 1.09e+00 Accepted	 97	 236	
1154	 5.8457850e-01	 -1.3114443e-03 -2.7961561e-02	 1.35e+00 Accepted	 97	 236	
1155	 5.8450906e-01	 -3.4212239e-03 -2.9077280e-02	 8.46e-01 Accepted	 98	 268	
1156	 5.8420105e-01	 -4.6414347e-04 -2.9575342e-02	 9.90e-01 Accepted	 103	 236	
1157	 5.8413440e-01	 -1.5347474e-04 -3.1851601e-02	 9.32e-01 Accepted	 97	 242	
1158	 5.8440136e-01	 +1.6080766e-03 -3.4125884e-02	 1.08e+00 Accepted	 100	 237	
1159	 5.8440136e-01	 +1.6080766e-03 -3.4125884e-02	 6.52e-01 Rejected	 107	 314	
1160	 5.8401109e-01	 +2.0195067e-03 -3.2207760e-02	 7.35e-01 Accepted	 99	 245	
1161	 5.8433298e-01	 -1.0132718e-04 -3.4783590e-02	 1.32e+00 Accepted	 99	 272	
1162	 5.8444761e-01	 +3.4676911e-03 -3.3614830e-02	 1.20e+00 Accepted	 105	 228	
1163	 5.8427708e-01	 +2.0926748e-03 -3.3989306e-02	 9.54e-01 Accepted	 95	 228	
1164	 5.8427708e-01	 +2.0926748e-03 -3.3989306e-02	 7.75e-01 Rejected	 98	 242	
1165	 5.8425009e-01	 +1.5305482e-03 -3.3198094e-02	 8.35e-01 Accepted	 97	 262	
1166	 5.8431397e-01	 +1.0670682e-03 -3.5470470e-02	 1.04e+00 Accepted	 103	 278	
1167	 5.8385026e-01	 +8.0095151e-04 -3.5455349e-02	 7.98e-01 Accepted	 107	 281	
