# Starting_type: HotStart
# serial RNG seed: 	[1013 59780 64909 62313 29866]
# parallel RNG seed:	[43653 50615 14706 52682 44528]
# Trajectory_length / Number_of_MD_steps: 1 / 8
# 	 Plaquette	 Polyakov_Loop(re,im)	 Acc._Probability	 runtime_per_traj(s)	 CG_iterations	
1	 2.2594632e-01	 -2.2394290e-04 +8.4151369e-05	 8.17e+28 Accepted	 221	 905	
2	 3.1853930e-01	 +4.2759681e-04 -2.3488531e-04	 7.03e+15 Accepted	 279	 1085	
3	 3.6972820e-01	 +2.1630093e-04 -1.5825582e-03	 8.23e+09 Accepted	 308	 1152	
4	 4.0259773e-01	 +2.8359431e-04 -3.2263955e-03	 5.01e+06 Accepted	 318	 1181	
5	 4.2688041e-01	 +1.6868538e-03 +2.3987066e-04	 4.16e+04 Accepted	 321	 1187	
6	 4.4540918e-01	 +1.6264368e-03 +3.2306180e-04	 3.21e+03 Accepted	 322	 1189	
7	 4.6179615e-01	 -3.4875927e-03 +2.5139135e-03	 4.28e+02 Accepted	 323	 1184	
8	 4.7525252e-01	 +2.1055425e-03 +4.5328270e-04	 5.50e+02 Accepted	 323	 1181	
9	 4.8770296e-01	 +1.6200836e-04 -3.7317667e-04	 1.01e+02 Accepted	 321	 1169	
10	 4.9873280e-01	 +6.1312090e-04 +2.3531094e-04	 7.67e+01 Accepted	 319	 1162	
11	 5.0854111e-01	 -2.0545946e-05 -4.5399793e-04	 6.10e+01 Accepted	 317	 1161	
12	 5.1711067e-01	 +1.1745578e-03 -5.2639100e-04	 1.09e+01 Accepted	 316	 1144	
13	 5.2523396e-01	 +1.1559604e-03 +8.2469916e-04	 3.70e+01 Accepted	 312	 1143	
14	 5.3245687e-01	 -5.9329188e-04 +1.7039181e-04	 1.87e+01 Accepted	 311	 1126	
15	 5.3938173e-01	 -3.4277334e-04 -3.0281793e-03	 3.16e+01 Accepted	 308	 1120	
16	 5.4513511e-01	 +1.3755169e-03 -2.0917471e-03	 8.60e+00 Accepted	 307	 1098	
17	 5.4973411e-01	 +1.3024700e-03 -2.2046857e-03	 7.66e+00 Accepted	 303	 1115	
18	 5.5415883e-01	 +7.3008594e-04 -2.4246520e-03	 5.56e+00 Accepted	 305	 1074	
19	 5.5779026e-01	 +1.0731826e-03 +4.9020141e-04	 5.04e+00 Accepted	 297	 1056	
20	 5.6096197e-01	 -6.1872014e-04 -5.4476744e-06	 2.28e+00 Accepted	 295	 1053	
21	 5.6352284e-01	 -1.9384032e-03 +7.5015514e-04	 3.10e+00 Accepted	 291	 1046	
22	 5.6567695e-01	 +2.1400147e-03 +4.1828178e-03	 1.36e+00 Accepted	 290	 1008	
23	 5.6768727e-01	 -1.9734457e-03 +5.4153598e-04	 1.97e+00 Accepted	 278	 979	
24	 5.6909951e-01	 -1.4061859e-03 +2.3983451e-03	 2.00e+00 Accepted	 276	 1007	
25	 5.7091242e-01	 -3.9721335e-03 +2.7698795e-03	 2.12e+00 Accepted	 277	 999	
26	 5.7175635e-01	 -1.2268467e-03 +8.0455236e-04	 1.32e+00 Accepted	 277	 935	
27	 5.7200231e-01	 -2.7115105e-03 -1.3281763e-03	 1.07e+00 Accepted	 268	 970	
28	 5.7238693e-01	 -4.0035652e-04 -3.2233356e-04	 1.42e+00 Accepted	 272	 975	
29	 5.7280726e-01	 -2.7433965e-03 -7.8987253e-04	 1.23e+00 Accepted	 277	 982	
30	 5.7414028e-01	 +1.1509629e-03 -4.9984883e-04	 1.52e+00 Accepted	 269	 942	
31	 5.7449278e-01	 -1.5543101e-03 -2.0214126e-03	 1.06e+00 Accepted	 264	 917	
32	 5.7493485e-01	 -1.7596100e-03 -1.0224419e-03	 1.10e+00 Accepted	 263	 918	
33	 5.7525446e-01	 -1.7280326e-03 +3.8470588e-04	 1.17e+00 Accepted	 258	 917	
34	 5.7519155e-01	 -2.5327574e-03 +1.2617532e-03	 9.78e-01 Accepted	 262	 903	
35	 5.7556191e-01	 -1.4691986e-03 +3.4673054e-03	 1.13e+00 Accepted	 258	 876	
36	 5.7570451e-01	 -1.2178758e-03 +1.8787718e-03	 1.23e+00 Accepted	 244	 834	
37	 5.7566637e-01	 -2.1908665e-03 +6.3537126e-03	 8.69e-01 Accepted	 240	 921	
38	 5.7622771e-01	 -2.6549155e-03 +4.4316089e-03	 1.38e+00 Accepted	 252	 847	
39	 5.7606144e-01	 -2.8152540e-03 +4.9004003e-03	 8.55e-01 Accepted	 243	 826	
40	 5.7598622e-01	 -1.7938889e-03 +6.0447969e-03	 1.03e+00 Accepted	 239	 825	
41	 5.7632253e-01	 -3.0214806e-03 +3.8187863e-03	 1.90e+00 Accepted	 241	 872	
42	 5.7646105e-01	 +1.0642294e-03 +2.9487291e-03	 8.51e-01 Accepted	 248	 858	
43	 5.7677094e-01	 -1.1685025e-03 +1.4715379e-03	 9.84e-01 Accepted	 249	 898	
44	 5.7718434e-01	 -4.8354591e-05 +3.6923390e-03	 9.23e-01 Accepted	 252	 840	
45	 5.7724305e-01	 -2.0994566e-03 +1.5293237e-03	 1.20e+00 Accepted	 251	 862	
46	 5.7716443e-01	 -4.4211707e-04 -3.3036328e-04	 6.50e-01 Accepted	 249	 877	
47	 5.7718174e-01	 +2.6387041e-03 +5.4630184e-03	 1.15e+00 Accepted	 247	 826	
48	 5.7697478e-01	 +3.7978470e-04 +4.8111687e-03	 8.67e-01 Accepted	 237	 826	
49	 5.7707728e-01	 +1.3851482e-03 +6.3705213e-03	 8.84e-01 Accepted	 233	 817	
50	 5.7714564e-01	 +2.1498080e-04 +7.6979022e-04	 8.53e-01 Accepted	 233	 822	
51	 5.7741818e-01	 -9.0713975e-04 +3.0345741e-03	 1.23e+00 Accepted	 236	 850	
52	 5.7725722e-01	 -1.2175588e-03 +3.8905974e-03	 1.21e+00 Accepted	 246	 853	
53	 5.7724076e-01	 +4.4076135e-05 +5.1819549e-03	 8.90e-01 Accepted	 243	 796	
54	 5.7687782e-01	 +2.9632603e-03 +2.8062540e-03	 7.96e-01 Accepted	 226	 789	
55	 5.7746871e-01	 -2.5796435e-03 +2.8201225e-03	 1.35e+00 Accepted	 230	 801	
56	 5.7767880e-01	 -2.2278746e-03 +5.7495493e-03	 8.96e-01 Accepted	 226	 767	
57	 5.7771102e-01	 -1.9822510e-03 +7.1177064e-03	 8.21e-01 Accepted	 226	 816	
58	 5.7737112e-01	 +1.0281053e-03 +2.9284323e-03	 7.57e-01 Accepted	 241	 866	
59	 5.7759635e-01	 +1.8057919e-03 +2.5785297e-03	 1.02e+00 Accepted	 236	 756	
60	 5.7782377e-01	 +1.2614407e-03 +2.9836424e-03	 9.25e-01 Accepted	 224	 819	
61	 5.7788579e-01	 -2.9866714e-04 +3.6654479e-03	 1.19e+00 Accepted	 239	 850	
62	 5.7738281e-01	 +1.8929964e-03 +2.8593786e-03	 8.87e-01 Accepted	 243	 812	
63	 5.7708843e-01	 +3.5228966e-03 +9.7526000e-04	 9.81e-01 Accepted	 233	 753	
64	 5.7730262e-01	 +2.0102644e-03 +3.7228407e-03	 1.00e+00 Accepted	 219	 760	
65	 5.7706686e-01	 +2.8983898e-03 +8.0807043e-03	 7.41e-01 Accepted	 220	 761	
66	 5.7720521e-01	 +2.1260017e-03 +2.6361528e-03	 8.35e-01 Accepted	 218	 752	
67	 5.7737447e-01	 +7.0678165e-04 +4.6463308e-03	 1.15e+00 Accepted	 217	 753	
68	 5.7750217e-01	 +2.1840094e-03 +3.8703322e-03	 1.21e+00 Accepted	 218	 757	
69	 5.7765365e-01	 +2.1374398e-03 +3.7176058e-03	 8.72e-01 Accepted	 217	 764	
70	 5.7768126e-01	 +2.7936231e-03 +3.8164649e-03	 1.21e+00 Accepted	 222	 761	
71	 5.7783621e-01	 +1.9479645e-03 +5.1788450e-03	 1.47e+00 Accepted	 224	 779	
72	 5.7807929e-01	 +1.1763697e-03 +7.7416468e-03	 1.23e+00 Accepted	 225	 758	
73	 5.7833511e-01	 +4.9288482e-03 +7.5972727e-03	 1.22e+00 Accepted	 220	 757	
74	 5.7830887e-01	 +2.4941262e-03 +5.1086413e-03	 1.01e+00 Accepted	 217	 757	
75	 5.7824304e-01	 +1.2107550e-03 +3.8890983e-03	 7.42e-01 Accepted	 218	 750	
76	 5.7825904e-01	 -2.0105309e-03 +7.0656523e-03	 8.47e-01 Accepted	 218	 751	
77	 5.7841423e-01	 +7.9995295e-04 +5.1004503e-03	 1.03e+00 Accepted	 220	 770	
78	 5.7821714e-01	 +2.9649096e-03 +8.2181245e-03	 9.10e-01 Accepted	 222	 754	
79	 5.7813666e-01	 +4.0799955e-03 +6.2359800e-03	 1.35e+00 Accepted	 219	 756	
80	 5.7810707e-01	 +2.5871719e-03 +6.1613460e-03	 1.25e+00 Accepted	 220	 770	
81	 5.7852986e-01	 +1.7079794e-03 +2.5468695e-03	 1.01e+00 Accepted	 223	 779	
82	 5.7833099e-01	 +2.6178206e-03 +2.9594727e-03	 6.73e-01 Accepted	 224	 763	
83	 5.7836639e-01	 +5.0924381e-03 +3.0100855e-03	 9.44e-01 Accepted	 220	 763	
84	 5.7789780e-01	 +4.5078785e-03 +5.0766644e-03	 7.45e-01 Accepted	 221	 752	
85	 5.7787459e-01	 +1.4774900e-03 +4.3988377e-03	 1.52e+00 Accepted	 218	 753	
86	 5.7801804e-01	 +4.7269953e-03 +1.4085499e-03	 1.01e+00 Accepted	 217	 753	
87	 5.7821727e-01	 +3.8120178e-03 +4.9525271e-03	 8.74e-01 Accepted	 218	 764	
88	 5.7780232e-01	 +4.1936430e-03 +4.7529683e-03	 6.46e-01 Accepted	 220	 774	
