# Starting_type: ColdStart
# serial RNG seed: 	[15824 64803 12451 61263 30157]
# parallel RNG seed:	[15251 33453 3786 18005 61296]
# Trajectory_length / Number_of_MD_steps: 1 / 7
# 	 Plaquette	 Polyakov_Loop(re,im)	 Acc._Probability	 runtime_per_traj(s)	 CG_iterations	
1	 8.0373867e-01	 +4.2860156e-01 -7.3880562e-04	 1.10e-31 Skipping	 118	 472	
2	 7.2968050e-01	 +2.5419138e-01 -1.7911544e-03	 2.02e-16 Skipping	 152	 578	
3	 6.8314132e-01	 +1.7630147e-01 -9.6309565e-06	 2.23e-11 Skipping	 173	 670	
4	 6.4988274e-01	 +1.2800777e-01 +1.2114166e-03	 1.57e-08 Skipping	 187	 757	
5	 6.2603007e-01	 +9.8164281e-02 -4.5701457e-04	 3.10e-06 Skipping	 206	 838	
6	 6.0927052e-01	 +8.3152668e-02 -2.0403102e-03	 1.28e-04 Skipping	 221	 911	
7	 5.9642596e-01	 +7.0596238e-02 +4.1823808e-04	 9.65e-04 Skipping	 237	 999	
8	 5.8739882e-01	 +6.0623355e-02 -1.6475386e-04	 6.38e-03 Skipping	 250	 1018	
9	 5.8108886e-01	 +5.8513952e-02 -4.8001188e-04	 3.91e-02 Skipping	 257	 1053	
10	 5.7611363e-01	 +5.3022906e-02 -2.4374659e-03	 1.03e-01 Skipping	 267	 1128	
11	 5.7257927e-01	 +4.8937774e-02 +2.7619642e-03	 1.80e-01 Skipping	 283	 1227	
12	 5.7018687e-01	 +4.2947203e-02 -6.9515098e-04	 2.67e-01 Skipping	 295	 1248	
13	 5.6874912e-01	 +4.0166527e-02 +9.2812938e-04	 3.59e-01 Skipping	 302	 1297	
14	 5.6743640e-01	 +4.0331051e-02 +9.3689930e-04	 4.86e-01 Skipping	 314	 1337	
15	 5.6637579e-01	 +3.9513376e-02 +1.9258220e-03	 4.61e-01 Skipping	 329	 1427	
16	 5.6549651e-01	 +3.5253683e-02 +1.1178983e-03	 6.43e-01 Skipping	 349	 1517	
17	 5.6470208e-01	 +3.4020095e-02 +9.0814294e-04	 6.96e-01 Skipping	 363	 1531	
18	 5.6435639e-01	 +3.3549199e-02 +4.9941304e-04	 7.13e-01 Skipping	 367	 1575	
19	 5.6421816e-01	 +3.4660912e-02 -9.5453215e-04	 8.64e-01 Skipping	 375	 1562	
20	 5.6408173e-01	 +3.2457485e-02 -6.5855477e-04	 1.32e+00 Skipping	 381	 1689	
21	 5.6398362e-01	 +3.1616036e-02 +1.0594880e-03	 1.34e+00 Skipping	 396	 1720	
22	 5.6376676e-01	 +3.2541282e-02 -2.1623533e-03	 8.78e-01 Skipping	 402	 1703	
23	 5.6328775e-01	 +3.4772553e-02 +7.0146315e-04	 8.44e-01 Skipping	 409	 1796	
24	 5.6357009e-01	 +3.1862168e-02 +1.9275623e-03	 7.58e-01 Skipping	 418	 1766	
25	 5.6286124e-01	 +3.1419774e-02 -7.7861171e-04	 4.29e-01 Skipping	 416	 1735	
26	 5.6280981e-01	 +3.0754298e-02 -4.4097274e-04	 8.53e-01 Skipping	 409	 1757	
27	 5.6285805e-01	 +2.9240072e-02 -2.3562377e-03	 9.67e-01 Skipping	 423	 1812	
28	 5.6307150e-01	 +2.9948785e-02 -1.9619003e-03	 9.39e-01 Skipping	 423	 1764	
29	 5.6270394e-01	 +3.3717243e-02 -1.9829608e-03	 6.33e-01 Skipping	 419	 1830	
30	 5.6280822e-01	 +3.1282306e-02 -3.3452015e-03	 1.59e+00 Skipping	 436	 1932	
31	 5.6240220e-01	 +2.8709649e-02 -1.1062340e-03	 7.51e-01 Skipping	 443	 1909	
32	 5.6272656e-01	 +2.7461558e-02 -2.0711476e-03	 1.17e+00 Skipping	 445	 1959	
33	 5.6254641e-01	 +2.6651641e-02 -2.2035484e-03	 5.50e-01 Skipping	 461	 2055	
34	 5.6230804e-01	 +2.7359798e-02 +1.6691732e-04	 9.65e-01 Skipping	 471	 2027	
35	 5.6205945e-01	 +3.0334812e-02 +2.2143543e-03	 6.90e-01 Skipping	 450	 1848	
36	 5.6202366e-01	 +2.8422630e-02 -8.6293177e-04	 1.17e+00 Skipping	 432	 1877	
37	 5.6235206e-01	 +2.6492627e-02 +7.7892599e-04	 1.12e+00 Skipping	 430	 1862	
38	 5.6258148e-01	 +2.6639852e-02 +1.8046342e-03	 1.42e+00 Skipping	 431	 1844	
39	 5.6231641e-01	 +2.5964725e-02 +1.1470650e-03	 7.59e-01 Skipping	 433	 1879	
40	 5.6230837e-01	 +2.5282906e-02 +2.5292917e-03	 5.85e-01 Skipping	 435	 1897	
41	 5.6239515e-01	 +2.8215380e-02 +1.8048084e-03	 1.07e+00 Skipping	 442	 1909	
42	 5.6259909e-01	 +3.0906626e-02 -4.9530425e-04	 7.36e-01 Skipping	 433	 1837	
43	 5.6304253e-01	 +2.9002611e-02 -2.7756661e-04	 8.57e-01 Skipping	 435	 1896	
44	 5.6303365e-01	 +2.6406159e-02 -1.7610036e-03	 1.05e+00 Skipping	 443	 1946	
45	 5.6235149e-01	 +2.4730896e-02 +2.5995448e-04	 8.28e-01 Skipping	 456	 1972	
46	 5.6241365e-01	 +2.7315934e-02 +1.8211823e-03	 8.69e-01 Skipping	 474	 2066	
47	 5.6226486e-01	 +2.7299283e-02 +1.3014422e-03	 1.20e+00 Skipping	 481	 2144	
48	 5.6247450e-01	 +2.5143138e-02 +6.1391055e-04	 1.17e+00 Skipping	 495	 2157	
49	 5.6297985e-01	 +2.6961485e-02 +1.0660026e-03	 9.65e-01 Skipping	 502	 2242	
50	 5.6244100e-01	 +2.7007079e-02 +5.0648721e-04	 6.73e-01 Skipping	 526	 2257	
51	 5.6250616e-01	 +2.5754388e-02 +7.3630237e-04	 1.17e+00 Accepted	 512	 2180	
52	 5.6219773e-01	 +2.6637778e-02 +5.4844494e-04	 7.13e-01 Accepted	 512	 2316	
53	 5.6201932e-01	 +2.4594603e-02 -9.9821316e-04	 1.41e+00 Accepted	 510	 2166	
54	 5.6172703e-01	 +2.3634818e-02 +4.4289257e-04	 1.01e+00 Accepted	 506	 2204	
55	 5.6212061e-01	 +2.3049002e-02 -2.1028108e-04	 1.70e+00 Accepted	 509	 2212	
56	 5.6241162e-01	 +2.1875728e-02 +2.6642910e-04	 9.78e-01 Accepted	 499	 2140	
57	 5.6235766e-01	 +2.3463972e-02 +7.2242965e-04	 7.57e-01 Accepted	 489	 2102	
58	 5.6252432e-01	 +2.6705738e-02 -2.1364450e-03	 8.81e-01 Accepted	 496	 2206	
59	 5.6252432e-01	 +2.6705738e-02 -2.1364450e-03	 7.01e-01 Rejected	 500	 2144	
60	 5.6262929e-01	 +2.3010849e-02 +3.5102255e-04	 7.18e-01 Accepted	 501	 2201	
61	 5.6243834e-01	 +2.4632115e-02 -1.3382834e-03	 9.43e-01 Accepted	 511	 2239	
62	 5.6264980e-01	 +2.5471674e-02 -2.6728923e-03	 1.62e+00 Accepted	 497	 2100	
63	 5.6198848e-01	 +2.6283941e-02 -6.9942813e-04	 9.00e-01 Accepted	 494	 2277	
64	 5.6184143e-01	 +1.8963313e-02 -2.2871556e-03	 1.04e+00 Accepted	 521	 2315	
65	 5.6197981e-01	 +2.3680110e-02 +4.9875427e-04	 1.66e+00 Accepted	 523	 2318	
66	 5.6176282e-01	 +2.2163791e-02 +3.8963441e-04	 1.01e+00 Accepted	 536	 2442	
67	 5.6197465e-01	 +2.5952091e-02 +2.7073817e-03	 6.73e-01 Accepted	 548	 2340	
68	 5.6197465e-01	 +2.5952091e-02 +2.7073817e-03	 6.40e-01 Rejected	 539	 2418	
69	 5.6209462e-01	 +2.1820760e-02 -9.8809896e-04	 9.82e-01 Accepted	 529	 2278	
70	 5.6209462e-01	 +2.1820760e-02 -9.8809896e-04	 7.23e-01 Rejected	 528	 2385	
71	 5.6243262e-01	 +2.3951478e-02 +1.2575136e-03	 1.18e+00 Accepted	 517	 2150	
72	 5.6243262e-01	 +2.3951478e-02 +1.2575136e-03	 6.97e-01 Rejected	 509	 2254	
73	 5.6258642e-01	 +2.4372961e-02 -1.5943807e-03	 7.26e-01 Accepted	 503	 2213	
74	 5.6221295e-01	 +2.2239657e-02 +9.5769853e-04	 8.90e-01 Accepted	 508	 2253	
75	 5.6211168e-01	 +2.1134112e-02 +1.4020102e-03	 1.53e+00 Accepted	 508	 2178	
76	 5.6195655e-01	 +2.1329233e-02 +6.3218430e-04	 6.18e-01 Accepted	 507	 2244	
77	 5.6204588e-01	 +2.4640481e-02 -1.3022069e-03	 1.05e+00 Accepted	 530	 2386	
78	 5.6192237e-01	 +2.3382869e-02 +1.7343141e-03	 1.09e+00 Accepted	 555	 2455	
79	 5.6165248e-01	 +2.0010568e-02 +4.1982996e-04	 1.33e+00 Accepted	 558	 2433	
80	 5.6185880e-01	 +2.0112329e-02 +1.6095742e-03	 1.03e+00 Accepted	 560	 2354	
81	 5.6211324e-01	 +2.5786505e-02 -2.1007751e-03	 1.09e+00 Accepted	 558	 2477	
82	 5.6247534e-01	 +2.2885358e-02 -1.0980281e-03	 1.47e+00 Accepted	 557	 2458	
83	 5.6245858e-01	 +2.2892025e-02 +9.4283589e-04	 1.10e+00 Accepted	 561	 2513	
84	 5.6223736e-01	 +2.4406076e-02 +1.0061261e-03	 1.04e+00 Accepted	 570	 2616	
85	 5.6198170e-01	 +2.0474484e-02 -7.4516197e-04	 9.80e-01 Accepted	 579	 2504	
86	 5.6198562e-01	 +2.1599784e-02 +2.5546263e-03	 8.82e-01 Accepted	 570	 2526	
87	 5.6199413e-01	 +1.7912511e-02 -6.8807487e-04	 7.53e-01 Accepted	 586	 2561	
88	 5.6250103e-01	 +2.2440641e-02 +4.2840430e-04	 5.20e-01 Accepted	 585	 2453	
89	 5.6209868e-01	 +2.1801213e-02 +5.9888097e-04	 9.55e-01 Accepted	 577	 2605	
90	 5.6205685e-01	 +2.2003772e-02 -1.4970590e-03	 1.40e+00 Accepted	 587	 2608	
91	 5.6205685e-01	 +2.2003772e-02 -1.4970590e-03	 6.61e-01 Rejected	 590	 2560	
92	 5.6205610e-01	 +1.8800604e-02 +1.2458045e-03	 1.11e+00 Accepted	 593	 2600	
93	 5.6180771e-01	 +2.0030963e-02 -1.6024769e-03	 9.67e-01 Accepted	 605	 2716	
94	 5.6175595e-01	 +1.8963119e-02 +3.4866401e-04	 1.23e+00 Accepted	 628	 2796	
95	 5.6175004e-01	 +1.9332316e-02 -1.1885800e-03	 8.17e-01 Accepted	 631	 2836	
# Starting_type: CheckpointStart
# Trajectory_length / Number_of_MD_steps: 1 / 7
# 	 Plaquette	 Polyakov_Loop(re,im)	 Acc._Probability	 runtime_per_traj(s)	 CG_iterations	
95	 5.6175004e-01	 +1.9332316e-02 -1.1885800e-03	 8.17e-01 Accepted	 648	 2836	
96	 5.6175004e-01	 +1.9332316e-02 -1.1885800e-03	 5.54e-01 Rejected	 625	 2663	
97	 5.6206983e-01	 +1.8110427e-02 +8.7520622e-04	 1.70e+00 Accepted	 628	 2743	
98	 5.6228571e-01	 +2.1534590e-02 +2.5997724e-03	 9.29e-01 Accepted	 620	 2741	
99	 5.6207671e-01	 +2.1222283e-02 -2.8646561e-03	 9.25e-01 Accepted	 624	 2785	
100	 5.6201465e-01	 +2.2401606e-02 -1.2305402e-03	 8.05e-01 Accepted	 625	 2682	
101	 5.6228144e-01	 +1.9735304e-02 -2.9664601e-03	 1.16e+00 Accepted	 609	 2773	
102	 5.6178451e-01	 +1.9896978e-02 -3.1624943e-03	 4.75e-01 Accepted	 618	 2613	
103	 5.6177916e-01	 +1.8448560e-02 -1.6964191e-03	 1.68e+00 Accepted	 590	 2597	
104	 5.6177916e-01	 +1.8448560e-02 -1.6964191e-03	 4.52e-01 Rejected	 589	 2587	
105	 5.6153555e-01	 +1.9048751e-02 -1.5920302e-03	 1.28e+00 Accepted	 584	 2583	
106	 5.6153555e-01	 +1.9048751e-02 -1.5920302e-03	 9.19e-01 Rejected	 594	 2658	
107	 5.6153101e-01	 +2.1645705e-02 +1.1624623e-03	 8.49e-01 Accepted	 603	 2790	
108	 5.6204548e-01	 +2.1158698e-02 +8.5040325e-04	 6.07e-01 Accepted	 630	 2742	
109	 5.6204548e-01	 +2.1158698e-02 +8.5040325e-04	 8.51e-01 Rejected	 641	 2799	
110	 5.6206773e-01	 +1.8038141e-02 +1.2395754e-03	 8.15e-01 Accepted	 612	 2558	
111	 5.6272060e-01	 +2.0810042e-02 -4.0502472e-04	 1.98e+00 Accepted	 597	 2659	
112	 5.6258189e-01	 +1.9647951e-02 -1.7030194e-03	 9.39e-01 Accepted	 593	 2568	
113	 5.6218764e-01	 +1.8496548e-02 +3.1663350e-03	 6.73e-01 Accepted	 593	 2672	
114	 5.6218764e-01	 +1.8496548e-02 +3.1663350e-03	 7.28e-01 Rejected	 588	 2431	
115	 5.6278592e-01	 +2.0558802e-02 -1.8865854e-03	 1.25e+00 Accepted	 590	 2470	
116	 5.6243294e-01	 +1.9866800e-02 -7.5529768e-04	 6.97e-01 Accepted	 571	 2549	
117	 5.6202030e-01	 +2.0334019e-02 -1.5523461e-03	 1.20e+00 Accepted	 571	 2473	
118	 5.6211126e-01	 +1.8739716e-02 -9.9195022e-04	 7.88e-01 Accepted	 566	 2532	
119	 5.6199279e-01	 +2.0571717e-02 -2.1046527e-03	 1.20e+00 Accepted	 576	 2548	
120	 5.6198188e-01	 +2.1959571e-02 -4.0698764e-03	 1.15e+00 Accepted	 568	 2483	
121	 5.6191949e-01	 +1.8951079e-02 -1.7725265e-03	 1.66e+00 Accepted	 560	 2461	
122	 5.6234492e-01	 +2.2115672e-02 -3.5057090e-04	 1.21e+00 Accepted	 567	 2489	
123	 5.6256139e-01	 +2.2111181e-02 -3.7228175e-03	 1.74e+00 Accepted	 571	 2570	
124	 5.6276861e-01	 +2.4957233e-02 -1.1932415e-04	 8.34e-01 Accepted	 573	 2461	
125	 5.6286173e-01	 +2.0721267e-02 -5.4789506e-04	 1.19e+00 Accepted	 569	 2543	
126	 5.6286173e-01	 +2.0721267e-02 -5.4789506e-04	 5.54e-01 Rejected	 585	 2595	
127	 5.6286173e-01	 +2.0721267e-02 -5.4789506e-04	 4.79e-01 Rejected	 573	 2474	
128	 5.6261924e-01	 +2.0881748e-02 +7.4849637e-05	 1.74e+00 Accepted	 584	 2612	
129	 5.6233390e-01	 +2.1583962e-02 -6.4973355e-04	 8.29e-01 Accepted	 595	 2653	
130	 5.6165995e-01	 +1.8111957e-02 +1.4814574e-04	 8.06e-01 Accepted	 609	 2759	
131	 5.6181498e-01	 +1.9479487e-02 -1.6441924e-04	 1.57e+00 Accepted	 615	 2774	
132	 5.6181498e-01	 +1.9479487e-02 -1.6441924e-04	 7.91e-01 Rejected	 620	 2685	
133	 5.6186287e-01	 +2.0441051e-02 -1.3425204e-03	 9.84e-01 Accepted	 630	 2820	
134	 5.6203607e-01	 +1.6588020e-02 +1.7409255e-03	 8.71e-01 Accepted	 650	 2998	
135	 5.6188825e-01	 +1.7715070e-02 +4.2337333e-03	 6.11e-01 Accepted	 675	 2973	
136	 5.6182659e-01	 +1.5761871e-02 -2.8146739e-04	 9.75e-01 Accepted	 689	 3093	
137	 5.6214171e-01	 +1.9560485e-02 -2.3938510e-04	 8.77e-01 Accepted	 711	 3251	
138	 5.6214171e-01	 +1.9560485e-02 -2.3938510e-04	 8.80e-01 Rejected	 733	 3266	
139	 5.6221082e-01	 +1.9201168e-02 -8.5614474e-04	 1.02e+00 Accepted	 736	 3298	
140	 5.6221082e-01	 +1.9201168e-02 -8.5614474e-04	 6.69e-01 Rejected	 744	 3369	
141	 5.6171671e-01	 +2.0227063e-02 -8.0923629e-04	 9.78e-01 Accepted	 737	 3344	
142	 5.6181820e-01	 +1.7788963e-02 -2.5320583e-03	 1.23e+00 Accepted	 755	 3441	
143	 5.6208633e-01	 +1.8248525e-02 +1.9911255e-03	 6.81e-01 Accepted	 773	 3543	
144	 5.6209729e-01	 +1.9402459e-02 +7.4677932e-04	 1.45e+00 Accepted	 789	 3604	
145	 5.6173924e-01	 +2.0008016e-02 +1.3983479e-03	 6.77e-01 Accepted	 779	 3420	
146	 5.6244847e-01	 +1.8934240e-02 -2.4990419e-03	 1.19e+00 Accepted	 747	 3324	
147	 5.6219486e-01	 +1.4597978e-02 +1.4505419e-03	 9.86e-01 Accepted	 725	 3118	
148	 5.6208015e-01	 +1.7549638e-02 -8.9900197e-04	 7.97e-01 Accepted	 699	 2968	
149	 5.6205630e-01	 +1.8134688e-02 -3.2371877e-04	 5.15e-01 Accepted	 665	 2796	
150	 5.6205630e-01	 +1.8134688e-02 -3.2371877e-04	 5.16e-01 Rejected	 635	 2824	
151	 5.6196252e-01	 +1.8221605e-02 -6.0280051e-05	 1.14e+00 Accepted	 634	 2776	
152	 5.6239853e-01	 +2.0092558e-02 -3.9595076e-03	 1.84e+00 Accepted	 645	 2904	
153	 5.6240455e-01	 +1.8148022e-02 +2.1397424e-03	 1.56e+00 Accepted	 666	 3117	
154	 5.6212863e-01	 +1.4887142e-02 +2.3921240e-03	 7.16e-01 Accepted	 698	 3086	
155	 5.6199378e-01	 +1.4937714e-02 +1.7186886e-03	 1.18e+00 Accepted	 703	 3174	
156	 5.6222457e-01	 +1.3826472e-02 -1.1007266e-03	 1.09e+00 Accepted	 700	 2975	
157	 5.6177114e-01	 +1.6120648e-02 -1.1933701e-03	 5.39e-01 Accepted	 696	 3186	
158	 5.6197088e-01	 +1.7868916e-02 +5.9441739e-04	 1.03e+00 Accepted	 713	 3150	
159	 5.6235063e-01	 +1.4306206e-02 -4.1521756e-04	 1.35e+00 Accepted	 712	 3052	
160	 5.6227298e-01	 +1.8301841e-02 -1.4036143e-03	 7.96e-01 Accepted	 676	 2926	
161	 5.6188703e-01	 +1.6548786e-02 -6.6884987e-04	 8.04e-01 Accepted	 649	 2742	
# Starting_type: CheckpointStart
# Trajectory_length / Number_of_MD_steps: 1 / 7
# 	 Plaquette	 Polyakov_Loop(re,im)	 Acc._Probability	 runtime_per_traj(s)	 CG_iterations	
161	 5.6188703e-01	 +1.6548786e-02 -6.6884987e-04	 8.04e-01 Accepted	 667	 2742	
162	 5.6214378e-01	 +1.6730118e-02 +3.2265926e-03	 1.15e+00 Accepted	 632	 2862	
163	 5.6215879e-01	 +1.8652800e-02 +2.7946665e-03	 6.82e-01 Accepted	 650	 2879	
164	 5.6258797e-01	 +1.7112764e-02 -2.6005963e-03	 1.46e+00 Accepted	 657	 2935	
165	 5.6206378e-01	 +1.6544841e-02 +2.7174898e-03	 6.21e-01 Accepted	 664	 2934	
166	 5.6170261e-01	 +1.7314498e-02 +1.6157118e-03	 1.18e+00 Accepted	 668	 2985	
167	 5.6212393e-01	 +1.6281978e-02 -3.1105593e-04	 1.55e+00 Accepted	 660	 2900	
168	 5.6212393e-01	 +1.6281978e-02 -3.1105593e-04	 6.33e-01 Rejected	 660	 2988	
169	 5.6210908e-01	 +1.3515022e-02 -1.6258020e-03	 1.17e+00 Accepted	 658	 3002	
170	 5.6210908e-01	 +1.3515022e-02 -1.6258020e-03	 6.35e-01 Rejected	 696	 3135	
171	 5.6217436e-01	 +1.2352840e-02 +2.5855194e-03	 9.27e-01 Accepted	 689	 3031	
172	 5.6192027e-01	 +1.6754280e-02 -1.6550650e-03	 9.15e-01 Accepted	 690	 3026	
173	 5.6191382e-01	 +1.5958366e-02 +4.1230824e-05	 1.63e+00 Accepted	 691	 3177	
174	 5.6221402e-01	 +1.3035917e-02 -1.0963465e-03	 1.05e+00 Accepted	 687	 2928	
175	 5.6194110e-01	 +2.1491093e-02 -6.2443043e-04	 1.07e+00 Accepted	 690	 3249	
176	 5.6195778e-01	 +1.5959700e-02 -2.5553452e-03	 7.36e-01 Accepted	 733	 3277	
177	 5.6145214e-01	 +1.6226769e-02 -1.2017186e-04	 1.10e+00 Accepted	 744	 3349	
178	 5.6147865e-01	 +1.6260824e-02 -1.1426337e-03	 9.12e-01 Accepted	 771	 3464	
179	 5.6147865e-01	 +1.6260824e-02 -1.1426337e-03	 3.64e-01 Rejected	 768	 3302	
180	 5.6183220e-01	 +1.8493746e-02 -1.3596323e-03	 8.16e-01 Accepted	 780	 3425	
181	 5.6183220e-01	 +1.8493746e-02 -1.3596323e-03	 8.18e-01 Rejected	 751	 3229	
182	 5.6180734e-01	 +1.6039268e-02 -5.7590880e-05	 5.94e-01 Accepted	 774	 3488	
183	 5.6160175e-01	 +1.7549056e-02 -2.1541333e-03	 5.76e-01 Accepted	 781	 3534	
184	 5.6176140e-01	 +1.6326802e-02 +6.5908580e-04	 1.03e+00 Accepted	 806	 3580	
185	 5.6182137e-01	 +1.5975577e-02 +9.8446287e-04	 1.19e+00 Accepted	 795	 3512	
186	 5.6165213e-01	 +1.7926345e-02 -3.6712639e-04	 5.87e-01 Accepted	 803	 3663	
187	 5.6200354e-01	 +1.4149172e-02 -1.4889249e-03	 7.68e-01 Accepted	 820	 3693	
188	 5.6189473e-01	 +1.7787770e-02 -1.2503171e-03	 1.58e+00 Accepted	 846	 3867	
189	 5.6134881e-01	 +1.4534701e-02 +4.4891747e-05	 7.66e-01 Accepted	 827	 3668	
190	 5.6130003e-01	 +1.3977594e-02 +1.1051184e-03	 1.01e+00 Accepted	 812	 3529	
191	 5.6165066e-01	 +1.5131583e-02 +1.7494846e-04	 1.83e+00 Accepted	 804	 3582	
192	 5.6160573e-01	 +1.6408574e-02 +4.0994901e-04	 6.58e-01 Accepted	 802	 3576	
193	 5.6160573e-01	 +1.6408574e-02 +4.0994901e-04	 5.59e-01 Rejected	 791	 3701	
194	 5.6227691e-01	 +1.6429392e-02 -1.0346557e-03	 1.18e+00 Accepted	 796	 3657	
195	 5.6203867e-01	 +1.6556841e-02 -3.6589395e-04	 6.01e-01 Accepted	 817	 3571	
196	 5.6196860e-01	 +1.3586855e-02 +1.7230058e-03	 1.43e+00 Accepted	 792	 3522	
197	 5.6168586e-01	 +1.5823101e-02 +6.4727542e-04	 1.57e+00 Accepted	 787	 3610	
198	 5.6130197e-01	 +1.3516456e-02 -9.1767960e-04	 1.19e+00 Accepted	 798	 3446	
199	 5.6131479e-01	 +1.5771421e-02 -6.9482402e-04	 1.07e+00 Accepted	 797	 3668	
200	 5.6145350e-01	 +1.4298351e-02 +5.4933478e-04	 1.14e+00 Accepted	 804	 3550	
201	 5.6198534e-01	 +1.5188217e-02 -1.2087406e-03	 9.82e-01 Accepted	 800	 3509	
202	 5.6198534e-01	 +1.5188217e-02 -1.2087406e-03	 4.23e-01 Rejected	 810	 3677	
203	 5.6189742e-01	 +1.6232722e-02 -3.6373728e-03	 5.45e-01 Accepted	 799	 3590	
204	 5.6165986e-01	 +1.7374331e-02 -4.6124197e-04	 1.03e+00 Accepted	 814	 3716	
205	 5.6205778e-01	 +1.5400851e-02 -4.1680224e-03	 1.55e+00 Accepted	 838	 3736	
206	 5.6215355e-01	 +1.6547567e-02 -8.9401022e-04	 1.76e+00 Accepted	 838	 3938	
207	 5.6195583e-01	 +1.6710968e-02 -3.8655986e-04	 1.07e+00 Accepted	 873	 3976	
208	 5.6185885e-01	 +1.8656367e-02 +9.0254720e-04	 2.02e+00 Accepted	 878	 4036	
209	 5.6174693e-01	 +1.3892128e-02 -2.4666512e-03	 4.36e-01 Accepted	 868	 3833	
210	 5.6132528e-01	 +1.5647924e-02 +3.2323024e-03	 7.03e-01 Accepted	 859	 3860	
211	 5.6162174e-01	 +1.6602954e-02 +1.5178092e-04	 1.36e+00 Accepted	 852	 3751	
212	 5.6122771e-01	 +1.5583280e-02 +6.4780514e-05	 5.80e-01 Accepted	 821	 3624	
213	 5.6141024e-01	 +1.5509077e-02 +7.8677295e-04	 1.22e+00 Accepted	 823	 3645	
214	 5.6170770e-01	 +1.7181221e-02 -2.1097415e-04	 1.69e+00 Accepted	 813	 3522	
215	 5.6191381e-01	 +1.5636790e-02 -2.5391488e-03	 1.45e+00 Accepted	 806	 3591	
216	 5.6188290e-01	 +1.8328668e-02 -4.6049272e-03	 9.39e-01 Accepted	 803	 3635	
# Starting_type: CheckpointStart
# Trajectory_length / Number_of_MD_steps: 1 / 7
# 	 Plaquette	 Polyakov_Loop(re,im)	 Acc._Probability	 runtime_per_traj(s)	 CG_iterations	
217	 5.6153977e-01	 +1.8696240e-02 -4.9771286e-04	 1.23e+00 Accepted	 824	 3707	
218	 5.6157218e-01	 +1.7528223e-02 -5.5543088e-04	 1.30e+00 Accepted	 800	 3523	
219	 5.6224032e-01	 +1.8602361e-02 +2.2123695e-04	 1.12e+00 Accepted	 786	 3450	
220	 5.6203385e-01	 +1.6979781e-02 +2.7804182e-04	 1.18e+00 Accepted	 770	 3388	
221	 5.6204553e-01	 +1.6919132e-02 -1.6036680e-03	 9.22e-01 Accepted	 764	 3489	
222	 5.6221981e-01	 +1.9033825e-02 +1.3378885e-03	 9.15e-01 Accepted	 791	 3506	
223	 5.6209022e-01	 +1.4157377e-02 -8.1350546e-04	 1.42e+00 Accepted	 779	 3531	
224	 5.6238308e-01	 +1.7977951e-02 +6.2791184e-04	 1.19e+00 Accepted	 794	 3582	
225	 5.6226747e-01	 +1.9342503e-02 -2.1398101e-04	 1.82e+00 Accepted	 816	 3775	
226	 5.6233747e-01	 +2.1182857e-02 -2.3956653e-03	 6.38e-01 Accepted	 806	 3451	
227	 5.6230536e-01	 +1.8428990e-02 -1.8753296e-03	 7.43e-01 Accepted	 762	 3376	
228	 5.6219829e-01	 +1.7728016e-02 +8.4952851e-05	 1.29e+00 Accepted	 764	 3485	
229	 5.6194916e-01	 +1.5275703e-02 +5.8639206e-04	 1.09e+00 Accepted	 776	 3416	
230	 5.6194916e-01	 +1.5275703e-02 +5.8639206e-04	 8.84e-01 Rejected	 763	 3333	
231	 5.6177989e-01	 +1.7494736e-02 +3.8929891e-04	 1.07e+00 Accepted	 777	 3528	
232	 5.6210644e-01	 +1.9142419e-02 -2.1733759e-03	 8.28e-01 Accepted	 796	 3593	
233	 5.6210644e-01	 +1.9142419e-02 -2.1733759e-03	 8.13e-01 Rejected	 793	 3510	
234	 5.6168792e-01	 +1.7315001e-02 -2.0371661e-03	 7.92e-01 Accepted	 791	 3478	
235	 5.6148194e-01	 +1.8717911e-02 -1.3854494e-03	 9.28e-01 Accepted	 757	 3264	
236	 5.6147777e-01	 +1.5895957e-02 -2.7900598e-03	 7.95e-01 Accepted	 739	 3367	
237	 5.6147348e-01	 +1.9210304e-02 +1.5848342e-03	 9.82e-01 Accepted	 755	 3224	
238	 5.6147348e-01	 +1.9210304e-02 +1.5848342e-03	 6.03e-01 Rejected	 751	 3358	
239	 5.6155557e-01	 +1.9649973e-02 +2.4247223e-03	 8.67e-01 Accepted	 738	 3239	
240	 5.6151186e-01	 +1.6955212e-02 +5.2117345e-04	 1.23e+00 Accepted	 738	 3359	
241	 5.6139562e-01	 +1.8995627e-02 -2.9334378e-03	 7.35e-01 Accepted	 751	 3421	
242	 5.6139562e-01	 +1.8995627e-02 -2.9334378e-03	 6.40e-01 Rejected	 770	 3396	
243	 5.6164382e-01	 +1.7889872e-02 +3.9754353e-04	 8.60e-01 Accepted	 762	 3332	
244	 5.6182009e-01	 +1.7965614e-02 -2.3417513e-04	 1.04e+00 Accepted	 734	 3218	
245	 5.6189665e-01	 +1.5852466e-02 +1.6430434e-03	 1.02e+00 Accepted	 744	 3480	
246	 5.6210427e-01	 +1.6630777e-02 -2.6118360e-03	 1.33e+00 Accepted	 763	 3279	
247	 5.6276904e-01	 +1.7262281e-02 -1.3075267e-03	 1.56e+00 Accepted	 722	 3072	
248	 5.6229359e-01	 +1.8569721e-02 +5.9107364e-04	 7.29e-01 Accepted	 696	 3040	
249	 5.6253696e-01	 +1.3604404e-02 -9.2666382e-04	 1.55e+00 Accepted	 686	 2959	
250	 5.6277624e-01	 +1.6545960e-02 +3.6330689e-04	 8.82e-01 Accepted	 674	 3118	
251	 5.6228584e-01	 +1.9365726e-02 +1.5706318e-04	 4.88e-01 Accepted	 694	 2953	
252	 5.6227167e-01	 +1.7037375e-02 +1.6813241e-04	 7.85e-01 Accepted	 653	 2900	
253	 5.6188645e-01	 +1.8337057e-02 +5.2398441e-04	 3.85e-01 Accepted	 651	 2895	
254	 5.6179204e-01	 +2.1191992e-02 -3.3256110e-04	 1.03e+00 Accepted	 651	 2869	
255	 5.6231220e-01	 +1.7692752e-02 -9.3483849e-04	 1.51e+00 Accepted	 667	 3182	
256	 5.6231220e-01	 +1.7692752e-02 -9.3483849e-04	 5.38e-01 Rejected	 721	 3275	
257	 5.6257651e-01	 +2.0155276e-02 +2.4774975e-04	 1.45e+00 Accepted	 713	 3209	
258	 5.6245151e-01	 +1.6204480e-02 -1.2030987e-03	 9.12e-01 Accepted	 716	 3162	
259	 5.6230797e-01	 +1.7653490e-02 +1.0319398e-03	 1.01e+00 Accepted	 696	 3095	
260	 5.6222228e-01	 +1.8145924e-02 +2.9856251e-04	 9.32e-01 Accepted	 694	 3044	
261	 5.6205325e-01	 +1.5277911e-02 -7.0561609e-04	 8.12e-01 Accepted	 696	 3095	
262	 5.6205325e-01	 +1.5277911e-02 -7.0561609e-04	 8.23e-01 Rejected	 698	 3142	
263	 5.6205325e-01	 +1.5277911e-02 -7.0561609e-04	 9.05e-01 Rejected	 698	 3103	
264	 5.6192416e-01	 +1.5371948e-02 -2.2798407e-03	 8.70e-01 Accepted	 720	 3292	
265	 5.6221741e-01	 +1.4283605e-02 +1.4017515e-03	 1.03e+00 Accepted	 727	 3131	
266	 5.6259761e-01	 +1.8679410e-02 -1.8616431e-03	 1.41e+00 Accepted	 707	 3156	
267	 5.6246200e-01	 +1.8488826e-02 +2.1357146e-03	 9.83e-01 Accepted	 713	 3249	
268	 5.6212052e-01	 +1.7910715e-02 +6.6388435e-04	 7.73e-01 Accepted	 748	 3331	
269	 5.6230380e-01	 +1.5401495e-02 +1.6475881e-03	 1.15e+00 Accepted	 742	 3234	
270	 5.6185454e-01	 +1.5867666e-02 -1.2215792e-03	 1.54e+00 Accepted	 735	 3320	
271	 5.6208545e-01	 +1.7224069e-02 +3.7844202e-03	 1.69e+00 Accepted	 750	 3432	
272	 5.6211230e-01	 +2.0193576e-02 -1.3246733e-04	 9.61e-01 Accepted	 766	 3347	
273	 5.6192906e-01	 +1.6480161e-02 -1.3976237e-03	 5.89e-01 Accepted	 749	 3327	
274	 5.6215656e-01	 +1.6077467e-02 -1.7824560e-03	 1.36e+00 Accepted	 773	 3732	
# Starting_type: CheckpointStart
# Trajectory_length / Number_of_MD_steps: 1 / 7
# 	 Plaquette	 Polyakov_Loop(re,im)	 Acc._Probability	 runtime_per_traj(s)	 CG_iterations	
275	 5.6195005e-01	 +1.7543304e-02 -7.6402707e-04	 9.38e-01 Accepted	 837	 3479	
276	 5.6180162e-01	 +1.7327513e-02 -1.1536476e-03	 7.54e-01 Accepted	 808	 3644	
277	 5.6196125e-01	 +1.8251722e-02 +2.4838816e-03	 8.27e-01 Accepted	 841	 3711	
278	 5.6123097e-01	 +1.5200776e-02 -1.0000940e-03	 6.77e-01 Accepted	 869	 4043	
279	 5.6184478e-01	 +1.6679603e-02 +1.1762733e-03	 1.61e+00 Accepted	 867	 3819	
280	 5.6185772e-01	 +1.6282867e-02 -8.2258551e-04	 1.41e+00 Accepted	 844	 3745	
281	 5.6153509e-01	 +1.2646863e-02 -1.5969316e-03	 8.08e-01 Accepted	 861	 4257	
282	 5.6242737e-01	 +1.7936009e-02 -7.2009510e-04	 1.59e+00 Accepted	 920	 3922	
283	 5.6249258e-01	 +1.7999659e-02 +9.6719840e-04	 1.11e+00 Accepted	 898	 4036	
284	 5.6227336e-01	 +1.7686649e-02 +9.8195819e-05	 1.26e+00 Accepted	 901	 4010	
285	 5.6227336e-01	 +1.7686649e-02 +9.8195819e-05	 4.68e-01 Rejected	 875	 3590	
286	 5.6239053e-01	 +1.8296818e-02 +1.9169546e-03	 1.25e+00 Accepted	 894	 4146	
287	 5.6209706e-01	 +1.6906266e-02 -1.6094495e-03	 3.98e-01 Accepted	 908	 3994	
288	 5.6196871e-01	 +1.6270746e-02 -2.4938277e-03	 1.26e+00 Accepted	 896	 4139	
289	 5.6214452e-01	 +1.7789703e-02 +1.0675385e-03	 1.11e+00 Accepted	 882	 3952	
290	 5.6214452e-01	 +1.7789703e-02 +1.0675385e-03	 7.26e-01 Rejected	 848	 3812	
291	 5.6194868e-01	 +1.6439501e-02 -2.9015128e-03	 6.19e-01 Accepted	 869	 3923	
292	 5.6193724e-01	 +1.8240632e-02 +7.5128445e-04	 1.49e+00 Accepted	 862	 3895	
293	 5.6186659e-01	 +1.7202086e-02 +6.0645437e-04	 9.07e-01 Accepted	 878	 4068	
294	 5.6161833e-01	 +1.5092477e-02 -3.1010658e-03	 5.30e-01 Accepted	 904	 4106	
295	 5.6192587e-01	 +1.8835821e-02 -1.2375665e-03	 9.63e-01 Accepted	 884	 3918	
296	 5.6163782e-01	 +1.7471094e-02 -9.3438638e-04	 1.06e+00 Accepted	 894	 4024	
297	 5.6186956e-01	 +1.4216225e-02 +2.3309007e-03	 1.23e+00 Accepted	 908	 4039	
298	 5.6213203e-01	 +1.7283534e-02 +6.0302455e-04	 8.31e-01 Accepted	 900	 4108	
299	 5.6205159e-01	 +1.5846500e-02 -1.2573845e-03	 8.73e-01 Accepted	 891	 3806	
300	 5.6186225e-01	 +1.4045042e-02 +2.5728003e-04	 7.95e-01 Accepted	 867	 3917	
301	 5.6218977e-01	 +1.9618594e-02 +1.9150548e-03	 1.49e+00 Accepted	 877	 4093	
302	 5.6202797e-01	 +1.5451642e-02 +9.9586311e-04	 1.23e+00 Accepted	 906	 4160	
303	 5.6222575e-01	 +1.7038203e-02 +2.6652035e-04	 1.01e+00 Accepted	 950	 4296	
304	 5.6196762e-01	 +1.2482265e-02 +1.4362121e-03	 6.97e-01 Accepted	 935	 4194	
305	 5.6196762e-01	 +1.2482265e-02 +1.4362121e-03	 4.58e-01 Rejected	 935	 4263	
306	 5.6201216e-01	 +1.7846898e-02 +1.0063981e-03	 1.04e+00 Accepted	 923	 4068	
307	 5.6192197e-01	 +1.5745772e-02 -9.0881336e-04	 9.39e-01 Accepted	 906	 4213	
308	 5.6164213e-01	 +1.6462229e-02 -7.5447640e-04	 1.18e+00 Accepted	 906	 4152	
309	 5.6150333e-01	 +1.7247362e-02 -1.4270288e-03	 4.71e-01 Accepted	 913	 4123	
310	 5.6183545e-01	 +1.6507026e-02 -1.1440381e-03	 1.40e+00 Accepted	 912	 4171	
311	 5.6168349e-01	 +1.3082842e-02 -2.2502800e-03	 2.25e+00 Accepted	 910	 4187	
312	 5.6193412e-01	 +1.6274581e-02 +9.1569720e-04	 9.18e-01 Accepted	 917	 4211	
313	 5.6193412e-01	 +1.6274581e-02 +9.1569720e-04	 7.28e-01 Rejected	 925	 4148	
314	 5.6205524e-01	 +2.0266998e-02 -3.3397930e-03	 5.87e-01 Accepted	 914	 4001	
315	 5.6230379e-01	 +1.9239024e-02 -3.1408742e-03	 2.18e+00 Accepted	 882	 3988	
316	 5.6230379e-01	 +1.9239024e-02 -3.1408742e-03	 5.99e-01 Rejected	 887	 4083	
317	 5.6231085e-01	 +2.0993504e-02 +5.7538741e-04	 1.80e+00 Accepted	 865	 3841	
318	 5.6238785e-01	 +1.6113649e-02 -3.8931765e-03	 1.10e+00 Accepted	 853	 3900	
319	 5.6238785e-01	 +1.6113649e-02 -3.8931765e-03	 8.01e-01 Rejected	 879	 3981	
320	 5.6287948e-01	 +2.1273242e-02 -1.2136083e-03	 6.26e-01 Accepted	 844	 3643	
321	 5.6285219e-01	 +2.0137429e-02 +4.7602131e-04	 1.24e+00 Accepted	 819	 3711	
322	 5.6302492e-01	 +1.9458721e-02 +4.7920019e-04	 1.16e+00 Accepted	 840	 3800	
# Starting_type: CheckpointStart
# Trajectory_length / Number_of_MD_steps: 1 / 7
# 	 Plaquette	 Polyakov_Loop(re,im)	 Acc._Probability	 runtime_per_traj(s)	 CG_iterations	
323	 5.6274637e-01	 +1.6124058e-02 +5.6543687e-04	 2.50e+00 Accepted	 641	 3976	
324	 5.6261227e-01	 +1.9221254e-02 +7.9994641e-04	 8.67e-01 Accepted	 640	 3967	
325	 5.6235457e-01	 +1.5387155e-02 -2.4534663e-04	 9.20e-01 Accepted	 634	 3915	
326	 5.6226308e-01	 +1.6559507e-02 -1.1926285e-03	 9.06e-01 Accepted	 634	 3973	
327	 5.6209794e-01	 +1.8872757e-02 -2.1880443e-04	 1.16e+00 Accepted	 629	 3790	
328	 5.6192830e-01	 +1.8228461e-02 +4.0726210e-04	 5.40e-01 Accepted	 638	 3852	
329	 5.6192830e-01	 +1.8228461e-02 +4.0726210e-04	 7.07e-01 Rejected	 634	 4002	
330	 5.6197093e-01	 +1.5785150e-02 +6.4668200e-04	 1.34e+00 Accepted	 630	 3864	
331	 5.6159993e-01	 +1.3656164e-02 -2.3090068e-03	 1.69e+00 Accepted	 641	 3885	
332	 5.6159993e-01	 +1.3656164e-02 -2.3090068e-03	 9.12e-01 Rejected	 653	 4121	
333	 5.6159993e-01	 +1.3656164e-02 -2.3090068e-03	 1.90e-01 Rejected	 637	 3857	
334	 5.6139396e-01	 +1.8421354e-02 -6.9078201e-04	 1.36e+00 Accepted	 641	 4058	
335	 5.6147657e-01	 +1.8578463e-02 +1.8187302e-04	 2.16e+00 Accepted	 661	 4255	
336	 5.6170187e-01	 +1.4531647e-02 +2.6595491e-04	 1.07e+00 Accepted	 687	 4418	
337	 5.6183562e-01	 +1.7864927e-02 +6.9665614e-04	 1.83e+00 Accepted	 679	 4180	
338	 5.6181657e-01	 +1.5449261e-02 -1.5797808e-03	 1.02e+00 Accepted	 668	 4188	
339	 5.6181657e-01	 +1.5449261e-02 -1.5797808e-03	 4.24e-01 Rejected	 686	 4175	
340	 5.6192466e-01	 +1.5051786e-02 +1.4921501e-03	 1.17e+00 Accepted	 676	 4215	
341	 5.6203109e-01	 +1.6251820e-02 -2.8481175e-03	 7.83e-01 Accepted	 675	 4218	
342	 5.6172604e-01	 +1.6344213e-02 +2.8964707e-04	 5.99e-01 Accepted	 681	 4279	
343	 5.6132733e-01	 +1.8355565e-02 -7.4842538e-04	 1.52e+00 Accepted	 672	 4187	
344	 5.6132733e-01	 +1.8355565e-02 -7.4842538e-04	 7.64e-01 Rejected	 675	 4395	
345	 5.6141326e-01	 +1.6074095e-02 -6.6911666e-04	 1.45e+00 Accepted	 676	 4209	
346	 5.6165725e-01	 +1.4780358e-02 +4.1707929e-05	 1.44e+00 Accepted	 694	 4585	
347	 5.6165725e-01	 +1.4780358e-02 +4.1707929e-05	 9.46e-01 Rejected	 716	 4343	
348	 5.6166331e-01	 +1.5978729e-02 +2.3708390e-03	 1.51e+00 Accepted	 724	 4552	
349	 5.6162229e-01	 +1.7010043e-02 +9.4594976e-05	 7.91e-01 Accepted	 726	 4500	
350	 5.6169225e-01	 +1.4985344e-02 +3.5882668e-04	 1.45e+00 Accepted	 721	 4515	
351	 5.6199583e-01	 +1.9028857e-02 +7.2135936e-04	 9.70e-01 Accepted	 721	 4666	
352	 5.6196242e-01	 +1.2969396e-02 -3.2161544e-04	 2.41e+00 Accepted	 724	 4657	
353	 5.6202834e-01	 +1.6691152e-02 -1.7091237e-03	 1.71e+00 Accepted	 711	 4441	
354	 5.6182502e-01	 +1.5877132e-02 -2.3310924e-03	 1.31e+00 Accepted	 708	 4447	
355	 5.6162551e-01	 +1.5556992e-02 +1.0814996e-03	 1.42e+00 Accepted	 696	 4409	
356	 5.6176579e-01	 +1.7090687e-02 -8.0973017e-04	 1.38e+00 Accepted	 712	 4678	
357	 5.6198047e-01	 +1.4737017e-02 -9.0812318e-04	 7.01e-01 Accepted	 726	 4696	
358	 5.6198132e-01	 +1.5604056e-02 -3.0567826e-03	 9.03e-01 Accepted	 721	 4487	
359	 5.6198132e-01	 +1.5604056e-02 -3.0567826e-03	 3.02e-01 Rejected	 708	 4372	
360	 5.6192700e-01	 +1.3661446e-02 +2.7049942e-03	 1.04e+00 Accepted	 713	 4500	
361	 5.6192700e-01	 +1.3661446e-02 +2.7049942e-03	 8.21e-01 Rejected	 732	 4480	
362	 5.6206189e-01	 +1.1377882e-02 -3.3500014e-04	 1.36e+00 Accepted	 740	 4564	
363	 5.6197330e-01	 +1.3620780e-02 -3.8314834e-03	 6.30e-01 Accepted	 717	 4551	
364	 5.6248625e-01	 +9.9291737e-03 -9.8474214e-04	 8.56e-01 Accepted	 711	 4441	
365	 5.6259119e-01	 +1.0763397e-02 +8.8426814e-04	 9.10e-01 Accepted	 721	 4545	
366	 5.6259119e-01	 +1.0763397e-02 +8.8426814e-04	 3.55e-01 Rejected	 719	 4360	
367	 5.6248038e-01	 +1.1389353e-02 -2.7750980e-03	 1.07e+00 Accepted	 720	 4482	
368	 5.6228858e-01	 +1.1792251e-02 -6.7692199e-04	 1.41e+00 Accepted	 740	 4570	
369	 5.6207439e-01	 +1.2443572e-02 +1.7460599e-03	 1.22e+00 Accepted	 724	 4440	
370	 5.6212082e-01	 +1.2457654e-02 -2.7192246e-03	 9.17e-01 Accepted	 719	 4460	
371	 5.6212082e-01	 +1.2457654e-02 -2.7192246e-03	 3.46e-01 Rejected	 722	 4579	
372	 5.6212082e-01	 +1.2457654e-02 -2.7192246e-03	 4.62e-01 Rejected	 715	 4462	
373	 5.6186042e-01	 +1.0279338e-02 +8.1618740e-04	 1.04e+00 Accepted	 723	 4635	
374	 5.6193757e-01	 +9.6924613e-03 +3.0642269e-05	 9.79e-01 Accepted	 733	 4554	
375	 5.6210329e-01	 +1.1809484e-02 -2.0174399e-03	 9.69e-01 Accepted	 735	 4551	
376	 5.6194332e-01	 +1.0248585e-02 -1.1974543e-03	 1.60e+00 Accepted	 725	 4520	
377	 5.6195758e-01	 +1.2863608e-02 -9.6670398e-04	 2.49e+00 Accepted	 736	 4434	
378	 5.6217981e-01	 +9.4844440e-03 -2.3673416e-03	 9.26e-01 Accepted	 729	 4452	
379	 5.6218150e-01	 +1.2565604e-02 +1.3501966e-04	 8.82e-01 Accepted	 729	 4672	
380	 5.6266963e-01	 +1.1150887e-02 -3.6186313e-03	 1.23e+00 Accepted	 716	 4473	
381	 5.6231110e-01	 +1.1746539e-02 -2.6274487e-04	 7.08e-01 Accepted	 721	 4447	
382	 5.6231110e-01	 +1.1746539e-02 -2.6274487e-04	 5.64e-01 Rejected	 735	 4443	
383	 5.6231110e-01	 +1.1746539e-02 -2.6274487e-04	 5.41e-01 Rejected	 737	 4544	
# Starting_type: CheckpointStart
# Trajectory_length / Number_of_MD_steps: 1 / 7
# 	 Plaquette	 Polyakov_Loop(re,im)	 Acc._Probability	 runtime_per_traj(s)	 CG_iterations	
383	 5.6231110e-01	 +1.1746539e-02 -2.6274487e-04	 5.41e-01 Rejected	 760	 4544	
384	 5.6226237e-01	 +1.2702947e-02 -1.9827398e-04	 1.35e+00 Accepted	 719	 4547	
385	 5.6209240e-01	 +1.2437437e-02 -1.7687812e-03	 8.03e-01 Accepted	 693	 4422	
386	 5.6169052e-01	 +1.2513063e-02 +4.4126182e-04	 1.66e+00 Accepted	 702	 4578	
387	 5.6173959e-01	 +1.2699543e-02 -1.1010242e-03	 8.20e-01 Accepted	 704	 4437	
388	 5.6211742e-01	 +1.6258931e-02 -1.7197991e-03	 1.30e+00 Accepted	 706	 4475	
389	 5.6196348e-01	 +1.3858302e-02 +8.1914730e-04	 9.82e-01 Accepted	 704	 4571	
390	 5.6181442e-01	 +1.2926591e-02 +4.1505639e-05	 5.34e-01 Accepted	 717	 4650	
391	 5.6203483e-01	 +1.2234611e-02 -6.0734001e-04	 1.01e+00 Accepted	 726	 4595	
392	 5.6230295e-01	 +1.3634673e-02 +1.9424915e-03	 6.98e-01 Accepted	 723	 4773	
393	 5.6256111e-01	 +1.4996976e-02 +2.1406283e-03	 1.07e+00 Accepted	 727	 4598	
394	 5.6256111e-01	 +1.4996976e-02 +2.1406283e-03	 5.68e-01 Rejected	 694	 4365	
395	 5.6251506e-01	 +1.7579490e-02 +2.3963453e-03	 5.42e-01 Accepted	 698	 4587	
396	 5.6209480e-01	 +1.3382791e-02 +3.1123118e-03	 9.28e-01 Accepted	 730	 4837	
397	 5.6227131e-01	 +1.2931860e-02 +4.1514808e-03	 8.74e-01 Accepted	 725	 4554	
398	 5.6209458e-01	 +1.4424921e-02 +3.4473526e-04	 6.19e-01 Accepted	 718	 4608	
399	 5.6178736e-01	 +1.2817063e-02 +6.3649066e-04	 1.12e+00 Accepted	 725	 4644	
400	 5.6170666e-01	 +1.4316296e-02 -2.8570056e-04	 9.93e-01 Accepted	 724	 4660	
401	 5.6175561e-01	 +1.5201198e-02 +2.2353466e-03	 1.66e+00 Accepted	 722	 4619	
402	 5.6157466e-01	 +1.2947196e-02 +1.7134130e-03	 6.94e-01 Accepted	 718	 4804	
403	 5.6191452e-01	 +1.0958437e-02 +4.2986298e-03	 1.52e+00 Accepted	 733	 4794	
404	 5.6193255e-01	 +1.6213562e-02 +1.9286738e-03	 1.06e+00 Accepted	 733	 4714	
405	 5.6193255e-01	 +1.6213562e-02 +1.9286738e-03	 4.66e-01 Rejected	 742	 4836	
406	 5.6169399e-01	 +1.6702088e-02 -2.1482276e-03	 1.04e+00 Accepted	 723	 4629	
407	 5.6182898e-01	 +1.6012670e-02 +3.7847400e-04	 1.13e+00 Accepted	 727	 4689	
408	 5.6183907e-01	 +1.7103205e-02 -2.0495041e-03	 7.75e-01 Accepted	 737	 4709	
409	 5.6150564e-01	 +1.4324472e-02 +3.9323871e-04	 7.42e-01 Accepted	 737	 4808	
410	 5.6150564e-01	 +1.4324472e-02 +3.9323871e-04	 6.02e-01 Rejected	 730	 4607	
411	 5.6123848e-01	 +1.3677250e-02 +1.8665369e-06	 1.55e+00 Accepted	 722	 4489	
412	 5.6168165e-01	 +1.5530671e-02 -5.8138720e-04	 9.68e-01 Accepted	 725	 4788	
413	 5.6131107e-01	 +1.5295923e-02 -1.5008062e-04	 5.05e-01 Accepted	 716	 4450	
414	 5.6130254e-01	 +1.8000392e-02 -9.1465647e-04	 1.09e+00 Accepted	 705	 4571	
