# Starting_type: ColdStart
# serial RNG seed: 	[55076 42604 55979 43838 31017]
# parallel RNG seed:	[64544 29617 9624 46838 33841]
# Trajectory_length / Number_of_MD_steps: 1 / 7
# 	 Plaquette	 Polyakov_Loop(re,im)	 Acc._Probability	 runtime_per_traj(s)	 CG_iterations	
1	 8.0298853e-01	 +4.2755414e-01 -7.4291826e-04	 4.14e-31 Skipping	 115	 469	
2	 7.2728823e-01	 +2.4795144e-01 +8.1280803e-05	 1.97e-16 Skipping	 153	 592	
3	 6.7873672e-01	 +1.6152767e-01 +2.6987645e-04	 1.59e-11 Skipping	 174	 676	
4	 6.4393405e-01	 +1.1946055e-01 -3.9361538e-04	 1.39e-08 Skipping	 191	 775	
5	 6.1835472e-01	 +9.0993162e-02 -1.1550426e-03	 1.28e-06 Skipping	 210	 867	
6	 5.9970522e-01	 +7.3079769e-02 +2.2762649e-03	 8.82e-05 Skipping	 225	 913	
7	 5.8580448e-01	 +6.3493820e-02 +3.4126579e-03	 8.71e-04 Skipping	 237	 1000	
8	 5.7586335e-01	 +5.5302815e-02 +2.1626889e-03	 4.65e-03 Skipping	 254	 1073	
9	 5.6848795e-01	 +4.9591053e-02 -8.5366312e-04	 2.64e-02 Skipping	 272	 1171	
10	 5.6267509e-01	 +4.2736215e-02 -5.1413513e-04	 3.41e-02 Skipping	 294	 1280	
11	 5.5869628e-01	 +3.6673395e-02 +1.0332668e-05	 1.45e-01 Skipping	 314	 1362	
12	 5.5573558e-01	 +3.6194331e-02 +3.6821031e-04	 2.43e-01 Skipping	 341	 1536	
13	 5.5383285e-01	 +3.0104207e-02 -8.7981390e-04	 3.94e-01 Skipping	 381	 1699	
14	 5.5214545e-01	 +2.9371366e-02 -2.7637073e-03	 5.42e-01 Skipping	 404	 1765	
15	 5.5152011e-01	 +2.9427869e-02 -3.8685436e-03	 6.91e-01 Skipping	 420	 1868	
16	 5.5012910e-01	 +2.7282746e-02 -1.4351968e-03	 3.43e-01 Skipping	 448	 1977	
17	 5.4948269e-01	 +2.5726621e-02 +6.4133664e-04	 6.01e-01 Skipping	 476	 2235	
18	 5.4840244e-01	 +2.6810274e-02 -2.3376629e-03	 6.55e-01 Skipping	 514	 2249	
19	 5.4778324e-01	 +2.4332188e-02 -2.4943051e-03	 8.91e-01 Skipping	 512	 2266	
20	 5.4714336e-01	 +2.3509628e-02 +9.8642337e-04	 9.17e-01 Skipping	 525	 2370	
21	 5.4662838e-01	 +2.0232643e-02 -5.0093390e-04	 8.61e-01 Skipping	 537	 2359	
22	 5.4620990e-01	 +2.0607976e-02 +1.6988214e-03	 1.17e+00 Skipping	 564	 2601	
23	 5.4654672e-01	 +1.9488080e-02 -1.1828177e-03	 5.72e-01 Skipping	 587	 2529	
24	 5.4618856e-01	 +1.8805531e-02 +7.3478910e-04	 1.19e+00 Skipping	 578	 2590	
25	 5.4621656e-01	 +1.9946792e-02 +2.4935853e-03	 9.15e-01 Skipping	 585	 2551	
26	 5.4628056e-01	 +2.3420241e-02 -3.0310142e-03	 1.48e+00 Skipping	 580	 2652	
27	 5.4578367e-01	 +1.7932545e-02 -1.5076503e-03	 5.99e-01 Skipping	 613	 2826	
28	 5.4536671e-01	 +1.5564512e-02 -1.6495298e-03	 5.70e-01 Skipping	 649	 2993	
29	 5.4529744e-01	 +1.8197435e-02 -1.3477731e-04	 1.41e+00 Skipping	 665	 2916	
30	 5.4528427e-01	 +1.8830141e-02 -7.3800448e-04	 6.50e-01 Skipping	 660	 3000	
31	 5.4528636e-01	 +1.5985938e-02 +1.7724111e-04	 6.12e-01 Skipping	 686	 3092	
32	 5.4491331e-01	 +1.4209063e-02 -1.4829310e-03	 4.42e-01 Skipping	 706	 3201	
33	 5.4471530e-01	 +1.6733827e-02 +1.3785691e-03	 8.20e-01 Skipping	 705	 3151	
34	 5.4500945e-01	 +1.7053178e-02 +2.4961872e-03	 1.43e+00 Skipping	 704	 3152	
35	 5.4526727e-01	 +1.6533201e-02 +8.3470545e-04	 9.26e-01 Skipping	 719	 3337	
36	 5.4528091e-01	 +1.6083540e-02 +1.3757714e-03	 2.06e+00 Skipping	 742	 3373	
37	 5.4537828e-01	 +1.2628348e-02 -2.3580922e-03	 1.48e+00 Skipping	 766	 3492	
38	 5.4502779e-01	 +1.4817868e-02 +3.4808820e-04	 1.09e+00 Skipping	 774	 3365	
39	 5.4503614e-01	 +1.1888221e-02 -9.2788762e-05	 1.37e+00 Skipping	 742	 3308	
40	 5.4477236e-01	 +1.1976757e-02 -1.6411060e-03	 6.32e-01 Skipping	 737	 3287	
41	 5.4472548e-01	 +1.2820328e-02 -1.5810349e-03	 1.55e+00 Skipping	 736	 3422	
42	 5.4469583e-01	 +1.1214080e-02 +2.3409774e-03	 1.11e+00 Skipping	 806	 4066	
43	 5.4498880e-01	 +8.9196972e-03 -1.7302185e-03	 8.15e-01 Skipping	 863	 3677	
44	 5.4499823e-01	 +1.3257486e-02 +9.7742258e-04	 1.92e+00 Skipping	 868	 3944	
45	 5.4443468e-01	 +1.4473525e-02 +2.8943232e-04	 7.38e-01 Skipping	 916	 4410	
46	 5.4456493e-01	 +1.2649497e-02 -1.7993024e-03	 1.83e+00 Skipping	 1027	 4784	
47	 5.4480548e-01	 +1.1119465e-02 -4.4792770e-04	 7.33e-01 Skipping	 1059	 4616	
48	 5.4460301e-01	 +9.2700216e-03 +5.4411608e-03	 8.79e-01 Skipping	 995	 4380	
49	 5.4463605e-01	 +9.0773760e-03 +7.6968895e-04	 1.08e+00 Skipping	 937	 4173	
50	 5.4491597e-01	 +1.2438342e-02 +2.2331567e-03	 5.85e-01 Skipping	 914	 4202	
51	 5.4458571e-01	 +1.3062219e-02 +6.4586175e-04	 3.88e-01 Accepted	 923	 4400	
52	 5.4458571e-01	 +1.3062219e-02 +6.4586175e-04	 5.42e-01 Rejected	 963	 4365	
53	 5.4432186e-01	 +8.3368659e-03 +1.0551359e-03	 6.00e-01 Accepted	 994	 4602	
54	 5.4458052e-01	 +7.4583879e-03 +1.8471191e-03	 1.10e+00 Accepted	 1027	 5040	
55	 5.4474107e-01	 +1.0268269e-02 +2.6891538e-03	 1.07e+00 Accepted	 1099	 4837	
56	 5.4438017e-01	 +1.2216537e-02 +1.5752546e-03	 8.96e-01 Accepted	 1077	 4745	
57	 5.4440860e-01	 +8.9480530e-03 +7.6106013e-04	 5.28e-01 Accepted	 1060	 5178	
58	 5.4379286e-01	 +1.0701395e-02 +7.7327570e-04	 5.83e-01 Accepted	 1120	 5099	
59	 5.4372110e-01	 +9.1309911e-03 +2.5876079e-05	 2.02e+00 Accepted	 1116	 5136	
60	 5.4372110e-01	 +9.1309911e-03 +2.5876079e-05	 5.21e-01 Rejected	 1129	 5367	
61	 5.4348771e-01	 +9.3438896e-03 +2.0773049e-03	 5.43e-01 Accepted	 1141	 5294	
62	 5.4361839e-01	 +7.4680572e-03 -1.4329926e-03	 2.80e+00 Accepted	 1152	 5598	
63	 5.4410256e-01	 +9.0329794e-03 +1.6531797e-03	 1.81e+00 Accepted	 1202	 5546	
# Starting_type: CheckpointStart
# Trajectory_length / Number_of_MD_steps: 1 / 7
# 	 Plaquette	 Polyakov_Loop(re,im)	 Acc._Probability	 runtime_per_traj(s)	 CG_iterations	
63	 5.4410256e-01	 +9.0329794e-03 +1.6531797e-03	 1.81e+00 Accepted	 1254	 5546	
64	 5.4418758e-01	 +9.1182040e-03 -4.3135753e-04	 4.39e-01 Accepted	 1244	 5774	
65	 5.4418758e-01	 +9.1182040e-03 -4.3135753e-04	 6.94e-01 Rejected	 1262	 5849	
66	 5.4426829e-01	 +9.4282425e-03 -2.6154404e-03	 1.96e+00 Accepted	 1259	 5857	
67	 5.4385289e-01	 +1.0727785e-02 +2.3383994e-03	 1.23e+00 Accepted	 1252	 5646	
68	 5.4352926e-01	 +7.4642971e-03 +1.5037922e-03	 6.78e-01 Accepted	 1284	 6041	
69	 5.4359940e-01	 +1.3067213e-02 -4.9573676e-04	 8.05e-01 Accepted	 1297	 5781	
70	 5.4340589e-01	 +9.1561627e-03 +1.4187779e-03	 1.04e+00 Accepted	 1264	 6023	
71	 5.4333461e-01	 +9.8756153e-03 -2.8863954e-03	 8.17e-01 Accepted	 1294	 5991	
72	 5.4333461e-01	 +9.8756153e-03 -2.8863954e-03	 6.79e-01 Rejected	 1287	 5913	
73	 5.4333461e-01	 +9.8756153e-03 -2.8863954e-03	 4.31e-01 Rejected	 1283	 5929	
74	 5.4321464e-01	 +6.0125804e-03 -7.4372058e-04	 2.12e+00 Accepted	 1326	 6281	
75	 5.4321464e-01	 +6.0125804e-03 -7.4372058e-04	 4.02e-01 Rejected	 1328	 5960	
76	 5.4321464e-01	 +6.0125804e-03 -7.4372058e-04	 6.57e-01 Rejected	 1366	 6284	
77	 5.4314616e-01	 +9.6442674e-03 -3.6400275e-03	 1.49e+00 Accepted	 1327	 6110	
78	 5.4296583e-01	 +7.1418255e-03 +7.7981765e-04	 8.36e-01 Accepted	 1286	 5794	
79	 5.4329343e-01	 +3.4972936e-03 -3.0605880e-03	 2.60e+00 Accepted	 1277	 5798	
80	 5.4324451e-01	 +4.4555576e-03 -7.8729983e-04	 6.23e-01 Accepted	 1271	 5855	
81	 5.4315612e-01	 +7.2555568e-03 -9.2313169e-04	 1.30e+00 Accepted	 1299	 6029	
82	 5.4315612e-01	 +7.2555568e-03 -9.2313169e-04	 7.19e-01 Rejected	 1286	 5754	
83	 5.4355949e-01	 +6.0115828e-03 +5.4846827e-04	 8.01e-01 Accepted	 1300	 5810	
84	 5.4310697e-01	 +7.6552629e-03 +3.3900063e-04	 1.16e+00 Accepted	 1313	 6087	
85	 5.4308762e-01	 +3.1346766e-03 -1.6091569e-03	 1.26e+00 Accepted	 1347	 6257	
86	 5.4299892e-01	 +7.1617081e-03 -1.1868417e-03	 1.10e+00 Accepted	 1362	 6278	
87	 5.4315747e-01	 +3.6589096e-03 -8.6597586e-04	 1.20e+00 Accepted	 1331	 6181	
88	 5.4345477e-01	 +3.2269203e-03 -1.2494606e-03	 8.25e-01 Accepted	 1364	 6086	
89	 5.4385011e-01	 +7.0700637e-03 -6.7910135e-04	 1.04e+00 Accepted	 1318	 5837	
90	 5.4345302e-01	 +9.9254654e-03 -3.3076061e-04	 7.33e-01 Accepted	 1334	 6291	
91	 5.4366509e-01	 +4.9775743e-03 +8.7940052e-04	 1.38e+00 Accepted	 1354	 5922	
92	 5.4325796e-01	 +3.5609662e-03 -4.1169723e-04	 6.39e-01 Accepted	 1325	 5919	
93	 5.4324067e-01	 +7.4133379e-03 +1.7237507e-04	 8.03e-01 Accepted	 1306	 5994	
94	 5.4326431e-01	 +1.6645539e-03 +2.1984890e-03	 9.55e-01 Accepted	 1307	 5927	
95	 5.4326431e-01	 +1.6645539e-03 +2.1984890e-03	 4.23e-01 Rejected	 1271	 5706	
# Starting_type: CheckpointStart
# Trajectory_length / Number_of_MD_steps: 1 / 7
# 	 Plaquette	 Polyakov_Loop(re,im)	 Acc._Probability	 runtime_per_traj(s)	 CG_iterations	
95	 5.4326431e-01	 +1.6645539e-03 +2.1984890e-03	 4.23e-01 Rejected	 1266	 5706	
96	 5.4324470e-01	 +4.1303917e-03 -2.7984596e-03	 1.49e+00 Accepted	 1295	 5915	
97	 5.4295392e-01	 +4.1918943e-03 +4.8993670e-04	 1.12e+00 Accepted	 1327	 6172	
98	 5.4272418e-01	 +2.3155333e-03 -7.5115981e-04	 2.98e-01 Accepted	 1310	 6004	
99	 5.4253469e-01	 +5.6000833e-03 +3.6586635e-04	 2.23e+00 Accepted	 1319	 6123	
100	 5.4289347e-01	 +3.7492032e-03 -2.8598700e-03	 3.43e-01 Accepted	 1360	 6290	
101	 5.4289347e-01	 +3.7492032e-03 -2.8598700e-03	 8.51e-01 Rejected	 1377	 6211	
102	 5.4308754e-01	 +5.9350904e-03 -5.7823233e-04	 8.70e-01 Accepted	 1355	 5971	
103	 5.4289580e-01	 +4.2821325e-03 +1.6067093e-03	 5.41e-01 Accepted	 1302	 6195	
104	 5.4289580e-01	 +4.2821325e-03 +1.6067093e-03	 5.99e-01 Rejected	 1326	 5919	
105	 5.4289580e-01	 +4.2821325e-03 +1.6067093e-03	 4.65e-01 Rejected	 1326	 5895	
106	 5.4234499e-01	 +5.1144913e-03 -2.5490988e-04	 1.69e+00 Accepted	 1326	 6012	
107	 5.4268724e-01	 +4.9730536e-03 +5.1767487e-04	 1.49e+00 Accepted	 1292	 5960	
108	 5.4254416e-01	 +6.2652340e-03 +9.6163703e-04	 1.32e+00 Accepted	 1303	 5948	
109	 5.4256899e-01	 +2.8566604e-03 -2.7045385e-03	 8.56e-01 Accepted	 1298	 6059	
110	 5.4297968e-01	 +3.5709200e-03 +4.7960850e-04	 2.23e+00 Accepted	 1318	 5897	
111	 5.4313978e-01	 +2.2270193e-03 +6.2628761e-04	 1.65e+00 Accepted	 1325	 6170	
112	 5.4263527e-01	 +5.2925396e-03 +3.2918758e-04	 1.03e+00 Accepted	 1363	 6229	
113	 5.4263527e-01	 +5.2925396e-03 +3.2918758e-04	 2.75e-01 Rejected	 1340	 5943	
114	 5.4293154e-01	 +4.2101734e-03 -1.7903375e-03	 8.81e-01 Accepted	 1367	 6284	
115	 5.4293154e-01	 +4.2101734e-03 -1.7903375e-03	 7.45e-01 Rejected	 1381	 6219	
116	 5.4339682e-01	 +4.6421080e-03 +2.4078444e-03	 4.54e-01 Accepted	 1400	 6393	
117	 5.4361355e-01	 +2.0293353e-03 +8.2166328e-04	 8.99e-01 Accepted	 1411	 6415	
118	 5.4361355e-01	 +2.0293353e-03 +8.2166328e-04	 4.20e-01 Rejected	 1376	 6351	
119	 5.4343545e-01	 +3.0528574e-03 -1.0832031e-04	 5.73e-01 Accepted	 1390	 6410	
120	 5.4309377e-01	 +3.1628046e-03 +9.3816760e-05	 1.58e+00 Accepted	 1410	 6282	
121	 5.4309377e-01	 +3.1628046e-03 +9.3816760e-05	 5.45e-01 Rejected	 1367	 6269	
122	 5.4309377e-01	 +3.1628046e-03 +9.3816760e-05	 3.58e-01 Rejected	 1358	 6166	
123	 5.4309377e-01	 +3.1628046e-03 +9.3816760e-05	 7.95e-01 Rejected	 1373	 6348	
124	 5.4290974e-01	 +4.4805779e-03 +8.9175263e-04	 1.18e+00 Accepted	 1377	 6320	
125	 5.4306087e-01	 +1.9519440e-03 -3.6242792e-03	 1.24e+00 Accepted	 1352	 6112	
126	 5.4321246e-01	 -1.4392380e-03 +4.5302509e-04	 8.27e-01 Accepted	 1333	 6175	
# Starting_type: CheckpointStart
# Trajectory_length / Number_of_MD_steps: 1 / 7
# 	 Plaquette	 Polyakov_Loop(re,im)	 Acc._Probability	 runtime_per_traj(s)	 CG_iterations	
127	 5.4287587e-01	 +4.3955727e-03 +3.2643466e-04	 1.81e-01 Accepted	 1392	 6137	
128	 5.4308683e-01	 +3.4692018e-03 -4.1648306e-05	 1.68e+00 Accepted	 1330	 6074	
129	 5.4303636e-01	 +1.3739888e-03 -1.7513351e-03	 1.18e+00 Accepted	 1310	 5935	
130	 5.4330493e-01	 +2.3601872e-03 -7.7165707e-04	 1.55e+00 Accepted	 1349	 6437	
131	 5.4338306e-01	 +3.4262823e-03 -2.6575068e-04	 1.02e+00 Accepted	 1384	 6282	
132	 5.4302647e-01	 -2.8438183e-05 -4.5385817e-04	 8.57e-01 Accepted	 1363	 6178	
133	 5.4313912e-01	 +2.3247613e-03 +4.4457683e-03	 6.73e-01 Accepted	 1383	 6335	
134	 5.4313912e-01	 +2.3247613e-03 +4.4457683e-03	 2.38e-01 Rejected	 1389	 6276	
135	 5.4317312e-01	 +6.3573550e-03 +4.2435126e-03	 3.73e-01 Accepted	 1383	 6295	
136	 5.4304770e-01	 +1.5313423e-03 +1.3103033e-03	 1.52e+00 Accepted	 1359	 6248	
137	 5.4309350e-01	 -2.4745446e-04 +1.1220215e-03	 1.01e+00 Accepted	 1342	 6066	
138	 5.4302466e-01	 +2.7326521e-03 +9.4302533e-04	 9.65e-01 Accepted	 1365	 6184	
139	 5.4295614e-01	 +1.3171289e-03 +4.0522191e-03	 9.94e-01 Accepted	 1369	 6312	
140	 5.4329902e-01	 +5.8247254e-03 +2.3457575e-04	 1.36e+00 Accepted	 1388	 6375	
141	 5.4316783e-01	 +5.2817573e-03 -2.2320072e-06	 7.49e-01 Accepted	 1372	 6110	
142	 5.4279113e-01	 +2.0282120e-03 +1.3571924e-03	 1.24e+00 Accepted	 1363	 6367	
143	 5.4284019e-01	 +3.2008716e-03 +3.0972835e-03	 7.48e-01 Accepted	 1387	 6246	
144	 5.4284019e-01	 +3.2008716e-03 +3.0972835e-03	 4.23e-01 Rejected	 1396	 6420	
145	 5.4284019e-01	 +3.2008716e-03 +3.0972835e-03	 6.81e-01 Rejected	 1373	 6285	
146	 5.4319902e-01	 -3.6148700e-04 +1.0061274e-03	 6.81e-01 Accepted	 1378	 6167	
147	 5.4318314e-01	 +2.6362686e-03 +6.1919577e-04	 1.62e+00 Accepted	 1357	 6151	
148	 5.4274949e-01	 +2.3139515e-03 +2.1880722e-03	 8.67e-01 Accepted	 1360	 6145	
149	 5.4237683e-01	 +3.1614749e-03 +4.5575849e-03	 8.96e-01 Accepted	 1361	 6165	
150	 5.4231458e-01	 +3.2837995e-03 -1.9587809e-03	 1.44e+00 Accepted	 1382	 6333	
151	 5.4243452e-01	 +1.1311701e-03 +3.3448308e-03	 1.90e+00 Accepted	 1373	 6213	
152	 5.4292338e-01	 +3.9473862e-03 -4.1304984e-04	 1.04e+00 Accepted	 1380	 6261	
153	 5.4262162e-01	 +2.5293968e-03 +5.1494195e-04	 5.81e-01 Accepted	 1354	 6253	
154	 5.4261274e-01	 +5.5408206e-03 -1.5769897e-03	 2.77e-01 Accepted	 1361	 6083	
155	 5.4239045e-01	 +3.6580219e-03 -9.3961769e-04	 2.68e+00 Accepted	 1333	 6163	
156	 5.4247037e-01	 +4.7212741e-03 +8.5977451e-04	 9.58e-01 Accepted	 1353	 6247	
157	 5.4257061e-01	 +2.5896473e-03 +6.4851289e-04	 9.47e-01 Accepted	 1335	 6192	
# Starting_type: CheckpointStart
# Trajectory_length / Number_of_MD_steps: 1 / 7
# 	 Plaquette	 Polyakov_Loop(re,im)	 Acc._Probability	 runtime_per_traj(s)	 CG_iterations	
157	 5.4257061e-01	 +2.5896473e-03 +6.4851289e-04	 9.47e-01 Accepted	 1397	 6192	
158	 5.4245916e-01	 +1.2877675e-03 -1.3466331e-03	 6.98e-01 Accepted	 1383	 6287	
159	 5.4240156e-01	 +3.5733681e-03 +9.1731776e-04	 6.78e-01 Accepted	 1369	 6058	
160	 5.4240156e-01	 +3.5733681e-03 +9.1731776e-04	 3.71e-01 Rejected	 1354	 5960	
161	 5.4282446e-01	 +2.9905055e-03 +1.9475837e-04	 5.26e-01 Accepted	 1374	 6316	
162	 5.4284728e-01	 -6.2558857e-04 +1.9018537e-03	 3.72e+00 Accepted	 1431	 6422	
163	 5.4265179e-01	 +4.0878425e-03 -7.8178517e-05	 7.74e-01 Accepted	 1431	 6484	
164	 5.4265179e-01	 +4.0878425e-03 -7.8178517e-05	 4.58e-01 Rejected	 1414	 6324	
165	 5.4279976e-01	 +3.7983865e-03 -1.8031534e-03	 1.26e+00 Accepted	 1405	 6237	
166	 5.4273518e-01	 +3.0525729e-03 -5.7020881e-04	 2.35e-01 Accepted	 1422	 6260	
167	 5.4297307e-01	 +4.9957308e-04 -2.5955074e-04	 1.07e+00 Accepted	 1384	 6027	
168	 5.4317095e-01	 +3.6805580e-03 -2.2091975e-03	 1.19e+00 Accepted	 1395	 6235	
169	 5.4302140e-01	 +3.1137274e-03 +4.4014501e-04	 6.43e-01 Accepted	 1392	 6321	
170	 5.4302140e-01	 +3.1137274e-03 +4.4014501e-04	 3.84e-01 Rejected	 1399	 6141	
171	 5.4302140e-01	 +3.1137274e-03 +4.4014501e-04	 7.51e-01 Rejected	 1400	 6158	
172	 5.4308176e-01	 +8.6172214e-04 -2.3667527e-04	 6.55e-01 Accepted	 1395	 6124	
173	 5.4323098e-01	 +2.9820852e-03 -1.0221706e-03	 9.67e-01 Accepted	 1378	 6141	
174	 5.4328857e-01	 +4.1056315e-03 -5.2564589e-04	 7.38e-01 Accepted	 1383	 6191	
175	 5.4328857e-01	 +4.1056315e-03 -5.2564589e-04	 6.34e-01 Rejected	 1391	 6357	
176	 5.4350689e-01	 +3.2954507e-03 +1.1357232e-03	 3.14e+00 Accepted	 1374	 6061	
177	 5.4328127e-01	 +4.1643472e-03 -4.7144863e-03	 1.45e+00 Accepted	 1356	 6128	
178	 5.4303284e-01	 +4.2530887e-03 -8.6745966e-04	 6.64e-01 Accepted	 1368	 6163	
179	 5.4323677e-01	 +1.6386034e-03 -1.3531332e-03	 3.35e+00 Accepted	 1374	 6148	
180	 5.4330149e-01	 +5.1101816e-03 -4.3202710e-04	 1.70e+00 Accepted	 1364	 6070	
181	 5.4291005e-01	 -1.6074414e-04 -1.6748065e-03	 5.48e-01 Accepted	 1362	 6302	
182	 5.4314527e-01	 +1.6417700e-03 -1.2036694e-03	 7.92e-01 Accepted	 1380	 6246	
183	 5.4295334e-01	 +2.6808929e-03 +1.3146417e-03	 8.28e-01 Accepted	 1371	 6186	
184	 5.4304537e-01	 +9.7087653e-04 +1.2416707e-03	 8.10e-01 Accepted	 1358	 6141	
185	 5.4304537e-01	 +9.7087653e-04 +1.2416707e-03	 5.36e-01 Rejected	 1365	 6271	
186	 5.4289424e-01	 +2.2602852e-03 -3.8532465e-04	 1.35e+00 Accepted	 1362	 6249	
187	 5.4284879e-01	 +5.1514168e-03 +1.3122183e-03	 8.32e-01 Accepted	 1401	 6347	
# Starting_type: CheckpointStart
# Trajectory_length / Number_of_MD_steps: 1 / 7
# 	 Plaquette	 Polyakov_Loop(re,im)	 Acc._Probability	 runtime_per_traj(s)	 CG_iterations	
187	 5.4284879e-01	 +5.1514168e-03 +1.3122183e-03	 8.32e-01 Accepted	 1091	 6347	
188	 5.4284879e-01	 +5.1514168e-03 +1.3122183e-03	 5.71e-01 Rejected	 1023	 6134	
189	 5.4292773e-01	 +2.2032079e-03 -1.7013759e-04	 9.15e-01 Accepted	 1001	 6377	
190	 5.4289931e-01	 +5.0125209e-03 -2.0712553e-03	 1.12e+00 Accepted	 1014	 6420	
191	 5.4289931e-01	 +5.0125209e-03 -2.0712553e-03	 3.16e-01 Rejected	 1026	 6402	
192	 5.4287485e-01	 +3.7323648e-03 -2.3428161e-03	 1.59e+00 Accepted	 1024	 6324	
193	 5.4315272e-01	 +3.4572976e-03 -1.1718873e-03	 7.37e-01 Accepted	 1024	 6280	
194	 5.4320680e-01	 -8.7967871e-04 +1.4719455e-03	 1.69e+00 Accepted	 1018	 6444	
195	 5.4360463e-01	 +1.9585171e-03 +7.0622069e-04	 1.07e+00 Accepted	 1009	 6091	
196	 5.4309991e-01	 +5.4910582e-03 +2.6903110e-03	 6.90e-01 Accepted	 994	 6081	
197	 5.4309991e-01	 +5.4910582e-03 +2.6903110e-03	 5.48e-01 Rejected	 997	 6128	
198	 5.4291861e-01	 -7.1689449e-04 +3.7880492e-03	 6.23e-01 Accepted	 1005	 6238	
199	 5.4295728e-01	 +1.9826275e-04 -1.8029324e-03	 1.18e+00 Accepted	 1005	 6077	
200	 5.4298648e-01	 +4.2539462e-03 -1.1853036e-05	 1.55e+00 Accepted	 1001	 6272	
201	 5.4309626e-01	 +6.6751853e-03 +2.9507175e-03	 8.59e-01 Accepted	 1010	 6173	
202	 5.4313801e-01	 +1.5010851e-03 -5.3824195e-04	 1.10e+00 Accepted	 1018	 6393	
203	 5.4320247e-01	 +2.4971429e-03 -2.0388525e-04	 2.61e+00 Accepted	 1016	 6258	
204	 5.4332147e-01	 +4.8037841e-03 +8.5440781e-04	 5.15e-01 Accepted	 1022	 6243	
205	 5.4332147e-01	 +4.8037841e-03 +8.5440781e-04	 5.95e-01 Rejected	 1027	 6382	
206	 5.4298144e-01	 +3.3356554e-03 +9.5857209e-04	 3.10e+00 Accepted	 1033	 6522	
207	 5.4298739e-01	 +1.1903180e-03 +1.3621153e-03	 9.28e-01 Accepted	 1011	 6171	
208	 5.4271639e-01	 +3.4210646e-03 -1.3734404e-03	 1.71e+00 Accepted	 1014	 6325	
209	 5.4271639e-01	 +3.4210646e-03 -1.3734404e-03	 2.01e-01 Rejected	 1053	 6373	
210	 5.4282002e-01	 +3.2569876e-03 -3.1872521e-03	 4.65e-01 Accepted	 1023	 6262	
211	 5.4256938e-01	 +2.6018797e-03 -4.0340757e-03	 1.67e+00 Accepted	 1031	 6417	
212	 5.4286646e-01	 +2.5891611e-03 +3.6278410e-04	 1.03e+00 Accepted	 1033	 6099	
213	 5.4286646e-01	 +2.5891611e-03 +3.6278410e-04	 5.55e-01 Rejected	 1020	 6393	
214	 5.4286646e-01	 +2.5891611e-03 +3.6278410e-04	 5.88e-01 Rejected	 1018	 6176	
215	 5.4318308e-01	 +6.4306591e-04 -1.2351868e-03	 2.30e+00 Accepted	 1031	 6392	
216	 5.4308160e-01	 +2.2558896e-03 -2.2028745e-03	 9.00e-01 Accepted	 1035	 6548	
217	 5.4308160e-01	 +2.2558896e-03 -2.2028745e-03	 3.39e-01 Rejected	 1014	 6446	
218	 5.4332781e-01	 +2.6462008e-03 -1.9795795e-03	 3.85e-01 Accepted	 1014	 6438	
219	 5.4305088e-01	 +3.4252736e-03 -3.4633523e-04	 6.47e-01 Accepted	 998	 6296	
220	 5.4305088e-01	 +3.4252736e-03 -3.4633523e-04	 7.75e-01 Rejected	 994	 6167	
221	 5.4329719e-01	 +2.7210780e-03 +1.6483799e-03	 6.61e-01 Accepted	 1019	 6599	
222	 5.4354102e-01	 +4.0944112e-03 +1.4747870e-03	 9.41e-01 Accepted	 1018	 6264	
223	 5.4364395e-01	 +2.2480038e-03 -1.1422766e-03	 1.42e+00 Accepted	 1000	 6303	
224	 5.4340728e-01	 +3.2870446e-04 +4.3393188e-04	 4.59e-01 Accepted	 992	 6206	
225	 5.4340244e-01	 -1.1234822e-04 -1.3999037e-03	 7.23e-01 Accepted	 978	 6109	
226	 5.4294467e-01	 +3.9180680e-03 -8.5471739e-04	 2.39e+00 Accepted	 966	 6167	
227	 5.4294467e-01	 +3.9180680e-03 -8.5471739e-04	 4.43e-01 Rejected	 966	 6062	
228	 5.4294467e-01	 +3.9180680e-03 -8.5471739e-04	 3.53e-01 Rejected	 992	 6209	
# Starting_type: CheckpointStart
# Trajectory_length / Number_of_MD_steps: 1 / 7
# 	 Plaquette	 Polyakov_Loop(re,im)	 Acc._Probability	 runtime_per_traj(s)	 CG_iterations	
229	 5.4321191e-01	 +2.5552638e-03 +1.1430556e-03	 6.00e-01 Accepted	 1133	 6275	
230	 5.4321191e-01	 +2.5552638e-03 +1.1430556e-03	 3.45e-01 Rejected	 1065	 6125	
231	 5.4285509e-01	 +4.4074570e-04 -2.6529663e-04	 8.35e-01 Accepted	 1066	 6336	
232	 5.4285509e-01	 +4.4074570e-04 -2.6529663e-04	 8.41e-01 Rejected	 1076	 6164	
233	 5.4265823e-01	 +3.7847690e-04 -9.2642949e-04	 1.08e+00 Accepted	 1090	 6358	
234	 5.4240335e-01	 +3.1724058e-03 -2.8204989e-04	 3.56e-01 Accepted	 1073	 6198	
235	 5.4235725e-01	 +2.3411368e-03 -1.9459018e-03	 9.98e-01 Accepted	 1056	 6190	
236	 5.4262446e-01	 +9.4055046e-04 +3.3731622e-03	 7.77e-01 Accepted	 1056	 6186	
237	 5.4214226e-01	 +9.2074808e-04 -2.0911270e-03	 1.08e+00 Accepted	 1073	 6400	
238	 5.4255166e-01	 +2.4446296e-04 +1.6222226e-03	 1.30e+00 Accepted	 1089	 6429	
239	 5.4281439e-01	 +1.8911322e-03 +1.3275108e-03	 5.06e-01 Accepted	 1071	 6425	
240	 5.4267677e-01	 +1.2045915e-03 +6.3982612e-04	 2.70e+00 Accepted	 1094	 6444	
241	 5.4294885e-01	 +6.8463597e-03 -1.0981871e-03	 1.47e+00 Accepted	 1065	 6402	
242	 5.4310731e-01	 +7.6078125e-04 +8.1146518e-04	 6.71e-01 Accepted	 1072	 6480	
243	 5.4316318e-01	 +8.3496877e-04 +1.7607289e-03	 8.89e-01 Accepted	 1076	 6417	
244	 5.4279423e-01	 +3.0903554e-05 -5.1343832e-05	 4.30e-01 Accepted	 1092	 6400	
245	 5.4279423e-01	 +3.0903554e-05 -5.1343832e-05	 4.49e-01 Rejected	 1079	 6488	
246	 5.4313936e-01	 +3.1408100e-03 -1.1455871e-03	 1.86e+00 Accepted	 1074	 6283	
247	 5.4304559e-01	 +1.4052773e-03 -1.3325275e-04	 2.53e+00 Accepted	 1047	 6410	
248	 5.4288032e-01	 +1.9554839e-03 -5.3694956e-05	 2.00e+00 Accepted	 1061	 6528	
249	 5.4302325e-01	 +1.1746277e-03 +2.1464420e-04	 3.37e-01 Accepted	 1073	 6470	
250	 5.4302325e-01	 +1.1746277e-03 +2.1464420e-04	 6.89e-01 Rejected	 1059	 6331	
251	 5.4302325e-01	 +1.1746277e-03 +2.1464420e-04	 8.21e-01 Rejected	 1059	 6364	
252	 5.4302325e-01	 +1.1746277e-03 +2.1464420e-04	 8.47e-01 Rejected	 1066	 6451	
253	 5.4302380e-01	 +1.1644497e-03 +3.1760562e-04	 1.87e+00 Accepted	 1055	 6455	
254	 5.4319676e-01	 +2.5666002e-03 +1.1307040e-03	 1.71e+00 Accepted	 1066	 6456	
255	 5.4319676e-01	 +2.5666002e-03 +1.1307040e-03	 4.48e-01 Rejected	 1076	 6409	
256	 5.4331138e-01	 -3.0104152e-03 +4.4593452e-04	 9.16e-01 Accepted	 1073	 6640	
257	 5.4281417e-01	 -1.0463950e-03 -1.0779426e-03	 1.43e+00 Accepted	 1068	 6470	
258	 5.4283888e-01	 -2.7203655e-03 +6.5322620e-04	 1.58e+00 Accepted	 1074	 6599	
259	 5.4283888e-01	 -2.7203655e-03 +6.5322620e-04	 8.22e-01 Rejected	 1080	 6597	
260	 5.4326460e-01	 -6.9416720e-05 -1.4512157e-04	 1.07e+00 Accepted	 1039	 6520	
261	 5.4340770e-01	 -1.9659412e-03 -4.3312916e-04	 1.53e+00 Accepted	 1034	 6615	
262	 5.4354574e-01	 +2.2085815e-03 -1.4212436e-04	 4.90e-01 Accepted	 1032	 6454	
263	 5.4354574e-01	 +2.2085815e-03 -1.4212436e-04	 5.72e-01 Rejected	 1020	 6359	
264	 5.4354574e-01	 +2.2085815e-03 -1.4212436e-04	 3.26e-01 Rejected	 1020	 6296	
265	 5.4354574e-01	 +2.2085815e-03 -1.4212436e-04	 6.66e-01 Rejected	 1023	 6262	
266	 5.4306115e-01	 -1.8208736e-03 -9.6561708e-04	 3.27e-01 Accepted	 1020	 6260	
267	 5.4314605e-01	 -5.8065857e-04 -6.3240443e-04	 2.11e+00 Accepted	 1000	 6484	
268	 5.4299144e-01	 +2.2708260e-03 +2.0557909e-04	 1.26e+00 Accepted	 1004	 6387	
