# Starting_type: HotStart
# serial RNG seed: 	[19504 43540 34474 22954 13266]
# parallel RNG seed:	[9758 17899 46590 12859 14261]
# Trajectory_length / Number_of_MD_steps: 1 / 8
# 	 Plaquette	 Polyakov_Loop(re,im)	 Acc._Probability	 runtime_per_traj(s)	 CG_iterations	
1	 2.2772102e-01	 -8.4982637e-04 -1.7341201e-03	 2.86e+31 Accepted	 225	 909	
2	 3.2232889e-01	 +1.8139641e-03 +1.3081676e-03	 4.12e+16 Accepted	 281	 1091	
3	 3.7624338e-01	 +9.6232557e-04 -1.4008638e-03	 9.90e+09 Accepted	 308	 1156	
4	 4.1151578e-01	 -1.8570937e-03 +1.9221924e-04	 1.13e+07 Accepted	 319	 1181	
5	 4.3696894e-01	 +1.1441814e-03 -1.0554833e-03	 1.53e+05 Accepted	 323	 1191	
6	 4.5804475e-01	 -1.2404650e-03 -1.0371225e-05	 8.76e+03 Accepted	 322	 1186	
7	 4.7566955e-01	 -4.6187990e-04 +3.8630568e-04	 2.92e+03 Accepted	 323	 1180	
8	 4.9157031e-01	 -3.2425169e-03 +2.4372069e-04	 1.11e+03 Accepted	 321	 1173	
9	 5.0554133e-01	 -2.0823413e-03 -3.0595389e-03	 2.48e+02 Accepted	 318	 1162	
10	 5.1786320e-01	 +2.3888876e-03 +2.4652426e-03	 1.06e+02 Accepted	 318	 1154	
11	 5.2921922e-01	 -8.7057945e-04 +3.2889447e-04	 1.10e+02 Accepted	 314	 1142	
12	 5.3928884e-01	 -4.1133910e-05 -2.3166784e-04	 5.39e+01 Accepted	 311	 1128	
13	 5.4770154e-01	 +6.0589510e-04 +3.7277305e-03	 2.27e+01 Accepted	 308	 1109	
14	 5.5516999e-01	 -1.0815558e-03 -1.2926091e-03	 2.45e+01 Accepted	 304	 1091	
15	 5.6108156e-01	 +1.0770132e-03 +1.1422032e-03	 1.24e+01 Accepted	 301	 1064	
16	 5.6586557e-01	 -7.3003945e-04 -6.2620870e-04	 7.83e+00 Accepted	 297	 1064	
17	 5.6992582e-01	 +2.8555894e-03 -6.2179282e-05	 4.58e+00 Accepted	 295	 1036	
18	 5.7333017e-01	 +1.7207282e-03 -3.0761075e-04	 3.70e+00 Accepted	 291	 1041	
19	 5.7628543e-01	 +2.4463792e-03 -1.9330881e-03	 4.62e+00 Accepted	 290	 1021	
20	 5.7860575e-01	 -2.7962578e-04 -7.8289897e-04	 3.38e+00 Accepted	 284	 987	
21	 5.8025048e-01	 -8.1903826e-04 +6.5705154e-04	 1.74e+00 Accepted	 278	 1000	
22	 5.8146727e-01	 -9.8221213e-04 +1.1698508e-03	 1.64e+00 Accepted	 278	 953	
23	 5.8258677e-01	 +1.8231217e-03 +1.0247770e-03	 1.36e+00 Accepted	 276	 974	
24	 5.8383147e-01	 -9.8970816e-05 -1.6182510e-03	 1.90e+00 Accepted	 275	 969	
25	 5.8435350e-01	 +1.4482397e-03 +7.5520209e-04	 9.37e-01 Accepted	 270	 906	
26	 5.8529343e-01	 -1.3664770e-03 -8.0016219e-04	 1.32e+00 Accepted	 262	 880	
27	 5.8553907e-01	 +1.4894020e-03 +4.0367972e-04	 1.16e+00 Accepted	 257	 904	
28	 5.8669594e-01	 +2.5575535e-04 -2.2818815e-03	 1.70e+00 Accepted	 261	 914	
29	 5.8707041e-01	 -6.9481340e-04 -1.2799610e-03	 1.02e+00 Accepted	 256	 870	
30	 5.8750586e-01	 +1.6730354e-03 +2.0283187e-03	 8.31e-01 Accepted	 249	 853	
31	 5.8748002e-01	 +1.0891279e-04 +1.1307822e-03	 7.04e-01 Accepted	 245	 857	
32	 5.8755538e-01	 -1.3092072e-03 +1.5614009e-03	 1.23e+00 Accepted	 243	 802	
33	 5.8803238e-01	 -6.5189650e-03 +2.2481142e-03	 9.33e-01 Accepted	 232	 808	
34	 5.8805264e-01	 +3.9844345e-04 -1.2579280e-03	 8.93e-01 Accepted	 236	 803	
35	 5.8806801e-01	 -1.0726708e-03 +3.3938475e-05	 8.66e-01 Accepted	 235	 862	
36	 5.8859684e-01	 +2.9879816e-04 -1.1658921e-04	 1.15e+00 Accepted	 240	 816	
37	 5.8829242e-01	 +8.5446316e-05 -3.5544752e-04	 1.20e+00 Accepted	 236	 834	
38	 5.8833987e-01	 -4.7455029e-04 -1.0723840e-06	 9.40e-01 Accepted	 239	 856	
39	 5.8844373e-01	 -2.8595326e-04 +7.7216529e-04	 1.07e+00 Accepted	 242	 827	
40	 5.8883587e-01	 +1.7958605e-03 -9.6398063e-04	 7.81e-01 Accepted	 240	 809	
41	 5.8880895e-01	 +1.8176308e-03 +1.0392555e-03	 1.19e+00 Accepted	 230	 778	
42	 5.8862747e-01	 +1.2377995e-03 -8.0692302e-05	 7.44e-01 Accepted	 224	 792	
43	 5.8867126e-01	 +7.7993674e-04 +2.2329109e-03	 1.03e+00 Accepted	 226	 793	
44	 5.8903620e-01	 +1.9846176e-04 -2.2085324e-03	 9.73e-01 Accepted	 230	 829	
45	 5.8927787e-01	 -3.0935531e-03 +3.5521913e-03	 7.66e-01 Accepted	 234	 791	
46	 5.8949564e-01	 -5.1162304e-04 -4.7966263e-04	 9.71e-01 Accepted	 224	 763	
47	 5.8929500e-01	 -2.0147766e-04 +1.6555337e-04	 8.07e-01 Accepted	 222	 767	
48	 5.8965593e-01	 -2.3316590e-03 +1.3155064e-03	 1.00e+00 Accepted	 219	 761	
49	 5.8974920e-01	 -1.8413193e-03 +1.2253673e-03	 1.16e+00 Accepted	 222	 783	
50	 5.8939683e-01	 -1.9737649e-03 -5.5323432e-04	 1.04e+00 Accepted	 223	 772	
51	 5.8939683e-01	 -1.9737649e-03 -5.5323432e-04	 8.21e-01 Rejected	 224	 776	
52	 5.8922162e-01	 -1.1348109e-03 +1.1326766e-03	 7.43e-01 Accepted	 221	 754	
53	 5.8960058e-01	 -2.7812467e-03 +3.3086449e-03	 1.28e+00 Accepted	 219	 761	
54	 5.8980705e-01	 -2.5131431e-03 +4.1611984e-03	 1.40e+00 Accepted	 218	 750	
55	 5.8951068e-01	 -2.9283077e-05 -1.7952111e-04	 1.26e+00 Accepted	 217	 749	
56	 5.8951226e-01	 +1.7988881e-03 +1.5656695e-03	 1.18e+00 Accepted	 218	 756	
57	 5.8951620e-01	 -4.0105077e-03 +6.8994466e-04	 1.07e+00 Accepted	 219	 759	
58	 5.8958489e-01	 -1.2490972e-03 -3.5094920e-03	 8.19e-01 Accepted	 220	 754	
59	 5.8951287e-01	 -9.5775624e-04 -4.9670389e-03	 9.66e-01 Accepted	 218	 757	
60	 5.8953856e-01	 +2.0348714e-04 -1.9635418e-03	 8.74e-01 Accepted	 218	 747	
61	 5.8969141e-01	 +3.2348977e-04 -2.2738754e-03	 9.30e-01 Accepted	 219	 762	
62	 5.8969141e-01	 +3.2348977e-04 -2.2738754e-03	 6.79e-01 Rejected	 220	 749	
63	 5.8954726e-01	 +5.3896991e-04 -2.4623783e-03	 8.56e-01 Accepted	 221	 752	
64	 5.8961397e-01	 -3.6865121e-04 -3.6273747e-03	 7.62e-01 Accepted	 217	 751	
65	 5.8965111e-01	 -3.6825156e-03 -3.4939306e-03	 1.30e+00 Accepted	 217	 755	
66	 5.9006305e-01	 -2.7858491e-03 -9.2040440e-04	 1.06e+00 Accepted	 220	 778	
67	 5.9008223e-01	 -1.2402094e-03 -1.7921943e-04	 1.14e+00 Accepted	 225	 781	
68	 5.8982612e-01	 +1.0841991e-03 +4.6912927e-04	 1.27e+00 Accepted	 224	 766	
69	 5.8987159e-01	 -1.3213454e-04 +1.6193653e-03	 1.03e+00 Accepted	 218	 763	
70	 5.9015464e-01	 +1.6564835e-04 -3.3021402e-04	 2.02e+00 Accepted	 218	 763	
71	 5.9023070e-01	 -1.4183523e-03 +8.2792063e-04	 1.00e+00 Accepted	 217	 751	
72	 5.9033598e-01	 +5.2871200e-04 +2.0708072e-04	 8.29e-01 Accepted	 217	 747	
73	 5.9034690e-01	 +9.5515188e-04 +4.4632183e-03	 9.32e-01 Accepted	 216	 757	
74	 5.9009021e-01	 +1.2416421e-03 -1.6576861e-03	 7.08e-01 Accepted	 219	 765	
75	 5.8995179e-01	 +2.1080452e-03 -4.4737630e-05	 1.04e+00 Accepted	 220	 773	
76	 5.8995179e-01	 +2.1080452e-03 -4.4737630e-05	 7.18e-01 Rejected	 224	 766	
77	 5.9008522e-01	 +3.4676418e-03 -1.8706263e-03	 1.26e+00 Accepted	 220	 750	
78	 5.8992835e-01	 +2.6678534e-03 -3.9280307e-03	 6.22e-01 Accepted	 216	 745	
79	 5.8976857e-01	 +3.0811368e-03 -2.6616816e-03	 8.90e-01 Accepted	 216	 747	
80	 5.8989706e-01	 +1.0484650e-03 -6.2599534e-04	 8.35e-01 Accepted	 215	 745	
81	 5.8986988e-01	 +9.6596524e-04 +2.9800689e-03	 1.30e+00 Accepted	 216	 748	
82	 5.8998067e-01	 +6.4954456e-03 -1.4179787e-05	 1.09e+00 Accepted	 215	 744	
83	 5.8984344e-01	 +4.4784271e-03 +2.5752967e-03	 9.39e-01 Accepted	 214	 745	
84	 5.8994268e-01	 +1.2034827e-03 -2.8197490e-04	 1.17e+00 Accepted	 216	 751	
85	 5.9011620e-01	 +4.6855847e-03 +1.8528168e-03	 5.51e-01 Accepted	 216	 749	
86	 5.9029988e-01	 +3.3332954e-03 +3.2474041e-03	 8.89e-01 Accepted	 215	 744	
87	 5.9030410e-01	 +5.8987177e-03 -1.0318867e-04	 5.30e-01 Accepted	 217	 741	
88	 5.9046404e-01	 +2.8777835e-03 +3.6454327e-03	 1.04e+00 Accepted	 216	 746	
89	 5.9046404e-01	 +2.8777835e-03 +3.6454327e-03	 7.42e-01 Rejected	 215	 744	
90	 5.9013573e-01	 +6.6417360e-03 +1.7406376e-04	 7.83e-01 Accepted	 215	 744	
91	 5.8995821e-01	 +1.7582355e-03 -1.8255537e-03	 9.35e-01 Accepted	 215	 747	
