# Starting_type: HotStart
# serial RNG seed: 	[57 73 93 92 30]
# parallel RNG seed:	[99 44 11 1 74]
# Trajectory_length / Number_of_MD_steps: 1 / 8
# 	 Plaquette	 Polyakov_Loop(re,im)	 Acc._Probability	 runtime_per_traj(s)	 CG_iterations	
1	 2.2967857e-01	 -3.1755718e-04 +1.5849702e-03	 1.76e+159 Accepted	 341	 1002	
2	 3.2651851e-01	 +3.1218887e-03 -4.9036421e-04	 9.41e+88 Accepted	 481	 1319	
3	 3.8208658e-01	 +7.2002583e-04 +6.6633917e-04	 4.00e+57 Accepted	 562	 1495	
4	 4.1949917e-01	 +1.3830063e-03 -1.0972498e-03	 2.28e+39 Accepted	 609	 1607	
5	 4.4773036e-01	 +5.0087451e-05 +9.0418349e-04	 2.60e+29 Accepted	 644	 1683	
6	 4.7079485e-01	 -6.6826608e-04 +4.6568574e-04	 1.85e+22 Accepted	 668	 1736	
7	 4.9025618e-01	 -1.3064295e-03 +1.4385086e-03	 2.73e+18 Accepted	 686	 1780	
8	 5.0761506e-01	 +1.3866927e-03 -9.1251089e-05	 8.54e+14 Accepted	 695	 1791	
9	 5.2280818e-01	 +3.6596985e-04 +1.5013569e-04	 2.13e+12 Accepted	 701	 1813	
10	 5.3621486e-01	 -1.2212382e-03 -2.1818865e-05	 8.21e+09 Accepted	 707	 1828	
11	 5.4786198e-01	 -3.0832996e-04 +5.2184945e-04	 1.28e+09 Accepted	 712	 1814	
12	 5.5762522e-01	 -9.7241296e-04 +3.3572049e-04	 3.20e+07 Accepted	 710	 1797	
13	 5.6584690e-01	 -9.3240088e-04 -1.3357394e-03	 9.75e+05 Accepted	 714	 1798	
14	 5.7244821e-01	 +1.0374399e-03 +8.0960415e-04	 1.94e+05 Accepted	 701	 1748	
15	 5.7783034e-01	 -1.2717668e-03 +4.0702370e-04	 8.12e+03 Accepted	 694	 1765	
16	 5.8203470e-01	 +9.2468463e-04 +1.1523788e-03	 2.85e+03 Accepted	 700	 1725	
17	 5.8553912e-01	 -1.3031595e-03 +2.1217253e-04	 7.74e+02 Accepted	 689	 1727	
18	 5.8823420e-01	 +3.5260408e-04 -7.3060700e-04	 3.37e+02 Accepted	 680	 1679	
19	 5.9026826e-01	 -1.7790741e-03 -1.8894133e-04	 3.24e+01 Accepted	 670	 1710	
20	 5.9213342e-01	 -3.8388556e-04 -3.5757146e-04	 1.37e+01 Accepted	 673	 1630	
21	 5.9331208e-01	 +1.9377461e-03 -3.3775872e-03	 4.88e+00 Accepted	 658	 1647	
22	 5.9451663e-01	 -4.4627049e-04 +2.4889705e-04	 2.48e+00 Accepted	 671	 1637	
23	 5.9546594e-01	 +1.2373112e-04 -6.1023507e-04	 2.76e+00 Accepted	 669	 1671	
24	 5.9617383e-01	 -1.5839265e-03 +2.9135943e-04	 4.71e+00 Accepted	 669	 1637	
25	 5.9675212e-01	 -5.0031919e-05 +5.2271613e-04	 4.26e+00 Accepted	 648	 1568	
26	 5.9733755e-01	 -8.8460017e-04 +2.4801495e-04	 1.61e+00 Accepted	 639	 1555	
27	 5.9770096e-01	 +8.9250616e-04 +1.1192759e-03	 4.82e+00 Accepted	 653	 1599	
28	 5.9808707e-01	 +8.5415566e-04 -1.3104556e-03	 1.77e+00 Accepted	 639	 1492	
29	 5.9843202e-01	 +1.2029809e-03 +2.9018689e-05	 1.17e+00 Accepted	 620	 1515	
30	 5.9889046e-01	 +1.3943623e-03 -1.6321243e-03	 1.27e+00 Accepted	 603	 1479	
31	 5.9915392e-01	 -4.9764670e-04 +4.3062845e-04	 5.92e-01 Accepted	 600	 1522	
32	 5.9915392e-01	 -4.9764670e-04 +4.3062845e-04	 8.13e-01 Rejected	 620	 1524	
33	 5.9940263e-01	 +1.5781090e-03 -1.3385766e-03	 1.79e+00 Accepted	 622	 1601	
34	 5.9940263e-01	 +1.5781090e-03 -1.3385766e-03	 5.89e-01 Rejected	 625	 1574	
35	 5.9940263e-01	 +1.5781090e-03 -1.3385766e-03	 3.60e-01 Rejected	 618	 1478	
36	 5.9940263e-01	 +1.5781090e-03 -1.3385766e-03	 7.47e-01 Rejected	 618	 1513	
37	 5.9959562e-01	 -1.1960852e-03 -5.5956851e-04	 1.41e+00 Accepted	 618	 1492	
38	 5.9977920e-01	 -1.5208514e-03 +1.0422564e-03	 2.01e+00 Accepted	 609	 1544	
39	 5.9988905e-01	 +5.1913298e-04 +1.0830008e-03	 7.28e-01 Accepted	 611	 1496	
40	 6.0006204e-01	 -3.5282836e-05 -1.0658936e-03	 1.40e+00 Accepted	 609	 1539	
41	 6.0006204e-01	 -3.5282836e-05 -1.0658936e-03	 3.14e-01 Rejected	 617	 1555	
42	 5.9999907e-01	 -3.8998857e-05 +2.5506963e-04	 6.09e-01 Accepted	 615	 1540	
43	 5.9995244e-01	 -7.2073414e-04 +1.0478425e-03	 2.87e+00 Accepted	 598	 1478	
44	 5.9996265e-01	 +5.3321123e-04 -2.8159846e-04	 5.71e-01 Accepted	 589	 1466	
45	 5.9996265e-01	 +5.3321123e-04 -2.8159846e-04	 2.61e-01 Rejected	 599	 1463	
46	 6.0010674e-01	 -5.6228934e-04 +7.9650596e-04	 1.13e+00 Accepted	 591	 1516	
47	 6.0016714e-01	 -9.0579958e-05 -3.4319240e-04	 7.69e-01 Accepted	 606	 1543	
48	 6.0028114e-01	 +1.3627411e-03 -1.4888713e-03	 1.22e+00 Accepted	 597	 1449	
49	 6.0031395e-01	 +9.7361375e-04 +2.6208262e-03	 5.40e-01 Accepted	 586	 1439	
50	 6.0023570e-01	 +7.1453901e-04 -5.2642286e-04	 2.08e+00 Accepted	 574	 1446	
51	 6.0020782e-01	 -8.0030457e-04 -8.4463698e-04	 5.66e-01 Accepted	 574	 1447	
52	 6.0012535e-01	 +2.1151979e-03 -3.9202270e-04	 8.26e-01 Accepted	 586	 1456	
53	 6.0012535e-01	 +2.1151979e-03 -3.9202270e-04	 3.53e-01 Rejected	 581	 1437	
54	 6.0035611e-01	 -8.0556177e-04 +1.9649598e-04	 1.55e+00 Accepted	 588	 1485	
55	 6.0040248e-01	 +1.5898096e-03 -2.1154244e-04	 7.70e-01 Accepted	 603	 1544	
56	 6.0054594e-01	 +5.6568806e-04 +8.1843116e-05	 1.73e+00 Accepted	 615	 1475	
57	 6.0047267e-01	 -5.8862205e-04 -1.5471417e-04	 5.86e-01 Accepted	 595	 1465	
58	 6.0047267e-01	 -5.8862205e-04 -1.5471417e-04	 4.99e-01 Rejected	 589	 1469	
59	 6.0059562e-01	 +6.5656829e-04 +8.3366443e-04	 7.61e+00 Accepted	 590	 1437	
60	 6.0075070e-01	 -8.8663858e-04 -7.4574187e-04	 1.94e-01 Accepted	 577	 1451	
61	 6.0074833e-01	 +1.1859281e-04 +1.0336769e-03	 6.71e-01 Accepted	 582	 1439	
62	 6.0074833e-01	 +1.1859281e-04 +1.0336769e-03	 4.88e-01 Rejected	 579	 1453	
63	 6.0074833e-01	 +1.1859281e-04 +1.0336769e-03	 3.67e-01 Rejected	 580	 1424	
64	 6.0080989e-01	 +5.2198674e-04 +3.6388222e-04	 1.07e+00 Accepted	 584	 1463	
65	 6.0080989e-01	 +5.2198674e-04 +3.6388222e-04	 5.81e-01 Rejected	 583	 1397	
66	 6.0065629e-01	 +7.3066720e-04 +3.1868917e-04	 4.18e-01 Accepted	 579	 1419	
67	 6.0065537e-01	 -1.5445198e-03 -1.0205688e-03	 2.32e+00 Accepted	 571	 1439	
68	 6.0083299e-01	 -1.1379000e-03 -4.2970975e-04	 1.43e+00 Accepted	 563	 1434	
69	 6.0076456e-01	 -2.2659391e-04 +1.7007553e-03	 8.45e-01 Accepted	 567	 1401	
# Starting_type: CheckpointStart
# Trajectory_length / Number_of_MD_steps: 1 / 8
# 	 Plaquette	 Polyakov_Loop(re,im)	 Acc._Probability	 runtime_per_traj(s)	 CG_iterations	
69	 6.0076456e-01	 -2.2659391e-04 +1.7007553e-03	 8.45e-01 Accepted	 835	 1401	
70	 6.0076095e-01	 -9.9667854e-04 +1.3285494e-03	 6.68e-01 Accepted	 820	 1431	
71	 6.0076095e-01	 -9.9667854e-04 +1.3285494e-03	 4.44e-01 Rejected	 830	 1409	
72	 6.0077939e-01	 -2.6715014e-04 -9.5900115e-04	 5.90e-01 Accepted	 831	 1438	
73	 6.0077540e-01	 -8.9994740e-04 -4.5218587e-04	 1.04e+00 Accepted	 844	 1472	
74	 6.0077540e-01	 -8.9994740e-04 -4.5218587e-04	 6.49e-01 Rejected	 848	 1435	
75	 6.0061448e-01	 +4.6756496e-04 -3.1547787e-04	 6.10e-01 Accepted	 858	 1471	
76	 6.0071568e-01	 -3.3969702e-04 -8.1265791e-04	 8.20e-01 Accepted	 832	 1418	
77	 6.0080561e-01	 +1.4554452e-03 +3.6817598e-04	 7.95e-01 Accepted	 824	 1396	
78	 6.0067842e-01	 +1.5599977e-04 +3.1675600e-04	 9.58e-01 Accepted	 819	 1399	
79	 6.0074809e-01	 -2.0779244e-03 +9.0444763e-04	 9.35e-01 Accepted	 820	 1409	
80	 6.0093689e-01	 -3.6721059e-04 +3.8477712e-04	 1.76e+00 Accepted	 823	 1435	
81	 6.0088496e-01	 +1.0510064e-04 -1.4638380e-03	 5.35e-01 Accepted	 836	 1433	
82	 6.0081446e-01	 +2.4556335e-03 +1.0344688e-03	 7.04e-01 Accepted	 841	 1476	
83	 6.0085305e-01	 +7.6486454e-05 -1.3556759e-03	 1.20e+00 Accepted	 859	 1495	
84	 6.0096594e-01	 -4.5167896e-04 -1.0865874e-04	 1.88e+00 Accepted	 854	 1467	
85	 6.0101398e-01	 -8.9768743e-04 -1.0077127e-03	 5.64e-01 Accepted	 852	 1419	
86	 6.0099859e-01	 -4.3373170e-04 +1.5787616e-03	 1.23e+00 Accepted	 822	 1407	
87	 6.0112245e-01	 -7.1940816e-04 +2.1124420e-03	 8.18e-01 Accepted	 820	 1405	
88	 6.0112245e-01	 -7.1940816e-04 +2.1124420e-03	 9.69e-01 Rejected	 822	 1409	
89	 6.0112245e-01	 -7.1940816e-04 +2.1124420e-03	 5.84e-01 Rejected	 838	 1471	
90	 6.0117520e-01	 -7.0381002e-04 -6.6502307e-04	 9.24e-01 Accepted	 832	 1448	
91	 6.0117520e-01	 -7.0381002e-04 -6.6502307e-04	 5.61e-01 Rejected	 847	 1431	
92	 6.0110086e-01	 -1.1227230e-04 +5.9922566e-04	 4.49e-01 Accepted	 839	 1401	
93	 6.0115482e-01	 +1.0599892e-03 -4.0234331e-04	 1.32e+00 Accepted	 833	 1430	
94	 6.0115084e-01	 -9.3357202e-04 -1.9783086e-03	 1.91e+00 Accepted	 849	 1421	
95	 6.0127759e-01	 +1.2505551e-03 -1.7204025e-03	 1.01e+00 Accepted	 849	 1421	
96	 6.0122207e-01	 -3.3522338e-04 +1.8621639e-05	 1.05e+00 Accepted	 842	 1449	
97	 6.0129174e-01	 +3.8365192e-04 -9.1589151e-04	 5.53e-01 Accepted	 850	 1453	
98	 6.0122014e-01	 -4.0923381e-05 +6.2991959e-04	 7.90e-01 Accepted	 845	 1423	
99	 6.0122014e-01	 -4.0923381e-05 +6.2991959e-04	 3.83e-01 Rejected	 827	 1406	
100	 6.0111979e-01	 +2.4226887e-04 +3.7336333e-04	 8.61e-01 Accepted	 836	 1437	
101	 6.0117793e-01	 +1.5089082e-04 +5.9722766e-04	 5.63e-01 Accepted	 845	 1437	
102	 6.0107551e-01	 +6.4879840e-04 -2.6059773e-04	 7.51e-01 Accepted	 825	 1395	
103	 6.0107551e-01	 +6.4879840e-04 -2.6059773e-04	 4.67e-01 Rejected	 821	 1393	
104	 6.0113287e-01	 +6.5702008e-04 -2.0927587e-03	 8.07e-01 Accepted	 818	 1392	
105	 6.0101249e-01	 -1.1765780e-03 +7.4831397e-04	 7.92e-01 Accepted	 818	 1388	
106	 6.0109173e-01	 -9.8196595e-04 -7.6184612e-04	 1.32e+00 Accepted	 824	 1420	
107	 6.0126620e-01	 +1.5159960e-03 +3.1925680e-04	 8.88e-01 Accepted	 830	 1396	
108	 6.0132558e-01	 -7.4585049e-04 +6.5514305e-04	 1.41e+00 Accepted	 814	 1390	
109	 6.0132558e-01	 -7.4585049e-04 +6.5514305e-04	 4.47e-01 Rejected	 814	 1389	
110	 6.0130799e-01	 +2.1274172e-04 +4.7593864e-04	 7.17e-01 Accepted	 813	 1387	
111	 6.0136020e-01	 -2.1224227e-03 +4.5599751e-04	 7.24e-01 Accepted	 811	 1395	
112	 6.0113975e-01	 +1.4041576e-03 -4.7368352e-04	 1.43e+00 Accepted	 816	 1396	
113	 6.0104220e-01	 -1.0028327e-03 -1.6341352e-03	 6.76e-01 Accepted	 814	 1389	
114	 6.0104220e-01	 -1.0028327e-03 -1.6341352e-03	 7.07e-01 Rejected	 820	 1399	
115	 6.0123112e-01	 -3.1748992e-04 +4.3654241e-04	 1.79e+00 Accepted	 822	 1398	
116	 6.0143527e-01	 -4.3326833e-04 +1.3998613e-03	 7.41e-01 Accepted	 814	 1386	
117	 6.0130377e-01	 -9.0171779e-04 +6.9579042e-04	 5.66e-01 Accepted	 814	 1392	
118	 6.0131447e-01	 -4.2268441e-04 +1.0937072e-03	 9.26e-01 Accepted	 814	 1386	
119	 6.0122919e-01	 +8.3686062e-04 -3.6610591e-04	 5.54e-01 Accepted	 816	 1394	
120	 6.0130913e-01	 +1.3208553e-03 -1.8733049e-03	 1.86e+00 Accepted	 811	 1390	
