# Starting_type: HotStart
# serial RNG seed: 	[61050 25685 20425 34799 7027]
# parallel RNG seed:	[7791 35636 17991 12464 37893]
# Trajectory_length / Number_of_MD_steps: 1 / 8
# 	 Plaquette	 Polyakov_Loop(re,im)	 Acc._Probability	 runtime_per_traj(s)	 CG_iterations	
1	 2.3938267e-01	 -5.4495581e-04 +4.9953848e-04	 2.64e+188 Accepted	 352	 1031	
2	 3.4634021e-01	 -1.0516316e-03 +5.1086979e-04	 1.88e+115 Accepted	 502	 1380	
3	 4.1223189e-01	 +5.8844389e-04 -1.4551403e-04	 2.74e+78 Accepted	 594	 1583	
4	 4.6022859e-01	 +1.0030453e-03 -1.4381873e-03	 6.42e+56 Accepted	 648	 1699	
5	 4.9859355e-01	 -6.4326919e-04 -4.5338670e-05	 1.06e+44 Accepted	 685	 1771	
6	 5.3059666e-01	 -1.3356234e-03 +2.7013539e-04	 9.94e+33 Accepted	 705	 1800	
7	 5.5700910e-01	 -9.9037213e-05 -7.8660204e-05	 3.57e+27 Accepted	 710	 1854	
8	 5.7818283e-01	 +5.4326254e-04 -8.3095792e-04	 1.87e+21 Accepted	 720	 1806	
9	 5.9457921e-01	 -2.8784817e-04 -2.2120240e-05	 1.84e+16 Accepted	 713	 1778	
10	 6.0693463e-01	 +4.0791913e-04 -1.0843774e-04	 1.41e+12 Accepted	 694	 1746	
11	 6.1615812e-01	 +2.5078190e-04 +3.3881776e-04	 6.50e+08 Accepted	 690	 1734	
12	 6.2311718e-01	 +3.4404970e-04 +6.1139985e-04	 7.80e+06 Accepted	 685	 1748	
13	 6.2832442e-01	 +2.0264084e-05 +9.0873255e-04	 1.44e+05 Accepted	 683	 1653	
14	 6.3192942e-01	 +2.8172440e-04 +9.3976817e-04	 2.34e+03 Accepted	 654	 1594	
15	 6.3487885e-01	 -3.5200646e-04 +7.2674208e-04	 3.83e+02 Accepted	 645	 1637	
16	 6.3697201e-01	 +1.0872843e-04 -9.3793654e-04	 7.84e+01 Accepted	 654	 1608	
17	 6.3846151e-01	 +1.3915829e-03 +4.5888102e-04	 2.50e+01 Accepted	 639	 1598	
18	 6.3980292e-01	 +9.8732638e-04 +1.3793417e-03	 1.44e+01 Accepted	 637	 1587	
19	 6.4078270e-01	 +1.4796880e-03 +9.3764254e-04	 3.84e+00 Accepted	 633	 1562	
20	 6.4138181e-01	 -2.7523172e-04 +1.0658109e-03	 2.53e+00 Accepted	 631	 1600	
21	 6.4216931e-01	 +1.5210463e-03 +3.4448701e-04	 6.30e+00 Accepted	 619	 1558	
22	 6.4252678e-01	 -2.0002522e-03 -8.6281576e-04	 2.18e+00 Accepted	 625	 1549	
23	 6.4294956e-01	 -4.7964868e-04 -1.1034127e-03	 9.72e-01 Accepted	 624	 1518	
24	 6.4322173e-01	 +5.1262159e-04 -1.9003167e-04	 1.25e+00 Accepted	 618	 1543	
25	 6.4344212e-01	 +2.3494784e-04 +1.3019575e-03	 8.10e-01 Accepted	 619	 1568	
26	 6.4365918e-01	 +7.2352011e-04 -1.4061572e-03	 1.04e+00 Accepted	 608	 1474	
27	 6.4398663e-01	 +5.0767102e-04 -2.9427017e-05	 2.12e+00 Accepted	 595	 1527	
28	 6.4398663e-01	 +5.0767102e-04 -2.9427017e-05	 7.53e-01 Rejected	 592	 1425	
29	 6.4402860e-01	 +3.3806760e-04 -2.9764385e-04	 4.40e-01 Accepted	 601	 1486	
30	 6.4404144e-01	 +1.6571772e-04 -2.0653560e-04	 1.18e+00 Accepted	 589	 1496	
31	 6.4409568e-01	 -3.9477614e-06 -1.4537831e-04	 4.69e-01 Accepted	 593	 1453	
32	 6.4414363e-01	 -1.3309614e-03 -1.6009752e-03	 1.16e+00 Accepted	 584	 1425	
33	 6.4426120e-01	 -4.2712536e-04 +7.1618136e-04	 1.84e+00 Accepted	 583	 1435	
34	 6.4421618e-01	 -1.7516380e-04 -1.0226746e-04	 6.97e-01 Accepted	 573	 1415	
35	 6.4440732e-01	 -4.1096983e-04 -1.1346185e-03	 1.31e+00 Accepted	 573	 1433	
36	 6.4443036e-01	 +1.7548468e-03 -1.4863446e-03	 1.19e+00 Accepted	 582	 1476	
37	 6.4454755e-01	 +3.0753459e-04 -6.0821939e-04	 9.80e-01 Accepted	 585	 1415	
38	 6.4473306e-01	 +3.6396942e-04 +1.3062933e-03	 1.77e+00 Accepted	 571	 1418	
39	 6.4483953e-01	 -1.2649351e-03 +4.9392101e-04	 1.32e+00 Accepted	 574	 1436	
40	 6.4479524e-01	 +5.2470669e-04 -2.1250407e-03	 1.45e+00 Accepted	 579	 1479	
41	 6.4473107e-01	 -1.0707543e-03 +8.7834652e-04	 1.51e+00 Accepted	 595	 1469	
42	 6.4489206e-01	 +3.5582825e-04 -3.8830710e-04	 5.33e-01 Accepted	 595	 1471	
43	 6.4489206e-01	 +3.5582825e-04 -3.8830710e-04	 3.73e-01 Rejected	 583	 1412	
44	 6.4489206e-01	 +3.5582825e-04 -3.8830710e-04	 4.89e-01 Rejected	 588	 1412	
45	 6.4492887e-01	 +9.1695377e-04 -1.9445053e-03	 1.90e+00 Accepted	 584	 1411	
46	 6.4492887e-01	 +9.1695377e-04 -1.9445053e-03	 5.55e-01 Rejected	 577	 1413	
47	 6.4492887e-01	 +9.1695377e-04 -1.9445053e-03	 4.79e-01 Rejected	 575	 1416	
48	 6.4496895e-01	 -8.9984361e-04 -8.4021533e-04	 8.15e-01 Accepted	 574	 1410	
49	 6.4491261e-01	 -3.5886990e-04 +7.6972500e-04	 1.79e+00 Accepted	 574	 1444	
50	 6.4495903e-01	 +8.3955474e-04 +5.6779030e-04	 9.68e-01 Accepted	 579	 1416	
51	 6.4484502e-01	 +8.7978697e-04 -1.8847084e-03	 9.10e-01 Accepted	 580	 1484	
52	 6.4479716e-01	 +5.3429921e-05 -1.1809097e-03	 9.61e-01 Accepted	 595	 1411	
53	 6.4492158e-01	 -9.4862333e-04 -6.9771228e-04	 1.71e+00 Accepted	 578	 1417	
54	 6.4483332e-01	 -5.8244617e-04 +1.1420349e-03	 1.02e+00 Accepted	 584	 1488	
55	 6.4510620e-01	 +1.8062775e-03 +4.3849481e-04	 1.81e+00 Accepted	 590	 1414	
56	 6.4498344e-01	 +1.2888811e-03 +7.8458365e-04	 6.78e-01 Accepted	 580	 1416	
57	 6.4498344e-01	 +1.2888811e-03 +7.8458365e-04	 6.08e-01 Rejected	 580	 1447	
58	 6.4506944e-01	 +1.9640171e-03 +6.1168134e-04	 1.35e+00 Accepted	 568	 1416	
59	 6.4510741e-01	 +1.3691821e-03 -1.1388847e-03	 8.53e-01 Accepted	 570	 1411	
60	 6.4510741e-01	 +1.3691821e-03 -1.1388847e-03	 5.89e-01 Rejected	 571	 1415	
61	 6.4505731e-01	 +1.9853760e-03 -4.2125827e-04	 1.20e+00 Accepted	 570	 1408	
62	 6.4520659e-01	 -3.4911813e-05 -9.4886212e-04	 1.34e+00 Accepted	 574	 1409	
63	 6.4524719e-01	 -1.5839224e-05 -5.4043161e-04	 5.30e-01 Accepted	 572	 1408	
64	 6.4530526e-01	 +1.1484580e-03 -5.4577216e-04	 3.94e-01 Accepted	 571	 1413	
65	 6.4536151e-01	 -1.7052164e-04 +4.9052867e-04	 5.61e-01 Accepted	 571	 1411	
66	 6.4527118e-01	 -2.7821528e-04 +9.7407576e-04	 3.87e-01 Accepted	 573	 1413	
67	 6.4527118e-01	 -2.7821528e-04 +9.7407576e-04	 7.18e-01 Rejected	 574	 1414	
68	 6.4501492e-01	 +1.5068437e-03 -3.5755415e-04	 7.77e-01 Accepted	 577	 1413	
69	 6.4501492e-01	 +1.5068437e-03 -3.5755415e-04	 3.28e-01 Rejected	 569	 1412	
70	 6.4519135e-01	 -3.9487963e-04 -7.6771533e-05	 1.68e+00 Accepted	 565	 1410	
71	 6.4518372e-01	 -9.8124896e-04 +2.0997978e-03	 9.62e-01 Accepted	 568	 1411	
# Starting_type: CheckpointStart
# Trajectory_length / Number_of_MD_steps: 1 / 8
# 	 Plaquette	 Polyakov_Loop(re,im)	 Acc._Probability	 runtime_per_traj(s)	 CG_iterations	
71	 6.4518372e-01	 -9.8124896e-04 +2.0997978e-03	 9.62e-01 Accepted	 569	 1411	
72	 6.4508209e-01	 +3.4133245e-04 +7.6893410e-04	 3.13e-01 Accepted	 562	 1410	
73	 6.4523355e-01	 +8.5439116e-04 +6.8890695e-04	 1.21e+00 Accepted	 558	 1413	
74	 6.4504254e-01	 -2.5054861e-04 -1.4990637e-03	 4.99e-01 Accepted	 557	 1412	
75	 6.4504254e-01	 -2.5054861e-04 -1.4990637e-03	 5.95e-01 Rejected	 558	 1402	
76	 6.4493834e-01	 +2.5711900e-04 -7.9460790e-04	 8.18e-01 Accepted	 557	 1412	
77	 6.4513358e-01	 +7.8296420e-04 -3.8625492e-04	 7.72e-01 Accepted	 558	 1410	
78	 6.4515318e-01	 +5.6301913e-04 -1.9108061e-03	 1.58e+00 Accepted	 558	 1416	
79	 6.4505808e-01	 +4.2159571e-04 -1.0427369e-03	 7.27e-01 Accepted	 560	 1406	
80	 6.4517577e-01	 +7.2918066e-04 -6.5462620e-04	 1.55e+00 Accepted	 557	 1413	
81	 6.4524997e-01	 +3.1049655e-04 -1.0860895e-03	 2.44e+00 Accepted	 562	 1503	
82	 6.4544538e-01	 +3.3032029e-05 -1.6574211e-03	 1.46e+00 Accepted	 587	 1445	
83	 6.4544538e-01	 +3.3032029e-05 -1.6574211e-03	 7.13e-01 Rejected	 568	 1403	
84	 6.4530133e-01	 +1.4450302e-03 -4.8172509e-04	 8.52e-01 Accepted	 584	 1496	
85	 6.4514122e-01	 +7.3134920e-04 -2.1361195e-03	 9.62e-01 Accepted	 571	 1399	
86	 6.4514122e-01	 +7.3134920e-04 -2.1361195e-03	 5.75e-01 Rejected	 560	 1404	
87	 6.4523091e-01	 +1.6381947e-03 -2.1622777e-03	 1.70e+00 Accepted	 560	 1403	
88	 6.4534559e-01	 -1.9263236e-04 -2.1414257e-04	 1.13e+00 Accepted	 557	 1411	
89	 6.4537010e-01	 -5.7354019e-04 -2.1038099e-03	 1.91e+00 Accepted	 558	 1410	
90	 6.4521788e-01	 +6.3886127e-04 -1.5852902e-04	 5.70e-01 Accepted	 562	 1413	
91	 6.4521132e-01	 +7.1328647e-04 -1.3830176e-03	 1.11e+00 Accepted	 557	 1415	
92	 6.4540443e-01	 +3.7139707e-04 -1.2363467e-03	 2.63e+00 Accepted	 561	 1434	
93	 6.4540443e-01	 +3.7139707e-04 -1.2363467e-03	 7.57e-01 Rejected	 576	 1407	
94	 6.4540443e-01	 +3.7139707e-04 -1.2363467e-03	 4.64e-01 Rejected	 557	 1404	
95	 6.4540443e-01	 +3.7139707e-04 -1.2363467e-03	 2.73e-01 Rejected	 569	 1408	
96	 6.4526472e-01	 -1.0016457e-03 +6.9926153e-04	 4.80e-01 Accepted	 564	 1404	
97	 6.4532501e-01	 +2.0693600e-04 -1.0900946e-03	 9.61e-01 Accepted	 557	 1406	
98	 6.4528305e-01	 -1.1621729e-03 -2.6146312e-03	 8.29e-01 Accepted	 560	 1398	
99	 6.4528694e-01	 -1.2522385e-03 -2.2118413e-04	 6.68e-01 Accepted	 558	 1403	
100	 6.4540470e-01	 +4.8201112e-04 +7.6385862e-04	 1.59e+00 Accepted	 562	 1413	
101	 6.4567699e-01	 +1.0529054e-04 -1.3768522e-05	 1.52e+00 Accepted	 557	 1414	
102	 6.4540089e-01	 -4.8005587e-04 -1.8535912e-03	 6.73e-01 Accepted	 557	 1403	
103	 6.4540089e-01	 -4.8005587e-04 -1.8535912e-03	 5.55e-01 Rejected	 555	 1400	
104	 6.4549530e-01	 +8.6129320e-04 -1.3980059e-03	 8.10e-01 Accepted	 554	 1407	
105	 6.4549530e-01	 +8.6129320e-04 -1.3980059e-03	 6.55e-01 Rejected	 557	 1406	
106	 6.4549530e-01	 +8.6129320e-04 -1.3980059e-03	 3.45e-01 Rejected	 553	 1402	
107	 6.4539258e-01	 +1.5098806e-04 -3.3428422e-03	 9.15e-01 Accepted	 560	 1410	
108	 6.4539258e-01	 +1.5098806e-04 -3.3428422e-03	 6.52e-01 Rejected	 556	 1401	
109	 6.4530434e-01	 +9.5873605e-04 -6.5103170e-04	 5.55e-01 Accepted	 560	 1402	
110	 6.4532439e-01	 -2.1148704e-04 -5.5601079e-04	 6.43e-01 Accepted	 556	 1404	
111	 6.4532439e-01	 -2.1148704e-04 -5.5601079e-04	 4.66e-01 Rejected	 555	 1400	
112	 6.4531381e-01	 -1.8161335e-04 -5.9004661e-04	 9.63e-01 Accepted	 557	 1417	
113	 6.4543171e-01	 +1.5655460e-03 -2.1535712e-03	 1.00e+00 Accepted	 558	 1401	
114	 6.4547475e-01	 +2.0668258e-03 -8.3153492e-04	 1.79e+00 Accepted	 558	 1403	
115	 6.4547475e-01	 +2.0668258e-03 -8.3153492e-04	 4.74e-01 Rejected	 561	 1406	
116	 6.4540024e-01	 +2.2289869e-04 -6.2934890e-04	 6.63e-01 Accepted	 557	 1402	
117	 6.4527007e-01	 -8.2866743e-04 +5.9717263e-04	 7.50e-01 Accepted	 560	 1401	
118	 6.4538802e-01	 -3.2105179e-04 -1.5845675e-03	 1.44e+00 Accepted	 560	 1410	
119	 6.4541625e-01	 +7.4712030e-04 -9.6536849e-04	 8.55e-01 Accepted	 559	 1409	
120	 6.4544882e-01	 -2.7955066e-04 -1.0572360e-03	 1.35e+00 Accepted	 559	 1401	
121	 6.4538850e-01	 -2.3260178e-04 -2.5093042e-03	 8.37e-01 Accepted	 554	 1406	
122	 6.4549426e-01	 +2.9480137e-03 -2.8573778e-03	 9.04e-01 Accepted	 556	 1402	
123	 6.4556108e-01	 +2.1174645e-03 -1.4765773e-03	 1.19e+00 Accepted	 556	 1407	
124	 6.4546119e-01	 -6.7769996e-04 -3.5205089e-04	 9.47e-01 Accepted	 555	 1401	
125	 6.4546119e-01	 -6.7769996e-04 -3.5205089e-04	 8.28e-01 Rejected	 558	 1428	
126	 6.4551737e-01	 +1.0722092e-04 -7.9146772e-04	 9.75e-01 Accepted	 558	 1406	
127	 6.4541383e-01	 +1.0919041e-03 -7.8743811e-04	 1.07e+00 Accepted	 556	 1401	
128	 6.4529679e-01	 +1.7490119e-04 -1.5108720e-03	 2.18e-01 Accepted	 555	 1410	
129	 6.4541132e-01	 +3.1512808e-04 -1.3958119e-03	 1.50e+00 Accepted	 560	 1408	
130	 6.4542514e-01	 -2.0303015e-04 -1.5490534e-03	 5.99e-01 Accepted	 558	 1402	
131	 6.4542514e-01	 -2.0303015e-04 -1.5490534e-03	 3.00e-01 Rejected	 556	 1400	
132	 6.4548797e-01	 +2.2067132e-04 +2.0804872e-04	 1.80e+00 Accepted	 558	 1406	
133	 6.4544459e-01	 -6.3176424e-04 -3.3587139e-04	 1.14e+00 Accepted	 556	 1400	
134	 6.4544459e-01	 -6.3176424e-04 -3.3587139e-04	 3.74e-01 Rejected	 558	 1403	
135	 6.4541274e-01	 -8.0825736e-04 -6.4653556e-04	 9.34e-01 Accepted	 557	 1402	
136	 6.4539051e-01	 +2.1323111e-04 -9.2899562e-04	 1.04e+00 Accepted	 558	 1400	
137	 6.4539051e-01	 +2.1323111e-04 -9.2899562e-04	 5.63e-01 Rejected	 556	 1401	
138	 6.4545696e-01	 +4.0146936e-05 +9.3713207e-04	 9.20e-01 Accepted	 556	 1398	
139	 6.4542983e-01	 +1.0576510e-03 -2.9200379e-03	 9.37e-01 Accepted	 556	 1407	
140	 6.4533847e-01	 +8.3423281e-04 +8.0786710e-04	 5.97e-01 Accepted	 555	 1393	
141	 6.4542157e-01	 +7.2394579e-04 -1.1353157e-03	 7.69e-01 Accepted	 555	 1388	
142	 6.4542157e-01	 +7.2394579e-04 -1.1353157e-03	 6.24e-01 Rejected	 554	 1408	
143	 6.4540803e-01	 +6.4972626e-04 -2.5677509e-03	 1.04e+00 Accepted	 558	 1398	
144	 6.4544775e-01	 -1.5524646e-03 -3.2280854e-03	 1.67e+00 Accepted	 558	 1399	
145	 6.4546196e-01	 +2.2431917e-03 -2.5924998e-03	 1.22e+00 Accepted	 559	 1401	
146	 6.4548932e-01	 +8.2494976e-04 -2.4854193e-03	 8.29e-01 Accepted	 557	 1404	
147	 6.4550216e-01	 -2.0718589e-04 +4.2932786e-05	 1.16e+00 Accepted	 558	 1404	
# Starting_type: CheckpointStart
# Trajectory_length / Number_of_MD_steps: 1 / 8
# 	 Plaquette	 Polyakov_Loop(re,im)	 Acc._Probability	 runtime_per_traj(s)	 CG_iterations	
147	 6.4550216e-01	 -2.0718589e-04 +4.2932786e-05	 1.16e+00 Accepted	 561	 1404	
148	 6.4554291e-01	 +1.6703705e-03 -1.1130383e-03	 1.13e+00 Accepted	 560	 1403	
149	 6.4554291e-01	 +1.6703705e-03 -1.1130383e-03	 8.07e-01 Rejected	 557	 1399	
150	 6.4561461e-01	 +1.0694202e-03 -8.3203170e-04	 4.22e-01 Accepted	 560	 1399	
151	 6.4561461e-01	 +1.0694202e-03 -8.3203170e-04	 5.24e-01 Rejected	 562	 1399	
152	 6.4556599e-01	 -6.6089190e-05 -1.9363108e-03	 1.66e+00 Accepted	 561	 1401	
153	 6.4561791e-01	 +1.4687008e-03 -2.6426328e-03	 1.63e+00 Accepted	 562	 1407	
154	 6.4574667e-01	 +7.7170426e-04 -5.1057920e-04	 1.04e+00 Accepted	 563	 1402	
155	 6.4560829e-01	 -1.7029116e-03 -3.3496192e-03	 1.06e+00 Accepted	 560	 1398	
156	 6.4550030e-01	 -3.0336016e-04 -1.4214726e-03	 5.87e-01 Accepted	 560	 1391	
157	 6.4542196e-01	 +1.7485760e-03 -1.9602174e-03	 1.98e+00 Accepted	 558	 1394	
158	 6.4542196e-01	 +1.7485760e-03 -1.9602174e-03	 5.84e-01 Rejected	 562	 1400	
159	 6.4523249e-01	 -8.2394388e-04 -2.6938203e-03	 3.22e-01 Accepted	 557	 1398	
160	 6.4515321e-01	 -1.1456346e-03 -1.2053035e-03	 3.39e-01 Accepted	 561	 1400	
161	 6.4516081e-01	 +1.4825474e-03 -6.8712717e-04	 1.10e+00 Accepted	 561	 1394	
162	 6.4518719e-01	 +1.3478183e-03 -1.5030773e-03	 1.61e+00 Accepted	 559	 1400	
163	 6.4526308e-01	 -1.5446357e-03 -1.2480263e-03	 1.32e+00 Accepted	 560	 1406	
164	 6.4539704e-01	 +2.6001744e-04 -9.3103038e-04	 1.78e+00 Accepted	 558	 1400	
165	 6.4539704e-01	 +2.6001744e-04 -9.3103038e-04	 5.93e-01 Rejected	 558	 1410	
166	 6.4539704e-01	 +2.6001744e-04 -9.3103038e-04	 5.25e-01 Rejected	 558	 1399	
167	 6.4534181e-01	 -6.3018362e-04 -5.2029063e-05	 7.87e-01 Accepted	 563	 1411	
168	 6.4534095e-01	 -5.4286248e-04 -4.6265057e-05	 1.59e+00 Accepted	 558	 1406	
169	 6.4534095e-01	 -5.4286248e-04 -4.6265057e-05	 6.01e-01 Rejected	 559	 1400	
170	 6.4543969e-01	 +2.9194963e-03 -1.3737151e-03	 6.42e-01 Accepted	 547	 1393	
171	 6.4544727e-01	 +1.2278295e-03 +1.0224127e-03	 1.25e+00 Accepted	 550	 1392	
172	 6.4555144e-01	 -1.3447946e-04 -1.6480275e-03	 1.24e+00 Accepted	 557	 1404	
173	 6.4541511e-01	 +7.2741002e-04 -8.3889950e-04	 8.84e-01 Accepted	 557	 1397	
174	 6.4524129e-01	 -1.2078303e-03 -1.7469810e-03	 7.27e-01 Accepted	 561	 1395	
175	 6.4548150e-01	 +1.5180852e-04 -4.7503459e-05	 2.38e+00 Accepted	 560	 1390	
176	 6.4548150e-01	 +1.5180852e-04 -4.7503459e-05	 3.55e-01 Rejected	 561	 1397	
177	 6.4534469e-01	 -1.6881781e-05 -1.7496230e-04	 8.17e-01 Accepted	 559	 1399	
178	 6.4546595e-01	 -1.0258246e-03 +1.5017295e-04	 1.92e+00 Accepted	 560	 1400	
179	 6.4536173e-01	 +3.8455904e-05 -1.4946300e-05	 5.38e-01 Accepted	 561	 1394	
180	 6.4543398e-01	 +1.3254311e-03 -1.6483433e-04	 1.02e+00 Accepted	 557	 1382	
181	 6.4558305e-01	 +4.1071125e-04 -1.6831065e-03	 8.20e-01 Accepted	 554	 1389	
182	 6.4565821e-01	 +8.1299552e-04 -5.9116912e-04	 1.89e+00 Accepted	 554	 1397	
183	 6.4561189e-01	 +7.9426582e-04 +9.5959291e-04	 1.26e+00 Accepted	 553	 1400	
184	 6.4565550e-01	 +1.0236780e-03 -1.0196079e-03	 1.33e+00 Accepted	 550	 1417	
185	 6.4554079e-01	 +3.8898225e-04 -2.5851830e-04	 9.20e-01 Accepted	 549	 1396	
186	 6.4554079e-01	 +3.8898225e-04 -2.5851830e-04	 3.72e-01 Rejected	 548	 1394	
187	 6.4539795e-01	 +2.8183585e-04 +2.0027282e-05	 6.66e-01 Accepted	 548	 1388	
188	 6.4538502e-01	 +2.4350923e-04 -6.3530811e-04	 8.73e-01 Accepted	 548	 1389	
189	 6.4551334e-01	 +6.0142431e-04 -8.1852670e-04	 1.85e+00 Accepted	 547	 1392	
190	 6.4544754e-01	 +5.9574561e-04 -1.0836622e-04	 9.10e-01 Accepted	 548	 1388	
191	 6.4554288e-01	 +1.1765326e-03 -1.7074238e-03	 2.19e+00 Accepted	 557	 1391	
192	 6.4554288e-01	 +1.1765326e-03 -1.7074238e-03	 3.26e-01 Rejected	 556	 1393	
193	 6.4551019e-01	 +1.0831131e-03 +1.9818962e-04	 1.28e+00 Accepted	 556	 1394	
194	 6.4534904e-01	 -1.1195287e-05 -2.4730562e-03	 1.10e+00 Accepted	 551	 1390	
195	 6.4551471e-01	 +1.9166232e-03 -2.0234372e-03	 1.28e+00 Accepted	 547	 1394	
196	 6.4551741e-01	 +2.1044333e-03 +1.7141918e-04	 6.33e-01 Accepted	 549	 1384	
197	 6.4546145e-01	 +1.2644370e-03 -2.1672473e-03	 4.70e-01 Accepted	 548	 1401	
198	 6.4554887e-01	 +1.2182762e-03 -1.5862105e-03	 2.07e+00 Accepted	 543	 1406	
199	 6.4558347e-01	 +1.5887007e-03 +1.9408199e-03	 1.65e+00 Accepted	 549	 1398	
200	 6.4558347e-01	 +1.5887007e-03 +1.9408199e-03	 4.64e-01 Rejected	 546	 1383	
201	 6.4562701e-01	 +8.9211411e-04 +4.5657704e-04	 1.47e+00 Accepted	 548	 1394	
202	 6.4562701e-01	 +8.9211411e-04 +4.5657704e-04	 4.33e-01 Rejected	 554	 1390	
203	 6.4546121e-01	 +6.2215064e-04 +2.0855825e-03	 7.00e-01 Accepted	 552	 1394	
204	 6.4555761e-01	 +1.1814239e-03 +3.6771449e-04	 7.84e-01 Accepted	 556	 1383	
205	 6.4555761e-01	 +1.1814239e-03 +3.6771449e-04	 7.23e-01 Rejected	 555	 1407	
206	 6.4555968e-01	 +7.8059493e-04 -1.3186381e-03	 1.28e+00 Accepted	 554	 1401	
207	 6.4555968e-01	 +7.8059493e-04 -1.3186381e-03	 3.68e-01 Rejected	 553	 1392	
208	 6.4546128e-01	 +1.7176010e-03 +8.8508048e-04	 1.23e+00 Accepted	 549	 1401	
209	 6.4546128e-01	 +1.7176010e-03 +8.8508048e-04	 8.03e-01 Rejected	 545	 1371	
210	 6.4554445e-01	 -1.1994356e-04 +2.4631317e-04	 6.26e-01 Accepted	 548	 1390	
211	 6.4549385e-01	 +2.9494834e-03 -4.7260238e-04	 1.93e+00 Accepted	 548	 1392	
212	 6.4556471e-01	 +1.1967004e-03 -1.3942003e-03	 1.06e+00 Accepted	 550	 1370	
213	 6.4570075e-01	 +9.6373441e-04 -4.0468730e-04	 2.05e+00 Accepted	 553	 1379	
214	 6.4556430e-01	 +2.1019383e-03 -3.7766726e-04	 6.76e-01 Accepted	 554	 1379	
215	 6.4548447e-01	 +1.5969009e-03 -1.5554644e-04	 6.94e-01 Accepted	 553	 1400	
216	 6.4554500e-01	 +4.8021259e-05 +6.0618084e-04	 1.30e+00 Accepted	 552	 1392	
217	 6.4546898e-01	 +3.0588919e-04 +8.1085871e-04	 9.57e-01 Accepted	 541	 1376	
218	 6.4546898e-01	 +3.0588919e-04 +8.1085871e-04	 7.66e-01 Rejected	 543	 1391	
219	 6.4541362e-01	 +1.3972824e-03 -8.9554611e-04	 1.32e+00 Accepted	 541	 1370	
220	 6.4541362e-01	 +1.3972824e-03 -8.9554611e-04	 7.62e-01 Rejected	 540	 1387	
221	 6.4550145e-01	 -8.3334077e-04 -2.1943543e-04	 1.33e+00 Accepted	 552	 1381	
222	 6.4550969e-01	 -2.7808352e-04 -2.6720969e-04	 1.87e+00 Accepted	 549	 1362	
223	 6.4549962e-01	 +1.8172488e-03 +1.4826511e-03	 8.53e-01 Accepted	 554	 1395	
