# Starting_type: HotStart
# serial RNG seed: 	[72 14 96 99 76]
# parallel RNG seed:	[49 51 9 11 56]
# Trajectory_length / Number_of_MD_steps: 1 / 8
# 	 Plaquette	 Polyakov_Loop(re,im)	 Acc._Probability	 runtime_per_traj(s)	 CG_iterations	
1	 2.2122961e-01	 -9.1198231e-04 +5.4547109e-04	 7.47e+133 Accepted	 336	 977	
2	 3.0948669e-01	 +1.7204269e-05 +1.1061433e-04	 9.21e+70 Accepted	 467	 1259	
3	 3.5641831e-01	 -5.9694470e-04 -1.8221688e-03	 1.79e+41 Accepted	 540	 1413	
4	 3.8575881e-01	 -4.0893351e-04 -3.5800480e-04	 6.77e+27 Accepted	 581	 1510	
5	 4.0549974e-01	 +1.6590587e-03 -1.4302047e-03	 5.06e+18 Accepted	 614	 1569	
6	 4.2057167e-01	 +3.1611802e-04 -1.5090978e-03	 9.29e+11 Accepted	 631	 1615	
7	 4.3213329e-01	 +6.8518032e-04 -6.4193838e-04	 1.16e+12 Accepted	 644	 1652	
8	 4.4162509e-01	 -1.5108523e-03 +1.8855338e-03	 1.10e+07 Accepted	 655	 1679	
9	 4.4969760e-01	 +9.8597622e-04 +2.7124450e-04	 3.14e+06 Accepted	 666	 1702	
10	 4.5684206e-01	 -8.1760864e-05 -7.4363666e-04	 3.35e+04 Accepted	 677	 1723	
11	 4.6303612e-01	 -9.9889357e-04 +5.5385936e-04	 5.52e+05 Accepted	 681	 1737	
12	 4.6873650e-01	 +1.1039962e-04 +8.6259693e-05	 5.34e+03 Accepted	 687	 1751	
13	 4.7409350e-01	 +1.8229763e-03 -1.6638992e-04	 3.40e+04 Accepted	 691	 1765	
14	 4.7885631e-01	 +1.9193876e-03 +1.0546447e-04	 1.68e+03 Accepted	 694	 1768	
15	 4.8336187e-01	 +1.1749843e-03 -1.0230896e-03	 3.47e+03 Accepted	 698	 1780	
16	 4.8749238e-01	 +8.0327508e-05 +4.0166217e-04	 1.99e+03 Accepted	 704	 1786	
17	 4.9169772e-01	 -4.8191544e-04 -7.3342919e-05	 7.43e+03 Accepted	 704	 1806	
18	 4.9538415e-01	 -2.9720009e-04 -7.1262615e-04	 1.12e+02 Accepted	 714	 1798	
19	 4.9895683e-01	 -5.1427525e-04 +2.4233701e-04	 1.65e+02 Accepted	 711	 1810	
20	 5.0230577e-01	 -8.7969370e-04 +9.4044233e-04	 1.56e+02 Accepted	 709	 1811	
21	 5.0565884e-01	 +7.5094052e-04 +1.4157627e-03	 3.94e+01 Accepted	 710	 1807	
22	 5.0854315e-01	 +1.2151657e-03 +9.7739007e-04	 9.02e+00 Accepted	 713	 1821	
23	 5.1155206e-01	 +7.5084626e-05 -9.0105823e-04	 7.56e+01 Accepted	 726	 1819	
24	 5.1435435e-01	 +1.0806533e-03 -2.9297304e-04	 9.15e+01 Accepted	 734	 1822	
25	 5.1703293e-01	 +5.9792801e-04 -4.7805709e-04	 9.23e+01 Accepted	 735	 1817	
26	 5.1940926e-01	 +1.3526846e-03 +5.5362466e-04	 7.48e+00 Accepted	 740	 1835	
27	 5.2181211e-01	 -1.3697470e-03 -1.4340517e-03	 8.89e+00 Accepted	 736	 1841	
28	 5.2412957e-01	 +2.9759994e-04 -1.5339775e-03	 4.93e+01 Accepted	 740	 1787	
29	 5.2605560e-01	 +5.6698599e-04 -5.0617882e-04	 5.07e+00 Accepted	 733	 1825	
30	 5.2782584e-01	 -4.0509448e-04 -9.8465105e-05	 6.90e+00 Accepted	 721	 1798	
31	 5.2954232e-01	 +1.2023959e-04 +1.8108374e-03	 1.60e+01 Accepted	 711	 1787	
32	 5.3103055e-01	 -4.3796417e-04 +9.5357053e-05	 5.86e+00 Accepted	 711	 1821	
33	 5.3246538e-01	 +5.5445222e-04 -1.9454798e-03	 2.51e+00 Accepted	 717	 1808	
34	 5.3371361e-01	 -9.6924253e-04 +1.2537218e-03	 2.65e+00 Accepted	 707	 1806	
35	 5.3495396e-01	 +1.7688932e-03 -9.6750894e-04	 7.48e+00 Accepted	 708	 1770	
36	 5.3599372e-01	 -1.4889562e-03 -4.3420746e-04	 1.35e+00 Accepted	 696	 1751	
37	 5.3700990e-01	 +2.5926288e-04 -6.0951002e-04	 3.41e+00 Accepted	 696	 1762	
38	 5.3793274e-01	 +7.3459833e-04 -9.8022375e-06	 5.08e+00 Accepted	 697	 1751	
39	 5.3864143e-01	 -1.3294647e-03 +3.4438284e-04	 1.07e+00 Accepted	 691	 1767	
40	 5.3943609e-01	 -9.1600196e-04 -1.0182035e-04	 5.61e+00 Accepted	 695	 1779	
41	 5.4012244e-01	 +1.3712631e-04 -8.9381630e-04	 1.79e+00 Accepted	 693	 1737	
42	 5.4059127e-01	 -1.4029295e-03 +2.0254686e-03	 2.57e+00 Accepted	 689	 1721	
43	 5.4107938e-01	 +3.5379165e-04 +3.5639032e-04	 1.12e+00 Accepted	 686	 1744	
44	 5.4162187e-01	 -7.5243706e-04 -1.9843130e-04	 1.19e+00 Accepted	 684	 1735	
45	 5.4162187e-01	 -7.5243706e-04 -1.9843130e-04	 7.74e-01 Rejected	 686	 1810	
46	 5.4203610e-01	 +4.8816944e-04 +9.0061263e-04	 1.93e+00 Accepted	 684	 1744	
47	 5.4266833e-01	 +1.1505348e-03 -1.0125820e-04	 1.05e+00 Accepted	 684	 1724	
48	 5.4305117e-01	 +1.4503003e-04 -1.5961871e-03	 2.25e+00 Accepted	 682	 1692	
49	 5.4351498e-01	 +1.3457376e-03 +1.4209401e-03	 1.40e+00 Accepted	 672	 1695	
50	 5.4367914e-01	 +9.3016537e-04 +2.3328190e-04	 5.46e-01 Accepted	 671	 1692	
51	 5.4396170e-01	 +1.1764854e-03 -1.0993267e-03	 9.49e-01 Accepted	 674	 1704	
52	 5.4438005e-01	 -1.0644775e-04 +6.3527777e-04	 1.39e+00 Accepted	 670	 1674	
53	 5.4443216e-01	 +6.4279210e-05 +8.2530373e-04	 3.80e-01 Accepted	 661	 1676	
54	 5.4469603e-01	 -1.3678037e-03 -4.3632035e-04	 5.84e-01 Accepted	 671	 1720	
55	 5.4498545e-01	 +7.4215145e-04 -7.3158840e-04	 1.96e+00 Accepted	 675	 1689	
56	 5.4502673e-01	 -3.0862806e-04 -3.8188289e-04	 1.36e+00 Accepted	 663	 1663	
57	 5.4519221e-01	 -6.2193363e-04 +2.5850267e-04	 1.17e+00 Accepted	 655	 1679	
58	 5.4542236e-01	 -7.9065620e-04 +1.4745062e-03	 1.45e+00 Accepted	 663	 1669	
59	 5.4550723e-01	 +3.3636013e-04 -3.3247009e-05	 8.25e-01 Accepted	 662	 1725	
60	 5.4563229e-01	 +3.0666113e-04 -6.1225535e-04	 1.60e+00 Accepted	 672	 1698	
61	 5.4572808e-01	 -8.5223171e-04 +1.0136857e-04	 1.51e+00 Accepted	 662	 1675	
62	 5.4608387e-01	 -2.1130067e-03 -6.3343583e-04	 2.09e+00 Accepted	 659	 1659	
63	 5.4613765e-01	 +4.6930298e-04 -3.7601428e-05	 2.09e+00 Accepted	 655	 1620	
# Starting_type: CheckpointStart
# Trajectory_length / Number_of_MD_steps: 1 / 8
# 	 Plaquette	 Polyakov_Loop(re,im)	 Acc._Probability	 runtime_per_traj(s)	 CG_iterations	
63	 5.4613765e-01	 +4.6930298e-04 -3.7601428e-05	 2.09e+00 Accepted	 1002	 1620	
64	 5.4635349e-01	 +3.5011161e-04 +2.4908976e-04	 1.96e+00 Accepted	 989	 1640	
65	 5.4635349e-01	 +3.5011161e-04 +2.4908976e-04	 5.23e-01 Rejected	 1003	 1673	
66	 5.4646739e-01	 -2.1172128e-03 -4.0834565e-04	 6.98e-01 Accepted	 997	 1643	
67	 5.4633181e-01	 +2.0821157e-03 +1.6468830e-03	 2.36e+00 Accepted	 1000	 1697	
68	 5.4625533e-01	 -1.8519210e-03 +2.5931998e-04	 1.97e+00 Accepted	 1012	 1643	
69	 5.4625533e-01	 -1.8519210e-03 +2.5931998e-04	 5.73e-01 Rejected	 1007	 1678	
70	 5.4639890e-01	 +3.6955391e-04 +6.4989226e-04	 3.81e+00 Accepted	 997	 1661	
71	 5.4654858e-01	 -4.9482147e-04 +4.3527972e-04	 9.58e-01 Accepted	 1014	 1733	
72	 5.4654858e-01	 -4.9482147e-04 +4.3527972e-04	 6.63e-01 Rejected	 1035	 1652	
73	 5.4652445e-01	 +1.0794075e-03 +7.0308038e-05	 2.07e+00 Accepted	 1040	 1675	
74	 5.4659292e-01	 +5.7802606e-04 +1.8437185e-04	 1.23e+00 Accepted	 997	 1622	
75	 5.4671668e-01	 +1.4840603e-04 -7.0725244e-05	 8.42e-01 Accepted	 995	 1651	
76	 5.4671668e-01	 +1.4840603e-04 -7.0725244e-05	 6.62e-01 Rejected	 1006	 1647	
77	 5.4671668e-01	 +1.4840603e-04 -7.0725244e-05	 1.78e-01 Rejected	 998	 1654	
78	 5.4685155e-01	 +3.8792341e-04 +5.0447016e-04	 2.28e+00 Accepted	 1003	 1631	
79	 5.4678027e-01	 +2.0296120e-03 -1.2338845e-03	 8.03e-01 Accepted	 995	 1649	
80	 5.4667638e-01	 +2.2677407e-03 +6.6833682e-05	 6.78e-01 Accepted	 1000	 1622	
81	 5.4667638e-01	 +2.2677407e-03 +6.6833682e-05	 1.57e-01 Rejected	 1002	 1673	
82	 5.4680189e-01	 -3.8461964e-04 -1.8032043e-03	 8.18e-01 Accepted	 997	 1669	
83	 5.4678979e-01	 +1.7751212e-04 -1.3640310e-03	 8.08e-01 Accepted	 1019	 1683	
84	 5.4707688e-01	 -8.7866664e-04 +2.7460738e-03	 2.01e+00 Accepted	 1011	 1641	
85	 5.4704044e-01	 -3.8703925e-04 -7.1375597e-04	 7.77e-01 Accepted	 1001	 1682	
86	 5.4702494e-01	 -2.2282245e-05 +5.2570202e-04	 1.13e+00 Accepted	 1002	 1636	
87	 5.4702494e-01	 -2.2282245e-05 +5.2570202e-04	 8.42e-01 Rejected	 996	 1631	
88	 5.4702494e-01	 -2.2282245e-05 +5.2570202e-04	 5.14e-01 Rejected	 1063	 1624	
89	 5.4702334e-01	 +4.8718068e-05 -6.8122098e-04	 1.22e+00 Accepted	 1063	 1610	
90	 5.4692968e-01	 +1.5515185e-03 +2.8488768e-04	 6.30e-01 Accepted	 1057	 1598	
91	 5.4701492e-01	 -1.7766529e-04 +2.2403611e-04	 5.03e-01 Accepted	 1044	 1643	
92	 5.4711937e-01	 +2.9055873e-04 +2.4486466e-04	 2.61e+00 Accepted	 1056	 1621	
93	 5.4713653e-01	 -6.1572341e-04 -1.9092455e-04	 9.77e-01 Accepted	 1045	 1598	
94	 5.4713653e-01	 -6.1572341e-04 -1.9092455e-04	 4.03e-01 Rejected	 1053	 1680	
95	 5.4713653e-01	 -6.1572341e-04 -1.9092455e-04	 6.51e-01 Rejected	 1036	 1627	
96	 5.4713653e-01	 -6.1572341e-04 -1.9092455e-04	 2.65e-01 Rejected	 1045	 1614	
97	 5.4713653e-01	 -6.1572341e-04 -1.9092455e-04	 6.96e-01 Rejected	 1038	 1644	
98	 5.4704350e-01	 -3.9869053e-04 -4.9919455e-04	 1.36e+00 Accepted	 1049	 1662	
99	 5.4710826e-01	 +5.6069845e-04 +2.5862650e-03	 2.83e+00 Accepted	 1064	 1665	
100	 5.4710012e-01	 -1.9522921e-03 -2.3421222e-03	 3.41e+00 Accepted	 1049	 1663	
101	 5.4710012e-01	 -1.9522921e-03 -2.3421222e-03	 3.39e-01 Rejected	 1059	 1667	
102	 5.4696084e-01	 -4.3498890e-04 +4.8015867e-05	 1.43e+00 Accepted	 1041	 1604	
103	 5.4710121e-01	 -1.1144843e-04 +9.0627903e-04	 8.84e-01 Accepted	 1044	 1628	
104	 5.4690047e-01	 +2.1375436e-04 +2.5881292e-03	 1.43e+00 Accepted	 1046	 1672	
