# Starting_type: HotStart
# Trajectory_length / Number_of_MD_steps: 1 / 8
# 	 Plaquette	 Polyakov_Loop(re,im)	 Acc._Probability	 runtime_per_traj(s)	 CG_iterations	
1	 2.3557456e-01	 +1.6148032e-04 +1.4646835e-04	 3.98e+177 Accepted	 343	 1022	
2	 3.3866620e-01	 +1.5688827e-03 -1.0632476e-03	 7.51e+104 Accepted	 486	 1355	
3	 4.0030996e-01	 -7.5735955e-04 -2.1230883e-03	 4.78e+69 Accepted	 574	 1549	
4	 4.4408878e-01	 +1.8538723e-03 -5.8210355e-04	 6.59e+49 Accepted	 625	 1664	
5	 4.7863763e-01	 +6.1646638e-04 +4.5863613e-04	 1.17e+38 Accepted	 664	 1741	
6	 5.0738653e-01	 +1.0559469e-03 +4.4378716e-04	 2.01e+29 Accepted	 686	 1780	
7	 5.3207850e-01	 +4.5329657e-04 +9.2348538e-05	 2.35e+25 Accepted	 704	 1808	
8	 5.5282036e-01	 -1.4426791e-03 +1.7680650e-03	 3.66e+19 Accepted	 709	 1828	
9	 5.6981546e-01	 -9.1635021e-04 -6.1791422e-04	 2.60e+15 Accepted	 717	 1805	
10	 5.8317408e-01	 +9.0112897e-05 -2.2749263e-03	 3.34e+12 Accepted	 709	 1782	
11	 5.9347491e-01	 -2.1847298e-03 +9.5504052e-04	 9.47e+08 Accepted	 700	 1771	
12	 6.0164570e-01	 +6.0356644e-04 +8.7587614e-04	 1.47e+07 Accepted	 691	 1705	
13	 6.0775343e-01	 -1.9813773e-03 -3.4422021e-04	 1.42e+05 Accepted	 676	 1723	
14	 6.1240633e-01	 +7.6024459e-04 -4.1316838e-04	 2.00e+04 Accepted	 657	 1636	
15	 6.1588674e-01	 -3.5674094e-05 -1.4226071e-04	 1.42e+03 Accepted	 654	 1649	
16	 6.1862843e-01	 +6.1785565e-04 +1.5378476e-03	 6.36e+02 Accepted	 654	 1651	
17	 6.2054718e-01	 +1.1237581e-03 -1.0515581e-03	 2.34e+01 Accepted	 652	 1595	
18	 6.2216775e-01	 +7.5179206e-04 -2.4136267e-04	 1.10e+01 Accepted	 638	 1620	
19	 6.2339866e-01	 +1.5078987e-04 -1.0209228e-03	 8.85e+00 Accepted	 642	 1620	
20	 6.2433216e-01	 -9.9814542e-04 +6.9555587e-04	 6.50e+00 Accepted	 639	 1585	
21	 6.2503751e-01	 +2.6657367e-04 -4.8130879e-04	 5.28e+00 Accepted	 623	 1610	
22	 6.2563349e-01	 -2.1251166e-03 +3.3222621e-04	 6.44e+00 Accepted	 636	 1559	
23	 6.2618322e-01	 +5.0599653e-04 -2.9557718e-03	 2.56e+00 Accepted	 616	 1541	
24	 6.2646053e-01	 +4.7096872e-04 +2.7515987e-03	 2.11e+00 Accepted	 610	 1566	
25	 6.2695377e-01	 -1.2126658e-03 -7.4101071e-04	 1.48e+00 Accepted	 614	 1481	
26	 6.2714543e-01	 -1.0421861e-04 +2.2322750e-03	 6.61e-01 Accepted	 588	 1477	
27	 6.2714543e-01	 -1.0421861e-04 +2.2322750e-03	 4.50e-01 Rejected	 584	 1466	
28	 6.2714543e-01	 -1.0421861e-04 +2.2322750e-03	 2.60e-01 Rejected	 587	 1494	
29	 6.2757951e-01	 +4.2784272e-05 -2.2187897e-04	 2.99e+00 Accepted	 589	 1491	
30	 6.2768238e-01	 -6.6791690e-04 -1.3879663e-03	 2.11e+00 Accepted	 589	 1476	
31	 6.2768238e-01	 -6.6791690e-04 -1.3879663e-03	 2.42e-01 Rejected	 581	 1511	
32	 6.2773334e-01	 -1.1777692e-03 +2.9467388e-04	 3.89e-01 Accepted	 593	 1479	
33	 6.2772054e-01	 +6.9642974e-04 +1.4230746e-03	 5.10e-01 Accepted	 588	 1557	
34	 6.2785664e-01	 -1.7763286e-04 +7.1164773e-04	 9.69e-01 Accepted	 609	 1485	
35	 6.2799718e-01	 -7.7727087e-05 -1.4249180e-03	 1.45e+00 Accepted	 578	 1463	
36	 6.2807351e-01	 -6.8590509e-04 -4.3811855e-04	 8.97e-01 Accepted	 583	 1479	
37	 6.2815231e-01	 -1.0484048e-03 -1.2912198e-03	 6.79e-01 Accepted	 577	 1413	
38	 6.2840712e-01	 +5.8313402e-04 +1.1607696e-03	 8.76e-01 Accepted	 576	 1451	
39	 6.2827951e-01	 -1.0637679e-03 -1.0221918e-03	 4.71e-01 Accepted	 571	 1418	
40	 6.2844684e-01	 +1.0914566e-04 +8.8360316e-05	 1.02e+00 Accepted	 564	 1407	
41	 6.2844684e-01	 +1.0914566e-04 +8.8360316e-05	 5.23e-01 Rejected	 565	 1429	
42	 6.2844684e-01	 +1.0914566e-04 +8.8360316e-05	 2.91e-01 Rejected	 564	 1476	
43	 6.2844731e-01	 +1.0792312e-04 -1.8080571e-03	 1.89e+00 Accepted	 568	 1429	
44	 6.2857729e-01	 -3.9095874e-04 -5.7637597e-04	 1.08e+00 Accepted	 582	 1505	
45	 6.2857729e-01	 -3.9095874e-04 -5.7637597e-04	 5.84e-01 Rejected	 591	 1451	
46	 6.2861292e-01	 -8.7837037e-04 -1.3496425e-03	 1.40e+00 Accepted	 592	 1451	
47	 6.2850258e-01	 +8.0277425e-04 +9.2378121e-04	 8.12e-01 Accepted	 571	 1424	
48	 6.2861307e-01	 -1.6118211e-03 -9.4076264e-04	 1.04e+00 Accepted	 572	 1445	
49	 6.2861237e-01	 -2.3345323e-03 +1.2321484e-03	 9.74e-01 Accepted	 582	 1431	
50	 6.2861237e-01	 -2.3345323e-03 +1.2321484e-03	 5.04e-01 Rejected	 578	 1456	
51	 6.2875785e-01	 -3.2696867e-04 +1.0944967e-03	 1.85e+00 Accepted	 594	 1526	
52	 6.2873691e-01	 -1.1946153e-03 -4.5865323e-04	 1.37e+00 Accepted	 605	 1495	
53	 6.2873691e-01	 -1.1946153e-03 -4.5865323e-04	 5.95e-01 Rejected	 588	 1414	
54	 6.2874358e-01	 -1.0396246e-03 +7.5781295e-04	 1.10e+00 Accepted	 589	 1498	
55	 6.2879113e-01	 +4.4140299e-04 +1.2907207e-03	 1.20e+00 Accepted	 583	 1439	
56	 6.2876483e-01	 -9.0172934e-04 +8.9736763e-04	 1.01e+00 Accepted	 572	 1407	
57	 6.2865971e-01	 -4.5617047e-04 -2.8021895e-04	 5.16e-01 Accepted	 566	 1453	
58	 6.2875296e-01	 +1.2123000e-03 -6.0556203e-04	 1.02e+00 Accepted	 570	 1409	
59	 6.2883669e-01	 +1.3837487e-03 -9.1994683e-04	 1.50e+00 Accepted	 557	 1404	
60	 6.2868623e-01	 -1.0210586e-03 -9.0462769e-04	 6.65e-01 Accepted	 558	 1402	
61	 6.2874924e-01	 +1.1449446e-04 -9.9346729e-04	 1.44e+00 Accepted	 558	 1414	
62	 6.2871431e-01	 +4.4422822e-05 +3.2056230e-04	 1.05e+00 Accepted	 563	 1442	
63	 6.2882129e-01	 +6.7361097e-04 +4.2675815e-04	 4.75e-01 Accepted	 578	 1407	
64	 6.2886653e-01	 +1.0838318e-03 +1.3087286e-03	 1.15e+00 Accepted	 563	 1431	
65	 6.2886653e-01	 +1.0838318e-03 +1.3087286e-03	 7.75e-01 Rejected	 565	 1436	
66	 6.2878058e-01	 -2.1456815e-03 -6.1229047e-04	 2.98e-01 Accepted	 569	 1420	
67	 6.2881395e-01	 +1.3298278e-03 +2.3516277e-03	 1.15e+00 Accepted	 558	 1408	
68	 6.2891715e-01	 +5.5077768e-04 -1.0288936e-03	 1.74e+00 Accepted	 560	 1403	
69	 6.2909025e-01	 -2.2490916e-04 -8.9760272e-04	 2.19e+00 Accepted	 561	 1439	
70	 6.2909025e-01	 -2.2490916e-04 -8.9760272e-04	 7.23e-01 Rejected	 561	 1464	
71	 6.2907792e-01	 -1.8535221e-03 -2.0193976e-03	 1.32e+00 Accepted	 564	 1434	
72	 6.2904421e-01	 -1.6716386e-03 -1.7297204e-04	 8.34e-01 Accepted	 569	 1445	
