# Starting_type: ColdStart
# serial RNG seed: 	[58351 19504 30276 24689 63114]
# parallel RNG seed:	[20998 64990 62475 50129 10696]
# Trajectory_length / Number_of_MD_steps: 0.1 / 10
# 	 Plaquette	 Polyakov_Loop(re,im)	 Acc._Probability	 runtime_per_traj(s)	 CG_iterations	
1	 9.3312144e-01	 +7.5225442e-01 -1.1924279e-04	 2.90e-01 Accepted	 252	 508	
2	 9.3312144e-01	 +7.5225442e-01 -1.1924279e-04	 4.05e-01 Rejected	 279	 550	
3	 9.3312144e-01	 +7.5225442e-01 -1.1924279e-04	 4.05e-01 Rejected	 278	 544	
4	 9.3312144e-01	 +7.5225442e-01 -1.1924279e-04	 4.05e-01 Rejected	 281	 552	
5	 9.3312144e-01	 +7.5225442e-01 -1.1924279e-04	 4.05e-01 Rejected	 280	 555	
6	 9.3312144e-01	 +7.5225442e-01 -1.1924279e-04	 4.07e-01 Rejected	 277	 548	
7	 8.8383180e-01	 +5.8909944e-01 +1.2105361e-04	 4.06e-01 Accepted	 278	 550	
8	 8.8383180e-01	 +5.8909944e-01 +1.2105361e-04	 5.04e-01 Rejected	 296	 593	
9	 8.4590511e-01	 +4.7461466e-01 +2.7506830e-04	 5.03e-01 Accepted	 296	 592	
10	 8.1598227e-01	 +3.9382178e-01 +3.6334786e-04	 5.86e-01 Accepted	 309	 616	
11	 8.1598227e-01	 +3.9382178e-01 +3.6334786e-04	 6.52e-01 Rejected	 322	 639	
12	 8.1598227e-01	 +3.9382178e-01 +3.6334786e-04	 6.52e-01 Rejected	 320	 632	
13	 7.9170199e-01	 +3.3220431e-01 +1.3250712e-04	 6.50e-01 Accepted	 321	 634	
14	 7.7178369e-01	 +2.8544842e-01 +4.2110912e-04	 7.07e-01 Accepted	 328	 646	
15	 7.7178369e-01	 +2.8544842e-01 +4.2110912e-04	 7.50e-01 Rejected	 334	 660	
16	 7.5510552e-01	 +2.4982966e-01 +7.8068216e-05	 7.50e-01 Accepted	 332	 659	
17	 7.4098846e-01	 +2.1849984e-01 -6.8108204e-05	 7.84e-01 Accepted	 337	 666	
18	 7.2883058e-01	 +1.9401591e-01 -8.5944286e-04	 8.14e-01 Accepted	 344	 690	
19	 7.1827974e-01	 +1.7292477e-01 -1.2513859e-04	 8.37e-01 Accepted	 346	 690	
20	 7.0903571e-01	 +1.5752815e-01 +5.8424424e-04	 8.54e-01 Accepted	 353	 699	
21	 7.0903571e-01	 +1.5752815e-01 +5.8424424e-04	 8.76e-01 Rejected	 356	 704	
22	 7.0093647e-01	 +1.4472736e-01 +8.6711392e-04	 8.73e-01 Accepted	 354	 702	
23	 6.9371481e-01	 +1.3202620e-01 +6.4625979e-04	 8.86e-01 Accepted	 364	 715	
24	 6.8727307e-01	 +1.2162544e-01 -4.6984720e-04	 8.99e-01 Accepted	 359	 710	
25	 6.8143520e-01	 +1.1252502e-01 -6.5795077e-04	 9.11e-01 Accepted	 366	 720	
26	 6.7626996e-01	 +1.0407335e-01 +5.6057030e-04	 9.19e-01 Accepted	 369	 727	
27	 6.7163621e-01	 +9.7627801e-02 +8.8923985e-04	 9.27e-01 Accepted	 371	 734	
28	 6.6741181e-01	 +9.2180396e-02 +8.9606095e-04	 9.33e-01 Accepted	 369	 736	
29	 6.6340507e-01	 +8.6519665e-02 +1.1909834e-03	 9.37e-01 Accepted	 374	 744	
30	 6.5974960e-01	 +7.9711878e-02 +3.6172982e-04	 9.43e-01 Accepted	 374	 747	
31	 6.5639051e-01	 +7.5138865e-02 -2.9666959e-04	 9.44e-01 Accepted	 376	 748	
32	 6.5334128e-01	 +7.0819412e-02 +1.1429402e-04	 9.51e-01 Accepted	 378	 751	
33	 6.5056824e-01	 +6.7252675e-02 +2.6793206e-04	 9.56e-01 Accepted	 375	 754	
34	 6.4793163e-01	 +6.4509835e-02 +1.4607540e-04	 9.56e-01 Accepted	 374	 750	
35	 6.4557298e-01	 +6.1703015e-02 +1.1587477e-03	 9.62e-01 Accepted	 375	 755	
36	 6.4329079e-01	 +5.9015095e-02 +1.5330149e-03	 9.62e-01 Accepted	 374	 762	
37	 6.4104797e-01	 +5.5755892e-02 +1.3592695e-03	 9.64e-01 Accepted	 380	 761	
38	 6.3900725e-01	 +5.4209059e-02 +1.9440930e-03	 9.71e-01 Accepted	 377	 762	
39	 6.3718287e-01	 +5.1283556e-02 +1.3267906e-03	 9.72e-01 Accepted	 381	 768	
40	 6.3542992e-01	 +4.9195086e-02 +1.0423185e-03	 9.73e-01 Accepted	 381	 771	
41	 6.3374820e-01	 +4.7443347e-02 +1.9914809e-03	 9.72e-01 Accepted	 380	 770	
42	 6.3221004e-01	 +4.5397801e-02 +1.9129258e-03	 9.74e-01 Accepted	 379	 774	
43	 6.3066316e-01	 +4.2899455e-02 -6.9901683e-06	 9.77e-01 Accepted	 382	 775	
44	 6.2929999e-01	 +4.1067753e-02 +1.0782900e-03	 9.77e-01 Accepted	 383	 776	
45	 6.2795771e-01	 +3.9889305e-02 +5.9794296e-04	 9.82e-01 Accepted	 387	 784	
46	 6.2676175e-01	 +3.7976974e-02 +1.1679006e-03	 9.82e-01 Accepted	 389	 794	
47	 6.2563883e-01	 +3.4917980e-02 +9.4122121e-04	 9.81e-01 Accepted	 387	 786	
48	 6.2454694e-01	 +3.4961825e-02 +4.1975301e-04	 9.81e-01 Accepted	 385	 788	
49	 6.2348955e-01	 +3.3153191e-02 -7.2093462e-04	 9.82e-01 Accepted	 387	 789	
50	 6.2251461e-01	 +3.3608209e-02 -1.1929606e-03	 9.86e-01 Accepted	 386	 789	
51	 6.2154410e-01	 +3.2433673e-02 -1.2482742e-03	 9.85e-01 Accepted	 387	 796	
52	 6.2060134e-01	 +3.1360122e-02 -6.0341787e-04	 9.88e-01 Accepted	 390	 795	
53	 6.1973281e-01	 +3.0351131e-02 +3.5909405e-04	 9.88e-01 Accepted	 390	 798	
54	 6.1891265e-01	 +3.1357981e-02 +1.3872736e-03	 9.89e-01 Accepted	 391	 801	
55	 6.1809481e-01	 +3.0380758e-02 +1.1466922e-03	 9.86e-01 Accepted	 393	 803	
56	 6.1746172e-01	 +2.8016526e-02 +8.5310726e-04	 9.90e-01 Accepted	 393	 808	
57	 6.1672584e-01	 +2.8045951e-02 +4.5787059e-04	 9.86e-01 Accepted	 397	 810	
58	 6.1595228e-01	 +2.7774155e-02 -2.9781570e-04	 9.86e-01 Accepted	 393	 809	
59	 6.1533420e-01	 +2.6852130e-02 +1.0888612e-04	 9.91e-01 Accepted	 397	 816	
60	 6.1464510e-01	 +2.5768323e-02 +6.3160630e-04	 9.88e-01 Accepted	 399	 815	
61	 6.1396225e-01	 +2.6134135e-02 -7.6316373e-05	 9.92e-01 Accepted	 398	 816	
62	 6.1330060e-01	 +2.5324242e-02 +6.2209125e-04	 9.90e-01 Accepted	 397	 817	
63	 6.1265224e-01	 +2.5753328e-02 +6.2842010e-06	 9.88e-01 Accepted	 400	 816	
64	 6.1215653e-01	 +2.3424185e-02 +3.5823424e-04	 9.94e-01 Accepted	 397	 814	
65	 6.1163876e-01	 +2.4779975e-02 +8.1917539e-04	 9.90e-01 Accepted	 401	 817	
66	 6.1118665e-01	 +2.3394583e-02 +7.6185169e-04	 9.95e-01 Accepted	 399	 820	
67	 6.1075715e-01	 +2.4616620e-02 +8.0311322e-04	 9.96e-01 Accepted	 399	 821	
68	 6.1023096e-01	 +2.3326775e-02 +1.4958149e-03	 9.92e-01 Accepted	 399	 820	
69	 6.0978874e-01	 +2.3017043e-02 +5.3478478e-04	 9.94e-01 Accepted	 404	 829	
70	 6.0938850e-01	 +2.2873801e-02 -7.0796754e-04	 9.96e-01 Accepted	 401	 824	
71	 6.0901958e-01	 +2.2492174e-02 -3.3413193e-04	 9.95e-01 Accepted	 405	 829	
72	 6.0865173e-01	 +2.1402251e-02 -3.1183261e-04	 9.95e-01 Accepted	 403	 829	
73	 6.0826492e-01	 +2.1459636e-02 -9.9891573e-04	 9.91e-01 Accepted	 405	 826	
74	 6.0784272e-01	 +2.1106691e-02 -6.0581711e-04	 9.91e-01 Accepted	 403	 833	
75	 6.0742081e-01	 +2.1292197e-02 +4.1889864e-04	 9.91e-01 Accepted	 404	 830	
76	 6.0708302e-01	 +2.0882188e-02 +1.5881766e-04	 9.97e-01 Accepted	 412	 836	
77	 6.0672747e-01	 +2.0055320e-02 +9.6250735e-04	 9.95e-01 Accepted	 408	 838	
78	 6.0636576e-01	 +1.9336929e-02 +4.4375207e-05	 9.98e-01 Accepted	 406	 837	
79	 6.0597301e-01	 +2.0525112e-02 +3.8356645e-04	 9.96e-01 Accepted	 405	 836	
80	 6.0572555e-01	 +1.8916503e-02 +6.3685007e-04	 9.97e-01 Accepted	 404	 836	
81	 6.0543198e-01	 +1.8377513e-02 +1.6467166e-03	 9.97e-01 Accepted	 408	 838	
82	 6.0512850e-01	 +1.8829451e-02 +2.0126956e-03	 9.96e-01 Accepted	 410	 843	
83	 6.0477078e-01	 +1.8558927e-02 +2.3011288e-03	 9.94e-01 Accepted	 409	 840	
84	 6.0447048e-01	 +1.8196972e-02 +2.8635106e-03	 9.99e-01 Accepted	 414	 844	
85	 6.0422660e-01	 +1.8546460e-02 +6.5442820e-04	 9.97e-01 Accepted	 419	 850	
86	 6.0389773e-01	 +1.7382177e-02 +2.6145251e-04	 9.96e-01 Accepted	 415	 846	
87	 6.0356444e-01	 +1.7534540e-02 -2.4387215e-04	 9.94e-01 Accepted	 416	 848	
88	 6.0343825e-01	 +1.5900699e-02 +6.1967359e-04	 9.94e-01 Accepted	 417	 849	
89	 6.0316137e-01	 +1.7077755e-02 +3.2046181e-04	 9.95e-01 Accepted	 418	 849	
90	 6.0298444e-01	 +1.7231233e-02 -5.4611161e-04	 9.96e-01 Accepted	 416	 853	
91	 6.0281810e-01	 +1.7288964e-02 -6.1460550e-04	 9.99e-01 Accepted	 414	 854	
92	 6.0268148e-01	 +1.7317566e-02 -7.4075305e-04	 9.98e-01 Accepted	 415	 852	
93	 6.0246268e-01	 +1.7476225e-02 -1.5291481e-03	 9.95e-01 Accepted	 414	 853	
94	 6.0231981e-01	 +1.6359405e-02 -1.3205351e-03	 9.97e-01 Accepted	 413	 852	
95	 6.0209688e-01	 +1.5424627e-02 -4.4915588e-04	 9.97e-01 Accepted	 412	 855	
96	 6.0187705e-01	 +1.6638248e-02 -1.2188332e-03	 9.97e-01 Accepted	 416	 855	
97	 6.0164745e-01	 +1.6044329e-02 -2.8193731e-04	 9.95e-01 Accepted	 417	 860	
98	 6.0137590e-01	 +1.5617594e-02 -1.9536687e-04	 9.96e-01 Accepted	 416	 859	
99	 6.0117377e-01	 +1.6280875e-02 +6.6202947e-04	 9.96e-01 Accepted	 418	 859	
100	 6.0090555e-01	 +1.4928354e-02 +2.0349908e-04	 9.98e-01 Accepted	 415	 858	
101	 6.0079382e-01	 +1.4144077e-02 +1.2889039e-04	 9.99e-01 Accepted	 417	 859	
102	 6.0057174e-01	 +1.4527357e-02 -7.8383314e-04	 9.96e-01 Accepted	 417	 863	
103	 6.0040416e-01	 +1.4004726e-02 -8.4260164e-04	 1.00e+00 Accepted	 416	 859	
104	 6.0022499e-01	 +1.4059858e-02 -1.4863526e-04	 1.00e+00 Accepted	 417	 865	
105	 6.0009693e-01	 +1.3265003e-02 -2.3334759e-04	 9.99e-01 Accepted	 417	 864	
106	 5.9995021e-01	 +1.3798358e-02 -1.0208195e-03	 1.00e+00 Accepted	 418	 868	
107	 5.9980929e-01	 +1.3735588e-02 -1.2325845e-03	 9.97e-01 Accepted	 418	 867	
108	 5.9967838e-01	 +1.2950969e-02 -3.1277819e-04	 9.98e-01 Accepted	 418	 868	
109	 5.9949719e-01	 +1.1978458e-02 -5.4528020e-04	 9.96e-01 Accepted	 420	 868	
110	 5.9937896e-01	 +1.2060128e-02 -8.3715224e-04	 9.97e-01 Accepted	 420	 869	
111	 5.9925742e-01	 +1.2937951e-02 -7.7768432e-04	 9.95e-01 Accepted	 418	 869	
112	 5.9912488e-01	 +1.3078501e-02 +7.4415334e-04	 9.96e-01 Accepted	 420	 870	
113	 5.9895424e-01	 +1.3180375e-02 +9.1430308e-04	 9.96e-01 Accepted	 422	 871	
# Starting_type: CheckpointStart
# Trajectory_length / Number_of_MD_steps: 0.5 / 10
# 	 Plaquette	 Polyakov_Loop(re,im)	 Acc._Probability	 runtime_per_traj(s)	 CG_iterations	
113	 5.9912488e-01	 +1.3078501e-02 +7.4415334e-04	 5.04e-01 Rejected	 443	 893	
114	 5.9709538e-01	 +1.1901364e-02 -6.5327835e-04	 4.61e-01 Accepted	 440	 891	
115	 5.9553972e-01	 +9.1355644e-03 +6.9269629e-04	 6.44e-01 Accepted	 454	 908	
116	 5.9451238e-01	 +9.2658062e-03 +3.6883422e-05	 6.46e-01 Accepted	 457	 917	
117	 5.9379532e-01	 +7.9197693e-03 +1.4966107e-03	 7.39e-01 Accepted	 458	 931	
118	 5.9315923e-01	 +5.7123455e-03 +8.6369575e-05	 7.51e-01 Accepted	 465	 942	
119	 5.9267298e-01	 +7.8825401e-03 +1.2880407e-03	 8.57e-01 Accepted	 470	 953	
120	 5.9230907e-01	 +5.7586590e-03 +1.5319626e-05	 1.00e+00 Accepted	 477	 965	
121	 5.9231168e-01	 +6.8673688e-03 +7.1383135e-04	 1.06e+00 Accepted	 483	 970	
122	 5.9214443e-01	 +6.9729841e-03 -4.7858422e-05	 8.11e-01 Accepted	 485	 983	
123	 5.9184210e-01	 +4.0169625e-03 -8.8419959e-04	 9.96e-01 Accepted	 488	 988	
124	 5.9188607e-01	 +4.4126093e-03 +9.4844755e-05	 9.91e-01 Accepted	 491	 992	
125	 5.9174528e-01	 +5.0287292e-03 +1.1358611e-03	 9.18e-01 Accepted	 492	 993	
126	 5.9146190e-01	 +3.7111954e-03 +8.3122302e-04	 8.20e-01 Accepted	 498	 1009	
127	 5.9129088e-01	 +4.9211732e-03 +2.1236007e-04	 9.39e-01 Accepted	 502	 1009	
128	 5.9132197e-01	 +4.4734821e-03 +8.8130959e-04	 1.02e+00 Accepted	 500	 1004	
129	 5.9129051e-01	 +4.4156660e-03 -2.7201191e-03	 8.67e-01 Accepted	 502	 1014	
130	 5.9128801e-01	 +3.3712742e-03 +9.1652659e-05	 9.35e-01 Accepted	 502	 1017	
131	 5.9149012e-01	 +3.0656183e-03 -2.1398535e-04	 1.12e+00 Accepted	 506	 1026	
132	 5.9140221e-01	 +3.9608228e-03 +2.6737591e-04	 9.65e-01 Accepted	 510	 1029	
133	 5.9132671e-01	 +5.3899110e-03 +1.2977922e-03	 1.12e+00 Accepted	 512	 1036	
134	 5.9116105e-01	 +4.7484738e-03 +1.3958960e-03	 1.01e+00 Accepted	 513	 1035	
135	 5.9120437e-01	 +2.6104708e-03 -5.6286691e-04	 9.04e-01 Accepted	 513	 1035	
136	 5.9120437e-01	 +2.6104708e-03 -5.6286691e-04	 9.17e-01 Rejected	 511	 1031	
137	 5.9111070e-01	 +4.5380958e-03 +5.2638711e-04	 8.82e-01 Accepted	 512	 1038	
138	 5.9110581e-01	 +3.2206989e-03 -1.0171173e-03	 9.67e-01 Accepted	 514	 1042	
139	 5.9110581e-01	 +3.2206989e-03 -1.0171173e-03	 9.02e-01 Rejected	 519	 1051	
140	 5.9090817e-01	 +5.1705552e-03 +8.1537918e-04	 9.95e-01 Accepted	 519	 1050	
141	 5.9101889e-01	 +3.5875888e-03 -2.2921177e-04	 9.33e-01 Accepted	 519	 1042	
142	 5.9099706e-01	 +2.5963243e-03 -4.4364622e-04	 1.04e+00 Accepted	 524	 1047	
143	 5.9093022e-01	 +3.3695047e-03 -7.5625444e-04	 1.01e+00 Accepted	 530	 1052	
144	 5.9088933e-01	 +3.3112536e-03 -5.0034022e-04	 9.18e-01 Accepted	 531	 1049	
145	 5.9095280e-01	 +4.0751308e-03 +8.9267579e-05	 1.08e+00 Accepted	 533	 1057	
146	 5.9100668e-01	 +4.3124010e-03 -1.3770137e-03	 1.17e+00 Accepted	 534	 1051	
147	 5.9100417e-01	 +4.0271051e-03 +7.8122648e-04	 1.13e+00 Accepted	 534	 1064	
148	 5.9100417e-01	 +4.0271051e-03 +7.8122648e-04	 8.67e-01 Rejected	 537	 1064	
149	 5.9075717e-01	 +4.2262307e-03 -2.1635605e-04	 1.03e+00 Accepted	 539	 1066	
150	 5.9090563e-01	 +3.0576171e-03 +3.6281328e-04	 1.03e+00 Accepted	 544	 1067	
151	 5.9081539e-01	 +3.2901754e-03 -3.0530023e-03	 9.27e-01 Accepted	 544	 1076	
152	 5.9081539e-01	 +3.2901754e-03 -3.0530023e-03	 9.38e-01 Rejected	 544	 1076	
153	 5.9077405e-01	 +3.8005471e-03 +1.5363932e-03	 9.80e-01 Accepted	 546	 1074	
154	 5.9054384e-01	 +3.1709040e-03 -1.1335716e-03	 8.43e-01 Accepted	 547	 1073	
155	 5.9066692e-01	 +3.7887308e-03 +1.6671780e-03	 1.07e+00 Accepted	 549	 1086	
156	 5.9069598e-01	 +1.9774883e-03 -1.0649171e-03	 9.84e-01 Accepted	 551	 1079	
157	 5.9070415e-01	 +8.9876886e-04 -2.0568392e-03	 1.04e+00 Accepted	 552	 1075	
158	 5.9093130e-01	 +4.1611578e-03 -3.2031402e-04	 1.24e+00 Accepted	 551	 1080	
159	 5.9093084e-01	 +2.6521827e-03 -7.1190055e-04	 1.15e+00 Accepted	 552	 1093	
160	 5.9100378e-01	 +4.7572574e-03 -7.4495034e-04	 9.14e-01 Accepted	 557	 1093	
161	 5.9094719e-01	 +2.3625045e-03 -4.5532493e-04	 1.09e+00 Accepted	 555	 1096	
162	 5.9094426e-01	 +3.2645266e-03 +2.7123121e-04	 9.71e-01 Accepted	 556	 1094	
163	 5.9076148e-01	 +1.1346812e-03 +9.0685942e-04	 8.97e-01 Accepted	 558	 1089	
164	 5.9080992e-01	 +2.0858263e-03 -1.7570893e-03	 9.79e-01 Accepted	 555	 1092	
165	 5.9074857e-01	 +4.0931383e-03 +8.1496428e-04	 1.13e+00 Accepted	 558	 1101	
166	 5.9092224e-01	 +2.3331039e-03 -4.9519024e-04	 9.37e-01 Accepted	 564	 1104	
167	 5.9071245e-01	 +1.8224779e-03 +1.6428080e-03	 9.08e-01 Accepted	 556	 1108	
168	 5.9072710e-01	 +3.9991079e-03 -3.4293863e-03	 1.01e+00 Accepted	 554	 1111	
169	 5.9075380e-01	 +3.0540795e-03 +7.7382001e-04	 1.05e+00 Accepted	 559	 1110	
170	 5.9048922e-01	 +3.2665739e-03 +1.6403438e-05	 9.85e-01 Accepted	 564	 1113	
171	 5.9054235e-01	 +3.1274395e-03 +1.3882459e-03	 8.61e-01 Accepted	 566	 1113	
172	 5.9071115e-01	 +2.7410967e-03 +2.2955712e-03	 1.03e+00 Accepted	 567	 1117	
173	 5.9093853e-01	 +2.7834160e-03 +1.9637169e-03	 1.18e+00 Accepted	 568	 1123	
174	 5.9066287e-01	 +2.8282458e-03 -2.8490267e-04	 9.01e-01 Accepted	 569	 1125	
175	 5.9077904e-01	 +1.5150592e-03 -2.1214404e-03	 1.06e+00 Accepted	 571	 1116	
176	 5.9100948e-01	 +3.8938992e-03 +5.7340553e-05	 1.05e+00 Accepted	 569	 1125	
177	 5.9081001e-01	 +3.5195442e-03 +5.9473528e-04	 8.98e-01 Accepted	 570	 1122	
178	 5.9064575e-01	 +2.8453198e-03 -3.4407103e-04	 9.61e-01 Accepted	 569	 1139	
179	 5.9072037e-01	 +2.6015236e-03 -7.0298525e-04	 1.09e+00 Accepted	 565	 1129	
180	 5.9070571e-01	 +1.0605220e-03 +9.1400589e-05	 9.77e-01 Accepted	 571	 1141	
181	 5.9063926e-01	 +3.0141230e-03 -1.1048323e-04	 9.08e-01 Accepted	 571	 1141	
182	 5.9084011e-01	 +2.0663868e-03 -2.4298542e-04	 1.00e+00 Accepted	 571	 1135	
183	 5.9087401e-01	 +3.0385626e-03 +1.4085712e-03	 1.21e+00 Accepted	 569	 1133	
184	 5.9083542e-01	 +2.5160394e-03 -4.2276136e-04	 9.39e-01 Accepted	 565	 1142	
185	 5.9087982e-01	 +2.8682006e-03 -1.8394584e-03	 9.68e-01 Accepted	 569	 1137	
186	 5.9086642e-01	 +3.3404347e-03 +6.4154760e-04	 8.37e-01 Accepted	 574	 1149	
187	 5.9062117e-01	 +2.1096281e-03 -5.7937019e-04	 9.24e-01 Accepted	 573	 1144	
188	 5.9061937e-01	 +7.4994151e-04 +4.5252567e-04	 9.22e-01 Accepted	 571	 1149	
189	 5.9067124e-01	 +3.0396075e-03 -1.5874742e-03	 1.12e+00 Accepted	 573	 1146	
190	 5.9089486e-01	 +3.6472890e-03 -6.6274260e-04	 1.09e+00 Accepted	 569	 1151	
191	 5.9100278e-01	 +2.0082030e-03 -4.8924170e-05	 9.93e-01 Accepted	 571	 1155	
192	 5.9076304e-01	 +2.7401726e-04 +4.1532538e-06	 9.32e-01 Accepted	 573	 1155	
# Starting_type: CheckpointStart
# Trajectory_length / Number_of_MD_steps: 1 / 8
# 	 Plaquette	 Polyakov_Loop(re,im)	 Acc._Probability	 runtime_per_traj(s)	 CG_iterations	
193	 5.9067760e-01	 +2.1374187e-03 +1.3021117e-03	 1.35e+00 Accepted	 511	 1151	
194	 5.9058726e-01	 +4.4346165e-05 +5.4577679e-04	 5.21e-01 Accepted	 509	 1167	
195	 5.9055683e-01	 +3.1455248e-03 +2.4206857e-04	 1.45e+00 Accepted	 515	 1172	
196	 5.9071819e-01	 +2.5492484e-03 -4.5527439e-04	 3.06e+00 Accepted	 516	 1174	
197	 5.9068622e-01	 +1.1865311e-03 +2.3023248e-04	 9.20e-01 Accepted	 517	 1182	
198	 5.9078916e-01	 +8.0193702e-04 +1.0815930e-04	 3.19e+00 Accepted	 518	 1190	
199	 5.9080865e-01	 +2.4945166e-03 -1.1238122e-03	 1.44e+00 Accepted	 521	 1185	
200	 5.9070585e-01	 +1.8915849e-03 +1.7139790e-03	 9.11e-01 Accepted	 521	 1196	
201	 5.9090149e-01	 +2.3905312e-03 +1.4235160e-03	 1.02e+00 Accepted	 521	 1199	
202	 5.9054586e-01	 +4.6186370e-04 +1.3225533e-03	 7.33e-01 Accepted	 536	 1188	
203	 5.9051891e-01	 -2.0520111e-05 +2.3188809e-04	 9.39e-01 Accepted	 530	 1201	
204	 5.9064275e-01	 +1.7546759e-03 -6.5922719e-05	 1.55e+00 Accepted	 530	 1204	
205	 5.9070874e-01	 +1.1100361e-03 +2.0033505e-03	 1.20e+00 Accepted	 532	 1201	
206	 5.9074439e-01	 +1.8815112e-03 +1.4958118e-03	 1.19e+00 Accepted	 534	 1217	
207	 5.9062837e-01	 +1.6804508e-03 +6.8665816e-04	 7.33e-01 Accepted	 537	 1215	
208	 5.9071694e-01	 +2.5993857e-03 +1.0376065e-03	 9.99e-01 Accepted	 543	 1212	
209	 5.9071694e-01	 +2.5993857e-03 +1.0376065e-03	 3.98e-01 Rejected	 538	 1227	
210	 5.9066553e-01	 +1.8488593e-04 -8.2971540e-04	 1.11e+00 Accepted	 539	 1221	
211	 5.9077786e-01	 +9.4658332e-04 +4.9161666e-04	 1.23e+00 Accepted	 542	 1218	
212	 5.9077641e-01	 +1.3307985e-03 +1.5067708e-04	 8.06e-01 Accepted	 537	 1222	
213	 5.9077641e-01	 +1.3307985e-03 +1.5067708e-04	 6.40e-01 Rejected	 540	 1218	
214	 5.9084869e-01	 +1.4181725e-03 +8.2091330e-05	 1.31e+00 Accepted	 540	 1220	
215	 5.9084869e-01	 +1.4181725e-03 +8.2091330e-05	 5.95e-01 Rejected	 542	 1228	
216	 5.9084869e-01	 +1.4181725e-03 +8.2091330e-05	 4.84e-01 Rejected	 540	 1236	
217	 5.9080465e-01	 +1.3396132e-03 -3.7725147e-04	 1.32e+00 Accepted	 542	 1236	
218	 5.9080465e-01	 +1.3396132e-03 -3.7725147e-04	 6.62e-01 Rejected	 546	 1234	
219	 5.9078048e-01	 +2.5025444e-03 +3.4573302e-05	 7.44e-01 Accepted	 546	 1226	
220	 5.9073188e-01	 +1.0207930e-03 -2.6236708e-04	 1.17e+00 Accepted	 540	 1220	
221	 5.9073188e-01	 +1.0207930e-03 -2.6236708e-04	 5.41e-01 Rejected	 539	 1231	
222	 5.9073188e-01	 +1.0207930e-03 -2.6236708e-04	 3.69e-01 Rejected	 537	 1220	
223	 5.9073188e-01	 +1.0207930e-03 -2.6236708e-04	 4.07e-01 Rejected	 536	 1223	
224	 5.9073188e-01	 +1.0207930e-03 -2.6236708e-04	 2.90e-01 Rejected	 540	 1222	
225	 5.9081298e-01	 -1.4043553e-04 +1.7741351e-05	 1.18e+00 Accepted	 535	 1220	
226	 5.9081298e-01	 -1.4043553e-04 +1.7741351e-05	 6.13e-01 Rejected	 541	 1218	
227	 5.9097734e-01	 +1.5704830e-03 +4.3934927e-05	 1.83e+00 Accepted	 541	 1208	
228	 5.9077996e-01	 +2.4564862e-03 -1.2283594e-04	 7.24e-01 Accepted	 533	 1209	
229	 5.9072296e-01	 -6.4481680e-04 -1.7664180e-03	 7.18e-01 Accepted	 533	 1208	
230	 5.9072296e-01	 -6.4481680e-04 -1.7664180e-03	 5.26e-01 Rejected	 541	 1220	
231	 5.9070717e-01	 -2.7172444e-04 +1.4899606e-03	 9.88e-01 Accepted	 538	 1226	
232	 5.9062513e-01	 -6.2434227e-04 +9.0996301e-06	 5.04e-01 Accepted	 541	 1226	
233	 5.9065993e-01	 +1.9935351e-03 +1.3904344e-03	 4.13e-01 Accepted	 544	 1223	
234	 5.9066794e-01	 +1.4780818e-03 +1.5789262e-03	 8.03e-01 Accepted	 540	 1230	
235	 5.9055341e-01	 +1.9941165e-03 -9.6047355e-04	 5.09e-01 Accepted	 544	 1239	
236	 5.9042060e-01	 +2.7035004e-03 +2.5014254e-04	 5.63e-01 Accepted	 547	 1243	
237	 5.9043989e-01	 +3.2739215e-03 +1.8738551e-04	 1.24e+00 Accepted	 550	 1258	
238	 5.9043989e-01	 +3.2739215e-03 +1.8738551e-04	 5.18e-01 Rejected	 554	 1257	
239	 5.9057584e-01	 +2.4233341e-03 -6.4020874e-04	 3.82e-01 Accepted	 551	 1258	
240	 5.9066396e-01	 +2.2814249e-03 -1.3425638e-03	 7.87e-01 Accepted	 551	 1259	
241	 5.9066396e-01	 +2.2814249e-03 -1.3425638e-03	 3.56e-01 Rejected	 558	 1267	
242	 5.9068830e-01	 +1.4525708e-03 -1.2393550e-03	 1.15e+00 Accepted	 555	 1271	
243	 5.9068830e-01	 +1.4525708e-03 -1.2393550e-03	 4.87e-01 Rejected	 556	 1263	
244	 5.9068830e-01	 +1.4525708e-03 -1.2393550e-03	 6.67e-01 Rejected	 553	 1270	
245	 5.9057952e-01	 +8.8611952e-04 +8.0177853e-04	 4.82e-01 Accepted	 558	 1272	
246	 5.9054096e-01	 +5.9398704e-04 -5.5140006e-04	 8.49e-01 Accepted	 555	 1267	
247	 5.9036162e-01	 +1.5591613e-03 -2.2249297e-04	 1.11e+00 Accepted	 550	 1266	
248	 5.9036162e-01	 +1.5591613e-03 -2.2249297e-04	 2.93e-01 Rejected	 555	 1268	
249	 5.9048505e-01	 +1.2437740e-03 -9.7243735e-05	 2.49e+00 Accepted	 556	 1272	
250	 5.9060643e-01	 +6.7252892e-04 -1.2616323e-03	 2.07e+00 Accepted	 556	 1273	
251	 5.9068340e-01	 +1.5776013e-03 +4.6065833e-04	 8.28e-01 Accepted	 559	 1275	
252	 5.9059761e-01	 +2.0188828e-03 +2.7399784e-05	 1.29e+00 Accepted	 563	 1288	
253	 5.9059761e-01	 +2.0188828e-03 +2.7399784e-05	 7.38e-01 Rejected	 559	 1268	
254	 5.9056308e-01	 +1.2128930e-03 -4.6278864e-04	 4.41e-01 Accepted	 560	 1283	
255	 5.9043310e-01	 +4.3489588e-04 +6.9357473e-04	 7.04e-01 Accepted	 559	 1280	
256	 5.9073228e-01	 +2.1455036e-03 -1.2603527e-03	 3.66e+00 Accepted	 561	 1284	
257	 5.9073228e-01	 +2.1455036e-03 -1.2603527e-03	 4.98e-01 Rejected	 560	 1280	
258	 5.9073228e-01	 +2.1455036e-03 -1.2603527e-03	 7.31e-01 Rejected	 557	 1268	
259	 5.9067582e-01	 -5.2646186e-04 +9.6737343e-05	 1.50e+00 Accepted	 557	 1253	
260	 5.9063685e-01	 +1.9865987e-03 +9.0935016e-04	 1.10e+00 Accepted	 563	 1273	
261	 5.9054246e-01	 +3.6570950e-04 -1.5066963e-03	 7.82e-01 Accepted	 564	 1289	
262	 5.9054246e-01	 +3.6570950e-04 -1.5066963e-03	 5.19e-01 Rejected	 560	 1287	
263	 5.9061390e-01	 +1.7765145e-03 +7.7591804e-05	 7.12e-01 Accepted	 533	 1278	
264	 5.9061390e-01	 +1.7765145e-03 +7.7591804e-05	 8.86e-01 Rejected	 531	 1267	
265	 5.9072375e-01	 +1.0135990e-03 -3.7208018e-04	 1.36e+00 Accepted	 532	 1272	
266	 5.9072375e-01	 +1.0135990e-03 -3.7208018e-04	 3.16e-01 Rejected	 529	 1292	
267	 5.9072375e-01	 +1.0135990e-03 -3.7208018e-04	 2.69e-01 Rejected	 527	 1286	
268	 5.9078185e-01	 +1.0558288e-03 -1.7776425e-03	 1.53e+00 Accepted	 525	 1287	
269	 5.9056175e-01	 +2.2012991e-03 -4.8815735e-05	 4.78e-01 Accepted	 530	 1289	
270	 5.9046590e-01	 +1.2314813e-03 +2.3765982e-04	 5.59e-01 Accepted	 539	 1290	
271	 5.9061023e-01	 +3.6236552e-03 -2.1415774e-03	 2.38e+00 Accepted	 551	 1307	
