# Starting_type: HotStart
# serial RNG seed: 	[7 30 37 64 77]
# parallel RNG seed:	[100 41 11 89 24]
# Trajectory_length / Number_of_MD_steps: 1 / 8
# 	 Plaquette	 Polyakov_Loop(re,im)	 Acc._Probability	 runtime_per_traj(s)	 CG_iterations	
1	 2.2349921e-01	 -4.4991881e-04 -5.3411912e-04	 2.09e+140 Accepted	 338	 984	
2	 3.1395169e-01	 -3.4139909e-04 +1.2243545e-03	 5.78e+74 Accepted	 471	 1273	
3	 3.6318976e-01	 -1.7714696e-03 +5.5610925e-04	 3.91e+46 Accepted	 552	 1434	
4	 3.9447919e-01	 -3.2266641e-04 -2.1333985e-04	 4.06e+28 Accepted	 608	 1536	
5	 4.1623247e-01	 +9.6122707e-04 +4.6111998e-04	 2.72e+21 Accepted	 636	 1598	
6	 4.3305579e-01	 -5.5457579e-04 -4.6962077e-04	 1.90e+17 Accepted	 656	 1653	
7	 4.4646142e-01	 -2.0909140e-03 -1.6545036e-04	 4.93e+12 Accepted	 674	 1689	
8	 4.5782712e-01	 +9.9991295e-06 -1.8881003e-05	 1.04e+10 Accepted	 689	 1717	
9	 4.6768997e-01	 -2.0003715e-05 -2.6655288e-03	 8.52e+07 Accepted	 697	 1742	
10	 4.7673999e-01	 +9.1445966e-04 -1.0907553e-04	 4.22e+07 Accepted	 704	 1759	
11	 4.8477526e-01	 -5.2808218e-05 +1.4252055e-04	 7.22e+04 Accepted	 711	 1775	
12	 4.9253929e-01	 -7.3669971e-04 +2.4970558e-04	 5.37e+05 Accepted	 716	 1788	
13	 4.9964602e-01	 +1.3142885e-04 -1.5260810e-03	 1.24e+05 Accepted	 724	 1806	
14	 5.0626140e-01	 +5.1926394e-04 +1.9185533e-03	 2.92e+04 Accepted	 725	 1803	
15	 5.1217497e-01	 -1.0174913e-04 -9.7773557e-05	 5.86e+03 Accepted	 731	 1827	
16	 5.1766089e-01	 +8.4879060e-04 -3.8870088e-04	 8.30e+02 Accepted	 733	 1813	
17	 5.2272346e-01	 +9.1403743e-06 -3.7978575e-04	 9.96e+02 Accepted	 736	 1821	
18	 5.2744007e-01	 -5.5402085e-04 -7.7428383e-04	 1.06e+03 Accepted	 738	 1833	
19	 5.3192729e-01	 +3.1314702e-04 +1.4652473e-03	 2.32e+02 Accepted	 742	 1807	
20	 5.3562827e-01	 -1.6242096e-03 -1.8439116e-04	 1.89e+02 Accepted	 734	 1795	
21	 5.3890245e-01	 -5.2573853e-04 -1.0800291e-03	 1.05e+03 Accepted	 728	 1794	
22	 5.4194463e-01	 -7.4049963e-04 +1.2768614e-03	 3.94e+01 Accepted	 726	 1790	
23	 5.4463103e-01	 +1.5340727e-03 -5.3893735e-04	 3.34e+01 Accepted	 729	 1771	
24	 5.4694508e-01	 -1.5479216e-03 -5.0800289e-04	 1.42e+01 Accepted	 725	 1791	
25	 5.4910561e-01	 -3.9679235e-04 +2.0144527e-03	 3.12e+01 Accepted	 722	 1747	
26	 5.5095090e-01	 +4.7527727e-04 +1.1848263e-03	 1.94e+01 Accepted	 720	 1734	
27	 5.5253807e-01	 -4.2526493e-04 -1.5875669e-03	 3.51e+00 Accepted	 714	 1746	
28	 5.5397062e-01	 -1.2355968e-03 -2.4631324e-04	 9.55e+00 Accepted	 719	 1758	
29	 5.5517010e-01	 -8.5062371e-05 +1.8496108e-05	 6.93e+00 Accepted	 709	 1707	
30	 5.5623967e-01	 +1.3137347e-03 +6.3298756e-04	 4.26e+00 Accepted	 693	 1650	
31	 5.5707703e-01	 +1.0335332e-03 +1.3249867e-03	 6.10e+00 Accepted	 694	 1712	
32	 5.5804656e-01	 -1.6443215e-04 +1.1497047e-03	 5.98e+00 Accepted	 695	 1674	
33	 5.5880862e-01	 -3.2663545e-04 +8.9349605e-04	 3.24e+00 Accepted	 688	 1647	
34	 5.5916652e-01	 +1.4262963e-03 +8.1563102e-04	 8.56e-01 Accepted	 672	 1631	
35	 5.5978819e-01	 -9.7612623e-04 +4.3587997e-04	 1.54e+00 Accepted	 679	 1673	
36	 5.6017868e-01	 -9.1856197e-04 +1.1307827e-04	 2.76e-01 Accepted	 681	 1659	
37	 5.6049616e-01	 -1.5017823e-03 -1.5729794e-03	 5.84e-01 Accepted	 682	 1652	
38	 5.6072006e-01	 -1.5570895e-03 +4.3729171e-04	 1.19e+00 Accepted	 689	 1672	
39	 5.6101722e-01	 -8.7887546e-04 +1.4575292e-03	 3.54e+00 Accepted	 681	 1649	
40	 5.6126076e-01	 -8.8120708e-04 -1.8772706e-03	 1.53e+00 Accepted	 672	 1657	
41	 5.6136115e-01	 -8.0305565e-04 -1.1367441e-03	 6.18e-01 Accepted	 672	 1649	
42	 5.6173344e-01	 -1.0088520e-03 +1.5229838e-03	 1.23e+00 Accepted	 670	 1638	
43	 5.6190938e-01	 -7.9396744e-04 -3.5633495e-04	 1.45e+00 Accepted	 661	 1623	
44	 5.6216442e-01	 +1.4269967e-03 +3.1254219e-04	 1.04e+00 Accepted	 650	 1556	
45	 5.6245946e-01	 +1.4938253e-03 -2.1226239e-04	 1.73e+00 Accepted	 632	 1521	
46	 5.6257117e-01	 +1.9869008e-03 -3.5521251e-04	 1.65e+00 Accepted	 630	 1574	
47	 5.6272382e-01	 +5.4970671e-04 -8.7434720e-05	 1.56e+00 Accepted	 634	 1556	
48	 5.6272382e-01	 +5.4970671e-04 -8.7434720e-05	 5.91e-01 Rejected	 636	 1540	
49	 5.6286847e-01	 +4.6689286e-04 -3.9582714e-04	 1.13e+00 Accepted	 659	 1655	
50	 5.6300272e-01	 -3.3645648e-04 -6.0749274e-04	 2.77e+00 Accepted	 651	 1603	
51	 5.6289858e-01	 -1.4314845e-03 -1.1449275e-03	 4.91e-01 Accepted	 634	 1567	
52	 5.6299193e-01	 +2.2983524e-03 -3.4526151e-04	 5.82e-01 Accepted	 621	 1524	
53	 5.6309544e-01	 -1.3619190e-03 +3.2504922e-04	 1.72e+00 Accepted	 618	 1544	
54	 5.6322861e-01	 +6.4300830e-04 -1.1341302e-03	 1.12e+00 Accepted	 629	 1526	
55	 5.6322861e-01	 +6.4300830e-04 -1.1341302e-03	 7.15e-01 Rejected	 645	 1589	
56	 5.6315256e-01	 +4.0694520e-04 +7.4437715e-04	 3.56e-01 Accepted	 646	 1553	
57	 5.6326146e-01	 +5.6416816e-04 -1.8561017e-03	 1.55e+00 Accepted	 649	 1570	
58	 5.6331445e-01	 -4.1983115e-04 +5.3376072e-04	 1.51e+00 Accepted	 668	 1664	
59	 5.6333552e-01	 -1.0710520e-03 +7.5738028e-04	 6.28e-01 Accepted	 682	 1562	
60	 5.6337759e-01	 +3.0527613e-04 -5.1199038e-04	 3.76e-01 Accepted	 649	 1537	
61	 5.6370574e-01	 +4.2036455e-04 -6.9581225e-04	 2.11e+00 Accepted	 652	 1550	
62	 5.6373907e-01	 -8.7701029e-04 +4.7726512e-04	 1.42e+00 Accepted	 645	 1509	
63	 5.6373907e-01	 -8.7701029e-04 +4.7726512e-04	 4.77e-01 Rejected	 643	 1542	
64	 5.6366957e-01	 -6.2245976e-07 -5.2156813e-04	 4.38e-01 Accepted	 640	 1548	
