# Starting_type: HotStart
# serial RNG seed: 	[17 11 84 60 7]
# parallel RNG seed:	[70 55 89 96 49]
# Trajectory_length / Number_of_MD_steps: 1 / 8
# 	 Plaquette	 Polyakov_Loop(re,im)	 Acc._Probability	 runtime_per_traj(s)	 CG_iterations	
1	 2.1921550e-01	 +2.0303050e-03 -2.2649657e-04	 5.02e+129 Accepted	 335	 972	
2	 3.0481289e-01	 +7.2943364e-04 +1.1571495e-03	 2.46e+66 Accepted	 461	 1245	
3	 3.4988686e-01	 +1.3860985e-03 +1.0997640e-05	 2.16e+38 Accepted	 530	 1396	
4	 3.7716357e-01	 -4.6958987e-04 +1.3504299e-04	 2.62e+24 Accepted	 571	 1481	
5	 3.9539189e-01	 -2.5809407e-04 +3.3203594e-04	 4.74e+16 Accepted	 597	 1544	
6	 4.0839834e-01	 +1.1440715e-03 -1.1562712e-03	 1.98e+11 Accepted	 614	 1581	
7	 4.1831742e-01	 -6.5588380e-05 -1.6587177e-03	 1.17e+09 Accepted	 626	 1611	
8	 4.2597405e-01	 +8.4924965e-04 -7.0394598e-04	 4.38e+06 Accepted	 635	 1636	
9	 4.3261686e-01	 -4.2112089e-04 +7.9415137e-05	 9.08e+05 Accepted	 645	 1657	
10	 4.3775420e-01	 -1.1155022e-03 -2.3904706e-04	 1.74e+05 Accepted	 649	 1672	
11	 4.4251929e-01	 +2.5620916e-04 -1.5768075e-03	 9.85e+02 Accepted	 656	 1689	
12	 4.4656471e-01	 -8.6859484e-04 -3.9251277e-04	 5.60e+01 Accepted	 657	 1698	
13	 4.5013545e-01	 +7.4204578e-04 -3.7511782e-04	 1.02e+02 Accepted	 662	 1709	
14	 4.5312095e-01	 -1.7524352e-04 -5.1469932e-05	 7.44e+01 Accepted	 667	 1716	
15	 4.5595871e-01	 +7.4678352e-04 -4.0542828e-04	 1.39e+02 Accepted	 668	 1726	
16	 4.5840197e-01	 +1.5404331e-04 +3.8152948e-04	 1.75e+02 Accepted	 671	 1734	
17	 4.6057871e-01	 +7.0573440e-04 -4.6453074e-04	 4.81e+01 Accepted	 676	 1739	
18	 4.6300592e-01	 -1.2686092e-03 +2.0755104e-03	 1.06e+02 Accepted	 676	 1752	
19	 4.6492992e-01	 -4.2696741e-04 +9.7818040e-04	 1.23e+01 Accepted	 684	 1748	
20	 4.6704015e-01	 -8.6675621e-04 -9.0550819e-04	 3.09e+00 Accepted	 684	 1749	
21	 4.6846128e-01	 -2.5835132e-03 -4.4022899e-04	 3.64e+00 Accepted	 685	 1755	
22	 4.7005266e-01	 +1.2449493e-03 -2.6555494e-04	 6.76e+00 Accepted	 686	 1762	
23	 4.7162346e-01	 -7.8996450e-04 +9.8941268e-05	 3.39e+00 Accepted	 689	 1772	
24	 4.7310740e-01	 -1.2074980e-03 -1.6752977e-04	 1.01e+01 Accepted	 688	 1765	
25	 4.7452417e-01	 -2.3521501e-03 +1.4657604e-03	 1.74e+00 Accepted	 688	 1769	
26	 4.7604908e-01	 +2.4252711e-04 +2.5855315e-04	 2.14e+01 Accepted	 692	 1774	
27	 4.7714601e-01	 +3.8232574e-04 +1.1113553e-03	 1.77e+00 Accepted	 693	 1775	
28	 4.7837481e-01	 -7.2082558e-04 -4.9351151e-04	 6.20e+00 Accepted	 697	 1782	
29	 4.7968041e-01	 -5.2926664e-04 -8.1530739e-04	 2.05e+00 Accepted	 703	 1782	
30	 4.8072301e-01	 +1.0986462e-03 +5.7215845e-05	 1.97e+00 Accepted	 699	 1791	
31	 4.8190607e-01	 -5.1059291e-04 -1.5360981e-03	 8.81e+00 Accepted	 706	 1781	
32	 4.8271107e-01	 +1.4650043e-03 -1.1029708e-04	 1.43e+00 Accepted	 712	 1807	
33	 4.8356542e-01	 +1.1683164e-03 +5.0213878e-04	 1.34e+00 Accepted	 714	 1797	
34	 4.8465458e-01	 -1.2506347e-03 -8.1083223e-04	 3.31e+00 Accepted	 713	 1796	
35	 4.8535732e-01	 +4.2654119e-06 -3.3341829e-05	 7.18e-01 Accepted	 713	 1792	
36	 4.8642297e-01	 -8.6927520e-04 +1.7250663e-03	 3.81e+00 Accepted	 712	 1798	
37	 4.8741785e-01	 +1.6236125e-03 -9.5995064e-04	 1.03e+00 Accepted	 710	 1793	
38	 4.8819421e-01	 -2.8795404e-04 -7.1935222e-04	 1.98e+00 Accepted	 715	 1795	
39	 4.8819421e-01	 -2.8795404e-04 -7.1935222e-04	 3.74e-01 Rejected	 719	 1807	
40	 4.8904700e-01	 -1.9259809e-03 -1.5330760e-03	 3.62e+00 Accepted	 708	 1798	
41	 4.8988253e-01	 +1.1583765e-03 +6.3031252e-04	 9.28e+00 Accepted	 709	 1812	
42	 4.8988253e-01	 +1.1583765e-03 +6.3031252e-04	 5.17e-01 Rejected	 712	 1795	
43	 4.9050757e-01	 -6.9725126e-04 -1.0186089e-03	 1.82e+00 Accepted	 715	 1813	
44	 4.9050757e-01	 -6.9725126e-04 -1.0186089e-03	 4.74e-01 Rejected	 713	 1806	
45	 4.9136073e-01	 -3.4227357e-04 +2.8053047e-04	 3.59e-01 Accepted	 712	 1805	
46	 4.9208273e-01	 +3.6720280e-05 -4.2280142e-04	 8.16e-01 Accepted	 710	 1798	
47	 4.9269643e-01	 -1.0990252e-03 +1.0191479e-03	 2.22e+00 Accepted	 709	 1802	
48	 4.9337209e-01	 -1.2252130e-03 +1.2180579e-03	 3.61e+00 Accepted	 707	 1807	
49	 4.9416486e-01	 -2.1671856e-04 +2.4570349e-04	 2.06e+00 Accepted	 710	 1811	
50	 4.9416486e-01	 -2.1671856e-04 +2.4570349e-04	 3.40e-01 Rejected	 710	 1815	
51	 4.9496350e-01	 +1.2757993e-04 +7.9970490e-04	 3.34e+00 Accepted	 705	 1819	
52	 4.9559626e-01	 +1.0237998e-03 -7.1805668e-04	 9.05e-01 Accepted	 714	 1808	
53	 4.9610010e-01	 +1.3645369e-04 +1.3130202e-03	 1.86e+00 Accepted	 712	 1842	
54	 4.9665926e-01	 -1.2560497e-03 -2.3925999e-04	 9.90e-01 Accepted	 716	 1799	
55	 4.9665926e-01	 -1.2560497e-03 -2.3925999e-04	 2.33e-01 Rejected	 709	 1822	
56	 4.9709043e-01	 -1.5782078e-04 +3.7066887e-04	 1.11e+00 Accepted	 706	 1800	
57	 4.9770890e-01	 -2.8591594e-04 -9.2914863e-04	 4.56e-01 Accepted	 704	 1806	
58	 4.9770890e-01	 -2.8591594e-04 -9.2914863e-04	 3.97e-01 Rejected	 708	 1817	
59	 4.9845770e-01	 -1.1956594e-03 -8.1905141e-04	 1.92e+00 Accepted	 710	 1823	
60	 4.9912172e-01	 -9.4749057e-04 +7.1487582e-04	 3.77e+00 Accepted	 711	 1811	
61	 4.9912172e-01	 -9.4749057e-04 +7.1487582e-04	 5.58e-01 Rejected	 706	 1815	
62	 4.9912172e-01	 -9.4749057e-04 +7.1487582e-04	 4.67e-01 Rejected	 709	 1809	
63	 4.9971804e-01	 +1.6671660e-04 -1.5836174e-03	 1.25e+00 Accepted	 709	 1808	
# Starting_type: CheckpointStart
# Trajectory_length / Number_of_MD_steps: 1 / 8
# 	 Plaquette	 Polyakov_Loop(re,im)	 Acc._Probability	 runtime_per_traj(s)	 CG_iterations	
63	 4.9971804e-01	 +1.6671660e-04 -1.5836174e-03	 1.25e+00 Accepted	 1041	 1807	
64	 5.0020613e-01	 +6.8593219e-04 +1.3945016e-03	 1.22e+00 Accepted	 1041	 1820	
65	 5.0020613e-01	 +6.8593219e-04 +1.3945016e-03	 5.53e-01 Rejected	 1039	 1808	
66	 5.0076787e-01	 +3.6197140e-04 -1.3369074e-03	 7.72e-01 Accepted	 1049	 1818	
67	 5.0120338e-01	 -8.0616993e-04 +4.6614072e-04	 6.37e-01 Accepted	 1049	 1814	
68	 5.0163380e-01	 +2.5320044e-04 +4.3836836e-04	 2.42e-01 Accepted	 1056	 1815	
69	 5.0200254e-01	 -1.9074915e-03 -7.3044510e-04	 3.73e+00 Accepted	 1056	 1819	
70	 5.0226162e-01	 -8.0602830e-04 +4.8123687e-04	 1.91e+00 Accepted	 1053	 1809	
71	 5.0276597e-01	 +1.8145665e-03 -2.2269787e-03	 6.14e-01 Accepted	 1047	 1808	
72	 5.0321379e-01	 +1.2106015e-03 +9.9394180e-04	 3.33e+00 Accepted	 1050	 1810	
73	 5.0321379e-01	 +1.2106015e-03 +9.9394180e-04	 2.24e-01 Rejected	 1047	 1813	
74	 5.0341169e-01	 +9.3109100e-05 -8.1166246e-04	 1.08e+00 Accepted	 1045	 1816	
75	 5.0356961e-01	 +3.3436017e-04 -1.1984598e-03	 5.45e+00 Accepted	 1050	 1824	
76	 5.0405132e-01	 -6.8100091e-04 +7.0139994e-04	 2.03e+00 Accepted	 1054	 1808	
77	 5.0405132e-01	 -6.8100091e-04 +7.0139994e-04	 1.01e-01 Rejected	 1050	 1825	
78	 5.0405132e-01	 -6.8100091e-04 +7.0139994e-04	 2.31e-01 Rejected	 1045	 1823	
79	 5.0436011e-01	 -6.1586922e-04 -8.0303632e-04	 3.82e-01 Accepted	 1043	 1810	
80	 5.0510342e-01	 +5.6297819e-04 -3.8711368e-04	 1.69e+00 Accepted	 1046	 1802	
81	 5.0545283e-01	 +3.0237467e-04 -3.7574022e-04	 2.81e+00 Accepted	 1049	 1824	
82	 5.0545283e-01	 +3.0237467e-04 -3.7574022e-04	 4.31e-01 Rejected	 1046	 1800	
83	 5.0599554e-01	 -4.4020117e-04 +6.8698611e-04	 7.75e-01 Accepted	 1047	 1822	
84	 5.0599554e-01	 -4.4020117e-04 +6.8698611e-04	 7.53e-01 Rejected	 1051	 1811	
85	 5.0599554e-01	 -4.4020117e-04 +6.8698611e-04	 4.75e-01 Rejected	 1049	 1833	
86	 5.0631423e-01	 -1.5319555e-03 -4.3215005e-04	 1.17e+00 Accepted	 1049	 1823	
87	 5.0655598e-01	 -5.3873018e-04 -6.1794634e-04	 6.97e-01 Accepted	 1049	 1795	
88	 5.0665411e-01	 -1.0811075e-04 -5.5388632e-04	 1.99e-01 Accepted	 1044	 1809	
89	 5.0691558e-01	 +8.0617468e-04 -1.2484063e-03	 1.11e+00 Accepted	 1047	 1808	
90	 5.0733369e-01	 +1.9762706e-04 +6.9718727e-04	 1.52e+00 Accepted	 1061	 1806	
91	 5.0733369e-01	 +1.9762706e-04 +6.9718727e-04	 1.38e-01 Rejected	 1060	 1805	
92	 5.0756490e-01	 -1.2721543e-03 +7.6761406e-04	 6.52e-01 Accepted	 1061	 1824	
93	 5.0756490e-01	 -1.2721543e-03 +7.6761406e-04	 5.27e-01 Rejected	 1062	 1826	
94	 5.0798838e-01	 -6.7522639e-04 -1.2789167e-03	 4.83e+00 Accepted	 1063	 1817	
95	 5.0829805e-01	 +2.0140975e-04 +6.6045800e-04	 7.84e-01 Accepted	 1060	 1833	
96	 5.0835090e-01	 -6.9688519e-04 +4.5324526e-04	 1.46e+00 Accepted	 1066	 1823	
97	 5.0866942e-01	 +8.1673994e-04 +1.0039514e-03	 6.84e-01 Accepted	 1064	 1816	
98	 5.0900804e-01	 -2.5742413e-03 +1.2524072e-03	 9.88e-01 Accepted	 1065	 1827	
99	 5.0922392e-01	 +1.8262307e-03 +5.2187345e-04	 2.71e+00 Accepted	 1062	 1801	
100	 5.0952639e-01	 -2.6050781e-04 -3.6568953e-04	 2.82e+00 Accepted	 1059	 1810	
101	 5.0977533e-01	 -3.0897309e-04 -2.5670050e-03	 6.08e-01 Accepted	 1063	 1795	
102	 5.0990665e-01	 -5.1710874e-04 +2.2910302e-03	 5.37e-01 Accepted	 1054	 1802	
103	 5.1018233e-01	 +2.7217987e-04 +1.6071086e-03	 1.96e+00 Accepted	 1056	 1814	
# Starting_type: CheckpointStart
# Trajectory_length / Number_of_MD_steps: 1 / 8
# 	 Plaquette	 Polyakov_Loop(re,im)	 Acc._Probability	 runtime_per_traj(s)	 CG_iterations	
103	 5.1018233e-01	 +2.7217987e-04 +1.6071086e-03	 1.96e+00 Accepted	 715	 1814	
104	 5.1016543e-01	 -7.3808106e-04 +1.2150396e-03	 2.68e-01 Accepted	 719	 1827	
105	 5.1016543e-01	 -7.3808106e-04 +1.2150396e-03	 5.54e-01 Rejected	 718	 1847	
106	 5.1016543e-01	 -7.3808106e-04 +1.2150396e-03	 3.43e-01 Rejected	 719	 1810	
107	 5.1016543e-01	 -7.3808106e-04 +1.2150396e-03	 8.10e-01 Rejected	 717	 1815	
108	 5.1021038e-01	 +6.4742069e-04 -4.2060281e-04	 6.35e-01 Accepted	 716	 1834	
109	 5.1039054e-01	 -4.7033794e-04 +1.3849579e-03	 1.15e+00 Accepted	 716	 1799	
110	 5.1065377e-01	 -8.5811522e-04 -2.9322437e-03	 2.31e+00 Accepted	 714	 1810	
111	 5.1092025e-01	 +6.7106316e-04 -7.3076635e-05	 7.67e-01 Accepted	 717	 1830	
112	 5.1123305e-01	 +1.0906982e-03 +1.2202074e-03	 3.49e+00 Accepted	 710	 1794	
113	 5.1138433e-01	 +1.3792478e-03 +3.1238175e-03	 1.26e+00 Accepted	 708	 1813	
114	 5.1164834e-01	 +2.3945803e-03 +3.9489736e-04	 8.11e-01 Accepted	 714	 1810	
115	 5.1184069e-01	 +1.4680011e-04 +5.8461019e-04	 5.36e-01 Accepted	 714	 1821	
116	 5.1197191e-01	 +3.0143767e-04 -1.0219152e-03	 1.45e+00 Accepted	 713	 1821	
117	 5.1225119e-01	 +9.4473199e-04 -9.0496721e-04	 3.50e+00 Accepted	 715	 1808	
118	 5.1255848e-01	 +1.7076042e-04 -5.7999811e-04	 3.86e+00 Accepted	 715	 1808	
119	 5.1275425e-01	 +2.5569159e-05 -1.8006947e-03	 9.41e-01 Accepted	 715	 1849	
120	 5.1275425e-01	 +2.5569159e-05 -1.8006947e-03	 5.15e-01 Rejected	 721	 1829	
121	 5.1275425e-01	 +2.5569159e-05 -1.8006947e-03	 1.67e-01 Rejected	 724	 1829	
122	 5.1275425e-01	 +2.5569159e-05 -1.8006947e-03	 1.34e-01 Rejected	 717	 1788	
123	 5.1280855e-01	 -7.7188663e-04 -1.2958715e-03	 7.07e-01 Accepted	 723	 1813	
124	 5.1298430e-01	 -2.1382928e-03 -3.7880239e-04	 1.49e+00 Accepted	 717	 1827	
125	 5.1305306e-01	 +9.9087718e-04 +2.9761443e-04	 1.27e+00 Accepted	 725	 1818	
126	 5.1305306e-01	 +9.9087718e-04 +2.9761443e-04	 7.82e-01 Rejected	 716	 1871	
127	 5.1317406e-01	 -5.7032890e-04 +1.2119283e-03	 1.76e+00 Accepted	 720	 1825	
128	 5.1303560e-01	 -4.9381002e-04 +7.0982630e-05	 1.41e+00 Accepted	 716	 1810	
129	 5.1290571e-01	 +6.6519601e-05 -3.3393863e-04	 6.34e-01 Accepted	 710	 1809	
130	 5.1301491e-01	 +7.2926659e-04 +5.9309609e-04	 4.88e-01 Accepted	 716	 1806	
131	 5.1301491e-01	 +7.2926659e-04 +5.9309609e-04	 3.44e-01 Rejected	 712	 1814	
132	 5.1312607e-01	 -2.8409359e-05 -1.3008676e-03	 6.84e-01 Accepted	 715	 1813	
133	 5.1329279e-01	 +1.5673729e-03 -3.8551562e-04	 1.26e+00 Accepted	 715	 1837	
134	 5.1342640e-01	 -4.5473407e-04 +1.2343638e-03	 1.10e+00 Accepted	 715	 1790	
135	 5.1360797e-01	 +3.5481970e-04 -5.8626976e-04	 1.56e+00 Accepted	 710	 1812	
136	 5.1378345e-01	 -9.8059573e-04 +1.5744720e-04	 1.62e+00 Accepted	 715	 1806	
137	 5.1363171e-01	 -5.3444346e-04 -4.3754394e-04	 1.37e+00 Accepted	 711	 1792	
138	 5.1363171e-01	 -5.3444346e-04 -4.3754394e-04	 8.44e-01 Rejected	 709	 1803	
139	 5.1374230e-01	 -1.2271691e-03 +1.3988353e-03	 1.38e+00 Accepted	 707	 1813	
140	 5.1394285e-01	 -1.2323052e-03 -1.2705716e-03	 2.14e+00 Accepted	 711	 1797	
141	 5.1417899e-01	 -1.1209673e-05 +1.5067885e-04	 1.60e+00 Accepted	 713	 1821	
142	 5.1429255e-01	 +3.4644832e-04 -1.6757824e-04	 7.52e-01 Accepted	 710	 1817	
143	 5.1429255e-01	 +3.4644832e-04 -1.6757824e-04	 7.21e-01 Rejected	 711	 1805	
144	 5.1423144e-01	 -1.3457067e-04 -6.0221494e-05	 2.61e-01 Accepted	 713	 1803	
145	 5.1423144e-01	 -1.3457067e-04 -6.0221494e-05	 6.92e-01 Rejected	 711	 1794	
146	 5.1423144e-01	 -1.3457067e-04 -6.0221494e-05	 1.98e-01 Rejected	 711	 1811	
147	 5.1449083e-01	 -2.5268091e-04 -2.2131047e-04	 1.64e+00 Accepted	 717	 1823	
148	 5.1479172e-01	 +3.2144871e-05 -1.9803098e-03	 2.76e-01 Accepted	 712	 1829	
149	 5.1513503e-01	 +1.4636234e-03 +4.4478912e-04	 3.52e+00 Accepted	 718	 1809	
150	 5.1513503e-01	 +1.4636234e-03 +4.4478912e-04	 3.94e-01 Rejected	 714	 1822	
151	 5.1500895e-01	 +1.2931481e-03 +4.0788733e-04	 1.06e+00 Accepted	 714	 1825	
152	 5.1516150e-01	 +1.8313559e-03 -7.9042198e-05	 8.50e-01 Accepted	 709	 1795	
153	 5.1505192e-01	 -2.2325595e-03 -2.3772649e-04	 4.53e-01 Accepted	 709	 1802	
154	 5.1494174e-01	 -7.3127800e-04 +1.2731073e-03	 8.59e-01 Accepted	 713	 1797	
155	 5.1494174e-01	 -7.3127800e-04 +1.2731073e-03	 4.99e-01 Rejected	 711	 1806	
156	 5.1476887e-01	 -3.5904679e-04 +9.3174022e-05	 2.21e-01 Accepted	 708	 1798	
157	 5.1482735e-01	 -1.7890584e-03 +1.4939544e-03	 2.30e+00 Accepted	 714	 1810	
158	 5.1482735e-01	 -1.7890584e-03 +1.4939544e-03	 6.97e-01 Rejected	 713	 1795	
159	 5.1490762e-01	 -3.1951139e-04 +1.0090909e-03	 7.98e-01 Accepted	 712	 1796	
160	 5.1476714e-01	 -2.9113909e-04 +6.7269096e-04	 5.96e-01 Accepted	 711	 1810	
161	 5.1488355e-01	 -1.1775144e-04 -3.4123037e-04	 1.52e+00 Accepted	 715	 1801	
162	 5.1493383e-01	 -9.1131238e-04 -6.1561953e-04	 4.01e-01 Accepted	 716	 1818	
# Starting_type: CheckpointStart
# Trajectory_length / Number_of_MD_steps: 1 / 8
# 	 Plaquette	 Polyakov_Loop(re,im)	 Acc._Probability	 runtime_per_traj(s)	 CG_iterations	
163	 5.1488752e-01	 +2.5860625e-04 -3.7566991e-04	 5.60e-01 Accepted	 751	 1800	
164	 5.1488872e-01	 +4.9172622e-04 +5.5667560e-04	 1.08e+00 Accepted	 743	 1809	
165	 5.1473238e-01	 +1.1496575e-03 +7.8593391e-04	 2.23e+00 Accepted	 737	 1826	
166	 5.1473238e-01	 +1.1496575e-03 +7.8593391e-04	 5.54e-01 Rejected	 739	 1803	
167	 5.1489944e-01	 -4.0279098e-04 -1.2043190e-04	 7.89e-01 Accepted	 742	 1812	
168	 5.1501139e-01	 -3.9324886e-04 -1.2655947e-03	 6.53e-01 Accepted	 745	 1825	
169	 5.1504914e-01	 +2.3899415e-03 -7.9569775e-04	 1.39e+00 Accepted	 739	 1800	
170	 5.1516723e-01	 -1.2634484e-07 +1.4286747e-04	 7.04e-01 Accepted	 742	 1795	
171	 5.1489305e-01	 -2.9897824e-04 +2.6855639e-04	 1.62e+00 Accepted	 741	 1801	
172	 5.1496358e-01	 -1.1331899e-03 -7.2449245e-04	 5.56e-01 Accepted	 733	 1791	
173	 5.1512202e-01	 +6.2053887e-04 -3.8114761e-04	 9.98e-01 Accepted	 731	 1793	
174	 5.1539560e-01	 -2.0161271e-03 -2.2674866e-04	 1.81e+00 Accepted	 735	 1793	
175	 5.1539560e-01	 -2.0161271e-03 -2.2674866e-04	 1.60e-01 Rejected	 741	 1818	
176	 5.1564993e-01	 -1.4606331e-04 +5.5110298e-04	 1.06e+00 Accepted	 738	 1817	
177	 5.1564993e-01	 -1.4606331e-04 +5.5110298e-04	 1.21e-01 Rejected	 747	 1840	
178	 5.1564993e-01	 -1.4606331e-04 +5.5110298e-04	 6.23e-01 Rejected	 747	 1793	
179	 5.1563578e-01	 -1.8352739e-05 +3.9482485e-04	 1.47e+00 Accepted	 740	 1797	
180	 5.1563578e-01	 -1.8352739e-05 +3.9482485e-04	 6.56e-01 Rejected	 740	 1799	
181	 5.1581215e-01	 +1.0960374e-03 -9.3495055e-04	 6.12e-01 Accepted	 735	 1792	
182	 5.1589255e-01	 +1.2267940e-03 -3.0214962e-04	 6.49e-01 Accepted	 742	 1796	
183	 5.1589255e-01	 +1.2267940e-03 -3.0214962e-04	 4.68e-01 Rejected	 747	 1844	
184	 5.1592947e-01	 -3.4991137e-04 -9.6248196e-04	 1.09e+00 Accepted	 742	 1818	
185	 5.1593755e-01	 -8.6235118e-05 +1.3097983e-03	 1.34e+00 Accepted	 741	 1788	
186	 5.1593755e-01	 -8.6235118e-05 +1.3097983e-03	 7.54e-01 Rejected	 739	 1788	
187	 5.1593755e-01	 -8.6235118e-05 +1.3097983e-03	 7.95e-01 Rejected	 739	 1829	
188	 5.1582528e-01	 +6.0165025e-04 +9.8386383e-04	 3.53e-01 Accepted	 742	 1838	
189	 5.1588973e-01	 -2.2026631e-04 +1.0282184e-03	 1.20e+00 Accepted	 741	 1784	
190	 5.1582286e-01	 -1.0649734e-03 -1.1523344e-03	 2.21e+00 Accepted	 739	 1808	
191	 5.1582286e-01	 -1.0649734e-03 -1.1523344e-03	 3.40e-01 Rejected	 740	 1793	
192	 5.1598515e-01	 -2.0445251e-04 +8.8689207e-04	 3.26e+00 Accepted	 743	 1798	
193	 5.1608911e-01	 +1.8274943e-03 +2.0225757e-04	 4.94e-01 Accepted	 740	 1782	
194	 5.1598139e-01	 -1.1861856e-03 -5.1825686e-04	 3.67e-01 Accepted	 736	 1815	
195	 5.1598139e-01	 -1.1861856e-03 -5.1825686e-04	 4.16e-01 Rejected	 744	 1796	
196	 5.1602878e-01	 +1.4577404e-03 +1.6719877e-04	 2.36e-01 Accepted	 739	 1791	
197	 5.1609935e-01	 +3.3590953e-04 +2.2449695e-04	 4.51e-01 Accepted	 739	 1797	
198	 5.1609935e-01	 +3.3590953e-04 +2.2449695e-04	 4.87e-01 Rejected	 735	 1790	
199	 5.1609935e-01	 +3.3590953e-04 +2.2449695e-04	 2.63e-01 Rejected	 736	 1793	
200	 5.1620338e-01	 -8.2362556e-04 -1.3151812e-04	 2.33e+00 Accepted	 739	 1811	
201	 5.1644884e-01	 +1.9757225e-03 -3.4731042e-05	 8.51e-01 Accepted	 737	 1802	
202	 5.1644884e-01	 +1.9757225e-03 -3.4731042e-05	 4.66e-01 Rejected	 738	 1778	
203	 5.1644884e-01	 +1.9757225e-03 -3.4731042e-05	 2.79e-01 Rejected	 739	 1815	
204	 5.1644884e-01	 +1.9757225e-03 -3.4731042e-05	 4.85e-01 Rejected	 745	 1794	
205	 5.1644884e-01	 +1.9757225e-03 -3.4731042e-05	 3.55e-01 Rejected	 736	 1810	
206	 5.1635030e-01	 -2.0360881e-03 +1.1324715e-04	 6.38e-01 Accepted	 736	 1791	
207	 5.1622198e-01	 -1.4900747e-03 -1.8734166e-03	 1.03e+00 Accepted	 738	 1797	
208	 5.1632851e-01	 +6.5030955e-04 +1.9708206e-04	 2.18e+00 Accepted	 737	 1822	
209	 5.1639524e-01	 -5.3833070e-04 +1.9508041e-03	 1.65e+00 Accepted	 738	 1815	
210	 5.1633890e-01	 -1.4253344e-04 -1.2752789e-03	 2.30e+00 Accepted	 739	 1807	
211	 5.1658610e-01	 +7.2889023e-04 -3.6586315e-04	 2.27e+00 Accepted	 741	 1825	
212	 5.1667398e-01	 -2.4110437e-04 +3.5421671e-04	 1.41e+00 Accepted	 741	 1807	
213	 5.1667398e-01	 -2.4110437e-04 +3.5421671e-04	 5.93e-01 Rejected	 744	 1818	
214	 5.1679648e-01	 -5.7765762e-05 -3.6479733e-04	 4.19e-01 Accepted	 737	 1819	
215	 5.1660837e-01	 +1.4238981e-03 +3.5263150e-04	 1.07e+00 Accepted	 745	 1808	
216	 5.1640776e-01	 +9.5792025e-04 -2.0156953e-04	 1.99e-01 Accepted	 728	 1805	
217	 5.1645756e-01	 +5.4401323e-04 -1.4408162e-03	 4.17e-01 Accepted	 730	 1802	
218	 5.1645756e-01	 +5.4401323e-04 -1.4408162e-03	 3.76e-01 Rejected	 720	 1813	
219	 5.1624397e-01	 +3.5090566e-05 -1.0448424e-04	 7.33e-01 Accepted	 702	 1817	
220	 5.1631518e-01	 -2.7248527e-03 +8.1993127e-04	 1.21e+00 Accepted	 710	 1858	
