# Starting_type: HotStart
# serial RNG seed: 	[46 59 90 3 9]
# parallel RNG seed:	[68 21 60 27 86]
# Trajectory_length / Number_of_MD_steps: 1 / 8
# 	 Plaquette	 Polyakov_Loop(re,im)	 Acc._Probability	 runtime_per_traj(s)	 CG_iterations	
1	 2.3174936e-01	 -6.9442394e-05 -5.4511347e-04	 2.32e+163 Accepted	 349	 1009	
2	 3.3086148e-01	 -1.6852717e-03 +1.1561898e-03	 9.15e+94 Accepted	 495	 1330	
3	 3.8833696e-01	 +1.1412268e-03 +2.0612675e-04	 2.68e+61 Accepted	 582	 1513	
4	 4.2766319e-01	 +1.6046823e-04 -4.1599181e-04	 9.27e+41 Accepted	 632	 1626	
5	 4.5801105e-01	 -1.0953262e-03 -4.9389528e-05	 4.05e+32 Accepted	 667	 1703	
6	 4.8300425e-01	 +1.2669258e-03 +1.7064030e-03	 8.50e+24 Accepted	 693	 1757	
7	 5.0449110e-01	 -6.5790645e-04 +6.2542476e-04	 2.39e+20 Accepted	 704	 1784	
8	 5.2307780e-01	 +1.5688615e-03 -9.3936676e-04	 4.07e+17 Accepted	 718	 1809	
9	 5.3934688e-01	 +3.5675751e-04 -2.0275532e-05	 1.39e+14 Accepted	 723	 1808	
10	 5.5325721e-01	 +1.0802689e-04 -2.7973878e-04	 1.93e+12 Accepted	 720	 1806	
11	 5.6496811e-01	 +1.3482007e-03 +1.4709026e-03	 2.45e+09 Accepted	 728	 1819	
12	 5.7426088e-01	 -6.7960417e-04 +1.9440286e-03	 1.70e+07 Accepted	 726	 1813	
13	 5.8190099e-01	 +1.3515154e-03 -9.5331302e-04	 3.51e+06 Accepted	 714	 1744	
14	 5.8767297e-01	 +1.3505146e-03 -2.1525503e-04	 2.68e+04 Accepted	 698	 1730	
15	 5.9229450e-01	 -9.4526582e-04 -2.7502577e-04	 6.27e+03 Accepted	 697	 1748	
16	 5.9590716e-01	 +1.1533718e-03 +8.3910809e-05	 6.90e+02 Accepted	 701	 1721	
17	 5.9858822e-01	 +6.4581485e-04 +1.0334333e-03	 1.60e+02 Accepted	 689	 1700	
18	 6.0105901e-01	 -2.7682898e-04 +4.8247233e-05	 5.74e+01 Accepted	 682	 1683	
19	 6.0273538e-01	 +9.0632424e-04 +1.3749811e-03	 1.97e+01 Accepted	 666	 1618	
20	 6.0396765e-01	 +7.8934719e-04 -5.6120951e-04	 1.84e+00 Accepted	 662	 1633	
21	 6.0505586e-01	 +2.3737039e-03 -7.4172955e-04	 3.69e+00 Accepted	 661	 1617	
22	 6.0615799e-01	 +9.6302321e-04 +4.7416088e-06	 2.76e+01 Accepted	 657	 1623	
23	 6.0698541e-01	 -2.9606571e-04 -4.1408297e-04	 7.25e+00 Accepted	 660	 1618	
24	 6.0743795e-01	 -9.1750903e-04 +1.4261472e-04	 2.03e+00 Accepted	 654	 1620	
25	 6.0778100e-01	 -7.3703543e-04 +1.9067752e-04	 7.89e-01 Accepted	 655	 1592	
26	 6.0820717e-01	 -1.2670028e-03 -9.9928183e-05	 1.50e+00 Accepted	 648	 1587	
27	 6.0859861e-01	 -6.6988854e-04 -3.4786011e-04	 1.20e+00 Accepted	 649	 1619	
28	 6.0896864e-01	 -3.5531425e-04 -2.5839250e-06	 1.08e+00 Accepted	 656	 1551	
29	 6.0934003e-01	 +7.4753919e-04 +7.7448212e-04	 2.40e+00 Accepted	 633	 1540	
30	 6.0944621e-01	 -8.7828566e-05 +9.9372723e-04	 9.27e-01 Accepted	 621	 1535	
31	 6.0944621e-01	 -8.7828566e-05 +9.9372723e-04	 7.00e-01 Rejected	 622	 1569	
32	 6.0955836e-01	 -1.9548950e-03 -8.6365885e-04	 2.06e+00 Accepted	 623	 1499	
33	 6.0962865e-01	 +3.0859996e-04 +8.6746558e-05	 8.53e-01 Accepted	 602	 1474	
34	 6.0967821e-01	 +3.9092570e-04 -2.1057972e-03	 7.37e-01 Accepted	 603	 1514	
35	 6.0992623e-01	 +6.3912262e-08 +8.9767543e-04	 6.17e-01 Accepted	 618	 1504	
36	 6.0980029e-01	 +5.1910749e-05 -6.0209434e-04	 1.42e+00 Accepted	 615	 1487	
37	 6.1008066e-01	 +2.8918766e-04 -3.9339619e-04	 3.91e+00 Accepted	 606	 1504	
38	 6.1013502e-01	 -1.0948142e-03 +5.9897230e-04	 1.17e+00 Accepted	 601	 1445	
39	 6.1012790e-01	 +3.1633230e-04 +1.1213146e-03	 7.57e-01 Accepted	 593	 1429	
40	 6.1028387e-01	 +7.2815040e-05 -3.5702241e-04	 1.56e+00 Accepted	 597	 1453	
41	 6.1024789e-01	 +6.1728438e-04 -9.9126569e-05	 6.98e-01 Accepted	 607	 1483	
42	 6.1042226e-01	 -3.9155198e-04 -9.1062471e-04	 2.44e+00 Accepted	 602	 1496	
43	 6.1039319e-01	 -2.2009673e-03 -1.6984867e-04	 9.75e-01 Accepted	 609	 1476	
44	 6.1020926e-01	 -1.4538744e-04 -7.8871962e-04	 1.13e+00 Accepted	 608	 1502	
45	 6.1028864e-01	 +8.3584286e-04 -1.2573148e-03	 1.10e+00 Accepted	 623	 1539	
46	 6.1038673e-01	 -4.4023994e-04 +6.2309740e-04	 9.14e-01 Accepted	 600	 1403	
47	 6.1059622e-01	 +9.3603913e-04 -3.6021639e-05	 2.16e+00 Accepted	 581	 1406	
48	 6.1063295e-01	 +1.1696969e-03 -2.3692299e-03	 1.33e+00 Accepted	 589	 1494	
49	 6.1064938e-01	 +7.4748743e-04 +1.6051057e-03	 6.98e-01 Accepted	 584	 1399	
50	 6.1061890e-01	 -1.3591862e-03 +1.0442826e-03	 1.45e+00 Accepted	 572	 1398	
51	 6.1066230e-01	 +1.2772572e-04 -1.2903279e-03	 8.90e-01 Accepted	 564	 1394	
52	 6.1076168e-01	 -5.0632259e-04 +1.7269961e-03	 1.89e+00 Accepted	 556	 1402	
53	 6.1073379e-01	 +9.6606359e-04 -5.2152305e-04	 8.93e-01 Accepted	 564	 1412	
54	 6.1081495e-01	 -9.2986080e-04 +6.4546375e-04	 2.47e+00 Accepted	 561	 1401	
55	 6.1089206e-01	 +1.1941343e-03 -1.2893863e-03	 6.34e-01 Accepted	 559	 1398	
56	 6.1093586e-01	 +2.8434878e-05 -5.4067333e-04	 1.48e+00 Accepted	 564	 1394	
57	 6.1110981e-01	 -3.6648244e-04 +1.8808743e-03	 1.09e+00 Accepted	 582	 1393	
58	 6.1110981e-01	 -3.6648244e-04 +1.8808743e-03	 5.57e-01 Rejected	 582	 1415	
59	 6.1110981e-01	 -3.6648244e-04 +1.8808743e-03	 4.37e-01 Rejected	 581	 1402	
60	 6.1110981e-01	 -3.6648244e-04 +1.8808743e-03	 4.98e-01 Rejected	 585	 1471	
61	 6.1110981e-01	 -3.6648244e-04 +1.8808743e-03	 4.72e-01 Rejected	 580	 1396	
62	 6.1110981e-01	 -3.6648244e-04 +1.8808743e-03	 3.99e-01 Rejected	 583	 1394	
63	 6.1110304e-01	 -8.6457937e-04 -3.9436846e-06	 1.15e+00 Accepted	 585	 1442	
64	 6.1110304e-01	 -8.6457937e-04 -3.9436846e-06	 5.59e-01 Rejected	 586	 1407	
65	 6.1110304e-01	 -8.6457937e-04 -3.9436846e-06	 5.17e-01 Rejected	 588	 1425	
66	 6.1110304e-01	 -8.6457937e-04 -3.9436846e-06	 4.74e-01 Rejected	 584	 1398	
67	 6.1108874e-01	 +3.8966742e-04 -1.5409358e-04	 6.27e-01 Accepted	 588	 1433	
68	 6.1097948e-01	 -1.2131560e-03 -3.8551937e-04	 1.51e+00 Accepted	 585	 1397	
69	 6.1097948e-01	 -1.2131560e-03 -3.8551937e-04	 6.36e-01 Rejected	 554	 1397	
# Starting_type: CheckpointStart
# Trajectory_length / Number_of_MD_steps: 1 / 8
# 	 Plaquette	 Polyakov_Loop(re,im)	 Acc._Probability	 runtime_per_traj(s)	 CG_iterations	
69	 6.1097948e-01	 -1.2131560e-03 -3.8551937e-04	 6.36e-01 Rejected	 823	 1397	
70	 6.1103714e-01	 +8.8235472e-04 +2.6514067e-04	 2.07e+00 Accepted	 826	 1393	
71	 6.1104065e-01	 -1.6090370e-04 -3.4174772e-04	 4.68e-01 Accepted	 826	 1393	
72	 6.1105870e-01	 +1.4829064e-03 -6.9211087e-04	 1.45e+00 Accepted	 816	 1396	
73	 6.1095288e-01	 -1.6658470e-03 +1.0953734e-03	 4.64e-01 Accepted	 815	 1391	
74	 6.1101292e-01	 +1.6422031e-03 -1.2079879e-03	 7.32e-01 Accepted	 821	 1399	
75	 6.1101930e-01	 +4.5530751e-04 +8.9477391e-04	 1.40e+00 Accepted	 819	 1401	
76	 6.1101930e-01	 +4.5530751e-04 +8.9477391e-04	 5.97e-01 Rejected	 823	 1392	
77	 6.1104372e-01	 +3.0795059e-03 -8.0552136e-04	 1.04e+00 Accepted	 821	 1390	
78	 6.1117723e-01	 -8.2206641e-05 +1.0742735e-04	 1.42e+00 Accepted	 823	 1391	
79	 6.1113332e-01	 -1.3024955e-04 +8.9294431e-04	 8.45e-01 Accepted	 823	 1399	
80	 6.1118998e-01	 +2.4153839e-04 -2.6678000e-04	 9.79e-01 Accepted	 828	 1430	
81	 6.1124866e-01	 -1.0249037e-04 -1.2270097e-03	 7.63e-01 Accepted	 852	 1452	
82	 6.1124866e-01	 -1.0249037e-04 -1.2270097e-03	 4.17e-01 Rejected	 864	 1425	
83	 6.1124866e-01	 -1.0249037e-04 -1.2270097e-03	 3.67e-01 Rejected	 862	 1489	
84	 6.1116194e-01	 +1.7527210e-03 -1.1071927e-03	 2.47e+00 Accepted	 859	 1432	
85	 6.1131396e-01	 -9.8271791e-04 +5.4898035e-04	 1.21e+00 Accepted	 836	 1398	
86	 6.1131396e-01	 -9.8271791e-04 +5.4898035e-04	 5.41e-01 Rejected	 824	 1395	
87	 6.1131396e-01	 -9.8271791e-04 +5.4898035e-04	 3.53e-01 Rejected	 822	 1394	
88	 6.1131396e-01	 -9.8271791e-04 +5.4898035e-04	 2.83e-01 Rejected	 823	 1421	
89	 6.1131396e-01	 -9.8271791e-04 +5.4898035e-04	 4.07e-01 Rejected	 823	 1394	
90	 6.1131396e-01	 -9.8271791e-04 +5.4898035e-04	 3.58e-01 Rejected	 821	 1393	
91	 6.1149698e-01	 -2.4475297e-05 -3.0145226e-04	 3.85e+00 Accepted	 828	 1419	
92	 6.1149698e-01	 -2.4475297e-05 -3.0145226e-04	 5.53e-01 Rejected	 836	 1424	
93	 6.1125877e-01	 +6.9036457e-04 -7.0900743e-04	 4.45e-01 Accepted	 847	 1454	
94	 6.1135401e-01	 -6.5279556e-04 -1.2676557e-04	 1.72e+00 Accepted	 860	 1421	
95	 6.1123959e-01	 +1.6523549e-03 +8.7675326e-04	 5.60e-01 Accepted	 841	 1406	
96	 6.1120008e-01	 -7.1254308e-04 +6.5203087e-04	 1.01e+00 Accepted	 856	 1465	
97	 6.1125677e-01	 -3.6950428e-04 -1.4758912e-03	 1.54e+00 Accepted	 846	 1389	
98	 6.1125677e-01	 -3.6950428e-04 -1.4758912e-03	 4.17e-01 Rejected	 828	 1398	
99	 6.1125677e-01	 -3.6950428e-04 -1.4758912e-03	 6.66e-01 Rejected	 824	 1387	
100	 6.1125677e-01	 -3.6950428e-04 -1.4758912e-03	 7.87e-01 Rejected	 819	 1387	
101	 6.1126493e-01	 +7.8516506e-05 +2.9778801e-04	 9.19e-01 Accepted	 820	 1394	
102	 6.1104487e-01	 +5.5697528e-04 +1.5597182e-03	 4.80e-01 Accepted	 819	 1392	
103	 6.1115941e-01	 +6.0699431e-04 +3.5368872e-04	 1.10e+00 Accepted	 822	 1390	
104	 6.1121131e-01	 +7.6628095e-04 +1.7806440e-04	 1.26e+00 Accepted	 821	 1392	
105	 6.1121131e-01	 +7.6628095e-04 +1.7806440e-04	 5.23e-01 Rejected	 824	 1387	
106	 6.1119221e-01	 -7.6317215e-04 +8.4392229e-04	 7.98e-01 Accepted	 827	 1390	
107	 6.1119491e-01	 -3.5990535e-04 -8.0486230e-04	 7.02e-01 Accepted	 822	 1390	
108	 6.1103806e-01	 -1.1747163e-03 +1.4895945e-03	 7.65e-01 Accepted	 825	 1408	
109	 6.1098675e-01	 +7.7565457e-04 +3.1984109e-03	 6.03e-01 Accepted	 823	 1391	
110	 6.1099899e-01	 +7.0295710e-04 -8.1300987e-05	 1.04e+00 Accepted	 823	 1391	
111	 6.1099899e-01	 +7.0295710e-04 -8.1300987e-05	 4.88e-01 Rejected	 820	 1395	
112	 6.1119171e-01	 -5.9924785e-04 +2.4135163e-04	 8.93e-01 Accepted	 823	 1391	
113	 6.1121487e-01	 -5.2961458e-04 +2.3440882e-04	 2.22e-01 Accepted	 824	 1390	
114	 6.1124945e-01	 +1.1888123e-03 +1.9421570e-03	 1.13e+00 Accepted	 818	 1391	
115	 6.1112642e-01	 +2.1188704e-03 -8.9681503e-04	 1.02e+00 Accepted	 818	 1378	
116	 6.1112642e-01	 +2.1188704e-03 -8.9681503e-04	 3.91e-01 Rejected	 822	 1391	
117	 6.1117770e-01	 +1.2661097e-03 +2.2666692e-03	 9.35e-01 Accepted	 819	 1385	
118	 6.1137659e-01	 +1.3733565e-04 +8.8651067e-04	 8.22e-01 Accepted	 819	 1385	
119	 6.1137804e-01	 -4.6437370e-04 -4.3001544e-04	 7.64e-01 Accepted	 822	 1392	
120	 6.1145941e-01	 +1.4746744e-03 +6.7624379e-04	 1.16e+00 Accepted	 817	 1386	
