# Starting_type: HotStart
# serial RNG seed: 	[7294 60068 45814 34664 60342]
# parallel RNG seed:	[65091 29507 54046 41378 57262]
# Trajectory_length / Number_of_MD_steps: 1 / 8
# 	 Plaquette	 Polyakov_Loop(re,im)	 Acc._Probability	 runtime_per_traj(s)	 CG_iterations	
1	 2.4286296e-01	 +2.1867396e-03 -8.1532484e-04	 2.37e+199 Accepted	 342	 1043	
2	 3.5425215e-01	 +6.7550566e-04 -2.1533996e-03	 5.76e+127 Accepted	 490	 1406	
3	 4.2420546e-01	 -1.4361730e-03 -2.4387391e-04	 1.31e+88 Accepted	 581	 1609	
4	 4.7631150e-01	 -6.1112968e-04 +2.8108142e-04	 7.15e+64 Accepted	 646	 1730	
5	 5.1829474e-01	 +3.2438644e-04 +1.0277338e-04	 1.23e+50 Accepted	 684	 1798	
6	 5.5255629e-01	 -4.7942609e-04 -1.1018201e-03	 1.08e+39 Accepted	 684	 1820	
7	 5.7986730e-01	 -1.5812773e-03 +6.2478163e-04	 3.27e+29 Accepted	 692	 1851	
8	 6.0069284e-01	 +4.5099168e-04 +1.3906082e-03	 5.05e+22 Accepted	 701	 1779	
9	 6.1604703e-01	 -2.8939594e-04 -1.2830875e-03	 6.42e+15 Accepted	 696	 1755	
10	 6.2744649e-01	 +1.6310808e-03 -4.9661230e-04	 7.14e+11 Accepted	 678	 1706	
11	 6.3550017e-01	 +9.2102254e-04 +7.5354721e-05	 2.09e+08 Accepted	 670	 1703	
12	 6.4129007e-01	 -3.8464957e-04 +1.7531888e-03	 3.03e+06 Accepted	 649	 1611	
13	 6.4559309e-01	 +2.0473986e-03 +9.1739545e-04	 3.75e+04 Accepted	 643	 1636	
14	 6.4859295e-01	 -9.7843341e-04 +1.9953107e-03	 3.23e+03 Accepted	 644	 1640	
15	 6.5113099e-01	 -7.8976301e-05 -1.9510800e-04	 3.78e+02 Accepted	 645	 1591	
16	 6.5286865e-01	 +7.5818833e-04 -6.2177735e-04	 5.49e+01 Accepted	 639	 1554	
17	 6.5407162e-01	 +4.4639959e-04 +8.0408986e-04	 7.10e+00 Accepted	 625	 1569	
18	 6.5508434e-01	 -1.7999319e-03 -8.8892660e-05	 1.38e+01 Accepted	 635	 1599	
19	 6.5589342e-01	 +1.0490311e-03 +4.2061536e-04	 6.76e+00 Accepted	 618	 1535	
20	 6.5651637e-01	 -1.0814096e-03 -2.3721145e-04	 3.00e+00 Accepted	 609	 1586	
21	 6.5692575e-01	 -7.3473687e-04 +6.1158793e-04	 2.72e+00 Accepted	 618	 1537	
22	 6.5723863e-01	 +1.5568364e-04 +4.0880606e-05	 1.16e+00 Accepted	 600	 1473	
23	 6.5776343e-01	 +1.2362137e-03 -5.6841216e-04	 5.92e+00 Accepted	 586	 1458	
24	 6.5789232e-01	 -1.5285996e-03 +2.0093664e-03	 1.07e+00 Accepted	 591	 1470	
25	 6.5817382e-01	 +2.0194032e-04 +9.8611310e-04	 1.97e+00 Accepted	 598	 1561	
26	 6.5817382e-01	 +2.0194032e-04 +9.8611310e-04	 7.13e-01 Rejected	 607	 1480	
27	 6.5821560e-01	 -5.6605067e-04 +4.4342721e-04	 6.30e-01 Accepted	 616	 1519	
28	 6.5828856e-01	 -2.4869630e-04 +4.2044061e-04	 1.46e+00 Accepted	 612	 1510	
29	 6.5847403e-01	 -8.7846349e-04 -4.7790646e-04	 1.09e+00 Accepted	 612	 1531	
30	 6.5850905e-01	 -2.1864670e-03 +1.4197149e-03	 1.61e+00 Accepted	 619	 1514	
31	 6.5850905e-01	 -2.1864670e-03 +1.4197149e-03	 3.72e-01 Rejected	 594	 1436	
32	 6.5850905e-01	 -2.1864670e-03 +1.4197149e-03	 6.08e-01 Rejected	 614	 1479	
33	 6.5860142e-01	 -8.2420382e-04 -1.7878945e-03	 5.04e-01 Accepted	 604	 1464	
34	 6.5878475e-01	 +2.1378794e-03 -7.9405249e-05	 8.72e-01 Accepted	 594	 1467	
35	 6.5887877e-01	 -2.8427245e-04 +1.6021927e-03	 1.12e+00 Accepted	 598	 1447	
36	 6.5887877e-01	 -2.8427245e-04 +1.6021927e-03	 7.05e-01 Rejected	 586	 1444	
37	 6.5878410e-01	 -1.3323062e-03 +5.2250463e-05	 9.03e-01 Accepted	 596	 1482	
38	 6.5883221e-01	 +5.3611923e-04 +4.4053543e-04	 1.65e+00 Accepted	 594	 1429	
39	 6.5881886e-01	 +2.0815162e-03 +1.9228710e-04	 9.25e-01 Accepted	 590	 1507	
40	 6.5885952e-01	 +1.6453081e-03 +2.1464705e-03	 7.17e-01 Accepted	 599	 1452	
41	 6.5895837e-01	 +3.9997068e-04 +1.1536578e-03	 1.79e+00 Accepted	 591	 1465	
42	 6.5888347e-01	 -4.5199894e-04 -2.8141590e-04	 8.72e-01 Accepted	 601	 1502	
43	 6.5910726e-01	 -2.1981561e-04 +1.1577208e-03	 1.52e+00 Accepted	 607	 1483	
44	 6.5916679e-01	 +2.3183045e-03 -1.2599677e-03	 6.42e-01 Accepted	 597	 1470	
45	 6.5916679e-01	 +2.3183045e-03 -1.2599677e-03	 6.64e-01 Rejected	 589	 1451	
46	 6.5916679e-01	 +2.3183045e-03 -1.2599677e-03	 7.20e-01 Rejected	 589	 1433	
47	 6.5928903e-01	 +1.1759159e-03 -1.9215665e-04	 1.22e+00 Accepted	 599	 1476	
48	 6.5928903e-01	 +1.1759159e-03 -1.9215665e-04	 5.88e-01 Rejected	 594	 1431	
49	 6.5928903e-01	 +1.1759159e-03 -1.9215665e-04	 5.23e-01 Rejected	 599	 1430	
50	 6.5942174e-01	 +8.6623244e-04 +1.7162798e-03	 1.33e+00 Accepted	 585	 1436	
51	 6.5941266e-01	 -6.5137044e-04 +8.6461332e-04	 1.77e+00 Accepted	 588	 1437	
52	 6.5941266e-01	 -6.5137044e-04 +8.6461332e-04	 3.60e-01 Rejected	 583	 1431	
53	 6.5941371e-01	 -1.2905334e-04 -4.2348266e-04	 5.33e-01 Accepted	 593	 1426	
54	 6.5941371e-01	 -1.2905334e-04 -4.2348266e-04	 6.00e-01 Rejected	 583	 1465	
55	 6.5955733e-01	 -2.3426925e-04 +4.3963889e-04	 9.32e-01 Accepted	 581	 1432	
56	 6.5940412e-01	 +3.0572744e-04 -1.1679513e-03	 7.28e-01 Accepted	 584	 1426	
57	 6.5939113e-01	 +3.8290379e-04 -9.6250383e-04	 1.14e+00 Accepted	 576	 1433	
58	 6.5930583e-01	 +6.6974009e-04 -1.2098056e-03	 6.42e-01 Accepted	 580	 1461	
59	 6.5930583e-01	 +6.6974009e-04 -1.2098056e-03	 7.28e-01 Rejected	 583	 1446	
60	 6.5944735e-01	 +7.9833241e-04 -8.8250399e-04	 1.26e+00 Accepted	 594	 1475	
61	 6.5944735e-01	 +7.9833241e-04 -8.8250399e-04	 3.73e-01 Rejected	 588	 1439	
62	 6.5949383e-01	 +1.3470397e-03 -2.5125161e-03	 1.70e+00 Accepted	 595	 1436	
63	 6.5949383e-01	 +1.3470397e-03 -2.5125161e-03	 3.90e-01 Rejected	 582	 1428	
64	 6.5954077e-01	 -1.9677131e-03 -7.6474761e-04	 9.69e-01 Accepted	 599	 1439	
65	 6.5952921e-01	 +5.2982366e-04 -6.8040591e-04	 1.93e+00 Accepted	 580	 1432	
66	 6.5953953e-01	 +4.8619686e-04 -2.5853715e-03	 8.57e-01 Accepted	 567	 1428	
67	 6.5962493e-01	 -1.3849367e-04 +1.7738617e-03	 2.12e+00 Accepted	 559	 1424	
68	 6.5962493e-01	 -1.3849367e-04 +1.7738617e-03	 9.40e-01 Rejected	 561	 1433	
69	 6.5961809e-01	 -1.2325995e-03 -2.9877991e-03	 3.80e-01 Accepted	 567	 1426	
70	 6.5943944e-01	 +8.7291563e-04 -2.6042091e-04	 7.76e-01 Accepted	 568	 1431	
71	 6.5960614e-01	 +2.8745660e-04 -7.2855915e-04	 8.19e-01 Accepted	 569	 1431	
# Starting_type: CheckpointStart
# Trajectory_length / Number_of_MD_steps: 1 / 8
# 	 Plaquette	 Polyakov_Loop(re,im)	 Acc._Probability	 runtime_per_traj(s)	 CG_iterations	
71	 6.5960614e-01	 +2.8745660e-04 -7.2855915e-04	 8.19e-01 Accepted	 558	 1431	
72	 6.5951375e-01	 +8.9014625e-04 -1.2934542e-03	 4.84e-01 Accepted	 554	 1425	
73	 6.5944223e-01	 -1.1934269e-03 +1.1998388e-03	 9.17e-01 Accepted	 550	 1428	
74	 6.5957114e-01	 -6.7151237e-04 -9.0367462e-04	 1.41e+00 Accepted	 548	 1431	
75	 6.5951661e-01	 +2.5754474e-03 -5.2922686e-04	 5.53e-01 Accepted	 555	 1430	
76	 6.5948859e-01	 +8.1982245e-04 +1.4282187e-03	 8.02e-01 Accepted	 556	 1428	
77	 6.5959240e-01	 +3.4402725e-04 +1.3181229e-03	 1.83e+00 Accepted	 560	 1422	
78	 6.5970441e-01	 +1.2238472e-03 +5.0744438e-04	 5.98e-01 Accepted	 571	 1430	
79	 6.5968767e-01	 +4.0630112e-04 +1.4810010e-03	 9.01e-01 Accepted	 578	 1433	
80	 6.5957018e-01	 +7.5755329e-04 +2.2879866e-05	 4.08e-01 Accepted	 572	 1434	
81	 6.5965321e-01	 +4.3434122e-04 -9.6622143e-04	 1.57e+00 Accepted	 569	 1428	
82	 6.5965321e-01	 +4.3434122e-04 -9.6622143e-04	 3.57e-01 Rejected	 569	 1430	
83	 6.5964404e-01	 +5.3241868e-04 -1.5038616e-04	 1.09e+00 Accepted	 572	 1430	
84	 6.5971393e-01	 +1.2688502e-03 +1.1722897e-03	 1.09e+00 Accepted	 573	 1424	
85	 6.5971393e-01	 +1.2688502e-03 +1.1722897e-03	 3.56e-01 Rejected	 572	 1428	
86	 6.5969780e-01	 -8.4733624e-04 -1.3882024e-03	 4.01e-01 Accepted	 570	 1424	
87	 6.5967565e-01	 -3.5921296e-04 -2.0389764e-03	 8.75e-01 Accepted	 571	 1427	
88	 6.5974511e-01	 +2.2983514e-04 -1.5818133e-03	 1.39e+00 Accepted	 574	 1431	
89	 6.5973291e-01	 +3.6240780e-04 +1.3913429e-03	 7.96e-01 Accepted	 570	 1425	
90	 6.5979503e-01	 -4.3414579e-04 -2.8129305e-04	 1.32e+00 Accepted	 575	 1430	
91	 6.5980249e-01	 +1.2589529e-03 +4.2479334e-04	 1.78e+00 Accepted	 576	 1431	
92	 6.5980249e-01	 +1.2589529e-03 +4.2479334e-04	 5.10e-01 Rejected	 574	 1435	
93	 6.5978851e-01	 -4.9668325e-04 -1.1954099e-03	 7.85e-01 Accepted	 574	 1431	
94	 6.5978851e-01	 -4.9668325e-04 -1.1954099e-03	 4.50e-01 Rejected	 574	 1423	
95	 6.5967138e-01	 +8.8980048e-04 +3.1998818e-04	 1.16e+00 Accepted	 573	 1421	
96	 6.5967138e-01	 +8.8980048e-04 +3.1998818e-04	 8.02e-01 Rejected	 573	 1424	
97	 6.5967138e-01	 +8.8980048e-04 +3.1998818e-04	 7.19e-01 Rejected	 574	 1425	
98	 6.5969017e-01	 -4.8423075e-05 -1.4350335e-03	 1.01e+00 Accepted	 570	 1430	
99	 6.5975867e-01	 +1.5423583e-04 -1.9253698e-03	 4.43e-01 Accepted	 567	 1427	
100	 6.5984205e-01	 -1.6787561e-04 -1.3087283e-03	 9.29e-01 Accepted	 571	 1428	
101	 6.5987997e-01	 -2.1018511e-04 -5.3309082e-04	 1.31e+00 Accepted	 573	 1422	
102	 6.5984409e-01	 +2.6653296e-03 +2.0905730e-04	 1.05e+00 Accepted	 567	 1426	
103	 6.5965601e-01	 +3.0352475e-05 -1.1661902e-03	 1.56e+00 Accepted	 573	 1427	
104	 6.5959423e-01	 +1.4420749e-03 -9.9252009e-05	 7.81e-01 Accepted	 570	 1425	
105	 6.5972565e-01	 -7.1827892e-04 +2.1813031e-04	 1.43e+00 Accepted	 573	 1418	
106	 6.5977601e-01	 +4.1461181e-04 -1.1378577e-03	 2.07e+00 Accepted	 572	 1423	
107	 6.5988972e-01	 +7.6253389e-05 -1.6507628e-03	 1.36e+00 Accepted	 566	 1428	
108	 6.5974137e-01	 -2.8193863e-04 -1.2591908e-03	 4.93e-01 Accepted	 577	 1439	
109	 6.5974566e-01	 +1.0580732e-03 +5.6644277e-04	 3.31e+00 Accepted	 572	 1423	
110	 6.5974566e-01	 +1.0580732e-03 +5.6644277e-04	 5.42e-01 Rejected	 570	 1422	
111	 6.5968945e-01	 -6.0642269e-04 -9.2561363e-04	 3.50e-01 Accepted	 570	 1418	
112	 6.5966615e-01	 +1.6213055e-06 -2.1352022e-03	 2.02e+00 Accepted	 569	 1421	
113	 6.5976394e-01	 -3.3808671e-04 -2.0697456e-03	 2.00e+00 Accepted	 574	 1435	
114	 6.5978476e-01	 +6.8849719e-04 -6.5721387e-04	 1.38e+00 Accepted	 578	 1430	
115	 6.5978476e-01	 +6.8849719e-04 -6.5721387e-04	 4.42e-01 Rejected	 574	 1422	
116	 6.5978476e-01	 +6.8849719e-04 -6.5721387e-04	 5.41e-01 Rejected	 569	 1428	
117	 6.5978476e-01	 +6.8849719e-04 -6.5721387e-04	 2.30e-01 Rejected	 571	 1424	
118	 6.5974537e-01	 -5.8841603e-04 -1.8178489e-03	 3.34e-01 Accepted	 573	 1430	
119	 6.5981489e-01	 +1.0096404e-03 -1.7091006e-03	 2.19e+00 Accepted	 572	 1424	
120	 6.5981489e-01	 +1.0096404e-03 -1.7091006e-03	 3.72e-01 Rejected	 570	 1425	
121	 6.5981489e-01	 +1.0096404e-03 -1.7091006e-03	 3.59e-01 Rejected	 567	 1426	
122	 6.5981247e-01	 +1.2691635e-03 -4.0201388e-03	 1.57e+00 Accepted	 577	 1420	
123	 6.5975745e-01	 +8.4000734e-04 -4.1694315e-03	 8.13e-01 Accepted	 580	 1464	
124	 6.5975745e-01	 +8.4000734e-04 -4.1694315e-03	 5.17e-01 Rejected	 574	 1428	
125	 6.5975745e-01	 +8.4000734e-04 -4.1694315e-03	 6.08e-01 Rejected	 582	 1431	
126	 6.5975745e-01	 +8.4000734e-04 -4.1694315e-03	 9.42e-01 Rejected	 577	 1455	
127	 6.5976533e-01	 +3.1320309e-04 -9.1833397e-04	 8.08e-01 Accepted	 578	 1422	
128	 6.5976533e-01	 +3.1320309e-04 -9.1833397e-04	 5.45e-01 Rejected	 573	 1431	
129	 6.5985773e-01	 +1.2895168e-03 -1.8437871e-04	 5.95e-01 Accepted	 570	 1432	
130	 6.5981947e-01	 +1.9984059e-03 -1.4664492e-03	 9.06e-01 Accepted	 577	 1458	
131	 6.5965392e-01	 +1.5515779e-03 -1.2953473e-03	 4.77e-01 Accepted	 578	 1422	
132	 6.5963972e-01	 +1.9384809e-03 -2.5619214e-03	 9.86e-01 Accepted	 571	 1424	
133	 6.5967694e-01	 +2.1295698e-03 -2.3638067e-03	 5.22e-01 Accepted	 574	 1417	
134	 6.5969576e-01	 +1.4793752e-04 -1.0273152e-03	 2.01e+00 Accepted	 573	 1428	
135	 6.5968722e-01	 +1.5353111e-03 +8.0552309e-05	 9.20e-01 Accepted	 573	 1427	
136	 6.5978454e-01	 +1.3220045e-03 +1.2576261e-03	 1.44e+00 Accepted	 568	 1430	
137	 6.5970209e-01	 +1.8034620e-03 -1.3772870e-03	 1.53e+00 Accepted	 575	 1466	
138	 6.5963755e-01	 +2.3477778e-03 -1.7477508e-03	 8.64e-01 Accepted	 575	 1422	
139	 6.5963343e-01	 +1.6797606e-03 -1.1030858e-03	 4.76e-01 Accepted	 574	 1421	
140	 6.5965280e-01	 +2.9795061e-03 -1.2787983e-03	 1.63e+00 Accepted	 566	 1412	
141	 6.5966001e-01	 +6.7503353e-04 -2.9976665e-03	 8.14e-01 Accepted	 570	 1419	
142	 6.5966001e-01	 +6.7503353e-04 -2.9976665e-03	 4.02e-01 Rejected	 569	 1410	
143	 6.5973523e-01	 +2.6451070e-03 -2.9318831e-03	 1.38e+00 Accepted	 568	 1416	
144	 6.5973523e-01	 +2.6451070e-03 -2.9318831e-03	 4.15e-01 Rejected	 573	 1421	
145	 6.5982059e-01	 +9.7763322e-05 -1.1013517e-03	 7.11e-01 Accepted	 578	 1434	
# Starting_type: CheckpointStart
# Trajectory_length / Number_of_MD_steps: 1 / 8
# 	 Plaquette	 Polyakov_Loop(re,im)	 Acc._Probability	 runtime_per_traj(s)	 CG_iterations	
145	 6.5982059e-01	 +9.7763322e-05 -1.1013517e-03	 7.11e-01 Accepted	 576	 1434	
146	 6.5975454e-01	 -2.1047524e-03 -6.8632948e-04	 9.97e-01 Accepted	 570	 1425	
147	 6.5965709e-01	 +7.4136002e-04 -9.7297528e-04	 1.76e+00 Accepted	 571	 1429	
148	 6.5988823e-01	 -2.4664403e-04 -5.7982875e-04	 1.81e+00 Accepted	 567	 1422	
149	 6.5971204e-01	 +5.4015427e-04 -9.7604992e-04	 5.76e-01 Accepted	 567	 1429	
150	 6.5968969e-01	 -4.2163841e-05 -1.3206048e-03	 8.06e-01 Accepted	 570	 1418	
151	 6.5972210e-01	 +5.1514817e-04 +1.1314585e-03	 9.25e-01 Accepted	 565	 1421	
152	 6.5972210e-01	 +5.1514817e-04 +1.1314585e-03	 2.79e-01 Rejected	 569	 1420	
153	 6.5979471e-01	 +1.0153474e-03 -1.1076598e-04	 2.57e+00 Accepted	 569	 1429	
154	 6.5967103e-01	 -1.3832158e-03 -2.1811435e-03	 6.20e-01 Accepted	 566	 1425	
155	 6.5984788e-01	 -2.1585516e-03 -8.5333411e-04	 6.84e-01 Accepted	 569	 1423	
156	 6.5972799e-01	 +1.2985766e-03 -1.4200372e-03	 8.85e-01 Accepted	 565	 1419	
157	 6.5972166e-01	 +1.4282813e-03 -2.2205167e-03	 9.60e-01 Accepted	 571	 1428	
158	 6.5982699e-01	 -1.7413367e-03 -1.0759535e-03	 7.04e-01 Accepted	 567	 1428	
159	 6.5991950e-01	 -2.3608376e-03 -2.1383217e-04	 7.84e-01 Accepted	 571	 1430	
160	 6.5979198e-01	 -1.8306522e-03 +9.2086680e-04	 7.70e-01 Accepted	 569	 1417	
161	 6.5979198e-01	 -1.8306522e-03 +9.2086680e-04	 2.69e-01 Rejected	 566	 1409	
162	 6.5979198e-01	 -1.8306522e-03 +9.2086680e-04	 7.73e-01 Rejected	 570	 1422	
163	 6.5995463e-01	 -1.8186426e-03 -7.2817325e-04	 8.70e-01 Accepted	 574	 1425	
164	 6.5993625e-01	 -2.4441896e-04 -2.7594063e-04	 7.13e-01 Accepted	 569	 1429	
165	 6.5978559e-01	 +2.9684643e-03 +7.0116868e-04	 6.12e-01 Accepted	 571	 1424	
166	 6.5982091e-01	 -7.2633311e-04 -6.5510497e-04	 9.10e-01 Accepted	 567	 1424	
167	 6.5982091e-01	 -7.2633311e-04 -6.5510497e-04	 3.62e-01 Rejected	 569	 1423	
168	 6.5985706e-01	 -1.0757775e-03 -3.8492748e-04	 1.18e+00 Accepted	 570	 1415	
169	 6.5988468e-01	 +1.5776290e-04 -5.2615559e-04	 9.87e-01 Accepted	 571	 1422	
170	 6.5976061e-01	 +1.2440634e-04 -2.5711530e-03	 5.82e-01 Accepted	 570	 1413	
171	 6.5994678e-01	 -1.2891431e-03 -1.3894837e-03	 2.12e+00 Accepted	 570	 1423	
172	 6.5988750e-01	 +9.9396115e-04 -2.1667450e-03	 8.26e-01 Accepted	 568	 1417	
173	 6.5988750e-01	 +9.9396115e-04 -2.1667450e-03	 4.33e-01 Rejected	 571	 1420	
174	 6.5973757e-01	 +6.8727427e-04 -6.0313205e-04	 8.36e-01 Accepted	 568	 1416	
175	 6.5981043e-01	 +9.7429326e-04 -1.9091261e-03	 5.10e-01 Accepted	 569	 1431	
176	 6.5987036e-01	 +1.1181608e-03 +5.9216926e-04	 7.27e-01 Accepted	 566	 1418	
177	 6.5985806e-01	 +5.7045276e-04 -2.2155018e-03	 5.43e-01 Accepted	 567	 1405	
178	 6.5986099e-01	 -2.1586980e-03 -2.4995691e-03	 9.16e-01 Accepted	 565	 1426	
179	 6.5986099e-01	 -2.1586980e-03 -2.4995691e-03	 2.92e-01 Rejected	 568	 1434	
180	 6.5982094e-01	 -2.0059815e-04 -2.1068813e-03	 7.12e-01 Accepted	 568	 1409	
181	 6.5973484e-01	 -1.8013450e-04 -1.2771710e-03	 7.80e-01 Accepted	 569	 1417	
182	 6.5973841e-01	 -1.8454916e-03 -1.9427722e-03	 8.88e-01 Accepted	 568	 1413	
183	 6.5972686e-01	 -1.0588414e-03 -2.4356991e-03	 8.37e-01 Accepted	 567	 1418	
184	 6.5964752e-01	 +1.9267559e-04 -2.7206829e-03	 8.99e-01 Accepted	 567	 1425	
185	 6.5979911e-01	 +1.2380651e-03 -1.7521899e-03	 8.79e-01 Accepted	 566	 1415	
186	 6.5966101e-01	 +2.8723185e-03 -2.2346062e-03	 1.06e+00 Accepted	 571	 1417	
187	 6.5986089e-01	 +7.3408381e-04 -5.6295097e-04	 9.69e-01 Accepted	 566	 1408	
188	 6.5986545e-01	 +1.1234365e-03 -4.3099048e-04	 1.31e+00 Accepted	 567	 1423	
189	 6.5985166e-01	 +1.4984773e-03 -1.9303637e-04	 3.54e-01 Accepted	 570	 1416	
190	 6.5989923e-01	 +1.3102273e-03 -8.1535551e-05	 1.75e+00 Accepted	 569	 1421	
191	 6.5989923e-01	 +1.3102273e-03 -8.1535551e-05	 6.42e-01 Rejected	 568	 1426	
192	 6.5998667e-01	 -7.2829372e-05 -3.7636615e-04	 1.85e+00 Accepted	 565	 1417	
193	 6.5998667e-01	 -7.2829372e-05 -3.7636615e-04	 5.01e-01 Rejected	 565	 1407	
194	 6.5998667e-01	 -7.2829372e-05 -3.7636615e-04	 4.04e-01 Rejected	 568	 1406	
195	 6.5998998e-01	 -2.7592739e-04 -2.1414394e-03	 1.56e+00 Accepted	 567	 1416	
196	 6.5990396e-01	 +1.7093024e-03 +2.8083609e-04	 1.57e+00 Accepted	 565	 1405	
197	 6.5989567e-01	 +2.4730695e-04 -8.6148588e-04	 3.53e-01 Accepted	 565	 1421	
198	 6.5989516e-01	 -1.2212539e-03 -2.3150702e-03	 2.25e+00 Accepted	 565	 1414	
199	 6.5993686e-01	 +2.2727918e-03 -1.5092069e-03	 2.33e+00 Accepted	 565	 1411	
200	 6.6000856e-01	 +7.9325689e-04 -4.0168017e-04	 1.02e+00 Accepted	 568	 1425	
201	 6.6000856e-01	 +7.9325689e-04 -4.0168017e-04	 7.07e-01 Rejected	 568	 1424	
202	 6.6000856e-01	 +7.9325689e-04 -4.0168017e-04	 3.56e-01 Rejected	 567	 1425	
203	 6.6000856e-01	 +7.9325689e-04 -4.0168017e-04	 5.06e-01 Rejected	 568	 1417	
204	 6.6000856e-01	 +7.9325689e-04 -4.0168017e-04	 5.63e-01 Rejected	 563	 1418	
205	 6.6000856e-01	 +7.9325689e-04 -4.0168017e-04	 7.28e-01 Rejected	 564	 1407	
206	 6.5988898e-01	 +5.3827407e-04 -3.5322107e-03	 3.74e-01 Accepted	 567	 1408	
207	 6.5988898e-01	 +5.3827407e-04 -3.5322107e-03	 5.45e-01 Rejected	 570	 1409	
208	 6.5988898e-01	 +5.3827407e-04 -3.5322107e-03	 6.12e-01 Rejected	 564	 1423	
209	 6.5989949e-01	 -6.1327682e-04 -1.5584336e-03	 8.45e-01 Accepted	 568	 1422	
210	 6.5991714e-01	 -8.8515640e-04 -3.3361054e-03	 1.71e+00 Accepted	 568	 1427	
211	 6.5983954e-01	 +1.7656883e-03 -2.0526157e-03	 4.27e-01 Accepted	 572	 1423	
212	 6.5989040e-01	 -5.3104241e-04 -1.0758837e-03	 7.30e-01 Accepted	 564	 1408	
213	 6.5988131e-01	 +1.9385505e-03 -1.7147685e-03	 1.85e+00 Accepted	 568	 1420	
214	 6.5988131e-01	 +1.9385505e-03 -1.7147685e-03	 4.58e-01 Rejected	 570	 1415	
215	 6.5980368e-01	 +2.1948570e-04 -6.0466791e-04	 1.54e+00 Accepted	 571	 1427	
216	 6.5977142e-01	 -6.0857883e-04 -1.7718477e-03	 1.39e+00 Accepted	 571	 1422	
217	 6.5971101e-01	 -7.8761165e-04 -1.7449806e-03	 6.23e-01 Accepted	 567	 1419	
218	 6.5965565e-01	 -2.1664022e-03 -2.5983892e-03	 9.31e-01 Accepted	 568	 1418	
219	 6.5959326e-01	 +1.0756616e-03 -1.8210105e-03	 9.96e-01 Accepted	 565	 1416	
220	 6.5960990e-01	 -8.6961984e-04 -2.9617923e-03	 1.19e+00 Accepted	 565	 1420	
