# Starting_type: ColdStart
# serial RNG seed: 	[56653 48473 17740 56416 58368]
# parallel RNG seed:	[29011 3843 55981 63561 50912]
# Trajectory_length / Number_of_MD_steps: 0.1 / 10
# 	 Plaquette	 Polyakov_Loop(re,im)	 Acc._Probability	 runtime_per_traj(s)	 CG_iterations	
1	 1.0000000e+00	 +1.0000000e+00 +0.0000000e+00	 2.67e-01 Rejected	 256	 508	
2	 1.0000000e+00	 +1.0000000e+00 +0.0000000e+00	 2.66e-01 Rejected	 253	 506	
3	 1.0000000e+00	 +1.0000000e+00 +0.0000000e+00	 2.66e-01 Rejected	 254	 507	
4	 1.0000000e+00	 +1.0000000e+00 +0.0000000e+00	 2.67e-01 Rejected	 254	 508	
5	 9.3350389e-01	 +7.5322534e-01 +1.3294906e-04	 2.66e-01 Accepted	 253	 507	
6	 8.8530842e-01	 +5.9107129e-01 +5.9617109e-04	 3.86e-01 Accepted	 282	 552	
7	 8.4887962e-01	 +4.8070932e-01 +5.5696218e-04	 4.92e-01 Accepted	 299	 584	
8	 8.2032433e-01	 +4.0142248e-01 +2.1521066e-04	 5.76e-01 Accepted	 318	 618	
9	 7.9754098e-01	 +3.4091673e-01 -6.1023666e-04	 6.48e-01 Accepted	 330	 644	
10	 7.7893455e-01	 +2.9476684e-01 -3.0731692e-04	 7.04e-01 Accepted	 337	 654	
11	 7.7893455e-01	 +2.9476684e-01 -3.0731692e-04	 7.49e-01 Rejected	 344	 670	
12	 7.6350317e-01	 +2.5852118e-01 +1.7874983e-04	 7.50e-01 Accepted	 338	 663	
13	 7.5064396e-01	 +2.2932428e-01 +5.2662347e-05	 7.87e-01 Accepted	 345	 670	
14	 7.3954369e-01	 +2.0451214e-01 -2.7662760e-04	 8.15e-01 Accepted	 350	 683	
15	 7.3005032e-01	 +1.8577114e-01 -8.7061797e-04	 8.40e-01 Accepted	 352	 683	
16	 7.2177402e-01	 +1.6977865e-01 -9.5105023e-04	 8.58e-01 Accepted	 356	 690	
17	 7.1457999e-01	 +1.5560340e-01 +2.7120416e-04	 8.77e-01 Accepted	 357	 699	
18	 7.0817851e-01	 +1.4296650e-01 -1.2202298e-04	 8.90e-01 Accepted	 361	 705	
19	 7.0260287e-01	 +1.3223324e-01 +2.3322218e-04	 9.05e-01 Accepted	 361	 711	
20	 6.9754178e-01	 +1.2329644e-01 -2.8800294e-04	 9.12e-01 Accepted	 363	 715	
21	 6.9304780e-01	 +1.1507051e-01 -1.5699458e-03	 9.21e-01 Accepted	 364	 715	
22	 6.9304780e-01	 +1.1507051e-01 -1.5699458e-03	 9.29e-01 Rejected	 365	 720	
23	 6.8896876e-01	 +1.0815291e-01 -3.4819422e-04	 9.28e-01 Accepted	 370	 729	
24	 6.8535403e-01	 +1.0181940e-01 -1.1634403e-04	 9.39e-01 Accepted	 369	 728	
25	 6.8204389e-01	 +9.6048442e-02 -1.0925323e-03	 9.46e-01 Accepted	 372	 731	
26	 6.7900193e-01	 +9.1281306e-02 -1.4565269e-03	 9.48e-01 Accepted	 374	 734	
27	 6.7615249e-01	 +8.5820454e-02 -2.6160146e-03	 9.52e-01 Accepted	 374	 738	
28	 6.7359343e-01	 +8.1979528e-02 -3.0964707e-03	 9.57e-01 Accepted	 377	 744	
29	 6.7123196e-01	 +7.7794775e-02 -1.7393678e-03	 9.58e-01 Accepted	 380	 743	
30	 6.6907164e-01	 +7.4043284e-02 -5.0656605e-04	 9.63e-01 Accepted	 382	 752	
31	 6.6710765e-01	 +7.2731714e-02 -1.9272695e-03	 9.64e-01 Accepted	 381	 750	
32	 6.6518894e-01	 +7.0058015e-02 -2.3105932e-03	 9.66e-01 Accepted	 385	 754	
33	 6.6348917e-01	 +6.7002599e-02 -2.2041201e-03	 9.73e-01 Accepted	 385	 755	
34	 6.6192273e-01	 +6.4802008e-02 -1.8344574e-03	 9.74e-01 Accepted	 384	 756	
35	 6.6044858e-01	 +6.1099139e-02 -7.8541237e-04	 9.73e-01 Accepted	 385	 754	
36	 6.5919919e-01	 +5.8811777e-02 -6.1287576e-04	 9.78e-01 Accepted	 384	 756	
37	 6.5792094e-01	 +5.7039584e-02 -1.0943660e-03	 9.78e-01 Accepted	 387	 759	
38	 6.5671156e-01	 +5.6157035e-02 -1.0829248e-03	 9.83e-01 Accepted	 391	 771	
39	 6.5554713e-01	 +5.4372620e-02 -2.4710777e-03	 9.78e-01 Accepted	 392	 769	
40	 6.5447511e-01	 +5.1913907e-02 -1.8243256e-03	 9.81e-01 Accepted	 390	 768	
41	 6.5343611e-01	 +5.0573756e-02 -9.5267675e-04	 9.84e-01 Accepted	 392	 772	
42	 6.5243494e-01	 +4.8217883e-02 -1.4532434e-03	 9.84e-01 Accepted	 394	 778	
43	 6.5159204e-01	 +4.7264568e-02 -1.1249693e-03	 9.88e-01 Accepted	 394	 775	
44	 6.5079204e-01	 +4.6573643e-02 -2.4704599e-04	 9.88e-01 Accepted	 392	 772	
45	 6.5003291e-01	 +4.5604401e-02 -5.1993486e-04	 9.88e-01 Accepted	 392	 776	
46	 6.4919680e-01	 +4.4249101e-02 -1.0138435e-03	 9.85e-01 Accepted	 397	 784	
47	 6.4852160e-01	 +4.2992518e-02 -1.0545056e-03	 9.88e-01 Accepted	 391	 778	
48	 6.4789645e-01	 +4.3650489e-02 -1.1471958e-03	 9.91e-01 Accepted	 394	 787	
49	 6.4716833e-01	 +4.2765032e-02 -3.1439846e-04	 9.86e-01 Accepted	 396	 788	
50	 6.4656835e-01	 +4.1092749e-02 -3.9039802e-04	 9.86e-01 Accepted	 395	 792	
51	 6.4601282e-01	 +3.9828472e-02 -3.2178959e-04	 9.89e-01 Accepted	 398	 787	
52	 6.4539339e-01	 +3.7840010e-02 -1.2097389e-03	 9.90e-01 Accepted	 402	 795	
53	 6.4486707e-01	 +3.7848706e-02 -1.2228778e-03	 9.93e-01 Accepted	 401	 796	
54	 6.4436585e-01	 +3.8032176e-02 -2.1578271e-03	 9.92e-01 Accepted	 400	 795	
55	 6.4390802e-01	 +3.7273546e-02 -2.3039858e-03	 9.91e-01 Accepted	 401	 798	
56	 6.4345220e-01	 +3.6872786e-02 -1.6934006e-03	 9.94e-01 Accepted	 398	 799	
57	 6.4300863e-01	 +3.5921716e-02 -1.4063879e-03	 9.93e-01 Accepted	 400	 801	
58	 6.4258246e-01	 +3.4495035e-02 -1.1864145e-03	 9.92e-01 Accepted	 399	 798	
59	 6.4218310e-01	 +3.4021986e-02 -1.7413083e-04	 9.93e-01 Accepted	 404	 797	
60	 6.4181210e-01	 +3.4138824e-02 -8.9858244e-04	 9.94e-01 Accepted	 405	 801	
61	 6.4145106e-01	 +3.4577514e-02 +9.1725336e-05	 9.97e-01 Accepted	 404	 801	
62	 6.4106747e-01	 +3.5462205e-02 -2.0534950e-04	 9.91e-01 Accepted	 403	 802	
63	 6.4069719e-01	 +3.3707125e-02 -9.3067758e-04	 9.94e-01 Accepted	 404	 805	
64	 6.4040277e-01	 +3.2506073e-02 -8.3058737e-05	 9.94e-01 Accepted	 407	 809	
65	 6.4012763e-01	 +3.2340078e-02 +8.9612955e-05	 9.95e-01 Accepted	 408	 810	
66	 6.3977467e-01	 +3.1920254e-02 -5.7904971e-04	 9.96e-01 Accepted	 407	 813	
67	 6.3947918e-01	 +3.0808649e-02 -4.7098380e-04	 9.96e-01 Accepted	 409	 809	
68	 6.3922296e-01	 +3.0181230e-02 -7.9408220e-04	 9.94e-01 Accepted	 409	 815	
69	 6.3897189e-01	 +2.9255086e-02 -8.7057973e-04	 9.93e-01 Accepted	 407	 816	
70	 6.3875879e-01	 +2.9469847e-02 -8.9117391e-04	 9.97e-01 Accepted	 408	 817	
71	 6.3875879e-01	 +2.9469847e-02 -8.9117391e-04	 9.93e-01 Rejected	 411	 815	
72	 6.3848878e-01	 +3.0146300e-02 -1.7060401e-03	 9.97e-01 Accepted	 412	 815	
73	 6.3824331e-01	 +3.0209629e-02 -1.5255839e-03	 9.97e-01 Accepted	 411	 822	
74	 6.3808561e-01	 +3.0142684e-02 -1.2242232e-03	 9.96e-01 Accepted	 412	 819	
75	 6.3784127e-01	 +3.0082876e-02 -1.5725557e-03	 9.96e-01 Accepted	 411	 816	
76	 6.3761976e-01	 +2.9182754e-02 -7.8108971e-04	 1.00e+00 Accepted	 411	 819	
77	 6.3751640e-01	 +2.8335803e-02 -4.2185891e-04	 9.95e-01 Accepted	 413	 823	
78	 6.3732402e-01	 +2.8856988e-02 -2.6575467e-05	 9.96e-01 Accepted	 417	 826	
79	 6.3713526e-01	 +2.9224811e-02 +4.4747718e-06	 9.95e-01 Accepted	 416	 826	
80	 6.3689928e-01	 +2.9273583e-02 -2.0134661e-04	 9.96e-01 Accepted	 411	 822	
81	 6.3671414e-01	 +2.6758680e-02 -8.1269685e-04	 9.97e-01 Accepted	 412	 824	
82	 6.3657350e-01	 +2.6796926e-02 -1.9580741e-04	 9.98e-01 Accepted	 412	 826	
83	 6.3643311e-01	 +2.6787368e-02 -2.7192813e-04	 9.95e-01 Accepted	 414	 827	
84	 6.3631185e-01	 +2.5347072e-02 -2.2646827e-04	 1.00e+00 Accepted	 413	 828	
85	 6.3611934e-01	 +2.6280961e-02 -1.3716057e-03	 9.99e-01 Accepted	 417	 828	
86	 6.3601069e-01	 +2.6164653e-02 -6.3861304e-04	 1.00e+00 Accepted	 418	 830	
87	 6.3584858e-01	 +2.5987966e-02 -8.7136964e-04	 9.98e-01 Accepted	 417	 829	
88	 6.3568162e-01	 +2.6106959e-02 -1.1591525e-03	 9.99e-01 Accepted	 416	 828	
89	 6.3553393e-01	 +2.5522418e-02 -1.4596177e-03	 9.95e-01 Accepted	 416	 829	
90	 6.3534331e-01	 +2.5270086e-02 -6.4590400e-04	 9.97e-01 Accepted	 416	 832	
91	 6.3521052e-01	 +2.4339548e-02 -1.5390030e-04	 9.97e-01 Accepted	 417	 834	
92	 6.3515158e-01	 +2.4497171e-02 -4.7994335e-04	 9.97e-01 Accepted	 419	 838	
93	 6.3503595e-01	 +2.3801244e-02 -2.3079104e-04	 9.94e-01 Accepted	 419	 835	
94	 6.3487085e-01	 +2.4237244e-02 +3.3989619e-05	 9.96e-01 Accepted	 417	 835	
95	 6.3469177e-01	 +2.3870877e-02 +4.4854599e-04	 9.98e-01 Accepted	 416	 834	
96	 6.3453774e-01	 +2.4823798e-02 +1.1995001e-04	 9.96e-01 Accepted	 417	 838	
97	 6.3441403e-01	 +2.5662389e-02 -1.3071144e-03	 9.99e-01 Accepted	 419	 836	
98	 6.3428118e-01	 +2.5198079e-02 -2.5681616e-04	 1.00e+00 Accepted	 417	 837	
99	 6.3416385e-01	 +2.4279888e-02 -9.4452267e-04	 9.99e-01 Accepted	 419	 839	
100	 6.3400461e-01	 +2.3833849e-02 -3.0249057e-04	 9.98e-01 Accepted	 415	 836	
101	 6.3396474e-01	 +2.4047073e-02 -2.6553817e-04	 9.97e-01 Accepted	 418	 838	
102	 6.3390324e-01	 +2.3065652e-02 +3.1404113e-04	 1.00e+00 Accepted	 419	 838	
103	 6.3387871e-01	 +2.3480884e-02 -7.0144626e-05	 1.00e+00 Accepted	 418	 839	
104	 6.3378112e-01	 +2.4623146e-02 +9.4583527e-04	 9.97e-01 Accepted	 419	 841	
105	 6.3371367e-01	 +2.3881283e-02 +1.1770182e-03	 9.99e-01 Accepted	 419	 843	
106	 6.3374724e-01	 +2.2547234e-02 +1.2608016e-03	 1.00e+00 Accepted	 421	 845	
107	 6.3354830e-01	 +2.3266837e-02 -2.5257354e-07	 9.99e-01 Accepted	 421	 840	
108	 6.3347306e-01	 +2.2915500e-02 +5.3111241e-04	 1.00e+00 Accepted	 420	 844	
109	 6.3340934e-01	 +2.2548515e-02 +5.5634361e-04	 9.99e-01 Accepted	 421	 846	
110	 6.3342542e-01	 +2.2022485e-02 +5.0056846e-04	 1.00e+00 Accepted	 421	 847	
111	 6.3330012e-01	 +2.2307550e-02 +1.1407226e-03	 9.97e-01 Accepted	 422	 847	
# Starting_type: CheckpointStart
# Trajectory_length / Number_of_MD_steps: 1 / 8
# 	 Plaquette	 Polyakov_Loop(re,im)	 Acc._Probability	 runtime_per_traj(s)	 CG_iterations	
111	 6.3342542e-01	 +2.2022485e-02 +5.0056846e-04	 3.75e-02 Rejected	 439	 888	
112	 6.3342542e-01	 +2.2022485e-02 +5.0056846e-04	 4.93e-02 Rejected	 435	 887	
113	 6.3342542e-01	 +2.2022485e-02 +5.0056846e-04	 8.11e-02 Rejected	 438	 885	
114	 6.3342542e-01	 +2.2022485e-02 +5.0056846e-04	 4.57e-02 Rejected	 437	 889	
115	 6.3342542e-01	 +2.2022485e-02 +5.0056846e-04	 2.94e-02 Rejected	 437	 888	
116	 6.3342542e-01	 +2.2022485e-02 +5.0056846e-04	 1.48e-02 Rejected	 438	 891	
117	 6.3209657e-01	 +1.5586905e-02 +8.8698758e-04	 2.96e-02 Accepted	 437	 895	
118	 6.3151774e-01	 +1.5676150e-02 +3.8911019e-04	 1.76e-01 Accepted	 458	 928	
119	 6.3151774e-01	 +1.5676150e-02 +3.8911019e-04	 1.96e-01 Rejected	 467	 939	
120	 6.3151774e-01	 +1.5676150e-02 +3.8911019e-04	 2.54e-01 Rejected	 468	 943	
121	 6.3104298e-01	 +1.3154240e-02 -1.5709870e-04	 3.19e-01 Accepted	 465	 939	
122	 6.3104298e-01	 +1.3154240e-02 -1.5709870e-04	 2.78e-01 Rejected	 473	 952	
123	 6.3104298e-01	 +1.3154240e-02 -1.5709870e-04	 3.95e-01 Rejected	 474	 952	
124	 6.3072763e-01	 +1.2407643e-02 -3.7527778e-04	 6.04e-01 Accepted	 468	 960	
125	 6.3043339e-01	 +1.1569513e-02 +1.4505351e-04	 5.59e-01 Accepted	 436	 967	
126	 6.3043339e-01	 +1.1569513e-02 +1.4505351e-04	 7.10e-01 Rejected	 442	 971	
127	 6.3031648e-01	 +1.0572725e-02 -2.1089110e-04	 4.21e-01 Accepted	 444	 973	
128	 6.3020591e-01	 +1.0187781e-02 +1.0514171e-03	 4.03e-01 Accepted	 445	 977	
