# Starting_type: ColdStart
# serial RNG seed: 	[7547 43813 60341 2563 46081]
# parallel RNG seed:	[20520 20156 16432 61367 52628]
# Trajectory_length / Number_of_MD_steps: 0.1 / 10
# 	 Plaquette	 Polyakov_Loop(re,im)	 Acc._Probability	 runtime_per_traj(s)	 CG_iterations	
1	 1.0000000e+00	 +1.0000000e+00 +0.0000000e+00	 3.03e-01 Rejected	 263	 507	
2	 1.0000000e+00	 +1.0000000e+00 +0.0000000e+00	 3.03e-01 Rejected	 262	 507	
3	 1.0000000e+00	 +1.0000000e+00 +0.0000000e+00	 3.03e-01 Rejected	 261	 507	
4	 1.0000000e+00	 +1.0000000e+00 +0.0000000e+00	 3.03e-01 Rejected	 261	 507	
5	 1.0000000e+00	 +1.0000000e+00 +0.0000000e+00	 3.03e-01 Rejected	 262	 508	
6	 1.0000000e+00	 +1.0000000e+00 +0.0000000e+00	 3.03e-01 Rejected	 262	 507	
7	 1.0000000e+00	 +1.0000000e+00 +0.0000000e+00	 3.03e-01 Rejected	 263	 507	
8	 1.0000000e+00	 +1.0000000e+00 +0.0000000e+00	 3.03e-01 Rejected	 262	 507	
9	 1.0000000e+00	 +1.0000000e+00 +0.0000000e+00	 3.03e-01 Rejected	 262	 507	
10	 9.3288366e-01	 +7.5124678e-01 -7.5178749e-05	 3.03e-01 Accepted	 260	 507	
11	 8.8298980e-01	 +5.8746936e-01 +2.3066296e-04	 4.15e-01 Accepted	 289	 546	
12	 8.8298980e-01	 +5.8746936e-01 +2.3066296e-04	 5.11e-01 Rejected	 304	 574	
13	 8.8298980e-01	 +5.8746936e-01 +2.3066296e-04	 5.11e-01 Rejected	 309	 597	
14	 8.4442397e-01	 +4.7383088e-01 +1.2239069e-05	 5.11e-01 Accepted	 306	 584	
15	 8.1372016e-01	 +3.9094732e-01 +2.3132475e-05	 5.90e-01 Accepted	 326	 619	
16	 7.8883549e-01	 +3.2911535e-01 -5.9356250e-04	 6.55e-01 Accepted	 335	 635	
17	 7.6818775e-01	 +2.8135059e-01 -1.4997665e-04	 7.07e-01 Accepted	 341	 648	
18	 7.5082444e-01	 +2.4439766e-01 -9.1349039e-05	 7.48e-01 Accepted	 345	 658	
19	 7.3605158e-01	 +2.1458629e-01 +4.1360304e-04	 7.83e-01 Accepted	 352	 675	
20	 7.3605158e-01	 +2.1458629e-01 +4.1360304e-04	 8.11e-01 Rejected	 356	 686	
21	 7.2333891e-01	 +1.9055505e-01 +3.2156286e-04	 8.14e-01 Accepted	 356	 683	
22	 7.1224898e-01	 +1.7074535e-01 +1.8252662e-04	 8.35e-01 Accepted	 359	 695	
23	 7.0255261e-01	 +1.5505989e-01 +8.2759549e-04	 8.55e-01 Accepted	 361	 697	
24	 6.9399487e-01	 +1.3993124e-01 +1.0050190e-03	 8.69e-01 Accepted	 367	 704	
25	 6.8630950e-01	 +1.2692179e-01 +3.3470666e-04	 8.85e-01 Accepted	 368	 712	
26	 6.7953266e-01	 +1.1587574e-01 +1.0345698e-04	 8.97e-01 Accepted	 369	 711	
27	 6.7330997e-01	 +1.0610835e-01 +5.6406777e-04	 9.08e-01 Accepted	 373	 719	
28	 6.6767589e-01	 +9.7839482e-02 +1.2103642e-04	 9.16e-01 Accepted	 379	 723	
29	 6.6250521e-01	 +9.0842301e-02 +4.4050268e-04	 9.22e-01 Accepted	 381	 727	
30	 6.5784738e-01	 +8.4810501e-02 -6.2057317e-04	 9.31e-01 Accepted	 381	 730	
31	 6.5355829e-01	 +7.9767967e-02 -8.4621093e-04	 9.35e-01 Accepted	 388	 736	
32	 6.4969665e-01	 +7.4121985e-02 -8.3665093e-04	 9.41e-01 Accepted	 387	 740	
33	 6.4609668e-01	 +7.1003943e-02 -5.2921161e-04	 9.42e-01 Accepted	 390	 741	
34	 6.4273262e-01	 +6.6377455e-02 -9.6993295e-04	 9.51e-01 Accepted	 391	 745	
35	 6.3954201e-01	 +6.2534039e-02 -1.1002765e-03	 9.52e-01 Accepted	 389	 746	
36	 6.3673260e-01	 +5.9085790e-02 -6.0991437e-04	 9.57e-01 Accepted	 392	 752	
37	 6.3399830e-01	 +5.5387102e-02 -7.0615468e-04	 9.58e-01 Accepted	 395	 752	
38	 6.3139949e-01	 +5.2786628e-02 +5.6017742e-04	 9.59e-01 Accepted	 397	 759	
39	 6.2894712e-01	 +4.9785176e-02 +9.1042319e-05	 9.62e-01 Accepted	 399	 763	
40	 6.2676846e-01	 +4.8740351e-02 +1.1003082e-03	 9.66e-01 Accepted	 398	 767	
41	 6.2476799e-01	 +4.7117344e-02 -6.2748257e-05	 9.71e-01 Accepted	 400	 771	
42	 6.2282339e-01	 +4.5453673e-02 -8.4257628e-04	 9.73e-01 Accepted	 400	 772	
43	 6.2097444e-01	 +4.3781937e-02 -5.7317043e-04	 9.72e-01 Accepted	 402	 774	
44	 6.1920175e-01	 +4.0792461e-02 +1.1782772e-04	 9.75e-01 Accepted	 403	 773	
45	 6.1747700e-01	 +4.0083613e-02 +8.0333165e-04	 9.72e-01 Accepted	 405	 782	
46	 6.1593441e-01	 +3.9818929e-02 +1.0022527e-03	 9.78e-01 Accepted	 403	 781	
47	 6.1442400e-01	 +3.7680191e-02 +1.0856873e-03	 9.79e-01 Accepted	 407	 785	
48	 6.1302238e-01	 +3.5910979e-02 +8.6298599e-04	 9.79e-01 Accepted	 406	 789	
49	 6.1163750e-01	 +3.3253581e-02 +1.7332246e-03	 9.79e-01 Accepted	 408	 790	
50	 6.1030012e-01	 +3.2045912e-02 +1.7041463e-03	 9.84e-01 Accepted	 411	 794	
51	 6.0898935e-01	 +3.0584011e-02 +7.3616884e-04	 9.80e-01 Accepted	 410	 795	
52	 6.0780426e-01	 +2.8489016e-02 +5.7383271e-04	 9.83e-01 Accepted	 412	 795	
53	 6.0663776e-01	 +2.8081366e-02 +5.5800887e-04	 9.84e-01 Accepted	 412	 800	
54	 6.0550693e-01	 +2.7841202e-02 -3.1739292e-04	 9.79e-01 Accepted	 412	 797	
55	 6.0457691e-01	 +2.7823853e-02 -4.0980043e-04	 9.89e-01 Accepted	 414	 803	
56	 6.0363917e-01	 +2.7659424e-02 +8.8809569e-04	 9.85e-01 Accepted	 414	 805	
57	 6.0270911e-01	 +2.7023480e-02 +7.9749141e-04	 9.87e-01 Accepted	 417	 806	
58	 6.0176190e-01	 +2.5241484e-02 +4.8191966e-04	 9.88e-01 Accepted	 414	 808	
59	 6.0091740e-01	 +2.5003628e-02 -2.6749459e-04	 9.90e-01 Accepted	 416	 806	
60	 6.0004842e-01	 +2.4315927e-02 -8.4228639e-04	 9.89e-01 Accepted	 417	 810	
61	 5.9927808e-01	 +2.4166249e-02 +1.7055636e-04	 9.88e-01 Accepted	 418	 811	
62	 5.9850541e-01	 +2.3361654e-02 +7.9206202e-04	 9.89e-01 Accepted	 418	 817	
63	 5.9778902e-01	 +2.2229622e-02 +1.3521387e-03	 9.91e-01 Accepted	 419	 817	
64	 5.9713025e-01	 +2.1278102e-02 +9.7302835e-04	 9.90e-01 Accepted	 421	 820	
65	 5.9648725e-01	 +2.1389444e-02 +8.3890036e-04	 9.92e-01 Accepted	 422	 820	
66	 5.9582412e-01	 +2.1374560e-02 +4.7544333e-04	 9.88e-01 Accepted	 421	 822	
67	 5.9528412e-01	 +2.1000629e-02 +1.8977900e-04	 9.93e-01 Accepted	 425	 827	
68	 5.9464475e-01	 +1.9686890e-02 -4.9365383e-04	 9.89e-01 Accepted	 425	 827	
69	 5.9410906e-01	 +1.9767189e-02 -1.3770755e-03	 9.94e-01 Accepted	 424	 828	
70	 5.9352292e-01	 +1.8319839e-02 +9.7866440e-05	 9.93e-01 Accepted	 425	 833	
71	 5.9281803e-01	 +1.8509947e-02 +2.0333719e-04	 9.89e-01 Accepted	 428	 836	
72	 5.9229909e-01	 +1.8245706e-02 -3.9034923e-04	 9.94e-01 Accepted	 428	 833	
73	 5.9176704e-01	 +1.8050413e-02 -5.3044754e-05	 9.93e-01 Accepted	 428	 836	
74	 5.9126594e-01	 +1.7231056e-02 +2.2036137e-04	 9.94e-01 Accepted	 430	 837	
75	 5.9079171e-01	 +1.6449461e-02 +6.3594500e-04	 9.92e-01 Accepted	 430	 839	
76	 5.9022188e-01	 +1.5468810e-02 -1.0776508e-04	 9.95e-01 Accepted	 428	 842	
77	 5.8981638e-01	 +1.6040660e-02 -2.7731436e-04	 9.93e-01 Accepted	 429	 841	
78	 5.8932616e-01	 +1.5089741e-02 -3.0088095e-04	 9.93e-01 Accepted	 432	 843	
79	 5.8888834e-01	 +1.6495150e-02 -8.0863082e-04	 9.95e-01 Accepted	 432	 846	
80	 5.8842293e-01	 +1.6508651e-02 -1.9891804e-04	 9.95e-01 Accepted	 431	 847	
81	 5.8805781e-01	 +1.5711521e-02 -1.2370522e-04	 9.91e-01 Accepted	 435	 850	
82	 5.8765637e-01	 +1.4977456e-02 -1.2408231e-03	 9.93e-01 Accepted	 431	 849	
83	 5.8725830e-01	 +1.4374194e-02 +3.2352312e-04	 9.98e-01 Accepted	 435	 852	
84	 5.8683229e-01	 +1.3426266e-02 +4.1662217e-04	 9.96e-01 Accepted	 435	 851	
85	 5.8644745e-01	 +1.3951504e-02 +3.9309193e-04	 9.95e-01 Accepted	 437	 854	
86	 5.8608584e-01	 +1.4599238e-02 +1.1178240e-03	 9.94e-01 Accepted	 431	 856	
87	 5.8570485e-01	 +1.3775505e-02 -2.6272113e-04	 9.92e-01 Accepted	 430	 858	
88	 5.8533845e-01	 +1.3761489e-02 +8.2196978e-04	 9.95e-01 Accepted	 426	 858	
89	 5.8533845e-01	 +1.3761489e-02 +8.2196978e-04	 9.94e-01 Rejected	 425	 858	
90	 5.8507038e-01	 +1.3174861e-02 -1.2304679e-04	 9.95e-01 Accepted	 425	 859	
91	 5.8474459e-01	 +1.2783013e-02 -1.2615017e-03	 9.94e-01 Accepted	 424	 858	
92	 5.8438134e-01	 +1.1860927e-02 -9.8952962e-04	 9.96e-01 Accepted	 424	 863	
93	 5.8411430e-01	 +1.1233229e-02 -9.8480902e-04	 9.95e-01 Accepted	 426	 862	
94	 5.8382469e-01	 +1.0077238e-02 -2.3374932e-03	 9.97e-01 Accepted	 427	 864	
95	 5.8348172e-01	 +1.1346390e-02 -1.7419233e-03	 9.95e-01 Accepted	 425	 868	
96	 5.8316900e-01	 +1.1490592e-02 -8.9430799e-04	 9.94e-01 Accepted	 429	 866	
97	 5.8289002e-01	 +1.2197516e-02 -1.2716013e-03	 9.97e-01 Accepted	 434	 872	
98	 5.8256876e-01	 +1.2762037e-02 -9.1033062e-04	 9.95e-01 Accepted	 431	 871	
99	 5.8228755e-01	 +1.2571019e-02 -1.1211564e-03	 9.95e-01 Accepted	 426	 868	
100	 5.8199368e-01	 +1.2227096e-02 -2.1612863e-04	 9.99e-01 Accepted	 426	 871	
101	 5.8169573e-01	 +1.1634153e-02 +1.3446471e-04	 9.97e-01 Accepted	 429	 872	
102	 5.8154760e-01	 +1.0901228e-02 -1.2838182e-03	 1.00e+00 Accepted	 428	 873	
103	 5.8136225e-01	 +1.1271186e-02 -1.2159472e-03	 9.94e-01 Accepted	 431	 875	
104	 5.8113676e-01	 +9.9814818e-03 -1.3217984e-03	 9.95e-01 Accepted	 430	 876	
105	 5.8090687e-01	 +9.5976473e-03 -3.4025199e-04	 9.94e-01 Accepted	 432	 875	
106	 5.8058341e-01	 +1.0003235e-02 -1.9378176e-04	 9.97e-01 Accepted	 432	 880	
107	 5.8044808e-01	 +1.0271340e-02 -1.2962077e-04	 1.00e+00 Accepted	 436	 878	
108	 5.8026740e-01	 +9.5077096e-03 -4.4989886e-04	 9.96e-01 Accepted	 436	 882	
109	 5.8006031e-01	 +1.0422257e-02 -1.5473354e-03	 9.97e-01 Accepted	 438	 881	
110	 5.7991944e-01	 +1.0329313e-02 -3.7116251e-04	 1.00e+00 Accepted	 437	 884	
# Starting_type: CheckpointStart
# Trajectory_length / Number_of_MD_steps: 0.5 / 10
# 	 Plaquette	 Polyakov_Loop(re,im)	 Acc._Probability	 runtime_per_traj(s)	 CG_iterations	
111	 5.7991944e-01	 +1.0329313e-02 -3.7116251e-04	 3.39e-01 Rejected	 444	 907	
112	 5.7991944e-01	 +1.0329313e-02 -3.7116251e-04	 2.82e-01 Rejected	 442	 903	
113	 5.7991944e-01	 +1.0329313e-02 -3.7116251e-04	 3.25e-01 Rejected	 443	 904	
114	 5.7991944e-01	 +1.0329313e-02 -3.7116251e-04	 3.46e-01 Rejected	 442	 906	
115	 5.7663900e-01	 +8.7812946e-03 +1.2730900e-03	 3.77e-01 Accepted	 444	 907	
116	 5.7463720e-01	 +6.3872308e-03 -5.8232413e-04	 4.67e-01 Accepted	 451	 924	
117	 5.7296290e-01	 +4.8245753e-03 +5.4321314e-04	 5.39e-01 Accepted	 462	 944	
118	 5.7296290e-01	 +4.8245753e-03 +5.4321314e-04	 5.68e-01 Rejected	 468	 966	
119	 5.7163982e-01	 +4.1125970e-03 +9.3367569e-05	 6.21e-01 Accepted	 468	 957	
120	 5.7163982e-01	 +4.1125970e-03 +9.3367569e-05	 7.62e-01 Rejected	 477	 972	
121	 5.7163982e-01	 +4.1125970e-03 +9.3367569e-05	 8.18e-01 Rejected	 475	 972	
122	 5.7163982e-01	 +4.1125970e-03 +9.3367569e-05	 7.15e-01 Rejected	 475	 969	
123	 5.7163982e-01	 +4.1125970e-03 +9.3367569e-05	 7.38e-01 Rejected	 476	 971	
124	 5.7073176e-01	 +5.0256588e-03 +1.5888842e-03	 7.22e-01 Accepted	 475	 975	
125	 5.7008520e-01	 +4.3042952e-03 -3.0909566e-04	 8.52e-01 Accepted	 482	 988	
126	 5.6957639e-01	 +3.2103022e-03 +7.5684039e-04	 8.20e-01 Accepted	 489	 997	
127	 5.6880031e-01	 +6.5900440e-03 +1.7262085e-03	 7.45e-01 Accepted	 491	 1007	
128	 5.6845304e-01	 +3.1248128e-03 +5.2122875e-05	 8.91e-01 Accepted	 497	 1016	
129	 5.6811941e-01	 +3.9092054e-03 +4.7909544e-04	 1.02e+00 Accepted	 502	 1025	
130	 5.6811941e-01	 +3.9092054e-03 +4.7909544e-04	 8.29e-01 Rejected	 505	 1034	
131	 5.6749328e-01	 +4.4093494e-03 -3.6945111e-04	 8.83e-01 Accepted	 505	 1030	
132	 5.6739665e-01	 +2.1704510e-03 -1.1872428e-03	 9.47e-01 Accepted	 508	 1035	
133	 5.6738998e-01	 +2.5583499e-03 -2.6483662e-03	 9.42e-01 Accepted	 516	 1094	
134	 5.6714904e-01	 +3.4832537e-03 +1.0381152e-04	 8.09e-01 Accepted	 531	 1052	
135	 5.6704674e-01	 +1.5161583e-03 -1.2727287e-03	 1.01e+00 Accepted	 521	 1057	
136	 5.6657744e-01	 +1.6490881e-03 +4.4233634e-04	 8.51e-01 Accepted	 518	 1059	
137	 5.6669658e-01	 +2.4724200e-03 +8.6318845e-04	 9.73e-01 Accepted	 523	 1069	
138	 5.6652291e-01	 +1.3811073e-03 +1.0628188e-03	 8.68e-01 Accepted	 528	 1076	
139	 5.6640208e-01	 +1.5003361e-03 -9.8597928e-04	 8.60e-01 Accepted	 534	 1101	
140	 5.6640208e-01	 +1.5003361e-03 -9.8597928e-04	 8.09e-01 Rejected	 535	 1085	
141	 5.6654330e-01	 +3.4168304e-03 +3.7975177e-04	 1.04e+00 Accepted	 551	 1089	
142	 5.6623735e-01	 +3.9075023e-04 -2.9207191e-04	 1.03e+00 Accepted	 551	 1095	
143	 5.6623735e-01	 +3.9075023e-04 -2.9207191e-04	 9.19e-01 Rejected	 553	 1109	
144	 5.6629979e-01	 +3.0941348e-03 -1.2954295e-03	 8.66e-01 Accepted	 551	 1092	
145	 5.6620598e-01	 +1.6672808e-03 +1.0282390e-03	 9.22e-01 Accepted	 555	 1099	
146	 5.6629225e-01	 +2.5905915e-03 +3.1239456e-04	 9.77e-01 Accepted	 557	 1106	
147	 5.6619452e-01	 +3.9718105e-03 +2.1986437e-03	 8.77e-01 Accepted	 556	 1110	
148	 5.6625585e-01	 +1.9637581e-03 -1.5079919e-04	 1.10e+00 Accepted	 559	 1117	
149	 5.6620193e-01	 +2.9202139e-03 -6.0319775e-04	 9.38e-01 Accepted	 559	 1115	
150	 5.6583394e-01	 +8.9078581e-04 +3.5750280e-04	 9.19e-01 Accepted	 563	 1128	
151	 5.6592165e-01	 +2.1936350e-03 -6.1955300e-05	 1.00e+00 Accepted	 567	 1130	
152	 5.6592256e-01	 +2.1567254e-03 -2.1507438e-04	 9.50e-01 Accepted	 569	 1162	
153	 5.6598676e-01	 +2.0910629e-03 -7.4666374e-04	 8.54e-01 Accepted	 576	 1137	
154	 5.6598676e-01	 +2.0910629e-03 -7.4666374e-04	 8.12e-01 Rejected	 572	 1150	
155	 5.6591965e-01	 +1.3729309e-03 +1.8752155e-03	 8.57e-01 Accepted	 572	 1144	
156	 5.6581454e-01	 -9.7649862e-05 -1.0308116e-03	 9.73e-01 Accepted	 574	 1147	
157	 5.6581597e-01	 +2.3442605e-04 +2.0392590e-03	 9.76e-01 Accepted	 581	 1151	
158	 5.6579630e-01	 +2.1658326e-03 +4.5960142e-04	 1.01e+00 Accepted	 579	 1153	
159	 5.6573553e-01	 +1.3740682e-03 -1.0709070e-03	 9.42e-01 Accepted	 582	 1157	
160	 5.6575733e-01	 +3.2701946e-03 -1.7300186e-03	 9.43e-01 Accepted	 587	 1246	
161	 5.6559169e-01	 +1.6900330e-03 +3.6386675e-05	 1.12e+00 Accepted	 640	 1362	
162	 5.6558890e-01	 +2.3552687e-03 -3.5987026e-05	 9.32e-01 Accepted	 660	 1341	
163	 5.6563066e-01	 +3.4355516e-03 -5.9500559e-04	 1.13e+00 Accepted	 644	 1263	
164	 5.6568104e-01	 +7.0175679e-04 -5.2210154e-04	 1.17e+00 Accepted	 623	 1261	
165	 5.6572148e-01	 +4.0880021e-05 +1.4863413e-03	 9.51e-01 Accepted	 626	 1259	
166	 5.6570429e-01	 +1.6288799e-03 -9.3498584e-04	 1.04e+00 Accepted	 625	 1219	
167	 5.6553149e-01	 +1.0701163e-03 +7.3576996e-04	 9.44e-01 Accepted	 630	 1282	
168	 5.6550367e-01	 +2.4565658e-03 +4.9355303e-04	 1.11e+00 Accepted	 635	 1270	
169	 5.6567635e-01	 +1.0615130e-03 +3.7055575e-04	 1.06e+00 Accepted	 635	 1266	
170	 5.6559406e-01	 +1.8632961e-03 -2.0680263e-04	 9.03e-01 Accepted	 633	 1267	
171	 5.6567419e-01	 +4.4957026e-03 -9.2621890e-04	 8.61e-01 Accepted	 632	 1265	
172	 5.6540836e-01	 +3.9058215e-04 -5.8946505e-04	 9.21e-01 Accepted	 633	 1270	
173	 5.6553641e-01	 +2.5884907e-03 +8.4668155e-05	 9.05e-01 Accepted	 634	 1279	
174	 5.6561497e-01	 +8.4521501e-04 -7.5998257e-04	 1.00e+00 Accepted	 634	 1279	
175	 5.6552431e-01	 +5.0991455e-04 +5.8362543e-04	 1.05e+00 Accepted	 631	 1282	
176	 5.6550066e-01	 +2.2070950e-03 -2.2593899e-04	 9.05e-01 Accepted	 638	 1303	
177	 5.6549320e-01	 +6.0501520e-04 -5.0715779e-04	 8.85e-01 Accepted	 669	 1382	
178	 5.6531386e-01	 -4.5924541e-04 +5.8337070e-04	 9.47e-01 Accepted	 669	 1338	
179	 5.6540399e-01	 +1.5059431e-03 -1.0457777e-03	 1.09e+00 Accepted	 669	 1359	
180	 5.6512340e-01	 -4.7908743e-04 -2.3159694e-03	 9.21e-01 Accepted	 669	 1372	
181	 5.6536572e-01	 +1.9443237e-04 -5.7250088e-04	 1.07e+00 Accepted	 670	 1370	
182	 5.6523343e-01	 +1.0154775e-03 -1.6900263e-03	 9.71e-01 Accepted	 681	 1391	
183	 5.6523457e-01	 +3.5594292e-03 -7.5884730e-04	 9.88e-01 Accepted	 673	 1396	
184	 5.6508664e-01	 +5.1900701e-04 +1.5030516e-03	 1.03e+00 Accepted	 677	 1405	
185	 5.6516441e-01	 -6.0212537e-04 +2.2681622e-03	 1.12e+00 Accepted	 683	 1421	
186	 5.6499303e-01	 +8.4023608e-04 -1.5787194e-03	 9.59e-01 Accepted	 682	 1392	
# Starting_type: CheckpointStart
# Trajectory_length / Number_of_MD_steps: 1 / 8
# 	 Plaquette	 Polyakov_Loop(re,im)	 Acc._Probability	 runtime_per_traj(s)	 CG_iterations	
187	 5.6480303e-01	 +1.5749930e-03 +4.5688380e-04	 1.15e+00 Accepted	 550	 1419	
188	 5.6493298e-01	 +1.5832427e-03 +7.5781770e-04	 1.41e+00 Accepted	 533	 1323	
189	 5.6493298e-01	 +1.5832427e-03 +7.5781770e-04	 6.59e-01 Rejected	 526	 1360	
190	 5.6491613e-01	 +1.8557527e-03 -1.2836251e-03	 1.07e+00 Accepted	 523	 1323	
191	 5.6479729e-01	 +1.4383624e-03 -3.6364380e-04	 1.22e+00 Accepted	 522	 1336	
192	 5.6479729e-01	 +1.4383624e-03 -3.6364380e-04	 7.73e-01 Rejected	 527	 1375	
193	 5.6490876e-01	 -6.5487462e-04 +1.8383230e-03	 7.54e-01 Accepted	 533	 1351	
194	 5.6497463e-01	 +1.9151764e-03 -2.4029401e-05	 5.82e-01 Accepted	 540	 1472	
195	 5.6484349e-01	 +2.1308146e-03 +3.2679948e-04	 1.08e+00 Accepted	 561	 1347	
196	 5.6489475e-01	 +1.5920890e-03 -1.2150820e-03	 2.20e+00 Accepted	 530	 1361	
197	 5.6489394e-01	 +1.0760657e-03 +3.1464362e-05	 7.25e-01 Accepted	 538	 1466	
198	 5.6496498e-01	 +8.0315061e-04 +9.0910659e-04	 1.23e+00 Accepted	 547	 1354	
199	 5.6505295e-01	 +2.0302434e-04 +6.9840964e-04	 1.49e+00 Accepted	 534	 1364	
200	 5.6505295e-01	 +2.0302434e-04 +6.9840964e-04	 5.56e-01 Rejected	 531	 1362	
201	 5.6497202e-01	 +1.2841135e-03 +6.5178438e-04	 1.36e+00 Accepted	 534	 1365	
202	 5.6484268e-01	 +1.0587824e-03 +1.0219872e-04	 7.30e-01 Accepted	 541	 1369	
203	 5.6491805e-01	 +2.3796166e-03 -3.1316817e-04	 1.68e+00 Accepted	 547	 1392	
204	 5.6485937e-01	 +8.1458342e-04 -1.0970608e-03	 7.85e-01 Accepted	 564	 1407	
205	 5.6490686e-01	 -1.9188400e-03 +6.3000341e-04	 1.28e+00 Accepted	 558	 1375	
206	 5.6490686e-01	 -1.9188400e-03 +6.3000341e-04	 8.05e-01 Rejected	 552	 1402	
207	 5.6492372e-01	 +4.3690210e-04 -1.3474355e-03	 9.03e-01 Accepted	 547	 1381	
208	 5.6489803e-01	 -5.6006848e-04 +1.1380866e-03	 1.31e+00 Accepted	 546	 1407	
209	 5.6495819e-01	 +3.3041091e-04 -4.3341203e-04	 1.48e+00 Accepted	 560	 1460	
210	 5.6495819e-01	 +3.3041091e-04 -4.3341203e-04	 3.22e-01 Rejected	 553	 1408	
211	 5.6491864e-01	 +4.9820785e-04 -3.3864172e-05	 1.11e+00 Accepted	 581	 1447	
212	 5.6488177e-01	 -7.7838315e-04 -1.5379945e-03	 1.07e+00 Accepted	 556	 1414	
213	 5.6489924e-01	 -1.0715481e-03 -7.9673290e-04	 1.31e+00 Accepted	 546	 1376	
214	 5.6494060e-01	 -4.5917134e-04 -9.6479093e-04	 3.89e-01 Accepted	 540	 1380	
215	 5.6476530e-01	 -2.3545893e-04 -9.0832441e-04	 1.92e+00 Accepted	 539	 1373	
216	 5.6469858e-01	 -6.1288351e-04 +4.2209347e-04	 2.46e+00 Accepted	 544	 1381	
217	 5.6467529e-01	 +7.9884932e-04 -2.7800488e-04	 8.03e-01 Accepted	 538	 1379	
218	 5.6468342e-01	 +2.1413589e-04 -1.6840266e-04	 5.21e-01 Accepted	 543	 1387	
219	 5.6466490e-01	 -6.8459422e-04 -2.3019088e-03	 1.06e+00 Accepted	 541	 1380	
220	 5.6483018e-01	 -1.5909112e-03 +8.1977668e-04	 7.79e-01 Accepted	 559	 1527	
221	 5.6501053e-01	 +2.4059707e-03 -1.0338337e-05	 3.04e+00 Accepted	 566	 1386	
222	 5.6490780e-01	 -4.4323855e-04 +4.5017570e-04	 5.89e-01 Accepted	 539	 1377	
223	 5.6489722e-01	 +1.5169762e-03 +8.2682753e-04	 2.80e+00 Accepted	 541	 1384	
224	 5.6486044e-01	 +1.3285218e-03 +2.2043571e-04	 8.77e-01 Accepted	 539	 1375	
225	 5.6471936e-01	 +1.6422693e-03 -7.8725990e-04	 8.30e-01 Accepted	 541	 1387	
226	 5.6480137e-01	 +7.3928709e-04 -2.4330223e-03	 1.59e+00 Accepted	 545	 1396	
227	 5.6473925e-01	 +3.1280011e-04 +6.5872628e-04	 1.50e+00 Accepted	 551	 1423	
228	 5.6480249e-01	 -8.5015782e-04 -4.7299091e-04	 2.42e+00 Accepted	 550	 1392	
229	 5.6480249e-01	 -8.5015782e-04 -4.7299091e-04	 7.00e-01 Rejected	 553	 1422	
230	 5.6472422e-01	 -1.0266483e-03 +4.9325243e-04	 4.13e-01 Accepted	 546	 1394	
231	 5.6472422e-01	 -1.0266483e-03 +4.9325243e-04	 5.46e-01 Rejected	 548	 1410	
232	 5.6483963e-01	 -4.2158721e-04 -1.0527570e-03	 1.00e+00 Accepted	 556	 1407	
233	 5.6483963e-01	 -4.2158721e-04 -1.0527570e-03	 6.10e-01 Rejected	 564	 1417	
234	 5.6504966e-01	 -3.3618838e-04 -4.2072596e-05	 6.98e-01 Accepted	 559	 1405	
235	 5.6504966e-01	 -3.3618838e-04 -4.2072596e-05	 4.37e-01 Rejected	 555	 1403	
236	 5.6497822e-01	 +1.6381220e-03 +2.0796528e-03	 1.09e+00 Accepted	 557	 1403	
237	 5.6497822e-01	 +1.6381220e-03 +2.0796528e-03	 5.23e-01 Rejected	 552	 1397	
238	 5.6493061e-01	 -6.2467077e-04 -2.3406953e-03	 1.30e+00 Accepted	 551	 1408	
239	 5.6474014e-01	 +7.1355829e-04 -2.6784142e-05	 1.22e+00 Accepted	 565	 1433	
240	 5.6472768e-01	 +4.4196140e-04 +6.0736493e-04	 4.41e-01 Accepted	 567	 1491	
241	 5.6468862e-01	 +4.0734971e-04 -8.7892375e-05	 1.24e+00 Accepted	 578	 1484	
242	 5.6463436e-01	 +6.4136289e-05 +1.2903456e-03	 1.25e+00 Accepted	 570	 1465	
243	 5.6486367e-01	 -8.0106536e-04 -3.9932803e-04	 7.85e-01 Accepted	 573	 1439	
244	 5.6487482e-01	 -1.6348779e-03 +7.8223299e-04	 1.11e+00 Accepted	 561	 1446	
245	 5.6495509e-01	 -2.1397267e-04 +7.4201849e-04	 2.14e+00 Accepted	 559	 1414	
246	 5.6495509e-01	 -2.1397267e-04 +7.4201849e-04	 2.83e-01 Rejected	 561	 1440	
247	 5.6483846e-01	 -3.2516630e-04 -1.9126153e-03	 2.18e-01 Accepted	 562	 1423	
248	 5.6483846e-01	 -3.2516630e-04 -1.9126153e-03	 8.12e-01 Rejected	 564	 1433	
249	 5.6499854e-01	 +1.3599916e-04 -9.2252180e-04	 6.76e-01 Accepted	 573	 1524	
250	 5.6505518e-01	 +6.4352784e-04 -7.8805125e-04	 5.62e-01 Accepted	 577	 1414	
251	 5.6486832e-01	 -6.0733901e-04 -3.3027438e-04	 4.12e-01 Accepted	 558	 1434	
252	 5.6493513e-01	 +4.7474402e-04 -1.9810857e-05	 3.47e-01 Accepted	 554	 1422	
253	 5.6488920e-01	 +2.3893368e-04 -2.7046613e-04	 9.88e-01 Accepted	 562	 1415	
254	 5.6488920e-01	 +2.3893368e-04 -2.7046613e-04	 6.31e-01 Rejected	 571	 1459	
255	 5.6473148e-01	 +3.2302372e-04 -1.2063491e-03	 1.08e+00 Accepted	 562	 1413	
256	 5.6480085e-01	 -9.3384413e-04 +1.9941207e-03	 9.10e-01 Accepted	 563	 1427	
257	 5.6480746e-01	 -5.8694048e-04 -6.7310035e-04	 1.50e+00 Accepted	 563	 1422	
258	 5.6480584e-01	 +6.4293728e-04 +9.6188560e-05	 2.81e+00 Accepted	 566	 1411	
259	 5.6478285e-01	 +1.4760510e-03 -4.3024383e-04	 1.08e+00 Accepted	 567	 1500	
260	 5.6488782e-01	 -6.1851350e-04 +5.4500092e-04	 1.21e+00 Accepted	 581	 1423	
261	 5.6484444e-01	 +3.9743727e-04 -4.7906323e-04	 7.35e-01 Accepted	 567	 1412	
262	 5.6488913e-01	 +1.0647533e-03 +8.1420291e-04	 2.16e+00 Accepted	 557	 1426	
263	 5.6463964e-01	 +4.8417404e-04 -3.7230477e-04	 7.95e-01 Accepted	 556	 1417	
264	 5.6475798e-01	 +2.2289506e-04 -9.0839273e-05	 1.13e+00 Accepted	 561	 1416	
