# Starting_type: HotStart
# serial RNG seed: 	[61 10 97 86 29]
# parallel RNG seed:	[42 89 71 95 2]
# Trajectory_length / Number_of_MD_steps: 1 / 8
# 	 Plaquette	 Polyakov_Loop(re,im)	 Acc._Probability	 runtime_per_traj(s)	 CG_iterations	
1	 2.2551301e-01	 +5.9022763e-04 -1.4270114e-03	 6.49e+145 Accepted	 341	 989	
2	 3.1795632e-01	 +8.5574235e-04 -3.5740281e-04	 3.48e+80 Accepted	 476	 1286	
3	 3.6932366e-01	 +5.3284231e-04 +1.1373365e-03	 1.28e+48 Accepted	 553	 1459	
4	 4.0238513e-01	 +1.4026501e-03 +1.8189935e-03	 4.33e+32 Accepted	 599	 1561	
5	 4.2653141e-01	 -1.0714306e-03 +1.2871675e-03	 2.55e+23 Accepted	 626	 1636	
6	 4.4533809e-01	 -7.1238698e-04 -9.9555511e-04	 4.86e+17 Accepted	 646	 1681	
7	 4.6089069e-01	 +3.5120633e-04 +1.6203403e-04	 6.57e+13 Accepted	 650	 1717	
8	 4.7442421e-01	 -9.8042281e-05 +1.0486187e-03	 8.82e+11 Accepted	 677	 1746	
9	 4.8627763e-01	 +2.0759701e-04 -1.0066986e-03	 1.05e+09 Accepted	 690	 1777	
10	 4.9716032e-01	 -1.1989037e-03 -7.8626429e-06	 6.01e+08 Accepted	 698	 1793	
11	 5.0722057e-01	 +3.7154108e-06 -1.7028809e-03	 3.62e+07 Accepted	 703	 1812	
12	 5.1623840e-01	 -1.8064428e-03 -9.6246813e-04	 1.26e+06 Accepted	 707	 1816	
13	 5.2457189e-01	 +1.0310702e-03 +5.7324636e-04	 3.36e+05 Accepted	 712	 1824	
14	 5.3207259e-01	 -1.6596447e-03 +9.2766843e-04	 6.67e+05 Accepted	 716	 1816	
15	 5.3872888e-01	 +1.4178316e-03 -7.9349503e-04	 1.54e+05 Accepted	 721	 1816	
16	 5.4465379e-01	 +3.4117638e-04 +5.3138632e-04	 6.57e+03 Accepted	 714	 1824	
17	 5.4949482e-01	 -2.3468186e-03 +2.2097540e-03	 2.46e+03 Accepted	 719	 1803	
18	 5.5395118e-01	 -1.3043761e-03 -4.6009297e-04	 7.03e+02 Accepted	 714	 1838	
19	 5.5757450e-01	 -9.8569334e-05 -7.9548205e-04	 2.45e+02 Accepted	 717	 1757	
20	 5.6046544e-01	 -9.1499607e-04 -1.2530191e-03	 2.59e+01 Accepted	 703	 1772	
21	 5.6298435e-01	 -5.0985217e-04 -1.1364370e-03	 8.58e+01 Accepted	 702	 1727	
22	 5.6510224e-01	 -3.9613453e-04 +1.6234871e-04	 1.44e+01 Accepted	 702	 1726	
23	 5.6697001e-01	 +5.0816884e-04 +5.6748161e-04	 4.31e+01 Accepted	 709	 1687	
24	 5.6860766e-01	 -1.2261116e-03 -6.4361761e-05	 1.93e+01 Accepted	 703	 1716	
25	 5.6988854e-01	 -5.7661473e-04 +9.9315549e-04	 3.47e+00 Accepted	 703	 1698	
26	 5.7092817e-01	 -6.8661712e-04 -1.2247234e-03	 7.18e-01 Accepted	 702	 1696	
27	 5.7203994e-01	 -9.6437280e-04 +5.3483801e-04	 5.51e+00 Accepted	 694	 1635	
28	 5.7274400e-01	 +8.2170630e-04 +1.7539837e-04	 1.66e+00 Accepted	 683	 1669	
29	 5.7333594e-01	 +8.7209673e-04 -1.0203948e-03	 3.58e+00 Accepted	 680	 1626	
30	 5.7374454e-01	 +6.1683464e-04 +4.1591364e-04	 1.57e+00 Accepted	 659	 1611	
31	 5.7433450e-01	 +5.7159967e-04 +3.1678777e-04	 1.08e+00 Accepted	 652	 1617	
32	 5.7478626e-01	 -5.2996467e-04 -2.7252510e-04	 2.84e+00 Accepted	 643	 1634	
33	 5.7510190e-01	 +1.9062424e-03 +8.6991335e-04	 4.06e+00 Accepted	 649	 1614	
34	 5.7542073e-01	 +7.5861132e-04 -1.8692729e-03	 1.19e+00 Accepted	 636	 1598	
35	 5.7552177e-01	 +2.5075312e-05 +3.1213623e-04	 1.18e+00 Accepted	 631	 1597	
36	 5.7570335e-01	 +8.7098055e-04 -6.8309533e-04	 1.36e+00 Accepted	 633	 1596	
37	 5.7595729e-01	 -2.3363113e-03 +4.8753064e-04	 2.59e+00 Accepted	 627	 1572	
38	 5.7594053e-01	 -3.1671179e-04 +1.5670880e-04	 5.08e-01 Accepted	 615	 1583	
39	 5.7628505e-01	 +8.4105318e-04 -1.2938540e-05	 2.10e+00 Accepted	 616	 1528	
40	 5.7616080e-01	 -1.3850413e-03 -5.3378780e-04	 1.16e+00 Accepted	 609	 1525	
41	 5.7628785e-01	 +1.0049591e-03 +1.4600772e-03	 2.14e+00 Accepted	 601	 1566	
42	 5.7650747e-01	 -1.0088723e-03 +7.8889100e-04	 5.75e-01 Accepted	 617	 1526	
43	 5.7672981e-01	 -7.8408614e-04 -5.8263850e-04	 1.69e+00 Accepted	 608	 1524	
44	 5.7701654e-01	 -1.8263826e-03 +1.0708417e-03	 1.47e+00 Accepted	 604	 1548	
45	 5.7703852e-01	 +2.1150699e-03 -1.7430147e-04	 8.47e-01 Accepted	 592	 1518	
46	 5.7696478e-01	 -1.2823936e-04 -4.1155214e-04	 7.62e-01 Accepted	 594	 1506	
47	 5.7717580e-01	 +1.6984625e-03 -8.2315928e-04	 1.09e+00 Accepted	 599	 1514	
48	 5.7740671e-01	 +1.9477085e-03 +3.9443827e-04	 1.19e+00 Accepted	 614	 1534	
49	 5.7749472e-01	 -1.3677564e-03 -5.1030408e-04	 1.41e+00 Accepted	 613	 1518	
50	 5.7749472e-01	 -1.3677564e-03 -5.1030408e-04	 5.56e-01 Rejected	 622	 1546	
51	 5.7752540e-01	 +1.4416517e-03 +2.1626129e-04	 2.71e+00 Accepted	 609	 1535	
52	 5.7759514e-01	 -3.7931565e-04 -7.5520576e-04	 2.63e+00 Accepted	 614	 1527	
53	 5.7759514e-01	 -3.7931565e-04 -7.5520576e-04	 3.56e-01 Rejected	 607	 1494	
54	 5.7771505e-01	 +4.0044233e-04 +2.1826710e-04	 2.02e+00 Accepted	 608	 1484	
55	 5.7748851e-01	 -1.5748122e-03 -1.0639233e-03	 8.54e-01 Accepted	 595	 1475	
56	 5.7752131e-01	 -2.6130746e-04 +9.6786480e-04	 2.10e+00 Accepted	 594	 1469	
57	 5.7745665e-01	 -9.3695323e-04 -9.8803073e-04	 5.74e-01 Accepted	 588	 1452	
58	 5.7751589e-01	 +8.7901181e-04 +9.8001259e-04	 6.21e-01 Accepted	 577	 1489	
59	 5.7757818e-01	 +4.7438950e-04 -1.0168313e-03	 8.78e-01 Accepted	 575	 1475	
60	 5.7755169e-01	 +1.9465082e-03 -2.7356270e-03	 1.29e+00 Accepted	 575	 1434	
61	 5.7748020e-01	 +4.8030891e-04 -6.4820413e-04	 5.01e-01 Accepted	 567	 1433	
62	 5.7738754e-01	 +1.2083780e-03 -3.8193441e-04	 9.78e-01 Accepted	 565	 1453	
63	 5.7738754e-01	 +1.2083780e-03 -3.8193441e-04	 8.77e-01 Rejected	 574	 1468	
64	 5.7757451e-01	 +1.5411225e-06 -6.9518526e-04	 5.05e-01 Accepted	 572	 1464	
65	 5.7769608e-01	 -9.0145115e-04 -1.3711443e-03	 1.80e+00 Accepted	 586	 1472	
66	 5.7793897e-01	 +9.8504785e-05 +9.4664455e-04	 1.88e+00 Accepted	 590	 1473	
67	 5.7798535e-01	 +9.7810788e-04 +4.4630763e-04	 1.17e+00 Accepted	 579	 1493	
68	 5.7795587e-01	 -2.2442043e-03 +3.5095791e-05	 1.37e+00 Accepted	 582	 1448	
# Starting_type: CheckpointStart
# Trajectory_length / Number_of_MD_steps: 1 / 8
# 	 Plaquette	 Polyakov_Loop(re,im)	 Acc._Probability	 runtime_per_traj(s)	 CG_iterations	
69	 5.7799799e-01	 -1.6318733e-04 -2.2409270e-03	 5.30e-01 Accepted	 889	 1522	
70	 5.7795660e-01	 +2.5593309e-04 -2.1130824e-03	 1.93e+00 Accepted	 892	 1488	
71	 5.7797684e-01	 +1.4805254e-03 -1.0805597e-03	 9.57e-01 Accepted	 874	 1420	
72	 5.7797684e-01	 +1.4805254e-03 -1.0805597e-03	 2.68e-01 Rejected	 865	 1452	
73	 5.7801196e-01	 -2.2151405e-04 -9.9192057e-04	 1.12e+00 Accepted	 864	 1439	
74	 5.7798396e-01	 +4.5495169e-04 -1.4276209e-04	 3.77e-01 Accepted	 870	 1437	
75	 5.7788984e-01	 -5.5001195e-04 -4.1349075e-04	 1.31e+00 Accepted	 866	 1461	
76	 5.7788984e-01	 -5.5001195e-04 -4.1349075e-04	 6.91e-01 Rejected	 882	 1477	
77	 5.7785006e-01	 -2.4302290e-03 -6.2963077e-05	 1.29e+00 Accepted	 872	 1427	
78	 5.7788846e-01	 -1.4465554e-03 -6.9615517e-04	 8.38e-01 Accepted	 857	 1431	
79	 5.7792667e-01	 -1.7729496e-03 +7.0222732e-04	 9.42e-01 Accepted	 858	 1417	
80	 5.7792667e-01	 -1.7729496e-03 +7.0222732e-04	 5.53e-01 Rejected	 858	 1416	
81	 5.7778562e-01	 -1.7207946e-04 +5.3573674e-04	 6.49e-01 Accepted	 857	 1422	
82	 5.7779018e-01	 -3.5908373e-04 +1.7976370e-03	 1.02e+00 Accepted	 867	 1434	
83	 5.7781672e-01	 +1.5011981e-04 +1.5916278e-03	 3.93e-01 Accepted	 865	 1450	
84	 5.7781755e-01	 +3.5225875e-05 +5.6117860e-04	 9.08e-01 Accepted	 862	 1414	
85	 5.7792473e-01	 +6.3356502e-04 +4.1774588e-04	 2.91e+00 Accepted	 864	 1444	
86	 5.7792473e-01	 +6.3356502e-04 +4.1774588e-04	 8.08e-01 Rejected	 861	 1438	
87	 5.7792473e-01	 +6.3356502e-04 +4.1774588e-04	 4.92e-01 Rejected	 853	 1419	
88	 5.7789074e-01	 -1.7354807e-04 +9.6595700e-04	 1.44e+00 Accepted	 862	 1418	
89	 5.7800510e-01	 -1.7871486e-04 -1.3991199e-03	 2.12e+00 Accepted	 861	 1460	
90	 5.7829243e-01	 -2.3213831e-04 +1.5849118e-03	 1.56e+00 Accepted	 864	 1415	
91	 5.7824174e-01	 +1.3977583e-04 +1.2383153e-05	 9.23e-01 Accepted	 849	 1411	
92	 5.7824174e-01	 +1.3977583e-04 +1.2383153e-05	 6.32e-01 Rejected	 853	 1440	
93	 5.7824174e-01	 +1.3977583e-04 +1.2383153e-05	 2.95e-01 Rejected	 846	 1419	
94	 5.7810926e-01	 +1.3585085e-03 -2.1805115e-04	 9.89e-01 Accepted	 852	 1426	
95	 5.7812843e-01	 -1.5961629e-03 +1.0588232e-03	 5.27e-01 Accepted	 858	 1411	
96	 5.7803813e-01	 -3.9890578e-05 +6.0858778e-04	 6.79e-01 Accepted	 860	 1439	
97	 5.7803813e-01	 -3.9890578e-05 +6.0858778e-04	 5.05e-01 Rejected	 872	 1437	
98	 5.7814704e-01	 -4.4205175e-04 -2.1886766e-04	 2.72e+00 Accepted	 869	 1428	
99	 5.7807715e-01	 -1.2167088e-03 +1.0638926e-04	 5.13e-01 Accepted	 856	 1406	
100	 5.7799940e-01	 -1.1653221e-03 -1.3066533e-03	 9.97e-01 Accepted	 857	 1412	
101	 5.7804563e-01	 -1.2645202e-03 -1.0607661e-03	 7.56e-01 Accepted	 856	 1417	
102	 5.7803747e-01	 -6.2619570e-04 +1.3351489e-03	 9.37e-01 Accepted	 864	 1412	
103	 5.7799251e-01	 +7.7560276e-04 +7.0068943e-04	 3.26e+00 Accepted	 852	 1406	
104	 5.7798765e-01	 -1.0258249e-03 -2.5615099e-04	 4.34e+00 Accepted	 860	 1435	
105	 5.7819904e-01	 +3.6235900e-05 +1.1498395e-03	 1.64e+00 Accepted	 861	 1401	
106	 5.7808034e-01	 +6.8820536e-04 -1.1189063e-03	 8.01e-01 Accepted	 849	 1409	
107	 5.7807154e-01	 +8.9215863e-04 -9.6055664e-04	 1.08e+00 Accepted	 849	 1406	
108	 5.7802259e-01	 -1.8227087e-03 +6.6301186e-04	 1.06e+00 Accepted	 847	 1405	
109	 5.7843984e-01	 -1.0961598e-03 +1.5972985e-03	 1.19e+00 Accepted	 856	 1403	
110	 5.7851586e-01	 +5.0326245e-04 +8.8217844e-04	 1.35e+00 Accepted	 855	 1410	
111	 5.7828398e-01	 -9.1693318e-04 +1.1691305e-03	 7.16e-01 Accepted	 850	 1401	
112	 5.7815730e-01	 -5.6579906e-05 -9.4864560e-04	 7.94e-01 Accepted	 856	 1406	
113	 5.7829496e-01	 -7.3794044e-04 -2.3939467e-04	 1.69e+00 Accepted	 858	 1410	
114	 5.7816623e-01	 -1.3703241e-03 +4.6069830e-05	 7.21e-01 Accepted	 854	 1407	
115	 5.7808208e-01	 +5.6434837e-04 +2.7159798e-04	 8.59e-01 Accepted	 841	 1422	
116	 5.7828251e-01	 +7.2329761e-04 -1.3509905e-03	 1.80e+00 Accepted	 842	 1413	
117	 5.7824151e-01	 +1.1594968e-04 +5.4821824e-04	 3.84e-01 Accepted	 841	 1441	
118	 5.7824151e-01	 +1.1594968e-04 +5.4821824e-04	 7.03e-01 Rejected	 852	 1438	
