# Starting_type: ColdStart
# serial RNG seed: 	[16665 23360 21254 51228 4004]
# parallel RNG seed:	[24180 57510 23162 15451 33756]
# Trajectory_length / Number_of_MD_steps: 0.1 / 10
# 	 Plaquette	 Polyakov_Loop(re,im)	 Acc._Probability	 runtime_per_traj(s)	 CG_iterations	
1	 1.0000000e+00	 +1.0000000e+00 +0.0000000e+00	 3.16e-01 Rejected	 255	 507	
2	 1.0000000e+00	 +1.0000000e+00 +0.0000000e+00	 3.17e-01 Rejected	 253	 508	
3	 9.3271387e-01	 +7.5112929e-01 -1.3621935e-05	 3.16e-01 Accepted	 253	 508	
4	 9.3271387e-01	 +7.5112929e-01 -1.3621935e-05	 4.25e-01 Rejected	 283	 554	
5	 8.8223850e-01	 +5.8586357e-01 -2.6392039e-04	 4.26e-01 Accepted	 283	 547	
6	 8.4300723e-01	 +4.7101873e-01 -8.5280759e-05	 5.18e-01 Accepted	 301	 596	
7	 8.1158381e-01	 +3.8807321e-01 -3.8417971e-04	 5.95e-01 Accepted	 316	 616	
8	 7.8589560e-01	 +3.2502992e-01 +3.6324422e-04	 6.59e-01 Accepted	 327	 634	
9	 7.6458327e-01	 +2.7699676e-01 +1.7937405e-04	 7.11e-01 Accepted	 332	 647	
10	 7.4642850e-01	 +2.3896757e-01 -2.6268011e-04	 7.49e-01 Accepted	 341	 669	
11	 7.3096588e-01	 +2.0890693e-01 +6.6816622e-05	 7.83e-01 Accepted	 348	 688	
12	 7.1754696e-01	 +1.8338258e-01 -6.2694755e-05	 8.08e-01 Accepted	 351	 692	
13	 7.0581535e-01	 +1.6246103e-01 -5.1108326e-04	 8.33e-01 Accepted	 352	 693	
14	 7.0581535e-01	 +1.6246103e-01 -5.1108326e-04	 8.54e-01 Rejected	 358	 705	
15	 6.9550763e-01	 +1.4523481e-01 -6.6630946e-04	 8.53e-01 Accepted	 356	 702	
16	 6.8646150e-01	 +1.3026328e-01 -1.6898542e-03	 8.70e-01 Accepted	 360	 712	
17	 6.7837855e-01	 +1.1863751e-01 -7.9771114e-04	 8.84e-01 Accepted	 363	 714	
18	 6.7096896e-01	 +1.0859818e-01 -2.7900632e-04	 8.94e-01 Accepted	 363	 719	
19	 6.6433432e-01	 +9.9300903e-02 +1.0648939e-03	 9.04e-01 Accepted	 366	 721	
20	 6.5832480e-01	 +9.1697999e-02 +1.1447829e-03	 9.14e-01 Accepted	 369	 728	
21	 6.5280992e-01	 +8.4611075e-02 -1.0123319e-04	 9.19e-01 Accepted	 373	 735	
22	 6.4778910e-01	 +7.8654938e-02 -9.0365874e-04	 9.28e-01 Accepted	 373	 733	
23	 6.4302609e-01	 +7.3396183e-02 -7.1412589e-04	 9.32e-01 Accepted	 377	 742	
24	 6.3878202e-01	 +6.8378711e-02 +5.6442341e-05	 9.40e-01 Accepted	 374	 739	
25	 6.3491107e-01	 +6.4811854e-02 +3.2583176e-05	 9.47e-01 Accepted	 375	 744	
26	 6.3123439e-01	 +6.0294167e-02 +9.6683984e-04	 9.47e-01 Accepted	 377	 749	
27	 6.2787411e-01	 +5.7207662e-02 +1.0328202e-03	 9.52e-01 Accepted	 378	 750	
28	 6.2463712e-01	 +5.5005721e-02 +1.1027214e-03	 9.54e-01 Accepted	 380	 755	
29	 6.2161310e-01	 +5.1425146e-02 +3.1221478e-04	 9.58e-01 Accepted	 383	 762	
30	 6.1884440e-01	 +4.9141431e-02 +5.9619819e-04	 9.63e-01 Accepted	 383	 763	
31	 6.1625063e-01	 +4.6106817e-02 -1.7897694e-05	 9.64e-01 Accepted	 386	 767	
32	 6.1379386e-01	 +4.5117132e-02 +4.9118175e-04	 9.64e-01 Accepted	 386	 772	
33	 6.1141061e-01	 +4.2113103e-02 +7.1825349e-04	 9.66e-01 Accepted	 391	 775	
34	 6.0923171e-01	 +4.0299415e-02 +1.0186025e-03	 9.70e-01 Accepted	 388	 779	
35	 6.0716941e-01	 +3.8115428e-02 -4.3669642e-05	 9.72e-01 Accepted	 392	 779	
36	 6.0512896e-01	 +3.6259701e-02 -1.0297973e-05	 9.72e-01 Accepted	 393	 782	
37	 6.0335845e-01	 +3.5363955e-02 -2.5797750e-05	 9.77e-01 Accepted	 393	 785	
38	 6.0158317e-01	 +3.4350145e-02 +3.8703455e-04	 9.74e-01 Accepted	 392	 787	
39	 5.9978894e-01	 +3.1915471e-02 -4.7473899e-05	 9.77e-01 Accepted	 393	 790	
40	 5.9816512e-01	 +3.1039458e-02 -3.3267225e-04	 9.78e-01 Accepted	 395	 794	
41	 5.9664631e-01	 +2.9099514e-02 +2.7543489e-04	 9.82e-01 Accepted	 395	 793	
42	 5.9518836e-01	 +2.7569898e-02 -6.1046325e-04	 9.79e-01 Accepted	 397	 797	
43	 5.9369448e-01	 +2.6656154e-02 +8.1648808e-05	 9.81e-01 Accepted	 401	 799	
44	 5.9247235e-01	 +2.5565915e-02 +3.3236845e-04	 9.83e-01 Accepted	 399	 799	
45	 5.9111781e-01	 +2.5253288e-02 -2.8898244e-04	 9.82e-01 Accepted	 401	 802	
46	 5.8990356e-01	 +2.3394832e-02 -8.4879689e-04	 9.84e-01 Accepted	 402	 804	
47	 5.8871947e-01	 +2.2965664e-02 -6.1072211e-04	 9.83e-01 Accepted	 403	 806	
48	 5.8757742e-01	 +2.1964742e-02 -1.2926831e-03	 9.84e-01 Accepted	 404	 812	
49	 5.8647693e-01	 +2.0720246e-02 -8.0568281e-04	 9.86e-01 Accepted	 405	 812	
50	 5.8540640e-01	 +2.0183330e-02 -9.8652595e-04	 9.86e-01 Accepted	 407	 818	
51	 5.8441110e-01	 +2.0594953e-02 -1.4005820e-03	 9.87e-01 Accepted	 409	 817	
52	 5.8343568e-01	 +1.9630390e-02 -1.8029905e-03	 9.85e-01 Accepted	 407	 817	
53	 5.8247643e-01	 +1.9287140e-02 -1.4614129e-03	 9.86e-01 Accepted	 409	 822	
54	 5.8149685e-01	 +1.9351221e-02 -6.4114258e-04	 9.87e-01 Accepted	 412	 828	
55	 5.8065991e-01	 +1.8067803e-02 -5.9638690e-04	 9.88e-01 Accepted	 411	 826	
56	 5.7979201e-01	 +1.9264231e-02 +1.6866568e-04	 9.87e-01 Accepted	 411	 829	
57	 5.7896603e-01	 +1.8501943e-02 -3.7398591e-04	 9.90e-01 Accepted	 412	 831	
58	 5.7817247e-01	 +1.7147828e-02 -1.1249586e-03	 9.90e-01 Accepted	 414	 834	
59	 5.7741128e-01	 +1.6226386e-02 -5.7401191e-04	 9.90e-01 Accepted	 414	 836	
60	 5.7670097e-01	 +1.6033168e-02 -1.0318075e-03	 9.92e-01 Accepted	 416	 839	
61	 5.7598056e-01	 +1.5817989e-02 -1.8154933e-04	 9.90e-01 Accepted	 418	 841	
62	 5.7530505e-01	 +1.5619612e-02 -1.2630875e-03	 9.88e-01 Accepted	 416	 839	
63	 5.7454824e-01	 +1.5758085e-02 -8.1491664e-04	 9.89e-01 Accepted	 419	 845	
64	 5.7380510e-01	 +1.4401468e-02 -1.3886361e-03	 9.91e-01 Accepted	 417	 846	
65	 5.7313513e-01	 +1.3349684e-02 -1.3351988e-03	 9.92e-01 Accepted	 416	 845	
66	 5.7248106e-01	 +1.2442196e-02 -1.0763690e-03	 9.92e-01 Accepted	 421	 850	
67	 5.7184703e-01	 +1.2352610e-02 -5.4167552e-04	 9.92e-01 Accepted	 422	 854	
68	 5.7127984e-01	 +1.2250181e-02 -3.3552891e-04	 9.91e-01 Accepted	 423	 856	
69	 5.7066392e-01	 +1.2848754e-02 -6.0372382e-06	 9.91e-01 Accepted	 423	 859	
70	 5.7017520e-01	 +1.1622611e-02 -1.7136887e-04	 9.90e-01 Accepted	 425	 861	
71	 5.6966697e-01	 +1.2036705e-02 -1.7442118e-03	 9.96e-01 Accepted	 425	 862	
72	 5.6922151e-01	 +1.1375471e-02 -1.2827932e-03	 9.95e-01 Accepted	 426	 862	
73	 5.6877282e-01	 +1.0954462e-02 -1.0621684e-03	 9.94e-01 Accepted	 426	 864	
74	 5.6825996e-01	 +9.9826053e-03 -8.4097880e-04	 9.94e-01 Accepted	 426	 866	
75	 5.6778822e-01	 +1.0597774e-02 -3.6336977e-04	 9.93e-01 Accepted	 427	 867	
76	 5.6726251e-01	 +1.0425778e-02 +6.2537636e-04	 9.95e-01 Accepted	 428	 872	
77	 5.6676149e-01	 +1.0308964e-02 +1.6826327e-03	 9.97e-01 Accepted	 429	 872	
78	 5.6633644e-01	 +1.0886714e-02 +1.4442150e-03	 9.91e-01 Accepted	 430	 873	
79	 5.6580977e-01	 +1.0128000e-02 +5.1695653e-04	 9.93e-01 Accepted	 430	 876	
80	 5.6539816e-01	 +9.3995007e-03 +1.5380311e-03	 9.96e-01 Accepted	 431	 876	
81	 5.6496965e-01	 +9.5086230e-03 +1.2599535e-03	 9.95e-01 Accepted	 432	 877	
82	 5.6461543e-01	 +1.0081145e-02 +1.0658357e-04	 9.94e-01 Accepted	 431	 880	
83	 5.6415807e-01	 +9.3100466e-03 -3.3177350e-04	 9.94e-01 Accepted	 432	 882	
84	 5.6387924e-01	 +9.7198273e-03 -9.2626329e-04	 9.97e-01 Accepted	 430	 880	
85	 5.6351955e-01	 +9.9919864e-03 +2.5715754e-04	 9.99e-01 Accepted	 434	 884	
86	 5.6308988e-01	 +9.5375607e-03 +5.9730382e-04	 9.94e-01 Accepted	 433	 887	
87	 5.6279411e-01	 +9.5216600e-03 -3.2065703e-04	 9.96e-01 Accepted	 434	 886	
88	 5.6245469e-01	 +9.6471507e-03 +4.9120429e-04	 9.93e-01 Accepted	 436	 889	
89	 5.6218860e-01	 +9.5657937e-03 +3.7383868e-04	 9.95e-01 Accepted	 437	 889	
90	 5.6175412e-01	 +9.5007245e-03 -2.4721309e-04	 9.92e-01 Accepted	 435	 889	
91	 5.6141921e-01	 +1.0063236e-02 +7.2770893e-04	 9.95e-01 Accepted	 436	 891	
92	 5.6106696e-01	 +9.0114004e-03 -4.3792815e-06	 9.94e-01 Accepted	 437	 894	
93	 5.6068681e-01	 +9.0871918e-03 -9.5950641e-07	 9.94e-01 Accepted	 437	 893	
94	 5.6042663e-01	 +8.5655637e-03 -1.2848241e-03	 9.98e-01 Accepted	 440	 894	
95	 5.6019092e-01	 +8.2677556e-03 -1.2326681e-03	 9.95e-01 Accepted	 441	 898	
96	 5.5989710e-01	 +8.0377065e-03 +3.7591110e-04	 9.95e-01 Accepted	 440	 898	
97	 5.5951624e-01	 +9.0174977e-03 -3.1535054e-04	 9.97e-01 Accepted	 441	 899	
98	 5.5921078e-01	 +7.5739997e-03 -5.5403480e-04	 9.93e-01 Accepted	 441	 903	
99	 5.5897561e-01	 +7.8046140e-03 -7.7557640e-05	 1.00e+00 Accepted	 443	 901	
100	 5.5870879e-01	 +7.5238362e-03 +4.9396856e-04	 9.96e-01 Accepted	 443	 903	
101	 5.5837715e-01	 +6.3895211e-03 +7.1902673e-04	 9.97e-01 Accepted	 444	 906	
102	 5.5815841e-01	 +7.1669283e-03 +6.5414573e-04	 9.99e-01 Accepted	 444	 908	
103	 5.5792297e-01	 +6.9255192e-03 -2.2839926e-04	 9.98e-01 Accepted	 446	 910	
104	 5.5762851e-01	 +7.3529277e-03 -1.2918566e-04	 1.00e+00 Accepted	 443	 909	
105	 5.5737144e-01	 +7.8797098e-03 -5.6844278e-04	 9.97e-01 Accepted	 446	 912	
106	 5.5707219e-01	 +7.8521028e-03 -1.5491788e-03	 9.92e-01 Accepted	 448	 913	
107	 5.5679288e-01	 +7.9900418e-03 -1.2491598e-03	 9.95e-01 Accepted	 448	 913	
108	 5.5655874e-01	 +6.3441989e-03 -2.0489900e-03	 9.95e-01 Accepted	 447	 918	
# Starting_type: CheckpointStart
# Trajectory_length / Number_of_MD_steps: 0.5 / 10
# 	 Plaquette	 Polyakov_Loop(re,im)	 Acc._Probability	 runtime_per_traj(s)	 CG_iterations	
109	 5.5259702e-01	 +3.4460843e-03 +5.8098249e-05	 3.04e-01 Accepted	 453	 943	
110	 5.4937093e-01	 +4.4230804e-03 +1.3143840e-03	 3.19e-01 Accepted	 461	 969	
111	 5.4699764e-01	 +5.4952027e-03 +6.9779824e-04	 5.10e-01 Accepted	 472	 985	
112	 5.4528083e-01	 +3.5936589e-03 -1.7340048e-04	 6.29e-01 Accepted	 489	 1013	
113	 5.4350772e-01	 +1.5609023e-03 -4.8825575e-05	 5.96e-01 Accepted	 497	 1028	
114	 5.4205842e-01	 +2.9123242e-03 -5.5615662e-04	 7.14e-01 Accepted	 507	 1058	
115	 5.4102406e-01	 +1.7805038e-03 +1.5716868e-03	 7.26e-01 Accepted	 518	 1057	
116	 5.3983079e-01	 +2.2813446e-03 -3.1748158e-05	 6.93e-01 Accepted	 519	 1072	
117	 5.3925319e-01	 +2.5789359e-03 +9.9148523e-04	 9.33e-01 Accepted	 535	 1101	
118	 5.3875763e-01	 +1.8600120e-03 -1.1359107e-03	 7.65e-01 Accepted	 545	 1117	
119	 5.3806623e-01	 +7.9882910e-04 +1.2783767e-03	 1.19e+00 Accepted	 541	 1124	
120	 5.3806623e-01	 +7.9882910e-04 +1.2783767e-03	 6.72e-01 Rejected	 553	 1141	
121	 5.3739385e-01	 +8.5194816e-04 +7.3887816e-05	 8.67e-01 Accepted	 555	 1163	
122	 5.3666046e-01	 +1.9474356e-04 -9.4680463e-04	 8.04e-01 Accepted	 573	 1214	
123	 5.3617872e-01	 -5.1747145e-04 +1.2236543e-04	 1.02e+00 Accepted	 581	 1184	
124	 5.3561039e-01	 +5.6845212e-04 +3.3244794e-04	 9.80e-01 Accepted	 586	 1264	
125	 5.3536752e-01	 +6.6583727e-04 +4.6125371e-04	 1.07e+00 Accepted	 613	 1281	
126	 5.3475343e-01	 +6.9880418e-04 -2.5564166e-03	 7.91e-01 Accepted	 606	 1305	
127	 5.3442278e-01	 +3.2658941e-03 -1.6682568e-03	 9.31e-01 Accepted	 664	 1397	
128	 5.3402053e-01	 +1.7458889e-03 +6.3881304e-04	 1.00e+00 Accepted	 652	 1354	
129	 5.3394169e-01	 -5.6773518e-04 +5.7345436e-04	 1.11e+00 Accepted	 656	 1434	
130	 5.3376709e-01	 +1.0085523e-04 -2.3241285e-05	 1.02e+00 Accepted	 676	 1485	
131	 5.3328750e-01	 +2.0537008e-03 +3.9080607e-04	 9.18e-01 Accepted	 700	 1465	
132	 5.3309052e-01	 +8.7089097e-04 -1.0153584e-03	 1.00e+00 Accepted	 716	 1590	
133	 5.3293100e-01	 +1.1184239e-03 +5.6206462e-04	 9.66e-01 Accepted	 742	 1575	
134	 5.3248922e-01	 -9.2595888e-04 -9.4553139e-04	 9.25e-01 Accepted	 758	 1624	
135	 5.3263056e-01	 +3.4853453e-04 +1.4350311e-04	 9.05e-01 Accepted	 765	 1572	
136	 5.3217090e-01	 +3.9320592e-04 +2.2305495e-04	 1.05e+00 Accepted	 750	 1507	
137	 5.3211518e-01	 +1.7365388e-04 +5.9630185e-04	 1.12e+00 Accepted	 746	 1589	
138	 5.3186165e-01	 -6.8025442e-05 +5.7318520e-04	 1.05e+00 Accepted	 745	 1574	
139	 5.3177130e-01	 +4.9926590e-04 +6.9198699e-04	 8.91e-01 Accepted	 760	 1632	
140	 5.3149349e-01	 +3.2802097e-04 +4.7485167e-04	 9.41e-01 Accepted	 771	 1639	
141	 5.3124298e-01	 +4.9836078e-04 -2.3412863e-03	 9.76e-01 Accepted	 776	 1644	
142	 5.3109016e-01	 -5.4335313e-04 -1.5698456e-03	 9.52e-01 Accepted	 782	 1658	
143	 5.3080671e-01	 +2.3206478e-03 +5.7192525e-04	 8.24e-01 Accepted	 787	 1647	
144	 5.3046282e-01	 +2.7099285e-04 +4.5894057e-04	 8.81e-01 Accepted	 771	 1694	
145	 5.3043403e-01	 +3.9633325e-04 -5.3207823e-04	 1.08e+00 Accepted	 778	 1607	
146	 5.3046764e-01	 -2.0345079e-04 +9.7532311e-05	 1.08e+00 Accepted	 771	 1619	
147	 5.3025203e-01	 -4.4751653e-04 -5.3088018e-04	 1.01e+00 Accepted	 781	 1727	
148	 5.3010523e-01	 -3.0686129e-04 -2.5650092e-03	 1.01e+00 Accepted	 797	 1672	
149	 5.3003330e-01	 +4.3576542e-05 +1.2824794e-03	 1.03e+00 Accepted	 798	 1684	
150	 5.2992042e-01	 -7.2887856e-04 -6.4017585e-04	 1.05e+00 Accepted	 801	 1696	
151	 5.2968139e-01	 -3.8277065e-04 +1.2593048e-03	 9.40e-01 Accepted	 806	 1723	
152	 5.2954612e-01	 +6.2311698e-05 +3.5297851e-04	 8.93e-01 Accepted	 814	 1712	
153	 5.2954612e-01	 +6.2311698e-05 +3.5297851e-04	 8.83e-01 Rejected	 799	 1693	
154	 5.2969837e-01	 +2.0821602e-04 -1.0095544e-03	 1.18e+00 Accepted	 813	 1677	
155	 5.2936858e-01	 +1.4036052e-03 +5.5361011e-04	 9.34e-01 Accepted	 816	 1708	
156	 5.2936858e-01	 +1.4036052e-03 +5.5361011e-04	 8.59e-01 Rejected	 812	 1705	
157	 5.2936858e-01	 +1.4036052e-03 +5.5361011e-04	 8.53e-01 Rejected	 827	 1785	
158	 5.2916560e-01	 +4.1958383e-04 -1.0215443e-04	 1.08e+00 Accepted	 818	 1733	
159	 5.2929462e-01	 -1.8165268e-03 -1.0949480e-03	 1.43e+00 Accepted	 824	 1737	
160	 5.2906759e-01	 +6.0054307e-04 -1.4275101e-04	 9.83e-01 Accepted	 819	 1724	
161	 5.2887439e-01	 -5.6642278e-04 +7.5015740e-04	 1.02e+00 Accepted	 829	 1727	
162	 5.2863549e-01	 -3.2006482e-04 +1.9288228e-03	 9.80e-01 Accepted	 816	 1721	
163	 5.2864115e-01	 -9.1665029e-04 -5.0734575e-04	 1.12e+00 Accepted	 823	 1746	
164	 5.2856382e-01	 -1.2731071e-03 -3.8402987e-04	 9.42e-01 Accepted	 824	 1700	
165	 5.2831096e-01	 -4.1694017e-04 +2.4465227e-04	 9.21e-01 Accepted	 829	 1796	
166	 5.2830706e-01	 -1.6224975e-04 -2.2574916e-03	 9.78e-01 Accepted	 828	 1761	
167	 5.2822788e-01	 -3.6245185e-05 +9.4895826e-04	 1.06e+00 Accepted	 822	 1752	
168	 5.2813514e-01	 -1.0622012e-03 +1.6181455e-04	 1.01e+00 Accepted	 822	 1745	
169	 5.2812974e-01	 +3.1542590e-04 -9.1221313e-04	 9.62e-01 Accepted	 789	 1733	
# Starting_type: CheckpointStart
# Trajectory_length / Number_of_MD_steps: 1 / 8
# 	 Plaquette	 Polyakov_Loop(re,im)	 Acc._Probability	 runtime_per_traj(s)	 CG_iterations	
169	 5.2813514e-01	 -1.0622012e-03 +1.6181455e-04	 6.98e-01 Rejected	 687	 1777	
170	 5.2803946e-01	 -4.2252634e-04 +2.5718191e-04	 1.07e+00 Accepted	 682	 1757	
171	 5.2803946e-01	 -4.2252634e-04 +2.5718191e-04	 2.19e-01 Rejected	 681	 1757	
172	 5.2803946e-01	 -4.2252634e-04 +2.5718191e-04	 5.80e-01 Rejected	 686	 1740	
173	 5.2803946e-01	 -4.2252634e-04 +2.5718191e-04	 5.25e-01 Rejected	 688	 1752	
174	 5.2778178e-01	 -9.8873533e-04 +1.9080262e-04	 6.42e-01 Accepted	 693	 1731	
175	 5.2756242e-01	 +2.0083360e-03 -1.1813479e-03	 6.42e-01 Accepted	 673	 1744	
176	 5.2746112e-01	 +2.3327002e-03 +1.1328889e-03	 1.41e+00 Accepted	 678	 1756	
177	 5.2705166e-01	 -2.0773091e-04 +2.0771376e-04	 2.22e+00 Accepted	 682	 1729	
178	 5.2662982e-01	 -1.5293129e-03 +2.5382594e-04	 4.68e-01 Accepted	 673	 1705	
179	 5.2646311e-01	 -1.4010335e-03 -6.1667804e-04	 2.78e+00 Accepted	 667	 1733	
180	 5.2628793e-01	 +1.8021325e-03 +6.7030216e-04	 1.95e+00 Accepted	 684	 1744	
181	 5.2628793e-01	 +1.8021325e-03 +6.7030216e-04	 2.19e-01 Rejected	 687	 1758	
182	 5.2628793e-01	 +1.8021325e-03 +6.7030216e-04	 2.08e-01 Rejected	 695	 1782	
183	 5.2601080e-01	 -3.0307310e-04 +2.9780668e-04	 1.18e+00 Accepted	 692	 1790	
184	 5.2584554e-01	 -9.2567387e-04 +8.7454568e-05	 9.26e-01 Accepted	 696	 1737	
185	 5.2587757e-01	 +7.5986664e-04 +1.6674187e-04	 7.43e-01 Accepted	 689	 1772	
186	 5.2570644e-01	 +2.5795830e-04 -2.7189277e-03	 8.31e-01 Accepted	 694	 1765	
187	 5.2570644e-01	 +2.5795830e-04 -2.7189277e-03	 1.88e-01 Rejected	 687	 1732	
188	 5.2554158e-01	 +7.2530788e-04 +1.8844760e-03	 7.73e-01 Accepted	 693	 1791	
189	 5.2553007e-01	 -6.2824155e-04 -1.9352043e-04	 9.05e-01 Accepted	 701	 1809	
190	 5.2510138e-01	 -6.5938767e-04 -7.3122566e-04	 5.57e-01 Accepted	 711	 1749	
191	 5.2510138e-01	 -6.5938767e-04 -7.3122566e-04	 5.61e-01 Rejected	 699	 1754	
192	 5.2510138e-01	 -6.5938767e-04 -7.3122566e-04	 4.84e-01 Rejected	 697	 1768	
193	 5.2510138e-01	 -6.5938767e-04 -7.3122566e-04	 3.32e-01 Rejected	 700	 1775	
194	 5.2503597e-01	 -1.3390789e-03 +1.1357618e-03	 1.26e+00 Accepted	 694	 1788	
195	 5.2486217e-01	 -1.2665541e-03 -3.4440771e-04	 8.25e-01 Accepted	 696	 1763	
196	 5.2461713e-01	 +1.0741357e-03 -1.5629592e-03	 9.77e-01 Accepted	 697	 1744	
197	 5.2441649e-01	 +1.0281619e-03 -9.0962196e-04	 1.05e+00 Accepted	 693	 1769	
198	 5.2441649e-01	 +1.0281619e-03 -9.0962196e-04	 2.56e-01 Rejected	 695	 1754	
199	 5.2422371e-01	 +8.8619886e-04 -1.3524578e-03	 8.02e-01 Accepted	 699	 1828	
200	 5.2395783e-01	 +2.5777577e-04 +1.2329957e-03	 1.30e+00 Accepted	 704	 1765	
201	 5.2355827e-01	 -1.6077943e-04 +1.3810629e-03	 5.23e-01 Accepted	 695	 1787	
202	 5.2355827e-01	 -1.6077943e-04 +1.3810629e-03	 2.95e-01 Rejected	 698	 1786	
203	 5.2334209e-01	 -1.4280590e-03 +1.3310136e-03	 1.07e+00 Accepted	 698	 1770	
204	 5.2334209e-01	 -1.4280590e-03 +1.3310136e-03	 4.97e-01 Rejected	 698	 1787	
205	 5.2334209e-01	 -1.4280590e-03 +1.3310136e-03	 2.47e-01 Rejected	 689	 1796	
206	 5.2316647e-01	 +1.0287953e-03 -6.2751354e-04	 7.23e-01 Accepted	 696	 1796	
207	 5.2308421e-01	 -1.5790286e-03 -4.3364740e-04	 1.21e+00 Accepted	 697	 1768	
208	 5.2306515e-01	 -1.1535110e-03 -3.7600668e-04	 6.13e-01 Accepted	 694	 1781	
209	 5.2290499e-01	 -9.6890574e-05 +6.3763387e-04	 8.04e-01 Accepted	 694	 1778	
210	 5.2278941e-01	 -1.5079047e-03 -2.3332488e-04	 5.29e-01 Accepted	 696	 1764	
211	 5.2252912e-01	 -2.8160224e-04 +4.3451211e-05	 8.45e-01 Accepted	 698	 1789	
212	 5.2247334e-01	 -1.7633892e-03 +1.1368528e-04	 5.16e+00 Accepted	 707	 1811	
213	 5.2207295e-01	 +1.6040431e-03 -6.9575599e-04	 2.64e-01 Accepted	 706	 1809	
214	 5.2207295e-01	 +1.6040431e-03 -6.9575599e-04	 1.83e-01 Rejected	 704	 1790	
215	 5.2207295e-01	 +1.6040431e-03 -6.9575599e-04	 2.53e-01 Rejected	 708	 1817	
216	 5.2207295e-01	 +1.6040431e-03 -6.9575599e-04	 2.31e-01 Rejected	 702	 1775	
217	 5.2207295e-01	 +1.6040431e-03 -6.9575599e-04	 2.40e-01 Rejected	 703	 1791	
218	 5.2191685e-01	 +6.1568358e-04 -1.5414359e-04	 6.30e-01 Accepted	 701	 1779	
219	 5.2195999e-01	 +1.6269718e-03 -9.5832917e-05	 2.92e+00 Accepted	 701	 1830	
220	 5.2195999e-01	 +1.6269718e-03 -9.5832917e-05	 4.02e-01 Rejected	 703	 1809	
221	 5.2167877e-01	 -6.0846341e-04 +1.3896739e-03	 8.32e-01 Accepted	 702	 1779	
222	 5.2165035e-01	 +1.3585976e-04 +2.3077271e-03	 1.14e+00 Accepted	 701	 1784	
223	 5.2165035e-01	 +1.3585976e-04 +2.3077271e-03	 2.19e-01 Rejected	 703	 1794	
224	 5.2165035e-01	 +1.3585976e-04 +2.3077271e-03	 1.05e-01 Rejected	 699	 1779	
225	 5.2148734e-01	 -1.0275759e-03 -1.3222661e-03	 6.68e-01 Accepted	 697	 1800	
226	 5.2130271e-01	 -4.1565882e-04 +3.1090636e-04	 5.24e-01 Accepted	 704	 1787	
227	 5.2130271e-01	 -4.1565882e-04 +3.1090636e-04	 2.52e-01 Rejected	 700	 1805	
228	 5.2095215e-01	 +2.6579398e-04 -1.1172228e-04	 1.07e+00 Accepted	 697	 1798	
229	 5.2078975e-01	 +8.7954088e-04 +1.3254257e-04	 1.97e+00 Accepted	 701	 1787	
230	 5.2068984e-01	 -1.0463653e-03 +5.6503521e-04	 5.58e-01 Accepted	 706	 1759	
