# Starting_type: HotStart
# serial RNG seed: 	[28108 16604 63480 19500 51520]
# parallel RNG seed:	[36077 62530 34218 29048 26732]
# Trajectory_length / Number_of_MD_steps: 1 / 8
# 	 Plaquette	 Polyakov_Loop(re,im)	 Acc._Probability	 runtime_per_traj(s)	 CG_iterations	
1	 2.4650305e-01	 +1.7814647e-03 -7.3533225e-04	 6.29e+214 Accepted	 362	 1053	
2	 3.6163377e-01	 +1.5761914e-03 +7.5191673e-05	 4.52e+140 Accepted	 520	 1428	
3	 4.3552152e-01	 +6.1708000e-05 +5.5571061e-04	 3.30e+98 Accepted	 620	 1640	
4	 4.9133549e-01	 +7.8390103e-04 -8.8925900e-04	 2.21e+71 Accepted	 669	 1748	
5	 5.3614685e-01	 +2.7103744e-04 +2.6651053e-05	 1.26e+56 Accepted	 705	 1797	
6	 5.7195964e-01	 +8.2118365e-04 +2.2817602e-04	 1.11e+42 Accepted	 719	 1837	
7	 5.9934320e-01	 -1.2861016e-03 -3.4387609e-04	 4.39e+31 Accepted	 723	 1783	
8	 6.1938523e-01	 -1.3916070e-03 -1.7503437e-03	 2.47e+23 Accepted	 716	 1799	
9	 6.3369812e-01	 -1.2191591e-03 +4.3686181e-04	 1.21e+16 Accepted	 716	 1745	
10	 6.4417310e-01	 +5.6249510e-04 -4.2354170e-04	 4.33e+11 Accepted	 696	 1705	
11	 6.5150182e-01	 +1.0504839e-03 -8.5139737e-04	 4.51e+08 Accepted	 685	 1681	
12	 6.5684343e-01	 +8.1779497e-04 -1.9660931e-03	 3.84e+06 Accepted	 673	 1709	
13	 6.6055528e-01	 -1.3057536e-03 +9.9133670e-04	 3.09e+04 Accepted	 674	 1629	
14	 6.6354740e-01	 -6.7259208e-04 +1.2421615e-03	 9.96e+02 Accepted	 665	 1624	
15	 6.6557950e-01	 +1.0366837e-03 -8.1716708e-04	 1.16e+02 Accepted	 649	 1605	
16	 6.6718772e-01	 +1.1356866e-03 -1.2271540e-03	 3.78e+01 Accepted	 651	 1569	
17	 6.6823615e-01	 -1.2850712e-03 -8.5274622e-05	 2.16e+01 Accepted	 640	 1570	
18	 6.6910592e-01	 +1.8836230e-03 -1.3449784e-03	 1.28e+01 Accepted	 644	 1593	
19	 6.6972571e-01	 -2.9805455e-04 +5.8286277e-04	 1.16e+01 Accepted	 637	 1519	
20	 6.7012734e-01	 -7.8509217e-04 +1.5496344e-03	 3.19e+00 Accepted	 622	 1540	
21	 6.7038534e-01	 -5.8457917e-04 +1.5465569e-04	 1.01e+00 Accepted	 632	 1509	
22	 6.7065161e-01	 +9.6073645e-05 -7.9368777e-05	 1.32e+00 Accepted	 617	 1481	
23	 6.7098180e-01	 -2.6358024e-04 -2.0204185e-03	 2.41e+00 Accepted	 620	 1516	
24	 6.7124786e-01	 +4.9684564e-04 -1.7047714e-03	 1.51e+00 Accepted	 610	 1483	
25	 6.7148896e-01	 +1.5356601e-03 -4.6238323e-04	 2.31e+00 Accepted	 609	 1446	
26	 6.7165851e-01	 -3.0509978e-04 +4.9744379e-04	 8.88e-01 Accepted	 602	 1501	
27	 6.7165851e-01	 -3.0509978e-04 +4.9744379e-04	 6.51e-01 Rejected	 613	 1454	
28	 6.7171544e-01	 -1.6767131e-04 -5.3218139e-04	 9.28e-01 Accepted	 615	 1477	
29	 6.7159955e-01	 -1.0427126e-03 +1.4528529e-03	 9.36e-01 Accepted	 608	 1493	
30	 6.7172921e-01	 -3.1732149e-04 +6.6532604e-04	 7.97e-01 Accepted	 613	 1463	
31	 6.7178267e-01	 -3.6052433e-03 -2.1990583e-05	 1.24e+00 Accepted	 601	 1448	
32	 6.7194819e-01	 -2.6229938e-03 -5.5099568e-04	 1.56e+00 Accepted	 593	 1450	
33	 6.7199601e-01	 -1.3727262e-03 +3.1920943e-04	 7.36e-01 Accepted	 591	 1444	
34	 6.7205768e-01	 -5.5339724e-04 -2.8703879e-04	 9.53e-01 Accepted	 593	 1446	
35	 6.7215093e-01	 -1.3204959e-03 -1.2286605e-03	 1.48e+00 Accepted	 589	 1445	
36	 6.7221857e-01	 +1.1781906e-03 -1.9349082e-03	 1.85e+00 Accepted	 590	 1441	
37	 6.7230782e-01	 -1.8185577e-03 -2.2570193e-03	 1.02e+00 Accepted	 598	 1449	
38	 6.7231085e-01	 +2.0560459e-04 -7.1271222e-04	 1.20e+00 Accepted	 599	 1450	
39	 6.7231085e-01	 +2.0560459e-04 -7.1271222e-04	 6.75e-01 Rejected	 601	 1443	
40	 6.7223654e-01	 -9.1231218e-04 -1.6189531e-03	 8.70e-01 Accepted	 602	 1449	
41	 6.7236367e-01	 -1.1207455e-03 +3.7142097e-04	 2.05e+00 Accepted	 600	 1449	
42	 6.7232265e-01	 -1.1627394e-03 -2.1901521e-04	 1.20e+00 Accepted	 606	 1479	
43	 6.7244383e-01	 -1.2344169e-03 -1.2695053e-03	 9.26e-01 Accepted	 603	 1441	
44	 6.7244383e-01	 -1.2344169e-03 -1.2695053e-03	 5.57e-01 Rejected	 600	 1451	
45	 6.7263943e-01	 -7.2491705e-04 +2.1529181e-03	 6.75e-01 Accepted	 600	 1446	
46	 6.7263943e-01	 -7.2491705e-04 +2.1529181e-03	 5.54e-01 Rejected	 602	 1444	
47	 6.7255785e-01	 +6.8142067e-04 +3.8544741e-04	 1.13e+00 Accepted	 597	 1455	
48	 6.7265695e-01	 -2.1859034e-03 +1.2218998e-03	 2.33e+00 Accepted	 599	 1444	
49	 6.7257114e-01	 -3.6087990e-04 +1.5416699e-03	 4.83e-01 Accepted	 600	 1453	
50	 6.7244268e-01	 -7.9848444e-04 +2.0947247e-03	 1.37e+00 Accepted	 601	 1464	
51	 6.7233949e-01	 -1.3205739e-03 -3.7592502e-04	 7.11e-01 Accepted	 603	 1449	
52	 6.7258248e-01	 +7.4145237e-04 +2.5419156e-03	 1.48e+00 Accepted	 604	 1447	
53	 6.7261806e-01	 -7.2296538e-04 -1.3495576e-03	 1.24e+00 Accepted	 595	 1450	
54	 6.7266305e-01	 -1.0771803e-03 +1.2509342e-04	 1.92e+00 Accepted	 590	 1444	
55	 6.7266305e-01	 -1.0771803e-03 +1.2509342e-04	 5.68e-01 Rejected	 592	 1455	
56	 6.7256739e-01	 +4.0451227e-04 -1.7097338e-03	 6.33e-01 Accepted	 595	 1433	
57	 6.7243175e-01	 -1.1764264e-03 +1.5440034e-03	 1.65e+00 Accepted	 598	 1444	
58	 6.7262368e-01	 +9.7845500e-04 -6.5754648e-05	 1.78e+00 Accepted	 597	 1447	
59	 6.7262368e-01	 +9.7845500e-04 -6.5754648e-05	 7.58e-01 Rejected	 596	 1438	
60	 6.7261212e-01	 -3.4521070e-04 -2.6105917e-04	 2.84e+00 Accepted	 595	 1445	
61	 6.7258637e-01	 -1.4369955e-04 +1.0659983e-05	 4.44e-01 Accepted	 595	 1442	
62	 6.7270453e-01	 -2.4498090e-04 +3.6177590e-04	 9.59e-01 Accepted	 593	 1438	
63	 6.7269206e-01	 +1.6842187e-03 -1.9746325e-04	 5.45e-01 Accepted	 609	 1445	
64	 6.7259320e-01	 -8.9082701e-04 -5.6756710e-04	 1.83e+00 Accepted	 587	 1450	
65	 6.7266193e-01	 -1.4261630e-03 +4.4139872e-04	 9.98e-01 Accepted	 584	 1446	
66	 6.7274655e-01	 -2.9948551e-03 -2.1434721e-04	 1.20e+00 Accepted	 587	 1444	
67	 6.7273010e-01	 -1.6338086e-03 -1.2741782e-03	 9.16e-01 Accepted	 585	 1442	
68	 6.7273010e-01	 -1.6338086e-03 -1.2741782e-03	 4.69e-01 Rejected	 582	 1443	
69	 6.7266785e-01	 -2.0149350e-04 -1.8298964e-03	 1.05e+00 Accepted	 582	 1445	
70	 6.7258440e-01	 -1.4657022e-03 -1.7943601e-03	 1.05e+00 Accepted	 584	 1444	
# Starting_type: CheckpointStart
# Trajectory_length / Number_of_MD_steps: 1 / 8
# 	 Plaquette	 Polyakov_Loop(re,im)	 Acc._Probability	 runtime_per_traj(s)	 CG_iterations	
71	 6.7265163e-01	 +1.5738846e-03 -3.0113225e-03	 7.60e-01 Accepted	 572	 1445	
72	 6.7265163e-01	 +1.5738846e-03 -3.0113225e-03	 7.79e-01 Rejected	 578	 1455	
73	 6.7271949e-01	 -6.2654291e-04 -1.3445705e-03	 5.17e-01 Accepted	 576	 1443	
74	 6.7272282e-01	 -3.7999023e-04 -8.6423733e-04	 5.95e-01 Accepted	 575	 1446	
75	 6.7283991e-01	 -7.0541377e-04 -2.8723631e-04	 1.19e+00 Accepted	 577	 1450	
76	 6.7278317e-01	 -6.2717074e-04 -4.8526038e-04	 1.12e+00 Accepted	 572	 1442	
77	 6.7292833e-01	 +4.8096570e-04 -3.2171636e-04	 1.92e+00 Accepted	 572	 1446	
78	 6.7272289e-01	 -1.6766724e-03 +3.7459294e-04	 1.01e+00 Accepted	 574	 1442	
79	 6.7279003e-01	 +2.6418814e-03 -6.9986555e-05	 5.22e-01 Accepted	 570	 1439	
80	 6.7286794e-01	 +8.9486087e-04 -1.2721566e-03	 2.07e+00 Accepted	 572	 1441	
81	 6.7293387e-01	 -9.9363278e-04 +7.2804439e-05	 1.96e+00 Accepted	 571	 1432	
82	 6.7281767e-01	 -4.2646563e-04 +1.2716519e-03	 1.31e+00 Accepted	 576	 1445	
83	 6.7279103e-01	 -9.8311960e-04 +1.9443951e-04	 8.83e-01 Accepted	 572	 1434	
84	 6.7266433e-01	 -7.2480119e-04 -1.1918334e-03	 1.12e+00 Accepted	 573	 1438	
85	 6.7266433e-01	 -7.2480119e-04 -1.1918334e-03	 8.33e-01 Rejected	 567	 1438	
86	 6.7278816e-01	 -7.7915013e-04 +7.5162398e-04	 8.36e-01 Accepted	 575	 1437	
87	 6.7276510e-01	 -1.4515929e-03 +2.0597694e-03	 8.08e-01 Accepted	 575	 1475	
88	 6.7280049e-01	 -4.9629795e-05 +7.0126667e-04	 9.50e-01 Accepted	 600	 1436	
89	 6.7276038e-01	 +1.1763298e-03 +2.7967607e-03	 1.13e+00 Accepted	 600	 1439	
90	 6.7276038e-01	 +1.1763298e-03 +2.7967607e-03	 6.86e-01 Rejected	 594	 1431	
91	 6.7288837e-01	 -1.8852849e-03 +1.3355054e-03	 2.18e+00 Accepted	 596	 1430	
92	 6.7283550e-01	 -2.3392745e-05 -3.3651535e-04	 8.70e-01 Accepted	 597	 1437	
93	 6.7292718e-01	 -2.8152462e-04 -2.7969771e-04	 6.07e-01 Accepted	 596	 1433	
94	 6.7292718e-01	 -2.8152462e-04 -2.7969771e-04	 3.49e-01 Rejected	 600	 1437	
95	 6.7275267e-01	 -2.8605625e-04 +5.9041792e-04	 5.01e-01 Accepted	 600	 1433	
96	 6.7281463e-01	 +3.7621628e-04 -9.8741415e-04	 1.19e+00 Accepted	 598	 1439	
97	 6.7279405e-01	 -1.3955336e-03 +3.1921877e-04	 1.80e+00 Accepted	 597	 1441	
98	 6.7277991e-01	 +2.0773576e-06 +1.7955101e-03	 1.93e+00 Accepted	 598	 1432	
99	 6.7263257e-01	 +1.7802016e-03 +4.1707169e-04	 4.44e-01 Accepted	 598	 1444	
100	 6.7273879e-01	 +7.7771560e-04 +1.0558075e-03	 1.11e+00 Accepted	 598	 1448	
101	 6.7284282e-01	 +9.2251231e-04 -1.0703679e-03	 1.63e+00 Accepted	 599	 1429	
102	 6.7285772e-01	 -1.1328413e-03 +8.1238821e-04	 1.85e+00 Accepted	 598	 1441	
103	 6.7275120e-01	 -2.0953346e-04 +5.1937470e-04	 1.49e+00 Accepted	 597	 1433	
104	 6.7274096e-01	 -2.1066942e-04 +7.6006777e-04	 6.44e-01 Accepted	 597	 1434	
105	 6.7284182e-01	 +5.1334550e-04 -2.9433386e-04	 2.09e+00 Accepted	 599	 1441	
106	 6.7284182e-01	 +5.1334550e-04 -2.9433386e-04	 5.32e-01 Rejected	 596	 1436	
107	 6.7278430e-01	 -1.0533149e-03 -7.3677987e-04	 1.49e+00 Accepted	 598	 1438	
108	 6.7270643e-01	 -3.9948489e-04 -5.3140941e-04	 1.36e+00 Accepted	 602	 1432	
109	 6.7263790e-01	 -7.0279888e-04 -1.0277571e-03	 1.30e+00 Accepted	 602	 1436	
110	 6.7268067e-01	 -1.2512210e-03 -3.9034711e-04	 5.65e-01 Accepted	 599	 1434	
111	 6.7260366e-01	 -1.5461645e-03 -2.3275229e-03	 1.11e+00 Accepted	 599	 1435	
112	 6.7265672e-01	 -1.0112344e-03 -5.2927342e-05	 9.53e-01 Accepted	 600	 1440	
113	 6.7280681e-01	 -2.2108771e-03 -5.0067961e-04	 2.02e+00 Accepted	 599	 1443	
114	 6.7276997e-01	 -4.2330750e-04 +5.8952470e-04	 7.81e-01 Accepted	 603	 1445	
115	 6.7282120e-01	 +6.9174679e-04 +2.3481419e-04	 1.06e+00 Accepted	 600	 1430	
116	 6.7283539e-01	 +1.1230645e-03 -9.9297918e-04	 6.51e-01 Accepted	 599	 1437	
117	 6.7283539e-01	 +1.1230645e-03 -9.9297918e-04	 7.32e-01 Rejected	 598	 1431	
118	 6.7282129e-01	 -5.8245647e-04 +8.2217069e-04	 1.05e+00 Accepted	 597	 1440	
119	 6.7287468e-01	 -1.1900586e-03 -1.1482973e-03	 8.59e-01 Accepted	 604	 1441	
120	 6.7279497e-01	 -4.2492558e-04 +2.2618213e-03	 1.17e+00 Accepted	 599	 1423	
121	 6.7284363e-01	 -1.7116335e-03 -6.4055625e-04	 1.31e+00 Accepted	 598	 1436	
122	 6.7284363e-01	 -1.7116335e-03 -6.4055625e-04	 8.13e-01 Rejected	 602	 1435	
123	 6.7284363e-01	 -1.7116335e-03 -6.4055625e-04	 4.79e-01 Rejected	 600	 1439	
124	 6.7287286e-01	 +4.6894547e-04 +1.3533490e-04	 1.10e+00 Accepted	 602	 1439	
125	 6.7282491e-01	 +1.7315408e-04 -3.6070290e-05	 7.83e-01 Accepted	 603	 1435	
126	 6.7279426e-01	 -1.3107223e-03 -1.5789087e-03	 7.73e-01 Accepted	 598	 1425	
127	 6.7289217e-01	 -3.7785430e-04 -1.3925794e-03	 1.42e+00 Accepted	 592	 1430	
128	 6.7299713e-01	 -1.9943945e-03 +2.4998506e-03	 6.65e-01 Accepted	 593	 1432	
129	 6.7299713e-01	 -1.9943945e-03 +2.4998506e-03	 5.23e-01 Rejected	 599	 1429	
130	 6.7286624e-01	 +4.7212942e-04 -1.0842501e-03	 1.35e+00 Accepted	 595	 1429	
131	 6.7279060e-01	 +6.6431959e-04 +8.4442356e-04	 1.13e+00 Accepted	 594	 1426	
132	 6.7287021e-01	 -7.7156166e-04 -5.2987892e-04	 1.33e+00 Accepted	 594	 1423	
133	 6.7294100e-01	 -2.2554544e-03 -1.5703787e-03	 7.80e-01 Accepted	 597	 1436	
134	 6.7294100e-01	 -2.2554544e-03 -1.5703787e-03	 7.16e-01 Rejected	 591	 1427	
135	 6.7291315e-01	 -1.3479784e-03 +3.5000081e-04	 7.50e-01 Accepted	 592	 1423	
136	 6.7288143e-01	 +1.2541811e-03 +1.0262813e-03	 1.41e+00 Accepted	 594	 1438	
137	 6.7277441e-01	 +2.2040497e-03 -4.3215361e-04	 4.09e-01 Accepted	 591	 1430	
138	 6.7284828e-01	 +2.0578767e-03 +2.7200927e-03	 1.89e+00 Accepted	 594	 1437	
139	 6.7284828e-01	 +2.0578767e-03 +2.7200927e-03	 5.07e-01 Rejected	 595	 1425	
140	 6.7284828e-01	 +2.0578767e-03 +2.7200927e-03	 7.61e-01 Rejected	 593	 1421	
141	 6.7290521e-01	 +1.5484868e-04 +6.4159587e-04	 1.06e+00 Accepted	 595	 1427	
142	 6.7297034e-01	 +1.1011382e-03 +2.0440954e-04	 1.04e+00 Accepted	 597	 1424	
143	 6.7289482e-01	 -3.6758304e-04 +5.7383221e-04	 8.47e-01 Accepted	 587	 1427	
# Starting_type: CheckpointStart
# Trajectory_length / Number_of_MD_steps: 1 / 8
# 	 Plaquette	 Polyakov_Loop(re,im)	 Acc._Probability	 runtime_per_traj(s)	 CG_iterations	
143	 6.7289482e-01	 -3.6758304e-04 +5.7383221e-04	 8.47e-01 Accepted	 584	 1427	
144	 6.7280129e-01	 -4.2414509e-05 +1.2952811e-03	 1.03e+00 Accepted	 592	 1419	
145	 6.7287995e-01	 -6.0450251e-04 +8.2206005e-04	 1.34e+00 Accepted	 595	 1443	
146	 6.7287995e-01	 -6.0450251e-04 +8.2206005e-04	 4.55e-01 Rejected	 592	 1422	
147	 6.7291634e-01	 -2.4984349e-04 -1.1371435e-03	 9.75e-01 Accepted	 596	 1418	
148	 6.7291749e-01	 +5.8392385e-04 -2.3481658e-04	 9.75e-01 Accepted	 593	 1442	
149	 6.7284025e-01	 +7.4293401e-04 -1.1060284e-04	 5.04e-01 Accepted	 590	 1431	
150	 6.7283102e-01	 -6.6249733e-04 -4.9152788e-04	 9.95e-01 Accepted	 589	 1423	
151	 6.7284233e-01	 -1.8125806e-04 -6.8455779e-04	 7.50e-01 Accepted	 597	 1446	
152	 6.7282292e-01	 -1.1481350e-03 +1.8888431e-03	 4.51e-01 Accepted	 603	 1438	
153	 6.7285358e-01	 -2.4337696e-03 +6.9663344e-04	 1.61e+00 Accepted	 570	 1443	
154	 6.7285358e-01	 -2.4337696e-03 +6.9663344e-04	 3.51e-01 Rejected	 567	 1421	
155	 6.7281543e-01	 -5.2076934e-04 +5.6706749e-04	 7.36e-01 Accepted	 567	 1433	
156	 6.7279014e-01	 -6.2362396e-04 +2.6183795e-04	 1.12e+00 Accepted	 571	 1430	
157	 6.7287109e-01	 -2.0201952e-03 +1.7344390e-03	 6.15e-01 Accepted	 566	 1431	
158	 6.7293190e-01	 -1.4376972e-03 +1.6980044e-03	 8.76e-01 Accepted	 565	 1424	
159	 6.7289120e-01	 -2.0249691e-03 +1.9955507e-03	 1.68e-01 Accepted	 565	 1433	
160	 6.7290537e-01	 -7.6487278e-04 +1.6740299e-03	 8.27e-01 Accepted	 567	 1422	
161	 6.7290537e-01	 -7.6487278e-04 +1.6740299e-03	 5.22e-01 Rejected	 569	 1427	
162	 6.7269230e-01	 -1.6309729e-03 +1.7497607e-04	 3.12e-01 Accepted	 569	 1421	
163	 6.7270680e-01	 -2.8296427e-03 +2.6868105e-04	 1.07e+00 Accepted	 566	 1427	
164	 6.7285948e-01	 -1.5285803e-03 +2.5771128e-04	 1.16e+00 Accepted	 564	 1433	
165	 6.7283027e-01	 -1.1055871e-03 +7.8271433e-04	 6.67e-01 Accepted	 570	 1439	
166	 6.7293544e-01	 -1.4083086e-03 +1.6294047e-03	 3.19e+00 Accepted	 571	 1423	
167	 6.7269859e-01	 -8.6023280e-04 +2.2416478e-03	 9.62e-01 Accepted	 578	 1431	
168	 6.7267249e-01	 -1.1464581e-03 +1.3290287e-03	 7.06e-01 Accepted	 574	 1428	
169	 6.7280685e-01	 -5.0702261e-05 +2.5793456e-03	 1.10e+00 Accepted	 569	 1422	
170	 6.7280685e-01	 -5.0702261e-05 +2.5793456e-03	 5.25e-01 Rejected	 569	 1419	
171	 6.7285952e-01	 -1.7692635e-04 +2.5209020e-03	 6.64e-01 Accepted	 566	 1414	
172	 6.7285952e-01	 -1.7692635e-04 +2.5209020e-03	 5.63e-01 Rejected	 566	 1415	
173	 6.7295582e-01	 -2.4407578e-03 +1.1799783e-03	 1.86e+00 Accepted	 570	 1423	
174	 6.7295582e-01	 -2.4407578e-03 +1.1799783e-03	 7.16e-01 Rejected	 566	 1431	
175	 6.7295582e-01	 -2.4407578e-03 +1.1799783e-03	 5.44e-01 Rejected	 569	 1414	
176	 6.7299166e-01	 -2.5066128e-03 +2.8050113e-03	 1.14e+00 Accepted	 565	 1423	
177	 6.7299934e-01	 +1.6124584e-03 +7.1747520e-04	 1.83e+00 Accepted	 573	 1433	
178	 6.7299934e-01	 +1.6124584e-03 +7.1747520e-04	 4.77e-01 Rejected	 563	 1423	
179	 6.7299934e-01	 +1.6124584e-03 +7.1747520e-04	 4.73e-01 Rejected	 567	 1429	
180	 6.7299934e-01	 +1.6124584e-03 +7.1747520e-04	 2.18e-01 Rejected	 569	 1419	
181	 6.7301804e-01	 -1.3443957e-03 +2.4747578e-03	 2.22e+00 Accepted	 572	 1428	
182	 6.7301804e-01	 -1.3443957e-03 +2.4747578e-03	 6.97e-01 Rejected	 573	 1426	
183	 6.7281318e-01	 -1.7133320e-03 +1.7535237e-03	 5.32e-01 Accepted	 574	 1436	
184	 6.7275452e-01	 -1.4893578e-03 +1.7672612e-03	 4.37e-01 Accepted	 575	 1423	
185	 6.7289507e-01	 -2.3315054e-03 +2.7031821e-03	 5.73e-01 Accepted	 569	 1423	
186	 6.7289507e-01	 -2.3315054e-03 +2.7031821e-03	 4.62e-01 Rejected	 567	 1420	
187	 6.7289507e-01	 -2.3315054e-03 +2.7031821e-03	 4.18e-01 Rejected	 571	 1432	
188	 6.7289507e-01	 -2.3315054e-03 +2.7031821e-03	 6.52e-01 Rejected	 568	 1423	
189	 6.7289507e-01	 -2.3315054e-03 +2.7031821e-03	 5.04e-01 Rejected	 574	 1430	
190	 6.7299121e-01	 +1.0102286e-03 +2.1026202e-03	 1.11e+00 Accepted	 573	 1416	
191	 6.7288433e-01	 -2.7132055e-03 +8.0819537e-04	 5.93e-01 Accepted	 572	 1430	
192	 6.7284518e-01	 -9.9613803e-04 +2.0628677e-03	 1.25e+00 Accepted	 564	 1425	
193	 6.7277919e-01	 -1.7949018e-03 +7.1087469e-04	 1.08e+00 Accepted	 570	 1438	
194	 6.7289196e-01	 +8.8189004e-04 +1.3380200e-03	 1.50e+00 Accepted	 567	 1421	
195	 6.7297412e-01	 -7.3612039e-04 +1.0755149e-03	 6.70e-01 Accepted	 570	 1438	
196	 6.7283571e-01	 -1.4799461e-03 +1.2083563e-03	 9.97e-01 Accepted	 561	 1418	
197	 6.7287778e-01	 -5.2145728e-04 +3.6310001e-03	 1.26e+00 Accepted	 566	 1415	
198	 6.7289021e-01	 +7.0256056e-04 +3.7837478e-03	 3.42e-01 Accepted	 581	 1422	
199	 6.7291514e-01	 -7.1960268e-04 +1.3877699e-03	 1.35e+00 Accepted	 585	 1438	
200	 6.7295245e-01	 -1.4579790e-04 +1.7417288e-03	 1.50e+00 Accepted	 590	 1425	
201	 6.7306403e-01	 +6.4536849e-04 +1.4447047e-03	 9.33e-01 Accepted	 583	 1432	
202	 6.7301124e-01	 -1.9611663e-03 +1.2645697e-03	 1.97e+00 Accepted	 581	 1403	
203	 6.7309251e-01	 +5.4473011e-04 +3.0559945e-03	 1.04e+00 Accepted	 582	 1433	
204	 6.7303367e-01	 -4.9949180e-04 +1.6234281e-03	 1.04e+00 Accepted	 587	 1416	
205	 6.7310914e-01	 -2.6599255e-03 +1.4419164e-03	 8.26e-01 Accepted	 582	 1416	
206	 6.7305335e-01	 +9.5214733e-04 +3.2954727e-03	 7.09e-01 Accepted	 583	 1416	
207	 6.7298896e-01	 -1.5516142e-03 +1.2771991e-03	 1.33e+00 Accepted	 586	 1432	
208	 6.7296710e-01	 -2.5965904e-03 +2.9031260e-03	 6.03e-01 Accepted	 583	 1425	
209	 6.7296710e-01	 -2.5965904e-03 +2.9031260e-03	 5.04e-01 Rejected	 583	 1405	
210	 6.7290392e-01	 -1.1957183e-03 +1.8404643e-03	 5.55e-01 Accepted	 585	 1403	
211	 6.7285112e-01	 -1.1326691e-03 +4.2837873e-04	 1.39e+00 Accepted	 587	 1413	
212	 6.7304432e-01	 -2.8936639e-03 +3.5111849e-03	 1.83e+00 Accepted	 582	 1427	
213	 6.7304432e-01	 -2.8936639e-03 +3.5111849e-03	 3.97e-01 Rejected	 585	 1408	
214	 6.7304432e-01	 -2.8936639e-03 +3.5111849e-03	 6.50e-01 Rejected	 581	 1412	
215	 6.7304432e-01	 -2.8936639e-03 +3.5111849e-03	 5.92e-01 Rejected	 581	 1407	
216	 6.7304432e-01	 -2.8936639e-03 +3.5111849e-03	 5.61e-01 Rejected	 586	 1416	
