# Starting_type: ColdStart
# serial RNG seed: 	[54694 36123 59414 18864 40283]
# parallel RNG seed:	[19977 40473 42896 11603 32799]
# Trajectory_length / Number_of_MD_steps: 1 / 8
# 	 Plaquette	 Polyakov_Loop(re,im)	 Acc._Probability	 runtime_per_traj(s)	 CG_iterations	
1	 8.0190451e-01	 +4.2079670e-01 +6.1272332e-04	 3.15e-63 Skipping	 183	 223	
2	 7.2452148e-01	 +2.3388099e-01 +1.6421780e-03	 2.93e-32 Skipping	 182	 215	
3	 6.7349923e-01	 +1.5535081e-01 +6.1787547e-04	 1.33e-22 Skipping	 178	 208	
4	 6.3641622e-01	 +1.0526803e-01 +1.3709484e-03	 1.26e-16 Skipping	 177	 205	
5	 6.0936580e-01	 +8.2992817e-02 +6.5674198e-04	 2.53e-12 Skipping	 179	 217	
6	 5.8918820e-01	 +6.2246825e-02 -2.3856207e-04	 2.26e-09 Skipping	 195	 281	
7	 5.7480785e-01	 +5.1925619e-02 -8.9093836e-04	 1.08e-06 Skipping	 218	 313	
8	 5.6375507e-01	 +4.3054812e-02 -1.4607428e-04	 1.36e-05 Skipping	 248	 385	
9	 5.5572676e-01	 +3.7511731e-02 -1.3651427e-03	 2.85e-04 Skipping	 277	 425	
10	 5.4962285e-01	 +3.2657047e-02 +7.0038306e-04	 2.06e-03 Skipping	 291	 469	
11	 5.4519310e-01	 +3.0777229e-02 +1.4892761e-03	 1.22e-02 Skipping	 313	 479	
12	 5.4177347e-01	 +2.4991109e-02 +6.7556238e-04	 3.76e-02 Skipping	 322	 495	
13	 5.3870825e-01	 +2.2297145e-02 -2.8314875e-04	 5.47e-02 Skipping	 328	 522	
14	 5.3629016e-01	 +2.0159963e-02 +2.2041147e-04	 7.96e-02 Skipping	 330	 505	
15	 5.3503023e-01	 +1.6901445e-02 -1.5984543e-03	 2.49e-01 Skipping	 332	 530	
16	 5.3361064e-01	 +1.7683354e-02 +2.0899980e-04	 3.29e-01 Skipping	 340	 534	
17	 5.3283911e-01	 +1.5831861e-02 +1.1333053e-03	 4.64e-01 Skipping	 340	 533	
18	 5.3168496e-01	 +1.4197573e-02 -4.8109759e-04	 2.62e-01 Skipping	 346	 542	
19	 5.3099362e-01	 +1.4419525e-02 -5.8671069e-04	 3.57e-01 Skipping	 346	 548	
20	 5.2983434e-01	 +1.3195718e-02 +2.0309560e-03	 2.43e-01 Skipping	 349	 543	
21	 5.2896675e-01	 +1.2206563e-02 -1.3099743e-03	 2.95e-01 Skipping	 349	 550	
22	 5.2862253e-01	 +1.0834885e-02 +4.4058634e-04	 5.20e-01 Skipping	 349	 549	
23	 5.2798719e-01	 +1.0089947e-02 -3.6095122e-05	 5.68e-01 Skipping	 347	 551	
24	 5.2723196e-01	 +8.1675910e-03 -6.8171664e-05	 5.16e-01 Skipping	 347	 553	
25	 5.2660065e-01	 +7.7242378e-03 -9.9323927e-04	 5.66e-01 Skipping	 349	 552	
26	 5.2613053e-01	 +7.1096264e-03 +7.8014879e-04	 5.19e-01 Skipping	 348	 554	
27	 5.2571867e-01	 +4.6297779e-03 +2.7590779e-04	 5.76e-01 Skipping	 350	 557	
28	 5.2574257e-01	 +3.9760394e-03 -1.2983892e-04	 1.15e+00 Skipping	 351	 550	
29	 5.2533534e-01	 +5.4390624e-03 +2.0276410e-03	 7.46e-01 Skipping	 351	 554	
30	 5.2530504e-01	 +5.9022638e-03 +4.6715346e-04	 1.14e+00 Skipping	 350	 559	
31	 5.2457915e-01	 +3.8759663e-03 -8.6218579e-04	 4.02e-01 Skipping	 352	 557	
32	 5.2415282e-01	 +6.2555786e-03 -6.6242862e-04	 6.77e-01 Skipping	 352	 559	
33	 5.2372127e-01	 +2.2898562e-03 -1.3379936e-03	 4.25e-01 Skipping	 351	 558	
34	 5.2333161e-01	 +3.4683701e-03 +4.7219350e-04	 7.02e-01 Skipping	 353	 560	
35	 5.2287011e-01	 +4.0807513e-03 +2.2131618e-04	 5.93e-01 Skipping	 356	 560	
36	 5.2232687e-01	 +2.0758156e-03 -1.4281974e-03	 7.11e-01 Skipping	 355	 564	
37	 5.2181507e-01	 +2.7445892e-03 -1.2044716e-03	 6.03e-01 Skipping	 354	 561	
38	 5.2158396e-01	 +2.6116319e-03 -1.8619710e-04	 4.68e-01 Skipping	 357	 565	
39	 5.2137841e-01	 +2.5649660e-03 -1.8254234e-03	 6.55e-01 Skipping	 354	 563	
40	 5.2100118e-01	 -1.0559788e-04 -1.6366343e-04	 6.79e-01 Skipping	 355	 560	
41	 5.2054600e-01	 +1.8244328e-03 +4.1951931e-04	 9.80e-01 Skipping	 355	 563	
42	 5.2021611e-01	 +6.7606363e-04 -4.1545786e-04	 5.06e-01 Skipping	 356	 562	
43	 5.1969475e-01	 +1.2349611e-04 -1.4988773e-04	 4.80e-01 Skipping	 356	 562	
44	 5.1933593e-01	 +2.8288045e-03 +6.3167449e-06	 5.74e-01 Skipping	 355	 566	
45	 5.1904817e-01	 +1.6148869e-03 -8.0702346e-05	 5.87e-01 Skipping	 356	 565	
46	 5.1880106e-01	 +1.6887485e-03 +6.4707650e-04	 7.90e-01 Skipping	 356	 567	
47	 5.1811288e-01	 +3.2319121e-04 -1.9979113e-03	 5.62e-01 Skipping	 356	 567	
48	 5.1788047e-01	 +3.0774446e-04 -8.9116057e-04	 6.49e-01 Skipping	 354	 563	
49	 5.1767008e-01	 +1.3575611e-03 -1.2158188e-04	 7.32e-01 Skipping	 354	 566	
50	 5.1736628e-01	 -6.7176044e-04 -1.2216054e-03	 8.09e-01 Skipping	 357	 567	
51	 5.1704475e-01	 +4.6539946e-04 -2.1766179e-03	 7.20e-01 Accepted	 356	 567	
52	 5.1648621e-01	 -5.4573453e-04 -1.6001687e-04	 7.19e-01 Accepted	 359	 565	
53	 5.1648621e-01	 -5.4573453e-04 -1.6001687e-04	 5.98e-01 Rejected	 360	 568	
54	 5.1600780e-01	 -2.1490030e-04 +6.0895818e-04	 5.80e-01 Accepted	 357	 571	
55	 5.1559404e-01	 -4.8808453e-04 -9.2944773e-04	 4.77e-01 Accepted	 358	 567	
56	 5.1528601e-01	 +1.7392356e-04 -8.3363772e-04	 9.49e-01 Accepted	 358	 571	
57	 5.1526028e-01	 -2.6444202e-04 +9.7570427e-05	 6.21e-01 Accepted	 359	 572	
58	 5.1480294e-01	 +1.9823131e-03 +7.9673368e-04	 3.93e-01 Accepted	 358	 574	
59	 5.1438369e-01	 +1.0251659e-03 -5.1968373e-05	 9.40e-01 Accepted	 357	 568	
60	 5.1424593e-01	 -7.2153216e-04 +7.3021288e-04	 1.34e+00 Accepted	 357	 569	
61	 5.1424593e-01	 -7.2153216e-04 +7.3021288e-04	 4.31e-01 Rejected	 360	 572	
62	 5.1424593e-01	 -7.2153216e-04 +7.3021288e-04	 6.48e-01 Rejected	 359	 571	
63	 5.1348166e-01	 -1.8942232e-04 -8.6908334e-04	 3.49e-01 Accepted	 359	 569	
64	 5.1327261e-01	 +1.7002327e-05 +5.4433345e-05	 8.77e-01 Accepted	 359	 570	
65	 5.1291578e-01	 -1.1892467e-03 +1.6081516e-03	 4.84e-01 Accepted	 357	 569	
66	 5.1291578e-01	 -1.1892467e-03 +1.6081516e-03	 3.75e-01 Rejected	 359	 574	
67	 5.1275271e-01	 +6.5581229e-04 -1.4849890e-03	 1.26e+00 Accepted	 359	 576	
68	 5.1264835e-01	 -2.6649936e-04 -1.9945565e-03	 6.40e-01 Accepted	 359	 571	
69	 5.1222909e-01	 -6.0937130e-04 +9.7454677e-04	 6.26e-01 Accepted	 360	 572	
70	 5.1219746e-01	 +7.0697144e-04 +1.8238453e-04	 1.60e+00 Accepted	 360	 572	
71	 5.1219746e-01	 +7.0697144e-04 +1.8238453e-04	 7.14e-01 Rejected	 361	 575	
72	 5.1219746e-01	 +7.0697144e-04 +1.8238453e-04	 8.34e-01 Rejected	 359	 572	
73	 5.1219746e-01	 +7.0697144e-04 +1.8238453e-04	 3.33e-01 Rejected	 358	 569	
74	 5.1199769e-01	 +5.2237804e-04 -7.1463246e-04	 4.76e-01 Accepted	 359	 571	
75	 5.1204551e-01	 -6.7651727e-04 -1.1043372e-03	 9.95e-01 Accepted	 360	 572	
76	 5.1187988e-01	 -3.6450941e-04 +2.8559510e-04	 8.25e-01 Accepted	 359	 574	
77	 5.1155209e-01	 +3.5391134e-03 -1.7576101e-03	 3.89e-01 Accepted	 360	 573	
78	 5.1112505e-01	 +4.0172040e-04 +1.6353759e-04	 1.03e+00 Accepted	 360	 573	
79	 5.1109544e-01	 +1.3549402e-05 -1.3713676e-03	 1.24e+00 Accepted	 360	 572	
80	 5.1083234e-01	 -6.2280035e-04 -1.0682794e-03	 9.07e-01 Accepted	 361	 575	
81	 5.1092848e-01	 +4.5616120e-04 -1.1467824e-03	 1.32e+00 Accepted	 360	 573	
82	 5.1092848e-01	 +4.5616120e-04 -1.1467824e-03	 5.75e-01 Rejected	 360	 573	
83	 5.1067878e-01	 +1.7036410e-05 +4.6051925e-04	 6.65e-01 Accepted	 361	 580	
84	 5.1067878e-01	 +1.7036410e-05 +4.6051925e-04	 8.15e-01 Rejected	 361	 571	
85	 5.1074984e-01	 +4.8403354e-04 -8.4604452e-04	 6.24e-01 Accepted	 360	 572	
86	 5.1081374e-01	 -8.7820028e-04 -2.0258285e-04	 9.22e-01 Accepted	 360	 576	
87	 5.1043494e-01	 -8.1795320e-04 +1.8574460e-04	 7.46e-01 Accepted	 360	 574	
88	 5.1012213e-01	 -1.5531351e-03 +1.7937686e-03	 7.54e-01 Accepted	 359	 577	
89	 5.1012213e-01	 -1.5531351e-03 +1.7937686e-03	 5.81e-01 Rejected	 359	 573	
90	 5.0986950e-01	 +1.1373575e-03 +1.3851019e-03	 6.68e-01 Accepted	 360	 576	
91	 5.0986950e-01	 +1.1373575e-03 +1.3851019e-03	 8.68e-01 Rejected	 360	 576	
92	 5.0970282e-01	 +2.3558480e-03 +7.3470923e-04	 9.19e-01 Accepted	 360	 575	
93	 5.0970282e-01	 +2.3558480e-03 +7.3470923e-04	 7.62e-01 Rejected	 361	 572	
94	 5.0970282e-01	 +2.3558480e-03 +7.3470923e-04	 6.41e-01 Rejected	 360	 578	
95	 5.0952292e-01	 +2.9373795e-04 +1.0177927e-04	 5.36e-01 Accepted	 362	 573	
96	 5.0948475e-01	 -9.6125743e-04 +1.0311027e-04	 1.06e+00 Accepted	 359	 573	
97	 5.0948475e-01	 -9.6125743e-04 +1.0311027e-04	 6.65e-01 Rejected	 360	 575	
98	 5.0948475e-01	 -9.6125743e-04 +1.0311027e-04	 6.99e-01 Rejected	 360	 575	
99	 5.0948475e-01	 -9.6125743e-04 +1.0311027e-04	 5.44e-01 Rejected	 360	 573	
100	 5.0948475e-01	 -9.6125743e-04 +1.0311027e-04	 8.35e-01 Rejected	 360	 576	
101	 5.0939893e-01	 -1.2971427e-03 -8.2284246e-04	 8.47e-01 Accepted	 361	 577	
102	 5.0939893e-01	 -1.2971427e-03 -8.2284246e-04	 5.95e-01 Rejected	 361	 573	
103	 5.0956481e-01	 +1.1444320e-03 -5.1149932e-04	 1.57e+00 Accepted	 360	 573	
104	 5.0946282e-01	 -5.8814286e-04 -2.1557360e-04	 1.12e+00 Accepted	 361	 575	
105	 5.0949576e-01	 +1.1654695e-03 -1.2039580e-03	 1.43e+00 Accepted	 360	 575	
106	 5.0910823e-01	 -1.2302246e-03 +3.0352482e-04	 8.40e-01 Accepted	 360	 574	
107	 5.0917293e-01	 +2.8409598e-04 +9.8554674e-04	 1.22e+00 Accepted	 361	 575	
108	 5.0912283e-01	 +2.8844421e-04 -1.1550212e-03	 6.19e-01 Accepted	 360	 577	
109	 5.0867362e-01	 +1.5050333e-04 +2.2874954e-04	 6.13e-01 Accepted	 360	 576	
110	 5.0873184e-01	 +8.8936064e-04 +4.7363845e-04	 5.20e-01 Accepted	 361	 574	
111	 5.0874641e-01	 -5.4529442e-04 -8.9347641e-04	 9.57e-01 Accepted	 360	 574	
112	 5.0874641e-01	 -5.4529442e-04 -8.9347641e-04	 3.46e-01 Rejected	 361	 575	
113	 5.0899829e-01	 -9.5694517e-04 -1.0040080e-03	 8.16e-01 Accepted	 359	 575	
114	 5.0922023e-01	 -9.6123566e-04 -2.1622262e-03	 1.59e+00 Accepted	 361	 579	
115	 5.0902357e-01	 +2.9248563e-04 +5.8288072e-04	 9.54e-01 Accepted	 359	 577	
116	 5.0902357e-01	 +2.9248563e-04 +5.8288072e-04	 5.84e-01 Rejected	 360	 574	
117	 5.0902357e-01	 +2.9248563e-04 +5.8288072e-04	 5.72e-01 Rejected	 359	 576	
118	 5.0889661e-01	 +4.4891807e-04 +7.7330190e-04	 7.79e-01 Accepted	 360	 576	
119	 5.0882792e-01	 -2.1013846e-03 +1.1477673e-03	 8.40e-01 Accepted	 361	 574	
120	 5.0859978e-01	 -6.7035302e-04 -6.8103257e-04	 8.09e-01 Accepted	 362	 578	
121	 5.0852528e-01	 +1.0839458e-03 -4.4757949e-05	 9.71e-01 Accepted	 362	 577	
122	 5.0811421e-01	 +1.2664161e-03 -3.7044488e-04	 8.28e-01 Accepted	 362	 576	
123	 5.0821489e-01	 -9.8871456e-04 +5.8913671e-04	 6.90e-01 Accepted	 361	 575	
124	 5.0847490e-01	 +4.5879558e-04 -6.6644779e-04	 1.56e+00 Accepted	 359	 575	
125	 5.0836988e-01	 +3.2323229e-04 -2.3433750e-04	 1.35e+00 Accepted	 362	 573	
# Starting_type: CheckpointStart
# Trajectory_length / Number_of_MD_steps: 1 / 8
# 	 Plaquette	 Polyakov_Loop(re,im)	 Acc._Probability	 runtime_per_traj(s)	 CG_iterations	
125	 5.0836988e-01	 +3.2323229e-04 -2.3433750e-04	 1.35e+00 Accepted	 364	 573	
126	 5.0824009e-01	 +2.8232994e-03 +4.7385986e-04	 6.78e-01 Accepted	 360	 577	
127	 5.0842139e-01	 +9.4437507e-04 +2.1841438e-03	 9.06e-01 Accepted	 362	 579	
128	 5.0840566e-01	 +3.7118262e-04 -1.1855896e-03	 8.81e-01 Accepted	 361	 573	
129	 5.0830435e-01	 -3.5406135e-04 -9.7104447e-04	 5.95e-01 Accepted	 360	 574	
130	 5.0798340e-01	 +3.7956705e-04 -2.6406594e-04	 6.67e-01 Accepted	 361	 576	
131	 5.0796217e-01	 -4.6180411e-04 +8.4045986e-05	 1.10e+00 Accepted	 359	 575	
132	 5.0779186e-01	 -2.6098307e-04 +4.0535154e-04	 1.01e+00 Accepted	 361	 574	
133	 5.0769118e-01	 -4.7273246e-04 +4.1399251e-04	 9.59e-01 Accepted	 360	 586	
134	 5.0754682e-01	 +2.6281269e-04 -3.1133873e-04	 1.18e+00 Accepted	 362	 574	
135	 5.0739692e-01	 +1.3604429e-03 -6.9754074e-04	 1.09e+00 Accepted	 360	 573	
136	 5.0748359e-01	 +1.5961700e-04 +5.6591530e-04	 8.34e-01 Accepted	 361	 577	
137	 5.0754209e-01	 -4.9691278e-05 +8.8452252e-04	 1.04e+00 Accepted	 360	 574	
138	 5.0729945e-01	 +8.5271223e-04 +6.7185919e-04	 4.50e-01 Accepted	 361	 575	
139	 5.0711821e-01	 +1.4566515e-03 +1.3458617e-03	 1.19e+00 Accepted	 362	 579	
140	 5.0745975e-01	 +3.7021703e-04 +8.5348478e-04	 9.02e-01 Accepted	 361	 574	
141	 5.0735241e-01	 -6.9061205e-04 -9.4454093e-05	 8.04e-01 Accepted	 359	 575	
142	 5.0707797e-01	 -2.0585276e-04 -4.7522362e-04	 8.10e-01 Accepted	 361	 577	
143	 5.0675681e-01	 +8.3205629e-04 -1.5083325e-03	 9.53e-01 Accepted	 362	 578	
144	 5.0687442e-01	 -2.0109280e-04 -3.9774945e-04	 8.66e-01 Accepted	 362	 578	
145	 5.0671914e-01	 +7.3298776e-04 +5.8265352e-04	 1.05e+00 Accepted	 361	 576	
146	 5.0671914e-01	 +7.3298776e-04 +5.8265352e-04	 4.95e-01 Rejected	 360	 578	
147	 5.0685398e-01	 +1.2748450e-03 +5.6283391e-04	 1.47e+00 Accepted	 361	 575	
148	 5.0665299e-01	 -1.0142271e-04 -2.1325224e-03	 1.07e+00 Accepted	 360	 574	
149	 5.0657116e-01	 -1.0471456e-03 +5.0321193e-04	 8.95e-01 Accepted	 360	 576	
150	 5.0642802e-01	 +4.4254986e-04 -5.7218834e-04	 7.56e-01 Accepted	 361	 579	
151	 5.0657791e-01	 -9.4919191e-05 -4.4377124e-04	 1.65e+00 Accepted	 360	 579	
152	 5.0634871e-01	 +3.7182767e-04 -1.4044437e-03	 1.09e+00 Accepted	 361	 576	
153	 5.0640463e-01	 -1.7593136e-03 -9.5526521e-04	 2.14e+00 Accepted	 360	 577	
154	 5.0624519e-01	 +1.2439158e-03 +8.6348735e-04	 5.16e-01 Accepted	 361	 575	
155	 5.0612173e-01	 -5.2067333e-04 +1.2752620e-03	 8.45e-01 Accepted	 362	 577	
156	 5.0601159e-01	 +1.5420483e-03 +5.2085867e-04	 8.94e-01 Accepted	 362	 579	
157	 5.0595109e-01	 +6.6052844e-04 +1.3186583e-03	 1.13e+00 Accepted	 361	 579	
158	 5.0592315e-01	 +1.0540153e-03 +3.2278110e-04	 6.32e-01 Accepted	 361	 576	
159	 5.0583984e-01	 +1.3600974e-03 +1.2564117e-03	 8.80e-01 Accepted	 361	 577	
160	 5.0568562e-01	 -1.3200804e-03 -7.9799020e-04	 8.36e-01 Accepted	 362	 577	
161	 5.0553013e-01	 +2.0506883e-04 +1.2473027e-03	 1.17e+00 Accepted	 362	 577	
162	 5.0541297e-01	 -2.7701839e-04 +2.7664465e-04	 6.13e-01 Accepted	 362	 579	
163	 5.0543100e-01	 -1.0305856e-03 -9.6963021e-04	 9.15e-01 Accepted	 360	 577	
164	 5.0523350e-01	 -8.4087007e-04 +9.5861189e-04	 5.46e-01 Accepted	 361	 579	
165	 5.0516003e-01	 -9.2561478e-04 -9.5626682e-04	 8.36e-01 Accepted	 361	 579	
166	 5.0516812e-01	 +8.9002035e-04 -5.7844744e-04	 1.10e+00 Accepted	 363	 576	
167	 5.0501121e-01	 +1.0241037e-03 -1.5917956e-03	 1.11e+00 Accepted	 363	 577	
168	 5.0523406e-01	 +1.3565635e-03 -1.4022946e-03	 1.04e+00 Accepted	 364	 577	
169	 5.0521012e-01	 -1.0800313e-03 +4.8487263e-04	 1.01e+00 Accepted	 363	 579	
170	 5.0521012e-01	 -1.0800313e-03 +4.8487263e-04	 8.87e-01 Rejected	 362	 578	
171	 5.0520036e-01	 +2.7247127e-03 -2.0357471e-03	 1.31e+00 Accepted	 362	 578	
172	 5.0565267e-01	 -1.0420216e-04 +1.4955714e-04	 2.17e+00 Accepted	 363	 579	
173	 5.0555207e-01	 -1.6723347e-03 +4.1068762e-04	 8.61e-01 Accepted	 361	 580	
174	 5.0558617e-01	 -1.4373569e-04 +1.1979749e-03	 1.25e+00 Accepted	 363	 578	
175	 5.0541635e-01	 -1.5264394e-03 -9.9853258e-04	 6.21e-01 Accepted	 363	 579	
176	 5.0556494e-01	 +2.8797005e-04 -9.5604088e-04	 1.07e+00 Accepted	 363	 576	
177	 5.0571651e-01	 +1.4331218e-03 -1.4506574e-03	 1.16e+00 Accepted	 361	 575	
178	 5.0594939e-01	 -1.0622350e-03 +3.8455532e-04	 1.29e+00 Accepted	 363	 576	
179	 5.0581420e-01	 -3.3223572e-04 -6.5809453e-04	 9.28e-01 Accepted	 361	 576	
180	 5.0578131e-01	 -1.6229197e-03 -4.6185676e-04	 8.07e-01 Accepted	 363	 575	
181	 5.0578979e-01	 -7.2744700e-04 +2.0677897e-03	 1.09e+00 Accepted	 363	 575	
182	 5.0578979e-01	 -7.2744700e-04 +2.0677897e-03	 6.18e-01 Rejected	 362	 575	
183	 5.0600905e-01	 +2.3088348e-04 +8.5184842e-04	 1.08e+00 Accepted	 361	 579	
184	 5.0583776e-01	 +4.2321469e-04 -1.2138950e-04	 8.63e-01 Accepted	 363	 579	
185	 5.0583776e-01	 +4.2321469e-04 -1.2138950e-04	 6.99e-01 Rejected	 362	 576	
186	 5.0583776e-01	 +4.2321469e-04 -1.2138950e-04	 8.01e-01 Rejected	 362	 579	
187	 5.0586933e-01	 +2.0772126e-03 -3.5982020e-04	 9.27e-01 Accepted	 363	 576	
188	 5.0562166e-01	 -3.6652021e-04 +9.8617922e-04	 9.73e-01 Accepted	 363	 576	
189	 5.0539360e-01	 -1.4126734e-06 -1.2078292e-04	 8.97e-01 Accepted	 360	 576	
190	 5.0524197e-01	 -1.0830366e-03 -2.9796829e-04	 1.08e+00 Accepted	 362	 579	
191	 5.0527755e-01	 -4.1272969e-05 -5.7289192e-04	 1.27e+00 Accepted	 363	 577	
192	 5.0527755e-01	 -4.1272969e-05 -5.7289192e-04	 3.41e-01 Rejected	 363	 578	
193	 5.0521911e-01	 -7.4260979e-04 +1.2720163e-03	 9.56e-01 Accepted	 361	 575	
194	 5.0500084e-01	 -3.7924904e-05 +7.3821227e-04	 7.31e-01 Accepted	 362	 576	
195	 5.0492528e-01	 +8.0755160e-04 -1.6275748e-03	 1.25e+00 Accepted	 363	 578	
196	 5.0498857e-01	 +1.1509643e-04 +2.2792254e-03	 8.79e-01 Accepted	 363	 576	
197	 5.0499443e-01	 +3.7932360e-04 +6.5351314e-04	 8.59e-01 Accepted	 361	 575	
198	 5.0503537e-01	 -6.5777792e-04 +1.2472019e-03	 1.04e+00 Accepted	 362	 575	
199	 5.0503537e-01	 -6.5777792e-04 +1.2472019e-03	 8.82e-01 Rejected	 363	 579	
200	 5.0503452e-01	 +1.4363332e-03 +5.5735488e-04	 9.44e-01 Accepted	 364	 579	
201	 5.0494993e-01	 +1.7896854e-03 +4.0676385e-04	 7.17e-01 Accepted	 362	 575	
202	 5.0489206e-01	 +8.1319162e-04 +6.7715057e-04	 8.55e-01 Accepted	 363	 580	
203	 5.0489206e-01	 +8.1319162e-04 +6.7715057e-04	 5.37e-01 Rejected	 363	 577	
204	 5.0478874e-01	 -3.1295622e-05 +1.5111359e-03	 8.77e-01 Accepted	 364	 577	
205	 5.0481019e-01	 +8.8273355e-04 +1.7416558e-03	 1.09e+00 Accepted	 361	 578	
206	 5.0530478e-01	 -4.2423963e-04 -1.1252770e-03	 1.60e+00 Accepted	 364	 577	
207	 5.0528288e-01	 +1.5880687e-04 -3.5387177e-04	 8.15e-01 Accepted	 361	 576	
208	 5.0541785e-01	 -6.3728716e-04 -8.4610201e-04	 1.57e+00 Accepted	 363	 577	
209	 5.0550156e-01	 -2.6527190e-04 +1.5213090e-03	 1.24e+00 Accepted	 361	 578	
210	 5.0550156e-01	 -2.6527190e-04 +1.5213090e-03	 6.34e-01 Rejected	 362	 579	
211	 5.0573723e-01	 +7.6639138e-04 +8.4119623e-04	 1.52e+00 Accepted	 362	 578	
212	 5.0590421e-01	 +4.2652849e-04 +9.1476151e-04	 1.20e+00 Accepted	 363	 579	
213	 5.0587921e-01	 -3.7417649e-04 +7.1129945e-04	 1.16e+00 Accepted	 362	 574	
214	 5.0610459e-01	 -6.9778519e-04 -3.5454227e-04	 9.87e-01 Accepted	 362	 577	
215	 5.0608057e-01	 +1.8815022e-03 +2.4450442e-04	 9.26e-01 Accepted	 361	 576	
216	 5.0587928e-01	 +7.7459993e-04 +8.1745381e-04	 9.94e-01 Accepted	 362	 577	
217	 5.0602267e-01	 -8.6765914e-04 +1.0001023e-03	 1.48e+00 Accepted	 362	 577	
218	 5.0611150e-01	 +1.5373145e-04 +1.9159467e-03	 1.53e+00 Accepted	 362	 578	
219	 5.0561105e-01	 +1.0508353e-03 -4.9346411e-05	 5.61e-01 Accepted	 363	 576	
220	 5.0577073e-01	 -1.6102668e-03 +1.4164909e-03	 1.05e+00 Accepted	 362	 581	
221	 5.0563673e-01	 -1.0015866e-03 +3.5255972e-04	 8.08e-01 Accepted	 363	 579	
222	 5.0563031e-01	 -1.5562595e-03 -4.6212023e-04	 1.11e+00 Accepted	 362	 581	
223	 5.0594609e-01	 +3.3379181e-04 +3.7648530e-04	 1.71e+00 Accepted	 362	 577	
224	 5.0600542e-01	 +8.5188455e-05 -1.4270706e-03	 1.07e+00 Accepted	 361	 577	
225	 5.0587466e-01	 +2.5125541e-03 +7.5343629e-05	 9.29e-01 Accepted	 361	 577	
226	 5.0604019e-01	 +4.8388541e-04 -7.3610548e-04	 1.28e+00 Accepted	 360	 578	
227	 5.0571784e-01	 -2.1985877e-03 -8.6677576e-04	 1.36e+00 Accepted	 363	 577	
228	 5.0571784e-01	 -2.1985877e-03 -8.6677576e-04	 7.38e-01 Rejected	 363	 577	
229	 5.0577311e-01	 +2.4731026e-04 -6.6777983e-04	 1.26e+00 Accepted	 361	 579	
230	 5.0563783e-01	 +2.1360159e-04 +1.0606796e-03	 1.23e+00 Accepted	 363	 577	
231	 5.0589925e-01	 -7.6326153e-04 -8.9546405e-04	 1.31e+00 Accepted	 363	 579	
232	 5.0579370e-01	 -6.8180803e-04 -1.2778858e-03	 7.25e-01 Accepted	 362	 576	
233	 5.0593633e-01	 -8.3297504e-04 -1.4615416e-03	 9.99e-01 Accepted	 363	 577	
234	 5.0569829e-01	 +1.0125547e-05 -1.4838719e-05	 1.01e+00 Accepted	 362	 575	
235	 5.0568679e-01	 +1.1354577e-03 +1.4657501e-03	 6.79e-01 Accepted	 362	 576	
236	 5.0566974e-01	 +1.0773990e-03 -6.1426600e-04	 5.77e-01 Accepted	 362	 577	
237	 5.0582507e-01	 +2.2196596e-04 -9.1662478e-04	 1.28e+00 Accepted	 362	 577	
238	 5.0614602e-01	 +4.2269494e-04 -4.7836554e-04	 1.22e+00 Accepted	 363	 577	
239	 5.0596571e-01	 +3.2555228e-04 -5.1739862e-04	 1.02e+00 Accepted	 362	 575	
240	 5.0560318e-01	 -7.9652362e-04 +1.1754669e-03	 8.98e-01 Accepted	 361	 581	
241	 5.0555321e-01	 +2.7308919e-04 +3.0705624e-04	 1.18e+00 Accepted	 363	 576	
242	 5.0555321e-01	 +2.7308919e-04 +3.0705624e-04	 8.94e-01 Rejected	 362	 577	
243	 5.0575826e-01	 -4.0056357e-04 -2.0029840e-03	 1.09e+00 Accepted	 362	 579	
# Starting_type: CheckpointStart
# Trajectory_length / Number_of_MD_steps: 1 / 8
# 	 Plaquette	 Polyakov_Loop(re,im)	 Acc._Probability	 runtime_per_traj(s)	 CG_iterations	
243	 5.0575826e-01	 -4.0056357e-04 -2.0029840e-03	 1.09e+00 Accepted	 364	 579	
244	 5.0575826e-01	 -4.0056357e-04 -2.0029840e-03	 5.98e-01 Rejected	 363	 576	
245	 5.0585973e-01	 -2.2732110e-04 +7.3222096e-05	 1.85e+00 Accepted	 363	 578	
246	 5.0581908e-01	 -8.7230556e-04 -1.5128815e-03	 8.09e-01 Accepted	 361	 574	
247	 5.0595776e-01	 -1.3101697e-03 -4.5810797e-04	 1.10e+00 Accepted	 361	 578	
248	 5.0584139e-01	 +1.1591374e-03 -2.2980217e-03	 7.77e-01 Accepted	 362	 576	
249	 5.0580071e-01	 -1.7206023e-03 -1.5068534e-03	 1.05e+00 Accepted	 361	 575	
250	 5.0542827e-01	 -7.1927257e-04 -1.5827058e-03	 7.01e-01 Accepted	 361	 577	
251	 5.0537115e-01	 -6.6470572e-04 +1.2943761e-03	 9.74e-01 Accepted	 361	 579	
252	 5.0549845e-01	 -3.8888085e-04 -7.1717995e-04	 1.08e+00 Accepted	 362	 576	
253	 5.0546067e-01	 +1.0472256e-03 +3.0821820e-04	 1.15e+00 Accepted	 363	 577	
254	 5.0550551e-01	 -7.6098700e-04 +1.0850429e-03	 1.10e+00 Accepted	 362	 582	
255	 5.0537569e-01	 +2.2556920e-04 +4.1705566e-04	 8.90e-01 Accepted	 364	 578	
256	 5.0505164e-01	 -8.1179147e-04 +5.2013873e-04	 5.80e-01 Accepted	 363	 578	
257	 5.0500284e-01	 +9.3388072e-04 -1.3751472e-04	 1.45e+00 Accepted	 363	 581	
258	 5.0496201e-01	 +1.8020313e-03 -3.8362998e-04	 9.33e-01 Accepted	 363	 578	
259	 5.0494353e-01	 -9.0662312e-04 -8.1580033e-04	 8.75e-01 Accepted	 363	 576	
260	 5.0501669e-01	 -1.4159568e-03 +8.1361401e-04	 1.36e+00 Accepted	 363	 575	
261	 5.0498820e-01	 +2.6936755e-04 -1.1719551e-03	 8.85e-01 Accepted	 362	 579	
262	 5.0502655e-01	 +2.5220780e-03 +1.2827382e-04	 9.40e-01 Accepted	 363	 577	
263	 5.0501672e-01	 -1.7891421e-03 +1.9744349e-03	 7.14e-01 Accepted	 363	 577	
264	 5.0508237e-01	 +9.9246299e-05 +1.4112130e-03	 1.47e+00 Accepted	 364	 581	
265	 5.0525403e-01	 -4.4851176e-04 +6.9594485e-04	 9.36e-01 Accepted	 362	 578	
266	 5.0523127e-01	 +6.2018380e-04 +1.7154044e-04	 1.25e+00 Accepted	 362	 575	
267	 5.0524538e-01	 +1.2516354e-03 +1.9602198e-03	 1.26e+00 Accepted	 363	 577	
268	 5.0509112e-01	 +7.7401701e-05 +6.3139475e-04	 7.23e-01 Accepted	 362	 581	
269	 5.0531606e-01	 +1.1610363e-04 -7.7265504e-04	 1.01e+00 Accepted	 362	 581	
270	 5.0529699e-01	 -1.4454799e-04 +2.1220339e-04	 1.35e+00 Accepted	 364	 577	
271	 5.0526008e-01	 -1.6682714e-04 +3.1866289e-04	 8.02e-01 Accepted	 362	 579	
272	 5.0531656e-01	 +4.8915895e-04 +7.2232983e-05	 7.27e-01 Accepted	 361	 577	
273	 5.0518970e-01	 +2.1396811e-04 +6.2512711e-04	 7.56e-01 Accepted	 362	 577	
274	 5.0519205e-01	 -2.0423093e-04 -2.0567194e-03	 5.88e-01 Accepted	 363	 580	
275	 5.0491011e-01	 +3.1049164e-04 +1.4605509e-04	 6.62e-01 Accepted	 362	 578	
276	 5.0475302e-01	 +1.0783802e-03 +7.9376906e-04	 1.00e+00 Accepted	 363	 579	
277	 5.0471006e-01	 +1.2717685e-03 -1.2266928e-03	 7.53e-01 Accepted	 364	 577	
278	 5.0480011e-01	 +1.2083440e-03 +1.2419680e-03	 1.07e+00 Accepted	 363	 576	
279	 5.0505546e-01	 +6.7950404e-04 -6.1292041e-04	 1.19e+00 Accepted	 364	 578	
280	 5.0511723e-01	 +6.0438256e-04 -8.1498093e-05	 1.20e+00 Accepted	 364	 577	
281	 5.0502253e-01	 +4.0020352e-04 +1.1324433e-04	 1.09e+00 Accepted	 363	 576	
282	 5.0470082e-01	 +6.0228083e-04 +8.0267476e-05	 5.64e-01 Accepted	 365	 577	
283	 5.0458554e-01	 -9.2369282e-04 +1.1844446e-03	 1.02e+00 Accepted	 363	 577	
284	 5.0472037e-01	 +6.7725083e-04 +5.0455485e-05	 1.07e+00 Accepted	 363	 579	
285	 5.0463473e-01	 -1.5708180e-03 +4.0951797e-04	 1.13e+00 Accepted	 362	 577	
286	 5.0449647e-01	 -1.1131375e-03 -4.9385985e-04	 8.70e-01 Accepted	 363	 578	
287	 5.0434765e-01	 -1.2398831e-03 +5.0857142e-04	 6.79e-01 Accepted	 364	 585	
288	 5.0445355e-01	 -3.2850378e-04 +6.7629813e-04	 1.12e+00 Accepted	 363	 577	
289	 5.0454753e-01	 +2.3579684e-04 -6.5292759e-04	 1.40e+00 Accepted	 362	 577	
290	 5.0465842e-01	 +2.0341873e-03 +9.8891966e-04	 1.25e+00 Accepted	 362	 579	
291	 5.0471681e-01	 -1.4978487e-03 -1.5838033e-03	 1.19e+00 Accepted	 361	 577	
292	 5.0463623e-01	 -5.0420357e-05 -1.7156141e-04	 7.87e-01 Accepted	 364	 577	
293	 5.0463623e-01	 -5.0420357e-05 -1.7156141e-04	 8.06e-01 Rejected	 361	 578	
294	 5.0491242e-01	 +2.4258395e-04 +2.8868818e-04	 1.34e+00 Accepted	 363	 581	
295	 5.0491242e-01	 +2.4258395e-04 +2.8868818e-04	 7.06e-01 Rejected	 363	 579	
296	 5.0485085e-01	 +1.0412603e-03 +3.4450409e-04	 6.63e-01 Accepted	 363	 575	
297	 5.0509087e-01	 +2.9474796e-04 +7.4523385e-04	 1.63e+00 Accepted	 362	 579	
298	 5.0471043e-01	 +7.6564231e-04 +7.6126187e-04	 8.61e-01 Accepted	 364	 580	
299	 5.0489202e-01	 +6.1485785e-04 -9.9980626e-04	 8.53e-01 Accepted	 361	 577	
300	 5.0482564e-01	 -5.5340083e-04 +1.3041012e-03	 8.73e-01 Accepted	 362	 576	
301	 5.0482564e-01	 -5.5340083e-04 +1.3041012e-03	 5.21e-01 Rejected	 362	 578	
302	 5.0510233e-01	 +9.8663924e-05 -1.2283465e-03	 1.00e+00 Accepted	 365	 580	
303	 5.0492651e-01	 +2.7875105e-04 -7.0052573e-04	 8.62e-01 Accepted	 364	 582	
304	 5.0486225e-01	 +3.6943596e-04 +3.9803781e-04	 1.04e+00 Accepted	 364	 578	
305	 5.0495140e-01	 -3.2330384e-04 +5.4468595e-05	 1.07e+00 Accepted	 363	 577	
306	 5.0487392e-01	 +2.4369996e-03 -1.5962481e-05	 6.90e-01 Accepted	 364	 575	
307	 5.0470893e-01	 +8.6413621e-04 -3.7117227e-04	 8.45e-01 Accepted	 362	 578	
308	 5.0452544e-01	 -9.4398538e-04 -1.2763375e-03	 1.44e+00 Accepted	 364	 577	
309	 5.0452544e-01	 -9.4398538e-04 -1.2763375e-03	 5.93e-01 Rejected	 362	 578	
310	 5.0457078e-01	 +1.7190616e-03 -1.2568347e-03	 1.02e+00 Accepted	 363	 577	
311	 5.0473643e-01	 -2.2438461e-04 +1.8992803e-04	 1.11e+00 Accepted	 362	 578	
312	 5.0493820e-01	 -8.5040317e-04 +5.8243339e-04	 1.25e+00 Accepted	 363	 581	
313	 5.0481416e-01	 -4.6828514e-04 -6.0749770e-04	 1.11e+00 Accepted	 362	 579	
314	 5.0486749e-01	 -4.7992949e-04 -3.7610722e-04	 8.29e-01 Accepted	 361	 582	
315	 5.0450596e-01	 -7.8619677e-04 +1.1427979e-03	 8.21e-01 Accepted	 363	 576	
316	 5.0442029e-01	 -2.2514342e-04 +2.6403623e-03	 8.35e-01 Accepted	 364	 580	
317	 5.0442029e-01	 -2.2514342e-04 +2.6403623e-03	 8.47e-01 Rejected	 364	 578	
318	 5.0441546e-01	 -6.2583299e-04 -1.2210572e-03	 8.71e-01 Accepted	 364	 578	
319	 5.0441546e-01	 -6.2583299e-04 -1.2210572e-03	 9.19e-01 Rejected	 363	 577	
320	 5.0452873e-01	 +1.0292629e-03 -1.2774510e-03	 1.27e+00 Accepted	 362	 576	
321	 5.0452873e-01	 +1.0292629e-03 -1.2774510e-03	 7.74e-01 Rejected	 362	 579	
322	 5.0462580e-01	 -4.3457401e-04 -1.2893470e-03	 5.39e-01 Accepted	 363	 578	
323	 5.0482856e-01	 +1.6152641e-03 +2.5061962e-04	 2.18e+00 Accepted	 362	 575	
324	 5.0494977e-01	 +2.2602251e-03 -2.6742914e-04	 1.45e+00 Accepted	 361	 578	
325	 5.0482027e-01	 -3.1954038e-04 +1.7166064e-03	 5.93e-01 Accepted	 363	 580	
326	 5.0498174e-01	 -8.2450453e-04 +1.7611221e-03	 9.53e-01 Accepted	 362	 577	
327	 5.0492597e-01	 +1.5420194e-03 +3.7369222e-04	 7.28e-01 Accepted	 361	 576	
328	 5.0460634e-01	 -7.5713811e-04 -1.8100579e-03	 6.16e-01 Accepted	 362	 577	
329	 5.0448700e-01	 -9.3034280e-04 +7.7144718e-04	 8.34e-01 Accepted	 361	 578	
330	 5.0450029e-01	 +1.0280256e-03 +3.5544601e-04	 1.28e+00 Accepted	 363	 577	
331	 5.0502642e-01	 +4.8514519e-04 -2.2066236e-03	 1.61e+00 Accepted	 362	 578	
332	 5.0502876e-01	 +2.1284098e-04 -1.1726268e-03	 1.46e+00 Accepted	 364	 579	
333	 5.0512318e-01	 +1.4557214e-03 +4.7242949e-04	 1.31e+00 Accepted	 362	 581	
334	 5.0523106e-01	 -1.0264190e-03 +1.0466266e-03	 1.71e+00 Accepted	 363	 576	
335	 5.0504661e-01	 +6.5914609e-04 -2.0003549e-04	 4.60e-01 Accepted	 363	 575	
336	 5.0512172e-01	 +3.0049792e-03 -7.3513010e-04	 8.94e-01 Accepted	 363	 575	
337	 5.0499612e-01	 +7.6580551e-04 -8.5541684e-04	 5.82e-01 Accepted	 362	 578	
338	 5.0506118e-01	 -3.2560622e-04 +5.0497561e-04	 8.05e-01 Accepted	 363	 579	
339	 5.0505657e-01	 -1.5407162e-03 -1.0812701e-03	 7.48e-01 Accepted	 362	 576	
340	 5.0506061e-01	 -4.7630849e-05 -2.2784966e-04	 1.13e+00 Accepted	 361	 577	
341	 5.0497667e-01	 -9.9349397e-04 -1.1128750e-03	 8.95e-01 Accepted	 361	 584	
342	 5.0494681e-01	 +4.9427029e-04 +2.3282966e-05	 1.07e+00 Accepted	 363	 575	
343	 5.0499278e-01	 -5.7782718e-04 -2.1847526e-04	 1.56e+00 Accepted	 362	 578	
344	 5.0501912e-01	 +9.8460773e-04 +9.6080209e-04	 1.02e+00 Accepted	 364	 577	
345	 5.0501912e-01	 +9.8460773e-04 +9.6080209e-04	 5.57e-01 Rejected	 362	 576	
346	 5.0515112e-01	 +2.9415969e-04 +1.1993139e-04	 1.01e+00 Accepted	 362	 576	
347	 5.0504497e-01	 -1.2147699e-03 -2.5493134e-03	 9.18e-01 Accepted	 364	 575	
348	 5.0488920e-01	 +2.0701508e-04 -7.7983926e-04	 7.48e-01 Accepted	 363	 575	
349	 5.0469326e-01	 +3.4417286e-04 +8.7585810e-04	 9.79e-01 Accepted	 363	 578	
350	 5.0465163e-01	 -3.6117589e-04 -3.8332904e-04	 9.99e-01 Accepted	 364	 577	
351	 5.0456316e-01	 -1.4241866e-04 -1.2577860e-03	 8.41e-01 Accepted	 363	 582	
352	 5.0449475e-01	 -5.1789545e-05 +1.5979438e-04	 8.80e-01 Accepted	 362	 579	
353	 5.0454474e-01	 -2.2765272e-03 +1.2948136e-03	 1.02e+00 Accepted	 362	 577	
354	 5.0442970e-01	 +1.3487490e-03 +7.8718463e-04	 1.04e+00 Accepted	 361	 579	
355	 5.0448233e-01	 +4.6435892e-04 +1.1149081e-03	 1.36e+00 Accepted	 362	 577	
356	 5.0458660e-01	 -1.2456673e-03 +4.1096494e-04	 1.40e+00 Accepted	 362	 577	
357	 5.0457915e-01	 +6.0638303e-04 +4.8645737e-04	 1.02e+00 Accepted	 364	 578	
358	 5.0471946e-01	 +3.5066490e-04 +6.4515620e-04	 1.14e+00 Accepted	 362	 577	
359	 5.0449988e-01	 -7.0995617e-04 +1.3391518e-03	 7.16e-01 Accepted	 364	 577	
360	 5.0446506e-01	 +9.7133860e-04 +5.5580865e-04	 8.78e-01 Accepted	 361	 576	
361	 5.0478822e-01	 -9.4487571e-04 +5.6068282e-04	 1.44e+00 Accepted	 363	 579	
# Starting_type: CheckpointStart
# Trajectory_length / Number_of_MD_steps: 1 / 8
# 	 Plaquette	 Polyakov_Loop(re,im)	 Acc._Probability	 runtime_per_traj(s)	 CG_iterations	
361	 5.0478822e-01	 -9.4487571e-04 +5.6068282e-04	 1.44e+00 Accepted	 365	 579	
362	 5.0464703e-01	 +1.4701706e-03 +1.4101116e-03	 8.30e-01 Accepted	 363	 578	
363	 5.0464703e-01	 +1.4701706e-03 +1.4101116e-03	 6.16e-01 Rejected	 363	 584	
364	 5.0464703e-01	 +1.4701706e-03 +1.4101116e-03	 7.01e-01 Rejected	 362	 579	
365	 5.0452214e-01	 +9.2739871e-04 -6.8532273e-04	 8.20e-01 Accepted	 361	 577	
366	 5.0453047e-01	 -8.9208478e-04 -6.0768112e-05	 1.25e+00 Accepted	 363	 575	
367	 5.0439035e-01	 +9.1489531e-04 +1.5113805e-03	 9.31e-01 Accepted	 361	 577	
368	 5.0445680e-01	 -1.9704088e-03 -2.1891294e-03	 1.23e+00 Accepted	 360	 576	
369	 5.0419822e-01	 -1.1409573e-03 -1.9028435e-04	 5.66e-01 Accepted	 363	 580	
370	 5.0416475e-01	 +1.3796156e-03 -2.1926947e-03	 8.99e-01 Accepted	 363	 577	
371	 5.0397152e-01	 +7.8981088e-04 -1.7648361e-04	 7.97e-01 Accepted	 362	 578	
372	 5.0424660e-01	 +1.0924254e-03 -1.7536027e-03	 1.14e+00 Accepted	 363	 576	
373	 5.0444630e-01	 +1.1521244e-03 -1.3350004e-03	 1.31e+00 Accepted	 363	 578	
374	 5.0451433e-01	 +1.3289236e-03 -1.7821392e-04	 8.07e-01 Accepted	 363	 580	
375	 5.0435696e-01	 +6.9548014e-04 -7.3162288e-04	 7.25e-01 Accepted	 363	 579	
376	 5.0438279e-01	 -1.7699936e-03 +1.0333257e-03	 8.60e-01 Accepted	 364	 578	
377	 5.0434746e-01	 +1.2366055e-03 -1.6049331e-03	 8.22e-01 Accepted	 364	 577	
378	 5.0447350e-01	 -1.1014021e-03 -2.7137909e-04	 8.85e-01 Accepted	 363	 578	
379	 5.0418426e-01	 +4.2035076e-04 +4.8789619e-05	 7.13e-01 Accepted	 363	 579	
380	 5.0405236e-01	 -2.2741393e-04 +5.8775125e-04	 6.89e-01 Accepted	 363	 578	
381	 5.0424498e-01	 +7.9232047e-04 -1.3305569e-03	 1.50e+00 Accepted	 364	 579	
382	 5.0448993e-01	 -6.3221474e-05 -2.0610869e-03	 1.04e+00 Accepted	 363	 581	
383	 5.0454840e-01	 +2.6520331e-04 -4.3292524e-04	 9.75e-01 Accepted	 362	 577	
384	 5.0454376e-01	 -6.3151485e-04 -2.2889547e-03	 1.17e+00 Accepted	 362	 583	
385	 5.0454376e-01	 -6.3151485e-04 -2.2889547e-03	 7.06e-01 Rejected	 365	 577	
386	 5.0454376e-01	 -6.3151485e-04 -2.2889547e-03	 6.29e-01 Rejected	 364	 579	
387	 5.0412180e-01	 -5.9514677e-04 +4.6737694e-04	 5.66e-01 Accepted	 363	 578	
388	 5.0426127e-01	 -5.3666458e-04 +3.5073228e-04	 1.61e+00 Accepted	 363	 576	
389	 5.0414773e-01	 -1.1346187e-03 -2.9883106e-04	 6.16e-01 Accepted	 363	 577	
390	 5.0441148e-01	 -1.6726700e-03 -9.4478883e-04	 1.22e+00 Accepted	 363	 577	
391	 5.0455821e-01	 -2.0511393e-03 +6.2671307e-04	 9.14e-01 Accepted	 364	 579	
392	 5.0461191e-01	 +1.5255368e-03 -7.2735759e-04	 5.18e-01 Accepted	 364	 579	
393	 5.0453124e-01	 +4.4806493e-04 +1.5335138e-03	 9.40e-01 Accepted	 363	 577	
394	 5.0475290e-01	 +1.1132304e-03 +3.5115641e-04	 1.08e+00 Accepted	 364	 579	
395	 5.0459878e-01	 +5.8694985e-04 -4.8490586e-04	 9.40e-01 Accepted	 363	 579	
396	 5.0448435e-01	 -1.2046803e-03 +1.5913754e-04	 5.73e-01 Accepted	 362	 579	
397	 5.0441983e-01	 -5.0984729e-04 +9.9020088e-04	 1.37e+00 Accepted	 364	 577	
398	 5.0441983e-01	 -5.0984729e-04 +9.9020088e-04	 8.01e-01 Rejected	 362	 578	
399	 5.0438437e-01	 -4.8011444e-05 +2.8138247e-04	 9.38e-01 Accepted	 363	 578	
400	 5.0447647e-01	 -1.3024301e-04 -8.9858635e-04	 9.97e-01 Accepted	 363	 580	
401	 5.0440435e-01	 -3.6520650e-04 -4.7333599e-04	 1.09e+00 Accepted	 362	 576	
402	 5.0451197e-01	 +1.5288469e-03 -7.4850548e-04	 1.02e+00 Accepted	 363	 584	
403	 5.0452230e-01	 -6.5612022e-04 +1.5259574e-03	 8.95e-01 Accepted	 363	 576	
404	 5.0434337e-01	 +9.2342616e-05 -2.0455199e-04	 9.63e-01 Accepted	 362	 580	
405	 5.0449285e-01	 +1.5761765e-04 -7.7427738e-04	 1.48e+00 Accepted	 365	 578	
406	 5.0449139e-01	 -1.4837495e-03 -1.5232215e-03	 7.16e-01 Accepted	 363	 579	
407	 5.0458883e-01	 -3.2146390e-04 +1.4501275e-03	 9.42e-01 Accepted	 364	 581	
408	 5.0456558e-01	 +1.1212016e-03 -2.1954713e-04	 9.00e-01 Accepted	 362	 580	
409	 5.0456558e-01	 +1.1212016e-03 -2.1954713e-04	 4.75e-01 Rejected	 363	 577	
410	 5.0465758e-01	 +6.1604411e-04 -1.9458539e-03	 7.81e-01 Accepted	 362	 579	
411	 5.0443239e-01	 -1.7865486e-04 -6.8287946e-04	 7.17e-01 Accepted	 362	 577	
412	 5.0425093e-01	 +7.5730870e-05 +1.8982453e-04	 8.19e-01 Accepted	 364	 578	
413	 5.0431398e-01	 +7.1632034e-04 -1.0304627e-03	 1.06e+00 Accepted	 363	 576	
414	 5.0477323e-01	 +3.6285335e-04 -2.0460503e-04	 1.50e+00 Accepted	 362	 581	
415	 5.0477323e-01	 +3.6285335e-04 -2.0460503e-04	 7.90e-01 Rejected	 363	 580	
416	 5.0483042e-01	 -5.6177756e-04 -2.8558604e-04	 1.12e+00 Accepted	 366	 578	
417	 5.0492196e-01	 -2.0171222e-03 +2.8354188e-05	 7.77e-01 Accepted	 363	 579	
418	 5.0449106e-01	 -6.0675998e-04 -5.5178066e-04	 4.68e-01 Accepted	 363	 577	
419	 5.0436719e-01	 -4.8515475e-04 -1.2821874e-03	 1.13e+00 Accepted	 363	 580	
420	 5.0428076e-01	 -1.3103357e-03 +1.0411958e-03	 9.98e-01 Accepted	 363	 576	
421	 5.0430923e-01	 +1.8327821e-03 -3.8518131e-04	 6.26e-01 Accepted	 363	 577	
