# Starting_type: HotStart
# serial RNG seed: 	[64459 56335 28020 59321 5765]
# parallel RNG seed:	[10650 53099 10084 29673 61704]
# Trajectory_length / Number_of_MD_steps: 1 / 8
# 	 Plaquette	 Polyakov_Loop(re,im)	 Acc._Probability	 runtime_per_traj(s)	 CG_iterations	
1	 2.4312937e-01	 -2.6587174e-04 +4.8315709e-04	 1.51e+95 Accepted	 286	 941	
2	 3.5438833e-01	 -1.1611240e-03 -4.5832489e-04	 9.86e+58 Accepted	 372	 1138	
3	 4.2436506e-01	 -2.1246273e-04 -3.6190327e-04	 1.10e+40 Accepted	 405	 1190	
4	 4.7660611e-01	 +4.7175115e-04 -1.7374907e-03	 1.96e+30 Accepted	 415	 1188	
5	 5.1840541e-01	 +1.5430535e-03 +6.1555895e-04	 1.12e+24 Accepted	 412	 1163	
6	 5.5251332e-01	 +1.8483850e-03 +1.4454371e-03	 7.38e+19 Accepted	 399	 1152	
7	 5.7980247e-01	 -1.7352495e-03 -1.3092166e-05	 4.20e+15 Accepted	 387	 1115	
8	 6.0048976e-01	 -3.0227250e-04 -7.0755381e-04	 8.27e+11 Accepted	 380	 1099	
9	 6.1589814e-01	 +1.9432103e-03 -2.1307819e-03	 4.86e+08 Accepted	 376	 1075	
10	 6.2699270e-01	 -1.3788006e-03 +4.6459910e-04	 3.22e+06 Accepted	 367	 1093	
11	 6.3521971e-01	 -1.8672005e-03 -1.0445925e-03	 5.14e+04 Accepted	 365	 1041	
12	 6.4098434e-01	 -3.3916850e-04 +9.7997921e-04	 2.65e+03 Accepted	 357	 1006	
13	 6.4517699e-01	 -1.7565754e-03 +3.3910419e-04	 3.10e+02 Accepted	 345	 990	
14	 6.4835424e-01	 -1.6059758e-03 +3.3261909e-03	 4.06e+01 Accepted	 338	 911	
15	 6.5064998e-01	 +9.6316760e-05 +9.8828714e-04	 1.64e+01 Accepted	 329	 911	
16	 6.5240772e-01	 +1.4112098e-03 +2.5758937e-04	 9.23e+00 Accepted	 329	 936	
17	 6.5397919e-01	 -7.9705816e-05 -2.0191240e-03	 7.87e+00 Accepted	 327	 916	
18	 6.5520715e-01	 +1.6250721e-03 -1.5360878e-03	 3.33e+00 Accepted	 318	 886	
19	 6.5586042e-01	 +2.7080470e-03 +3.2997796e-04	 1.40e+00 Accepted	 315	 897	
20	 6.5644288e-01	 +2.3491683e-03 +5.2144605e-04	 1.97e+00 Accepted	 322	 957	
21	 6.5684544e-01	 +3.2050859e-03 +8.3265490e-04	 1.60e+00 Accepted	 328	 869	
22	 6.5731272e-01	 +3.8208276e-03 -1.7527039e-03	 3.21e+00 Accepted	 315	 885	
23	 6.5762219e-01	 +3.8499552e-03 -5.4595120e-04	 1.42e+00 Accepted	 316	 859	
24	 6.5762219e-01	 +3.8499552e-03 -5.4595120e-04	 6.94e-01 Rejected	 309	 874	
25	 6.5784044e-01	 +1.4733761e-03 -1.3091880e-03	 1.11e+00 Accepted	 299	 794	
26	 6.5809370e-01	 +2.8282860e-03 -1.1743177e-03	 2.88e+00 Accepted	 282	 785	
27	 6.5808589e-01	 +4.9870677e-03 -1.8591038e-03	 1.11e+00 Accepted	 288	 826	
28	 6.5851830e-01	 +1.0081088e-05 -1.2465792e-03	 1.45e+00 Accepted	 291	 826	
29	 6.5851234e-01	 +2.9547088e-03 -2.4108303e-03	 8.60e-01 Accepted	 288	 830	
30	 6.5864026e-01	 +4.8010960e-03 -4.1707263e-04	 1.45e+00 Accepted	 295	 847	
31	 6.5887473e-01	 +3.8070083e-03 +1.2420457e-04	 1.69e+00 Accepted	 292	 813	
32	 6.5887473e-01	 +3.8070083e-03 +1.2420457e-04	 7.31e-01 Rejected	 280	 771	
33	 6.5897189e-01	 +3.8722022e-03 -1.6482238e-03	 1.11e+00 Accepted	 285	 798	
34	 6.5890682e-01	 +6.4100309e-03 +1.1221051e-03	 1.18e+00 Accepted	 283	 767	
35	 6.5866931e-01	 +5.6533148e-03 +3.4998313e-04	 1.10e+00 Accepted	 273	 772	
36	 6.5883186e-01	 +7.6828207e-03 +3.2386543e-04	 1.84e+00 Accepted	 275	 781	
37	 6.5898020e-01	 +5.0654875e-03 -8.4681797e-04	 1.22e+00 Accepted	 282	 821	
38	 6.5903617e-01	 +6.6954008e-03 +3.7390585e-04	 1.45e+00 Accepted	 287	 806	
39	 6.5900788e-01	 +5.2760151e-03 -9.7311389e-04	 8.70e-01 Accepted	 290	 789	
40	 6.5900516e-01	 +6.6572744e-03 -3.4229043e-04	 1.28e+00 Accepted	 292	 786	
41	 6.5904587e-01	 +6.9554389e-03 -7.4183420e-05	 8.13e-01 Accepted	 277	 768	
42	 6.5888494e-01	 +6.0397940e-03 -1.7917750e-03	 5.31e-01 Accepted	 274	 770	
43	 6.5900977e-01	 +7.1208456e-03 -2.0948255e-03	 9.18e-01 Accepted	 273	 769	
44	 6.5887286e-01	 +8.0182851e-03 -1.0160282e-03	 7.90e-01 Accepted	 279	 799	
45	 6.5899770e-01	 +8.4794432e-03 -1.9282678e-03	 1.57e+00 Accepted	 280	 771	
46	 6.5918596e-01	 +8.0989587e-03 -2.7859031e-03	 1.06e+00 Accepted	 277	 787	
47	 6.5918596e-01	 +8.0989587e-03 -2.7859031e-03	 6.81e-01 Rejected	 277	 796	
48	 6.5918596e-01	 +8.0989587e-03 -2.7859031e-03	 9.51e-01 Rejected	 279	 780	
49	 6.5911837e-01	 +1.1103561e-02 -4.7800748e-03	 1.18e+00 Accepted	 276	 776	
50	 6.5904519e-01	 +6.4078371e-03 -4.4593309e-03	 5.84e-01 Accepted	 277	 799	
51	 6.5918071e-01	 +7.3950690e-03 -4.6201565e-03	 1.45e+00 Accepted	 284	 796	
52	 6.5918490e-01	 +9.2725462e-03 -1.7570048e-03	 9.31e-01 Accepted	 278	 770	
53	 6.5901330e-01	 +1.0645429e-02 -9.1159608e-04	 7.09e-01 Accepted	 278	 782	
54	 6.5910219e-01	 +7.7434573e-03 -1.6187875e-03	 1.01e+00 Accepted	 277	 770	
55	 6.5906906e-01	 +9.0874772e-03 -5.4985008e-03	 1.14e+00 Accepted	 271	 767	
56	 6.5906906e-01	 +9.0874772e-03 -5.4985008e-03	 6.55e-01 Rejected	 272	 767	
57	 6.5912767e-01	 +6.9385585e-03 -2.4196857e-03	 1.42e+00 Accepted	 272	 768	
58	 6.5906363e-01	 +9.8956863e-03 -1.8324431e-03	 9.06e-01 Accepted	 273	 771	
59	 6.5915280e-01	 +1.2229073e-02 -3.1329648e-03	 6.89e-01 Accepted	 274	 772	
60	 6.5908291e-01	 +1.1939913e-02 -4.2170891e-03	 1.53e+00 Accepted	 274	 771	
61	 6.5927924e-01	 +1.1318969e-02 -2.9247133e-03	 1.07e+00 Accepted	 276	 798	
62	 6.5926094e-01	 +1.4593752e-02 -3.9817671e-03	 1.40e+00 Accepted	 278	 772	
63	 6.5930971e-01	 +1.3817485e-02 -4.2851691e-03	 1.54e+00 Accepted	 273	 767	
64	 6.5934874e-01	 +1.3365909e-02 -5.7551748e-03	 8.18e-01 Accepted	 274	 768	
65	 6.5949904e-01	 +1.2605857e-02 -3.6238055e-03	 1.53e+00 Accepted	 272	 767	
66	 6.5950527e-01	 +1.3908520e-02 -4.1370693e-03	 1.12e+00 Accepted	 273	 767	
67	 6.5950527e-01	 +1.3908520e-02 -4.1370693e-03	 5.76e-01 Rejected	 272	 766	
68	 6.5937141e-01	 +1.5294623e-02 -4.2327379e-03	 8.76e-01 Accepted	 274	 772	
69	 6.5948710e-01	 +1.3513467e-02 -4.6629849e-03	 1.02e+00 Accepted	 273	 765	
70	 6.5944340e-01	 +1.4249252e-02 -5.7968144e-03	 1.03e+00 Accepted	 273	 780	
71	 6.5944340e-01	 +1.4249252e-02 -5.7968144e-03	 6.34e-01 Rejected	 275	 776	
72	 6.5947964e-01	 +1.6124635e-02 -5.6742725e-03	 9.67e-01 Accepted	 275	 767	
73	 6.5949444e-01	 +1.4855405e-02 -4.4610525e-03	 1.00e+00 Accepted	 273	 770	
74	 6.5947094e-01	 +1.5222176e-02 -2.5099932e-03	 1.17e+00 Accepted	 274	 766	
75	 6.5970043e-01	 +1.3177537e-02 -3.6151501e-03	 1.03e+00 Accepted	 272	 773	
76	 6.5970043e-01	 +1.3177537e-02 -3.6151501e-03	 5.17e-01 Rejected	 273	 766	
77	 6.5946999e-01	 +1.6047262e-02 -4.3617158e-03	 9.67e-01 Accepted	 278	 821	
78	 6.5936950e-01	 +1.7958611e-02 -2.6862244e-03	 1.20e+00 Accepted	 292	 802	
79	 6.5947292e-01	 +1.5576852e-02 -1.3555469e-03	 1.22e+00 Accepted	 288	 807	
80	 6.5953050e-01	 +1.6686040e-02 -8.6239782e-04	 1.62e+00 Accepted	 281	 765	
81	 6.5953050e-01	 +1.6686040e-02 -8.6239782e-04	 7.63e-01 Rejected	 273	 770	
82	 6.5953050e-01	 +1.6686040e-02 -8.6239782e-04	 6.76e-01 Rejected	 273	 768	
83	 6.5969956e-01	 +1.6824292e-02 -2.8340976e-03	 1.20e+00 Accepted	 275	 770	
84	 6.5969956e-01	 +1.6824292e-02 -2.8340976e-03	 7.27e-01 Rejected	 273	 766	
85	 6.5963822e-01	 +1.7208990e-02 -2.9431405e-03	 7.72e-01 Accepted	 274	 767	
86	 6.5961497e-01	 +1.8417529e-02 -2.2866320e-03	 1.36e+00 Accepted	 271	 765	
87	 6.5946782e-01	 +2.1183667e-02 -1.2808884e-03	 1.45e+00 Accepted	 273	 768	
88	 6.5960546e-01	 +2.1050259e-02 -5.3176507e-05	 1.71e+00 Accepted	 273	 767	
89	 6.5956407e-01	 +2.0490317e-02 -2.6854250e-03	 1.70e+00 Accepted	 273	 768	
90	 6.5956407e-01	 +2.0490317e-02 -2.6854250e-03	 9.47e-01 Rejected	 275	 798	
91	 6.5957501e-01	 +2.4174313e-02 -1.5659115e-03	 8.79e-01 Accepted	 272	 770	
92	 6.5965725e-01	 +2.4562795e-02 -1.5610759e-03	 9.51e-01 Accepted	 276	 769	
93	 6.5958820e-01	 +2.3030640e-02 -8.7661886e-04	 1.60e+00 Accepted	 280	 793	
94	 6.5966464e-01	 +2.2859153e-02 -1.5502380e-03	 3.93e-01 Accepted	 279	 787	
95	 6.5961721e-01	 +2.3078954e-02 -2.0184522e-03	 1.16e+00 Accepted	 286	 818	
96	 6.5960224e-01	 +2.3762040e-02 -8.1886167e-05	 5.78e-01 Accepted	 284	 765	
97	 6.5973366e-01	 +2.4470883e-02 +6.8176839e-04	 1.55e+00 Accepted	 274	 766	
98	 6.5973366e-01	 +2.4470883e-02 +6.8176839e-04	 4.46e-01 Rejected	 271	 766	
99	 6.5960364e-01	 +2.4279076e-02 +1.5657814e-03	 1.00e+00 Accepted	 271	 761	
100	 6.5959696e-01	 +2.5288008e-02 +2.1026351e-03	 1.21e+00 Accepted	 272	 767	
101	 6.5956788e-01	 +2.6362923e-02 +1.2557481e-03	 1.10e+00 Accepted	 272	 762	
102	 6.5961433e-01	 +2.3890030e-02 +3.0625531e-03	 1.22e+00 Accepted	 271	 762	
103	 6.5973381e-01	 +2.3388592e-02 +6.7302383e-04	 1.51e+00 Accepted	 272	 761	
104	 6.5980652e-01	 +2.5572833e-02 +1.2267898e-03	 1.26e+00 Accepted	 274	 767	
105	 6.5980652e-01	 +2.5572833e-02 +1.2267898e-03	 3.93e-01 Rejected	 272	 758	
106	 6.5974111e-01	 +2.5952207e-02 +1.8135459e-03	 7.77e-01 Accepted	 271	 765	
107	 6.5941962e-01	 +2.7317902e-02 +1.9232955e-03	 1.26e+00 Accepted	 273	 765	
108	 6.5960320e-01	 +2.6850499e-02 +4.9846389e-04	 1.32e+00 Accepted	 272	 762	
109	 6.5955962e-01	 +2.7305796e-02 +1.2119660e-03	 7.30e-01 Accepted	 270	 764	
110	 6.5975955e-01	 +2.7629825e-02 +1.1880168e-03	 1.40e+00 Accepted	 272	 767	
111	 6.5950381e-01	 +2.9041749e-02 -1.7741163e-03	 4.95e-01 Accepted	 279	 786	
112	 6.5953778e-01	 +3.0277206e-02 -1.0915015e-03	 7.13e-01 Accepted	 283	 767	
113	 6.5953778e-01	 +3.0277206e-02 -1.0915015e-03	 5.86e-01 Rejected	 274	 763	
114	 6.5957081e-01	 +2.9891891e-02 -4.4337231e-04	 8.52e-01 Accepted	 276	 764	
115	 6.5966309e-01	 +2.8643060e-02 -4.7572201e-03	 1.05e+00 Accepted	 271	 764	
116	 6.5968792e-01	 +3.0427013e-02 -3.7126642e-03	 1.31e+00 Accepted	 272	 767	
117	 6.5972062e-01	 +2.8556087e-02 -5.2526043e-03	 4.69e-01 Accepted	 272	 762	
118	 6.5981300e-01	 +2.8088999e-02 -5.3165358e-03	 1.77e+00 Accepted	 273	 768	
119	 6.5969954e-01	 +3.0548781e-02 -5.0840143e-03	 5.50e-01 Accepted	 272	 764	
120	 6.5981125e-01	 +3.0202878e-02 -2.6927560e-03	 1.35e+00 Accepted	 271	 762	
121	 6.5974095e-01	 +2.7801394e-02 -3.2446964e-03	 1.27e+00 Accepted	 270	 761	
122	 6.5983971e-01	 +2.8085787e-02 -5.3514492e-03	 1.01e+00 Accepted	 273	 759	
123	 6.5983971e-01	 +2.8085787e-02 -5.3514492e-03	 4.58e-01 Rejected	 271	 757	
124	 6.5969820e-01	 +2.7795935e-02 -6.7462848e-03	 1.08e+00 Accepted	 271	 759	
125	 6.5969820e-01	 +2.7795935e-02 -6.7462848e-03	 8.98e-01 Rejected	 270	 754	
126	 6.5964459e-01	 +3.2310510e-02 -4.3351599e-03	 1.25e+00 Accepted	 272	 760	
127	 6.5977484e-01	 +3.0924538e-02 -1.7707612e-03	 1.11e+00 Accepted	 271	 766	
128	 6.5977484e-01	 +3.0924538e-02 -1.7707612e-03	 8.23e-01 Rejected	 271	 755	
129	 6.5974524e-01	 +2.6276225e-02 -2.6608580e-03	 1.12e+00 Accepted	 271	 760	
130	 6.5974524e-01	 +2.6276225e-02 -2.6608580e-03	 3.99e-01 Rejected	 272	 760	
131	 6.5977603e-01	 +3.0364097e-02 -4.1661453e-03	 1.08e+00 Accepted	 272	 764	
132	 6.5980629e-01	 +3.0202577e-02 -6.3627590e-03	 1.60e+00 Accepted	 271	 758	
133	 6.5995831e-01	 +2.9711815e-02 -2.5238777e-03	 7.54e-01 Accepted	 270	 764	
134	 6.5983501e-01	 +3.0713511e-02 -3.7440500e-03	 9.44e-01 Accepted	 273	 759	
135	 6.5972594e-01	 +3.0905979e-02 -4.2565368e-03	 8.34e-01 Accepted	 270	 760	
136	 6.6002072e-01	 +3.1157695e-02 -5.3607866e-03	 1.05e+00 Accepted	 271	 756	
137	 6.5968461e-01	 +3.1550969e-02 -9.8510319e-03	 5.87e-01 Accepted	 271	 764	
138	 6.5963911e-01	 +3.2758776e-02 -7.7435713e-03	 5.91e-01 Accepted	 271	 758	
139	 6.5953897e-01	 +3.2330335e-02 -7.1035731e-03	 6.69e-01 Accepted	 269	 761	
140	 6.5964941e-01	 +3.4847414e-02 -5.1375079e-03	 8.88e-01 Accepted	 270	 756	
141	 6.5963337e-01	 +3.3305889e-02 -3.6888814e-03	 9.48e-01 Accepted	 269	 757	
142	 6.5992351e-01	 +3.3210237e-02 -1.7153821e-03	 1.58e+00 Accepted	 270	 755	
143	 6.5978799e-01	 +3.4763834e-02 -3.3193314e-03	 1.22e+00 Accepted	 271	 760	
144	 6.5986381e-01	 +3.1546375e-02 -5.5566125e-03	 1.31e+00 Accepted	 269	 756	
145	 6.5967466e-01	 +3.3071181e-02 -4.2992722e-03	 7.56e-01 Accepted	 271	 756	
146	 6.5967466e-01	 +3.3071181e-02 -4.2992722e-03	 8.92e-01 Rejected	 269	 754	
147	 6.5956267e-01	 +3.2814778e-02 -5.0006849e-03	 6.68e-01 Accepted	 269	 750	
148	 6.5977231e-01	 +3.5777944e-02 -2.7517414e-03	 1.79e+00 Accepted	 269	 752	
149	 6.5966135e-01	 +3.5031753e-02 -3.9598313e-03	 4.74e-01 Accepted	 269	 753	
150	 6.5965712e-01	 +3.4601881e-02 -5.1829771e-03	 1.37e+00 Accepted	 268	 754	
# Starting_type: CheckpointStart
# Trajectory_length / Number_of_MD_steps: 1 / 8
# 	 Plaquette	 Polyakov_Loop(re,im)	 Acc._Probability	 runtime_per_traj(s)	 CG_iterations	
151	 6.5969678e-01	 +3.3782867e-02 -4.6885750e-03	 9.13e-01 Accepted	 275	 757	
152	 6.5970574e-01	 +3.7142856e-02 -4.4135536e-03	 6.01e-01 Accepted	 267	 749	
153	 6.5962746e-01	 +3.5686394e-02 -1.6332262e-03	 1.20e+00 Accepted	 267	 756	
154	 6.5960787e-01	 +3.6716446e-02 -3.9851123e-03	 9.49e-01 Accepted	 267	 757	
155	 6.5969848e-01	 +3.4283886e-02 -4.3300753e-03	 6.81e-01 Accepted	 269	 757	
156	 6.5982153e-01	 +3.5597195e-02 -2.8946803e-03	 8.32e-01 Accepted	 268	 745	
157	 6.5975095e-01	 +3.6636892e-02 -4.7788221e-03	 5.38e-01 Accepted	 269	 755	
158	 6.5966267e-01	 +3.8276265e-02 -1.3714042e-03	 9.29e-01 Accepted	 269	 753	
159	 6.5992637e-01	 +3.7240094e-02 -1.5799121e-03	 1.93e+00 Accepted	 268	 755	
160	 6.5985161e-01	 +3.5284179e-02 -3.3524296e-03	 1.03e+00 Accepted	 269	 756	
161	 6.5981226e-01	 +3.7790374e-02 -4.2192720e-03	 1.33e+00 Accepted	 267	 747	
162	 6.5978780e-01	 +3.8722213e-02 -4.1786503e-03	 9.21e-01 Accepted	 267	 744	
163	 6.5984900e-01	 +4.0841140e-02 -6.2454493e-03	 8.86e-01 Accepted	 267	 741	
164	 6.5997819e-01	 +3.9355629e-02 -4.4658788e-03	 8.21e-01 Accepted	 267	 749	
165	 6.5997819e-01	 +3.9355629e-02 -4.4658788e-03	 9.23e-01 Rejected	 268	 754	
166	 6.5997819e-01	 +3.9355629e-02 -4.4658788e-03	 4.75e-01 Rejected	 268	 750	
167	 6.5997819e-01	 +3.9355629e-02 -4.4658788e-03	 6.28e-01 Rejected	 267	 747	
168	 6.5991101e-01	 +3.9496509e-02 -2.7634032e-03	 8.93e-01 Accepted	 267	 757	
169	 6.5991101e-01	 +3.9496509e-02 -2.7634032e-03	 5.60e-01 Rejected	 267	 742	
170	 6.6001628e-01	 +4.0275530e-02 -3.3318680e-03	 1.02e+00 Accepted	 269	 752	
171	 6.5985106e-01	 +4.1709124e-02 -4.1418016e-03	 8.53e-01 Accepted	 267	 749	
172	 6.5969211e-01	 +4.4470879e-02 -5.1942269e-03	 7.40e-01 Accepted	 267	 751	
173	 6.5967453e-01	 +4.3008096e-02 -4.9477907e-03	 1.30e+00 Accepted	 267	 742	
174	 6.5962205e-01	 +4.3950706e-02 -1.8181792e-03	 9.50e-01 Accepted	 267	 745	
175	 6.5962205e-01	 +4.3950706e-02 -1.8181792e-03	 6.57e-01 Rejected	 267	 746	
176	 6.5974123e-01	 +4.2705764e-02 -3.7340735e-04	 1.34e+00 Accepted	 269	 748	
177	 6.5974123e-01	 +4.2705764e-02 -3.7340735e-04	 8.81e-01 Rejected	 266	 743	
178	 6.5980658e-01	 +4.0343877e-02 -2.0314257e-03	 1.08e+00 Accepted	 268	 741	
179	 6.5980658e-01	 +4.0343877e-02 -2.0314257e-03	 7.45e-01 Rejected	 266	 747	
180	 6.5977307e-01	 +4.2961214e-02 -2.7043387e-03	 6.93e-01 Accepted	 266	 746	
181	 6.5981089e-01	 +4.3309337e-02 -3.0694209e-03	 1.68e+00 Accepted	 271	 754	
182	 6.5977850e-01	 +4.2136531e-02 -2.5627045e-03	 8.77e-01 Accepted	 268	 750	
183	 6.5983415e-01	 +4.4982227e-02 -1.2693366e-03	 1.44e+00 Accepted	 268	 744	
184	 6.5992409e-01	 +4.6469709e-02 -1.9574592e-03	 1.62e+00 Accepted	 269	 752	
185	 6.5992409e-01	 +4.6469709e-02 -1.9574592e-03	 7.49e-01 Rejected	 269	 749	
186	 6.6007506e-01	 +4.5263504e-02 -1.4528267e-03	 1.18e+00 Accepted	 267	 744	
187	 6.6004463e-01	 +4.4104226e-02 -2.2118438e-03	 9.84e-01 Accepted	 269	 749	
188	 6.6000187e-01	 +4.3129018e-02 -4.4044172e-03	 1.14e+00 Accepted	 267	 742	
189	 6.6000187e-01	 +4.3129018e-02 -4.4044172e-03	 7.68e-01 Rejected	 268	 745	
190	 6.5980430e-01	 +4.3972274e-02 -4.3204478e-03	 1.36e+00 Accepted	 264	 743	
191	 6.5976452e-01	 +4.6544977e-02 -3.8292472e-03	 8.14e-01 Accepted	 266	 737	
192	 6.5959716e-01	 +4.8292620e-02 -4.1773575e-03	 8.46e-01 Accepted	 265	 737	
193	 6.5967365e-01	 +4.5260912e-02 -2.2216417e-03	 1.25e+00 Accepted	 264	 738	
194	 6.5967365e-01	 +4.5260912e-02 -2.2216417e-03	 8.16e-01 Rejected	 263	 738	
195	 6.5962622e-01	 +4.5216529e-02 -4.2395817e-03	 7.58e-01 Accepted	 264	 733	
196	 6.5966064e-01	 +4.7405708e-02 -4.6424387e-03	 1.17e+00 Accepted	 263	 730	
197	 6.5959155e-01	 +4.6447800e-02 -2.3691890e-03	 4.79e-01 Accepted	 261	 728	
198	 6.5960267e-01	 +4.5025127e-02 -1.5304779e-03	 1.18e+00 Accepted	 260	 724	
199	 6.5960267e-01	 +4.5025127e-02 -1.5304779e-03	 8.36e-01 Rejected	 261	 724	
200	 6.5962340e-01	 +4.4522077e-02 -2.2211465e-03	 1.13e+00 Accepted	 263	 766	
201	 6.5964247e-01	 +4.2842569e-02 -2.9057731e-03	 1.19e+00 Accepted	 266	 728	
202	 6.5982773e-01	 +4.2415321e-02 -2.3623847e-03	 1.38e+00 Accepted	 262	 729	
203	 6.5964105e-01	 +4.4170050e-02 -2.0860887e-03	 4.97e-01 Accepted	 261	 723	
204	 6.5996314e-01	 +4.6992917e-02 -2.0397554e-03	 3.05e+00 Accepted	 260	 713	
205	 6.5974388e-01	 +4.7453384e-02 -1.0006771e-03	 1.53e+00 Accepted	 257	 713	
206	 6.5967983e-01	 +4.5197150e-02 -2.8248538e-04	 6.07e-01 Accepted	 258	 713	
207	 6.5967153e-01	 +4.5610174e-02 -2.5871416e-03	 8.41e-01 Accepted	 258	 719	
208	 6.5961128e-01	 +4.3898869e-02 -3.9213792e-03	 1.06e+00 Accepted	 258	 716	
209	 6.5980901e-01	 +4.4187254e-02 -1.7683781e-03	 2.16e+00 Accepted	 259	 718	
210	 6.5995740e-01	 +4.3813227e-02 -1.1669183e-03	 8.28e-01 Accepted	 259	 721	
211	 6.5995740e-01	 +4.3813227e-02 -1.1669183e-03	 5.47e-01 Rejected	 260	 719	
212	 6.5982270e-01	 +4.3801617e-02 -1.5014628e-03	 4.88e-01 Accepted	 259	 721	
213	 6.5975296e-01	 +4.4422951e-02 -4.8691909e-04	 1.31e+00 Accepted	 258	 716	
214	 6.5972486e-01	 +4.5748886e-02 -1.2835812e-04	 8.52e-01 Accepted	 258	 712	
215	 6.5982661e-01	 +4.6189144e-02 -1.9436084e-03	 1.00e+00 Accepted	 258	 714	
216	 6.5997749e-01	 +4.4850350e-02 -3.1513542e-03	 1.10e+00 Accepted	 258	 713	
217	 6.5987967e-01	 +4.4317967e-02 +2.5754368e-04	 1.16e+00 Accepted	 258	 710	
218	 6.5981694e-01	 +4.3313929e-02 +5.3079297e-04	 1.07e+00 Accepted	 257	 708	
219	 6.5981694e-01	 +4.3313929e-02 +5.3079297e-04	 7.08e-01 Rejected	 256	 697	
220	 6.5990415e-01	 +4.3927526e-02 +7.4062822e-04	 6.47e-01 Accepted	 256	 710	
221	 6.5971664e-01	 +4.6119173e-02 +6.9037270e-04	 1.08e+00 Accepted	 256	 705	
222	 6.5968115e-01	 +4.7160593e-02 -2.9511907e-03	 9.76e-01 Accepted	 257	 710	
223	 6.5980918e-01	 +4.7807596e-02 -2.8254655e-03	 1.06e+00 Accepted	 257	 705	
224	 6.5993994e-01	 +4.6875037e-02 -3.3442988e-03	 1.01e+00 Accepted	 255	 703	
225	 6.5972551e-01	 +4.4845688e-02 -8.4298657e-04	 8.50e-01 Accepted	 256	 706	
226	 6.5987603e-01	 +4.8600038e-02 -7.2763014e-04	 1.49e+00 Accepted	 255	 705	
227	 6.5988501e-01	 +4.9342695e-02 +1.7961034e-03	 9.96e-01 Accepted	 255	 706	
228	 6.5984032e-01	 +4.6998853e-02 +1.5903160e-03	 8.56e-01 Accepted	 256	 707	
229	 6.5979879e-01	 +5.0760559e-02 +1.5250745e-03	 8.57e-01 Accepted	 256	 707	
230	 6.5976702e-01	 +4.5475041e-02 +1.7748527e-03	 1.11e+00 Accepted	 255	 705	
231	 6.5982285e-01	 +4.4208636e-02 +2.2603993e-03	 9.39e-01 Accepted	 256	 707	
232	 6.5970402e-01	 +5.1166898e-02 +1.5269859e-03	 1.52e+00 Accepted	 255	 706	
233	 6.5980524e-01	 +5.0109578e-02 -1.3963550e-04	 1.07e+00 Accepted	 257	 712	
234	 6.5980524e-01	 +5.0109578e-02 -1.3963550e-04	 7.59e-01 Rejected	 258	 709	
235	 6.5988819e-01	 +4.8190875e-02 +5.4641330e-04	 7.49e-01 Accepted	 258	 712	
236	 6.5988819e-01	 +4.8190875e-02 +5.4641330e-04	 6.56e-01 Rejected	 257	 707	
237	 6.5986590e-01	 +4.9754094e-02 -1.2927580e-03	 6.52e-01 Accepted	 258	 721	
238	 6.5994571e-01	 +5.1456875e-02 +6.4046802e-04	 1.49e+00 Accepted	 259	 723	
239	 6.5994571e-01	 +5.1456875e-02 +6.4046802e-04	 5.59e-01 Rejected	 259	 719	
240	 6.5994571e-01	 +5.1456875e-02 +6.4046802e-04	 7.61e-01 Rejected	 259	 724	
241	 6.5987733e-01	 +5.3070471e-02 -9.0530765e-04	 8.58e-01 Accepted	 260	 716	
242	 6.5983847e-01	 +5.1997870e-02 -1.3932545e-04	 1.35e+00 Accepted	 258	 719	
243	 6.5983094e-01	 +5.6753406e-02 -1.2365122e-03	 1.43e+00 Accepted	 257	 711	
244	 6.5970113e-01	 +5.4499723e-02 +1.0391901e-03	 1.07e+00 Accepted	 256	 698	
245	 6.5967256e-01	 +5.3311896e-02 +4.6387745e-04	 5.07e-01 Accepted	 256	 702	
246	 6.5947765e-01	 +5.5539844e-02 +2.2455966e-03	 9.31e-01 Accepted	 252	 697	
247	 6.5959919e-01	 +5.7278708e-02 -6.6706634e-04	 8.24e-01 Accepted	 253	 692	
248	 6.5953369e-01	 +6.0077221e-02 +5.2809851e-04	 8.91e-01 Accepted	 253	 694	
249	 6.5961976e-01	 +5.9021383e-02 +2.4438616e-03	 8.59e-01 Accepted	 251	 691	
250	 6.5970798e-01	 +5.8827230e-02 +3.7452016e-05	 1.02e+00 Accepted	 250	 692	
