# Starting_type: CheckpointStartReseed
# 16:44 conf_nc4nf1_328_b10p87_m0p1000/conf_nc4nf1_328_b10p87_m0p1000_lat.0 -> conf_nc4nf1_328_b10p85_m0p1000/conf_nc4nf1_328_b10p85_m0p1000_lat.3000
# serial RNG seed: 	[58911 4317 26833 1578 15748]
# parallel RNG seed:	[28863 6556 10161 5353 43765]
# Trajectory_length / Number_of_MD_steps: 1 / 8
# 	 Plaquette	 Polyakov_Loop(re,im)	 Acc._Probability	 runtime_per_traj(s)	 CG_iterations	
1	 5.6882732e-01	 +5.9945402e-03 +2.0652396e-04	 1.50e+00 Accepted	 296	 779	
2	 5.6878835e-01	 +8.1093561e-03 +2.4422677e-03	 1.38e+00 Accepted	 288	 772	
3	 5.6901903e-01	 +6.5653212e-03 +4.3945133e-04	 1.18e+00 Accepted	 289	 821	
4	 5.6913648e-01	 +4.9900719e-03 +1.6655175e-03	 9.42e-01 Accepted	 293	 766	
5	 5.6922166e-01	 +5.7930175e-03 +1.2130548e-03	 6.38e-01 Accepted	 282	 766	
6	 5.6949536e-01	 +7.2658711e-03 +1.0800739e-03	 1.12e+00 Accepted	 283	 823	
7	 5.6911059e-01	 +7.6396896e-03 +2.6341805e-03	 7.24e-01 Accepted	 300	 811	
8	 5.6953562e-01	 +6.3023798e-03 +2.5837023e-03	 9.96e-01 Accepted	 295	 826	
9	 5.6946134e-01	 +5.3739097e-03 +2.7670720e-03	 1.55e+00 Accepted	 298	 804	
10	 5.6953049e-01	 +5.1153922e-03 +5.7892889e-04	 1.03e+00 Accepted	 293	 774	
11	 5.6953049e-01	 +5.1153922e-03 +5.7892889e-04	 7.87e-01 Rejected	 288	 764	
12	 5.6953049e-01	 +5.1153922e-03 +5.7892889e-04	 6.90e-01 Rejected	 296	 799	
13	 5.6936038e-01	 +5.8590101e-03 +4.2809380e-04	 9.76e-01 Accepted	 290	 778	
14	 5.6929622e-01	 +6.0032215e-03 +6.5869682e-04	 9.81e-01 Accepted	 282	 796	
15	 5.6939380e-01	 +5.7665042e-03 +1.8817066e-03	 9.83e-01 Accepted	 285	 783	
16	 5.6946045e-01	 +6.2176456e-03 +2.4917179e-03	 1.23e+00 Accepted	 286	 755	
17	 5.6951601e-01	 +5.6506125e-03 +2.2539435e-03	 9.38e-01 Accepted	 281	 766	
18	 5.6942687e-01	 +5.6554826e-03 +5.3236395e-03	 8.83e-01 Accepted	 284	 800	
19	 5.6973009e-01	 +6.5359132e-03 -3.2971586e-04	 1.54e+00 Accepted	 286	 774	
20	 5.6949712e-01	 +6.8388202e-03 +2.5637526e-03	 1.17e+00 Accepted	 288	 756	
21	 5.6953875e-01	 +5.4782480e-03 +3.8346997e-03	 5.43e-01 Accepted	 281	 777	
22	 5.6953875e-01	 +5.4782480e-03 +3.8346997e-03	 5.97e-01 Rejected	 296	 822	
23	 5.6958937e-01	 +5.8844392e-03 +7.8453342e-04	 9.22e-01 Accepted	 288	 793	
24	 5.6995654e-01	 +6.9855171e-03 +1.4741684e-03	 1.42e+00 Accepted	 300	 783	
25	 5.6995654e-01	 +6.9855171e-03 +1.4741684e-03	 6.70e-01 Rejected	 287	 781	
26	 5.6981897e-01	 +5.9231564e-03 +1.6809555e-03	 9.90e-01 Accepted	 291	 786	
27	 5.6985223e-01	 +5.9236531e-03 +1.4147180e-03	 1.33e+00 Accepted	 294	 850	
28	 5.6985929e-01	 +5.1875910e-03 +2.1021451e-03	 1.05e+00 Accepted	 310	 854	
29	 5.6986517e-01	 +6.5878537e-03 +3.2857541e-03	 1.45e+00 Accepted	 303	 775	
30	 5.6977685e-01	 +8.5461641e-03 +3.3499103e-03	 6.76e-01 Accepted	 295	 858	
31	 5.6977685e-01	 +8.5461641e-03 +3.3499103e-03	 6.91e-01 Rejected	 307	 816	
32	 5.6953707e-01	 +7.3105694e-03 +7.9150980e-04	 1.02e+00 Accepted	 304	 766	
33	 5.6949658e-01	 +6.3808004e-03 +2.4300179e-03	 8.78e-01 Accepted	 281	 769	
34	 5.6961572e-01	 +8.7682004e-03 -4.0994904e-04	 1.40e+00 Accepted	 281	 762	
35	 5.6918694e-01	 +6.4282483e-03 +2.3737904e-03	 7.35e-01 Accepted	 285	 819	
36	 5.6924418e-01	 +5.7881631e-03 +4.8611440e-04	 1.26e+00 Accepted	 298	 782	
37	 5.6923711e-01	 +6.1460417e-03 +1.1345753e-03	 1.15e+00 Accepted	 289	 778	
38	 5.6946042e-01	 +6.8886438e-03 +1.2506726e-03	 1.08e+00 Accepted	 284	 785	
39	 5.6946042e-01	 +6.8886438e-03 +1.2506726e-03	 7.74e-01 Rejected	 287	 781	
40	 5.6945896e-01	 +6.9339969e-03 +1.9363656e-03	 9.48e-01 Accepted	 286	 779	
41	 5.6945486e-01	 +5.6148191e-03 +2.0622678e-03	 1.59e+00 Accepted	 284	 773	
42	 5.6945486e-01	 +5.6148191e-03 +2.0622678e-03	 4.58e-01 Rejected	 284	 776	
43	 5.6929482e-01	 +7.0158857e-03 +2.7956137e-03	 8.80e-01 Accepted	 286	 780	
44	 5.6897502e-01	 +4.8419165e-03 +2.2952867e-03	 6.39e-01 Accepted	 287	 766	
45	 5.6895226e-01	 +6.1543784e-03 +3.8261536e-03	 9.67e-01 Accepted	 282	 774	
46	 5.6911611e-01	 +6.0196127e-03 +1.8928982e-03	 9.74e-01 Accepted	 282	 756	
47	 5.6906646e-01	 +5.6201597e-03 +2.4028448e-03	 5.78e-01 Accepted	 277	 754	
48	 5.6914999e-01	 +4.6969094e-03 +3.2449107e-03	 1.03e+00 Accepted	 277	 757	
49	 5.6945077e-01	 +3.8761074e-03 +1.9561040e-03	 9.50e-01 Accepted	 281	 762	
50	 5.6945077e-01	 +3.8761074e-03 +1.9561040e-03	 8.22e-01 Rejected	 287	 798	
51	 5.6923606e-01	 +2.9161601e-03 +4.4824429e-03	 1.31e+00 Accepted	 281	 767	
52	 5.6915210e-01	 +3.1734282e-03 +2.4070397e-03	 1.11e+00 Accepted	 286	 818	
53	 5.6919411e-01	 +3.9042049e-03 +2.3396347e-03	 8.34e-01 Accepted	 294	 787	
54	 5.6936254e-01	 +6.5292532e-03 +4.5420550e-03	 9.36e-01 Accepted	 287	 770	
55	 5.6949101e-01	 +3.6142773e-03 +3.8045425e-03	 1.52e+00 Accepted	 281	 777	
56	 5.6966792e-01	 +3.6890233e-03 +1.4166062e-03	 2.53e+00 Accepted	 296	 809	
57	 5.6988233e-01	 +6.9204809e-03 +2.6640210e-03	 1.42e+00 Accepted	 293	 775	
58	 5.6965603e-01	 +5.4857357e-03 +2.5883920e-03	 7.95e-01 Accepted	 296	 864	
59	 5.6944524e-01	 +6.3643801e-03 +3.7593345e-03	 7.97e-01 Accepted	 306	 779	
60	 5.6959222e-01	 +6.5045349e-03 +1.9339411e-04	 9.37e-01 Accepted	 286	 769	
61	 5.6982967e-01	 +5.2762588e-03 +2.5445592e-04	 1.05e+00 Accepted	 279	 760	
62	 5.6982967e-01	 +5.2762588e-03 +2.5445592e-04	 5.42e-01 Rejected	 279	 768	
63	 5.6982967e-01	 +5.2762588e-03 +2.5445592e-04	 4.50e-01 Rejected	 280	 766	
64	 5.6982967e-01	 +5.2762588e-03 +2.5445592e-04	 6.15e-01 Rejected	 279	 777	
65	 5.6983045e-01	 +5.1726728e-03 +1.6267806e-03	 1.29e+00 Accepted	 278	 771	
66	 5.6972126e-01	 +3.9680989e-03 +7.8248383e-04	 1.06e+00 Accepted	 279	 757	
67	 5.6969056e-01	 +3.0513796e-03 +2.8757086e-03	 1.11e+00 Accepted	 291	 843	
68	 5.6971692e-01	 +3.1560668e-03 +2.0442263e-03	 6.42e-01 Accepted	 305	 864	
69	 5.6971692e-01	 +3.1560668e-03 +2.0442263e-03	 8.34e-01 Rejected	 302	 788	
70	 5.6979743e-01	 +4.9498304e-03 -2.3189885e-05	 1.07e+00 Accepted	 314	 846	
71	 5.6950668e-01	 +4.5307985e-03 +3.7598383e-03	 3.72e-01 Accepted	 298	 823	
72	 5.6962193e-01	 +5.0125601e-03 +2.3220630e-03	 1.13e+00 Accepted	 297	 819	
73	 5.6956387e-01	 +4.5412039e-03 +3.2977710e-03	 5.25e-01 Accepted	 290	 793	
74	 5.6965229e-01	 +4.5151866e-03 +1.4555306e-03	 1.17e+00 Accepted	 284	 765	
75	 5.6966407e-01	 +4.7431249e-03 +2.2016848e-03	 1.91e+00 Accepted	 278	 759	
76	 5.6938590e-01	 +5.8904405e-03 +2.1559002e-03	 7.94e-01 Accepted	 279	 763	
77	 5.6938460e-01	 +4.9226831e-03 +3.1558981e-03	 1.34e+00 Accepted	 279	 761	
78	 5.6938460e-01	 +4.9226831e-03 +3.1558981e-03	 5.99e-01 Rejected	 275	 766	
79	 5.6913463e-01	 +5.6650307e-03 +1.5769789e-03	 8.52e-01 Accepted	 280	 770	
80	 5.6926017e-01	 +5.0101696e-03 +3.5884687e-03	 8.15e-01 Accepted	 284	 781	
81	 5.6926017e-01	 +5.0101696e-03 +3.5884687e-03	 5.29e-01 Rejected	 293	 791	
82	 5.6926017e-01	 +5.0101696e-03 +3.5884687e-03	 5.82e-01 Rejected	 289	 796	
83	 5.6935320e-01	 +4.1831900e-03 +1.6406857e-03	 8.02e-01 Accepted	 288	 829	
84	 5.6925072e-01	 +4.4389219e-03 +3.3812001e-03	 1.23e+00 Accepted	 303	 821	
85	 5.6930637e-01	 +4.7504733e-03 +2.5094227e-03	 9.45e-01 Accepted	 302	 835	
86	 5.6944862e-01	 +2.4683277e-03 +1.6436481e-03	 9.30e-01 Accepted	 301	 819	
87	 5.6917679e-01	 +3.1068888e-03 +5.4005602e-04	 1.07e+00 Accepted	 293	 770	
88	 5.6911636e-01	 +4.4425666e-03 +3.3556330e-03	 9.35e-01 Accepted	 284	 762	
89	 5.6921107e-01	 +6.0473596e-03 +3.2454262e-03	 1.94e+00 Accepted	 281	 800	
90	 5.6950451e-01	 +4.5517837e-03 +2.0553943e-03	 1.47e+00 Accepted	 285	 776	
91	 5.6950451e-01	 +4.5517837e-03 +2.0553943e-03	 7.45e-01 Rejected	 285	 777	
92	 5.6967073e-01	 +5.8286688e-03 +3.8199013e-03	 1.44e+00 Accepted	 283	 775	
93	 5.6959449e-01	 +5.8004054e-03 +3.9694709e-03	 1.15e+00 Accepted	 285	 779	
94	 5.6941636e-01	 +6.8370155e-03 +1.7310436e-03	 6.60e-01 Accepted	 296	 817	
95	 5.6942921e-01	 +4.8611342e-03 +2.3936886e-03	 5.73e-01 Accepted	 303	 867	
96	 5.6942921e-01	 +4.8611342e-03 +2.3936886e-03	 6.52e-01 Rejected	 312	 844	
97	 5.6932488e-01	 +5.5196202e-03 +2.2592828e-03	 1.01e+00 Accepted	 320	 847	
98	 5.6906978e-01	 +5.4142617e-03 +1.4517372e-03	 1.77e+00 Accepted	 310	 840	
99	 5.6904135e-01	 +3.4932422e-03 +1.8664135e-03	 1.57e+00 Accepted	 301	 824	
100	 5.6952443e-01	 +3.9800668e-03 +1.8825682e-03	 1.27e+00 Accepted	 298	 811	
101	 5.6932296e-01	 +5.7532601e-03 -5.0402742e-04	 7.27e-01 Accepted	 299	 799	
102	 5.6966713e-01	 +6.4515863e-03 +8.8452954e-04	 1.02e+00 Accepted	 290	 824	
103	 5.6964682e-01	 +5.9148981e-03 +1.6963199e-04	 9.67e-01 Accepted	 304	 793	
104	 5.6951142e-01	 +5.3303193e-03 +6.2821010e-04	 1.25e+00 Accepted	 295	 784	
105	 5.6929385e-01	 +6.1783506e-03 +2.7656335e-03	 7.54e-01 Accepted	 286	 779	
106	 5.6941452e-01	 +6.0036432e-03 +1.0140691e-03	 9.03e-01 Accepted	 291	 792	
107	 5.6932501e-01	 +4.7227072e-03 +1.8455205e-03	 1.70e+00 Accepted	 295	 789	
108	 5.6920928e-01	 +5.5967730e-03 -6.6779932e-05	 1.13e+00 Accepted	 288	 787	
109	 5.6961417e-01	 +6.5295672e-03 -1.3842003e-04	 1.31e+00 Accepted	 285	 765	
110	 5.6950109e-01	 +5.5905412e-03 -2.3735689e-04	 9.66e-01 Accepted	 279	 759	
111	 5.6949189e-01	 +5.2572067e-03 -9.9150275e-04	 7.13e-01 Accepted	 284	 881	
112	 5.6949030e-01	 +4.3800794e-03 -2.0511408e-03	 1.34e+00 Accepted	 298	 757	
113	 5.6948387e-01	 +5.1640506e-03 +1.4930520e-03	 1.43e+00 Accepted	 279	 772	
114	 5.6952120e-01	 +7.3747858e-03 +1.6174203e-03	 9.71e-01 Accepted	 281	 771	
115	 5.6946660e-01	 +5.8246663e-03 +1.1591589e-03	 1.13e+00 Accepted	 282	 781	
116	 5.6946660e-01	 +5.8246663e-03 +1.1591589e-03	 6.16e-01 Rejected	 288	 781	
117	 5.6941964e-01	 +4.0127888e-03 +3.3829926e-04	 9.20e-01 Accepted	 285	 778	
118	 5.6950880e-01	 +4.5006440e-03 -2.2640981e-03	 1.52e+00 Accepted	 284	 781	
119	 5.6947052e-01	 +3.9523621e-03 -1.5772458e-03	 8.83e-01 Accepted	 287	 794	
120	 5.6950217e-01	 +4.0780516e-03 -1.2660620e-04	 8.91e-01 Accepted	 289	 802	
121	 5.6929994e-01	 +6.4230976e-03 +8.7849040e-04	 8.20e-01 Accepted	 291	 797	
122	 5.6949922e-01	 +5.1009531e-03 +2.9061833e-03	 1.88e+00 Accepted	 288	 785	
123	 5.6938750e-01	 +4.6642311e-03 -1.2829261e-03	 1.16e+00 Accepted	 285	 786	
124	 5.6938750e-01	 +4.6642311e-03 -1.2829261e-03	 6.53e-01 Rejected	 288	 768	
# Starting_type: CheckpointStart
# Trajectory_length / Number_of_MD_steps: 1 / 8
# 	 Plaquette	 Polyakov_Loop(re,im)	 Acc._Probability	 runtime_per_traj(s)	 CG_iterations	
125	 5.6939561e-01	 +4.7492531e-03 -1.3962466e-03	 9.72e-01 Accepted	 304	 770	
126	 5.6950539e-01	 +3.9388210e-03 -7.8399744e-05	 7.89e-01 Accepted	 286	 770	
127	 5.6957608e-01	 +4.7374476e-03 -1.6676385e-03	 1.42e+00 Accepted	 281	 758	
128	 5.6961734e-01	 +6.5128522e-03 +6.5823326e-04	 9.23e-01 Accepted	 277	 774	
129	 5.6966875e-01	 +7.3848461e-03 -1.4740908e-03	 6.56e-01 Accepted	 280	 759	
130	 5.6959735e-01	 +7.4436915e-03 -1.4475604e-03	 1.19e+00 Accepted	 278	 829	
131	 5.6959735e-01	 +7.4436915e-03 -1.4475604e-03	 7.91e-01 Rejected	 310	 907	
132	 5.6946026e-01	 +7.9428470e-03 -1.8802609e-03	 9.73e-01 Accepted	 289	 757	
133	 5.6966164e-01	 +4.8823431e-03 -1.3249551e-03	 1.33e+00 Accepted	 276	 790	
134	 5.6955362e-01	 +6.3694726e-03 -2.1360255e-03	 1.10e+00 Accepted	 277	 752	
135	 5.6953342e-01	 +7.2213754e-03 -1.7020154e-03	 1.23e+00 Accepted	 275	 756	
136	 5.6954251e-01	 +7.0420774e-03 -1.2866469e-03	 6.87e-01 Accepted	 274	 758	
137	 5.6945075e-01	 +3.1465515e-03 -1.1985386e-03	 1.03e+00 Accepted	 276	 763	
138	 5.6945075e-01	 +3.1465515e-03 -1.1985386e-03	 4.82e-01 Rejected	 280	 760	
139	 5.6942019e-01	 +6.8775509e-03 -2.7356804e-03	 7.54e-01 Accepted	 279	 769	
140	 5.6942019e-01	 +6.8775509e-03 -2.7356804e-03	 5.39e-01 Rejected	 275	 756	
141	 5.6943695e-01	 +4.5209956e-03 -3.3076844e-03	 8.37e-01 Accepted	 279	 816	
142	 5.6917293e-01	 +4.3703459e-03 -2.5312894e-03	 5.98e-01 Accepted	 298	 837	
143	 5.6916014e-01	 +6.6143887e-03 -1.0808107e-03	 7.58e-01 Accepted	 291	 790	
144	 5.6916223e-01	 +4.0946958e-03 -1.6439509e-04	 4.19e-01 Accepted	 284	 792	
145	 5.6911131e-01	 +5.5085312e-03 -5.5313991e-04	 5.63e-01 Accepted	 285	 798	
146	 5.6922772e-01	 +5.1798510e-03 -1.6844297e-03	 9.18e-01 Accepted	 287	 818	
147	 5.6912688e-01	 +4.7766982e-03 +5.0044168e-04	 1.24e+00 Accepted	 286	 772	
148	 5.6929489e-01	 +6.3842815e-03 -1.3432354e-03	 7.99e-01 Accepted	 289	 858	
149	 5.6926829e-01	 +6.7470661e-03 -4.0666661e-04	 1.07e+00 Accepted	 293	 773	
150	 5.6932131e-01	 +4.6004447e-03 -2.7612195e-03	 1.17e+00 Accepted	 281	 776	
151	 5.6926012e-01	 +5.1322463e-03 -2.3866290e-03	 8.29e-01 Accepted	 279	 757	
152	 5.6924689e-01	 +4.1376214e-03 -1.7331539e-03	 9.77e-01 Accepted	 271	 758	
153	 5.6924689e-01	 +4.1376214e-03 -1.7331539e-03	 4.40e-01 Rejected	 274	 757	
154	 5.6924689e-01	 +4.1376214e-03 -1.7331539e-03	 8.94e-01 Rejected	 277	 764	
155	 5.6924689e-01	 +4.1376214e-03 -1.7331539e-03	 5.05e-01 Rejected	 276	 761	
156	 5.6927384e-01	 +3.4889612e-03 -1.1944478e-04	 1.01e+00 Accepted	 273	 764	
157	 5.6946480e-01	 +3.6852598e-03 -1.1195607e-03	 1.45e+00 Accepted	 274	 758	
158	 5.6938817e-01	 +5.1673837e-03 -1.0131127e-03	 1.07e+00 Accepted	 278	 766	
159	 5.6920683e-01	 +6.6584997e-03 -9.0497164e-05	 1.21e+00 Accepted	 278	 784	
160	 5.6883448e-01	 +5.8085667e-03 -2.0590137e-04	 5.68e-01 Accepted	 296	 823	
161	 5.6894078e-01	 +4.7447490e-03 +3.8868944e-04	 1.02e+00 Accepted	 288	 776	
162	 5.6894078e-01	 +4.7447490e-03 +3.8868944e-04	 5.91e-01 Rejected	 282	 809	
163	 5.6894078e-01	 +4.7447490e-03 +3.8868944e-04	 4.17e-01 Rejected	 281	 808	
164	 5.6896086e-01	 +7.2555385e-03 -7.0409157e-04	 7.25e-01 Accepted	 285	 841	
165	 5.6896086e-01	 +7.2555385e-03 -7.0409157e-04	 6.29e-01 Rejected	 292	 788	
166	 5.6922196e-01	 +7.1680483e-03 -4.0283892e-05	 1.29e+00 Accepted	 290	 769	
167	 5.6922196e-01	 +7.1680483e-03 -4.0283892e-05	 6.90e-01 Rejected	 283	 773	
168	 5.6918959e-01	 +8.2262362e-03 -4.3339980e-04	 1.40e+00 Accepted	 294	 854	
169	 5.6947651e-01	 +8.0942036e-03 +4.3534042e-04	 9.47e-01 Accepted	 303	 833	
170	 5.6961034e-01	 +5.8445958e-03 +9.9716666e-05	 1.75e+00 Accepted	 297	 814	
171	 5.6970382e-01	 +5.9917781e-03 +7.1425619e-04	 1.41e+00 Accepted	 292	 805	
172	 5.6970382e-01	 +5.9917781e-03 +7.1425619e-04	 5.42e-01 Rejected	 293	 839	
173	 5.6970826e-01	 +5.0341939e-03 +1.5999056e-03	 1.30e+00 Accepted	 285	 773	
174	 5.6970826e-01	 +5.0341939e-03 +1.5999056e-03	 4.98e-01 Rejected	 283	 797	
175	 5.6996289e-01	 +6.1044055e-03 +5.7709827e-04	 1.32e+00 Accepted	 279	 763	
176	 5.6942876e-01	 +5.6023866e-03 +1.4756617e-03	 7.77e-01 Accepted	 278	 769	
177	 5.6949964e-01	 +7.2268570e-03 +5.7549241e-04	 1.28e+00 Accepted	 283	 789	
178	 5.6963914e-01	 +7.4572690e-03 -1.8903738e-03	 1.18e+00 Accepted	 285	 781	
179	 5.6963914e-01	 +7.4572690e-03 -1.8903738e-03	 4.30e-01 Rejected	 278	 765	
180	 5.6977517e-01	 +5.7181801e-03 +2.4458377e-03	 1.35e+00 Accepted	 281	 777	
181	 5.6977517e-01	 +5.7181801e-03 +2.4458377e-03	 8.08e-01 Rejected	 281	 781	
182	 5.6980017e-01	 +6.5853117e-03 -2.1129622e-03	 1.51e+00 Accepted	 293	 865	
183	 5.6947129e-01	 +5.9212015e-03 -1.1274457e-03	 9.53e-01 Accepted	 303	 815	
184	 5.6936382e-01	 +6.0520550e-03 +6.5540371e-04	 1.24e+00 Accepted	 289	 808	
185	 5.6959398e-01	 +4.8814712e-03 -9.6440955e-04	 6.17e-01 Accepted	 291	 831	
186	 5.6959007e-01	 +5.9374485e-03 +6.0670337e-04	 6.87e-01 Accepted	 299	 843	
187	 5.6970651e-01	 +5.9214921e-03 +2.5438851e-03	 1.59e+00 Accepted	 296	 795	
188	 5.6970651e-01	 +5.9214921e-03 +2.5438851e-03	 5.97e-01 Rejected	 287	 792	
189	 5.6970651e-01	 +5.9214921e-03 +2.5438851e-03	 5.69e-01 Rejected	 285	 814	
190	 5.6969801e-01	 +6.1822280e-03 +2.4249091e-03	 9.02e-01 Accepted	 286	 775	
191	 5.6969801e-01	 +6.1822280e-03 +2.4249091e-03	 5.13e-01 Rejected	 280	 756	
192	 5.6979972e-01	 +5.9975820e-03 +7.0915449e-04	 1.19e+00 Accepted	 282	 766	
193	 5.6958040e-01	 +6.9898407e-03 +1.9290629e-03	 9.08e-01 Accepted	 281	 767	
194	 5.6966827e-01	 +3.1856894e-03 -1.5649055e-04	 1.76e+00 Accepted	 284	 803	
195	 5.6971686e-01	 +7.0580993e-03 -1.3848860e-03	 9.27e-01 Accepted	 286	 782	
196	 5.6968578e-01	 +5.2205443e-03 -6.7137728e-04	 1.01e+00 Accepted	 283	 786	
197	 5.6960016e-01	 +6.6613407e-03 -8.1804043e-04	 7.37e-01 Accepted	 283	 802	
198	 5.6944358e-01	 +5.9019318e-03 -6.6242697e-04	 2.78e-01 Accepted	 292	 806	
199	 5.6943460e-01	 +8.5824733e-03 +1.7048951e-03	 1.32e+00 Accepted	 302	 881	
200	 5.6943460e-01	 +8.5824733e-03 +1.7048951e-03	 7.13e-01 Rejected	 302	 811	
201	 5.6918925e-01	 +7.6147729e-03 +4.7738927e-04	 5.19e-01 Accepted	 308	 814	
202	 5.6918925e-01	 +7.6147729e-03 +4.7738927e-04	 8.03e-01 Rejected	 297	 893	
203	 5.6912005e-01	 +3.7416122e-03 +2.4886391e-03	 9.84e-01 Accepted	 298	 821	
204	 5.6930393e-01	 +6.4924980e-03 +1.3661182e-03	 1.83e+00 Accepted	 289	 792	
205	 5.6950372e-01	 +4.9819128e-03 +1.4024708e-03	 9.33e-01 Accepted	 284	 790	
206	 5.6949840e-01	 +7.3654194e-03 -9.4478382e-04	 1.28e+00 Accepted	 287	 806	
207	 5.6949840e-01	 +7.3654194e-03 -9.4478382e-04	 6.34e-01 Rejected	 290	 806	
208	 5.6925944e-01	 +4.2283385e-03 -4.1177711e-04	 1.22e+00 Accepted	 288	 790	
209	 5.6925944e-01	 +4.2283385e-03 -4.1177711e-04	 5.18e-01 Rejected	 289	 825	
210	 5.6907724e-01	 +5.1385515e-03 +1.4461068e-03	 6.47e-01 Accepted	 290	 788	
211	 5.6904508e-01	 +4.1187954e-03 +1.9593517e-03	 1.12e+00 Accepted	 287	 826	
212	 5.6918355e-01	 +8.2074422e-03 +4.7009397e-04	 1.18e+00 Accepted	 296	 856	
213	 5.6921233e-01	 +5.5374814e-03 +1.1308039e-03	 1.33e+00 Accepted	 305	 842	
214	 5.6931838e-01	 +6.2410405e-03 +7.5448009e-05	 9.35e-01 Accepted	 299	 850	
215	 5.6938456e-01	 +6.5930917e-03 -6.3542037e-04	 6.36e-01 Accepted	 300	 856	
216	 5.6936546e-01	 +6.3146403e-03 +2.4139724e-04	 7.92e-01 Accepted	 297	 859	
217	 5.6976687e-01	 +7.3770849e-03 +7.5976517e-04	 1.63e+00 Accepted	 292	 773	
218	 5.6976687e-01	 +7.3770849e-03 +7.5976517e-04	 6.99e-01 Rejected	 282	 777	
219	 5.6927938e-01	 +6.7506339e-03 +1.9274900e-03	 5.15e-01 Accepted	 294	 844	
220	 5.6912927e-01	 +8.1064849e-03 +5.4066405e-04	 6.85e-01 Accepted	 296	 783	
221	 5.6942318e-01	 +7.3827460e-03 +3.4828995e-04	 2.04e+00 Accepted	 284	 811	
222	 5.6928846e-01	 +7.1004434e-03 +2.8884875e-03	 6.93e-01 Accepted	 288	 793	
223	 5.6960375e-01	 +6.1211026e-03 +1.2849255e-03	 1.41e+00 Accepted	 290	 820	
224	 5.6960375e-01	 +6.1211026e-03 +1.2849255e-03	 6.50e-01 Rejected	 285	 777	
225	 5.6960375e-01	 +6.1211026e-03 +1.2849255e-03	 6.27e-01 Rejected	 289	 782	
226	 5.6941151e-01	 +7.2241968e-03 -1.1633572e-03	 9.41e-01 Accepted	 295	 840	
227	 5.6915884e-01	 +5.6552909e-03 +1.4199654e-03	 8.23e-01 Accepted	 294	 809	
228	 5.6928281e-01	 +8.0772557e-03 +1.9315913e-03	 8.45e-01 Accepted	 292	 827	
229	 5.6927315e-01	 +5.2476853e-03 -1.4487631e-04	 1.00e+00 Accepted	 301	 846	
230	 5.6927778e-01	 +5.3353381e-03 +2.6771984e-03	 1.14e+00 Accepted	 299	 851	
231	 5.6917123e-01	 +4.8478782e-03 +2.5697510e-04	 7.76e-01 Accepted	 295	 761	
232	 5.6901166e-01	 +5.3319464e-03 +2.1463886e-03	 1.20e+00 Accepted	 278	 766	
233	 5.6888659e-01	 +5.5212337e-03 +8.6156276e-04	 7.82e-01 Accepted	 277	 765	
234	 5.6883497e-01	 +5.1457701e-03 +6.3325358e-04	 8.63e-01 Accepted	 284	 808	
235	 5.6898816e-01	 +5.7645055e-03 +8.9293654e-04	 1.04e+00 Accepted	 283	 767	
236	 5.6888682e-01	 +4.5496502e-03 +8.3709488e-04	 9.80e-01 Accepted	 275	 756	
237	 5.6899725e-01	 +5.0994704e-03 +2.0962663e-03	 1.40e+00 Accepted	 278	 768	
238	 5.6932944e-01	 +5.4892772e-03 +1.4878880e-03	 9.67e-01 Accepted	 283	 770	
239	 5.6938653e-01	 +5.7911878e-03 +9.4252793e-04	 7.44e-01 Accepted	 284	 809	
240	 5.6946441e-01	 +6.1193441e-03 +1.8040015e-04	 2.04e+00 Accepted	 293	 833	
241	 5.6969126e-01	 +4.8982558e-03 -7.2218118e-04	 1.54e+00 Accepted	 295	 783	
242	 5.6954643e-01	 +5.7201453e-03 -5.9119682e-04	 1.07e+00 Accepted	 289	 798	
243	 5.6954643e-01	 +5.7201453e-03 -5.9119682e-04	 4.79e-01 Rejected	 295	 846	
244	 5.6984397e-01	 +5.8083716e-03 +1.6874348e-03	 1.19e+00 Accepted	 295	 838	
245	 5.6994675e-01	 +5.8914787e-03 -3.1743093e-04	 1.06e+00 Accepted	 290	 776	
246	 5.6983445e-01	 +7.8902555e-03 +1.1642471e-03	 8.02e-01 Accepted	 286	 799	
247	 5.6983445e-01	 +7.8902555e-03 +1.1642471e-03	 6.99e-01 Rejected	 289	 790	
248	 5.6949533e-01	 +7.1592317e-03 +7.3645176e-04	 1.31e+00 Accepted	 289	 789	
249	 5.6959406e-01	 +6.8433002e-03 +7.4789892e-04	 9.11e-01 Accepted	 282	 759	
250	 5.6966371e-01	 +5.5256635e-03 +2.4321447e-03	 1.54e+00 Accepted	 276	 771	
251	 5.6951565e-01	 +5.9920217e-03 -7.7539977e-04	 8.14e-01 Accepted	 279	 777	
252	 5.6966443e-01	 +6.4135192e-03 +2.2353349e-04	 1.01e+00 Accepted	 288	 836	
253	 5.6966443e-01	 +6.4135192e-03 +2.2353349e-04	 6.32e-01 Rejected	 301	 823	
254	 5.6949506e-01	 +5.8522339e-03 +1.2149520e-03	 7.47e-01 Accepted	 302	 817	
255	 5.6940721e-01	 +6.4448831e-03 +8.7664431e-04	 6.53e-01 Accepted	 292	 788	
256	 5.6964944e-01	 +6.4100285e-03 +6.8248201e-04	 6.20e-01 Accepted	 281	 763	
257	 5.6964944e-01	 +6.4100285e-03 +6.8248201e-04	 6.59e-01 Rejected	 280	 774	
258	 5.6959742e-01	 +7.8416908e-03 -4.2253704e-04	 7.80e-01 Accepted	 284	 811	
259	 5.6946413e-01	 +6.4746607e-03 -1.2338293e-03	 1.20e+00 Accepted	 285	 763	
260	 5.6946413e-01	 +6.4746607e-03 -1.2338293e-03	 8.78e-01 Rejected	 276	 771	
261	 5.6923529e-01	 +6.1961046e-03 +7.2692682e-04	 9.40e-01 Accepted	 276	 758	
262	 5.6931236e-01	 +7.1616363e-03 -2.3832576e-03	 7.89e-01 Accepted	 277	 767	
263	 5.6938518e-01	 +5.8110290e-03 +7.5194872e-04	 2.49e+00 Accepted	 277	 763	
264	 5.6938518e-01	 +5.8110290e-03 +7.5194872e-04	 5.66e-01 Rejected	 280	 760	
265	 5.6961209e-01	 +5.4678124e-03 -1.3160356e-03	 1.04e+00 Accepted	 278	 761	
266	 5.6955497e-01	 +6.4768028e-03 -2.2332307e-04	 1.07e+00 Accepted	 279	 780	
267	 5.6955497e-01	 +6.4768028e-03 -2.2332307e-04	 6.14e-01 Rejected	 281	 758	
268	 5.6955497e-01	 +6.4768028e-03 -2.2332307e-04	 5.50e-01 Rejected	 281	 768	
269	 5.6920123e-01	 +4.3209464e-03 +3.1876926e-04	 4.71e-01 Accepted	 285	 804	
270	 5.6920123e-01	 +4.3209464e-03 +3.1876926e-04	 6.15e-01 Rejected	 291	 797	
271	 5.6917315e-01	 +6.3545293e-03 +8.9244747e-04	 1.37e+00 Accepted	 290	 808	
272	 5.6931633e-01	 +6.8670230e-03 -3.2466387e-05	 7.41e-01 Accepted	 292	 786	
273	 5.6928825e-01	 +5.8020811e-03 -9.0516894e-04	 6.76e-01 Accepted	 284	 773	
274	 5.6928149e-01	 +6.8271006e-03 -1.0731283e-03	 7.68e-01 Accepted	 290	 824	
