# Starting_type: ColdStart
# serial RNG seed: 	[40017 4199 37698 33140 48496]
# parallel RNG seed:	[354 58961 62661 28595 61392]
# Trajectory_length / Number_of_MD_steps: 1 / 8
# 	 Plaquette	 Polyakov_Loop(re,im)	 Acc._Probability	 runtime_per_traj(s)	 CG_iterations	
1	 8.2800809e-01	 +4.7485208e-01 -6.2134821e-04	 8.18e-73 Skipping	 185	 226	
2	 7.6339224e-01	 +3.3281239e-01 -3.1972079e-04	 8.39e-32 Skipping	 185	 219	
3	 7.2892881e-01	 +2.6286203e-01 -3.4244013e-04	 3.21e-19 Skipping	 181	 214	
4	 7.0795516e-01	 +2.2243971e-01 -5.6589661e-04	 1.01e-12 Skipping	 181	 213	
5	 6.9430886e-01	 +1.9833401e-01 -8.3265623e-04	 7.10e-09 Skipping	 179	 211	
6	 6.8534185e-01	 +1.8066545e-01 -1.2752362e-03	 2.27e-06 Skipping	 179	 210	
7	 6.7930204e-01	 +1.6979933e-01 -6.5382839e-04	 1.48e-04 Skipping	 178	 210	
8	 6.7525151e-01	 +1.5995537e-01 -3.8884835e-04	 3.09e-03 Skipping	 178	 210	
9	 6.7260981e-01	 +1.5592280e-01 +5.6490137e-04	 1.81e-02 Skipping	 178	 211	
10	 6.7079056e-01	 +1.5103477e-01 -3.1176268e-05	 9.05e-02 Skipping	 179	 210	
11	 6.6928744e-01	 +1.4833770e-01 +8.7151803e-04	 1.29e-01 Skipping	 178	 210	
12	 6.6832294e-01	 +1.4619336e-01 +5.0024287e-04	 2.68e-01 Skipping	 178	 210	
13	 6.6771277e-01	 +1.4417654e-01 -1.5681062e-04	 4.96e-01 Skipping	 179	 211	
14	 6.6732874e-01	 +1.4257330e-01 -9.0397320e-04	 3.82e-01 Skipping	 178	 210	
15	 6.6705557e-01	 +1.3992772e-01 -1.7434117e-03	 7.01e-01 Skipping	 178	 212	
16	 6.6676992e-01	 +1.3902072e-01 +2.3755319e-05	 7.41e-01 Skipping	 179	 212	
17	 6.6672842e-01	 +1.3588304e-01 +7.8123118e-04	 8.39e-01 Skipping	 179	 212	
18	 6.6667720e-01	 +1.3568414e-01 -2.5110311e-04	 1.06e+00 Skipping	 179	 212	
19	 6.6656147e-01	 +1.3237403e-01 +4.5151691e-04	 1.05e+00 Skipping	 179	 212	
20	 6.6630876e-01	 +1.3559026e-01 -8.3911556e-05	 6.89e-01 Skipping	 179	 212	
21	 6.6628491e-01	 +1.3490119e-01 -9.6430112e-04	 6.94e-01 Skipping	 179	 213	
22	 6.6637042e-01	 +1.3677317e-01 -3.0889064e-04	 1.09e+00 Skipping	 180	 212	
23	 6.6628097e-01	 +1.3446640e-01 -1.8650458e-03	 9.97e-01 Skipping	 180	 212	
24	 6.6628764e-01	 +1.3787220e-01 +1.1593462e-04	 9.08e-01 Skipping	 180	 212	
25	 6.6632544e-01	 +1.3709432e-01 +3.0138128e-04	 9.05e-01 Skipping	 179	 212	
26	 6.6627239e-01	 +1.3258465e-01 -1.9813914e-04	 9.29e-01 Skipping	 180	 213	
27	 6.6626624e-01	 +1.3419124e-01 +2.8752096e-04	 7.76e-01 Skipping	 179	 212	
28	 6.6642302e-01	 +1.3512826e-01 +8.5319865e-04	 1.26e+00 Skipping	 179	 212	
29	 6.6616744e-01	 +1.3606708e-01 -2.5232751e-04	 6.23e-01 Skipping	 179	 213	
30	 6.6630439e-01	 +1.3544807e-01 +6.8131543e-04	 1.27e+00 Skipping	 180	 212	
31	 6.6621643e-01	 +1.3647616e-01 +1.3060023e-03	 1.08e+00 Skipping	 179	 212	
32	 6.6619575e-01	 +1.3601927e-01 -1.7284793e-03	 1.09e+00 Skipping	 179	 212	
33	 6.6620860e-01	 +1.3518279e-01 -6.4502516e-04	 9.55e-01 Skipping	 179	 213	
34	 6.6629700e-01	 +1.3403149e-01 +1.2236433e-04	 9.15e-01 Skipping	 179	 212	
35	 6.6629599e-01	 +1.3394980e-01 -1.9702504e-04	 9.35e-01 Skipping	 179	 213	
36	 6.6630278e-01	 +1.3101432e-01 -3.6805253e-04	 1.24e+00 Skipping	 180	 213	
37	 6.6638791e-01	 +1.3441555e-01 +6.0243470e-04	 1.04e+00 Skipping	 179	 213	
38	 6.6631965e-01	 +1.3462145e-01 -8.2233153e-04	 7.01e-01 Skipping	 180	 213	
39	 6.6621220e-01	 +1.3379670e-01 -7.7778952e-04	 5.88e-01 Skipping	 180	 213	
40	 6.6635348e-01	 +1.3155751e-01 +1.0877307e-03	 1.34e+00 Skipping	 179	 213	
41	 6.6624442e-01	 +1.3244056e-01 -7.4627009e-04	 8.90e-01 Skipping	 179	 213	
42	 6.6643255e-01	 +1.3034371e-01 -1.5883082e-03	 1.51e+00 Skipping	 180	 213	
43	 6.6623856e-01	 +1.2843205e-01 -1.8590756e-03	 7.86e-01 Skipping	 179	 214	
44	 6.6625421e-01	 +1.2911633e-01 -1.0970548e-03	 8.43e-01 Skipping	 180	 215	
45	 6.6637777e-01	 +1.2850526e-01 +8.1351670e-05	 1.15e+00 Skipping	 180	 214	
46	 6.6624741e-01	 +1.3304969e-01 -7.2335075e-04	 8.42e-01 Skipping	 180	 214	
47	 6.6622619e-01	 +1.3102192e-01 -1.1769028e-03	 1.01e+00 Skipping	 180	 213	
48	 6.6639019e-01	 +1.3211439e-01 +5.1278035e-04	 9.74e-01 Skipping	 180	 213	
49	 6.6630575e-01	 +1.3114539e-01 +9.5591027e-04	 1.06e+00 Skipping	 179	 213	
50	 6.6622387e-01	 +1.3085104e-01 -3.1598178e-04	 6.42e-01 Skipping	 180	 213	
51	 6.6620497e-01	 +1.3218702e-01 +6.6575607e-04	 9.12e-01 Accepted	 180	 213	
52	 6.6633562e-01	 +1.3287512e-01 +1.3169698e-03	 9.42e-01 Accepted	 180	 214	
53	 6.6623401e-01	 +1.3337622e-01 +1.4403791e-03	 1.02e+00 Accepted	 179	 214	
54	 6.6614656e-01	 +1.3392585e-01 +3.3450185e-04	 1.08e+00 Accepted	 180	 215	
55	 6.6614656e-01	 +1.3392585e-01 +3.3450185e-04	 9.30e-01 Rejected	 180	 215	
56	 6.6614656e-01	 +1.3392585e-01 +3.3450185e-04	 4.77e-01 Rejected	 182	 214	
57	 6.6622039e-01	 +1.3371705e-01 -1.5640812e-03	 1.17e+00 Accepted	 181	 215	
58	 6.6624397e-01	 +1.3108420e-01 +4.9937070e-04	 1.14e+00 Accepted	 181	 215	
59	 6.6607701e-01	 +1.3006796e-01 +1.4162345e-03	 1.01e+00 Accepted	 181	 217	
60	 6.6613340e-01	 +1.2636914e-01 -3.6391777e-04	 7.76e-01 Accepted	 181	 216	
61	 6.6652957e-01	 +1.2676450e-01 -2.9733994e-04	 1.78e+00 Accepted	 180	 215	
62	 6.6639062e-01	 +1.2638152e-01 +1.9672002e-03	 1.27e+00 Accepted	 181	 215	
63	 6.6639062e-01	 +1.2638152e-01 +1.9672002e-03	 7.52e-01 Rejected	 181	 215	
64	 6.6634962e-01	 +1.2609337e-01 -3.7349990e-06	 6.61e-01 Accepted	 181	 216	
65	 6.6637340e-01	 +1.3001139e-01 -5.4786006e-04	 1.51e+00 Accepted	 181	 214	
66	 6.6637340e-01	 +1.3001139e-01 -5.4786006e-04	 6.10e-01 Rejected	 181	 216	
67	 6.6644946e-01	 +1.2992786e-01 +4.1207034e-04	 1.26e+00 Accepted	 180	 215	
68	 6.6652278e-01	 +1.3042234e-01 +1.4979930e-03	 1.33e+00 Accepted	 181	 215	
69	 6.6643753e-01	 +1.2990944e-01 -1.5204997e-03	 8.00e-01 Accepted	 181	 215	
70	 6.6632142e-01	 +1.3136053e-01 +5.1287651e-04	 1.28e+00 Accepted	 181	 214	
71	 6.6635326e-01	 +1.3313672e-01 -7.4975528e-04	 8.95e-01 Accepted	 180	 213	
72	 6.6635326e-01	 +1.3313672e-01 -7.4975528e-04	 7.81e-01 Rejected	 181	 213	
73	 6.6631043e-01	 +1.3350728e-01 +2.2173856e-04	 8.39e-01 Accepted	 180	 214	
74	 6.6636365e-01	 +1.3258500e-01 +1.9442459e-04	 8.28e-01 Accepted	 180	 213	
75	 6.6630375e-01	 +1.3271779e-01 +1.1061248e-03	 1.01e+00 Accepted	 180	 213	
76	 6.6621415e-01	 +1.3241609e-01 -4.4124232e-04	 1.03e+00 Accepted	 180	 214	
77	 6.6626889e-01	 +1.3455001e-01 +7.2339952e-04	 1.19e+00 Accepted	 179	 214	
78	 6.6626458e-01	 +1.3338149e-01 +1.1274506e-04	 9.46e-01 Accepted	 180	 213	
79	 6.6638172e-01	 +1.3292162e-01 -4.0285009e-04	 8.90e-01 Accepted	 180	 213	
80	 6.6622886e-01	 +1.3482262e-01 +4.5444583e-04	 7.52e-01 Accepted	 180	 213	
81	 6.6633434e-01	 +1.2959745e-01 -5.0606644e-05	 1.44e+00 Accepted	 180	 213	
82	 6.6633434e-01	 +1.2959745e-01 -5.0606644e-05	 6.53e-01 Rejected	 180	 213	
83	 6.6645700e-01	 +1.3239073e-01 +1.4669479e-03	 7.56e-01 Accepted	 179	 213	
84	 6.6645173e-01	 +1.3211035e-01 -8.5698344e-04	 1.12e+00 Accepted	 180	 212	
85	 6.6650552e-01	 +1.2913948e-01 -1.2386134e-03	 8.69e-01 Accepted	 179	 213	
86	 6.6626180e-01	 +1.3283761e-01 +1.2110650e-03	 5.11e-01 Accepted	 181	 214	
87	 6.6621388e-01	 +1.3473460e-01 +3.6243383e-04	 1.17e+00 Accepted	 179	 213	
88	 6.6615760e-01	 +1.3098740e-01 +1.9075208e-03	 6.79e-01 Accepted	 180	 214	
89	 6.6605064e-01	 +1.3172283e-01 +1.6625444e-03	 9.34e-01 Accepted	 179	 213	
90	 6.6596800e-01	 +1.3165871e-01 +1.2902449e-03	 8.60e-01 Accepted	 180	 212	
91	 6.6604145e-01	 +1.3342968e-01 +6.0481276e-04	 1.00e+00 Accepted	 179	 212	
92	 6.6608891e-01	 +1.3247031e-01 -6.1353780e-06	 1.31e+00 Accepted	 180	 213	
93	 6.6595528e-01	 +1.3006631e-01 +7.1150539e-04	 6.38e-01 Accepted	 179	 212	
94	 6.6598723e-01	 +1.3190576e-01 +1.5278027e-03	 1.55e+00 Accepted	 180	 213	
95	 6.6612016e-01	 +1.3055137e-01 -4.1772004e-04	 1.47e+00 Accepted	 180	 213	
96	 6.6605298e-01	 +1.3126879e-01 +3.8594045e-04	 2.12e+00 Accepted	 179	 213	
97	 6.6610767e-01	 +1.3326369e-01 +9.0996309e-04	 1.08e+00 Accepted	 179	 213	
98	 6.6629529e-01	 +1.3432697e-01 -4.4363691e-04	 1.30e+00 Accepted	 180	 213	
99	 6.6629970e-01	 +1.3406231e-01 -7.0391818e-04	 1.07e+00 Accepted	 180	 213	
100	 6.6629970e-01	 +1.3406231e-01 -7.0391818e-04	 6.44e-01 Rejected	 180	 213	
101	 6.6645418e-01	 +1.3502996e-01 +8.2271266e-04	 1.30e+00 Accepted	 179	 212	
102	 6.6640353e-01	 +1.3469964e-01 +4.7991146e-04	 1.15e+00 Accepted	 180	 213	
103	 6.6642409e-01	 +1.3185682e-01 -4.2497442e-04	 9.04e-01 Accepted	 180	 213	
104	 6.6642409e-01	 +1.3185682e-01 -4.2497442e-04	 8.41e-01 Rejected	 180	 213	
105	 6.6666057e-01	 +1.3419658e-01 +2.2345179e-04	 1.19e+00 Accepted	 180	 213	
106	 6.6663355e-01	 +1.3134525e-01 -8.6046636e-05	 7.48e-01 Accepted	 180	 214	
107	 6.6652063e-01	 +1.3365345e-01 -7.8650382e-04	 8.21e-01 Accepted	 180	 213	
108	 6.6629273e-01	 +1.3355472e-01 +1.3271081e-03	 6.62e-01 Accepted	 180	 213	
109	 6.6648520e-01	 +1.3186127e-01 -6.0735829e-04	 1.43e+00 Accepted	 179	 213	
110	 6.6647614e-01	 +1.3375700e-01 +1.5447216e-03	 1.15e+00 Accepted	 180	 212	
111	 6.6635999e-01	 +1.3323368e-01 -2.9485803e-04	 9.15e-01 Accepted	 180	 213	
112	 6.6643813e-01	 +1.3251969e-01 -3.7699055e-04	 1.43e+00 Accepted	 180	 213	
113	 6.6629146e-01	 +1.3375109e-01 +6.1490845e-05	 6.64e-01 Accepted	 180	 213	
114	 6.6618566e-01	 +1.3228438e-01 +7.6559462e-04	 1.06e+00 Accepted	 180	 213	
115	 6.6618885e-01	 +1.3152072e-01 -1.1540238e-03	 9.99e-01 Accepted	 180	 213	
116	 6.6629038e-01	 +1.3135442e-01 -2.4556522e-04	 1.50e+00 Accepted	 180	 214	
117	 6.6638734e-01	 +1.3226514e-01 -1.5643835e-03	 1.00e+00 Accepted	 180	 214	
118	 6.6629467e-01	 +1.3398323e-01 -2.4945116e-04	 8.96e-01 Accepted	 181	 213	
119	 6.6612323e-01	 +1.2961531e-01 -4.4169590e-04	 1.00e+00 Accepted	 180	 213	
120	 6.6634624e-01	 +1.3014081e-01 +9.7829856e-04	 1.35e+00 Accepted	 180	 213	
121	 6.6628861e-01	 +1.3266826e-01 +1.1447533e-03	 9.12e-01 Accepted	 180	 213	
122	 6.6611397e-01	 +1.3554276e-01 -1.3241220e-03	 7.73e-01 Accepted	 180	 213	
123	 6.6628491e-01	 +1.3617617e-01 -1.7095432e-03	 1.11e+00 Accepted	 179	 212	
124	 6.6614932e-01	 +1.3458599e-01 +2.1017614e-04	 5.35e-01 Accepted	 180	 213	
125	 6.6633879e-01	 +1.3530447e-01 +5.5456998e-04	 1.99e+00 Accepted	 179	 212	
126	 6.6635894e-01	 +1.3424221e-01 +2.1651350e-04	 8.42e-01 Accepted	 180	 213	
127	 6.6638114e-01	 +1.3223209e-01 -5.2525219e-04	 8.44e-01 Accepted	 180	 213	
128	 6.6653348e-01	 +1.3468502e-01 -8.5388818e-04	 1.38e+00 Accepted	 180	 214	
129	 6.6666377e-01	 +1.3411580e-01 +2.8009145e-04	 1.44e+00 Accepted	 180	 213	
130	 6.6666377e-01	 +1.3411580e-01 +2.8009145e-04	 7.70e-01 Rejected	 180	 213	
131	 6.6659473e-01	 +1.3145892e-01 -1.0164969e-03	 8.30e-01 Accepted	 180	 213	
132	 6.6655279e-01	 +1.3530432e-01 -6.2348976e-05	 9.46e-01 Accepted	 180	 214	
133	 6.6654613e-01	 +1.3548845e-01 -1.6398496e-03	 8.94e-01 Accepted	 179	 213	
134	 6.6653291e-01	 +1.3408934e-01 +5.6900804e-04	 1.70e+00 Accepted	 180	 213	
135	 6.6652054e-01	 +1.3242494e-01 -1.6468033e-03	 8.32e-01 Accepted	 180	 213	
136	 6.6638549e-01	 +1.3259631e-01 +8.6265512e-05	 1.07e+00 Accepted	 180	 213	
137	 6.6627400e-01	 +1.3281069e-01 -6.6112748e-04	 6.80e-01 Accepted	 180	 213	
138	 6.6635386e-01	 +1.3331177e-01 +2.7017231e-03	 1.08e+00 Accepted	 180	 212	
139	 6.6634838e-01	 +1.3421731e-01 -5.3860665e-04	 9.22e-01 Accepted	 179	 212	
140	 6.6624376e-01	 +1.3356839e-01 -1.3106261e-03	 1.27e+00 Accepted	 180	 213	
141	 6.6622237e-01	 +1.3534910e-01 -3.3944913e-04	 9.37e-01 Accepted	 179	 213	
142	 6.6622260e-01	 +1.3828493e-01 -5.5452992e-04	 9.84e-01 Accepted	 179	 212	
143	 6.6628770e-01	 +1.3284135e-01 -5.5439289e-05	 8.99e-01 Accepted	 179	 212	
144	 6.6623858e-01	 +1.3470393e-01 +1.6374705e-03	 7.74e-01 Accepted	 180	 213	
145	 6.6614447e-01	 +1.3144380e-01 +9.0045397e-05	 1.02e+00 Accepted	 180	 213	
146	 6.6625072e-01	 +1.3298801e-01 -2.1877142e-03	 9.79e-01 Accepted	 181	 213	
147	 6.6625072e-01	 +1.3298801e-01 -2.1877142e-03	 8.63e-01 Rejected	 180	 213	
148	 6.6625993e-01	 +1.3485246e-01 +2.6033030e-04	 9.74e-01 Accepted	 179	 213	
149	 6.6634367e-01	 +1.3336115e-01 +1.5140224e-03	 1.42e+00 Accepted	 179	 213	
150	 6.6625481e-01	 +1.3322665e-01 +1.7696090e-05	 7.47e-01 Accepted	 180	 212	
151	 6.6639169e-01	 +1.3282045e-01 +8.1821491e-04	 1.33e+00 Accepted	 180	 213	
152	 6.6649967e-01	 +1.3463762e-01 -5.1343089e-04	 1.18e+00 Accepted	 180	 213	
153	 6.6642615e-01	 +1.3095991e-01 +1.2371723e-03	 7.91e-01 Accepted	 179	 213	
154	 6.6625403e-01	 +1.3175982e-01 +1.2276437e-04	 6.03e-01 Accepted	 180	 214	
155	 6.6621697e-01	 +1.3241938e-01 +7.0577481e-04	 7.50e-01 Accepted	 180	 213	
156	 6.6621697e-01	 +1.3241938e-01 +7.0577481e-04	 6.81e-01 Rejected	 180	 213	
157	 6.6631061e-01	 +1.3078212e-01 +4.8480513e-04	 1.29e+00 Accepted	 180	 213	
158	 6.6614786e-01	 +1.3022628e-01 +9.8920908e-04	 9.95e-01 Accepted	 179	 213	
159	 6.6617376e-01	 +1.3138376e-01 -1.2166753e-03	 1.02e+00 Accepted	 180	 215	
160	 6.6649364e-01	 +1.3174761e-01 +5.6206179e-04	 1.38e+00 Accepted	 180	 213	
161	 6.6645962e-01	 +1.3212929e-01 -1.2866838e-03	 8.78e-01 Accepted	 180	 213	
162	 6.6667199e-01	 +1.3275472e-01 -5.2037783e-04	 1.06e+00 Accepted	 180	 213	
163	 6.6642071e-01	 +1.3329446e-01 -1.3835714e-03	 4.96e-01 Accepted	 179	 213	
164	 6.6635881e-01	 +1.3309966e-01 -1.6418754e-03	 1.25e+00 Accepted	 179	 213	
165	 6.6620056e-01	 +1.3278633e-01 -1.7838513e-03	 1.33e+00 Accepted	 179	 213	
166	 6.6633211e-01	 +1.3168821e-01 +5.5949942e-04	 1.69e+00 Accepted	 180	 213	
167	 6.6643428e-01	 +1.3004290e-01 +1.8823232e-04	 1.14e+00 Accepted	 179	 213	
168	 6.6638572e-01	 +1.3162311e-01 -4.8175811e-04	 1.14e+00 Accepted	 180	 213	
169	 6.6655240e-01	 +1.3045514e-01 -1.3687628e-03	 1.17e+00 Accepted	 180	 213	
170	 6.6667632e-01	 +1.3117838e-01 -1.2558973e-03	 1.19e+00 Accepted	 180	 213	
171	 6.6647943e-01	 +1.3121943e-01 +3.6752149e-04	 9.45e-01 Accepted	 180	 214	
172	 6.6630459e-01	 +1.3018874e-01 -9.8302154e-04	 4.73e-01 Accepted	 180	 213	
173	 6.6636409e-01	 +1.3390381e-01 -1.8268860e-03	 9.21e-01 Accepted	 179	 213	
174	 6.6632472e-01	 +1.3415434e-01 +5.1024024e-04	 1.03e+00 Accepted	 180	 213	
175	 6.6651289e-01	 +1.3303135e-01 -4.7369312e-04	 1.59e+00 Accepted	 180	 215	
176	 6.6638745e-01	 +1.3216583e-01 -3.2410727e-04	 9.55e-01 Accepted	 180	 213	
177	 6.6632736e-01	 +1.2998012e-01 -7.9704934e-04	 9.48e-01 Accepted	 180	 214	
178	 6.6642414e-01	 +1.3317428e-01 -2.1405840e-04	 9.26e-01 Accepted	 180	 214	
179	 6.6638509e-01	 +1.3555569e-01 +9.0587952e-04	 9.38e-01 Accepted	 179	 213	
180	 6.6638509e-01	 +1.3555569e-01 +9.0587952e-04	 8.53e-01 Rejected	 180	 213	
181	 6.6636397e-01	 +1.3517201e-01 +2.6414031e-04	 1.26e+00 Accepted	 180	 215	
182	 6.6632056e-01	 +1.3419029e-01 -1.7280477e-03	 1.17e+00 Accepted	 180	 214	
183	 6.6663998e-01	 +1.3499314e-01 -8.7005762e-04	 2.13e+00 Accepted	 180	 213	
184	 6.6663998e-01	 +1.3499314e-01 -8.7005762e-04	 5.76e-01 Rejected	 181	 213	
185	 6.6666646e-01	 +1.3215214e-01 -6.4733281e-04	 9.14e-01 Accepted	 180	 215	
186	 6.6672359e-01	 +1.3316760e-01 -8.5292384e-04	 9.94e-01 Accepted	 180	 213	
187	 6.6674633e-01	 +1.3277785e-01 -7.7907824e-04	 1.35e+00 Accepted	 180	 214	
188	 6.6656366e-01	 +1.3235413e-01 -4.5262820e-04	 6.92e-01 Accepted	 181	 215	
189	 6.6645962e-01	 +1.3336478e-01 +1.5895738e-04	 1.18e+00 Accepted	 180	 213	
190	 6.6631232e-01	 +1.3316032e-01 -1.2681610e-05	 1.04e+00 Accepted	 180	 213	
191	 6.6636271e-01	 +1.3171292e-01 -2.1844058e-03	 7.98e-01 Accepted	 180	 213	
192	 6.6641705e-01	 +1.3124905e-01 +1.2132620e-03	 1.19e+00 Accepted	 180	 213	
193	 6.6624171e-01	 +1.3264883e-01 +1.8153280e-03	 8.39e-01 Accepted	 179	 213	
194	 6.6624171e-01	 +1.3264883e-01 +1.8153280e-03	 7.45e-01 Rejected	 180	 214	
195	 6.6636729e-01	 +1.3215658e-01 -6.7397136e-04	 1.50e+00 Accepted	 180	 213	
196	 6.6637108e-01	 +1.3297647e-01 -2.8705425e-04	 1.05e+00 Accepted	 180	 213	
197	 6.6644334e-01	 +1.3284134e-01 -2.0997790e-03	 1.00e+00 Accepted	 180	 214	
198	 6.6651184e-01	 +1.3525475e-01 +8.5434201e-04	 1.27e+00 Accepted	 180	 213	
199	 6.6656268e-01	 +1.3142162e-01 +4.0304918e-04	 1.45e+00 Accepted	 180	 214	
200	 6.6657460e-01	 +1.3012582e-01 -2.6511202e-04	 9.46e-01 Accepted	 181	 214	
201	 6.6662645e-01	 +1.3219310e-01 -2.1216636e-03	 1.38e+00 Accepted	 180	 213	
202	 6.6662645e-01	 +1.3219310e-01 -2.1216636e-03	 5.06e-01 Rejected	 180	 214	
203	 6.6645934e-01	 +1.2988254e-01 -1.1209746e-04	 9.29e-01 Accepted	 180	 215	
204	 6.6655150e-01	 +1.3414991e-01 -2.6351749e-04	 1.11e+00 Accepted	 181	 215	
205	 6.6655150e-01	 +1.3414991e-01 -2.6351749e-04	 7.21e-01 Rejected	 180	 215	
206	 6.6633094e-01	 +1.3240489e-01 -1.8165561e-03	 5.12e-01 Accepted	 181	 214	
207	 6.6632974e-01	 +1.3070357e-01 +2.3450426e-04	 1.11e+00 Accepted	 180	 213	
208	 6.6627962e-01	 +1.3124980e-01 +1.6808549e-05	 1.15e+00 Accepted	 180	 213	
209	 6.6624123e-01	 +1.3074041e-01 -1.1206167e-03	 7.90e-01 Accepted	 180	 214	
210	 6.6636284e-01	 +1.2949128e-01 +9.6699123e-04	 1.79e+00 Accepted	 180	 214	
211	 6.6636284e-01	 +1.2949128e-01 +9.6699123e-04	 7.78e-01 Rejected	 180	 214	
212	 6.6637065e-01	 +1.3007063e-01 -6.5535311e-04	 1.08e+00 Accepted	 180	 214	
213	 6.6637065e-01	 +1.3007063e-01 -6.5535311e-04	 7.88e-01 Rejected	 180	 214	
214	 6.6642227e-01	 +1.2977510e-01 -7.7656271e-04	 1.16e+00 Accepted	 180	 214	
215	 6.6645204e-01	 +1.3177024e-01 +1.1518479e-03	 1.13e+00 Accepted	 179	 213	
216	 6.6629660e-01	 +1.3047279e-01 -1.0031800e-03	 7.75e-01 Accepted	 180	 214	
217	 6.6630971e-01	 +1.3109980e-01 +3.1020831e-04	 1.13e+00 Accepted	 180	 213	
218	 6.6630971e-01	 +1.3109980e-01 +3.1020831e-04	 6.61e-01 Rejected	 181	 215	
219	 6.6630971e-01	 +1.3109980e-01 +3.1020831e-04	 5.59e-01 Rejected	 180	 214	
220	 6.6660889e-01	 +1.2992676e-01 +8.2942359e-05	 1.34e+00 Accepted	 180	 214	
221	 6.6645571e-01	 +1.2926268e-01 -6.5828116e-04	 6.63e-01 Accepted	 180	 214	
222	 6.6631283e-01	 +1.3040292e-01 -7.1154126e-04	 1.06e+00 Accepted	 181	 213	
223	 6.6631283e-01	 +1.3040292e-01 -7.1154126e-04	 8.74e-01 Rejected	 180	 214	
224	 6.6634369e-01	 +1.3384515e-01 -9.7960454e-04	 9.84e-01 Accepted	 180	 213	
225	 6.6641436e-01	 +1.3328441e-01 +1.0718984e-03	 8.52e-01 Accepted	 180	 213	
226	 6.6638059e-01	 +1.3291747e-01 +1.8297996e-04	 9.82e-01 Accepted	 181	 214	
227	 6.6638059e-01	 +1.3291747e-01 +1.8297996e-04	 7.96e-01 Rejected	 180	 213	
228	 6.6643002e-01	 +1.3215656e-01 -6.9805685e-04	 9.26e-01 Accepted	 180	 213	
229	 6.6650378e-01	 +1.3196555e-01 -5.0556425e-04	 1.20e+00 Accepted	 180	 214	
230	 6.6659951e-01	 +1.3059649e-01 +6.3235325e-04	 9.04e-01 Accepted	 180	 213	
231	 6.6640157e-01	 +1.3113024e-01 +5.1691259e-04	 6.84e-01 Accepted	 179	 213	
232	 6.6637897e-01	 +1.3119400e-01 +1.6135665e-04	 1.32e+00 Accepted	 180	 214	
233	 6.6626076e-01	 +1.3292922e-01 +1.2471827e-03	 8.43e-01 Accepted	 180	 213	
234	 6.6636906e-01	 +1.3214272e-01 -3.3250934e-04	 8.99e-01 Accepted	 180	 213	
235	 6.6625688e-01	 +1.3273603e-01 -7.7473334e-04	 7.79e-01 Accepted	 180	 214	
236	 6.6613591e-01	 +1.3110826e-01 +1.6647962e-03	 7.97e-01 Accepted	 180	 213	
237	 6.6625864e-01	 +1.3172551e-01 -1.3824799e-04	 1.32e+00 Accepted	 180	 214	
238	 6.6625864e-01	 +1.3172551e-01 -1.3824799e-04	 7.87e-01 Rejected	 180	 214	
239	 6.6633274e-01	 +1.3224067e-01 +1.9559488e-04	 9.52e-01 Accepted	 180	 214	
# Starting_type: CheckpointStart
# Trajectory_length / Number_of_MD_steps: 1 / 8
# 	 Plaquette	 Polyakov_Loop(re,im)	 Acc._Probability	 runtime_per_traj(s)	 CG_iterations	
239	 6.6633274e-01	 +1.3224067e-01 +1.9559488e-04	 9.52e-01 Skipping	 181	 214	
240	 6.6616083e-01	 +1.2937933e-01 -9.1454464e-04	 1.04e+00 Skipping	 181	 213	
241	 6.6621911e-01	 +1.2752785e-01 +1.0663484e-03	 1.18e+00 Skipping	 181	 214	
242	 6.6633408e-01	 +1.2941920e-01 -6.0477253e-04	 8.56e-01 Skipping	 180	 213	
243	 6.6639716e-01	 +1.3176503e-01 -2.3297802e-03	 1.43e+00 Skipping	 180	 214	
244	 6.6642812e-01	 +1.3376053e-01 -9.9674325e-04	 1.17e+00 Skipping	 180	 213	
245	 6.6638896e-01	 +1.3043898e-01 +7.3182382e-04	 1.35e+00 Skipping	 180	 214	
246	 6.6633110e-01	 +1.2807139e-01 +9.8230158e-04	 1.25e+00 Skipping	 181	 215	
247	 6.6633219e-01	 +1.2677664e-01 +1.5267632e-03	 8.56e-01 Skipping	 180	 214	
248	 6.6604157e-01	 +1.2532324e-01 -1.5836185e-03	 6.23e-01 Skipping	 181	 215	
249	 6.6620869e-01	 +1.2859077e-01 +1.5558740e-03	 1.71e+00 Skipping	 181	 214	
250	 6.6625878e-01	 +1.2821163e-01 +5.3993190e-04	 1.09e+00 Skipping	 181	 214	
251	 6.6632667e-01	 +1.2748722e-01 -2.6851915e-04	 1.16e+00 Skipping	 180	 214	
252	 6.6639199e-01	 +1.3153512e-01 -8.8126420e-04	 1.12e+00 Skipping	 181	 214	
253	 6.6636688e-01	 +1.2923951e-01 -6.1042233e-05	 8.23e-01 Skipping	 181	 213	
254	 6.6622662e-01	 +1.2976441e-01 -3.6712529e-04	 6.74e-01 Skipping	 180	 214	
255	 6.6620843e-01	 +1.3027129e-01 +4.6663818e-04	 8.32e-01 Skipping	 181	 214	
256	 6.6631217e-01	 +1.2862215e-01 +2.6232788e-04	 9.70e-01 Skipping	 182	 215	
257	 6.6616084e-01	 +1.3010776e-01 +2.7831741e-04	 8.75e-01 Skipping	 181	 213	
258	 6.6612645e-01	 +1.2990633e-01 +5.8905224e-05	 8.32e-01 Skipping	 181	 214	
259	 6.6618139e-01	 +1.3179705e-01 -3.6790029e-04	 9.58e-01 Skipping	 180	 213	
260	 6.6619010e-01	 +1.2873165e-01 -2.3240936e-03	 8.37e-01 Skipping	 181	 213	
261	 6.6618845e-01	 +1.2787954e-01 +5.3159576e-04	 9.22e-01 Skipping	 180	 215	
262	 6.6602991e-01	 +1.2819968e-01 +1.5919382e-03	 7.42e-01 Skipping	 181	 215	
263	 6.6609849e-01	 +1.3052150e-01 -8.0513996e-04	 1.33e+00 Skipping	 181	 214	
264	 6.6620342e-01	 +1.2723808e-01 +2.7039947e-03	 1.07e+00 Skipping	 181	 215	
265	 6.6599747e-01	 +1.2894090e-01 +9.4349453e-04	 8.10e-01 Skipping	 181	 215	
266	 6.6606645e-01	 +1.2831590e-01 +7.2633754e-05	 1.36e+00 Skipping	 181	 214	
267	 6.6607370e-01	 +1.3255145e-01 +3.3794160e-04	 1.33e+00 Skipping	 180	 213	
268	 6.6612346e-01	 +1.3028377e-01 -3.1693979e-06	 7.81e-01 Skipping	 181	 214	
269	 6.6632936e-01	 +1.2953792e-01 -3.2296470e-04	 1.20e+00 Skipping	 181	 215	
270	 6.6622696e-01	 +1.3204735e-01 -4.9017461e-04	 7.79e-01 Skipping	 180	 213	
271	 6.6611687e-01	 +1.2998860e-01 -1.4167165e-03	 8.30e-01 Skipping	 180	 214	
272	 6.6618905e-01	 +1.3213221e-01 +4.8781283e-04	 9.00e-01 Skipping	 182	 214	
273	 6.6613281e-01	 +1.2958992e-01 +2.1554844e-03	 6.15e-01 Skipping	 181	 215	
274	 6.6622032e-01	 +1.2980596e-01 +7.0051298e-04	 1.38e+00 Skipping	 181	 214	
275	 6.6629059e-01	 +1.2821657e-01 +1.9520609e-04	 8.20e-01 Skipping	 181	 214	
276	 6.6617100e-01	 +1.2819091e-01 -7.8640404e-05	 1.03e+00 Skipping	 181	 214	
277	 6.6630204e-01	 +1.2949829e-01 +9.7878856e-04	 1.27e+00 Skipping	 181	 215	
278	 6.6624203e-01	 +1.2909529e-01 -2.1916497e-04	 7.55e-01 Skipping	 181	 215	
279	 6.6615287e-01	 +1.2674437e-01 -1.7392231e-03	 1.02e+00 Skipping	 181	 215	
280	 6.6617307e-01	 +1.2696931e-01 -1.9178541e-03	 6.27e-01 Skipping	 181	 215	
281	 6.6596429e-01	 +1.2598797e-01 -3.9352722e-04	 7.84e-01 Skipping	 181	 215	
282	 6.6601423e-01	 +1.2728853e-01 +7.4970441e-05	 1.45e+00 Skipping	 182	 216	
283	 6.6608089e-01	 +1.2632427e-01 -1.8224623e-03	 1.30e+00 Skipping	 181	 215	
284	 6.6632913e-01	 +1.2595662e-01 +9.2518292e-04	 1.29e+00 Skipping	 181	 215	
285	 6.6628091e-01	 +1.2870782e-01 -2.3966880e-04	 7.56e-01 Skipping	 181	 215	
286	 6.6619049e-01	 +1.2721262e-01 -1.6380516e-03	 9.35e-01 Skipping	 182	 214	
287	 6.6620567e-01	 +1.2692911e-01 -5.7534958e-04	 1.36e+00 Skipping	 180	 214	
288	 6.6624297e-01	 +1.2784342e-01 -6.8900892e-04	 1.04e+00 Skipping	 181	 215	
289	 6.6619407e-01	 +1.2806112e-01 -8.9322824e-04	 8.35e-01 Accepted	 181	 215	
290	 6.6619300e-01	 +1.2950496e-01 -1.1759610e-03	 8.35e-01 Accepted	 181	 215	
291	 6.6629294e-01	 +1.2680324e-01 +7.2191414e-05	 9.54e-01 Accepted	 181	 215	
292	 6.6630669e-01	 +1.2929744e-01 +2.3750049e-03	 1.38e+00 Accepted	 181	 215	
293	 6.6618668e-01	 +1.3014448e-01 -4.5523016e-04	 8.89e-01 Accepted	 181	 214	
294	 6.6622151e-01	 +1.3218302e-01 +5.1742638e-04	 1.10e+00 Accepted	 181	 215	
295	 6.6618287e-01	 +1.3114660e-01 -1.5101987e-03	 9.85e-01 Accepted	 181	 214	
296	 6.6629724e-01	 +1.3013151e-01 -7.0352618e-04	 8.60e-01 Accepted	 181	 213	
297	 6.6629724e-01	 +1.3013151e-01 -7.0352618e-04	 6.93e-01 Rejected	 180	 214	
298	 6.6629572e-01	 +1.2853966e-01 -2.3647823e-03	 1.28e+00 Accepted	 181	 215	
299	 6.6618327e-01	 +1.2875161e-01 +7.5680606e-05	 7.06e-01 Accepted	 180	 214	
300	 6.6625534e-01	 +1.3001145e-01 -1.7209547e-03	 9.85e-01 Accepted	 181	 213	
301	 6.6621231e-01	 +1.2998836e-01 +5.3333644e-04	 1.04e+00 Accepted	 181	 215	
302	 6.6631347e-01	 +1.2958060e-01 +1.0842902e-03	 1.22e+00 Accepted	 181	 215	
303	 6.6634309e-01	 +1.2865957e-01 +5.1534434e-05	 1.23e+00 Accepted	 180	 214	
304	 6.6637424e-01	 +1.2804923e-01 +8.2875895e-04	 1.09e+00 Accepted	 181	 214	
305	 6.6638797e-01	 +1.2903083e-01 +1.8044521e-03	 9.89e-01 Accepted	 181	 215	
306	 6.6635889e-01	 +1.2974258e-01 -3.0606872e-04	 8.06e-01 Accepted	 181	 213	
307	 6.6635889e-01	 +1.2974258e-01 -3.0606872e-04	 8.17e-01 Rejected	 180	 213	
308	 6.6646446e-01	 +1.3065893e-01 -1.7586848e-03	 1.29e+00 Accepted	 181	 213	
309	 6.6640823e-01	 +1.3247510e-01 -1.2513917e-03	 1.01e+00 Accepted	 181	 213	
310	 6.6647893e-01	 +1.3212224e-01 -3.6602560e-04	 7.40e-01 Accepted	 181	 213	
311	 6.6656331e-01	 +1.2990008e-01 -5.7204730e-04	 9.81e-01 Accepted	 181	 215	
312	 6.6640089e-01	 +1.2960025e-01 +5.3271666e-04	 1.16e+00 Accepted	 181	 213	
313	 6.6641387e-01	 +1.2941736e-01 +1.4604601e-03	 9.19e-01 Accepted	 181	 215	
314	 6.6644793e-01	 +1.2950304e-01 -1.2574503e-03	 7.44e-01 Accepted	 181	 214	
315	 6.6635929e-01	 +1.2934368e-01 +6.7622726e-04	 9.67e-01 Accepted	 181	 215	
316	 6.6631642e-01	 +1.2753568e-01 -5.8528940e-04	 1.43e+00 Accepted	 181	 214	
317	 6.6627401e-01	 +1.2597656e-01 +4.9409337e-05	 1.07e+00 Accepted	 180	 215	
318	 6.6638159e-01	 +1.2813641e-01 +8.3958045e-05	 1.00e+00 Accepted	 181	 214	
319	 6.6634901e-01	 +1.2624169e-01 +7.4196068e-04	 1.12e+00 Accepted	 181	 214	
320	 6.6625236e-01	 +1.3055737e-01 +9.1907003e-04	 1.18e+00 Accepted	 181	 214	
321	 6.6630230e-01	 +1.3105266e-01 +7.3033607e-04	 1.15e+00 Accepted	 180	 213	
322	 6.6627243e-01	 +1.3121124e-01 -1.8935203e-04	 8.84e-01 Accepted	 180	 214	
323	 6.6626025e-01	 +1.3214188e-01 -9.5657284e-04	 1.01e+00 Accepted	 180	 213	
324	 6.6643310e-01	 +1.3055354e-01 -1.8278778e-04	 1.21e+00 Accepted	 180	 213	
325	 6.6653581e-01	 +1.2963411e-01 +6.9885069e-04	 1.21e+00 Accepted	 180	 213	
326	 6.6664373e-01	 +1.3256608e-01 -6.4129583e-04	 1.53e+00 Accepted	 181	 213	
327	 6.6637791e-01	 +1.3460681e-01 +1.8306538e-03	 6.56e-01 Accepted	 180	 213	
328	 6.6618596e-01	 +1.3271607e-01 -1.3446592e-04	 8.93e-01 Accepted	 180	 213	
329	 6.6618596e-01	 +1.3271607e-01 -1.3446592e-04	 8.11e-01 Rejected	 179	 214	
330	 6.6642984e-01	 +1.3373612e-01 +1.0200055e-03	 1.43e+00 Accepted	 180	 213	
331	 6.6638084e-01	 +1.3230062e-01 -7.3954246e-04	 9.19e-01 Accepted	 179	 212	
332	 6.6617354e-01	 +1.3154601e-01 +3.6718067e-04	 6.44e-01 Accepted	 180	 213	
333	 6.6636084e-01	 +1.3161890e-01 +8.1623312e-04	 1.53e+00 Accepted	 180	 213	
334	 6.6650726e-01	 +1.3371468e-01 -7.4177799e-04	 1.04e+00 Accepted	 179	 213	
335	 6.6650726e-01	 +1.3371468e-01 -7.4177799e-04	 7.97e-01 Rejected	 180	 213	
336	 6.6638656e-01	 +1.3450076e-01 +1.3187733e-03	 8.93e-01 Accepted	 180	 212	
337	 6.6634317e-01	 +1.3306707e-01 +2.1606209e-03	 1.04e+00 Accepted	 179	 213	
338	 6.6633416e-01	 +1.3294023e-01 +2.3074082e-05	 6.74e-01 Accepted	 180	 213	
339	 6.6639490e-01	 +1.2976849e-01 +1.5124214e-03	 1.22e+00 Accepted	 180	 214	
340	 6.6629347e-01	 +1.3197663e-01 +1.0082948e-03	 8.63e-01 Accepted	 181	 213	
341	 6.6646027e-01	 +1.2976996e-01 +1.3701385e-03	 1.59e+00 Accepted	 181	 214	
342	 6.6637077e-01	 +1.3187284e-01 -5.0121023e-04	 9.23e-01 Accepted	 181	 214	
343	 6.6615101e-01	 +1.3113734e-01 -5.0701583e-04	 8.10e-01 Accepted	 180	 214	
344	 6.6626198e-01	 +1.3133025e-01 -1.5497680e-03	 1.21e+00 Accepted	 181	 213	
345	 6.6619255e-01	 +1.3186911e-01 -7.1308137e-04	 8.72e-01 Accepted	 181	 213	
346	 6.6636957e-01	 +1.3123555e-01 +4.6215707e-04	 1.33e+00 Accepted	 180	 213	
347	 6.6618101e-01	 +1.3089227e-01 +3.1015713e-04	 5.86e-01 Accepted	 180	 213	
348	 6.6629314e-01	 +1.2863054e-01 -6.2772764e-04	 1.49e+00 Accepted	 181	 215	
349	 6.6629314e-01	 +1.2863054e-01 -6.2772764e-04	 6.73e-01 Rejected	 180	 215	
350	 6.6612464e-01	 +1.2782685e-01 +5.8518004e-04	 6.18e-01 Accepted	 181	 214	
351	 6.6612464e-01	 +1.2782685e-01 +5.8518004e-04	 9.69e-01 Rejected	 181	 215	
352	 6.6614613e-01	 +1.2920725e-01 -4.8226276e-04	 1.05e+00 Accepted	 180	 213	
353	 6.6622284e-01	 +1.3041679e-01 +1.9659790e-05	 8.80e-01 Accepted	 179	 213	
354	 6.6619996e-01	 +1.3161144e-01 -2.1754610e-05	 1.04e+00 Accepted	 181	 213	
355	 6.6618294e-01	 +1.3224139e-01 -1.9981331e-03	 1.07e+00 Accepted	 180	 214	
356	 6.6632596e-01	 +1.3139941e-01 -6.2458961e-04	 1.32e+00 Accepted	 180	 213	
357	 6.6624747e-01	 +1.3045187e-01 +5.3667723e-04	 1.06e+00 Accepted	 180	 215	
358	 6.6641969e-01	 +1.3146857e-01 -1.5489111e-03	 9.43e-01 Accepted	 182	 215	
359	 6.6643766e-01	 +1.2914446e-01 +1.6092154e-04	 1.17e+00 Accepted	 180	 215	
360	 6.6626572e-01	 +1.2990335e-01 +8.7839400e-04	 8.50e-01 Accepted	 180	 213	
361	 6.6632325e-01	 +1.3082662e-01 +7.1535442e-04	 1.11e+00 Accepted	 180	 214	
362	 6.6642994e-01	 +1.3129375e-01 +8.4767298e-04	 9.83e-01 Accepted	 181	 214	
363	 6.6646143e-01	 +1.3063082e-01 +4.5252753e-04	 1.04e+00 Accepted	 180	 213	
364	 6.6657446e-01	 +1.3163643e-01 -2.0877679e-03	 1.27e+00 Accepted	 180	 213	
365	 6.6666963e-01	 +1.3065527e-01 -2.2021084e-03	 9.06e-01 Accepted	 180	 213	
366	 6.6666963e-01	 +1.3065527e-01 -2.2021084e-03	 6.83e-01 Rejected	 180	 213	
367	 6.6670343e-01	 +1.3058696e-01 -2.9633627e-04	 1.08e+00 Accepted	 180	 213	
368	 6.6670343e-01	 +1.3058696e-01 -2.9633627e-04	 7.08e-01 Rejected	 180	 212	
369	 6.6649119e-01	 +1.3106126e-01 +4.8373207e-04	 9.30e-01 Accepted	 180	 213	
370	 6.6629457e-01	 +1.3181720e-01 -1.0619872e-03	 9.18e-01 Accepted	 180	 213	
371	 6.6626341e-01	 +1.3250835e-01 -1.5096325e-04	 1.51e+00 Accepted	 180	 213	
372	 6.6617344e-01	 +1.3449200e-01 -5.0273493e-04	 1.42e+00 Accepted	 180	 212	
373	 6.6633871e-01	 +1.3236261e-01 -1.2340509e-03	 9.33e-01 Accepted	 180	 213	
374	 6.6641318e-01	 +1.3184488e-01 +3.0112917e-04	 1.06e+00 Accepted	 180	 213	
375	 6.6641318e-01	 +1.3184488e-01 +3.0112917e-04	 6.15e-01 Rejected	 180	 213	
376	 6.6645709e-01	 +1.3099246e-01 -2.2629240e-03	 8.75e-01 Accepted	 180	 213	
377	 6.6645159e-01	 +1.3181431e-01 -2.9571438e-04	 1.12e+00 Accepted	 180	 213	
378	 6.6649233e-01	 +1.2892804e-01 -2.9364308e-04	 1.32e+00 Accepted	 180	 213	
379	 6.6656330e-01	 +1.3187754e-01 -1.1286803e-03	 1.34e+00 Accepted	 180	 214	
380	 6.6631602e-01	 +1.3145727e-01 +3.3945200e-04	 9.37e-01 Accepted	 181	 213	
381	 6.6637636e-01	 +1.3101070e-01 -6.4329897e-04	 1.36e+00 Accepted	 180	 213	
382	 6.6637636e-01	 +1.3101070e-01 -6.4329897e-04	 7.11e-01 Rejected	 181	 213	
383	 6.6631305e-01	 +1.3365789e-01 +4.7562980e-04	 1.08e+00 Accepted	 180	 214	
384	 6.6646427e-01	 +1.3257474e-01 +4.6214247e-04	 1.23e+00 Accepted	 181	 214	
385	 6.6646427e-01	 +1.3257474e-01 +4.6214247e-04	 7.69e-01 Rejected	 180	 213	
386	 6.6646427e-01	 +1.3257474e-01 +4.6214247e-04	 6.94e-01 Rejected	 181	 214	
387	 6.6646427e-01	 +1.3257474e-01 +4.6214247e-04	 5.74e-01 Rejected	 180	 214	
388	 6.6638538e-01	 +1.2807087e-01 -1.7569179e-03	 8.44e-01 Accepted	 181	 215	
389	 6.6634929e-01	 +1.2897025e-01 +1.3988003e-04	 8.87e-01 Accepted	 181	 214	
390	 6.6606828e-01	 +1.2732308e-01 -2.0237048e-03	 6.63e-01 Accepted	 180	 214	
391	 6.6619767e-01	 +1.3005698e-01 -7.4169749e-04	 1.34e+00 Accepted	 180	 213	
392	 6.6631677e-01	 +1.3038731e-01 -2.8291011e-04	 9.03e-01 Accepted	 181	 213	
393	 6.6642035e-01	 +1.2990782e-01 +6.7549874e-05	 8.86e-01 Accepted	 180	 213	
394	 6.6622361e-01	 +1.2935391e-01 -9.5060882e-04	 7.74e-01 Accepted	 180	 214	
395	 6.6622361e-01	 +1.2935391e-01 -9.5060882e-04	 7.91e-01 Rejected	 180	 214	
396	 6.6625437e-01	 +1.3376010e-01 -3.5775702e-05	 7.13e-01 Accepted	 181	 213	
397	 6.6626576e-01	 +1.3167728e-01 +2.4748678e-04	 1.15e+00 Accepted	 179	 213	
398	 6.6644458e-01	 +1.3016299e-01 -6.2477294e-05	 1.12e+00 Accepted	 181	 213	
399	 6.6633709e-01	 +1.3134265e-01 +1.8628663e-03	 8.85e-01 Accepted	 180	 213	
400	 6.6624951e-01	 +1.2948441e-01 -8.8970450e-04	 1.12e+00 Accepted	 180	 214	
401	 6.6642818e-01	 +1.2659136e-01 -3.3055982e-04	 1.65e+00 Accepted	 180	 213	
402	 6.6634963e-01	 +1.3000854e-01 -1.3854595e-03	 9.97e-01 Accepted	 181	 214	
403	 6.6629767e-01	 +1.3028676e-01 -7.0473567e-04	 1.40e+00 Accepted	 180	 214	
404	 6.6641176e-01	 +1.3208282e-01 +5.9271745e-05	 1.11e+00 Accepted	 181	 214	
405	 6.6641176e-01	 +1.3208282e-01 +5.9271745e-05	 6.81e-01 Rejected	 180	 213	
406	 6.6649636e-01	 +1.2811968e-01 -4.7300465e-05	 1.17e+00 Accepted	 180	 214	
407	 6.6644872e-01	 +1.2916838e-01 -4.4833082e-04	 1.08e+00 Accepted	 180	 214	
408	 6.6645065e-01	 +1.3264283e-01 +1.0610973e-03	 1.37e+00 Accepted	 181	 214	
409	 6.6645500e-01	 +1.3216699e-01 +9.9642660e-04	 7.17e-01 Accepted	 181	 215	
410	 6.6644382e-01	 +1.3373865e-01 -6.5333874e-04	 9.02e-01 Accepted	 182	 215	
411	 6.6649141e-01	 +1.3292732e-01 +3.6266645e-04	 9.46e-01 Accepted	 181	 214	
412	 6.6633597e-01	 +1.3242329e-01 -9.2940820e-04	 1.01e+00 Accepted	 181	 215	
413	 6.6633597e-01	 +1.3242329e-01 -9.2940820e-04	 3.81e-01 Rejected	 180	 213	
414	 6.6646310e-01	 +1.3567770e-01 +4.8779318e-04	 1.19e+00 Accepted	 181	 213	
415	 6.6646310e-01	 +1.3567770e-01 +4.8779318e-04	 5.64e-01 Rejected	 181	 213	
416	 6.6647202e-01	 +1.3328120e-01 +4.0229236e-04	 7.81e-01 Accepted	 181	 215	
417	 6.6649378e-01	 +1.3425217e-01 -1.5281937e-04	 1.04e+00 Accepted	 181	 214	
418	 6.6638294e-01	 +1.3281205e-01 -2.4401226e-03	 8.81e-01 Accepted	 181	 215	
419	 6.6640123e-01	 +1.3192222e-01 -1.0365608e-03	 8.28e-01 Accepted	 180	 214	
420	 6.6618031e-01	 +1.3231562e-01 -3.8677781e-04	 8.22e-01 Accepted	 181	 214	
421	 6.6617309e-01	 +1.2949382e-01 +6.7946808e-04	 9.36e-01 Accepted	 181	 216	
422	 6.6626469e-01	 +1.3058950e-01 -8.2968400e-04	 8.76e-01 Accepted	 182	 215	
423	 6.6627978e-01	 +1.3259631e-01 -1.0928025e-03	 9.37e-01 Accepted	 181	 214	
424	 6.6627978e-01	 +1.3259631e-01 -1.0928025e-03	 6.86e-01 Rejected	 181	 215	
425	 6.6624011e-01	 +1.3199035e-01 +4.9924903e-04	 1.20e+00 Accepted	 181	 215	
426	 6.6639573e-01	 +1.3207725e-01 -3.3106289e-04	 1.26e+00 Accepted	 181	 213	
427	 6.6632947e-01	 +1.2910714e-01 -1.2062556e-03	 9.22e-01 Accepted	 180	 215	
428	 6.6628950e-01	 +1.3266814e-01 -7.1853701e-04	 1.38e+00 Accepted	 180	 213	
429	 6.6621333e-01	 +1.3106206e-01 -1.8785059e-03	 1.02e+00 Accepted	 180	 213	
430	 6.6633118e-01	 +1.3294679e-01 -1.2590466e-03	 1.04e+00 Accepted	 181	 214	
431	 6.6641186e-01	 +1.3212546e-01 +3.9643075e-04	 1.25e+00 Accepted	 180	 214	
432	 6.6648057e-01	 +1.3253621e-01 -5.8201405e-04	 8.81e-01 Accepted	 181	 213	
433	 6.6650444e-01	 +1.3026690e-01 -1.5737385e-04	 9.07e-01 Accepted	 181	 215	
434	 6.6642367e-01	 +1.2831289e-01 +1.3250605e-03	 7.23e-01 Accepted	 181	 215	
435	 6.6637390e-01	 +1.2959738e-01 -8.3190780e-04	 1.04e+00 Accepted	 181	 213	
436	 6.6628522e-01	 +1.2976752e-01 +4.7949580e-04	 6.34e-01 Accepted	 181	 215	
437	 6.6607167e-01	 +1.2812937e-01 +6.5511879e-04	 1.12e+00 Accepted	 180	 215	
438	 6.6607167e-01	 +1.2812937e-01 +6.5511879e-04	 9.20e-01 Rejected	 181	 215	
439	 6.6608904e-01	 +1.2892516e-01 -8.2805023e-04	 9.63e-01 Accepted	 181	 214	
440	 6.6604921e-01	 +1.2775431e-01 -9.4577499e-04	 8.98e-01 Accepted	 181	 214	
441	 6.6624122e-01	 +1.3084244e-01 -6.6814789e-04	 1.06e+00 Accepted	 181	 215	
442	 6.6623615e-01	 +1.3465911e-01 -3.9573594e-05	 7.97e-01 Accepted	 181	 213	
443	 6.6637640e-01	 +1.3178002e-01 -5.8283501e-05	 1.03e+00 Accepted	 180	 213	
444	 6.6628559e-01	 +1.3339232e-01 +7.3997617e-04	 1.04e+00 Accepted	 181	 213	
445	 6.6613239e-01	 +1.3348731e-01 +1.1557313e-04	 7.54e-01 Accepted	 181	 213	
446	 6.6610214e-01	 +1.3264170e-01 -2.2231524e-03	 1.21e+00 Accepted	 180	 213	
447	 6.6614587e-01	 +1.3224456e-01 +3.3737408e-04	 1.04e+00 Accepted	 180	 213	
448	 6.6607597e-01	 +1.3213735e-01 -3.7324194e-04	 9.92e-01 Accepted	 180	 214	
449	 6.6622617e-01	 +1.3404145e-01 -3.5451483e-04	 1.38e+00 Accepted	 180	 213	
450	 6.6637148e-01	 +1.3177916e-01 +9.0464736e-06	 7.24e-01 Accepted	 181	 215	
451	 6.6620041e-01	 +1.3445552e-01 -9.6071401e-04	 9.99e-01 Accepted	 180	 213	
452	 6.6624300e-01	 +1.3350520e-01 -1.8050601e-03	 9.70e-01 Accepted	 180	 213	
453	 6.6635476e-01	 +1.3147803e-01 -6.1289331e-04	 7.37e-01 Accepted	 180	 213	
454	 6.6629702e-01	 +1.3510176e-01 +2.8641247e-04	 1.19e+00 Accepted	 181	 213	
455	 6.6610566e-01	 +1.3236669e-01 -7.4092210e-04	 7.02e-01 Accepted	 181	 213	
456	 6.6609259e-01	 +1.3123097e-01 -1.5415769e-04	 7.70e-01 Accepted	 181	 213	
457	 6.6621035e-01	 +1.3373117e-01 -2.6886844e-03	 1.11e+00 Accepted	 180	 213	
458	 6.6631179e-01	 +1.3044343e-01 -5.0750733e-04	 2.10e+00 Accepted	 180	 213	
459	 6.6631741e-01	 +1.3356698e-01 -1.7024850e-04	 1.07e+00 Accepted	 180	 213	
460	 6.6631741e-01	 +1.3356698e-01 -1.7024850e-04	 8.23e-01 Rejected	 181	 213	
461	 6.6639132e-01	 +1.3371946e-01 -1.1297882e-03	 1.01e+00 Accepted	 180	 213	
462	 6.6617083e-01	 +1.3375868e-01 -7.6417528e-04	 1.07e+00 Accepted	 181	 213	
463	 6.6619062e-01	 +1.3467180e-01 +6.7585167e-04	 9.10e-01 Accepted	 180	 213	
464	 6.6619062e-01	 +1.3467180e-01 +6.7585167e-04	 6.92e-01 Rejected	 180	 213	
465	 6.6620508e-01	 +1.3195936e-01 -1.3290802e-04	 1.13e+00 Accepted	 180	 213	
466	 6.6632868e-01	 +1.3340290e-01 -1.0543349e-03	 1.07e+00 Accepted	 180	 213	
467	 6.6630221e-01	 +1.3478563e-01 -9.7136415e-05	 1.00e+00 Accepted	 180	 213	
468	 6.6636076e-01	 +1.3450058e-01 +3.4502014e-04	 1.66e+00 Accepted	 180	 213	
469	 6.6622951e-01	 +1.3534508e-01 +1.3782187e-03	 1.01e+00 Accepted	 180	 213	
470	 6.6633658e-01	 +1.3554159e-01 -1.0779233e-03	 7.91e-01 Accepted	 180	 213	
471	 6.6642078e-01	 +1.3377761e-01 +1.6241019e-03	 1.71e+00 Accepted	 180	 213	
472	 6.6644471e-01	 +1.3184824e-01 +1.0727793e-04	 1.04e+00 Accepted	 180	 213	
473	 6.6657852e-01	 +1.3341509e-01 -2.7831931e-04	 1.06e+00 Accepted	 180	 213	
474	 6.6642535e-01	 +1.3431641e-01 -5.1489637e-04	 1.15e+00 Accepted	 181	 213	
475	 6.6652301e-01	 +1.3430607e-01 -4.9457123e-04	 1.72e+00 Accepted	 180	 213	
476	 6.6644819e-01	 +1.3244011e-01 +1.1448985e-03	 6.11e-01 Accepted	 181	 212	
# Starting_type: CheckpointStart
# Trajectory_length / Number_of_MD_steps: 1 / 8
# 	 Plaquette	 Polyakov_Loop(re,im)	 Acc._Probability	 runtime_per_traj(s)	 CG_iterations	
477	 6.6660396e-01	 +1.3630111e-01 -6.3918829e-04	 9.67e-01 Accepted	 181	 212	
478	 6.6641790e-01	 +1.3622008e-01 -2.3595582e-03	 8.45e-01 Accepted	 180	 213	
479	 6.6623931e-01	 +1.3540767e-01 +9.1363295e-04	 7.48e-01 Accepted	 180	 212	
480	 6.6623102e-01	 +1.3434431e-01 +1.0887867e-03	 6.64e-01 Accepted	 180	 212	
481	 6.6613978e-01	 +1.3328817e-01 +2.1497092e-04	 8.27e-01 Accepted	 180	 212	
482	 6.6640361e-01	 +1.3489759e-01 -2.1016497e-04	 1.45e+00 Accepted	 180	 213	
483	 6.6629992e-01	 +1.3392926e-01 -1.6825634e-03	 5.65e-01 Accepted	 180	 213	
484	 6.6612065e-01	 +1.3265232e-01 -7.5906914e-04	 1.08e+00 Accepted	 180	 213	
485	 6.6628983e-01	 +1.3350064e-01 +4.3479904e-04	 1.51e+00 Accepted	 180	 213	
486	 6.6634524e-01	 +1.3386460e-01 +1.3306198e-04	 7.42e-01 Accepted	 180	 213	
487	 6.6630934e-01	 +1.3129318e-01 +9.2557873e-04	 9.69e-01 Accepted	 180	 213	
488	 6.6641956e-01	 +1.3289523e-01 -4.3322618e-05	 1.48e+00 Accepted	 180	 213	
489	 6.6636263e-01	 +1.3196007e-01 +4.5364112e-04	 9.00e-01 Accepted	 180	 213	
490	 6.6646521e-01	 +1.3435734e-01 -1.7472679e-04	 1.54e+00 Accepted	 180	 213	
491	 6.6633988e-01	 +1.3589492e-01 -7.4539090e-04	 1.02e+00 Accepted	 180	 212	
492	 6.6648989e-01	 +1.3708500e-01 -8.5064610e-04	 1.55e+00 Accepted	 180	 213	
493	 6.6643623e-01	 +1.3510647e-01 -1.3419185e-03	 1.05e+00 Accepted	 179	 213	
494	 6.6645041e-01	 +1.3550515e-01 -7.9989057e-04	 1.12e+00 Accepted	 180	 213	
495	 6.6645041e-01	 +1.3550515e-01 -7.9989057e-04	 6.42e-01 Rejected	 180	 213	
496	 6.6647837e-01	 +1.3547427e-01 -1.0687184e-04	 8.58e-01 Accepted	 180	 212	
497	 6.6627346e-01	 +1.3559813e-01 -1.5356295e-03	 7.45e-01 Accepted	 179	 212	
498	 6.6646364e-01	 +1.3471268e-01 -9.4632914e-04	 1.78e+00 Accepted	 180	 212	
499	 6.6626118e-01	 +1.3620231e-01 -8.2645469e-04	 9.24e-01 Accepted	 179	 212	
500	 6.6652077e-01	 +1.3655997e-01 -1.7626126e-03	 1.33e+00 Accepted	 179	 212	
501	 6.6652077e-01	 +1.3655997e-01 -1.7626126e-03	 6.80e-01 Rejected	 179	 213	
502	 6.6632308e-01	 +1.3708229e-01 -7.8260435e-04	 5.27e-01 Accepted	 179	 212	
503	 6.6630371e-01	 +1.3598452e-01 -3.4526292e-04	 8.56e-01 Accepted	 179	 212	
504	 6.6653889e-01	 +1.3764107e-01 -6.2332552e-04	 2.15e+00 Accepted	 180	 212	
505	 6.6635273e-01	 +1.3967656e-01 -1.2526895e-03	 8.52e-01 Accepted	 179	 213	
506	 6.6617003e-01	 +1.3851336e-01 -9.1331642e-04	 6.99e-01 Accepted	 180	 212	
507	 6.6619541e-01	 +1.3427901e-01 -8.8154067e-04	 1.13e+00 Accepted	 180	 213	
508	 6.6634832e-01	 +1.3446110e-01 +2.8356918e-05	 9.53e-01 Accepted	 180	 212	
509	 6.6633463e-01	 +1.3459549e-01 +5.9876233e-05	 9.05e-01 Accepted	 179	 212	
510	 6.6621849e-01	 +1.3615279e-01 +1.3295608e-03	 6.65e-01 Accepted	 180	 211	
511	 6.6616550e-01	 +1.3471088e-01 +1.1825101e-03	 1.02e+00 Accepted	 179	 213	
512	 6.6606267e-01	 +1.3295267e-01 -1.5207039e-03	 8.36e-01 Accepted	 180	 212	
513	 6.6624055e-01	 +1.3312690e-01 -7.1809999e-04	 9.99e-01 Accepted	 180	 213	
514	 6.6631145e-01	 +1.3157795e-01 -8.9972039e-04	 1.27e+00 Accepted	 180	 213	
515	 6.6604309e-01	 +1.3239410e-01 -7.5636630e-04	 6.77e-01 Accepted	 180	 213	
516	 6.6626318e-01	 +1.3018347e-01 +3.4246794e-04	 1.49e+00 Accepted	 181	 213	
517	 6.6621569e-01	 +1.3499451e-01 +2.8151826e-04	 1.01e+00 Accepted	 180	 213	
518	 6.6635867e-01	 +1.3311851e-01 +7.7589091e-04	 9.73e-01 Accepted	 180	 213	
519	 6.6619354e-01	 +1.3091616e-01 +1.4437689e-03	 9.89e-01 Accepted	 179	 213	
520	 6.6642018e-01	 +1.3158788e-01 +1.0996140e-03	 1.48e+00 Accepted	 180	 213	
521	 6.6637252e-01	 +1.3066072e-01 +1.5050879e-03	 9.54e-01 Accepted	 180	 213	
522	 6.6628926e-01	 +1.3275769e-01 -6.3692030e-05	 1.03e+00 Accepted	 180	 213	
523	 6.6625979e-01	 +1.3315168e-01 -5.2011676e-04	 1.12e+00 Accepted	 180	 213	
524	 6.6611425e-01	 +1.3186278e-01 -4.8630756e-04	 6.96e-01 Accepted	 180	 213	
525	 6.6615824e-01	 +1.3309216e-01 -7.2626779e-05	 1.18e+00 Accepted	 180	 213	
526	 6.6620756e-01	 +1.3202073e-01 -7.2446758e-04	 9.65e-01 Accepted	 180	 213	
527	 6.6620756e-01	 +1.3202073e-01 -7.2446758e-04	 6.93e-01 Rejected	 179	 213	
528	 6.6631492e-01	 +1.3300465e-01 +1.2678550e-03	 8.69e-01 Accepted	 180	 213	
529	 6.6631841e-01	 +1.3193562e-01 -5.2941370e-04	 9.95e-01 Accepted	 180	 213	
530	 6.6640552e-01	 +1.3376391e-01 +1.7512397e-03	 1.41e+00 Accepted	 180	 213	
531	 6.6645213e-01	 +1.3295618e-01 +1.0770796e-03	 8.49e-01 Accepted	 179	 213	
532	 6.6637502e-01	 +1.3483456e-01 -1.4023542e-03	 7.86e-01 Accepted	 180	 212	
533	 6.6666859e-01	 +1.3452047e-01 +1.6285979e-04	 1.42e+00 Accepted	 179	 212	
534	 6.6656474e-01	 +1.3569957e-01 +3.1081072e-04	 1.51e+00 Accepted	 180	 213	
535	 6.6654933e-01	 +1.3433193e-01 -8.3584985e-04	 1.00e+00 Accepted	 179	 212	
536	 6.6655386e-01	 +1.3385228e-01 -1.0459222e-03	 9.77e-01 Accepted	 180	 213	
537	 6.6650186e-01	 +1.3531196e-01 -2.0765267e-04	 1.20e+00 Accepted	 180	 213	
538	 6.6648955e-01	 +1.3383012e-01 -1.3389988e-03	 8.61e-01 Accepted	 180	 213	
539	 6.6655343e-01	 +1.3619858e-01 +2.2418298e-03	 1.07e+00 Accepted	 180	 212	
540	 6.6644921e-01	 +1.3688749e-01 +7.5255679e-04	 5.34e-01 Accepted	 180	 212	
541	 6.6637912e-01	 +1.3606135e-01 -1.3204799e-03	 1.27e+00 Accepted	 179	 212	
542	 6.6634026e-01	 +1.3616544e-01 +8.8366206e-05	 8.41e-01 Accepted	 180	 213	
543	 6.6634026e-01	 +1.3616544e-01 +8.8366206e-05	 7.56e-01 Rejected	 180	 213	
544	 6.6651997e-01	 +1.3426458e-01 +1.0636900e-04	 1.21e+00 Accepted	 180	 213	
545	 6.6656097e-01	 +1.3307949e-01 +3.6936728e-04	 9.66e-01 Accepted	 180	 213	
546	 6.6646088e-01	 +1.3273530e-01 -1.0227692e-03	 1.31e+00 Accepted	 180	 214	
547	 6.6660509e-01	 +1.3069411e-01 +2.3885036e-03	 9.86e-01 Accepted	 180	 214	
548	 6.6662911e-01	 +1.3078495e-01 +5.8930700e-04	 1.42e+00 Accepted	 180	 213	
549	 6.6667394e-01	 +1.2800629e-01 -6.5671597e-04	 7.35e-01 Accepted	 181	 214	
550	 6.6648437e-01	 +1.2665660e-01 +3.8498428e-05	 1.02e+00 Accepted	 181	 214	
551	 6.6638550e-01	 +1.2777479e-01 -4.5944642e-04	 6.82e-01 Accepted	 180	 214	
552	 6.6619634e-01	 +1.2884325e-01 +7.1255800e-05	 6.92e-01 Accepted	 181	 214	
553	 6.6630513e-01	 +1.2900603e-01 +2.0687680e-04	 1.15e+00 Accepted	 181	 214	
554	 6.6630006e-01	 +1.3004716e-01 +1.7216631e-03	 1.09e+00 Accepted	 181	 213	
555	 6.6630006e-01	 +1.3004716e-01 +1.7216631e-03	 6.52e-01 Rejected	 180	 214	
556	 6.6623420e-01	 +1.3173381e-01 +5.2288469e-04	 8.54e-01 Accepted	 180	 215	
557	 6.6630162e-01	 +1.3469883e-01 +7.3959880e-04	 8.84e-01 Accepted	 180	 214	
558	 6.6630689e-01	 +1.3331555e-01 +1.3019441e-03	 9.76e-01 Accepted	 180	 213	
559	 6.6618939e-01	 +1.3094321e-01 +4.6342677e-05	 8.42e-01 Accepted	 180	 214	
560	 6.6637180e-01	 +1.3011578e-01 +6.8500174e-04	 9.13e-01 Accepted	 181	 213	
561	 6.6626786e-01	 +1.3101572e-01 -5.6509553e-04	 9.02e-01 Accepted	 180	 214	
562	 6.6618987e-01	 +1.2995795e-01 -1.4374039e-03	 1.12e+00 Accepted	 180	 213	
563	 6.6645556e-01	 +1.3286918e-01 +3.6619453e-05	 1.36e+00 Accepted	 180	 213	
564	 6.6638107e-01	 +1.2985864e-01 +1.6917340e-03	 7.64e-01 Accepted	 180	 214	
565	 6.6629812e-01	 +1.2930244e-01 +8.1768030e-04	 8.41e-01 Accepted	 180	 213	
566	 6.6615444e-01	 +1.2757382e-01 +2.0185828e-04	 8.65e-01 Accepted	 180	 215	
567	 6.6631042e-01	 +1.2682024e-01 -1.2461596e-04	 1.57e+00 Accepted	 180	 214	
568	 6.6620822e-01	 +1.2647387e-01 +4.9996089e-04	 8.13e-01 Accepted	 182	 215	
569	 6.6630875e-01	 +1.2993423e-01 +7.5429423e-04	 8.84e-01 Accepted	 180	 214	
570	 6.6643302e-01	 +1.2646745e-01 +1.5581299e-03	 1.36e+00 Accepted	 181	 215	
571	 6.6634042e-01	 +1.2775802e-01 +4.6438823e-04	 6.21e-01 Accepted	 180	 214	
572	 6.6622959e-01	 +1.2445121e-01 -2.3912502e-03	 9.87e-01 Accepted	 181	 215	
573	 6.6627369e-01	 +1.2833991e-01 -1.0418804e-03	 1.28e+00 Accepted	 180	 214	
574	 6.6642764e-01	 +1.2818493e-01 -6.8233155e-04	 1.19e+00 Accepted	 180	 214	
575	 6.6631733e-01	 +1.2681911e-01 -6.4508824e-05	 1.12e+00 Accepted	 180	 213	
576	 6.6617295e-01	 +1.2790181e-01 -1.4370074e-03	 7.31e-01 Accepted	 181	 214	
577	 6.6617295e-01	 +1.2790181e-01 -1.4370074e-03	 9.39e-01 Rejected	 180	 214	
578	 6.6618787e-01	 +1.2844615e-01 +1.1122995e-04	 8.32e-01 Accepted	 181	 213	
579	 6.6632824e-01	 +1.3269952e-01 +6.6684653e-04	 2.33e+00 Accepted	 180	 213	
580	 6.6632824e-01	 +1.3269952e-01 +6.6684653e-04	 3.51e-01 Rejected	 181	 213	
581	 6.6640418e-01	 +1.2802428e-01 +8.7639344e-04	 1.17e+00 Accepted	 180	 213	
582	 6.6642920e-01	 +1.3026857e-01 +1.1349746e-03	 1.28e+00 Accepted	 180	 213	
583	 6.6648390e-01	 +1.2865031e-01 -1.4573585e-04	 8.55e-01 Accepted	 180	 213	
584	 6.6648390e-01	 +1.2865031e-01 -1.4573585e-04	 7.39e-01 Rejected	 180	 213	
585	 6.6638848e-01	 +1.2976035e-01 +2.0508039e-03	 8.98e-01 Accepted	 180	 213	
586	 6.6641788e-01	 +1.2863098e-01 -2.6415322e-03	 9.95e-01 Accepted	 180	 213	
587	 6.6641788e-01	 +1.2863098e-01 -2.6415322e-03	 7.70e-01 Rejected	 180	 214	
588	 6.6645332e-01	 +1.2797364e-01 +4.9510887e-05	 1.03e+00 Accepted	 181	 213	
589	 6.6636145e-01	 +1.3078237e-01 -4.0694068e-04	 8.65e-01 Accepted	 180	 214	
590	 6.6641294e-01	 +1.3160361e-01 +1.7755080e-03	 1.45e+00 Accepted	 181	 213	
591	 6.6641294e-01	 +1.3160361e-01 +1.7755080e-03	 6.93e-01 Rejected	 180	 213	
592	 6.6635916e-01	 +1.2967840e-01 +8.1445884e-04	 1.24e+00 Accepted	 181	 214	
593	 6.6637921e-01	 +1.2889069e-01 +2.3221515e-03	 9.18e-01 Accepted	 180	 214	
594	 6.6646515e-01	 +1.2859616e-01 -7.8509894e-04	 1.35e+00 Accepted	 181	 214	
595	 6.6629236e-01	 +1.2691972e-01 -5.4750665e-04	 1.28e+00 Accepted	 180	 214	
596	 6.6633026e-01	 +1.3056957e-01 +2.5880429e-06	 1.26e+00 Accepted	 180	 213	
597	 6.6635428e-01	 +1.2917933e-01 -9.8021150e-04	 1.60e+00 Accepted	 180	 213	
598	 6.6636231e-01	 +1.2846398e-01 +7.5889396e-04	 9.50e-01 Accepted	 180	 213	
599	 6.6651830e-01	 +1.3045804e-01 -9.0286398e-04	 1.16e+00 Accepted	 180	 214	
600	 6.6652888e-01	 +1.2953616e-01 +7.3920850e-04	 1.73e+00 Accepted	 180	 213	
601	 6.6669303e-01	 +1.3026460e-01 -2.0820483e-03	 1.27e+00 Accepted	 180	 213	
602	 6.6641153e-01	 +1.3033420e-01 -9.6051105e-05	 4.84e-01 Accepted	 180	 213	
603	 6.6652893e-01	 +1.3102950e-01 +7.9102348e-04	 9.45e-01 Accepted	 180	 213	
604	 6.6652893e-01	 +1.3102950e-01 +7.9102348e-04	 9.22e-01 Rejected	 180	 213	
605	 6.6663003e-01	 +1.3257691e-01 +1.9214619e-04	 1.09e+00 Accepted	 180	 213	
606	 6.6625728e-01	 +1.3196940e-01 -8.1475656e-04	 4.54e-01 Accepted	 180	 213	
607	 6.6609402e-01	 +1.3286759e-01 +6.8116452e-05	 7.65e-01 Accepted	 180	 213	
608	 6.6612176e-01	 +1.3422058e-01 +3.8914045e-04	 1.05e+00 Accepted	 181	 213	
609	 6.6621157e-01	 +1.3389308e-01 -7.0431739e-04	 1.09e+00 Accepted	 180	 213	
610	 6.6613719e-01	 +1.3228513e-01 +5.1577257e-04	 7.94e-01 Accepted	 180	 213	
611	 6.6619153e-01	 +1.3453658e-01 -6.5371378e-04	 1.10e+00 Accepted	 180	 213	
612	 6.6637908e-01	 +1.3272306e-01 -2.1124807e-03	 9.49e-01 Accepted	 180	 214	
613	 6.6649197e-01	 +1.2979044e-01 -2.7490333e-03	 8.59e-01 Accepted	 180	 213	
614	 6.6632160e-01	 +1.3261447e-01 -9.6592605e-04	 8.87e-01 Accepted	 180	 212	
615	 6.6638287e-01	 +1.3143078e-01 +1.2325705e-03	 1.52e+00 Accepted	 180	 213	
616	 6.6634003e-01	 +1.3004064e-01 -1.7912868e-03	 8.91e-01 Accepted	 181	 213	
617	 6.6635865e-01	 +1.3198473e-01 +5.1515749e-04	 1.06e+00 Accepted	 180	 213	
618	 6.6629899e-01	 +1.3122553e-01 -1.1663914e-03	 1.08e+00 Accepted	 180	 214	
619	 6.6634854e-01	 +1.3324481e-01 -1.4614211e-03	 1.09e+00 Accepted	 181	 213	
620	 6.6618617e-01	 +1.3195165e-01 -8.5777982e-04	 6.88e-01 Accepted	 180	 213	
621	 6.6641595e-01	 +1.3279474e-01 -2.4746770e-03	 1.65e+00 Accepted	 180	 214	
622	 6.6618289e-01	 +1.3039149e-01 +3.2048325e-04	 7.90e-01 Accepted	 181	 214	
623	 6.6650506e-01	 +1.2937409e-01 +3.0077653e-04	 1.69e+00 Accepted	 181	 213	
624	 6.6645098e-01	 +1.3268671e-01 -2.3357064e-04	 8.19e-01 Accepted	 181	 213	
625	 6.6618937e-01	 +1.3196046e-01 -2.5828996e-04	 7.04e-01 Accepted	 180	 214	
626	 6.6629125e-01	 +1.3027292e-01 +7.4509338e-04	 1.18e+00 Accepted	 180	 213	
627	 6.6627305e-01	 +1.3149440e-01 -5.4078326e-04	 1.11e+00 Accepted	 180	 213	
628	 6.6639854e-01	 +1.3307156e-01 +1.3073355e-03	 1.25e+00 Accepted	 181	 213	
629	 6.6616772e-01	 +1.3143106e-01 -1.9997774e-04	 5.03e-01 Accepted	 180	 213	
630	 6.6615692e-01	 +1.3219286e-01 -4.5198651e-05	 9.84e-01 Accepted	 181	 213	
631	 6.6615692e-01	 +1.3219286e-01 -4.5198651e-05	 9.35e-01 Rejected	 179	 212	
632	 6.6618715e-01	 +1.3244815e-01 -1.2144982e-03	 8.95e-01 Accepted	 181	 213	
633	 6.6621706e-01	 +1.3346426e-01 -1.2687552e-03	 1.13e+00 Accepted	 179	 213	
634	 6.6633044e-01	 +1.3477856e-01 +9.2237578e-04	 7.47e-01 Accepted	 180	 213	
635	 6.6626182e-01	 +1.3072411e-01 +1.4757628e-03	 7.49e-01 Accepted	 180	 213	
636	 6.6635054e-01	 +1.3248812e-01 +6.1271178e-07	 1.28e+00 Accepted	 181	 213	
637	 6.6635054e-01	 +1.3248812e-01 +6.1271178e-07	 5.67e-01 Rejected	 180	 213	
638	 6.6635054e-01	 +1.3248812e-01 +6.1271178e-07	 7.43e-01 Rejected	 181	 213	
639	 6.6633306e-01	 +1.3412958e-01 -8.5387876e-04	 1.06e+00 Accepted	 180	 213	
640	 6.6633306e-01	 +1.3412958e-01 -8.5387876e-04	 5.04e-01 Rejected	 180	 213	
641	 6.6633602e-01	 +1.3053360e-01 -7.8268552e-04	 8.65e-01 Accepted	 181	 214	
642	 6.6631112e-01	 +1.3356162e-01 +1.4207665e-03	 9.17e-01 Accepted	 181	 215	
643	 6.6640290e-01	 +1.3088519e-01 -5.3658567e-04	 1.19e+00 Accepted	 180	 215	
644	 6.6642999e-01	 +1.2928348e-01 -5.2440154e-04	 1.01e+00 Accepted	 181	 215	
645	 6.6629542e-01	 +1.3077767e-01 -7.6436168e-04	 1.20e+00 Accepted	 181	 215	
646	 6.6657606e-01	 +1.3224488e-01 -9.1672693e-05	 1.51e+00 Accepted	 181	 214	
647	 6.6644986e-01	 +1.3177129e-01 +2.5453463e-05	 1.22e+00 Accepted	 181	 214	
648	 6.6647674e-01	 +1.3150048e-01 +2.8543202e-04	 1.20e+00 Accepted	 180	 214	
649	 6.6656180e-01	 +1.3097996e-01 +1.2334856e-03	 1.58e+00 Accepted	 180	 213	
650	 6.6679373e-01	 +1.3254026e-01 -3.3973005e-04	 1.06e+00 Accepted	 181	 215	
651	 6.6679373e-01	 +1.3254026e-01 -3.3973005e-04	 9.18e-01 Rejected	 181	 214	
652	 6.6639862e-01	 +1.3349946e-01 +8.5864285e-04	 6.45e-01 Accepted	 182	 215	
653	 6.6637350e-01	 +1.3182628e-01 +2.1000617e-03	 7.81e-01 Accepted	 180	 214	
654	 6.6644489e-01	 +1.3176920e-01 -8.0252327e-04	 1.09e+00 Accepted	 181	 215	
655	 6.6644489e-01	 +1.3176920e-01 -8.0252327e-04	 7.67e-01 Rejected	 180	 215	
656	 6.6622303e-01	 +1.2910765e-01 -2.5504593e-03	 7.92e-01 Accepted	 181	 213	
657	 6.6637688e-01	 +1.3104719e-01 -1.9685893e-03	 1.14e+00 Accepted	 180	 213	
658	 6.6639268e-01	 +1.3075379e-01 -3.6604599e-05	 1.05e+00 Accepted	 181	 214	
659	 6.6639590e-01	 +1.2524957e-01 +7.7492861e-04	 1.05e+00 Accepted	 181	 215	
660	 6.6626424e-01	 +1.2896783e-01 +2.2080100e-04	 1.08e+00 Accepted	 181	 215	
661	 6.6627640e-01	 +1.2799749e-01 -1.4934788e-03	 8.18e-01 Accepted	 180	 214	
662	 6.6640147e-01	 +1.3047726e-01 -2.5755668e-03	 1.15e+00 Accepted	 181	 215	
663	 6.6612654e-01	 +1.3240440e-01 -8.5548619e-04	 7.26e-01 Accepted	 180	 214	
664	 6.6625091e-01	 +1.3154725e-01 +8.5272140e-04	 9.68e-01 Accepted	 181	 214	
665	 6.6629386e-01	 +1.3188061e-01 +7.7071564e-04	 9.73e-01 Accepted	 181	 213	
666	 6.6647092e-01	 +1.2987985e-01 +3.2805666e-04	 1.69e+00 Accepted	 181	 215	
667	 6.6644008e-01	 +1.2730383e-01 -9.7536759e-04	 8.02e-01 Accepted	 180	 215	
668	 6.6626642e-01	 +1.2790775e-01 -7.0006293e-04	 1.06e+00 Accepted	 181	 214	
669	 6.6638570e-01	 +1.2735467e-01 -2.3547855e-03	 8.51e-01 Accepted	 181	 214	
670	 6.6632837e-01	 +1.2705267e-01 -1.1753134e-03	 9.45e-01 Accepted	 181	 214	
671	 6.6639824e-01	 +1.2668618e-01 +1.6122384e-03	 1.30e+00 Accepted	 180	 213	
672	 6.6640446e-01	 +1.2848805e-01 +5.5142892e-04	 8.38e-01 Accepted	 180	 213	
673	 6.6650861e-01	 +1.3163520e-01 -7.8136179e-04	 1.32e+00 Accepted	 180	 214	
674	 6.6638697e-01	 +1.2656750e-01 -2.5765174e-04	 1.00e+00 Accepted	 181	 213	
675	 6.6630440e-01	 +1.3090377e-01 +5.3636131e-04	 7.97e-01 Accepted	 180	 213	
676	 6.6630440e-01	 +1.3090377e-01 +5.3636131e-04	 9.07e-01 Rejected	 180	 213	
677	 6.6617979e-01	 +1.3088056e-01 +2.1014002e-03	 1.29e+00 Accepted	 181	 213	
678	 6.6632050e-01	 +1.3162507e-01 -8.8876871e-04	 1.16e+00 Accepted	 181	 214	
679	 6.6646834e-01	 +1.3278435e-01 +2.4794369e-04	 7.81e-01 Accepted	 181	 215	
680	 6.6637744e-01	 +1.3152146e-01 -1.2598004e-03	 1.12e+00 Accepted	 181	 214	
681	 6.6643811e-01	 +1.3069376e-01 -2.0097001e-04	 9.86e-01 Accepted	 180	 214	
682	 6.6643811e-01	 +1.3069376e-01 -2.0097001e-04	 8.25e-01 Rejected	 180	 214	
683	 6.6642363e-01	 +1.2913766e-01 -8.5712760e-05	 1.09e+00 Accepted	 180	 214	
684	 6.6628997e-01	 +1.2960291e-01 +8.1651639e-05	 9.93e-01 Accepted	 181	 215	
685	 6.6642711e-01	 +1.2708678e-01 +5.6936012e-04	 1.05e+00 Accepted	 180	 214	
686	 6.6625581e-01	 +1.2702787e-01 -3.6251742e-04	 8.42e-01 Accepted	 181	 215	
687	 6.6626094e-01	 +1.3367005e-01 -8.6786131e-04	 8.78e-01 Accepted	 181	 214	
688	 6.6635958e-01	 +1.3203767e-01 -4.4854129e-04	 1.04e+00 Accepted	 181	 213	
689	 6.6638674e-01	 +1.3561606e-01 +6.2625841e-04	 9.21e-01 Accepted	 180	 213	
690	 6.6624016e-01	 +1.3434538e-01 -2.4661291e-04	 1.01e+00 Accepted	 180	 213	
691	 6.6653895e-01	 +1.3239993e-01 -1.3128037e-03	 1.69e+00 Accepted	 180	 213	
692	 6.6646398e-01	 +1.3462258e-01 +1.0462731e-03	 8.84e-01 Accepted	 180	 213	
693	 6.6630166e-01	 +1.3209351e-01 +7.5689235e-04	 6.65e-01 Accepted	 180	 213	
694	 6.6626000e-01	 +1.2823437e-01 +6.6778949e-04	 8.20e-01 Accepted	 180	 213	
695	 6.6628425e-01	 +1.2885654e-01 -3.1811796e-05	 1.23e+00 Accepted	 180	 215	
696	 6.6656447e-01	 +1.2801797e-01 +1.6411551e-03	 1.56e+00 Accepted	 180	 213	
697	 6.6656447e-01	 +1.2801797e-01 +1.6411551e-03	 5.59e-01 Rejected	 180	 214	
698	 6.6656447e-01	 +1.2801797e-01 +1.6411551e-03	 7.58e-01 Rejected	 180	 213	
699	 6.6643018e-01	 +1.3358875e-01 -2.2104763e-03	 8.47e-01 Accepted	 181	 215	
700	 6.6623912e-01	 +1.2937898e-01 +7.9796279e-04	 8.54e-01 Accepted	 180	 214	
701	 6.6638678e-01	 +1.3187659e-01 +3.0917519e-04	 1.03e+00 Accepted	 180	 213	
702	 6.6638678e-01	 +1.3187659e-01 +3.0917519e-04	 5.21e-01 Rejected	 180	 213	
703	 6.6641166e-01	 +1.3190268e-01 -1.0321069e-04	 6.24e-01 Accepted	 180	 213	
704	 6.6637078e-01	 +1.3336589e-01 -4.5685370e-04	 8.13e-01 Accepted	 180	 213	
705	 6.6637078e-01	 +1.3336589e-01 -4.5685370e-04	 7.54e-01 Rejected	 180	 213	
706	 6.6637078e-01	 +1.3336589e-01 -4.5685370e-04	 7.97e-01 Rejected	 180	 213	
707	 6.6621704e-01	 +1.3356835e-01 -2.6631248e-04	 1.20e+00 Accepted	 180	 213	
708	 6.6621704e-01	 +1.3356835e-01 -2.6631248e-04	 8.41e-01 Rejected	 180	 213	
709	 6.6636165e-01	 +1.3284534e-01 -1.1621859e-04	 1.45e+00 Accepted	 180	 213	
710	 6.6630845e-01	 +1.3298352e-01 -1.0217226e-03	 7.56e-01 Accepted	 180	 214	
711	 6.6627446e-01	 +1.2929773e-01 -1.0100685e-03	 9.22e-01 Accepted	 180	 213	
712	 6.6616817e-01	 +1.3230582e-01 -7.1799371e-04	 8.79e-01 Accepted	 180	 213	
713	 6.6614726e-01	 +1.3106922e-01 +1.2501711e-03	 9.69e-01 Accepted	 180	 213	
714	 6.6597815e-01	 +1.3190169e-01 +7.8049045e-04	 9.92e-01 Accepted	 180	 213	
715	 6.6620315e-01	 +1.3190372e-01 -5.6745409e-04	 1.74e+00 Accepted	 179	 213	
