# Starting_type: ColdStart
# serial RNG seed: 	[41318 64101 64573 45625 37601]
# parallel RNG seed:	[95 57308 11042 14543 15878]
# Trajectory_length / Number_of_MD_steps: 1 / 8
# 	 Plaquette	 Polyakov_Loop(re,im)	 Acc._Probability	 runtime_per_traj(s)	 CG_iterations	
1	 8.1243644e-01	 +4.5590250e-01 +1.9344044e-04	 9.75e-70 Skipping	 184	 222	
2	 7.4428669e-01	 +2.9525301e-01 -3.0917724e-04	 1.41e-31 Skipping	 183	 216	
3	 7.0535763e-01	 +2.2003794e-01 +9.2860454e-04	 3.09e-20 Skipping	 180	 213	
4	 6.7987705e-01	 +1.7179082e-01 -6.0428762e-04	 3.84e-14 Skipping	 178	 209	
5	 6.6213533e-01	 +1.4427287e-01 +3.7076567e-04	 3.45e-10 Skipping	 178	 210	
6	 6.4980988e-01	 +1.2761958e-01 -1.4562073e-03	 2.46e-07 Skipping	 178	 207	
7	 6.4127017e-01	 +1.1691294e-01 -2.2708665e-04	 1.99e-05 Skipping	 176	 207	
8	 6.3498556e-01	 +1.0885664e-01 +3.9822668e-04	 4.96e-04 Skipping	 177	 207	
9	 6.3062088e-01	 +1.0179455e-01 +3.5512044e-04	 3.19e-03 Skipping	 176	 207	
10	 6.2760995e-01	 +9.4222927e-02 -1.2898423e-04	 2.59e-02 Skipping	 177	 208	
11	 6.2565638e-01	 +9.3103349e-02 +4.7138698e-04	 1.11e-01 Skipping	 177	 208	
12	 6.2415978e-01	 +9.0660755e-02 -4.4463947e-04	 1.46e-01 Skipping	 178	 208	
13	 6.2298385e-01	 +8.9974192e-02 -2.5772607e-04	 3.14e-01 Skipping	 177	 208	
14	 6.2232449e-01	 +8.5334276e-02 +2.6484002e-04	 3.49e-01 Skipping	 178	 210	
15	 6.2186958e-01	 +8.6285043e-02 +1.0513458e-03	 6.23e-01 Skipping	 180	 210	
16	 6.2130775e-01	 +8.4647173e-02 +6.3834538e-04	 5.30e-01 Skipping	 179	 210	
17	 6.2103936e-01	 +8.3086208e-02 -6.0775356e-05	 5.15e-01 Skipping	 178	 210	
18	 6.2090080e-01	 +8.1204033e-02 -1.2026545e-03	 9.06e-01 Skipping	 179	 209	
19	 6.2049413e-01	 +8.1606315e-02 +6.3260276e-04	 4.93e-01 Skipping	 178	 210	
20	 6.2029726e-01	 +8.1272299e-02 +3.3747316e-04	 5.26e-01 Skipping	 179	 209	
21	 6.2026455e-01	 +8.0908144e-02 +3.2816336e-04	 1.25e+00 Skipping	 179	 210	
22	 6.2025267e-01	 +7.8185478e-02 -1.4962853e-03	 9.18e-01 Skipping	 179	 210	
23	 6.2034971e-01	 +8.0133887e-02 -3.6212343e-04	 1.27e+00 Skipping	 179	 210	
24	 6.2028669e-01	 +8.0686467e-02 +9.0340797e-04	 9.04e-01 Skipping	 179	 210	
25	 6.2006753e-01	 +7.7700164e-02 +1.5207108e-03	 5.23e-01 Skipping	 178	 210	
26	 6.2022903e-01	 +7.8356357e-02 -1.7411035e-04	 1.20e+00 Skipping	 179	 210	
27	 6.2038274e-01	 +7.6959619e-02 +1.0287339e-03	 1.85e+00 Skipping	 182	 227	
28	 6.2046994e-01	 +7.9943990e-02 +3.6680900e-05	 1.07e+00 Skipping	 184	 210	
29	 6.2038122e-01	 +8.0029862e-02 +2.0022937e-03	 8.28e-01 Skipping	 179	 210	
30	 6.2049274e-01	 +8.2135593e-02 +6.0905749e-04	 9.64e-01 Skipping	 179	 210	
31	 6.2036066e-01	 +8.0348983e-02 +9.6620937e-04	 7.46e-01 Skipping	 179	 210	
32	 6.2044427e-01	 +8.0527402e-02 -3.3101582e-04	 9.84e-01 Skipping	 178	 210	
33	 6.2036043e-01	 +7.8515510e-02 +2.1393806e-03	 9.48e-01 Skipping	 179	 210	
34	 6.2037709e-01	 +7.9726847e-02 +1.3977817e-03	 1.05e+00 Skipping	 178	 210	
35	 6.2031903e-01	 +7.9418912e-02 -9.9066016e-05	 1.31e+00 Skipping	 179	 210	
36	 6.2035523e-01	 +8.0261407e-02 -1.6978017e-03	 1.13e+00 Skipping	 179	 210	
37	 6.2044317e-01	 +7.9124568e-02 -7.1832724e-04	 8.51e-01 Skipping	 183	 245	
38	 6.2064525e-01	 +7.8304305e-02 +1.5366300e-03	 8.65e-01 Skipping	 190	 210	
39	 6.2063365e-01	 +7.7681165e-02 +5.6706262e-04	 9.20e-01 Skipping	 179	 210	
40	 6.2059140e-01	 +7.7840422e-02 +1.2196703e-03	 8.03e-01 Skipping	 178	 210	
41	 6.2075892e-01	 +7.7782293e-02 +4.9859924e-05	 1.30e+00 Skipping	 183	 210	
42	 6.2039803e-01	 +7.5485466e-02 -1.7808877e-03	 4.40e-01 Skipping	 179	 211	
43	 6.2048361e-01	 +7.5025208e-02 +1.1142877e-04	 1.02e+00 Skipping	 179	 212	
44	 6.2057387e-01	 +7.6886944e-02 -1.2115247e-03	 9.99e-01 Skipping	 185	 241	
45	 6.2044974e-01	 +7.6635321e-02 -3.1965074e-04	 5.79e-01 Skipping	 186	 218	
46	 6.2040740e-01	 +7.6327334e-02 -1.5641579e-03	 7.67e-01 Skipping	 182	 211	
47	 6.2047532e-01	 +7.7640823e-02 -1.0975132e-03	 1.28e+00 Skipping	 179	 212	
48	 6.2055489e-01	 +7.6270774e-02 +1.9464346e-04	 1.28e+00 Skipping	 180	 212	
49	 6.2055367e-01	 +7.6542727e-02 +1.5216552e-04	 1.32e+00 Skipping	 180	 211	
50	 6.2063911e-01	 +7.6402463e-02 -1.5893354e-03	 1.09e+00 Skipping	 179	 210	
51	 6.2049374e-01	 +7.7534428e-02 +5.9554723e-05	 8.12e-01 Accepted	 179	 210	
52	 6.2049374e-01	 +7.7534428e-02 +5.9554723e-05	 9.21e-01 Rejected	 179	 211	
53	 6.2036980e-01	 +7.6806094e-02 +1.7799891e-04	 6.04e-01 Accepted	 178	 210	
54	 6.2037025e-01	 +7.4216573e-02 +2.1098744e-04	 7.79e-01 Accepted	 180	 211	
55	 6.2033182e-01	 +7.6694610e-02 -1.6740937e-03	 1.51e+00 Accepted	 179	 211	
56	 6.2043603e-01	 +7.6596628e-02 +6.1948294e-04	 1.08e+00 Accepted	 180	 211	
57	 6.2058203e-01	 +7.8529339e-02 -4.8563800e-04	 1.17e+00 Accepted	 178	 210	
58	 6.2045780e-01	 +7.6009257e-02 -1.5289510e-04	 5.30e-01 Accepted	 179	 210	
59	 6.2033151e-01	 +7.6527313e-02 +1.3696722e-04	 1.12e+00 Accepted	 179	 210	
60	 6.2025974e-01	 +7.4452739e-02 +2.2277743e-04	 9.91e-01 Accepted	 180	 213	
61	 6.2025210e-01	 +7.2476512e-02 +7.3613881e-04	 8.06e-01 Accepted	 179	 211	
62	 6.2025266e-01	 +7.3439792e-02 +6.1816285e-05	 1.07e+00 Accepted	 180	 213	
63	 6.2025266e-01	 +7.3439792e-02 +6.1816285e-05	 8.28e-01 Rejected	 180	 213	
64	 6.2024029e-01	 +7.6170218e-02 +2.6859362e-03	 9.82e-01 Accepted	 179	 211	
65	 6.2004376e-01	 +7.6017610e-02 -1.7384116e-03	 8.50e-01 Accepted	 180	 211	
66	 6.2008758e-01	 +7.8242617e-02 -5.6254151e-04	 1.07e+00 Accepted	 179	 210	
67	 6.2018575e-01	 +7.8520223e-02 -1.0434487e-03	 1.07e+00 Accepted	 179	 211	
68	 6.2015027e-01	 +7.7922731e-02 -3.2132801e-04	 7.72e-01 Accepted	 179	 212	
69	 6.1999831e-01	 +7.6006878e-02 -4.2209882e-04	 6.96e-01 Accepted	 179	 210	
70	 6.2020060e-01	 +7.6447853e-02 -1.1278377e-04	 1.21e+00 Accepted	 180	 213	
71	 6.2028371e-01	 +7.5320020e-02 -4.6805588e-04	 8.70e-01 Accepted	 181	 211	
72	 6.2032701e-01	 +7.6855165e-02 +1.4876016e-03	 9.46e-01 Accepted	 179	 211	
73	 6.2056110e-01	 +7.5462394e-02 +2.6760512e-03	 1.30e+00 Accepted	 180	 211	
74	 6.2082985e-01	 +7.4823981e-02 +1.4047526e-03	 1.32e+00 Accepted	 181	 212	
75	 6.2081744e-01	 +7.6070862e-02 -1.2688152e-03	 1.36e+00 Accepted	 179	 212	
76	 6.2057566e-01	 +7.6273791e-02 -1.4707475e-03	 8.18e-01 Accepted	 179	 212	
77	 6.2052123e-01	 +7.7128097e-02 -2.5054796e-03	 8.65e-01 Accepted	 179	 212	
78	 6.2057352e-01	 +7.5952964e-02 +3.1332996e-04	 1.59e+00 Accepted	 180	 212	
79	 6.2057352e-01	 +7.5952964e-02 +3.1332996e-04	 5.10e-01 Rejected	 180	 211	
80	 6.2047438e-01	 +7.7897301e-02 -1.1783491e-03	 7.32e-01 Accepted	 179	 211	
81	 6.2064953e-01	 +7.5825330e-02 -5.8077466e-04	 1.09e+00 Accepted	 179	 211	
82	 6.2088967e-01	 +7.6110504e-02 -4.2382620e-04	 1.57e+00 Accepted	 180	 211	
83	 6.2088967e-01	 +7.6110504e-02 -4.2382620e-04	 7.01e-01 Rejected	 179	 211	
84	 6.2077138e-01	 +7.3371745e-02 +1.9868580e-03	 7.34e-01 Accepted	 180	 212	
85	 6.2060031e-01	 +7.5267055e-02 +1.0983730e-03	 7.44e-01 Accepted	 179	 211	
86	 6.2060031e-01	 +7.5267055e-02 +1.0983730e-03	 8.21e-01 Rejected	 179	 211	
87	 6.2039783e-01	 +7.4172797e-02 +1.3700253e-03	 6.64e-01 Accepted	 180	 212	
88	 6.2039783e-01	 +7.4172797e-02 +1.3700253e-03	 5.80e-01 Rejected	 180	 211	
89	 6.2039783e-01	 +7.4172797e-02 +1.3700253e-03	 6.38e-01 Rejected	 179	 211	
90	 6.2039783e-01	 +7.4172797e-02 +1.3700253e-03	 7.82e-01 Rejected	 179	 212	
91	 6.2050357e-01	 +7.6591253e-02 +1.1600817e-03	 1.21e+00 Accepted	 179	 211	
92	 6.2048998e-01	 +7.2597506e-02 +6.4845817e-04	 7.90e-01 Accepted	 180	 210	
93	 6.2057967e-01	 +7.2259139e-02 +2.9695789e-04	 1.26e+00 Accepted	 179	 212	
94	 6.2066522e-01	 +7.4764574e-02 -1.1815370e-03	 1.06e+00 Accepted	 180	 211	
95	 6.2048727e-01	 +7.6091706e-02 +2.3474280e-04	 9.96e-01 Accepted	 182	 214	
96	 6.2042628e-01	 +7.4910582e-02 +4.3898135e-05	 9.05e-01 Accepted	 180	 212	
97	 6.2033368e-01	 +7.4760724e-02 -2.7841862e-05	 1.05e+00 Accepted	 179	 211	
98	 6.2034565e-01	 +7.6767942e-02 +8.2470086e-05	 7.74e-01 Accepted	 179	 211	
99	 6.2036408e-01	 +7.8007713e-02 -1.4858832e-03	 1.06e+00 Accepted	 179	 210	
100	 6.2032297e-01	 +7.6562303e-02 -1.1289519e-05	 8.42e-01 Accepted	 179	 212	
101	 6.2044041e-01	 +7.7955032e-02 -2.7451528e-04	 1.11e+00 Accepted	 180	 221	
102	 6.2016968e-01	 +7.5182494e-02 -2.5546530e-03	 6.92e-01 Accepted	 183	 211	
103	 6.2016968e-01	 +7.5182494e-02 -2.5546530e-03	 6.51e-01 Rejected	 179	 211	
104	 6.2035619e-01	 +7.8542807e-02 -1.5712140e-04	 1.14e+00 Accepted	 179	 211	
105	 6.2045532e-01	 +7.8697708e-02 +1.9293268e-04	 1.18e+00 Accepted	 179	 210	
106	 6.2057406e-01	 +7.6799001e-02 -6.5301455e-04	 9.22e-01 Accepted	 180	 211	
107	 6.2057406e-01	 +7.6799001e-02 -6.5301455e-04	 8.14e-01 Rejected	 179	 212	
108	 6.2059905e-01	 +7.6947772e-02 +3.1521881e-04	 8.19e-01 Accepted	 179	 210	
109	 6.2054861e-01	 +7.6473771e-02 -8.7117589e-04	 1.12e+00 Accepted	 178	 211	
110	 6.2065524e-01	 +7.6778428e-02 +1.6021532e-03	 8.80e-01 Accepted	 178	 210	
111	 6.2055452e-01	 +7.4985690e-02 +4.9662767e-04	 1.20e+00 Accepted	 179	 210	
112	 6.2049574e-01	 +7.6923506e-02 -7.7602659e-05	 8.84e-01 Accepted	 179	 211	
113	 6.2053854e-01	 +7.6803475e-02 -1.1780143e-03	 7.70e-01 Accepted	 178	 211	
114	 6.2060736e-01	 +7.5555231e-02 -8.4557652e-05	 1.12e+00 Accepted	 179	 210	
115	 6.2060736e-01	 +7.5555231e-02 -8.4557652e-05	 5.92e-01 Rejected	 178	 210	
116	 6.2060736e-01	 +7.5555231e-02 -8.4557652e-05	 5.84e-01 Rejected	 179	 210	
117	 6.2042219e-01	 +7.6382374e-02 -2.6429987e-03	 1.03e+00 Accepted	 179	 210	
118	 6.2042219e-01	 +7.6382374e-02 -2.6429987e-03	 7.08e-01 Rejected	 179	 210	
119	 6.2026627e-01	 +7.5226460e-02 -5.3434722e-04	 7.66e-01 Accepted	 178	 210	
120	 6.2034287e-01	 +7.3619431e-02 -2.9865455e-04	 1.58e+00 Accepted	 179	 211	
121	 6.2011325e-01	 +7.3121668e-02 -3.6773010e-04	 7.03e-01 Accepted	 179	 214	
122	 6.1995750e-01	 +7.3251973e-02 -6.6559252e-05	 8.25e-01 Accepted	 181	 219	
123	 6.2021420e-01	 +7.4212570e-02 +1.0613923e-04	 2.00e+00 Accepted	 181	 210	
124	 6.1998024e-01	 +7.4240355e-02 -1.7189235e-03	 6.11e-01 Accepted	 179	 210	
125	 6.2019906e-01	 +7.4564432e-02 -1.2232022e-03	 9.98e-01 Accepted	 178	 211	
126	 6.2024319e-01	 +7.6280358e-02 -1.0487938e-04	 9.61e-01 Accepted	 179	 210	
127	 6.2001906e-01	 +7.3474712e-02 -9.3187207e-04	 1.15e+00 Accepted	 178	 211	
128	 6.2005292e-01	 +7.2735985e-02 +9.2139138e-04	 1.41e+00 Accepted	 180	 211	
129	 6.2014101e-01	 +7.2920402e-02 -9.2210815e-04	 9.49e-01 Accepted	 180	 211	
130	 6.2020073e-01	 +7.5239602e-02 +2.2201986e-04	 1.57e+00 Accepted	 180	 211	
131	 6.2031373e-01	 +7.3719544e-02 +4.5408793e-04	 8.60e-01 Accepted	 179	 212	
132	 6.2024778e-01	 +7.8000614e-02 -2.0495640e-03	 9.75e-01 Accepted	 179	 211	
133	 6.2036323e-01	 +7.5197439e-02 +7.3116358e-05	 1.48e+00 Accepted	 179	 212	
134	 6.2048418e-01	 +7.4286532e-02 +8.6011007e-04	 1.61e+00 Accepted	 180	 211	
135	 6.2053474e-01	 +7.6763281e-02 +6.5843180e-04	 6.57e-01 Accepted	 179	 210	
136	 6.2053910e-01	 +7.6648231e-02 +3.7611857e-04	 1.02e+00 Accepted	 179	 210	
137	 6.2019655e-01	 +7.3445425e-02 +1.3352927e-03	 7.30e-01 Accepted	 179	 211	
138	 6.2031339e-01	 +7.2455337e-02 +7.8015485e-04	 1.33e+00 Accepted	 180	 215	
139	 6.2036954e-01	 +7.3190097e-02 -6.0751901e-04	 1.46e+00 Accepted	 181	 215	
140	 6.2036954e-01	 +7.3190097e-02 -6.0751901e-04	 6.31e-01 Rejected	 180	 211	
141	 6.2037590e-01	 +7.2477491e-02 +3.3209012e-04	 7.54e-01 Accepted	 180	 212	
142	 6.2031733e-01	 +7.1986063e-02 -3.9799633e-04	 9.44e-01 Accepted	 180	 211	
143	 6.2045116e-01	 +7.3296200e-02 +6.4956238e-04	 1.86e+00 Accepted	 179	 212	
144	 6.2045248e-01	 +7.1614886e-02 +3.9518881e-04	 1.03e+00 Accepted	 179	 212	
145	 6.2054046e-01	 +7.3859642e-02 +1.0997570e-03	 9.02e-01 Accepted	 180	 212	
146	 6.2054206e-01	 +7.2589886e-02 +1.8443839e-04	 8.56e-01 Accepted	 180	 211	
147	 6.2031885e-01	 +7.2600866e-02 -7.1734336e-04	 9.85e-01 Accepted	 179	 211	
148	 6.2031885e-01	 +7.2600866e-02 -7.1734336e-04	 7.70e-01 Rejected	 180	 212	
149	 6.2030818e-01	 +7.0882661e-02 +2.0764392e-03	 6.74e-01 Accepted	 179	 212	
150	 6.2028702e-01	 +7.2324387e-02 +1.7949543e-03	 1.26e+00 Accepted	 181	 211	
151	 6.2047749e-01	 +7.3349083e-02 -7.7285207e-04	 6.48e-01 Accepted	 181	 217	
152	 6.2059806e-01	 +7.3920516e-02 +9.1881972e-04	 1.04e+00 Accepted	 182	 211	
153	 6.2070221e-01	 +7.4566716e-02 -4.1179990e-04	 9.05e-01 Accepted	 180	 211	
154	 6.2073181e-01	 +7.4656762e-02 +9.7679540e-04	 5.90e-01 Accepted	 179	 212	
155	 6.2056142e-01	 +7.4901121e-02 +1.6723846e-03	 6.90e-01 Accepted	 179	 212	
156	 6.2050809e-01	 +7.3678451e-02 +1.8381883e-03	 1.18e+00 Accepted	 179	 211	
157	 6.2042238e-01	 +7.1324776e-02 +7.7359214e-04	 8.40e-01 Accepted	 179	 210	
158	 6.2039791e-01	 +7.4176673e-02 +4.9426463e-04	 7.75e-01 Accepted	 180	 213	
159	 6.2060308e-01	 +7.3147702e-02 -6.2721890e-04	 2.21e+00 Accepted	 180	 212	
160	 6.2042426e-01	 +7.3725741e-02 -1.4837553e-03	 5.45e-01 Accepted	 179	 212	
161	 6.2020866e-01	 +7.3523746e-02 -7.6842799e-04	 8.32e-01 Accepted	 179	 211	
162	 6.2037217e-01	 +7.2297052e-02 -2.6063874e-03	 1.08e+00 Accepted	 180	 216	
163	 6.2038632e-01	 +7.3351468e-02 -1.0704917e-03	 1.03e+00 Accepted	 182	 222	
164	 6.2040692e-01	 +7.4530223e-02 +1.3773521e-03	 1.01e+00 Accepted	 185	 212	
165	 6.2068784e-01	 +7.3674223e-02 +2.2854618e-04	 1.55e+00 Accepted	 179	 212	
166	 6.2049383e-01	 +7.2835235e-02 +4.3494734e-04	 8.23e-01 Accepted	 180	 212	
167	 6.2049383e-01	 +7.2835235e-02 +4.3494734e-04	 7.83e-01 Rejected	 179	 212	
168	 6.2057526e-01	 +7.2513483e-02 +2.6647857e-04	 9.22e-01 Accepted	 179	 212	
169	 6.2053702e-01	 +7.2710971e-02 -6.9685554e-04	 1.29e+00 Accepted	 179	 211	
170	 6.2062901e-01	 +7.1317183e-02 +7.0693118e-04	 8.02e-01 Accepted	 182	 236	
171	 6.2029201e-01	 +7.1214755e-02 -1.0729796e-03	 6.33e-01 Accepted	 185	 212	
172	 6.2025932e-01	 +7.3407856e-02 +2.8797002e-04	 1.17e+00 Accepted	 180	 211	
173	 6.2048529e-01	 +7.0914589e-02 -3.5944128e-04	 1.44e+00 Accepted	 179	 212	
174	 6.2048529e-01	 +7.0914589e-02 -3.5944128e-04	 8.51e-01 Rejected	 180	 212	
175	 6.2043178e-01	 +7.1544191e-02 -4.7531997e-04	 8.03e-01 Accepted	 179	 212	
176	 6.2020432e-01	 +7.2247806e-02 +6.7261175e-04	 6.02e-01 Accepted	 179	 211	
177	 6.2038470e-01	 +7.2743463e-02 +1.4804925e-04	 1.40e+00 Accepted	 179	 212	
178	 6.2046302e-01	 +7.1907596e-02 +1.7990584e-03	 9.71e-01 Accepted	 180	 219	
179	 6.2034694e-01	 +7.0843005e-02 +2.3870498e-03	 1.50e+00 Accepted	 190	 217	
180	 6.2038008e-01	 +7.1587295e-02 +4.6489238e-04	 1.28e+00 Accepted	 183	 212	
181	 6.2051499e-01	 +7.3390012e-02 -8.5879499e-04	 1.29e+00 Accepted	 180	 212	
182	 6.2043612e-01	 +7.0195275e-02 -5.6537465e-04	 9.69e-01 Accepted	 180	 212	
183	 6.2034312e-01	 +7.1813997e-02 +5.6211008e-04	 7.19e-01 Accepted	 181	 230	
184	 6.2052699e-01	 +7.1279235e-02 -4.8087674e-04	 1.19e+00 Accepted	 184	 212	
185	 6.2051475e-01	 +7.4351050e-02 +7.5954970e-04	 9.03e-01 Accepted	 180	 212	
186	 6.2042117e-01	 +7.3335071e-02 -1.2030305e-03	 7.54e-01 Accepted	 180	 212	
187	 6.2031221e-01	 +7.4408098e-02 +1.1387580e-03	 1.07e+00 Accepted	 179	 211	
188	 6.2033673e-01	 +7.5596896e-02 -2.0428798e-04	 1.30e+00 Accepted	 180	 212	
189	 6.2025628e-01	 +7.3655552e-02 +1.5507342e-03	 9.12e-01 Accepted	 180	 211	
190	 6.2039669e-01	 +7.4250750e-02 +4.4830933e-04	 1.05e+00 Accepted	 179	 211	
191	 6.2047932e-01	 +7.4146053e-02 +7.7406252e-04	 7.79e-01 Accepted	 179	 211	
192	 6.2043004e-01	 +7.3963942e-02 +5.9259380e-04	 8.45e-01 Accepted	 179	 212	
193	 6.2043004e-01	 +7.3963942e-02 +5.9259380e-04	 9.81e-01 Rejected	 179	 212	
194	 6.2040510e-01	 +7.4624744e-02 +1.5522352e-03	 1.10e+00 Accepted	 184	 210	
195	 6.2047250e-01	 +7.4125459e-02 +2.6354846e-04	 1.25e+00 Accepted	 179	 212	
196	 6.2032266e-01	 +7.2753041e-02 +7.0354822e-04	 9.63e-01 Accepted	 180	 211	
197	 6.2027886e-01	 +7.2063656e-02 +1.1370102e-03	 1.15e+00 Accepted	 180	 211	
198	 6.2035981e-01	 +7.3025529e-02 +7.5286043e-04	 1.60e+00 Accepted	 179	 211	
199	 6.2028686e-01	 +7.6418251e-02 -5.9813232e-04	 8.82e-01 Accepted	 180	 210	
200	 6.2023205e-01	 +7.3951928e-02 -8.1554607e-04	 1.19e+00 Accepted	 180	 212	
201	 6.2027946e-01	 +7.5017738e-02 -8.2296763e-04	 9.04e-01 Accepted	 179	 211	
202	 6.2058229e-01	 +7.6643393e-02 +1.6839817e-03	 1.32e+00 Accepted	 181	 227	
203	 6.2065873e-01	 +7.4466566e-02 -1.4866432e-04	 1.16e+00 Accepted	 183	 211	
204	 6.2039183e-01	 +7.3168307e-02 +8.5209558e-05	 8.02e-01 Accepted	 180	 211	
205	 6.2021553e-01	 +7.6022203e-02 +1.7526872e-03	 7.59e-01 Accepted	 180	 212	
206	 6.2011406e-01	 +7.4055008e-02 -4.6793462e-04	 1.09e+00 Accepted	 180	 212	
207	 6.2025652e-01	 +7.4557380e-02 +1.5618340e-03	 1.41e+00 Accepted	 179	 211	
208	 6.2025652e-01	 +7.4557380e-02 +1.5618340e-03	 8.14e-01 Rejected	 180	 212	
209	 6.2025652e-01	 +7.4557380e-02 +1.5618340e-03	 8.43e-01 Rejected	 180	 211	
210	 6.2035803e-01	 +7.2991487e-02 -2.1503709e-03	 1.06e+00 Accepted	 181	 212	
211	 6.2041556e-01	 +7.2854977e-02 -1.0910154e-03	 8.08e-01 Accepted	 179	 212	
212	 6.2031955e-01	 +7.4515733e-02 +4.1166653e-04	 1.12e+00 Accepted	 180	 212	
213	 6.2014076e-01	 +7.5209848e-02 +6.7234642e-04	 1.14e+00 Accepted	 179	 212	
214	 6.2009978e-01	 +7.1975006e-02 +1.1573330e-04	 6.82e-01 Accepted	 179	 212	
215	 6.2018834e-01	 +7.1842614e-02 +1.1434015e-03	 8.34e-01 Accepted	 181	 220	
216	 6.2041736e-01	 +7.2022969e-02 +2.2197897e-03	 1.52e+00 Accepted	 183	 212	
217	 6.2040909e-01	 +7.1083985e-02 -1.4478067e-03	 6.82e-01 Accepted	 179	 212	
218	 6.2040909e-01	 +7.1083985e-02 -1.4478067e-03	 6.83e-01 Rejected	 180	 216	
219	 6.2036523e-01	 +6.9748315e-02 +3.9222368e-04	 8.31e-01 Accepted	 180	 213	
220	 6.2045087e-01	 +7.0104750e-02 +1.2460596e-03	 9.71e-01 Accepted	 180	 212	
221	 6.2033593e-01	 +7.1281765e-02 +1.2662266e-03	 5.18e-01 Accepted	 181	 219	
222	 6.2033593e-01	 +7.1281765e-02 +1.2662266e-03	 8.50e-01 Rejected	 182	 212	
223	 6.2049284e-01	 +7.2746320e-02 +1.1815962e-03	 1.15e+00 Accepted	 181	 212	
224	 6.2032415e-01	 +7.0494292e-02 +1.1587126e-03	 7.11e-01 Accepted	 179	 212	
225	 6.2056762e-01	 +7.2188146e-02 -5.9396447e-04	 1.15e+00 Accepted	 180	 214	
226	 6.2036271e-01	 +7.1629391e-02 -1.8244454e-03	 1.12e+00 Accepted	 183	 211	
227	 6.2049908e-01	 +7.1663405e-02 +2.4859477e-04	 1.57e+00 Accepted	 179	 211	
228	 6.2037580e-01	 +7.4371187e-02 -4.6393189e-04	 1.11e+00 Accepted	 180	 215	
229	 6.2018902e-01	 +7.3479523e-02 -7.4995715e-04	 9.06e-01 Accepted	 180	 212	
230	 6.2023652e-01	 +7.0717035e-02 -4.3230906e-04	 1.07e+00 Accepted	 180	 212	
231	 6.2023652e-01	 +7.0717035e-02 -4.3230906e-04	 7.29e-01 Rejected	 180	 212	
232	 6.2023652e-01	 +7.0717035e-02 -4.3230906e-04	 7.31e-01 Rejected	 180	 212	
233	 6.2023652e-01	 +7.0717035e-02 -4.3230906e-04	 5.91e-01 Rejected	 179	 213	
234	 6.2023652e-01	 +7.0717035e-02 -4.3230906e-04	 7.29e-01 Rejected	 180	 212	
235	 6.2043080e-01	 +7.4287461e-02 +6.3452336e-04	 1.92e+00 Accepted	 180	 213	
236	 6.2026378e-01	 +7.1246326e-02 +1.2160266e-03	 8.55e-01 Accepted	 180	 212	
237	 6.2035682e-01	 +7.1789062e-02 +4.8512820e-04	 1.14e+00 Accepted	 180	 212	
238	 6.2035792e-01	 +7.0559074e-02 +9.5804469e-04	 1.12e+00 Accepted	 180	 212	
239	 6.2038299e-01	 +7.0712666e-02 +5.0849982e-04	 1.01e+00 Accepted	 179	 212	
# Starting_type: CheckpointStart
# Trajectory_length / Number_of_MD_steps: 1 / 8
# 	 Plaquette	 Polyakov_Loop(re,im)	 Acc._Probability	 runtime_per_traj(s)	 CG_iterations	
239	 6.2038299e-01	 +7.0712666e-02 +5.0849982e-04	 1.01e+00 Accepted	 180	 212	
240	 6.2038299e-01	 +7.0712666e-02 +5.0849982e-04	 8.14e-01 Rejected	 180	 212	
241	 6.2038299e-01	 +7.0712666e-02 +5.0849982e-04	 7.92e-01 Rejected	 180	 212	
242	 6.2038339e-01	 +7.2788471e-02 +7.5574785e-05	 9.66e-01 Accepted	 180	 211	
243	 6.2021571e-01	 +6.9428808e-02 -7.7352333e-04	 1.17e+00 Accepted	 180	 212	
244	 6.2042205e-01	 +7.2717475e-02 +9.9561752e-04	 1.46e+00 Accepted	 180	 211	
245	 6.2048090e-01	 +7.6122158e-02 -1.3677920e-05	 8.49e-01 Accepted	 179	 212	
246	 6.2031651e-01	 +7.2931089e-02 +1.2657681e-04	 8.57e-01 Accepted	 180	 212	
247	 6.2014002e-01	 +7.3253086e-02 -7.1222669e-04	 8.59e-01 Accepted	 180	 212	
248	 6.2032370e-01	 +7.4620076e-02 +8.4059779e-04	 1.23e+00 Accepted	 180	 212	
249	 6.2037780e-01	 +7.4442103e-02 -2.2047862e-04	 9.89e-01 Accepted	 180	 212	
250	 6.2057961e-01	 +7.3220285e-02 +1.4512125e-03	 1.14e+00 Accepted	 180	 212	
251	 6.2057961e-01	 +7.3220285e-02 +1.4512125e-03	 7.56e-01 Rejected	 180	 216	
252	 6.2040983e-01	 +7.2131682e-02 +7.1755276e-04	 7.76e-01 Accepted	 181	 212	
253	 6.2042375e-01	 +7.3508607e-02 -4.5623126e-04	 1.54e+00 Accepted	 180	 212	
254	 6.2046053e-01	 +7.2047789e-02 -2.3391111e-04	 7.93e-01 Accepted	 181	 212	
255	 6.2038783e-01	 +7.4466113e-02 -6.3201844e-04	 8.64e-01 Accepted	 180	 211	
256	 6.2023249e-01	 +7.3440758e-02 +2.0000701e-03	 6.72e-01 Accepted	 180	 212	
257	 6.2028495e-01	 +7.1419796e-02 -4.1864412e-04	 1.04e+00 Accepted	 179	 212	
258	 6.2028495e-01	 +7.1419796e-02 -4.1864412e-04	 7.56e-01 Rejected	 181	 215	
259	 6.2035490e-01	 +7.2541355e-02 +2.7183353e-04	 1.08e+00 Accepted	 180	 212	
260	 6.2032718e-01	 +7.2574355e-02 +2.1515222e-03	 1.20e+00 Accepted	 180	 212	
261	 6.2030047e-01	 +7.0862088e-02 +3.5842696e-04	 1.28e+00 Accepted	 180	 213	
262	 6.2031202e-01	 +7.1602521e-02 +1.7887749e-03	 1.22e+00 Accepted	 180	 212	
263	 6.2031202e-01	 +7.1602521e-02 +1.7887749e-03	 8.33e-01 Rejected	 180	 213	
264	 6.2034749e-01	 +7.2171561e-02 -9.9416811e-04	 9.38e-01 Accepted	 181	 212	
265	 6.2007735e-01	 +7.1584517e-02 +6.4157079e-04	 1.03e+00 Accepted	 179	 211	
266	 6.2022883e-01	 +7.3598949e-02 +1.4447104e-03	 1.59e+00 Accepted	 182	 212	
267	 6.2022627e-01	 +7.3510116e-02 -5.1109505e-04	 9.38e-01 Accepted	 180	 219	
268	 6.2013931e-01	 +7.4084089e-02 +6.5817927e-04	 1.26e+00 Accepted	 182	 211	
269	 6.2024197e-01	 +7.1720304e-02 +5.4333071e-04	 1.21e+00 Accepted	 180	 212	
270	 6.2016421e-01	 +7.1986773e-02 -2.1399162e-03	 8.17e-01 Accepted	 181	 212	
271	 6.2016421e-01	 +7.1986773e-02 -2.1399162e-03	 6.52e-01 Rejected	 180	 211	
272	 6.2025578e-01	 +6.9770750e-02 +8.4502907e-05	 1.08e+00 Accepted	 180	 212	
273	 6.2031927e-01	 +7.1102974e-02 -6.9401953e-04	 1.11e+00 Accepted	 180	 212	
274	 6.2038948e-01	 +7.2089149e-02 -1.1692591e-03	 6.64e-01 Accepted	 180	 212	
275	 6.2020626e-01	 +6.9154403e-02 -1.5002546e-03	 9.51e-01 Accepted	 182	 229	
276	 6.2032134e-01	 +7.2643143e-02 +1.2108460e-03	 1.34e+00 Accepted	 185	 212	
277	 6.2023535e-01	 +7.2086300e-02 -2.7058955e-03	 1.12e+00 Accepted	 180	 212	
278	 6.2036708e-01	 +7.2648273e-02 -5.1170469e-04	 1.02e+00 Accepted	 180	 211	
279	 6.2021962e-01	 +6.9168513e-02 -2.2988046e-03	 7.58e-01 Accepted	 180	 212	
280	 6.2032603e-01	 +6.9741497e-02 +1.3993740e-04	 1.12e+00 Accepted	 181	 223	
281	 6.2002683e-01	 +7.0037307e-02 -1.1915266e-04	 8.23e-01 Accepted	 183	 212	
282	 6.2021991e-01	 +7.0898825e-02 +1.0851827e-04	 1.64e+00 Accepted	 181	 213	
283	 6.2008846e-01	 +7.1157103e-02 -1.6095732e-03	 9.58e-01 Accepted	 182	 213	
284	 6.2014095e-01	 +6.9916416e-02 -1.0636077e-03	 9.94e-01 Accepted	 181	 213	
285	 6.2007870e-01	 +7.3610474e-02 -1.5536940e-03	 9.65e-01 Accepted	 182	 212	
286	 6.2037001e-01	 +7.1155320e-02 -6.8476254e-04	 1.17e+00 Accepted	 181	 213	
287	 6.2031075e-01	 +7.3615365e-02 +7.8849404e-04	 9.53e-01 Accepted	 180	 211	
288	 6.2027794e-01	 +7.3308951e-02 -7.6889565e-04	 1.46e+00 Accepted	 184	 212	
289	 6.2024762e-01	 +7.1139574e-02 +3.0242087e-05	 1.07e+00 Accepted	 180	 212	
290	 6.2019070e-01	 +7.1501472e-02 -5.4034360e-05	 9.70e-01 Accepted	 181	 212	
291	 6.2028225e-01	 +7.2483518e-02 +5.2710845e-04	 9.33e-01 Accepted	 179	 212	
292	 6.2014159e-01	 +7.2527595e-02 -1.6372954e-04	 1.08e+00 Accepted	 180	 212	
293	 6.2023844e-01	 +7.0272943e-02 -1.5675427e-03	 1.64e+00 Accepted	 180	 217	
294	 6.2014378e-01	 +7.0636066e-02 +4.2960699e-04	 7.81e-01 Accepted	 183	 213	
295	 6.2037680e-01	 +7.2535716e-02 +2.6967664e-03	 1.25e+00 Accepted	 180	 212	
296	 6.2046811e-01	 +7.2764522e-02 +1.3007088e-03	 1.34e+00 Accepted	 180	 211	
297	 6.2045279e-01	 +7.1438083e-02 +1.0073921e-04	 6.14e-01 Accepted	 180	 212	
298	 6.2045279e-01	 +7.1438083e-02 +1.0073921e-04	 8.05e-01 Rejected	 180	 212	
299	 6.2033582e-01	 +7.2340637e-02 +9.9889918e-04	 9.81e-01 Accepted	 180	 211	
300	 6.2039275e-01	 +7.4772484e-02 -1.7104036e-03	 1.28e+00 Accepted	 181	 213	
301	 6.2044344e-01	 +7.2450467e-02 +3.3787795e-04	 1.23e+00 Accepted	 180	 212	
302	 6.2037878e-01	 +7.3627754e-02 -1.8253556e-04	 8.35e-01 Accepted	 179	 213	
303	 6.2031834e-01	 +7.4367425e-02 +1.5027650e-03	 6.47e-01 Accepted	 180	 212	
304	 6.2031408e-01	 +7.4463606e-02 +1.0250174e-03	 1.15e+00 Accepted	 180	 213	
305	 6.2059955e-01	 +7.4805749e-02 +3.4408897e-03	 1.56e+00 Accepted	 180	 213	
306	 6.2036297e-01	 +7.3440212e-02 +1.2463239e-04	 8.10e-01 Accepted	 180	 212	
307	 6.2061669e-01	 +7.5004297e-02 +2.2326208e-03	 1.27e+00 Accepted	 179	 211	
308	 6.2073560e-01	 +7.3166135e-02 -2.3472136e-04	 1.29e+00 Accepted	 180	 212	
309	 6.2073560e-01	 +7.3166135e-02 -2.3472136e-04	 6.64e-01 Rejected	 179	 212	
310	 6.2060289e-01	 +7.4215792e-02 +2.3041319e-04	 7.70e-01 Accepted	 179	 212	
311	 6.2053722e-01	 +7.3533913e-02 -9.1456538e-04	 1.16e+00 Accepted	 179	 212	
312	 6.2051091e-01	 +7.1347966e-02 -6.3657402e-04	 7.29e-01 Accepted	 180	 212	
313	 6.2059782e-01	 +7.2538072e-02 +2.8365661e-03	 1.11e+00 Accepted	 180	 214	
314	 6.2067795e-01	 +7.4709655e-02 -5.6346715e-05	 1.14e+00 Accepted	 181	 212	
315	 6.2058197e-01	 +7.5987346e-02 +4.3766711e-05	 9.10e-01 Accepted	 180	 222	
316	 6.2046164e-01	 +7.5330633e-02 -1.5264624e-03	 1.07e+00 Accepted	 183	 212	
317	 6.2049999e-01	 +7.3676426e-02 -6.6047497e-04	 7.79e-01 Accepted	 179	 212	
318	 6.2064771e-01	 +7.4170551e-02 +3.5361921e-04	 1.00e+00 Accepted	 180	 212	
319	 6.2067581e-01	 +7.4625001e-02 -2.2068671e-03	 1.48e+00 Accepted	 180	 212	
320	 6.2069998e-01	 +7.4138728e-02 -1.1274585e-03	 7.11e-01 Accepted	 181	 212	
321	 6.2041000e-01	 +7.6801603e-02 -1.7676200e-03	 4.88e-01 Accepted	 180	 212	
322	 6.2019870e-01	 +7.6467084e-02 -1.1309513e-03	 1.43e+00 Accepted	 180	 211	
323	 6.2026312e-01	 +7.4924401e-02 +7.9042469e-04	 1.16e+00 Accepted	 179	 211	
324	 6.2026312e-01	 +7.4924401e-02 +7.9042469e-04	 7.84e-01 Rejected	 181	 228	
325	 6.2053448e-01	 +7.4106935e-02 -2.2123114e-05	 1.59e+00 Accepted	 180	 211	
326	 6.2053448e-01	 +7.4106935e-02 -2.2123114e-05	 6.16e-01 Rejected	 181	 221	
327	 6.2047571e-01	 +7.3770682e-02 -3.6775362e-04	 1.43e+00 Accepted	 181	 224	
328	 6.2082718e-01	 +7.1355720e-02 -1.6059530e-03	 1.71e+00 Accepted	 184	 212	
329	 6.2089049e-01	 +7.3932063e-02 +9.6711766e-04	 1.31e+00 Accepted	 179	 211	
330	 6.2075942e-01	 +7.6317695e-02 -8.9742404e-04	 7.65e-01 Accepted	 180	 211	
331	 6.2066102e-01	 +7.4016436e-02 +7.9717317e-04	 8.63e-01 Accepted	 179	 212	
332	 6.2034009e-01	 +7.4665012e-02 +1.8581683e-04	 8.29e-01 Accepted	 179	 211	
333	 6.2061405e-01	 +7.3831360e-02 +6.2007371e-04	 1.54e+00 Accepted	 179	 212	
334	 6.2068357e-01	 +7.1394889e-02 +1.3966900e-03	 1.01e+00 Accepted	 179	 211	
335	 6.2084861e-01	 +7.4371688e-02 +8.4870728e-04	 1.45e+00 Accepted	 180	 212	
336	 6.2077634e-01	 +7.3320716e-02 +2.1917899e-03	 6.43e-01 Accepted	 180	 211	
337	 6.2062919e-01	 +7.4360870e-02 -3.2656584e-04	 7.17e-01 Accepted	 179	 210	
338	 6.2063305e-01	 +7.6450897e-02 -1.3863184e-03	 8.32e-01 Accepted	 179	 211	
339	 6.2038372e-01	 +7.5316998e-02 +1.2324036e-03	 5.59e-01 Accepted	 179	 211	
340	 6.2034290e-01	 +7.2556978e-02 +5.6488660e-04	 1.39e+00 Accepted	 180	 212	
341	 6.2032304e-01	 +7.2004706e-02 -9.8643697e-04	 7.88e-01 Accepted	 180	 210	
342	 6.2052448e-01	 +7.2524574e-02 -1.0101592e-03	 7.80e-01 Accepted	 181	 212	
343	 6.2055023e-01	 +7.3855951e-02 -2.2634801e-04	 1.06e+00 Accepted	 180	 215	
344	 6.2061608e-01	 +7.4598473e-02 +3.0838336e-04	 1.35e+00 Accepted	 182	 211	
345	 6.2072241e-01	 +7.2920424e-02 +1.1969916e-04	 1.05e+00 Accepted	 180	 210	
346	 6.2072241e-01	 +7.2920424e-02 +1.1969916e-04	 5.58e-01 Rejected	 180	 211	
347	 6.2081502e-01	 +7.3888511e-02 -1.7379311e-03	 8.79e-01 Accepted	 180	 212	
348	 6.2075002e-01	 +7.3881938e-02 -3.7074940e-04	 1.17e+00 Accepted	 180	 212	
349	 6.2056432e-01	 +7.5898087e-02 -1.4531257e-03	 1.08e+00 Accepted	 179	 212	
350	 6.2046991e-01	 +7.3719115e-02 -9.8292630e-04	 1.04e+00 Accepted	 181	 212	
351	 6.2039867e-01	 +7.2984125e-02 -1.8461350e-03	 1.02e+00 Accepted	 180	 212	
352	 6.2032541e-01	 +7.0642038e-02 -1.3659574e-03	 9.80e-01 Accepted	 180	 213	
353	 6.2016564e-01	 +7.0964369e-02 +1.2881755e-03	 9.23e-01 Accepted	 180	 213	
354	 6.2023042e-01	 +7.2808229e-02 +4.9104495e-04	 1.03e+00 Accepted	 181	 214	
355	 6.2026158e-01	 +7.2051532e-02 -3.3634420e-04	 9.72e-01 Accepted	 181	 211	
356	 6.2027171e-01	 +7.1385167e-02 +9.2431852e-04	 1.14e+00 Accepted	 180	 212	
357	 6.2021756e-01	 +7.0853754e-02 -7.4727255e-04	 8.51e-01 Accepted	 180	 212	
358	 6.2035785e-01	 +7.2234780e-02 +6.8743917e-04	 1.44e+00 Accepted	 180	 212	
359	 6.2056893e-01	 +7.3768904e-02 +9.7412318e-04	 1.09e+00 Accepted	 180	 212	
360	 6.2045187e-01	 +7.1000649e-02 +5.4395572e-05	 8.55e-01 Accepted	 180	 216	
361	 6.2022181e-01	 +7.3801029e-02 +2.3711106e-03	 7.92e-01 Accepted	 182	 211	
362	 6.2027798e-01	 +7.4001629e-02 -2.1868915e-03	 8.74e-01 Accepted	 180	 212	
363	 6.2011269e-01	 +7.1556746e-02 +1.3881178e-03	 8.35e-01 Accepted	 179	 212	
364	 6.2053426e-01	 +7.3718612e-02 -7.6090245e-04	 1.93e+00 Accepted	 180	 212	
365	 6.2030864e-01	 +7.2611094e-02 -6.5039397e-04	 8.55e-01 Accepted	 179	 211	
366	 6.2017294e-01	 +7.4900208e-02 -3.2659499e-04	 7.89e-01 Accepted	 181	 212	
367	 6.2017294e-01	 +7.4900208e-02 -3.2659499e-04	 7.54e-01 Rejected	 179	 211	
368	 6.2031032e-01	 +7.3376317e-02 -6.0051076e-04	 1.37e+00 Accepted	 180	 211	
369	 6.2022024e-01	 +7.4787220e-02 +6.3051000e-04	 1.07e+00 Accepted	 180	 211	
370	 6.2040593e-01	 +7.3394728e-02 -5.6743521e-04	 9.50e-01 Accepted	 180	 211	
371	 6.2040593e-01	 +7.3394728e-02 -5.6743521e-04	 8.88e-01 Rejected	 181	 217	
372	 6.2055704e-01	 +7.3994578e-02 +2.7216833e-03	 9.39e-01 Accepted	 180	 212	
373	 6.2047719e-01	 +7.5244020e-02 +2.9393689e-04	 9.53e-01 Accepted	 182	 218	
374	 6.2060555e-01	 +7.6564374e-02 -9.4837180e-04	 1.50e+00 Accepted	 183	 212	
375	 6.2056940e-01	 +7.5870017e-02 -6.6554902e-05	 5.36e-01 Accepted	 180	 212	
376	 6.2058665e-01	 +7.5036207e-02 -1.3072582e-03	 1.20e+00 Accepted	 180	 212	
377	 6.2063456e-01	 +7.4405433e-02 +3.3821445e-04	 1.39e+00 Accepted	 180	 212	
378	 6.2036798e-01	 +7.3890588e-02 +7.7861898e-04	 6.75e-01 Accepted	 179	 212	
379	 6.2036798e-01	 +7.3890588e-02 +7.7861898e-04	 9.70e-01 Rejected	 180	 212	
380	 6.2053730e-01	 +7.4986928e-02 -6.9725361e-04	 1.26e+00 Accepted	 180	 212	
381	 6.2064456e-01	 +7.2691098e-02 +3.1810956e-04	 1.47e+00 Accepted	 183	 234	
382	 6.2063223e-01	 +7.3672481e-02 -1.0415267e-03	 1.16e+00 Accepted	 185	 212	
383	 6.2063223e-01	 +7.3672481e-02 -1.0415267e-03	 5.81e-01 Rejected	 179	 211	
384	 6.2081477e-01	 +7.3568825e-02 +7.3515885e-05	 1.17e+00 Accepted	 180	 210	
385	 6.2034941e-01	 +7.5213757e-02 -9.6489800e-04	 5.49e-01 Accepted	 180	 223	
386	 6.2044541e-01	 +7.4830956e-02 -6.1431596e-04	 1.71e+00 Accepted	 185	 212	
387	 6.2053834e-01	 +7.4058395e-02 -1.6979140e-03	 9.25e-01 Accepted	 180	 212	
388	 6.2040789e-01	 +7.1475827e-02 +1.2896786e-03	 8.68e-01 Accepted	 181	 212	
389	 6.2059237e-01	 +7.3169317e-02 +9.6533063e-04	 1.08e+00 Accepted	 183	 212	
390	 6.2064939e-01	 +7.3988325e-02 +5.8740515e-04	 9.65e-01 Accepted	 180	 211	
391	 6.2064939e-01	 +7.3988325e-02 +5.8740515e-04	 5.99e-01 Rejected	 180	 211	
392	 6.2061298e-01	 +7.5698521e-02 -5.2226346e-04	 9.88e-01 Accepted	 180	 212	
393	 6.2070081e-01	 +7.4623500e-02 +1.5188291e-03	 9.26e-01 Accepted	 179	 211	
394	 6.2056635e-01	 +7.2311326e-02 -2.3715814e-04	 1.04e+00 Accepted	 179	 212	
395	 6.2059162e-01	 +7.3545305e-02 +1.3540291e-04	 8.17e-01 Accepted	 180	 211	
396	 6.2058954e-01	 +7.5447086e-02 -5.7436621e-04	 6.70e-01 Accepted	 180	 211	
397	 6.2040602e-01	 +7.4229562e-02 +1.3627313e-05	 8.26e-01 Accepted	 180	 223	
398	 6.2067253e-01	 +7.3975607e-02 +5.3939856e-04	 1.43e+00 Accepted	 182	 211	
399	 6.2031419e-01	 +7.4224981e-02 -7.7687244e-04	 7.05e-01 Accepted	 179	 211	
400	 6.2048911e-01	 +7.3786822e-02 +2.4776926e-04	 9.41e-01 Accepted	 181	 212	
401	 6.2048911e-01	 +7.3786822e-02 +2.4776926e-04	 6.83e-01 Rejected	 179	 211	
402	 6.2048911e-01	 +7.3786822e-02 +2.4776926e-04	 7.55e-01 Rejected	 182	 236	
403	 6.2038474e-01	 +7.2537608e-02 -5.6681575e-04	 8.20e-01 Accepted	 180	 211	
404	 6.2063474e-01	 +7.4041615e-02 -1.8818267e-03	 1.27e+00 Accepted	 180	 211	
405	 6.2042604e-01	 +7.7135863e-02 -4.7510303e-04	 1.07e+00 Accepted	 179	 211	
406	 6.2040776e-01	 +7.4762648e-02 +5.3574477e-05	 9.47e-01 Accepted	 180	 212	
407	 6.2047814e-01	 +7.5572490e-02 -2.1903346e-03	 1.76e+00 Accepted	 179	 211	
408	 6.2037142e-01	 +7.6288724e-02 -1.9285048e-03	 9.14e-01 Accepted	 180	 212	
409	 6.2060058e-01	 +7.6229875e-02 -1.3219475e-03	 1.54e+00 Accepted	 180	 212	
410	 6.2038628e-01	 +7.4389300e-02 -3.5488083e-05	 7.41e-01 Accepted	 180	 212	
411	 6.2066712e-01	 +7.4921231e-02 +6.7341561e-04	 1.52e+00 Accepted	 180	 212	
412	 6.2047815e-01	 +7.4233526e-02 +9.6647036e-04	 5.75e-01 Accepted	 180	 212	
413	 6.2062742e-01	 +7.3357531e-02 -2.9365571e-04	 1.52e+00 Accepted	 183	 222	
414	 6.2070957e-01	 +7.2016675e-02 -6.3752801e-04	 1.10e+00 Accepted	 185	 235	
415	 6.2076399e-01	 +7.5704615e-02 +4.6857004e-04	 6.69e-01 Accepted	 186	 212	
416	 6.2083902e-01	 +7.3498550e-02 +6.0873732e-04	 1.10e+00 Accepted	 182	 212	
417	 6.2076021e-01	 +7.2993545e-02 -2.7648667e-04	 8.18e-01 Accepted	 180	 212	
418	 6.2050508e-01	 +7.3006951e-02 -9.6992628e-04	 6.20e-01 Accepted	 181	 212	
419	 6.2046614e-01	 +7.5746794e-02 -1.0506612e-04	 9.15e-01 Accepted	 180	 212	
420	 6.2033565e-01	 +7.3297391e-02 -1.1030965e-03	 9.17e-01 Accepted	 180	 212	
421	 6.2053438e-01	 +7.6677402e-02 -4.3432395e-04	 1.06e+00 Accepted	 179	 215	
422	 6.2053438e-01	 +7.6677402e-02 -4.3432395e-04	 6.19e-01 Rejected	 181	 212	
423	 6.2031058e-01	 +7.2050049e-02 +2.2782443e-04	 9.21e-01 Accepted	 181	 212	
424	 6.2041749e-01	 +7.1849232e-02 +2.8455354e-04	 1.19e+00 Accepted	 180	 213	
425	 6.2036694e-01	 +7.3104197e-02 +1.6952943e-03	 1.20e+00 Accepted	 180	 214	
426	 6.2051845e-01	 +7.5482062e-02 -4.0188951e-04	 1.40e+00 Accepted	 181	 212	
427	 6.2055626e-01	 +7.4553442e-02 -4.6778843e-04	 7.49e-01 Accepted	 180	 211	
428	 6.2060614e-01	 +7.4571464e-02 -1.6398243e-04	 1.25e+00 Accepted	 182	 227	
429	 6.2046156e-01	 +7.5396517e-02 +3.7078628e-04	 1.03e+00 Accepted	 183	 212	
430	 6.2046156e-01	 +7.5396517e-02 +3.7078628e-04	 7.54e-01 Rejected	 180	 212	
431	 6.2043073e-01	 +7.4751456e-02 -1.8798876e-03	 1.24e+00 Accepted	 179	 212	
432	 6.2043073e-01	 +7.4751456e-02 -1.8798876e-03	 7.06e-01 Rejected	 180	 212	
433	 6.2036964e-01	 +7.3114855e-02 -1.5459578e-03	 1.06e+00 Accepted	 180	 212	
434	 6.2036964e-01	 +7.3114855e-02 -1.5459578e-03	 8.90e-01 Rejected	 179	 212	
435	 6.2049897e-01	 +7.4846880e-02 -1.3578686e-03	 1.20e+00 Accepted	 179	 211	
436	 6.2061969e-01	 +7.3056843e-02 -1.2996015e-03	 1.06e+00 Accepted	 181	 211	
437	 6.2068785e-01	 +7.5096484e-02 -8.4351176e-04	 1.43e+00 Accepted	 180	 212	
438	 6.2053961e-01	 +7.4885107e-02 -1.6396657e-03	 9.71e-01 Accepted	 180	 212	
439	 6.2030607e-01	 +7.5645522e-02 +1.0776721e-03	 6.06e-01 Accepted	 180	 211	
440	 6.2028823e-01	 +7.2514693e-02 -5.3506627e-04	 7.95e-01 Accepted	 180	 211	
441	 6.2053629e-01	 +7.3108298e-02 -2.2180085e-04	 1.12e+00 Accepted	 180	 212	
442	 6.2074385e-01	 +7.3009640e-02 -7.4100552e-04	 1.48e+00 Accepted	 180	 212	
443	 6.2058302e-01	 +7.5531312e-02 -1.6251001e-03	 7.58e-01 Accepted	 179	 211	
444	 6.2042871e-01	 +7.3715998e-02 -7.9853118e-04	 9.56e-01 Accepted	 180	 212	
445	 6.2043009e-01	 +7.5199951e-02 +8.6055906e-05	 7.97e-01 Accepted	 180	 211	
446	 6.2022225e-01	 +7.3801249e-02 +7.3871435e-04	 7.06e-01 Accepted	 183	 212	
447	 6.2005987e-01	 +7.4430299e-02 -1.5516636e-03	 6.97e-01 Accepted	 181	 229	
448	 6.2033878e-01	 +7.6008751e-02 -4.2388829e-04	 1.29e+00 Accepted	 188	 212	
449	 6.2033329e-01	 +7.7087043e-02 +2.9673314e-04	 1.25e+00 Accepted	 179	 211	
450	 6.2027547e-01	 +7.4930005e-02 +5.2767250e-05	 1.06e+00 Accepted	 180	 212	
451	 6.2027547e-01	 +7.4930005e-02 +5.2767250e-05	 7.30e-01 Rejected	 181	 212	
452	 6.2028684e-01	 +7.3558797e-02 +1.2197069e-03	 1.30e+00 Accepted	 182	 211	
453	 6.2049578e-01	 +7.2871176e-02 +1.0640086e-03	 1.28e+00 Accepted	 180	 212	
454	 6.2041989e-01	 +7.6959257e-02 -1.2143858e-03	 9.93e-01 Accepted	 180	 217	
455	 6.2027795e-01	 +7.4530723e-02 +1.7166066e-04	 1.04e+00 Accepted	 181	 213	
456	 6.2025308e-01	 +7.4083221e-02 +6.3785746e-05	 1.14e+00 Accepted	 182	 212	
457	 6.2035055e-01	 +7.1073730e-02 +4.6861173e-04	 8.36e-01 Accepted	 180	 211	
458	 6.2044636e-01	 +7.3470440e-02 -7.8009253e-04	 1.21e+00 Accepted	 180	 212	
459	 6.2028194e-01	 +7.3867835e-02 +1.2216951e-03	 7.20e-01 Accepted	 179	 211	
460	 6.2023884e-01	 +7.3475926e-02 +1.4940832e-03	 8.71e-01 Accepted	 180	 211	
461	 6.2038097e-01	 +7.4337905e-02 +1.3123006e-03	 1.29e+00 Accepted	 179	 212	
462	 6.2038207e-01	 +7.4088399e-02 -8.2321175e-04	 9.85e-01 Accepted	 179	 211	
463	 6.2041845e-01	 +7.3188884e-02 -6.4423734e-04	 8.27e-01 Accepted	 179	 211	
464	 6.2024377e-01	 +7.3589752e-02 -5.7489461e-04	 8.32e-01 Accepted	 180	 211	
465	 6.2009831e-01	 +7.3658157e-02 +5.5315299e-04	 8.63e-01 Accepted	 180	 212	
466	 6.2015306e-01	 +7.2738923e-02 +9.1743694e-04	 1.21e+00 Accepted	 181	 212	
467	 6.2025142e-01	 +7.4375705e-02 -1.1321684e-03	 1.28e+00 Accepted	 179	 212	
468	 6.2011751e-01	 +7.3706297e-02 -5.4718517e-05	 1.05e+00 Accepted	 180	 212	
469	 6.2004466e-01	 +7.2991965e-02 -1.0270830e-03	 5.46e-01 Accepted	 179	 212	
470	 6.2009693e-01	 +7.1856556e-02 +1.0408659e-03	 1.05e+00 Accepted	 180	 212	
471	 6.2014341e-01	 +7.3465623e-02 +8.6314936e-04	 1.11e+00 Accepted	 181	 212	
472	 6.1996100e-01	 +6.8575843e-02 -4.5502366e-04	 9.46e-01 Accepted	 180	 212	
473	 6.2033925e-01	 +7.1760954e-02 +4.3953084e-04	 1.52e+00 Accepted	 179	 212	
474	 6.2036801e-01	 +7.4811591e-02 -8.7259062e-04	 9.97e-01 Accepted	 180	 211	
475	 6.2031572e-01	 +7.5409334e-02 +7.7150891e-04	 1.05e+00 Accepted	 179	 211	
476	 6.2037203e-01	 +7.4856651e-02 -1.8228653e-04	 1.44e+00 Accepted	 180	 210	
477	 6.2016010e-01	 +7.8011520e-02 -3.5290545e-04	 7.87e-01 Accepted	 179	 211	
# Starting_type: CheckpointStart
# Trajectory_length / Number_of_MD_steps: 1 / 8
# 	 Plaquette	 Polyakov_Loop(re,im)	 Acc._Probability	 runtime_per_traj(s)	 CG_iterations	
477	 6.2016010e-01	 +7.8011520e-02 -3.5290545e-04	 7.87e-01 Accepted	 179	 211	
478	 6.2025606e-01	 +7.5151674e-02 -1.2604032e-03	 1.41e+00 Accepted	 179	 210	
479	 6.2034176e-01	 +7.3835933e-02 -1.1234416e-03	 9.74e-01 Accepted	 178	 211	
480	 6.2031342e-01	 +7.1918599e-02 +3.6560092e-04	 9.04e-01 Accepted	 180	 212	
481	 6.2036724e-01	 +7.5793880e-02 +6.8032107e-04	 1.43e+00 Accepted	 178	 212	
482	 6.2040158e-01	 +7.1423146e-02 +2.0540584e-04	 1.13e+00 Accepted	 180	 212	
483	 6.2051678e-01	 +7.0673049e-02 +6.2715209e-04	 8.84e-01 Accepted	 187	 221	
484	 6.2050681e-01	 +7.2794545e-02 +2.7020175e-03	 7.36e-01 Accepted	 187	 212	
485	 6.2060718e-01	 +7.2760122e-02 +1.2364438e-03	 1.08e+00 Accepted	 179	 212	
486	 6.2040828e-01	 +7.1872430e-02 -1.7660362e-03	 6.66e-01 Accepted	 180	 211	
487	 6.2030137e-01	 +7.3593807e-02 -6.5535513e-04	 8.75e-01 Accepted	 179	 211	
488	 6.2019419e-01	 +7.3771327e-02 +1.9716061e-04	 8.31e-01 Accepted	 179	 212	
489	 6.2019419e-01	 +7.3771327e-02 +1.9716061e-04	 7.19e-01 Rejected	 179	 211	
490	 6.2019419e-01	 +7.3771327e-02 +1.9716061e-04	 6.58e-01 Rejected	 182	 211	
491	 6.2043721e-01	 +7.1396315e-02 -9.4502862e-04	 9.08e-01 Accepted	 181	 211	
492	 6.2060377e-01	 +7.4366820e-02 +1.3871772e-03	 1.04e+00 Accepted	 179	 211	
493	 6.2024010e-01	 +7.5263425e-02 -9.8317163e-04	 5.08e-01 Accepted	 179	 211	
494	 6.2043361e-01	 +7.4340069e-02 +1.0154026e-03	 1.06e+00 Accepted	 179	 211	
495	 6.2024296e-01	 +7.2952566e-02 -1.7801745e-04	 7.64e-01 Accepted	 178	 211	
496	 6.2039071e-01	 +7.2905064e-02 +7.0509860e-04	 1.18e+00 Accepted	 179	 212	
497	 6.2064814e-01	 +7.3668935e-02 -5.9448054e-04	 1.56e+00 Accepted	 180	 212	
498	 6.2039066e-01	 +7.4402423e-02 -2.8704751e-04	 6.27e-01 Accepted	 180	 212	
499	 6.2040325e-01	 +7.5509923e-02 -1.1502836e-03	 1.10e+00 Accepted	 179	 212	
500	 6.2040325e-01	 +7.5509923e-02 -1.1502836e-03	 8.55e-01 Rejected	 181	 211	
501	 6.2035985e-01	 +7.4459297e-02 +7.2162154e-04	 1.06e+00 Accepted	 180	 211	
502	 6.2047716e-01	 +7.3698950e-02 -4.5050051e-04	 1.16e+00 Accepted	 179	 211	
503	 6.2047716e-01	 +7.3698950e-02 -4.5050051e-04	 7.28e-01 Rejected	 180	 215	
504	 6.2036719e-01	 +7.2655441e-02 +1.7535257e-03	 8.62e-01 Accepted	 179	 210	
505	 6.2036719e-01	 +7.2655441e-02 +1.7535257e-03	 6.38e-01 Rejected	 179	 212	
506	 6.2035374e-01	 +7.4382516e-02 -3.6065480e-04	 7.36e-01 Accepted	 179	 211	
507	 6.2041387e-01	 +7.3762773e-02 +8.4324701e-04	 8.67e-01 Accepted	 179	 210	
508	 6.2010792e-01	 +7.5714826e-02 -1.2925269e-04	 5.60e-01 Accepted	 180	 212	
509	 6.1995353e-01	 +7.4668099e-02 -2.7880514e-04	 6.59e-01 Accepted	 179	 212	
510	 6.2006870e-01	 +7.2454249e-02 -6.1201485e-04	 7.83e-01 Accepted	 180	 213	
511	 6.2009640e-01	 +7.0956434e-02 -1.6561726e-03	 1.28e+00 Accepted	 180	 212	
512	 6.2011591e-01	 +6.9517551e-02 -4.5429075e-04	 9.10e-01 Accepted	 180	 215	
513	 6.2003740e-01	 +7.1123836e-02 +2.1377275e-04	 1.29e+00 Accepted	 181	 211	
514	 6.2020710e-01	 +7.1935315e-02 -1.9855925e-03	 1.19e+00 Accepted	 180	 212	
515	 6.2016659e-01	 +7.2021129e-02 -1.0925009e-04	 1.04e+00 Accepted	 179	 212	
516	 6.1994050e-01	 +7.1966707e-02 -2.3609691e-04	 7.82e-01 Accepted	 183	 228	
517	 6.2012472e-01	 +7.3596554e-02 -6.2596689e-04	 1.85e+00 Accepted	 183	 212	
518	 6.2019886e-01	 +7.1656375e-02 -1.0077370e-03	 8.24e-01 Accepted	 180	 212	
519	 6.2003767e-01	 +7.2104164e-02 -2.6694858e-03	 6.64e-01 Accepted	 180	 212	
520	 6.2031000e-01	 +7.1909860e-02 -2.5713088e-03	 1.31e+00 Accepted	 180	 211	
521	 6.2026788e-01	 +7.2116845e-02 -6.8909671e-04	 8.58e-01 Accepted	 179	 215	
522	 6.2025853e-01	 +7.1886537e-02 -6.4524420e-04	 1.11e+00 Accepted	 181	 212	
523	 6.2011859e-01	 +7.2870788e-02 -3.7976932e-04	 7.15e-01 Accepted	 179	 211	
524	 6.2021638e-01	 +7.2271943e-02 -1.7179934e-03	 1.19e+00 Accepted	 180	 212	
525	 6.2020401e-01	 +7.4513805e-02 +1.3840504e-04	 1.78e+00 Accepted	 180	 212	
526	 6.2044019e-01	 +7.3260420e-02 +1.2179791e-03	 1.88e+00 Accepted	 179	 212	
527	 6.2042471e-01	 +7.1716508e-02 -3.4541029e-04	 9.58e-01 Accepted	 183	 212	
528	 6.2058267e-01	 +7.3367775e-02 -5.7675361e-04	 1.57e+00 Accepted	 179	 214	
529	 6.2041993e-01	 +7.3133212e-02 -8.9936913e-04	 6.39e-01 Accepted	 181	 211	
530	 6.2041993e-01	 +7.3133212e-02 -8.9936913e-04	 5.80e-01 Rejected	 179	 212	
531	 6.2041993e-01	 +7.3133212e-02 -8.9936913e-04	 5.76e-01 Rejected	 179	 212	
532	 6.2057684e-01	 +7.5875156e-02 +6.7325327e-04	 9.91e-01 Accepted	 179	 211	
533	 6.2050554e-01	 +7.3999554e-02 +3.6192647e-04	 1.33e+00 Accepted	 180	 212	
534	 6.2020482e-01	 +7.3405749e-02 -2.3664028e-04	 7.64e-01 Accepted	 180	 212	
535	 6.2035067e-01	 +7.1843274e-02 +1.5326982e-03	 1.17e+00 Accepted	 179	 212	
536	 6.2029623e-01	 +7.1791800e-02 -1.9898669e-03	 8.12e-01 Accepted	 180	 212	
537	 6.2025282e-01	 +6.9562573e-02 -1.3488140e-04	 9.50e-01 Accepted	 179	 212	
538	 6.2029392e-01	 +7.3324529e-02 -1.3330183e-04	 1.00e+00 Accepted	 180	 212	
539	 6.2023333e-01	 +7.1676972e-02 -9.8284757e-04	 1.21e+00 Accepted	 179	 212	
540	 6.2021805e-01	 +7.2576846e-02 -3.5354000e-04	 1.26e+00 Accepted	 180	 212	
541	 6.2027606e-01	 +7.0406575e-02 -1.7295467e-04	 8.36e-01 Accepted	 180	 212	
542	 6.2002249e-01	 +7.1902838e-02 -6.1316118e-05	 6.52e-01 Accepted	 180	 212	
543	 6.1983648e-01	 +7.0874275e-02 -1.4167732e-03	 6.17e-01 Accepted	 179	 212	
544	 6.2016597e-01	 +7.1526728e-02 -9.4780209e-04	 1.38e+00 Accepted	 179	 211	
545	 6.2030582e-01	 +7.2175309e-02 +1.9727221e-03	 9.06e-01 Accepted	 179	 211	
546	 6.2030582e-01	 +7.2175309e-02 +1.9727221e-03	 7.80e-01 Rejected	 180	 212	
547	 6.2049045e-01	 +7.0155928e-02 +1.0185147e-03	 1.49e+00 Accepted	 183	 212	
548	 6.2036514e-01	 +6.9622862e-02 -1.1005068e-03	 1.12e+00 Accepted	 180	 212	
549	 6.2058740e-01	 +7.0523896e-02 +2.6175489e-03	 9.49e-01 Accepted	 179	 212	
550	 6.2039393e-01	 +6.8864526e-02 +1.5520022e-03	 7.48e-01 Accepted	 180	 212	
551	 6.2039393e-01	 +6.8864526e-02 +1.5520022e-03	 8.73e-01 Rejected	 179	 212	
552	 6.2032153e-01	 +7.1179850e-02 +9.7623249e-04	 6.30e-01 Accepted	 180	 212	
553	 6.2044172e-01	 +7.1447262e-02 +1.9709286e-03	 9.12e-01 Accepted	 180	 212	
554	 6.2029740e-01	 +6.8796818e-02 +1.9453116e-03	 9.27e-01 Accepted	 180	 212	
555	 6.2034684e-01	 +6.8936390e-02 -3.3104132e-04	 1.30e+00 Accepted	 179	 212	
556	 6.2034684e-01	 +6.8936390e-02 -3.3104132e-04	 7.39e-01 Rejected	 179	 212	
557	 6.2008478e-01	 +7.1948341e-02 -4.3055560e-04	 7.98e-01 Accepted	 179	 212	
558	 6.2019240e-01	 +7.0580747e-02 +6.4056628e-04	 9.70e-01 Accepted	 180	 217	
559	 6.2016841e-01	 +7.4198385e-02 +5.7118948e-04	 7.03e-01 Accepted	 181	 212	
560	 6.2034818e-01	 +7.3733905e-02 +3.1658138e-04	 1.25e+00 Accepted	 180	 212	
561	 6.2036997e-01	 +7.1983526e-02 +1.8928475e-03	 9.82e-01 Accepted	 179	 222	
562	 6.2037149e-01	 +7.3846837e-02 +2.2772207e-03	 9.09e-01 Accepted	 182	 211	
563	 6.2030014e-01	 +7.2673867e-02 +1.0237190e-03	 9.13e-01 Accepted	 179	 211	
564	 6.2056444e-01	 +7.3487942e-02 -2.7554956e-04	 1.33e+00 Accepted	 179	 211	
565	 6.2056191e-01	 +7.2988406e-02 +1.4616853e-03	 1.11e+00 Accepted	 179	 215	
566	 6.2039466e-01	 +7.4741922e-02 -2.9755656e-04	 8.19e-01 Accepted	 181	 212	
567	 6.2064769e-01	 +7.2315789e-02 -2.4581036e-04	 1.37e+00 Accepted	 179	 212	
568	 6.2061651e-01	 +7.2897739e-02 +9.9109117e-04	 1.03e+00 Accepted	 179	 212	
569	 6.2047575e-01	 +7.3404539e-02 -1.3037184e-03	 7.65e-01 Accepted	 179	 212	
570	 6.2034642e-01	 +7.4164683e-02 -3.4011943e-04	 8.14e-01 Accepted	 180	 224	
571	 6.2034642e-01	 +7.4164683e-02 -3.4011943e-04	 6.97e-01 Rejected	 182	 211	
572	 6.2032932e-01	 +7.2949685e-02 -5.7562826e-04	 8.95e-01 Accepted	 182	 212	
573	 6.2007650e-01	 +7.3435786e-02 +9.7242780e-05	 1.08e+00 Accepted	 179	 213	
574	 6.2017070e-01	 +7.0647667e-02 -2.2298337e-04	 1.23e+00 Accepted	 179	 213	
575	 6.2042767e-01	 +7.2851741e-02 +3.4109452e-04	 1.67e+00 Accepted	 180	 223	
576	 6.2044537e-01	 +7.2843800e-02 -2.5753397e-03	 1.27e+00 Accepted	 184	 212	
577	 6.2055822e-01	 +7.1974173e-02 +3.3513331e-04	 1.20e+00 Accepted	 180	 212	
578	 6.2051909e-01	 +7.2862421e-02 -5.2965941e-04	 1.03e+00 Accepted	 180	 212	
579	 6.2051909e-01	 +7.2862421e-02 -5.2965941e-04	 7.32e-01 Rejected	 179	 212	
580	 6.2051222e-01	 +7.3637568e-02 -8.8423860e-04	 8.46e-01 Accepted	 180	 212	
581	 6.2023603e-01	 +7.4115414e-02 -3.1758362e-04	 6.71e-01 Accepted	 179	 212	
582	 6.2030400e-01	 +7.5848908e-02 -3.4301024e-03	 1.05e+00 Accepted	 179	 212	
583	 6.2030400e-01	 +7.5848908e-02 -3.4301024e-03	 7.87e-01 Rejected	 180	 212	
584	 6.2023072e-01	 +7.3653542e-02 -1.8752270e-03	 8.63e-01 Accepted	 180	 211	
585	 6.2006126e-01	 +7.2625563e-02 -8.3388115e-04	 1.11e+00 Accepted	 179	 212	
586	 6.2004250e-01	 +7.2344473e-02 -5.5085211e-04	 1.18e+00 Accepted	 180	 212	
587	 6.2014749e-01	 +7.2349655e-02 -6.8865348e-04	 1.15e+00 Accepted	 179	 212	
588	 6.2017316e-01	 +7.3486565e-02 -8.1125687e-04	 1.17e+00 Accepted	 181	 216	
589	 6.2026592e-01	 +7.4756647e-02 -4.5062911e-04	 9.23e-01 Accepted	 180	 211	
590	 6.2023112e-01	 +7.2389777e-02 -2.2103207e-04	 1.15e+00 Accepted	 180	 212	
591	 6.2023112e-01	 +7.2389777e-02 -2.2103207e-04	 7.10e-01 Rejected	 181	 217	
592	 6.2019102e-01	 +7.2088825e-02 -1.4668786e-03	 8.79e-01 Accepted	 180	 213	
593	 6.2045262e-01	 +7.1986111e-02 -1.6534849e-03	 1.11e+00 Accepted	 180	 212	
594	 6.2025045e-01	 +7.1684306e-02 -2.0603897e-03	 9.26e-01 Accepted	 180	 212	
595	 6.2043931e-01	 +6.9899541e-02 -4.6846187e-04	 1.56e+00 Accepted	 179	 212	
596	 6.2027564e-01	 +7.1257057e-02 -1.3792072e-03	 8.29e-01 Accepted	 179	 212	
597	 6.2024229e-01	 +7.0000092e-02 -2.7438340e-03	 7.13e-01 Accepted	 178	 212	
598	 6.2048647e-01	 +7.2401587e-02 -9.8397869e-04	 1.18e+00 Accepted	 181	 212	
599	 6.2060934e-01	 +7.1183356e-02 +6.1432223e-04	 1.42e+00 Accepted	 179	 212	
600	 6.2053703e-01	 +7.1586248e-02 -1.3614938e-03	 1.11e+00 Accepted	 180	 212	
601	 6.2047113e-01	 +7.5491714e-02 -1.3685733e-03	 1.41e+00 Accepted	 179	 212	
602	 6.2051638e-01	 +7.6205353e-02 -1.2266683e-03	 1.45e+00 Accepted	 180	 212	
603	 6.2067519e-01	 +7.5530419e-02 -1.0503181e-03	 1.25e+00 Accepted	 179	 212	
604	 6.2049187e-01	 +7.2944427e-02 -2.5278343e-03	 7.97e-01 Accepted	 180	 212	
605	 6.2049187e-01	 +7.2944427e-02 -2.5278343e-03	 6.01e-01 Rejected	 180	 212	
606	 6.2019492e-01	 +7.4319613e-02 +7.4898824e-04	 9.04e-01 Accepted	 179	 212	
607	 6.2041519e-01	 +7.3030781e-02 -1.0543547e-03	 1.49e+00 Accepted	 179	 211	
608	 6.2034628e-01	 +7.4190588e-02 -5.9532195e-04	 9.06e-01 Accepted	 179	 210	
609	 6.2028257e-01	 +7.4095104e-02 +5.2949959e-04	 7.90e-01 Accepted	 179	 219	
610	 6.2029587e-01	 +7.4467685e-02 -1.2369084e-03	 7.48e-01 Accepted	 181	 212	
611	 6.2045726e-01	 +7.3410286e-02 +1.8773616e-04	 9.63e-01 Accepted	 179	 212	
612	 6.2043990e-01	 +7.4972424e-02 +5.6987827e-05	 1.24e+00 Accepted	 181	 213	
613	 6.2039068e-01	 +7.2804589e-02 -2.1818194e-05	 5.40e-01 Accepted	 179	 211	
614	 6.2040443e-01	 +7.3228229e-02 +1.7830243e-04	 1.12e+00 Accepted	 180	 212	
615	 6.2024546e-01	 +7.1054430e-02 +2.0813757e-04	 1.02e+00 Accepted	 180	 212	
616	 6.2018732e-01	 +6.9859390e-02 +1.5089687e-04	 6.05e-01 Accepted	 180	 212	
617	 6.2034386e-01	 +6.8055671e-02 +1.2549627e-03	 1.13e+00 Accepted	 179	 212	
618	 6.2033820e-01	 +7.1294583e-02 +1.2263323e-03	 1.22e+00 Accepted	 180	 212	
619	 6.2061438e-01	 +6.9513860e-02 -1.1661052e-03	 1.11e+00 Accepted	 179	 211	
620	 6.2048742e-01	 +7.3185352e-02 +1.6590572e-03	 1.44e+00 Accepted	 180	 212	
621	 6.2037541e-01	 +7.4714404e-02 +2.2307605e-04	 8.75e-01 Accepted	 179	 211	
622	 6.2037253e-01	 +7.2306368e-02 +5.5938863e-04	 1.04e+00 Accepted	 179	 212	
623	 6.2038878e-01	 +7.0797760e-02 -5.9792249e-04	 9.83e-01 Accepted	 178	 210	
624	 6.2035468e-01	 +7.3351385e-02 -3.0102134e-04	 8.67e-01 Accepted	 180	 212	
625	 6.2025719e-01	 +7.0595022e-02 +1.1207467e-03	 1.21e+00 Accepted	 179	 212	
626	 6.2025719e-01	 +7.0595022e-02 +1.1207467e-03	 8.28e-01 Rejected	 180	 213	
627	 6.2033779e-01	 +7.2255279e-02 -1.2766125e-03	 8.89e-01 Accepted	 180	 212	
628	 6.2034328e-01	 +7.3925794e-02 -1.0909776e-03	 7.55e-01 Accepted	 179	 212	
629	 6.2022945e-01	 +7.3481291e-02 -1.9421066e-04	 8.84e-01 Accepted	 179	 212	
630	 6.2028801e-01	 +7.3779294e-02 -1.0135129e-03	 1.67e+00 Accepted	 180	 216	
631	 6.2059852e-01	 +7.5485815e-02 -4.8683298e-04	 8.75e-01 Accepted	 180	 212	
632	 6.2035796e-01	 +7.2761229e-02 +4.3246951e-04	 8.03e-01 Accepted	 179	 212	
633	 6.2045722e-01	 +7.3674920e-02 -1.3701919e-03	 1.09e+00 Accepted	 180	 212	
634	 6.2061726e-01	 +7.3979794e-02 -2.6285642e-04	 1.63e+00 Accepted	 180	 212	
635	 6.2074554e-01	 +7.2387250e-02 +1.5106964e-03	 1.56e+00 Accepted	 179	 212	
636	 6.2066999e-01	 +7.3867264e-02 +1.1864870e-03	 7.76e-01 Accepted	 180	 211	
637	 6.2069214e-01	 +7.4179461e-02 -3.3784724e-04	 6.94e-01 Accepted	 179	 212	
638	 6.2061122e-01	 +7.2308698e-02 +1.0724439e-05	 6.85e-01 Accepted	 179	 211	
639	 6.2073785e-01	 +7.3315339e-02 +8.1909426e-04	 1.29e+00 Accepted	 179	 212	
640	 6.2047701e-01	 +7.4178011e-02 +8.0150125e-04	 9.26e-01 Accepted	 180	 212	
641	 6.2047701e-01	 +7.4178011e-02 +8.0150125e-04	 8.43e-01 Rejected	 179	 212	
642	 6.2043452e-01	 +7.3214654e-02 +6.8270201e-05	 7.22e-01 Accepted	 179	 211	
643	 6.2062050e-01	 +7.6293826e-02 +2.2365710e-03	 1.29e+00 Accepted	 179	 211	
644	 6.2037125e-01	 +7.3942702e-02 +9.9247507e-04	 8.11e-01 Accepted	 179	 211	
645	 6.2053113e-01	 +7.4693851e-02 +9.5955374e-04	 1.11e+00 Accepted	 180	 212	
646	 6.2054300e-01	 +7.5114975e-02 +1.6015216e-03	 8.67e-01 Accepted	 179	 211	
647	 6.2060100e-01	 +7.3343506e-02 +1.0787856e-03	 8.74e-01 Accepted	 179	 211	
648	 6.2053650e-01	 +7.7188271e-02 +8.6513952e-04	 1.08e+00 Accepted	 180	 211	
649	 6.2044146e-01	 +7.4001065e-02 +2.4604922e-03	 1.01e+00 Accepted	 180	 211	
650	 6.2035384e-01	 +7.6312435e-02 +2.0508731e-03	 7.91e-01 Accepted	 181	 211	
651	 6.2026811e-01	 +7.5179942e-02 -1.5964511e-03	 7.94e-01 Accepted	 179	 210	
652	 6.2036358e-01	 +7.3207475e-02 +9.9577850e-04	 1.09e+00 Accepted	 180	 211	
653	 6.2030284e-01	 +7.4461420e-02 +2.2322852e-04	 1.09e+00 Accepted	 179	 211	
654	 6.2032424e-01	 +7.4411646e-02 -1.5477798e-04	 1.50e+00 Accepted	 180	 211	
655	 6.2050480e-01	 +7.3284291e-02 -1.0822448e-03	 1.28e+00 Accepted	 179	 211	
656	 6.2043578e-01	 +7.4587093e-02 +6.5798397e-04	 1.14e+00 Accepted	 180	 212	
657	 6.2042497e-01	 +7.5095167e-02 -4.0571322e-04	 1.04e+00 Accepted	 179	 212	
658	 6.2033258e-01	 +7.2891133e-02 -2.2184598e-03	 8.38e-01 Accepted	 180	 213	
659	 6.2023062e-01	 +7.6302105e-02 +3.0385590e-04	 7.49e-01 Accepted	 179	 212	
660	 6.2053588e-01	 +7.3585783e-02 +1.7805875e-04	 1.42e+00 Accepted	 180	 211	
661	 6.2023239e-01	 +7.3339227e-02 -9.8072172e-04	 7.01e-01 Accepted	 181	 223	
662	 6.2026952e-01	 +7.4120607e-02 -4.3651551e-04	 1.18e+00 Accepted	 184	 212	
663	 6.2014289e-01	 +7.4758962e-02 +5.2144373e-04	 7.02e-01 Accepted	 179	 212	
664	 6.2019630e-01	 +7.5056864e-02 +6.5430962e-04	 9.78e-01 Accepted	 179	 210	
665	 6.2019630e-01	 +7.5056864e-02 +6.5430962e-04	 9.27e-01 Rejected	 180	 228	
666	 6.2049800e-01	 +7.4850783e-02 +8.7576403e-04	 9.30e-01 Accepted	 179	 210	
667	 6.2049442e-01	 +7.5198628e-02 -1.0787187e-03	 7.76e-01 Accepted	 179	 211	
668	 6.2052639e-01	 +7.7051449e-02 +7.6250473e-04	 1.07e+00 Accepted	 180	 211	
669	 6.2050377e-01	 +7.6491062e-02 -1.6382004e-04	 8.65e-01 Accepted	 179	 211	
670	 6.2045179e-01	 +7.5984929e-02 -1.1948260e-04	 7.21e-01 Accepted	 179	 211	
671	 6.2039665e-01	 +7.6885031e-02 -7.4205436e-04	 9.09e-01 Accepted	 179	 210	
672	 6.2049031e-01	 +7.6021556e-02 -1.1602898e-03	 9.66e-01 Accepted	 180	 211	
673	 6.2067574e-01	 +7.6676547e-02 -2.2024568e-03	 9.54e-01 Accepted	 181	 227	
674	 6.2087973e-01	 +7.6408598e-02 +9.2131581e-04	 1.25e+00 Accepted	 183	 211	
675	 6.2078454e-01	 +7.8591836e-02 -5.4292120e-04	 8.47e-01 Accepted	 178	 211	
676	 6.2078454e-01	 +7.8591836e-02 -5.4292120e-04	 7.60e-01 Rejected	 179	 211	
677	 6.2064940e-01	 +7.7617497e-02 -8.3807842e-04	 8.08e-01 Accepted	 179	 211	
678	 6.2073439e-01	 +7.5523200e-02 -8.7469524e-04	 1.33e+00 Accepted	 180	 211	
679	 6.2053110e-01	 +7.5806681e-02 -5.5683663e-05	 8.00e-01 Accepted	 180	 212	
680	 6.2053110e-01	 +7.5806681e-02 -5.5683663e-05	 7.09e-01 Rejected	 179	 212	
681	 6.2045808e-01	 +7.3812479e-02 +8.8106868e-04	 1.37e+00 Accepted	 179	 211	
682	 6.2048208e-01	 +7.5053648e-02 +1.8969217e-05	 8.77e-01 Accepted	 181	 237	
683	 6.2039954e-01	 +7.3657051e-02 +9.6795748e-04	 9.63e-01 Accepted	 185	 219	
684	 6.2032336e-01	 +7.4153074e-02 +1.2528082e-03	 8.61e-01 Accepted	 181	 210	
685	 6.2032336e-01	 +7.4153074e-02 +1.2528082e-03	 6.25e-01 Rejected	 179	 210	
686	 6.2050688e-01	 +7.5973269e-02 +5.6187726e-04	 1.11e+00 Accepted	 179	 210	
687	 6.2036203e-01	 +7.2946859e-02 -1.1787828e-04	 7.60e-01 Accepted	 179	 212	
688	 6.2025815e-01	 +7.4122871e-02 -2.0229364e-05	 1.11e+00 Accepted	 180	 217	
689	 6.2025815e-01	 +7.4122871e-02 -2.0229364e-05	 6.35e-01 Rejected	 180	 211	
690	 6.2025575e-01	 +7.3935287e-02 +1.3462148e-03	 7.90e-01 Accepted	 184	 211	
691	 6.2010764e-01	 +7.1385047e-02 +5.0039165e-04	 1.02e+00 Accepted	 179	 211	
692	 6.1992140e-01	 +7.0801039e-02 +1.3953938e-03	 8.28e-01 Accepted	 180	 212	
693	 6.2005080e-01	 +7.0541370e-02 +9.3364557e-04	 1.04e+00 Accepted	 179	 218	
694	 6.2022787e-01	 +7.0626847e-02 +1.2342141e-03	 1.21e+00 Accepted	 183	 211	
695	 6.2028285e-01	 +7.2682138e-02 +1.9077874e-03	 9.20e-01 Accepted	 179	 212	
696	 6.2013955e-01	 +7.1082764e-02 +2.5144772e-04	 6.56e-01 Accepted	 180	 213	
697	 6.2031810e-01	 +7.3425700e-02 +8.7859007e-06	 1.52e+00 Accepted	 180	 214	
698	 6.2058480e-01	 +7.1569277e-02 -1.1621792e-03	 1.79e+00 Accepted	 181	 214	
699	 6.2069713e-01	 +7.3059386e-02 -1.0167347e-03	 1.10e+00 Accepted	 180	 213	
700	 6.2082023e-01	 +7.3452988e-02 -1.1691978e-03	 1.24e+00 Accepted	 180	 213	
701	 6.2064176e-01	 +7.4385889e-02 +1.0879832e-03	 5.87e-01 Accepted	 180	 212	
702	 6.2069669e-01	 +7.3080453e-02 -9.3822921e-04	 1.28e+00 Accepted	 180	 213	
703	 6.2069669e-01	 +7.3080453e-02 -9.3822921e-04	 6.30e-01 Rejected	 180	 212	
704	 6.2057773e-01	 +7.5588779e-02 -8.6626743e-04	 6.81e-01 Accepted	 180	 213	
705	 6.2039153e-01	 +7.6625712e-02 +1.5598064e-03	 1.36e+00 Accepted	 179	 213	
706	 6.2039153e-01	 +7.6625712e-02 +1.5598064e-03	 7.13e-01 Rejected	 180	 212	
707	 6.2039101e-01	 +7.5238149e-02 +3.2362123e-05	 6.47e-01 Accepted	 179	 213	
708	 6.2039101e-01	 +7.5238149e-02 +3.2362123e-05	 8.98e-01 Rejected	 181	 213	
709	 6.2028877e-01	 +7.3719575e-02 -4.1802465e-06	 1.08e+00 Accepted	 179	 212	
710	 6.2039990e-01	 +7.5349305e-02 +4.9874695e-04	 1.33e+00 Accepted	 179	 211	
711	 6.2042839e-01	 +7.5960367e-02 +4.3411031e-04	 1.37e+00 Accepted	 179	 211	
712	 6.2050540e-01	 +7.5726343e-02 +2.1609869e-03	 1.16e+00 Accepted	 179	 211	
713	 6.2048290e-01	 +7.5552451e-02 -2.4713363e-04	 9.06e-01 Accepted	 179	 212	
714	 6.2042221e-01	 +7.9158127e-02 +2.0158844e-03	 1.10e+00 Accepted	 183	 211	
715	 6.2034770e-01	 +7.3932722e-02 +6.9782626e-04	 8.51e-01 Accepted	 179	 212	
