# Starting_type: HotStart
# serial RNG seed: 	[25026 27788 34928 2410 55143]
# parallel RNG seed:	[10255 52966 37368 14201 5408]
# Trajectory_length / Number_of_MD_steps: 1 / 8
# 	 Plaquette	 Polyakov_Loop(re,im)	 Acc._Probability	 runtime_per_traj(s)	 CG_iterations	
1	 2.3955600e-01	 -1.3875312e-03 +2.0259015e-03	 4.25e+91 Accepted	 283	 934	
2	 3.4661649e-01	 +3.9226103e-04 +1.0524871e-03	 1.01e+55 Accepted	 374	 1126	
3	 4.1273782e-01	 +9.0439955e-04 -1.8851718e-04	 5.34e+36 Accepted	 402	 1185	
4	 4.6069844e-01	 -1.2293816e-03 -7.2361043e-04	 3.03e+26 Accepted	 407	 1191	
5	 4.9914245e-01	 +1.4517234e-03 -4.1309632e-04	 1.71e+21 Accepted	 405	 1175	
6	 5.3102631e-01	 -1.7733451e-03 +6.1185409e-04	 6.88e+17 Accepted	 396	 1162	
7	 5.5752741e-01	 +9.4390234e-04 -8.2071111e-04	 9.06e+13 Accepted	 390	 1155	
8	 5.7859721e-01	 -6.1991290e-04 +5.8286429e-04	 7.95e+10 Accepted	 387	 1120	
9	 5.9489819e-01	 +1.3101312e-03 +6.3494020e-04	 1.19e+09 Accepted	 380	 1085	
10	 6.0714535e-01	 +3.2675423e-03 +1.8582038e-03	 5.03e+06 Accepted	 372	 1050	
11	 6.1613395e-01	 +2.4273196e-03 +9.5784581e-05	 5.26e+04 Accepted	 367	 1057	
12	 6.2272686e-01	 +1.7694359e-03 +4.1276636e-04	 3.44e+03 Accepted	 362	 1041	
13	 6.2787795e-01	 +1.1190119e-03 -4.6796717e-05	 5.64e+02 Accepted	 360	 1011	
14	 6.3143864e-01	 +3.0316136e-04 -9.4719515e-04	 4.06e+01 Accepted	 345	 960	
15	 6.3428325e-01	 +6.7253302e-04 -5.9444965e-04	 4.39e+01 Accepted	 336	 982	
16	 6.3642168e-01	 +2.0331552e-03 -1.6278722e-04	 1.04e+01 Accepted	 340	 1005	
17	 6.3802407e-01	 -1.4221692e-03 -6.1024252e-04	 4.79e+00 Accepted	 338	 955	
18	 6.3936588e-01	 +1.2286754e-03 -2.7971147e-03	 5.47e+00 Accepted	 331	 927	
19	 6.4044909e-01	 +2.7288982e-03 -5.2541885e-04	 2.97e+00 Accepted	 327	 879	
20	 6.4131848e-01	 +6.3083373e-04 -4.6815562e-03	 3.99e+00 Accepted	 315	 898	
21	 6.4173432e-01	 -1.9533957e-03 -2.3211255e-03	 2.30e+00 Accepted	 318	 868	
22	 6.4228414e-01	 -2.1590207e-03 -1.7937548e-03	 1.55e+00 Accepted	 305	 802	
23	 6.4273303e-01	 -1.7150446e-03 -2.6611580e-03	 2.63e+00 Accepted	 292	 817	
24	 6.4280126e-01	 +2.5628473e-04 -2.9949872e-04	 1.61e+00 Accepted	 298	 832	
25	 6.4312090e-01	 -8.2367749e-04 -4.2617481e-03	 1.11e+00 Accepted	 292	 802	
26	 6.4359913e-01	 +3.5352554e-03 -3.1077350e-03	 1.41e+00 Accepted	 283	 792	
27	 6.4376811e-01	 +1.4011269e-03 -2.1446585e-03	 1.55e+00 Accepted	 293	 870	
28	 6.4387794e-01	 +2.6288574e-03 -6.0816724e-04	 9.07e-01 Accepted	 302	 769	
29	 6.4397419e-01	 +1.7703840e-03 -1.8111840e-03	 1.13e+00 Accepted	 273	 760	
30	 6.4414156e-01	 +8.7064575e-04 -1.4235892e-03	 6.88e-01 Accepted	 270	 760	
31	 6.4410008e-01	 +1.7555502e-03 -2.6477613e-03	 7.54e-01 Accepted	 272	 762	
32	 6.4418198e-01	 +1.8761487e-03 -1.2708995e-04	 1.82e+00 Accepted	 278	 840	
33	 6.4440759e-01	 +1.5655441e-03 -1.3077632e-03	 1.50e+00 Accepted	 288	 812	
34	 6.4440759e-01	 +1.5655441e-03 -1.3077632e-03	 6.32e-01 Rejected	 284	 788	
35	 6.4437903e-01	 +3.3596793e-03 -2.7598534e-03	 1.02e+00 Accepted	 286	 822	
36	 6.4437903e-01	 +3.3596793e-03 -2.7598534e-03	 8.59e-01 Rejected	 289	 771	
37	 6.4470097e-01	 +5.6413056e-03 -1.3695510e-03	 2.22e+00 Accepted	 291	 822	
38	 6.4464840e-01	 +3.0101924e-03 -1.7304912e-03	 3.26e-01 Accepted	 287	 771	
39	 6.4483705e-01	 +2.8200316e-03 +1.8731683e-03	 1.43e+00 Accepted	 284	 823	
40	 6.4479615e-01	 +7.1861118e-03 -3.7621907e-06	 1.64e+00 Accepted	 286	 766	
41	 6.4489777e-01	 +4.2827762e-03 +4.6973425e-04	 8.81e-01 Accepted	 276	 784	
42	 6.4490269e-01	 +5.8177032e-03 -4.1422939e-04	 7.30e-01 Accepted	 280	 780	
43	 6.4497975e-01	 +7.4415625e-03 -6.4026000e-04	 1.22e+00 Accepted	 277	 797	
44	 6.4496047e-01	 +6.6777108e-03 -1.1851303e-03	 9.13e-01 Accepted	 284	 775	
45	 6.4484690e-01	 +5.7025238e-03 +5.5789067e-04	 7.86e-01 Accepted	 281	 788	
46	 6.4468689e-01	 +7.7661462e-03 +2.2376351e-03	 8.59e-01 Accepted	 280	 772	
47	 6.4488537e-01	 +8.1559266e-03 +2.5184501e-03	 1.27e+00 Accepted	 277	 768	
48	 6.4481130e-01	 +9.9141233e-03 +9.7537369e-04	 7.61e-01 Accepted	 275	 759	
49	 6.4481130e-01	 +9.9141233e-03 +9.7537369e-04	 6.37e-01 Rejected	 272	 758	
50	 6.4493421e-01	 +7.5318757e-03 +3.4849668e-03	 1.25e+00 Accepted	 271	 759	
51	 6.4504438e-01	 +1.2440441e-02 +3.3660943e-03	 1.47e+00 Accepted	 270	 759	
52	 6.4504438e-01	 +1.2440441e-02 +3.3660943e-03	 4.89e-01 Rejected	 270	 757	
53	 6.4504438e-01	 +1.2440441e-02 +3.3660943e-03	 4.42e-01 Rejected	 270	 757	
54	 6.4513598e-01	 +1.0898073e-02 +2.4197380e-03	 9.76e-01 Accepted	 270	 757	
55	 6.4498894e-01	 +9.3097036e-03 +3.0030647e-03	 1.19e+00 Accepted	 269	 759	
56	 6.4490832e-01	 +1.1171409e-02 +2.1941239e-03	 1.16e+00 Accepted	 270	 754	
57	 6.4490832e-01	 +1.1171409e-02 +2.1941239e-03	 8.68e-01 Rejected	 269	 761	
58	 6.4505781e-01	 +1.2117051e-02 +1.7121514e-03	 1.12e+00 Accepted	 269	 762	
59	 6.4525124e-01	 +1.0697534e-02 +2.7718667e-03	 1.20e+00 Accepted	 272	 761	
60	 6.4528164e-01	 +1.2436932e-02 +5.7079840e-03	 1.43e+00 Accepted	 271	 760	
61	 6.4528164e-01	 +1.2436932e-02 +5.7079840e-03	 4.85e-01 Rejected	 270	 759	
62	 6.4530416e-01	 +1.0227996e-02 +4.5337791e-03	 8.62e-01 Accepted	 271	 759	
63	 6.4535699e-01	 +1.2099593e-02 +5.7827456e-03	 1.00e+00 Accepted	 270	 758	
64	 6.4520320e-01	 +1.5555764e-02 +3.7060370e-03	 6.54e-01 Accepted	 270	 761	
65	 6.4520320e-01	 +1.5555764e-02 +3.7060370e-03	 6.63e-01 Rejected	 271	 759	
66	 6.4502559e-01	 +1.3886326e-02 +5.0789247e-03	 1.39e+00 Accepted	 270	 759	
67	 6.4526093e-01	 +1.2333012e-02 +5.5301039e-03	 1.50e+00 Accepted	 271	 760	
68	 6.4537435e-01	 +1.2287883e-02 +4.8675303e-03	 9.60e-01 Accepted	 270	 755	
69	 6.4527376e-01	 +1.3573116e-02 +5.1558073e-03	 1.21e+00 Accepted	 269	 759	
70	 6.4493231e-01	 +1.1735519e-02 +4.5239212e-03	 5.87e-01 Accepted	 272	 760	
71	 6.4503473e-01	 +1.0554997e-02 +5.1403838e-03	 8.33e-01 Accepted	 270	 759	
72	 6.4502908e-01	 +1.2448703e-02 +5.3278903e-03	 9.99e-01 Accepted	 272	 756	
73	 6.4508515e-01	 +1.1425865e-02 +5.2812701e-03	 6.77e-01 Accepted	 271	 757	
74	 6.4533036e-01	 +1.2942978e-02 +5.9975108e-03	 1.46e+00 Accepted	 270	 757	
75	 6.4559188e-01	 +1.1616517e-02 +4.2580543e-03	 1.84e+00 Accepted	 270	 759	
76	 6.4550116e-01	 +9.4745147e-03 +4.1023399e-03	 7.04e-01 Accepted	 270	 760	
77	 6.4532863e-01	 +1.2667228e-02 +3.7712568e-03	 7.17e-01 Accepted	 271	 756	
78	 6.4505691e-01	 +1.1539606e-02 +3.2633390e-03	 1.21e+00 Accepted	 270	 757	
79	 6.4532245e-01	 +1.2643951e-02 +6.0301444e-03	 8.38e-01 Accepted	 270	 760	
80	 6.4522401e-01	 +1.2431263e-02 +6.9886668e-03	 1.08e+00 Accepted	 271	 753	
81	 6.4524045e-01	 +1.1923231e-02 +4.5248035e-03	 1.14e+00 Accepted	 269	 759	
82	 6.4528813e-01	 +1.1747634e-02 +7.8964986e-03	 1.06e+00 Accepted	 269	 756	
83	 6.4516496e-01	 +9.9867536e-03 +6.0715385e-03	 7.71e-01 Accepted	 270	 756	
84	 6.4511855e-01	 +9.7644825e-03 +6.3774301e-03	 9.78e-01 Accepted	 270	 759	
85	 6.4506265e-01	 +1.0101730e-02 +7.0696790e-03	 8.11e-01 Accepted	 279	 763	
86	 6.4492812e-01	 +1.2873942e-02 +6.3069574e-03	 1.52e+00 Accepted	 274	 759	
87	 6.4494927e-01	 +1.3886597e-02 +4.9444864e-03	 1.49e+00 Accepted	 270	 758	
88	 6.4495698e-01	 +1.2305946e-02 +5.6427334e-03	 1.01e+00 Accepted	 270	 758	
89	 6.4495698e-01	 +1.2305946e-02 +5.6427334e-03	 5.86e-01 Rejected	 270	 753	
90	 6.4505961e-01	 +1.2195710e-02 +4.3945104e-03	 1.37e+00 Accepted	 271	 760	
91	 6.4509237e-01	 +9.8212378e-03 +2.9340124e-03	 9.79e-01 Accepted	 270	 755	
92	 6.4523534e-01	 +9.7115917e-03 +3.5109859e-03	 9.74e-01 Accepted	 269	 758	
93	 6.4533395e-01	 +1.1680269e-02 +4.1019110e-03	 1.46e+00 Accepted	 270	 758	
94	 6.4533045e-01	 +1.2143990e-02 +4.6450340e-03	 1.14e+00 Accepted	 270	 755	
95	 6.4530491e-01	 +1.2344362e-02 +2.3087365e-03	 1.26e+00 Accepted	 272	 758	
96	 6.4548466e-01	 +1.3013875e-02 +2.6283739e-03	 1.31e+00 Accepted	 271	 757	
97	 6.4536828e-01	 +1.2294803e-02 +7.6580478e-04	 1.03e+00 Accepted	 269	 758	
98	 6.4536828e-01	 +1.2294803e-02 +7.6580478e-04	 5.71e-01 Rejected	 271	 757	
99	 6.4549264e-01	 +1.3080522e-02 +3.5774359e-03	 1.34e+00 Accepted	 271	 759	
100	 6.4545909e-01	 +1.1827058e-02 +1.7197779e-03	 8.65e-01 Accepted	 271	 758	
101	 6.4530463e-01	 +1.5070109e-02 +2.8571000e-03	 7.40e-01 Accepted	 271	 762	
102	 6.4532864e-01	 +1.5525920e-02 +2.6490978e-03	 8.90e-01 Accepted	 270	 759	
103	 6.4517900e-01	 +1.4275247e-02 +7.6214557e-04	 6.20e-01 Accepted	 269	 755	
104	 6.4512070e-01	 +1.4643945e-02 +1.3334667e-03	 7.39e-01 Accepted	 271	 759	
105	 6.4520212e-01	 +1.4309749e-02 -7.3138535e-04	 1.03e+00 Accepted	 271	 759	
106	 6.4510943e-01	 +1.3445215e-02 +3.0517841e-03	 8.50e-01 Accepted	 271	 757	
107	 6.4539940e-01	 +1.4711718e-02 +2.0388832e-03	 1.76e+00 Accepted	 272	 759	
108	 6.4530258e-01	 +1.7945892e-02 +2.4580810e-03	 8.72e-01 Accepted	 271	 761	
109	 6.4562564e-01	 +1.6141227e-02 +1.9719407e-03	 1.64e+00 Accepted	 271	 754	
110	 6.4560898e-01	 +1.4331131e-02 +3.2766027e-03	 8.52e-01 Accepted	 270	 758	
111	 6.4550417e-01	 +1.6885204e-02 +2.1763370e-03	 9.16e-01 Accepted	 269	 759	
112	 6.4555603e-01	 +1.9474176e-02 +2.0203462e-03	 8.87e-01 Accepted	 271	 755	
113	 6.4555603e-01	 +1.9474176e-02 +2.0203462e-03	 5.95e-01 Rejected	 272	 759	
114	 6.4554385e-01	 +1.7571998e-02 +3.1321950e-03	 1.24e+00 Accepted	 271	 756	
115	 6.4550563e-01	 +1.8807856e-02 +3.7450907e-03	 5.85e-01 Accepted	 271	 751	
116	 6.4546830e-01	 +1.9979535e-02 +2.3523397e-03	 1.02e+00 Accepted	 271	 756	
117	 6.4546830e-01	 +1.9979535e-02 +2.3523397e-03	 6.49e-01 Rejected	 270	 758	
118	 6.4544595e-01	 +1.9081474e-02 +2.0579291e-03	 7.20e-01 Accepted	 272	 755	
119	 6.4508019e-01	 +1.7566692e-02 +1.2282152e-03	 6.25e-01 Accepted	 271	 757	
120	 6.4509854e-01	 +2.1539429e-02 -6.8636159e-04	 1.34e+00 Accepted	 272	 759	
121	 6.4507430e-01	 +2.2091218e-02 -1.4818238e-03	 1.02e+00 Accepted	 272	 754	
122	 6.4518117e-01	 +2.2312435e-02 -9.0387965e-04	 1.41e+00 Accepted	 271	 755	
123	 6.4518398e-01	 +2.1368435e-02 -1.6459438e-03	 1.12e+00 Accepted	 269	 749	
124	 6.4526901e-01	 +1.8500592e-02 -2.6644682e-04	 1.08e+00 Accepted	 271	 751	
125	 6.4510134e-01	 +2.1272904e-02 -1.4079259e-03	 7.00e-01 Accepted	 270	 750	
126	 6.4507163e-01	 +1.9792286e-02 +4.7350053e-04	 1.09e+00 Accepted	 271	 753	
127	 6.4542180e-01	 +2.0442326e-02 +7.9226801e-04	 1.13e+00 Accepted	 271	 755	
128	 6.4537167e-01	 +2.2835429e-02 +1.4506368e-03	 1.12e+00 Accepted	 270	 750	
129	 6.4538948e-01	 +2.5012248e-02 +1.9813486e-04	 7.69e-01 Accepted	 270	 747	
130	 6.4552248e-01	 +2.4320093e-02 -6.0621363e-04	 1.00e+00 Accepted	 271	 759	
131	 6.4575259e-01	 +2.2550048e-02 +2.5969105e-03	 1.26e+00 Accepted	 270	 751	
132	 6.4552292e-01	 +2.3077683e-02 +3.5074747e-03	 1.06e+00 Accepted	 271	 757	
133	 6.4548412e-01	 +2.3323841e-02 +1.1345234e-03	 1.22e+00 Accepted	 270	 754	
134	 6.4554212e-01	 +2.4899415e-02 +1.9428590e-03	 1.77e+00 Accepted	 269	 754	
135	 6.4555158e-01	 +2.4449822e-02 +1.9225603e-03	 1.36e+00 Accepted	 270	 753	
136	 6.4557034e-01	 +2.4967432e-02 +4.0733263e-03	 1.08e+00 Accepted	 270	 761	
137	 6.4540044e-01	 +2.4116637e-02 +3.1951011e-03	 1.05e+00 Accepted	 269	 753	
138	 6.4544288e-01	 +2.9873504e-02 +1.9472538e-03	 5.29e-01 Accepted	 269	 750	
139	 6.4551159e-01	 +2.6603718e-02 +3.2486980e-03	 1.77e+00 Accepted	 268	 753	
140	 6.4551159e-01	 +2.6603718e-02 +3.2486980e-03	 5.23e-01 Rejected	 269	 757	
141	 6.4551159e-01	 +2.6603718e-02 +3.2486980e-03	 6.78e-01 Rejected	 270	 753	
142	 6.4534288e-01	 +2.5473134e-02 +1.9503002e-03	 8.15e-01 Accepted	 270	 751	
143	 6.4537574e-01	 +2.7167209e-02 +3.7200404e-03	 1.27e+00 Accepted	 269	 754	
144	 6.4508953e-01	 +2.6002228e-02 +1.5090187e-03	 4.72e-01 Accepted	 268	 750	
145	 6.4509509e-01	 +2.6601006e-02 +2.3863632e-03	 6.37e-01 Accepted	 270	 752	
146	 6.4537539e-01	 +2.7578590e-02 +3.5856336e-03	 1.64e+00 Accepted	 269	 751	
147	 6.4548496e-01	 +2.9689463e-02 +2.2814967e-03	 6.77e-01 Accepted	 270	 753	
148	 6.4548496e-01	 +2.9689463e-02 +2.2814967e-03	 6.16e-01 Rejected	 268	 746	
149	 6.4548496e-01	 +2.9689463e-02 +2.2814967e-03	 8.54e-01 Rejected	 269	 749	
150	 6.4552198e-01	 +2.8936029e-02 +2.0574896e-03	 6.80e-01 Accepted	 269	 750	
151	 6.4535354e-01	 +2.8434762e-02 +2.7826498e-03	 7.26e-01 Accepted	 268	 751	
# Starting_type: CheckpointStart
# Trajectory_length / Number_of_MD_steps: 1 / 8
# 	 Plaquette	 Polyakov_Loop(re,im)	 Acc._Probability	 runtime_per_traj(s)	 CG_iterations	
151	 6.4535354e-01	 +2.8434762e-02 +2.7826498e-03	 7.26e-01 Accepted	 273	 751	
152	 6.4530542e-01	 +2.9847674e-02 -5.7857580e-04	 8.96e-01 Accepted	 272	 753	
153	 6.4556857e-01	 +3.0423761e-02 +3.6348048e-05	 1.56e+00 Accepted	 271	 749	
154	 6.4539056e-01	 +3.2088220e-02 -2.3874174e-03	 9.29e-01 Accepted	 268	 750	
155	 6.4546104e-01	 +3.1250050e-02 -1.7158189e-04	 9.49e-01 Accepted	 267	 747	
156	 6.4546104e-01	 +3.1250050e-02 -1.7158189e-04	 7.64e-01 Rejected	 268	 744	
157	 6.4548306e-01	 +3.2724234e-02 +1.3490222e-03	 1.21e+00 Accepted	 268	 748	
158	 6.4558697e-01	 +3.1863098e-02 +6.6744873e-04	 1.10e+00 Accepted	 268	 746	
159	 6.4532666e-01	 +3.2211789e-02 +6.1357418e-04	 5.16e-01 Accepted	 268	 748	
160	 6.4542893e-01	 +3.0771925e-02 +2.9073284e-04	 1.51e+00 Accepted	 269	 754	
161	 6.4531355e-01	 +3.3957569e-02 +7.4594666e-04	 9.47e-01 Accepted	 267	 750	
162	 6.4524599e-01	 +3.5743813e-02 +1.7629640e-03	 9.61e-01 Accepted	 267	 749	
163	 6.4514489e-01	 +3.6985017e-02 +2.4434255e-03	 8.60e-01 Accepted	 268	 748	
164	 6.4518098e-01	 +3.6513883e-02 +5.5798203e-03	 7.88e-01 Accepted	 267	 746	
165	 6.4524485e-01	 +3.4464383e-02 +2.6300333e-03	 1.00e+00 Accepted	 268	 751	
166	 6.4531120e-01	 +3.6338130e-02 +3.8259078e-03	 1.71e+00 Accepted	 268	 753	
167	 6.4532574e-01	 +3.5939098e-02 +4.0669105e-03	 1.03e+00 Accepted	 268	 748	
168	 6.4531008e-01	 +3.8169792e-02 +2.1729724e-03	 3.34e-01 Accepted	 269	 751	
169	 6.4531008e-01	 +3.8169792e-02 +2.1729724e-03	 5.75e-01 Rejected	 267	 754	
170	 6.4531624e-01	 +3.5331057e-02 +3.4144949e-03	 9.56e-01 Accepted	 267	 749	
171	 6.4547888e-01	 +3.4510876e-02 +1.8939513e-03	 9.61e-01 Accepted	 267	 748	
172	 6.4542294e-01	 +3.6479803e-02 +2.8805891e-03	 1.16e+00 Accepted	 267	 750	
173	 6.4535538e-01	 +3.6385504e-02 +3.4445326e-03	 9.11e-01 Accepted	 267	 742	
174	 6.4563313e-01	 +3.6610631e-02 +2.9033359e-03	 1.09e+00 Accepted	 268	 751	
175	 6.4553893e-01	 +3.5298683e-02 +2.0478821e-03	 6.81e-01 Accepted	 269	 752	
176	 6.4542932e-01	 +3.7658639e-02 +1.8203606e-03	 6.66e-01 Accepted	 269	 749	
177	 6.4535234e-01	 +3.8191411e-02 +2.2825252e-03	 9.52e-01 Accepted	 270	 746	
178	 6.4539897e-01	 +3.7093968e-02 +1.4924001e-03	 8.38e-01 Accepted	 269	 750	
179	 6.4514323e-01	 +3.5858916e-02 +6.2725592e-04	 8.28e-01 Accepted	 269	 750	
180	 6.4517833e-01	 +3.8754719e-02 +2.3065271e-03	 1.80e+00 Accepted	 269	 753	
181	 6.4526248e-01	 +3.7644556e-02 +2.6272353e-03	 1.15e+00 Accepted	 267	 747	
182	 6.4530848e-01	 +4.1282699e-02 +2.8596070e-03	 1.11e+00 Accepted	 269	 741	
183	 6.4525355e-01	 +4.1737487e-02 +2.6888979e-03	 1.18e+00 Accepted	 269	 747	
184	 6.4541444e-01	 +3.9530351e-02 +3.8743521e-03	 1.14e+00 Accepted	 267	 738	
185	 6.4533222e-01	 +4.2134379e-02 +2.2930375e-03	 1.21e+00 Accepted	 268	 741	
186	 6.4546229e-01	 +4.1530061e-02 +5.2729484e-03	 1.12e+00 Accepted	 266	 744	
187	 6.4523843e-01	 +3.9281574e-02 +2.3702792e-03	 7.63e-01 Accepted	 267	 743	
188	 6.4532864e-01	 +3.9937932e-02 +1.3203032e-03	 9.20e-01 Accepted	 265	 730	
189	 6.4532864e-01	 +3.9937932e-02 +1.3203032e-03	 7.12e-01 Rejected	 265	 736	
190	 6.4533744e-01	 +4.0281573e-02 +4.1951484e-03	 5.55e-01 Accepted	 265	 735	
191	 6.4525012e-01	 +3.9264885e-02 +4.0173266e-03	 6.93e-01 Accepted	 266	 741	
192	 6.4525012e-01	 +3.9264885e-02 +4.0173266e-03	 7.48e-01 Rejected	 267	 744	
193	 6.4526312e-01	 +3.9954212e-02 +1.9691141e-03	 1.85e+00 Accepted	 266	 736	
194	 6.4532334e-01	 +4.0130827e-02 +2.6741115e-03	 1.55e+00 Accepted	 265	 748	
195	 6.4543342e-01	 +3.8621124e-02 +1.6857267e-03	 1.10e+00 Accepted	 267	 741	
196	 6.4544335e-01	 +3.9220847e-02 +3.0745986e-03	 8.04e-01 Accepted	 267	 749	
197	 6.4543374e-01	 +3.9236020e-02 +2.9386098e-03	 9.42e-01 Accepted	 267	 749	
198	 6.4531195e-01	 +4.2656741e-02 +1.6199406e-03	 5.58e-01 Accepted	 267	 749	
199	 6.4557804e-01	 +4.1007525e-02 +2.4122735e-03	 1.60e+00 Accepted	 265	 740	
200	 6.4550305e-01	 +4.4594039e-02 +1.6786611e-03	 1.19e+00 Accepted	 267	 748	
201	 6.4540844e-01	 +4.4112369e-02 +6.4532218e-04	 6.51e-01 Accepted	 266	 747	
202	 6.4538723e-01	 +4.3826145e-02 -1.3327329e-03	 2.13e+00 Accepted	 265	 742	
203	 6.4521981e-01	 +4.4075440e-02 -2.5850469e-03	 9.18e-01 Accepted	 267	 742	
204	 6.4533445e-01	 +4.4193891e-02 -2.4779782e-03	 6.69e-01 Accepted	 266	 737	
205	 6.4529296e-01	 +4.2918113e-02 -3.5900316e-04	 1.24e+00 Accepted	 265	 746	
206	 6.4532069e-01	 +4.1730086e-02 -2.5663742e-03	 1.01e+00 Accepted	 265	 739	
207	 6.4527165e-01	 +4.4378209e-02 -1.2714472e-03	 8.14e-01 Accepted	 266	 739	
208	 6.4539818e-01	 +4.8069933e-02 -1.3635222e-04	 1.70e+00 Accepted	 264	 737	
209	 6.4536737e-01	 +4.7124503e-02 +5.5693285e-04	 9.32e-01 Accepted	 264	 739	
210	 6.4550639e-01	 +4.6079503e-02 +1.3941907e-03	 1.42e+00 Accepted	 264	 732	
211	 6.4540207e-01	 +4.6672000e-02 +1.4459851e-03	 1.01e+00 Accepted	 267	 741	
212	 6.4542270e-01	 +4.7832130e-02 +2.8281010e-04	 1.05e+00 Accepted	 266	 738	
213	 6.4542270e-01	 +4.7832130e-02 +2.8281010e-04	 5.89e-01 Rejected	 265	 747	
214	 6.4537470e-01	 +4.8436360e-02 +2.7304071e-03	 9.00e-01 Accepted	 267	 743	
215	 6.4547442e-01	 +4.5521567e-02 +7.6614658e-04	 7.87e-01 Accepted	 265	 751	
216	 6.4556569e-01	 +4.6978111e-02 +1.9793084e-03	 1.57e+00 Accepted	 268	 745	
217	 6.4556569e-01	 +4.6978111e-02 +1.9793084e-03	 8.30e-01 Rejected	 266	 744	
218	 6.4538304e-01	 +4.8454836e-02 -4.0017805e-04	 7.89e-01 Accepted	 268	 747	
219	 6.4566992e-01	 +4.7966740e-02 +2.4679224e-03	 1.47e+00 Accepted	 266	 745	
220	 6.4570069e-01	 +4.7084285e-02 -4.3959285e-04	 8.36e-01 Accepted	 266	 739	
221	 6.4552839e-01	 +4.8964245e-02 +2.5492331e-03	 1.12e+00 Accepted	 264	 744	
222	 6.4536869e-01	 +4.8520737e-02 +1.3366122e-03	 7.58e-01 Accepted	 266	 744	
223	 6.4536180e-01	 +5.0476070e-02 -9.5808091e-06	 9.89e-01 Accepted	 265	 748	
224	 6.4544460e-01	 +4.9402669e-02 +4.7535536e-04	 1.27e+00 Accepted	 267	 743	
225	 6.4566470e-01	 +4.8444720e-02 -2.1073985e-03	 7.40e-01 Accepted	 267	 741	
226	 6.4569152e-01	 +4.8080552e-02 +2.2282338e-04	 1.00e+00 Accepted	 264	 736	
227	 6.4576141e-01	 +4.9387259e-02 -3.9613372e-04	 1.63e+00 Accepted	 265	 731	
228	 6.4542060e-01	 +4.9842750e-02 -1.0787639e-04	 3.05e-01 Accepted	 264	 727	
229	 6.4547501e-01	 +5.1052852e-02 +8.3066513e-04	 1.35e+00 Accepted	 262	 726	
230	 6.4547501e-01	 +5.1052852e-02 +8.3066513e-04	 9.11e-01 Rejected	 262	 724	
231	 6.4556017e-01	 +5.2519735e-02 -1.7249867e-04	 1.24e+00 Accepted	 260	 715	
232	 6.4549049e-01	 +5.2821362e-02 +6.6269084e-04	 8.69e-01 Accepted	 261	 719	
233	 6.4545251e-01	 +5.2400431e-02 +1.6294679e-03	 9.03e-01 Accepted	 260	 721	
234	 6.4564165e-01	 +5.2231943e-02 +7.0181765e-04	 1.24e+00 Accepted	 260	 714	
235	 6.4564165e-01	 +5.2231943e-02 +7.0181765e-04	 6.59e-01 Rejected	 260	 712	
236	 6.4550856e-01	 +5.7042803e-02 +1.1774214e-03	 7.91e-01 Accepted	 260	 717	
237	 6.4550856e-01	 +5.7042803e-02 +1.1774214e-03	 6.30e-01 Rejected	 259	 715	
238	 6.4560988e-01	 +5.5780176e-02 -1.9343235e-03	 9.07e-01 Accepted	 260	 725	
239	 6.4546881e-01	 +5.3778632e-02 +1.4672741e-04	 8.80e-01 Accepted	 258	 707	
240	 6.4544370e-01	 +5.6343654e-02 -3.0253187e-04	 1.57e+00 Accepted	 259	 708	
241	 6.4560746e-01	 +5.6078201e-02 +5.5278993e-04	 1.40e+00 Accepted	 257	 706	
242	 6.4570658e-01	 +5.5093360e-02 +1.0272510e-03	 1.34e+00 Accepted	 257	 707	
243	 6.4567033e-01	 +5.4665082e-02 -2.0211903e-04	 7.66e-01 Accepted	 257	 705	
244	 6.4557461e-01	 +5.9092020e-02 +8.3135864e-04	 9.49e-01 Accepted	 256	 702	
245	 6.4557461e-01	 +5.9092020e-02 +8.3135864e-04	 5.53e-01 Rejected	 255	 696	
246	 6.4551759e-01	 +5.9069279e-02 +3.6298976e-04	 8.05e-01 Accepted	 256	 706	
247	 6.4534414e-01	 +5.8023523e-02 +8.9247798e-04	 6.38e-01 Accepted	 255	 719	
248	 6.4543322e-01	 +5.9271016e-02 +6.0670813e-04	 1.64e+00 Accepted	 257	 696	
249	 6.4536502e-01	 +5.9146755e-02 -3.9205947e-04	 1.11e+00 Accepted	 254	 695	
250	 6.4552445e-01	 +5.9460639e-02 +1.0707038e-03	 1.23e+00 Accepted	 256	 708	
# Starting_type: CheckpointStart
# Trajectory_length / Number_of_MD_steps: 1 / 8
# 	 Plaquette	 Polyakov_Loop(re,im)	 Acc._Probability	 runtime_per_traj(s)	 CG_iterations	
251	 6.4553209e-01	 +6.0133908e-02 +6.8881178e-04	 1.38e+00 Accepted	 260	 713	
252	 6.4559148e-01	 +5.9955674e-02 -2.7803120e-03	 1.40e+00 Accepted	 260	 707	
253	 6.4544576e-01	 +6.0364859e-02 +9.7085153e-05	 1.10e+00 Accepted	 261	 710	
254	 6.4527594e-01	 +6.0275240e-02 -1.0285943e-03	 8.64e-01 Accepted	 254	 691	
255	 6.4533138e-01	 +5.8481059e-02 +1.7819578e-03	 1.23e+00 Accepted	 253	 686	
256	 6.4555728e-01	 +6.0679710e-02 +1.1234574e-03	 9.02e-01 Accepted	 252	 685	
257	 6.4553881e-01	 +5.9327108e-02 +7.9687154e-05	 1.15e+00 Accepted	 253	 683	
258	 6.4561899e-01	 +6.0459502e-02 +1.0287748e-03	 1.16e+00 Accepted	 252	 683	
259	 6.4561899e-01	 +6.0459502e-02 +1.0287748e-03	 7.61e-01 Rejected	 252	 690	
260	 6.4533308e-01	 +6.2478206e-02 +9.6526195e-04	 8.80e-01 Accepted	 251	 694	
261	 6.4543200e-01	 +6.4801801e-02 +1.7108742e-05	 1.40e+00 Accepted	 249	 676	
262	 6.4541926e-01	 +6.6911801e-02 -6.7967072e-06	 1.00e+00 Accepted	 249	 671	
263	 6.4541471e-01	 +6.4882890e-02 -5.4527117e-05	 9.79e-01 Accepted	 247	 672	
264	 6.4530564e-01	 +6.6783108e-02 -2.6207295e-04	 7.90e-01 Accepted	 249	 677	
265	 6.4530564e-01	 +6.6783108e-02 -2.6207295e-04	 7.93e-01 Rejected	 247	 672	
266	 6.4554817e-01	 +6.7860710e-02 -3.0649072e-04	 1.30e+00 Accepted	 249	 692	
267	 6.4554817e-01	 +6.7860710e-02 -3.0649072e-04	 6.35e-01 Rejected	 250	 692	
268	 6.4543298e-01	 +6.8329059e-02 -8.5179881e-04	 6.87e-01 Accepted	 250	 693	
269	 6.4550127e-01	 +6.7740459e-02 -4.1760014e-04	 1.21e+00 Accepted	 251	 677	
270	 6.4550127e-01	 +6.7740459e-02 -4.1760014e-04	 5.70e-01 Rejected	 254	 694	
271	 6.4549386e-01	 +6.7791662e-02 -1.7329736e-03	 1.12e+00 Accepted	 252	 685	
272	 6.4546815e-01	 +6.7363660e-02 -1.1149854e-03	 1.98e+00 Accepted	 251	 672	
273	 6.4546215e-01	 +7.0773632e-02 -3.9102815e-03	 1.40e+00 Accepted	 248	 685	
274	 6.4549623e-01	 +7.1277937e-02 -2.1431158e-03	 1.29e+00 Accepted	 252	 675	
275	 6.4541454e-01	 +7.3463798e-02 -2.7567695e-03	 1.03e+00 Accepted	 250	 678	
276	 6.4552363e-01	 +7.3630462e-02 -2.6301338e-04	 8.19e-01 Accepted	 250	 670	
277	 6.4539656e-01	 +7.2226145e-02 -6.5253665e-04	 7.87e-01 Accepted	 251	 686	
278	 6.4530011e-01	 +7.2288124e-02 -1.3458490e-04	 9.17e-01 Accepted	 249	 665	
279	 6.4530343e-01	 +6.8910135e-02 -2.4389507e-03	 6.50e-01 Accepted	 248	 655	
280	 6.4522746e-01	 +7.2215392e-02 -1.3338206e-03	 9.71e-01 Accepted	 249	 673	
281	 6.4531849e-01	 +7.4162213e-02 +1.0971641e-03	 1.08e+00 Accepted	 248	 671	
282	 6.4531849e-01	 +7.4162213e-02 +1.0971641e-03	 6.89e-01 Rejected	 248	 675	
283	 6.4521572e-01	 +7.3177296e-02 -1.3928074e-03	 7.28e-01 Accepted	 248	 673	
284	 6.4540422e-01	 +7.8620436e-02 +6.2693876e-04	 1.49e+00 Accepted	 246	 658	
285	 6.4539758e-01	 +7.6669345e-02 -4.7458023e-04	 9.90e-01 Accepted	 247	 662	
286	 6.4548495e-01	 +7.8652561e-02 +3.7034425e-04	 1.04e+00 Accepted	 243	 647	
287	 6.4553071e-01	 +7.7384236e-02 +6.4625709e-04	 9.26e-01 Accepted	 245	 667	
288	 6.4553071e-01	 +7.7384236e-02 +6.4625709e-04	 8.22e-01 Rejected	 247	 672	
289	 6.4539413e-01	 +7.6002347e-02 -8.6474326e-04	 9.81e-01 Accepted	 246	 672	
290	 6.4567116e-01	 +7.5800942e-02 -2.6313049e-03	 1.92e+00 Accepted	 245	 653	
291	 6.4567191e-01	 +7.7022225e-02 -1.9285858e-03	 1.10e+00 Accepted	 246	 674	
292	 6.4572441e-01	 +8.0398076e-02 -7.2602894e-04	 1.08e+00 Accepted	 244	 672	
293	 6.4568021e-01	 +8.1113791e-02 +6.5021752e-04	 5.67e-01 Accepted	 245	 658	
294	 6.4566159e-01	 +8.0974124e-02 -2.1326761e-03	 6.41e-01 Accepted	 245	 657	
295	 6.4555464e-01	 +8.1048912e-02 -6.5612794e-04	 1.08e+00 Accepted	 247	 671	
296	 6.4540957e-01	 +8.0484928e-02 -1.8983820e-03	 8.70e-01 Accepted	 246	 659	
297	 6.4548179e-01	 +7.9417631e-02 -9.1253251e-04	 1.53e+00 Accepted	 247	 670	
298	 6.4544399e-01	 +7.9751471e-02 +2.5653429e-05	 1.19e+00 Accepted	 247	 672	
299	 6.4544399e-01	 +7.9751471e-02 +2.5653429e-05	 7.25e-01 Rejected	 248	 671	
300	 6.4546528e-01	 +7.9508295e-02 -2.1129314e-03	 1.42e+00 Accepted	 247	 668	
301	 6.4546816e-01	 +8.2286587e-02 -7.2247289e-04	 7.25e-01 Accepted	 246	 667	
302	 6.4546657e-01	 +8.3453095e-02 -7.4311067e-04	 1.31e+00 Accepted	 247	 666	
303	 6.4552613e-01	 +8.2203827e-02 -1.1253260e-03	 1.12e+00 Accepted	 247	 665	
304	 6.4551180e-01	 +8.0574879e-02 -1.4030986e-03	 1.07e+00 Accepted	 247	 670	
305	 6.4547293e-01	 +8.0980834e-02 +1.8230821e-04	 6.95e-01 Accepted	 247	 666	
306	 6.4560193e-01	 +7.9880502e-02 -1.5218804e-04	 1.27e+00 Accepted	 246	 667	
307	 6.4532572e-01	 +8.2961856e-02 -6.4532486e-04	 6.38e-01 Accepted	 246	 663	
308	 6.4538093e-01	 +8.3140678e-02 -4.0842572e-04	 1.04e+00 Accepted	 245	 658	
309	 6.4544718e-01	 +8.4118765e-02 +1.0787486e-03	 9.71e-01 Accepted	 244	 666	
310	 6.4544718e-01	 +8.4118765e-02 +1.0787486e-03	 7.55e-01 Rejected	 246	 663	
311	 6.4548289e-01	 +8.5401333e-02 -1.7674720e-03	 9.56e-01 Accepted	 244	 659	
312	 6.4549705e-01	 +8.7595262e-02 +1.2744051e-03	 9.99e-01 Accepted	 245	 660	
313	 6.4536981e-01	 +8.7897752e-02 +7.4009163e-04	 8.09e-01 Accepted	 245	 662	
314	 6.4551789e-01	 +8.4581187e-02 -1.3454084e-04	 1.20e+00 Accepted	 245	 658	
315	 6.4536691e-01	 +8.4726676e-02 +3.0570544e-06	 1.20e+00 Accepted	 244	 658	
316	 6.4537609e-01	 +8.3419186e-02 +2.1404158e-03	 1.04e+00 Accepted	 244	 646	
317	 6.4526138e-01	 +8.7110327e-02 +1.0160397e-03	 6.73e-01 Accepted	 244	 656	
318	 6.4530738e-01	 +8.5543967e-02 +9.8735114e-04	 8.16e-01 Accepted	 242	 653	
319	 6.4538659e-01	 +8.7374760e-02 +9.0314102e-04	 1.85e+00 Accepted	 242	 651	
320	 6.4543665e-01	 +8.7795753e-02 +6.1415494e-04	 1.16e+00 Accepted	 243	 653	
321	 6.4546438e-01	 +8.7088660e-02 +1.7816818e-03	 1.02e+00 Accepted	 243	 660	
322	 6.4546438e-01	 +8.7088660e-02 +1.7816818e-03	 7.71e-01 Rejected	 245	 656	
323	 6.4561867e-01	 +8.8794816e-02 -4.4584782e-05	 1.72e+00 Accepted	 245	 660	
324	 6.4573054e-01	 +8.9772200e-02 +6.4648355e-05	 1.34e+00 Accepted	 243	 659	
325	 6.4575238e-01	 +8.8767389e-02 +1.9496910e-03	 9.83e-01 Accepted	 243	 655	
326	 6.4570460e-01	 +8.7869847e-02 +1.1924208e-03	 1.10e+00 Accepted	 244	 657	
327	 6.4558171e-01	 +9.0024679e-02 -7.6515957e-04	 1.04e+00 Accepted	 243	 651	
328	 6.4543424e-01	 +8.8259349e-02 +6.2724077e-04	 8.16e-01 Accepted	 243	 648	
329	 6.4547039e-01	 +9.1454432e-02 +1.8326011e-03	 1.71e+00 Accepted	 243	 654	
330	 6.4548683e-01	 +9.1364262e-02 +8.7263870e-04	 9.95e-01 Accepted	 243	 649	
331	 6.4562544e-01	 +9.2762763e-02 -5.5913993e-04	 1.65e+00 Accepted	 242	 651	
332	 6.4535626e-01	 +9.1636975e-02 -6.2767928e-04	 6.76e-01 Accepted	 243	 654	
333	 6.4541765e-01	 +9.3228847e-02 -2.9106780e-04	 9.66e-01 Accepted	 240	 653	
334	 6.4514845e-01	 +9.2584781e-02 +3.1336258e-04	 8.59e-01 Accepted	 242	 649	
335	 6.4524469e-01	 +9.3902534e-02 -9.1742123e-04	 1.35e+00 Accepted	 241	 656	
336	 6.4524469e-01	 +9.3902534e-02 -9.1742123e-04	 7.54e-01 Rejected	 242	 650	
337	 6.4528523e-01	 +9.2977567e-02 -5.4218569e-04	 1.40e+00 Accepted	 241	 636	
338	 6.4526748e-01	 +9.4696986e-02 +4.9204649e-04	 5.62e-01 Accepted	 241	 649	
339	 6.4516525e-01	 +9.6101752e-02 +2.2429152e-03	 8.66e-01 Accepted	 242	 648	
340	 6.4520178e-01	 +9.6237561e-02 +1.2730332e-03	 7.69e-01 Accepted	 242	 652	
341	 6.4532814e-01	 +9.8152450e-02 +8.3135498e-04	 9.71e-01 Accepted	 241	 650	
342	 6.4532814e-01	 +9.8152450e-02 +8.3135498e-04	 7.53e-01 Rejected	 241	 647	
343	 6.4540567e-01	 +9.6737313e-02 +1.0288252e-03	 1.09e+00 Accepted	 240	 644	
344	 6.4539908e-01	 +9.4988676e-02 +1.8285246e-03	 1.01e+00 Accepted	 239	 635	
345	 6.4556047e-01	 +9.7652168e-02 -3.2960889e-04	 1.14e+00 Accepted	 237	 635	
346	 6.4547255e-01	 +9.7738350e-02 +7.0361850e-04	 1.18e+00 Accepted	 238	 641	
347	 6.4547255e-01	 +9.7738350e-02 +7.0361850e-04	 7.06e-01 Rejected	 240	 646	
348	 6.4547255e-01	 +9.7738350e-02 +7.0361850e-04	 5.87e-01 Rejected	 238	 636	
349	 6.4546102e-01	 +9.6242462e-02 -2.2822346e-03	 6.86e-01 Accepted	 237	 631	
350	 6.4552008e-01	 +9.5880084e-02 +2.1309572e-04	 1.18e+00 Accepted	 237	 640	
