# Starting_type: HotStart
# serial RNG seed: 	[36313 23532 36428 47654 2025]
# parallel RNG seed:	[11319 50586 41979 65332 37582]
# Trajectory_length / Number_of_MD_steps: 1 / 8
# 	 Plaquette	 Polyakov_Loop(re,im)	 Acc._Probability	 runtime_per_traj(s)	 CG_iterations	
1	 2.2585014e-01	 -2.0824217e-04 -6.8841435e-04	 1.51e+70 Accepted	 429	 904	
2	 3.1832266e-01	 +4.7899461e-04 +1.2982813e-03	 4.77e+37 Accepted	 559	 1087	
3	 3.6960400e-01	 +1.3545255e-03 +8.1079642e-04	 2.24e+22 Accepted	 611	 1152	
4	 4.0312002e-01	 +9.4279774e-05 -4.3565657e-04	 2.95e+15 Accepted	 632	 1180	
5	 4.2727749e-01	 +8.0084050e-04 +6.2736123e-04	 2.81e+10 Accepted	 638	 1190	
6	 4.4615029e-01	 +7.0741674e-04 +5.6996427e-04	 3.37e+08 Accepted	 644	 1189	
7	 4.6182003e-01	 +7.1769453e-04 -1.8788459e-03	 2.79e+06 Accepted	 644	 1186	
8	 4.7516419e-01	 +1.4408341e-03 +5.8590289e-05	 1.10e+06 Accepted	 644	 1179	
9	 4.8691735e-01	 -3.1380553e-04 +8.7265246e-05	 3.35e+04 Accepted	 638	 1170	
10	 4.9783806e-01	 +1.0482847e-03 -1.0354527e-04	 3.29e+04 Accepted	 636	 1162	
11	 5.0768867e-01	 +1.8125747e-03 -1.1022410e-03	 9.93e+03 Accepted	 630	 1156	
12	 5.1648985e-01	 -8.2836618e-04 -7.3667027e-04	 5.50e+03 Accepted	 629	 1148	
13	 5.2442495e-01	 -7.7621158e-04 +2.2992852e-04	 1.51e+03 Accepted	 625	 1150	
14	 5.3165177e-01	 +3.2100336e-04 +3.9793663e-04	 6.10e+02 Accepted	 622	 1125	
15	 5.3808906e-01	 +1.8605435e-03 -7.6751367e-04	 4.47e+02 Accepted	 615	 1119	
16	 5.4374576e-01	 +9.2669742e-04 -9.1564176e-04	 1.60e+02 Accepted	 616	 1120	
17	 5.4865508e-01	 +1.3507482e-03 +1.1116643e-03	 6.57e+01 Accepted	 613	 1125	
18	 5.5310165e-01	 -1.3115248e-03 -1.0648864e-03	 7.80e+01 Accepted	 611	 1101	
19	 5.5685211e-01	 -1.9483780e-03 -1.5109754e-03	 2.24e+01 Accepted	 602	 1074	
20	 5.6010827e-01	 +5.6765395e-04 +3.4273273e-05	 1.78e+01 Accepted	 596	 1066	
21	 5.6253090e-01	 +8.6258628e-04 +1.5488382e-03	 1.21e+01 Accepted	 590	 1062	
22	 5.6487872e-01	 -8.8874548e-04 -1.0708551e-03	 6.71e+00 Accepted	 583	 1061	
23	 5.6671581e-01	 +2.2307021e-04 +3.9237495e-04	 6.65e+00 Accepted	 582	 1055	
24	 5.6819222e-01	 +1.7036047e-03 -5.9143919e-04	 3.76e+00 Accepted	 572	 1012	
25	 5.6982957e-01	 +1.7168930e-03 +4.0065444e-04	 2.05e+00 Accepted	 555	 995	
26	 5.7100830e-01	 +2.2239767e-03 +2.7676430e-03	 2.09e+00 Accepted	 551	 977	
27	 5.7181607e-01	 +2.3435822e-04 +1.1563163e-04	 3.37e+00 Accepted	 546	 977	
28	 5.7264414e-01	 -6.1216767e-04 +9.5265463e-04	 2.31e+00 Accepted	 552	 969	
29	 5.7308383e-01	 +3.9189229e-04 +1.6851437e-03	 1.61e+00 Accepted	 541	 949	
30	 5.7374025e-01	 -1.5308576e-03 +1.1600905e-03	 2.69e+00 Accepted	 531	 950	
31	 5.7411901e-01	 +3.0280012e-03 +3.9416542e-03	 1.65e+00 Accepted	 538	 972	
32	 5.7476810e-01	 +1.5953785e-03 -4.9755364e-04	 1.57e+00 Accepted	 531	 943	
33	 5.7511118e-01	 +1.0983484e-03 +2.4212149e-03	 1.52e+00 Accepted	 535	 892	
34	 5.7529370e-01	 +1.2659045e-03 +1.2015179e-04	 1.15e+00 Accepted	 521	 954	
35	 5.7550505e-01	 +9.7191154e-04 -1.1627505e-04	 1.34e+00 Accepted	 534	 953	
36	 5.7557138e-01	 +1.8267285e-03 -6.0558398e-04	 9.80e-01 Accepted	 517	 882	
37	 5.7566108e-01	 +2.3127823e-03 -1.2097697e-03	 1.26e+00 Accepted	 521	 935	
38	 5.7603183e-01	 +2.4352369e-03 -3.6408298e-04	 1.66e+00 Accepted	 530	 963	
39	 5.7613498e-01	 +6.0378474e-04 -4.8767903e-04	 7.64e-01 Accepted	 539	 953	
40	 5.7621054e-01	 +2.0156599e-03 +7.7713418e-05	 1.19e+00 Accepted	 512	 911	
41	 5.7611894e-01	 +1.3036583e-03 +7.4579415e-04	 7.34e-01 Accepted	 505	 910	
42	 5.7646149e-01	 +1.8325985e-04 -2.9933120e-04	 1.19e+00 Accepted	 506	 876	
43	 5.7662129e-01	 +1.0696196e-03 -6.7151457e-04	 8.56e-01 Accepted	 505	 913	
44	 5.7662129e-01	 +1.0696196e-03 -6.7151457e-04	 5.81e-01 Rejected	 505	 865	
45	 5.7683356e-01	 +2.9765560e-03 -6.2752309e-04	 8.91e-01 Accepted	 520	 859	
46	 5.7664577e-01	 +3.1426863e-03 -9.0800126e-05	 1.31e+00 Accepted	 496	 872	
47	 5.7676631e-01	 +1.1032854e-03 +1.4245227e-03	 1.52e+00 Accepted	 503	 904	
48	 5.7680415e-01	 +1.4295547e-03 -3.7901191e-05	 4.36e-01 Accepted	 508	 841	
49	 5.7674542e-01	 +1.2759884e-03 -4.8457356e-04	 1.05e+00 Accepted	 480	 819	
50	 5.7670768e-01	 +1.7131838e-03 -9.7832623e-04	 7.50e-01 Accepted	 476	 847	
51	 5.7681867e-01	 +4.1345119e-04 -1.0584529e-03	 1.43e+00 Accepted	 474	 833	
52	 5.7690296e-01	 +6.2899792e-04 -1.9779792e-03	 6.42e-01 Accepted	 476	 832	
53	 5.7690296e-01	 +6.2899792e-04 -1.9779792e-03	 5.02e-01 Rejected	 467	 787	
54	 5.7736990e-01	 +2.3621283e-03 -2.8912016e-03	 1.63e+00 Accepted	 472	 828	
55	 5.7730583e-01	 +2.7870873e-04 -1.5286915e-03	 7.84e-01 Accepted	 473	 839	
56	 5.7742424e-01	 +2.4629876e-03 -1.5687691e-03	 1.07e+00 Accepted	 477	 826	
57	 5.7773895e-01	 +4.0743930e-03 -2.0490240e-03	 1.44e+00 Accepted	 467	 819	
58	 5.7755497e-01	 +2.4534253e-03 -1.8957258e-03	 5.01e-01 Accepted	 474	 897	
59	 5.7770417e-01	 +2.2430778e-03 -1.6565353e-03	 1.70e+00 Accepted	 497	 857	
60	 5.7756371e-01	 +1.6090312e-03 -2.6021746e-03	 9.89e-01 Accepted	 485	 834	
61	 5.7743510e-01	 -1.9440219e-04 -2.2554020e-03	 6.60e-01 Accepted	 469	 815	
62	 5.7743510e-01	 -1.9440219e-04 -2.2554020e-03	 4.40e-01 Rejected	 473	 828	
63	 5.7734987e-01	 +1.6026014e-03 +5.5489992e-04	 8.50e-01 Accepted	 473	 827	
64	 5.7739697e-01	 +2.1298972e-03 -2.6940110e-03	 9.52e-01 Accepted	 476	 841	
65	 5.7739697e-01	 +2.1298972e-03 -2.6940110e-03	 7.88e-01 Rejected	 477	 849	
66	 5.7734364e-01	 +1.3963900e-03 -1.6777251e-03	 5.74e-01 Accepted	 483	 871	
67	 5.7769517e-01	 +3.3019694e-03 -2.4416064e-03	 1.68e+00 Accepted	 498	 857	
68	 5.7744775e-01	 +2.2941336e-03 -3.1382876e-03	 6.54e-01 Accepted	 489	 825	
69	 5.7741448e-01	 +4.1504844e-03 -1.6883650e-03	 1.18e+00 Accepted	 472	 805	
70	 5.7735402e-01	 +2.6595719e-03 -1.3465050e-03	 8.53e-01 Accepted	 458	 795	
71	 5.7750176e-01	 +4.3197821e-03 -9.6641573e-04	 9.23e-01 Accepted	 456	 799	
72	 5.7771678e-01	 +3.1080293e-03 -5.2082639e-04	 6.54e-01 Accepted	 459	 784	
73	 5.7777611e-01	 +1.6560595e-03 -9.0745087e-04	 1.28e+00 Accepted	 461	 786	
74	 5.7777026e-01	 +2.3280572e-03 +3.0644053e-04	 1.20e+00 Accepted	 452	 781	
75	 5.7793722e-01	 +1.2929784e-03 -2.4577250e-03	 1.20e+00 Accepted	 450	 766	
76	 5.7811267e-01	 +7.7350203e-04 -7.3764022e-04	 8.04e-01 Accepted	 453	 792	
77	 5.7780702e-01	 +1.9995839e-03 -8.1680470e-04	 6.29e-01 Accepted	 451	 790	
78	 5.7780702e-01	 +1.9995839e-03 -8.1680470e-04	 8.26e-01 Rejected	 456	 780	
79	 5.7792001e-01	 +1.5281775e-03 -4.7462854e-04	 1.21e+00 Accepted	 455	 805	
80	 5.7796065e-01	 +1.6485732e-03 -2.3123000e-03	 9.93e-01 Accepted	 469	 802	
81	 5.7796065e-01	 +1.6485732e-03 -2.3123000e-03	 4.78e-01 Rejected	 464	 798	
82	 5.7778934e-01	 +3.5709082e-03 -2.2758059e-03	 8.78e-01 Accepted	 458	 765	
