# Starting_type: HotStart
# serial RNG seed: 	[37310 29347 7387 62367 5104]
# parallel RNG seed:	[42654 37621 26835 46917 49745]
# Trajectory_length / Number_of_MD_steps: 1 / 8
# 	 Plaquette	 Polyakov_Loop(re,im)	 Acc._Probability	 runtime_per_traj(s)	 CG_iterations	
1	 2.1458779e-01	 +1.7919833e-03 -1.2795680e-03	 1.75e+52 Accepted	 354	 638	
2	 2.9678616e-01	 +6.8647347e-05 -3.7010120e-04	 2.50e+23 Accepted	 393	 648	
3	 3.3823087e-01	 -1.0914772e-04 -1.2380876e-03	 5.69e+12 Accepted	 396	 642	
4	 3.6217549e-01	 -9.7266784e-04 -1.2241894e-03	 1.05e+08 Accepted	 393	 636	
5	 3.7686303e-01	 +1.1344447e-03 +1.3024017e-03	 9.08e+04 Accepted	 389	 633	
6	 3.8670737e-01	 -1.1288016e-03 +7.6492430e-05	 1.52e+03 Accepted	 388	 629	
7	 3.9335950e-01	 +2.7521779e-04 -2.9940768e-04	 1.55e+02 Accepted	 386	 627	
8	 3.9853036e-01	 +1.3279361e-03 -1.3829090e-03	 4.25e+01 Accepted	 386	 626	
9	 4.0207673e-01	 -5.8422343e-04 +5.1183531e-04	 3.07e+01 Accepted	 386	 624	
10	 4.0474226e-01	 +1.4043995e-05 -2.8396707e-04	 1.45e+01 Accepted	 387	 624	
11	 4.0705273e-01	 +1.7118552e-04 +4.6223408e-04	 1.26e+01 Accepted	 387	 622	
12	 4.0849520e-01	 -9.5778381e-04 -1.8187365e-03	 2.11e+00 Accepted	 385	 622	
13	 4.1010002e-01	 +1.0122897e-03 +1.9052200e-03	 4.76e+00 Accepted	 385	 622	
14	 4.1107859e-01	 +2.2106742e-04 +5.4793430e-04	 2.97e+00 Accepted	 387	 622	
15	 4.1215120e-01	 +1.9775172e-04 -1.6504006e-03	 2.35e+00 Accepted	 386	 621	
16	 4.1272560e-01	 -2.1655478e-03 -9.3202532e-04	 1.45e+00 Accepted	 385	 620	
17	 4.1330635e-01	 -1.0534592e-03 -1.1213180e-03	 2.81e+00 Accepted	 385	 620	
18	 4.1364776e-01	 +3.7678796e-04 +8.4058049e-04	 8.71e-01 Accepted	 384	 620	
19	 4.1423052e-01	 +4.0159647e-04 +2.7831064e-04	 1.76e+00 Accepted	 383	 619	
20	 4.1445384e-01	 +3.9129482e-04 -2.4942268e-03	 3.03e+00 Accepted	 385	 619	
21	 4.1480847e-01	 +1.4758790e-03 +1.9012296e-05	 1.46e+00 Accepted	 384	 620	
22	 4.1493479e-01	 +8.8916161e-05 -6.0926522e-04	 1.30e+00 Accepted	 384	 619	
23	 4.1495556e-01	 +7.4002961e-04 -9.7825746e-04	 7.81e-01 Accepted	 383	 620	
24	 4.1463381e-01	 +1.2966552e-03 +1.4839763e-04	 1.06e+00 Accepted	 383	 620	
25	 4.1484918e-01	 -1.6762138e-03 -5.2858883e-04	 1.01e+00 Accepted	 384	 619	
26	 4.1511290e-01	 +9.3693783e-04 -5.4851733e-04	 1.11e+00 Accepted	 384	 619	
27	 4.1542188e-01	 +1.0784510e-03 +4.2143905e-04	 1.20e+00 Accepted	 384	 620	
28	 4.1546487e-01	 -2.7841558e-04 +1.2812434e-03	 8.07e-01 Accepted	 384	 619	
29	 4.1546487e-01	 -2.7841558e-04 +1.2812434e-03	 8.56e-01 Rejected	 383	 619	
30	 4.1528886e-01	 +8.2736331e-04 -1.2778052e-03	 8.75e-01 Accepted	 383	 619	
31	 4.1528886e-01	 +8.2736331e-04 -1.2778052e-03	 5.55e-01 Rejected	 383	 619	
32	 4.1528886e-01	 +8.2736331e-04 -1.2778052e-03	 6.43e-01 Rejected	 383	 620	
33	 4.1504231e-01	 -1.0013231e-03 +8.2714429e-04	 1.19e+00 Accepted	 383	 619	
34	 4.1488668e-01	 +4.3963408e-04 -3.9431753e-04	 9.78e-01 Accepted	 385	 619	
35	 4.1496607e-01	 -4.0846282e-04 -7.8483525e-04	 1.40e+00 Accepted	 382	 619	
36	 4.1497543e-01	 +7.1240577e-04 -6.8185471e-05	 6.61e-01 Accepted	 384	 620	
37	 4.1502744e-01	 -1.4143514e-03 -1.2100222e-03	 1.23e+00 Accepted	 383	 619	
38	 4.1542524e-01	 -1.2721424e-04 +1.0318265e-03	 1.36e+00 Accepted	 385	 619	
39	 4.1537803e-01	 +2.3244482e-04 -1.8978498e-04	 8.06e-01 Accepted	 384	 619	
40	 4.1537803e-01	 +2.3244482e-04 -1.8978498e-04	 6.74e-01 Rejected	 384	 619	
41	 4.1509784e-01	 -1.3839766e-03 +1.3969812e-04	 8.42e-01 Accepted	 382	 619	
42	 4.1528887e-01	 -1.3542876e-03 -9.0558419e-04	 1.19e+00 Accepted	 382	 619	
43	 4.1551826e-01	 +8.8089191e-04 -1.9846750e-03	 1.00e+00 Accepted	 383	 619	
44	 4.1551826e-01	 +8.8089191e-04 -1.9846750e-03	 9.12e-01 Rejected	 385	 619	
45	 4.1569451e-01	 +3.9410971e-04 +8.1550191e-04	 1.11e+00 Accepted	 384	 619	
46	 4.1569451e-01	 +3.9410971e-04 +8.1550191e-04	 7.87e-01 Rejected	 386	 619	
47	 4.1549544e-01	 -8.7658700e-04 +1.2508996e-03	 1.60e+00 Accepted	 383	 619	
48	 4.1549865e-01	 +1.2745548e-03 +4.4689352e-04	 8.62e-01 Accepted	 385	 619	
49	 4.1549661e-01	 +1.1687388e-03 +2.2515058e-03	 1.19e+00 Accepted	 384	 620	
50	 4.1549661e-01	 +1.1687388e-03 +2.2515058e-03	 6.58e-01 Rejected	 385	 619	
51	 4.1540709e-01	 -5.4227056e-04 +2.0763657e-03	 8.94e-01 Accepted	 384	 619	
52	 4.1536508e-01	 +2.3393102e-03 +4.6042076e-04	 7.42e-01 Accepted	 385	 619	
53	 4.1557123e-01	 +1.0689817e-04 -1.1333367e-03	 4.70e-01 Accepted	 384	 620	
54	 4.1560321e-01	 -2.2348455e-03 -2.5761646e-04	 1.28e+00 Accepted	 384	 619	
55	 4.1560321e-01	 -2.2348455e-03 -2.5761646e-04	 5.60e-01 Rejected	 384	 619	
56	 4.1556162e-01	 +2.4379385e-04 +2.9257931e-04	 7.79e-01 Accepted	 385	 619	
57	 4.1543442e-01	 +2.2704606e-03 +7.2348706e-04	 8.93e-01 Accepted	 384	 619	
58	 4.1541406e-01	 +1.0471688e-03 -5.8367501e-04	 1.65e+00 Accepted	 385	 619	
59	 4.1543852e-01	 +8.2554462e-04 -1.3617278e-05	 9.43e-01 Accepted	 383	 619	
60	 4.1543852e-01	 +8.2554462e-04 -1.3617278e-05	 6.58e-01 Rejected	 386	 619	
61	 4.1517193e-01	 +1.4203117e-03 -6.2998931e-04	 1.16e+00 Accepted	 384	 620	
62	 4.1514906e-01	 -2.4920400e-04 -9.5683593e-04	 9.83e-01 Accepted	 383	 619	
63	 4.1512283e-01	 -7.2554044e-04 +5.0683839e-04	 1.67e+00 Accepted	 385	 619	
64	 4.1502548e-01	 +2.1508010e-03 +3.7444947e-04	 1.07e+00 Accepted	 385	 620	
65	 4.1504649e-01	 +1.8305994e-03 +9.3078575e-04	 1.75e+00 Accepted	 384	 619	
66	 4.1500837e-01	 -1.0449738e-04 +2.4762363e-04	 1.33e+00 Accepted	 385	 619	
67	 4.1500837e-01	 -1.0449738e-04 +2.4762363e-04	 7.36e-01 Rejected	 383	 619	
68	 4.1506331e-01	 +8.0038543e-05 -7.8604502e-05	 1.40e+00 Accepted	 384	 620	
69	 4.1512422e-01	 +3.0747072e-03 +2.0573421e-04	 1.55e+00 Accepted	 383	 619	
70	 4.1533607e-01	 -3.9890325e-04 +3.9001551e-04	 1.16e+00 Accepted	 384	 619	
71	 4.1557727e-01	 +6.3313934e-04 -6.4613321e-04	 1.25e+00 Accepted	 383	 619	
72	 4.1553565e-01	 +1.4961470e-03 -2.1767719e-03	 8.51e-01 Accepted	 385	 619	
73	 4.1521965e-01	 +7.8250031e-05 -1.3640631e-03	 7.86e-01 Accepted	 383	 620	
74	 4.1516013e-01	 -5.8178739e-04 +1.1944893e-03	 6.17e-01 Accepted	 383	 619	
75	 4.1492876e-01	 -1.6731401e-04 -9.3225723e-04	 1.20e+00 Accepted	 384	 620	
76	 4.1493948e-01	 +1.9516565e-03 -6.5367222e-04	 1.20e+00 Accepted	 386	 619	
77	 4.1458470e-01	 +2.3536523e-04 +9.4043145e-04	 6.74e-01 Accepted	 383	 619	
78	 4.1478781e-01	 +8.4459583e-05 -3.8427441e-05	 1.02e+00 Accepted	 384	 620	
79	 4.1504565e-01	 +2.4373764e-03 -5.9899439e-04	 1.26e+00 Accepted	 383	 620	
80	 4.1548134e-01	 -4.5765404e-04 -9.8841497e-04	 2.46e+00 Accepted	 385	 619	
81	 4.1556314e-01	 +4.2215481e-04 -3.8211445e-04	 1.40e+00 Accepted	 385	 620	
82	 4.1556314e-01	 +4.2215481e-04 -3.8211445e-04	 7.67e-01 Rejected	 384	 620	
83	 4.1571856e-01	 +3.2538667e-04 +3.0142610e-05	 1.15e+00 Accepted	 382	 619	
84	 4.1571856e-01	 +3.2538667e-04 +3.0142610e-05	 6.23e-01 Rejected	 384	 619	
85	 4.1591864e-01	 +1.0278519e-03 +6.7194384e-04	 1.35e+00 Accepted	 383	 619	
86	 4.1591864e-01	 +1.0278519e-03 +6.7194384e-04	 6.15e-01 Rejected	 385	 619	
87	 4.1603281e-01	 -1.6406111e-05 -4.2361952e-04	 9.33e-01 Accepted	 382	 619	
88	 4.1590170e-01	 +4.9339431e-04 +4.0884799e-04	 6.21e-01 Accepted	 385	 619	
89	 4.1590379e-01	 +1.0502716e-03 +1.0848965e-03	 1.37e+00 Accepted	 383	 619	
90	 4.1598519e-01	 -2.1547028e-03 +5.6037168e-04	 1.09e+00 Accepted	 386	 619	
91	 4.1584328e-01	 +5.9505662e-04 +7.7246588e-05	 5.70e-01 Accepted	 384	 619	
92	 4.1605112e-01	 +1.7733250e-03 +3.1649382e-04	 8.28e-01 Accepted	 385	 619	
93	 4.1605112e-01	 +1.7733250e-03 +3.1649382e-04	 7.96e-01 Rejected	 384	 619	
94	 4.1577035e-01	 +1.2522733e-03 +5.0426624e-05	 3.51e-01 Accepted	 384	 619	
95	 4.1577035e-01	 +1.2522733e-03 +5.0426624e-05	 5.69e-01 Rejected	 384	 619	
96	 4.1577035e-01	 +1.2522733e-03 +5.0426624e-05	 5.05e-01 Rejected	 385	 619	
97	 4.1579758e-01	 -1.4410710e-03 +1.1801043e-03	 1.24e+00 Accepted	 384	 619	
98	 4.1593098e-01	 -3.7687120e-04 +1.3445593e-03	 1.03e+00 Accepted	 383	 619	
99	 4.1597890e-01	 +5.3176939e-04 -1.3437805e-03	 9.77e-01 Accepted	 384	 619	
100	 4.1597477e-01	 +3.6951231e-04 +6.6749300e-04	 1.32e+00 Accepted	 384	 619	
101	 4.1573088e-01	 +2.0559142e-03 +1.7573741e-03	 7.68e-01 Accepted	 385	 619	
102	 4.1571494e-01	 +1.2520210e-03 +7.1888325e-04	 6.80e-01 Accepted	 385	 619	
103	 4.1553662e-01	 -1.2125233e-03 +1.2812094e-05	 9.37e-01 Accepted	 385	 619	
104	 4.1554327e-01	 -2.9750981e-04 +4.8940862e-04	 9.43e-01 Accepted	 385	 619	
105	 4.1529352e-01	 +3.1538043e-04 +8.7464833e-05	 6.55e-01 Accepted	 384	 619	
106	 4.1526687e-01	 +4.0090041e-04 +3.3024216e-04	 1.26e+00 Accepted	 384	 620	
107	 4.1536923e-01	 +1.3015609e-03 -1.7099625e-03	 6.97e-01 Accepted	 383	 619	
108	 4.1563668e-01	 +2.2944102e-04 -1.1934594e-03	 9.65e-01 Accepted	 384	 619	
109	 4.1543950e-01	 -7.4460808e-04 -1.2353791e-04	 9.11e-01 Accepted	 384	 619	
110	 4.1524909e-01	 +1.2559441e-03 -7.7528636e-04	 8.41e-01 Accepted	 384	 619	
111	 4.1524909e-01	 +1.2559441e-03 -7.7528636e-04	 4.80e-01 Rejected	 383	 620	
112	 4.1542042e-01	 +9.7566599e-05 -1.0055958e-03	 1.46e+00 Accepted	 385	 619	
# Starting_type: CheckpointStart
# Trajectory_length / Number_of_MD_steps: 1 / 8
# 	 Plaquette	 Polyakov_Loop(re,im)	 Acc._Probability	 runtime_per_traj(s)	 CG_iterations	
113	 4.1534357e-01	 -1.0315980e-04 -3.4740609e-04	 8.98e-01 Accepted	 387	 619	
114	 4.1556212e-01	 +1.3347578e-03 -1.5502493e-03	 1.49e+00 Accepted	 385	 619	
115	 4.1549173e-01	 +6.5112813e-04 -1.1600212e-04	 8.05e-01 Accepted	 386	 619	
116	 4.1535375e-01	 -1.0602969e-03 +1.2000349e-03	 9.17e-01 Accepted	 385	 619	
117	 4.1530988e-01	 +3.8234752e-04 -1.2053872e-03	 1.33e+00 Accepted	 385	 619	
118	 4.1537403e-01	 +7.5283197e-04 +6.3726217e-04	 9.12e-01 Accepted	 386	 619	
119	 4.1567567e-01	 +1.1217825e-03 -1.2444422e-03	 9.63e-01 Accepted	 384	 619	
120	 4.1557951e-01	 -1.6747074e-03 +3.8791661e-04	 4.97e-01 Accepted	 386	 619	
121	 4.1557951e-01	 -1.6747074e-03 +3.8791661e-04	 6.36e-01 Rejected	 382	 619	
122	 4.1557951e-01	 -1.6747074e-03 +3.8791661e-04	 6.96e-01 Rejected	 385	 620	
123	 4.1543135e-01	 +1.0159355e-03 -7.0507860e-04	 1.14e+00 Accepted	 384	 619	
124	 4.1543135e-01	 +1.0159355e-03 -7.0507860e-04	 4.43e-01 Rejected	 383	 620	
125	 4.1540501e-01	 +1.2691321e-03 -5.6748841e-04	 1.34e+00 Accepted	 385	 619	
126	 4.1545706e-01	 -1.7138346e-03 +2.7037617e-04	 1.54e+00 Accepted	 385	 619	
127	 4.1540609e-01	 -9.7812884e-04 +2.7272151e-04	 1.32e+00 Accepted	 384	 619	
128	 4.1526828e-01	 -1.1528622e-03 -4.8375399e-04	 1.00e+00 Accepted	 386	 619	
129	 4.1522727e-01	 +3.5757056e-05 -4.9155511e-04	 1.51e+00 Accepted	 384	 619	
130	 4.1522538e-01	 -8.8883473e-04 -7.0843523e-04	 6.74e-01 Accepted	 385	 620	
131	 4.1529003e-01	 +7.0158852e-04 -8.0920810e-04	 1.51e+00 Accepted	 386	 620	
132	 4.1499958e-01	 +6.1475370e-05 -8.7396868e-04	 1.05e+00 Accepted	 384	 619	
133	 4.1511672e-01	 -6.4467888e-04 -8.6259764e-04	 5.21e-01 Accepted	 382	 619	
134	 4.1513892e-01	 +6.5440638e-04 -4.9663902e-04	 1.27e+00 Accepted	 385	 619	
135	 4.1503570e-01	 +1.6404008e-03 -1.3334417e-03	 5.58e-01 Accepted	 385	 620	
136	 4.1512360e-01	 +6.8987337e-04 +1.0820132e-03	 1.28e+00 Accepted	 384	 619	
137	 4.1519717e-01	 +7.7098901e-04 -4.2129456e-04	 8.45e-01 Accepted	 383	 620	
138	 4.1486397e-01	 +7.1667999e-04 -8.0397253e-04	 6.79e-01 Accepted	 385	 619	
139	 4.1494809e-01	 -6.3472344e-05 +1.7218477e-03	 1.36e+00 Accepted	 384	 619	
140	 4.1496383e-01	 +7.0078796e-04 +1.6991110e-03	 1.92e+00 Accepted	 385	 619	
141	 4.1496383e-01	 +7.0078796e-04 +1.6991110e-03	 5.24e-01 Rejected	 384	 619	
142	 4.1515370e-01	 +2.7805013e-04 +1.9129996e-03	 9.23e-01 Accepted	 384	 620	
143	 4.1515370e-01	 +2.7805013e-04 +1.9129996e-03	 6.68e-01 Rejected	 384	 619	
144	 4.1529164e-01	 +3.0117572e-04 -7.7140503e-04	 9.48e-01 Accepted	 384	 619	
145	 4.1510813e-01	 +1.4220709e-04 +7.1093070e-04	 4.89e-01 Accepted	 382	 620	
146	 4.1510813e-01	 +1.4220709e-04 +7.1093070e-04	 7.58e-01 Rejected	 386	 619	
147	 4.1511017e-01	 -8.3561982e-04 +8.9569672e-04	 7.25e-01 Accepted	 386	 620	
148	 4.1511017e-01	 -8.3561982e-04 +8.9569672e-04	 5.10e-01 Rejected	 385	 620	
149	 4.1520780e-01	 -4.3327308e-05 -1.5450424e-03	 1.64e+00 Accepted	 382	 619	
150	 4.1520780e-01	 -4.3327308e-05 -1.5450424e-03	 6.12e-01 Rejected	 383	 619	
151	 4.1541116e-01	 -1.0057343e-03 +4.0347785e-04	 1.48e+00 Accepted	 383	 619	
152	 4.1528853e-01	 +1.3088998e-03 -9.2789836e-04	 1.24e+00 Accepted	 386	 619	
153	 4.1523178e-01	 -2.2107180e-04 -7.5599317e-04	 9.63e-01 Accepted	 384	 620	
154	 4.1501865e-01	 +2.0771178e-04 -2.3026362e-03	 4.44e-01 Accepted	 383	 620	
155	 4.1501865e-01	 +2.0771178e-04 -2.3026362e-03	 8.15e-01 Rejected	 383	 619	
156	 4.1505324e-01	 +1.0678540e-04 -1.8777076e-03	 9.10e-01 Accepted	 382	 619	
157	 4.1505324e-01	 +1.0678540e-04 -1.8777076e-03	 5.81e-01 Rejected	 384	 619	
158	 4.1514289e-01	 +2.3380577e-04 -1.0382210e-03	 1.06e+00 Accepted	 385	 620	
159	 4.1524840e-01	 -1.5691869e-04 -1.7383280e-03	 5.91e-01 Accepted	 384	 619	
160	 4.1524840e-01	 -1.5691869e-04 -1.7383280e-03	 5.03e-01 Rejected	 385	 620	
161	 4.1543472e-01	 +1.6232493e-04 -1.2502067e-03	 1.44e+00 Accepted	 384	 619	
162	 4.1552378e-01	 -2.1628013e-04 +1.3289223e-03	 1.38e+00 Accepted	 385	 619	
163	 4.1552378e-01	 -2.1628013e-04 +1.3289223e-03	 5.05e-01 Rejected	 384	 619	
164	 4.1532703e-01	 -3.9748168e-04 +1.8169348e-03	 6.76e-01 Accepted	 385	 619	
165	 4.1564051e-01	 -5.8000002e-04 -2.0197498e-04	 1.51e+00 Accepted	 385	 619	
166	 4.1564051e-01	 -5.8000002e-04 -2.0197498e-04	 6.39e-01 Rejected	 383	 619	
167	 4.1575928e-01	 +3.5838475e-04 +1.8295269e-03	 1.01e+00 Accepted	 385	 619	
168	 4.1568657e-01	 +5.6274444e-04 +3.3368083e-04	 8.72e-01 Accepted	 385	 619	
169	 4.1568657e-01	 +5.6274444e-04 +3.3368083e-04	 7.28e-01 Rejected	 385	 619	
170	 4.1569791e-01	 +7.3656251e-04 +9.8056144e-04	 7.58e-01 Accepted	 385	 619	
171	 4.1573371e-01	 +1.0429047e-03 +3.2770478e-04	 1.03e+00 Accepted	 384	 619	
172	 4.1570376e-01	 +7.4808225e-04 +6.4273946e-04	 9.19e-01 Accepted	 385	 619	
173	 4.1561646e-01	 -8.0527706e-04 -9.1715931e-04	 9.64e-01 Accepted	 385	 619	
174	 4.1564858e-01	 +2.0183423e-04 -1.5528071e-03	 1.59e+00 Accepted	 385	 620	
175	 4.1570043e-01	 +3.5039356e-04 -2.1384761e-03	 7.76e-01 Accepted	 384	 619	
176	 4.1563162e-01	 -2.1485638e-03 +2.7006254e-04	 8.61e-01 Accepted	 385	 619	
177	 4.1563756e-01	 -3.8366549e-04 +6.6189488e-04	 6.76e-01 Accepted	 384	 619	
178	 4.1566903e-01	 -1.0555902e-03 -1.8548520e-03	 1.60e+00 Accepted	 383	 619	
179	 4.1580401e-01	 -1.3262964e-03 +1.8561726e-04	 1.57e+00 Accepted	 385	 619	
180	 4.1580401e-01	 -1.3262964e-03 +1.8561726e-04	 5.25e-01 Rejected	 385	 619	
181	 4.1580401e-01	 -1.3262964e-03 +1.8561726e-04	 7.47e-01 Rejected	 383	 619	
182	 4.1568362e-01	 -5.6813924e-04 +7.2765116e-04	 1.44e+00 Accepted	 381	 619	
183	 4.1561358e-01	 -1.6316098e-03 +2.4589034e-05	 8.48e-01 Accepted	 385	 620	
184	 4.1541498e-01	 +5.1573377e-04 -3.9062741e-04	 7.65e-01 Accepted	 385	 619	
185	 4.1565221e-01	 +5.8633534e-04 +2.7296056e-04	 1.46e+00 Accepted	 384	 619	
186	 4.1562631e-01	 +6.6067922e-04 +2.4895165e-04	 1.17e+00 Accepted	 383	 619	
187	 4.1587640e-01	 +1.5515833e-03 -1.3023269e-04	 1.06e+00 Accepted	 382	 619	
188	 4.1542258e-01	 -1.3235411e-03 -3.2564376e-04	 8.42e-01 Accepted	 384	 619	
189	 4.1549907e-01	 -5.1162380e-04 -1.1705608e-03	 1.21e+00 Accepted	 382	 619	
190	 4.1552059e-01	 -1.2698371e-03 +4.5254411e-04	 1.25e+00 Accepted	 384	 619	
191	 4.1542646e-01	 +3.0485063e-04 +2.0249580e-03	 6.59e-01 Accepted	 383	 619	
192	 4.1553831e-01	 +1.1330440e-04 -6.5003189e-04	 9.68e-01 Accepted	 384	 619	
193	 4.1560353e-01	 +1.1363799e-03 -3.4439726e-04	 2.00e+00 Accepted	 382	 620	
194	 4.1558998e-01	 -7.1705657e-04 -6.8414021e-04	 1.20e+00 Accepted	 383	 619	
195	 4.1550968e-01	 +3.2246496e-04 +6.9827247e-05	 1.20e+00 Accepted	 384	 619	
196	 4.1566923e-01	 +5.7353401e-04 +1.8718639e-03	 1.62e+00 Accepted	 383	 619	
197	 4.1565269e-01	 -1.0783413e-03 -6.3819599e-04	 1.74e+00 Accepted	 383	 619	
198	 4.1585724e-01	 +5.5119672e-04 +1.7886442e-04	 1.85e+00 Accepted	 384	 619	
199	 4.1586737e-01	 +1.1375304e-03 -1.8561288e-03	 7.89e-01 Accepted	 384	 619	
200	 4.1575161e-01	 -8.8579588e-04 -2.0409456e-04	 8.90e-01 Accepted	 385	 619	
201	 4.1597616e-01	 -4.1216274e-04 -2.1666913e-04	 7.65e-01 Accepted	 385	 619	
202	 4.1564839e-01	 +1.1113339e-03 -3.6739463e-04	 6.80e-01 Accepted	 383	 619	
203	 4.1564839e-01	 +1.1113339e-03 -3.6739463e-04	 7.95e-01 Rejected	 385	 619	
204	 4.1577710e-01	 +1.1040825e-04 -3.9428013e-04	 1.52e+00 Accepted	 385	 619	
205	 4.1566669e-01	 +1.4721125e-04 -3.4730385e-05	 8.87e-01 Accepted	 383	 619	
206	 4.1560329e-01	 -6.2464619e-04 +1.6046053e-03	 9.96e-01 Accepted	 383	 620	
207	 4.1566448e-01	 -5.2864198e-04 +1.6100476e-04	 9.86e-01 Accepted	 384	 619	
208	 4.1535753e-01	 +9.9596588e-04 +1.3369876e-04	 9.09e-01 Accepted	 383	 620	
209	 4.1540945e-01	 +4.1655171e-05 +1.6745491e-03	 1.52e+00 Accepted	 384	 619	
210	 4.1547807e-01	 +2.1000205e-03 -8.0220872e-04	 8.31e-01 Accepted	 384	 619	
211	 4.1526055e-01	 +9.7426614e-04 +2.3168447e-04	 6.21e-01 Accepted	 384	 619	
212	 4.1537336e-01	 +6.1739591e-04 +4.2551492e-04	 5.89e-01 Accepted	 385	 619	
213	 4.1537587e-01	 +1.8390682e-04 +1.4376095e-03	 1.04e+00 Accepted	 385	 619	
214	 4.1537587e-01	 +1.8390682e-04 +1.4376095e-03	 5.72e-01 Rejected	 383	 619	
215	 4.1537587e-01	 +1.8390682e-04 +1.4376095e-03	 6.57e-01 Rejected	 384	 620	
216	 4.1545348e-01	 +1.0747222e-03 +4.6928642e-04	 7.32e-01 Accepted	 383	 619	
217	 4.1558848e-01	 -1.1217410e-04 -7.2694307e-04	 1.40e+00 Accepted	 385	 620	
218	 4.1532735e-01	 +3.2166465e-04 +5.5877990e-04	 6.01e-01 Accepted	 384	 619	
219	 4.1542510e-01	 +5.1456556e-04 +7.6198150e-04	 1.71e+00 Accepted	 383	 620	
220	 4.1534539e-01	 +4.7090344e-04 -7.8403384e-04	 5.62e-01 Accepted	 384	 619	
221	 4.1534539e-01	 +4.7090344e-04 -7.8403384e-04	 5.77e-01 Rejected	 384	 619	
222	 4.1563311e-01	 +6.6746986e-04 -5.2956356e-04	 1.17e+00 Accepted	 383	 619	
223	 4.1541681e-01	 -4.2892156e-04 +1.0311940e-03	 8.91e-01 Accepted	 384	 619	
224	 4.1529717e-01	 -9.1357476e-04 -3.8429187e-04	 1.02e+00 Accepted	 384	 620	
# Starting_type: CheckpointStart
# Trajectory_length / Number_of_MD_steps: 1 / 8
# 	 Plaquette	 Polyakov_Loop(re,im)	 Acc._Probability	 runtime_per_traj(s)	 CG_iterations	
225	 4.1551934e-01	 -7.4021704e-04 +5.8733112e-04	 2.21e+00 Accepted	 386	 619	
226	 4.1551934e-01	 -7.4021704e-04 +5.8733112e-04	 8.96e-01 Rejected	 386	 619	
227	 4.1550248e-01	 +2.1722203e-04 -1.5590979e-03	 8.42e-01 Accepted	 384	 619	
228	 4.1532533e-01	 -5.3308934e-04 +9.0109459e-04	 5.95e-01 Accepted	 385	 619	
229	 4.1556915e-01	 +2.1041530e-04 -7.8908859e-04	 1.10e+00 Accepted	 386	 619	
230	 4.1531100e-01	 +2.0797918e-04 -7.3581814e-05	 1.08e+00 Accepted	 385	 619	
231	 4.1527034e-01	 -8.1659844e-04 -1.8223218e-03	 7.56e-01 Accepted	 384	 619	
232	 4.1528890e-01	 -2.3675860e-04 +5.2245367e-04	 1.04e+00 Accepted	 385	 619	
233	 4.1532201e-01	 +1.4180940e-04 -2.7494136e-04	 1.14e+00 Accepted	 383	 619	
234	 4.1518731e-01	 -1.0443639e-03 -7.8011188e-04	 9.12e-01 Accepted	 386	 619	
235	 4.1506536e-01	 +2.8819001e-04 -1.0515443e-05	 1.23e+00 Accepted	 386	 619	
236	 4.1516314e-01	 -4.3433883e-04 +4.7542513e-04	 1.54e+00 Accepted	 385	 619	
237	 4.1485296e-01	 +1.2022114e-04 +7.5730953e-04	 6.66e-01 Accepted	 386	 619	
238	 4.1518391e-01	 +3.5243119e-04 -8.6712601e-04	 1.70e+00 Accepted	 385	 620	
239	 4.1530879e-01	 +5.8407381e-04 -7.0128774e-04	 1.42e+00 Accepted	 387	 619	
240	 4.1530879e-01	 +5.8407381e-04 -7.0128774e-04	 5.26e-01 Rejected	 385	 620	
241	 4.1548746e-01	 +1.4386873e-05 -4.4704193e-04	 1.68e+00 Accepted	 384	 619	
242	 4.1547477e-01	 +2.9268359e-04 +6.9403504e-04	 9.52e-01 Accepted	 386	 619	
243	 4.1562737e-01	 -4.7220298e-04 -1.2619071e-03	 1.56e+00 Accepted	 385	 619	
244	 4.1509076e-01	 +1.1777948e-03 +1.0563283e-04	 1.11e+00 Accepted	 385	 620	
245	 4.1552640e-01	 +5.1851320e-05 -4.1645999e-04	 1.03e+00 Accepted	 386	 619	
246	 4.1522944e-01	 -1.5553962e-04 +3.9064505e-04	 7.88e-01 Accepted	 385	 619	
247	 4.1522944e-01	 -1.5553962e-04 +3.9064505e-04	 5.26e-01 Rejected	 386	 619	
248	 4.1528157e-01	 -1.0305423e-03 -9.7177803e-04	 1.02e+00 Accepted	 386	 619	
249	 4.1539496e-01	 +1.8031947e-03 -5.5265453e-04	 1.49e+00 Accepted	 386	 619	
250	 4.1544417e-01	 +8.7471921e-04 +5.1919280e-04	 9.63e-01 Accepted	 384	 619	
251	 4.1544417e-01	 +8.7471921e-04 +5.1919280e-04	 5.05e-01 Rejected	 386	 619	
252	 4.1532547e-01	 -1.0048970e-04 +1.6574121e-03	 8.13e-01 Accepted	 385	 619	
253	 4.1545221e-01	 +8.6971821e-04 +7.7147363e-04	 1.29e+00 Accepted	 384	 619	
254	 4.1545221e-01	 +8.6971821e-04 +7.7147363e-04	 6.41e-01 Rejected	 386	 619	
255	 4.1557074e-01	 -2.1975595e-04 -1.3994170e-03	 1.28e+00 Accepted	 385	 619	
256	 4.1528173e-01	 -2.1599995e-04 +4.5613470e-04	 1.08e+00 Accepted	 385	 619	
257	 4.1510969e-01	 -3.8628518e-04 +9.1878662e-05	 6.10e-01 Accepted	 385	 619	
258	 4.1495828e-01	 -1.6433331e-05 +4.8046046e-05	 9.07e-01 Accepted	 386	 620	
259	 4.1509085e-01	 -2.1372603e-04 -1.1202634e-04	 8.55e-01 Accepted	 385	 619	
260	 4.1506029e-01	 -4.6754464e-04 -4.4047095e-04	 1.16e+00 Accepted	 384	 619	
261	 4.1553404e-01	 +7.1365513e-04 -5.0458775e-04	 1.32e+00 Accepted	 386	 619	
262	 4.1589701e-01	 -1.2084125e-03 -1.9605740e-03	 1.08e+00 Accepted	 384	 619	
263	 4.1605472e-01	 -6.5571879e-04 -1.1548234e-03	 1.87e+00 Accepted	 383	 619	
264	 4.1564824e-01	 +7.9140734e-04 +6.4259357e-04	 5.93e-01 Accepted	 385	 619	
265	 4.1562632e-01	 -8.7258883e-04 +1.4230032e-03	 9.92e-01 Accepted	 386	 619	
266	 4.1563851e-01	 -6.1666599e-04 +1.7948145e-05	 1.03e+00 Accepted	 385	 619	
267	 4.1586320e-01	 +1.2451133e-03 +1.0360894e-03	 7.18e-01 Accepted	 386	 619	
268	 4.1586320e-01	 +1.2451133e-03 +1.0360894e-03	 7.29e-01 Rejected	 386	 619	
269	 4.1574469e-01	 -1.1765328e-03 +1.1441645e-03	 1.21e+00 Accepted	 386	 619	
270	 4.1574469e-01	 -1.1765328e-03 +1.1441645e-03	 4.51e-01 Rejected	 385	 619	
271	 4.1574469e-01	 -1.1765328e-03 +1.1441645e-03	 4.84e-01 Rejected	 384	 619	
272	 4.1563888e-01	 +1.1706549e-03 +7.2580771e-04	 8.94e-01 Accepted	 386	 619	
273	 4.1547862e-01	 -4.4453316e-04 -2.1158504e-04	 6.42e-01 Accepted	 385	 619	
274	 4.1552886e-01	 -5.4248016e-05 +2.6476708e-04	 8.69e-01 Accepted	 386	 619	
275	 4.1562836e-01	 +1.5937944e-04 -9.3927843e-04	 1.04e+00 Accepted	 385	 620	
276	 4.1562836e-01	 +1.5937944e-04 -9.3927843e-04	 5.48e-01 Rejected	 384	 619	
277	 4.1589509e-01	 +4.0638835e-04 -1.7213351e-03	 1.19e+00 Accepted	 384	 619	
278	 4.1569861e-01	 +2.3817462e-04 +3.5415196e-04	 8.84e-01 Accepted	 386	 619	
279	 4.1569861e-01	 +2.3817462e-04 +3.5415196e-04	 8.01e-01 Rejected	 385	 619	
280	 4.1584197e-01	 +1.6078746e-03 +2.1225179e-04	 1.99e+00 Accepted	 387	 619	
281	 4.1576552e-01	 +1.9032495e-04 -9.7691651e-04	 9.50e-01 Accepted	 383	 620	
282	 4.1577824e-01	 -2.4266067e-04 +4.1580314e-04	 7.86e-01 Accepted	 386	 619	
283	 4.1577824e-01	 -2.4266067e-04 +4.1580314e-04	 7.20e-01 Rejected	 384	 619	
284	 4.1603434e-01	 +8.8775716e-04 -8.9670880e-04	 1.88e+00 Accepted	 385	 619	
285	 4.1603434e-01	 +8.8775716e-04 -8.9670880e-04	 4.69e-01 Rejected	 384	 619	
286	 4.1596020e-01	 +2.6179239e-03 -6.2384170e-04	 1.38e+00 Accepted	 386	 619	
287	 4.1592447e-01	 +4.7580337e-04 +8.7574157e-04	 1.32e+00 Accepted	 385	 619	
288	 4.1564461e-01	 -6.6217960e-04 -2.0681910e-04	 9.09e-01 Accepted	 385	 619	
289	 4.1573268e-01	 -1.9805413e-04 -2.3868283e-04	 1.26e+00 Accepted	 384	 619	
290	 4.1548087e-01	 +1.1011780e-04 +3.3651402e-04	 9.51e-01 Accepted	 385	 619	
291	 4.1567106e-01	 -2.3091251e-04 -4.2765800e-04	 7.88e-01 Accepted	 386	 619	
292	 4.1557120e-01	 +2.1820381e-03 -8.9482598e-05	 7.73e-01 Accepted	 385	 619	
293	 4.1593256e-01	 -4.6246819e-04 +2.0942052e-04	 1.02e+00 Accepted	 383	 619	
294	 4.1597091e-01	 +2.1828110e-04 -1.1265369e-03	 1.52e+00 Accepted	 386	 619	
295	 4.1577992e-01	 +6.5335143e-04 -1.4837180e-04	 5.17e-01 Accepted	 385	 619	
296	 4.1577992e-01	 +6.5335143e-04 -1.4837180e-04	 4.52e-01 Rejected	 385	 620	
297	 4.1565154e-01	 -1.5822498e-03 +7.1503227e-04	 1.06e+00 Accepted	 385	 619	
298	 4.1580143e-01	 +4.1016923e-04 +1.3970829e-03	 8.72e-01 Accepted	 384	 619	
299	 4.1603126e-01	 -3.9743214e-04 +1.7803103e-03	 1.08e+00 Accepted	 384	 619	
300	 4.1592047e-01	 +2.8034575e-04 +2.2515354e-04	 9.64e-01 Accepted	 386	 619	
301	 4.1593741e-01	 +6.2884553e-04 -2.0111076e-03	 1.10e+00 Accepted	 385	 619	
302	 4.1572186e-01	 -3.3013790e-04 -6.9140363e-04	 7.59e-01 Accepted	 385	 619	
303	 4.1556011e-01	 +2.0712490e-03 +3.1113862e-04	 7.64e-01 Accepted	 386	 619	
304	 4.1528466e-01	 +5.3460883e-04 -1.2798282e-03	 7.55e-01 Accepted	 386	 619	
305	 4.1551031e-01	 +6.4063872e-04 -1.4733652e-03	 2.11e+00 Accepted	 384	 620	
306	 4.1558538e-01	 +2.1652252e-04 -7.0438534e-04	 1.70e+00 Accepted	 387	 619	
307	 4.1558538e-01	 +2.1652252e-04 -7.0438534e-04	 6.22e-01 Rejected	 385	 619	
308	 4.1560092e-01	 -7.8541105e-05 +9.3283756e-04	 7.48e-01 Accepted	 384	 619	
309	 4.1555658e-01	 +1.3011554e-03 -1.0230967e-03	 7.42e-01 Accepted	 384	 619	
310	 4.1560433e-01	 +2.6094438e-04 -9.7457132e-04	 5.83e-01 Accepted	 385	 620	
311	 4.1572737e-01	 -2.5691905e-04 +8.8625560e-05	 8.22e-01 Accepted	 384	 619	
312	 4.1572737e-01	 -2.5691905e-04 +8.8625560e-05	 6.16e-01 Rejected	 385	 619	
313	 4.1537819e-01	 +1.7525199e-03 +8.3929516e-04	 9.01e-01 Accepted	 384	 619	
314	 4.1512423e-01	 -1.0070792e-03 -8.0848144e-04	 9.81e-01 Accepted	 387	 619	
315	 4.1515243e-01	 -6.2749138e-04 +1.5499206e-04	 1.07e+00 Accepted	 386	 619	
316	 4.1517892e-01	 -2.6597273e-04 -6.3721608e-04	 5.78e-01 Accepted	 387	 619	
317	 4.1517892e-01	 -2.6597273e-04 -6.3721608e-04	 5.43e-01 Rejected	 386	 619	
318	 4.1513907e-01	 -3.8122418e-04 -4.3252951e-04	 8.97e-01 Accepted	 383	 619	
319	 4.1486970e-01	 +1.8521368e-04 -6.9457112e-04	 7.21e-01 Accepted	 386	 619	
320	 4.1454701e-01	 +1.4317053e-03 +2.5921192e-04	 1.43e+00 Accepted	 386	 619	
321	 4.1463421e-01	 +6.3289064e-06 -2.0099096e-03	 5.34e-01 Accepted	 385	 619	
322	 4.1481631e-01	 -2.3220744e-03 +8.3454718e-04	 1.36e+00 Accepted	 384	 620	
323	 4.1481236e-01	 -1.4122122e-04 +8.0830831e-04	 7.87e-01 Accepted	 385	 620	
324	 4.1481236e-01	 -1.4122122e-04 +8.0830831e-04	 7.38e-01 Rejected	 385	 619	
325	 4.1462309e-01	 -7.4033349e-04 -7.3654140e-04	 5.14e-01 Accepted	 386	 620	
326	 4.1484462e-01	 +5.7144986e-04 -2.2534948e-03	 1.85e+00 Accepted	 385	 619	
327	 4.1504061e-01	 +9.6080286e-04 -1.4588718e-04	 1.23e+00 Accepted	 385	 620	
328	 4.1501184e-01	 -2.2025491e-03 +4.0184811e-04	 1.10e+00 Accepted	 386	 620	
329	 4.1477526e-01	 +2.6168233e-04 +1.5170459e-03	 9.40e-01 Accepted	 386	 619	
330	 4.1476149e-01	 +3.5779274e-04 -4.3043703e-04	 3.71e-01 Accepted	 385	 619	
331	 4.1491638e-01	 -8.2646354e-05 -3.6244412e-04	 7.85e-01 Accepted	 386	 619	
332	 4.1519744e-01	 +1.1215862e-03 -1.7537790e-03	 8.70e-01 Accepted	 386	 619	
333	 4.1549163e-01	 -1.7213820e-03 -2.4888121e-04	 1.84e+00 Accepted	 384	 619	
334	 4.1525302e-01	 -1.1106441e-04 +8.3411075e-04	 7.50e-01 Accepted	 388	 619	
335	 4.1547431e-01	 -4.3103634e-04 -1.3739890e-03	 9.67e-01 Accepted	 385	 619	
336	 4.1542465e-01	 +3.5532603e-05 -4.5872969e-04	 1.01e+00 Accepted	 385	 619	
# Starting_type: CheckpointStart
# Trajectory_length / Number_of_MD_steps: 1 / 8
# 	 Plaquette	 Polyakov_Loop(re,im)	 Acc._Probability	 runtime_per_traj(s)	 CG_iterations	
337	 4.1542465e-01	 +3.5532603e-05 -4.5872969e-04	 4.50e-01 Rejected	 385	 619	
338	 4.1538658e-01	 -2.2504462e-04 -1.2687909e-03	 8.31e-01 Accepted	 382	 619	
339	 4.1553424e-01	 +5.0521533e-04 -4.7042268e-04	 1.12e+00 Accepted	 383	 619	
340	 4.1552460e-01	 -6.8727268e-04 +2.8737082e-04	 1.56e+00 Accepted	 382	 619	
341	 4.1552460e-01	 -6.8727268e-04 +2.8737082e-04	 6.92e-01 Rejected	 384	 619	
342	 4.1552460e-01	 -6.8727268e-04 +2.8737082e-04	 6.09e-01 Rejected	 384	 619	
343	 4.1546012e-01	 +3.5831041e-04 +3.8656482e-04	 9.16e-01 Accepted	 383	 619	
344	 4.1518310e-01	 +2.4818185e-03 -2.0997410e-03	 1.08e+00 Accepted	 383	 619	
345	 4.1519000e-01	 -5.8891581e-04 +5.1502717e-04	 9.51e-01 Accepted	 382	 619	
346	 4.1514817e-01	 +1.1635252e-03 +8.3972464e-05	 8.27e-01 Accepted	 384	 620	
347	 4.1539382e-01	 -9.8697286e-04 -1.2455546e-04	 7.69e-01 Accepted	 383	 619	
348	 4.1538647e-01	 -9.9409129e-04 -1.4008675e-04	 9.52e-01 Accepted	 382	 620	
349	 4.1533784e-01	 -2.4382694e-04 +3.0441607e-04	 1.31e+00 Accepted	 383	 619	
350	 4.1567533e-01	 +1.9972126e-03 -1.1607572e-03	 1.19e+00 Accepted	 384	 619	
351	 4.1542976e-01	 -3.1338390e-04 -1.1671401e-03	 1.43e+00 Accepted	 383	 619	
352	 4.1545349e-01	 -5.0939546e-04 -2.2870387e-04	 1.02e+00 Accepted	 383	 619	
353	 4.1541849e-01	 +3.5944894e-04 +1.8110221e-03	 1.51e+00 Accepted	 381	 620	
354	 4.1541849e-01	 +3.5944894e-04 +1.8110221e-03	 6.88e-01 Rejected	 383	 619	
355	 4.1567724e-01	 -4.7160956e-04 +2.1995659e-04	 9.43e-01 Accepted	 384	 619	
356	 4.1577586e-01	 +1.5434612e-03 -8.7538129e-04	 1.55e+00 Accepted	 384	 619	
357	 4.1557589e-01	 +2.5221094e-04 -1.1835513e-04	 8.29e-01 Accepted	 381	 619	
358	 4.1529583e-01	 +7.8101852e-04 +1.2167772e-04	 1.20e+00 Accepted	 383	 619	
359	 4.1521556e-01	 +1.1579904e-04 +8.1099791e-04	 6.70e-01 Accepted	 383	 620	
360	 4.1540177e-01	 -1.1265478e-04 -2.5003547e-04	 1.19e+00 Accepted	 384	 619	
361	 4.1537895e-01	 -4.7544589e-04 -5.3502758e-04	 8.63e-01 Accepted	 383	 620	
362	 4.1546407e-01	 +5.8323636e-04 +7.2698062e-05	 1.02e+00 Accepted	 384	 619	
363	 4.1551783e-01	 -1.0779895e-03 -1.9574063e-03	 1.13e+00 Accepted	 382	 619	
364	 4.1579479e-01	 -1.0867063e-03 +1.8739711e-04	 7.08e-01 Accepted	 384	 619	
365	 4.1548412e-01	 -8.9783579e-04 +1.5321350e-03	 3.58e-01 Accepted	 382	 619	
366	 4.1548412e-01	 -8.9783579e-04 +1.5321350e-03	 8.34e-01 Rejected	 384	 619	
367	 4.1546942e-01	 +3.0871213e-04 -7.1357938e-04	 1.79e+00 Accepted	 383	 619	
368	 4.1539016e-01	 +7.9673905e-04 -3.4363507e-04	 1.09e+00 Accepted	 382	 619	
369	 4.1539016e-01	 +7.9673905e-04 -3.4363507e-04	 5.16e-01 Rejected	 383	 619	
370	 4.1533410e-01	 -6.1783975e-04 +5.8484561e-04	 9.09e-01 Accepted	 383	 619	
371	 4.1535957e-01	 -2.8747274e-05 -5.3624829e-04	 9.58e-01 Accepted	 383	 619	
372	 4.1514472e-01	 +4.1109018e-04 +1.9355818e-04	 1.21e+00 Accepted	 384	 619	
373	 4.1509836e-01	 -5.4496399e-04 -2.1132188e-03	 1.34e+00 Accepted	 384	 619	
374	 4.1522095e-01	 +4.1651921e-04 -1.2562133e-03	 9.27e-01 Accepted	 384	 619	
375	 4.1525229e-01	 -2.1717968e-03 -1.2435119e-03	 1.59e+00 Accepted	 383	 620	
376	 4.1532844e-01	 -1.9190040e-03 +5.7934842e-04	 1.51e+00 Accepted	 384	 619	
377	 4.1539579e-01	 -5.8444793e-04 +2.5790194e-04	 1.20e+00 Accepted	 383	 619	
378	 4.1539579e-01	 -5.8444793e-04 +2.5790194e-04	 5.89e-01 Rejected	 383	 619	
379	 4.1549780e-01	 +1.4305095e-03 -2.8561568e-05	 1.01e+00 Accepted	 383	 619	
380	 4.1549666e-01	 +2.9682634e-04 -8.5282130e-04	 5.83e-01 Accepted	 383	 619	
381	 4.1525504e-01	 +2.9263421e-04 -8.6489087e-04	 9.28e-01 Accepted	 383	 619	
382	 4.1482399e-01	 +2.6121625e-04 +2.0168721e-03	 6.78e-01 Accepted	 383	 619	
383	 4.1496505e-01	 -3.6769249e-04 -8.5953725e-04	 9.64e-01 Accepted	 383	 619	
384	 4.1487053e-01	 -1.5773220e-04 +9.0900098e-05	 1.16e+00 Accepted	 382	 619	
385	 4.1506230e-01	 -1.6287787e-03 +2.2248832e-04	 1.25e+00 Accepted	 383	 619	
386	 4.1506230e-01	 -1.6287787e-03 +2.2248832e-04	 6.86e-01 Rejected	 383	 619	
387	 4.1520244e-01	 +3.2967207e-04 +4.8331980e-04	 1.34e+00 Accepted	 382	 619	
388	 4.1511476e-01	 -5.1929477e-04 -2.7420864e-04	 6.64e-01 Accepted	 384	 620	
389	 4.1505675e-01	 -1.6446129e-03 +1.1674923e-03	 1.41e+00 Accepted	 382	 619	
390	 4.1505675e-01	 -1.6446129e-03 +1.1674923e-03	 7.37e-01 Rejected	 383	 619	
391	 4.1507285e-01	 +6.0386196e-04 -4.1979040e-04	 7.45e-01 Accepted	 383	 619	
392	 4.1516396e-01	 -1.1309663e-04 -2.4592105e-04	 1.63e+00 Accepted	 385	 619	
393	 4.1498499e-01	 +2.0814054e-04 -1.1041599e-03	 9.99e-01 Accepted	 383	 620	
394	 4.1490563e-01	 +1.9002942e-04 -1.2291922e-03	 9.70e-01 Accepted	 384	 619	
395	 4.1500816e-01	 -2.1075971e-04 -2.9350026e-04	 7.99e-01 Accepted	 384	 620	
396	 4.1504341e-01	 -1.0071464e-04 +3.6488554e-04	 1.62e+00 Accepted	 383	 619	
397	 4.1486859e-01	 -2.7130983e-04 -3.5883144e-05	 4.39e-01 Accepted	 383	 619	
398	 4.1470849e-01	 +1.3595357e-03 -8.5581552e-04	 9.73e-01 Accepted	 385	 619	
399	 4.1491257e-01	 -1.1096394e-04 +8.4286249e-04	 1.13e+00 Accepted	 384	 619	
400	 4.1497923e-01	 +5.2493051e-04 +1.5882757e-04	 7.86e-01 Accepted	 385	 620	
401	 4.1507821e-01	 +3.6120621e-04 -3.2545223e-04	 9.25e-01 Accepted	 381	 620	
402	 4.1515469e-01	 -6.0513917e-04 +8.5246743e-04	 6.33e-01 Accepted	 383	 619	
403	 4.1521934e-01	 -6.3701958e-04 -1.3251246e-03	 8.29e-01 Accepted	 383	 619	
404	 4.1521934e-01	 -6.3701958e-04 -1.3251246e-03	 3.27e-01 Rejected	 382	 620	
405	 4.1529848e-01	 -1.3746560e-03 +5.8998647e-04	 6.95e-01 Accepted	 381	 619	
406	 4.1543210e-01	 +1.6525314e-03 -6.2249181e-04	 1.55e+00 Accepted	 384	 620	
407	 4.1549792e-01	 -3.4412538e-04 -7.5629993e-04	 1.49e+00 Accepted	 383	 619	
408	 4.1549792e-01	 -3.4412538e-04 -7.5629993e-04	 6.18e-01 Rejected	 384	 619	
409	 4.1531847e-01	 -1.0930883e-03 +2.6389795e-03	 1.39e+00 Accepted	 383	 619	
410	 4.1546031e-01	 +2.4834368e-04 +1.5180154e-03	 1.02e+00 Accepted	 383	 619	
411	 4.1555937e-01	 +9.5520095e-04 -5.9587611e-04	 6.05e-01 Accepted	 384	 619	
412	 4.1559118e-01	 -2.0550521e-05 +1.0187766e-03	 9.94e-01 Accepted	 384	 619	
413	 4.1585115e-01	 -9.5158520e-04 -2.0806779e-03	 9.69e-01 Accepted	 382	 619	
414	 4.1566705e-01	 -5.1530199e-04 +1.2509682e-03	 5.90e-01 Accepted	 383	 619	
415	 4.1551111e-01	 -5.5131029e-04 -1.5021955e-04	 1.04e+00 Accepted	 384	 619	
416	 4.1585451e-01	 -5.7477992e-04 -1.1785881e-03	 2.33e+00 Accepted	 382	 619	
417	 4.1585451e-01	 -5.7477992e-04 -1.1785881e-03	 9.34e-01 Rejected	 384	 619	
418	 4.1586380e-01	 -5.0723383e-04 +7.2157222e-04	 9.56e-01 Accepted	 382	 619	
419	 4.1586380e-01	 -5.0723383e-04 +7.2157222e-04	 6.01e-01 Rejected	 383	 619	
420	 4.1554979e-01	 +1.1273737e-03 -9.9197757e-04	 2.00e+00 Accepted	 383	 619	
421	 4.1554979e-01	 +1.1273737e-03 -9.9197757e-04	 5.51e-01 Rejected	 383	 619	
422	 4.1549008e-01	 +1.6521116e-03 +5.2741441e-04	 8.21e-01 Accepted	 383	 619	
423	 4.1560481e-01	 +5.3049018e-04 -2.7248836e-04	 5.40e-01 Accepted	 385	 619	
424	 4.1586396e-01	 -4.5291787e-04 -1.9764320e-03	 1.55e+00 Accepted	 383	 619	
425	 4.1564422e-01	 -7.4551063e-04 -1.3692002e-03	 5.99e-01 Accepted	 383	 619	
426	 4.1564422e-01	 -7.4551063e-04 -1.3692002e-03	 4.32e-01 Rejected	 384	 619	
427	 4.1549587e-01	 -3.5020492e-04 -1.4447336e-03	 1.33e+00 Accepted	 383	 619	
428	 4.1566983e-01	 +7.5969089e-04 +1.2114540e-06	 2.04e+00 Accepted	 382	 619	
429	 4.1576086e-01	 +8.8586718e-05 +2.1081676e-03	 1.65e+00 Accepted	 382	 619	
430	 4.1576086e-01	 +8.8586718e-05 +2.1081676e-03	 7.09e-01 Rejected	 382	 619	
431	 4.1575543e-01	 +5.9635708e-05 +1.0251584e-04	 6.85e-01 Accepted	 382	 620	
432	 4.1541151e-01	 -4.4938935e-04 -7.8800943e-04	 6.13e-01 Accepted	 384	 620	
433	 4.1560640e-01	 +1.2212418e-03 +3.0385924e-04	 7.89e-01 Accepted	 382	 619	
434	 4.1545705e-01	 -1.0712221e-03 +1.8941679e-03	 9.24e-01 Accepted	 384	 619	
435	 4.1542680e-01	 -6.8077986e-04 -4.0317869e-05	 5.66e-01 Accepted	 384	 620	
436	 4.1536403e-01	 -2.7344484e-04 +9.0138730e-04	 9.85e-01 Accepted	 384	 619	
437	 4.1536403e-01	 -2.7344484e-04 +9.0138730e-04	 5.64e-01 Rejected	 382	 619	
438	 4.1514400e-01	 -1.0170151e-03 -1.0177337e-03	 6.19e-01 Accepted	 382	 619	
439	 4.1514400e-01	 -1.0170151e-03 -1.0177337e-03	 4.81e-01 Rejected	 382	 619	
440	 4.1509365e-01	 -6.8817359e-05 +2.4890647e-04	 9.53e-01 Accepted	 382	 620	
441	 4.1504133e-01	 -7.1155512e-04 -6.2252322e-04	 4.86e-01 Accepted	 383	 620	
442	 4.1547560e-01	 -1.2364237e-03 -4.5229032e-05	 1.97e+00 Accepted	 383	 619	
443	 4.1531110e-01	 +1.1116450e-04 -8.2915282e-04	 4.77e-01 Accepted	 383	 619	
444	 4.1506054e-01	 +3.8028095e-04 +1.2020382e-04	 1.44e+00 Accepted	 384	 619	
445	 4.1526645e-01	 +1.5021801e-04 -7.6624045e-04	 1.64e+00 Accepted	 382	 619	
446	 4.1507615e-01	 +8.5928305e-04 -1.4893349e-03	 9.45e-01 Accepted	 384	 619	
447	 4.1513953e-01	 +3.0549711e-03 -7.2575212e-04	 8.92e-01 Accepted	 384	 619	
448	 4.1552179e-01	 +1.8129969e-03 +1.4914162e-03	 2.68e+00 Accepted	 382	 619	
