# Starting_type: HotStart
# serial RNG seed: 	[7087 28078 56673 31347 47612]
# parallel RNG seed:	[33857 55449 59942 14503 64952]
# Trajectory_length / Number_of_MD_steps: 1 / 8
# 	 Plaquette	 Polyakov_Loop(re,im)	 Acc._Probability	 runtime_per_traj(s)	 CG_iterations	
1	 2.2403101e-01	 +5.4570978e-04 -2.4593633e-03	 3.06e+62 Accepted	 355	 641	
2	 3.1457437e-01	 -7.2413687e-04 -2.3176906e-07	 1.37e+30 Accepted	 392	 647	
3	 3.6429813e-01	 +1.5544968e-04 -3.3451139e-05	 1.25e+18 Accepted	 393	 636	
4	 3.9584827e-01	 -3.9384592e-05 -1.0481261e-03	 2.17e+12 Accepted	 388	 627	
5	 4.1809358e-01	 -1.6953376e-04 -1.0862358e-03	 1.78e+09 Accepted	 386	 620	
6	 4.3460642e-01	 +1.7247430e-03 +7.7525103e-04	 8.50e+06 Accepted	 382	 615	
7	 4.4829007e-01	 +4.7597129e-04 +2.4999251e-04	 9.17e+05 Accepted	 380	 610	
8	 4.5958615e-01	 -8.4519766e-04 +9.0362055e-04	 8.69e+04 Accepted	 378	 605	
9	 4.6936015e-01	 +1.4272973e-04 +7.1248441e-04	 4.66e+04 Accepted	 374	 599	
10	 4.7827145e-01	 -9.7760830e-05 +1.0871655e-03	 1.29e+04 Accepted	 372	 595	
11	 4.8629382e-01	 +6.9835865e-05 -6.0030019e-04	 8.20e+03 Accepted	 371	 592	
12	 4.9322799e-01	 -1.8921697e-04 +9.9869809e-04	 1.46e+03 Accepted	 369	 589	
13	 4.9985983e-01	 +1.6103561e-04 -9.0964466e-04	 1.78e+03 Accepted	 366	 586	
14	 5.0592267e-01	 -9.3927795e-04 +1.7730280e-03	 8.74e+02 Accepted	 366	 583	
15	 5.1187632e-01	 +1.7423545e-04 +6.8207766e-04	 8.79e+02 Accepted	 366	 580	
16	 5.1678294e-01	 +2.3770909e-03 -3.3358459e-04	 1.53e+02 Accepted	 363	 578	
17	 5.2140522e-01	 +1.0066442e-03 -3.5271408e-04	 2.64e+02 Accepted	 361	 574	
18	 5.2617477e-01	 +8.2172717e-04 -9.5749876e-04	 1.65e+02 Accepted	 361	 576	
19	 5.3031256e-01	 -1.9681001e-04 -6.0996633e-04	 7.22e+01 Accepted	 359	 571	
20	 5.3349998e-01	 -6.8386483e-04 -6.5686893e-04	 4.19e+01 Accepted	 358	 569	
21	 5.3710656e-01	 +1.3161673e-03 +2.9064225e-04	 5.85e+01 Accepted	 356	 566	
22	 5.3984218e-01	 -2.8228290e-04 +1.6612036e-05	 1.75e+01 Accepted	 355	 562	
23	 5.4217740e-01	 +3.1163483e-04 -8.3992134e-05	 1.35e+01 Accepted	 353	 557	
24	 5.4466766e-01	 +9.4672164e-05 -6.2342912e-04	 1.63e+01 Accepted	 353	 555	
25	 5.4706166e-01	 -4.7156288e-05 -1.8166308e-03	 1.27e+01 Accepted	 350	 557	
26	 5.4902850e-01	 +1.8155802e-04 -1.0774032e-03	 7.20e+00 Accepted	 350	 551	
27	 5.5047656e-01	 +7.9336681e-04 +1.0700259e-03	 4.88e+00 Accepted	 348	 548	
28	 5.5209639e-01	 -1.1921306e-03 -8.1061298e-04	 5.01e+00 Accepted	 347	 547	
29	 5.5321269e-01	 -3.3271255e-04 +1.2915579e-03	 2.99e+00 Accepted	 345	 547	
30	 5.5411838e-01	 +7.1926747e-04 +1.0208563e-03	 3.55e+00 Accepted	 348	 539	
31	 5.5474985e-01	 +1.4092661e-03 +1.8986377e-03	 1.55e+00 Accepted	 343	 548	
32	 5.5554950e-01	 -1.6304755e-05 +2.0322310e-04	 1.92e+00 Accepted	 343	 533	
33	 5.5615132e-01	 -1.6594982e-03 +1.3458754e-03	 2.15e+00 Accepted	 341	 530	
34	 5.5711009e-01	 -1.1414983e-03 +1.8732954e-03	 3.61e+00 Accepted	 338	 530	
35	 5.5740879e-01	 -1.1891277e-03 -1.5409161e-03	 1.24e+00 Accepted	 339	 532	
36	 5.5788855e-01	 -6.5959873e-04 +2.5388257e-04	 1.39e+00 Accepted	 340	 524	
37	 5.5834587e-01	 -1.2342893e-03 +1.3413634e-03	 1.77e+00 Accepted	 335	 526	
38	 5.5880367e-01	 -8.7571424e-04 +1.4102566e-03	 1.37e+00 Accepted	 336	 531	
39	 5.5904898e-01	 +3.5714002e-04 -3.6265081e-04	 9.27e-01 Accepted	 337	 534	
40	 5.5956117e-01	 -1.1870273e-04 +2.5171331e-04	 2.10e+00 Accepted	 339	 516	
41	 5.6000970e-01	 +1.3459266e-04 -2.5568483e-04	 2.49e+00 Accepted	 331	 516	
42	 5.5998878e-01	 +1.4747951e-03 +9.8807937e-04	 1.32e+00 Accepted	 332	 516	
43	 5.6032233e-01	 +1.5758664e-03 -1.5415011e-03	 1.00e+00 Accepted	 330	 511	
44	 5.6055973e-01	 +6.1336934e-04 -1.7935086e-03	 1.31e+00 Accepted	 331	 520	
45	 5.6095396e-01	 +6.0711017e-04 +2.1694481e-04	 1.43e+00 Accepted	 333	 518	
46	 5.6107911e-01	 +4.8101389e-04 -6.7396982e-04	 9.51e-01 Accepted	 330	 508	
47	 5.6107911e-01	 +4.8101389e-04 -6.7396982e-04	 7.79e-01 Rejected	 330	 509	
48	 5.6130381e-01	 -6.3531974e-04 +3.7204571e-04	 1.27e+00 Accepted	 330	 501	
49	 5.6141867e-01	 +1.7795175e-04 -8.7345150e-04	 1.15e+00 Accepted	 325	 511	
50	 5.6149853e-01	 -4.8204867e-04 +1.3400395e-03	 9.10e-01 Accepted	 327	 502	
51	 5.6167826e-01	 +1.1903313e-03 -7.6517714e-04	 1.28e+00 Accepted	 326	 507	
52	 5.6190445e-01	 +4.6873549e-04 +5.5529850e-04	 1.17e+00 Accepted	 326	 513	
53	 5.6163046e-01	 +2.3383457e-04 -1.0337015e-04	 8.21e-01 Accepted	 328	 504	
54	 5.6168607e-01	 +1.2382542e-03 +1.0781697e-03	 9.70e-01 Accepted	 326	 508	
55	 5.6201313e-01	 +1.0379569e-03 +2.0300604e-03	 1.42e+00 Accepted	 325	 499	
56	 5.6202029e-01	 +1.4060825e-05 +1.1167674e-04	 1.19e+00 Accepted	 321	 480	
57	 5.6219095e-01	 -4.3659617e-04 -8.7633578e-04	 1.57e+00 Accepted	 320	 505	
58	 5.6222398e-01	 -4.7874592e-05 +4.3557408e-04	 9.59e-01 Accepted	 324	 514	
59	 5.6213605e-01	 +7.7056459e-04 -1.4093940e-04	 6.65e-01 Accepted	 328	 507	
60	 5.6214690e-01	 +3.6371261e-04 +8.0842419e-04	 8.56e-01 Accepted	 326	 512	
61	 5.6235695e-01	 +5.6982868e-04 +1.7561972e-03	 1.71e+00 Accepted	 327	 510	
62	 5.6204549e-01	 -4.2677716e-04 +8.9212450e-04	 6.10e-01 Accepted	 325	 500	
63	 5.6214808e-01	 -8.6889211e-04 +7.0930216e-04	 9.59e-01 Accepted	 320	 490	
64	 5.6254581e-01	 -4.5153237e-04 +7.8180166e-04	 1.17e+00 Accepted	 324	 501	
65	 5.6220896e-01	 -2.1355429e-03 +1.0352081e-03	 5.07e-01 Accepted	 320	 490	
66	 5.6220896e-01	 -2.1355429e-03 +1.0352081e-03	 8.35e-01 Rejected	 319	 488	
67	 5.6244698e-01	 -3.6782172e-04 +1.4193932e-03	 1.20e+00 Accepted	 319	 487	
68	 5.6247858e-01	 +4.6014891e-04 +1.1628782e-03	 1.19e+00 Accepted	 320	 494	
69	 5.6242854e-01	 -1.3908226e-03 -3.1964103e-04	 8.91e-01 Accepted	 323	 496	
70	 5.6273750e-01	 -5.3992578e-04 +2.1354596e-03	 1.74e+00 Accepted	 324	 496	
71	 5.6252801e-01	 -1.9232410e-03 -3.5779798e-04	 9.87e-01 Accepted	 321	 491	
72	 5.6238168e-01	 +1.0094993e-03 +6.9177419e-04	 8.32e-01 Accepted	 320	 492	
73	 5.6268200e-01	 -8.3992448e-05 +2.6737804e-04	 1.22e+00 Accepted	 322	 496	
74	 5.6248087e-01	 -1.0976131e-03 -8.8635726e-05	 1.14e+00 Accepted	 318	 485	
75	 5.6260919e-01	 -1.1478549e-03 -1.3225609e-04	 8.05e-01 Accepted	 317	 483	
76	 5.6275305e-01	 +2.4484113e-03 -1.9992940e-04	 1.82e+00 Accepted	 317	 484	
77	 5.6280250e-01	 -6.2578853e-04 +1.4824573e-03	 1.64e+00 Accepted	 312	 491	
78	 5.6306659e-01	 +1.4951664e-04 +2.0116064e-03	 1.03e+00 Accepted	 319	 480	
79	 5.6277700e-01	 -7.8568138e-04 +1.0432991e-03	 4.72e-01 Accepted	 319	 491	
80	 5.6277700e-01	 -7.8568138e-04 +1.0432991e-03	 6.81e-01 Rejected	 319	 511	
81	 5.6274229e-01	 +6.5728755e-04 +1.1887834e-03	 8.28e-01 Accepted	 316	 493	
82	 5.6266806e-01	 -8.4682581e-04 +2.4407610e-04	 7.50e-01 Accepted	 318	 485	
83	 5.6266806e-01	 -8.4682581e-04 +2.4407610e-04	 6.90e-01 Rejected	 319	 500	
84	 5.6266806e-01	 -8.4682581e-04 +2.4407610e-04	 7.97e-01 Rejected	 320	 501	
85	 5.6290926e-01	 -1.4115444e-03 +1.3573793e-03	 1.37e+00 Accepted	 320	 488	
86	 5.6297984e-01	 -1.8878903e-03 +7.9036853e-04	 9.94e-01 Accepted	 320	 493	
87	 5.6297984e-01	 -1.8878903e-03 +7.9036853e-04	 5.57e-01 Rejected	 323	 499	
88	 5.6284519e-01	 -6.2367098e-04 +1.7579460e-03	 8.75e-01 Accepted	 321	 492	
89	 5.6279606e-01	 -1.0798506e-04 +1.1658756e-04	 1.25e+00 Accepted	 319	 487	
90	 5.6281383e-01	 +2.4467123e-05 +1.1561928e-03	 1.39e+00 Accepted	 320	 497	
91	 5.6293736e-01	 -1.3910154e-03 +6.9426964e-04	 1.04e+00 Accepted	 317	 478	
92	 5.6289351e-01	 -8.2292250e-04 +2.9500463e-03	 8.74e-01 Accepted	 313	 493	
93	 5.6284494e-01	 -3.1724997e-03 +2.3071727e-04	 7.44e-01 Accepted	 319	 480	
94	 5.6261495e-01	 -1.5909823e-03 +7.8841916e-04	 1.18e+00 Accepted	 321	 489	
95	 5.6261495e-01	 -1.5909823e-03 +7.8841916e-04	 7.11e-01 Rejected	 319	 494	
96	 5.6293553e-01	 -1.2802259e-03 +2.2278673e-03	 1.20e+00 Accepted	 320	 509	
97	 5.6301453e-01	 -3.2297697e-03 +3.8415135e-04	 1.12e+00 Accepted	 324	 485	
98	 5.6302207e-01	 -1.5794130e-03 +2.0365135e-03	 1.48e+00 Accepted	 315	 494	
99	 5.6266026e-01	 -4.4432045e-03 -7.1437193e-05	 5.66e-01 Accepted	 315	 469	
100	 5.6289484e-01	 -1.0230449e-03 -1.3340759e-03	 1.03e+00 Accepted	 309	 487	
101	 5.6296632e-01	 -5.8858354e-04 +1.2722263e-03	 1.50e+00 Accepted	 318	 487	
102	 5.6293761e-01	 -2.7982582e-03 -6.9257209e-04	 1.06e+00 Accepted	 320	 495	
103	 5.6294739e-01	 -2.3121802e-03 +1.2783134e-03	 7.73e-01 Accepted	 317	 492	
104	 5.6287401e-01	 -1.8294292e-03 +1.8749087e-03	 9.63e-01 Accepted	 320	 513	
105	 5.6312728e-01	 -2.6782217e-03 +7.7783543e-04	 1.14e+00 Accepted	 325	 493	
106	 5.6306719e-01	 -3.2985485e-03 +1.1225926e-03	 1.17e+00 Accepted	 316	 451	
107	 5.6306719e-01	 -3.2985485e-03 +1.1225926e-03	 8.39e-01 Rejected	 309	 482	
108	 5.6334283e-01	 -9.6397713e-05 +6.4065680e-04	 1.35e+00 Accepted	 313	 499	
109	 5.6327768e-01	 -1.3327084e-03 +1.6562712e-03	 1.02e+00 Accepted	 323	 500	
110	 5.6307997e-01	 -2.7716511e-03 +1.3559612e-03	 8.15e-01 Accepted	 321	 498	
111	 5.6332533e-01	 -1.3129882e-03 +1.8126088e-03	 9.52e-01 Accepted	 320	 475	
112	 5.6284900e-01	 -1.0598922e-03 +6.4396258e-04	 6.12e-01 Accepted	 315	 510	
113	 5.6276298e-01	 -1.0746280e-03 +2.1322330e-03	 7.54e-01 Accepted	 322	 478	
114	 5.6276298e-01	 -1.0746280e-03 +2.1322330e-03	 7.99e-01 Rejected	 320	 494	
115	 5.6253633e-01	 -1.5315177e-03 +6.5103153e-04	 5.20e-01 Accepted	 317	 480	
116	 5.6257065e-01	 -9.5428619e-04 +1.1820284e-03	 1.07e+00 Accepted	 314	 484	
117	 5.6301648e-01	 -1.9704723e-03 +2.0443319e-03	 2.07e+00 Accepted	 314	 491	
118	 5.6279028e-01	 -1.6078672e-03 +8.8286489e-04	 9.46e-01 Accepted	 318	 494	
119	 5.6302432e-01	 -2.3595650e-03 +3.8573258e-04	 1.02e+00 Accepted	 317	 471	
120	 5.6317053e-01	 -2.6983990e-03 +2.0839301e-03	 1.15e+00 Accepted	 305	 449	
121	 5.6316052e-01	 -7.1203132e-04 +6.1033204e-04	 1.16e+00 Accepted	 304	 492	
122	 5.6324263e-01	 -1.8835503e-03 +2.3255842e-03	 8.40e-01 Accepted	 317	 485	
123	 5.6324263e-01	 -1.8835503e-03 +2.3255842e-03	 8.15e-01 Rejected	 310	 460	
124	 5.6322504e-01	 -3.0613180e-03 +2.7835884e-03	 1.07e+00 Accepted	 318	 471	
125	 5.6315001e-01	 -8.9431369e-04 +2.4138562e-03	 8.27e-01 Accepted	 315	 476	
126	 5.6315001e-01	 -8.9431369e-04 +2.4138562e-03	 6.22e-01 Rejected	 312	 473	
127	 5.6336596e-01	 -3.1967702e-03 -5.6750473e-05	 1.18e+00 Accepted	 317	 494	
128	 5.6348879e-01	 -5.1674788e-04 +3.0604643e-04	 7.87e-01 Accepted	 322	 494	
129	 5.6299662e-01	 -1.1968024e-03 +1.4661709e-03	 1.00e+00 Accepted	 318	 497	
130	 5.6318708e-01	 -2.6369899e-03 +2.3170709e-03	 1.28e+00 Accepted	 316	 463	
# Starting_type: CheckpointStart
# Trajectory_length / Number_of_MD_steps: 1 / 8
# 	 Plaquette	 Polyakov_Loop(re,im)	 Acc._Probability	 runtime_per_traj(s)	 CG_iterations	
131	 5.6317805e-01	 -9.2294616e-04 +1.5434834e-03	 9.42e-01 Accepted	 312	 477	
132	 5.6333429e-01	 -2.4169547e-03 +6.2306509e-04	 1.28e+00 Accepted	 312	 476	
133	 5.6340663e-01	 -1.2146926e-03 +1.6728097e-03	 6.04e-01 Accepted	 314	 487	
134	 5.6339213e-01	 -2.7644382e-04 +1.0015123e-03	 8.84e-01 Accepted	 318	 458	
135	 5.6324972e-01	 +1.7082554e-04 -4.9935504e-04	 7.09e-01 Accepted	 313	 494	
136	 5.6319690e-01	 -5.9670986e-04 +1.7319921e-03	 1.28e+00 Accepted	 315	 478	
137	 5.6333550e-01	 +1.8025380e-03 +1.5208439e-03	 1.08e+00 Accepted	 318	 496	
138	 5.6309332e-01	 -1.9579934e-03 +3.9379676e-04	 7.47e-01 Accepted	 313	 488	
139	 5.6338376e-01	 -2.3731917e-04 +9.0746894e-05	 1.04e+00 Accepted	 321	 496	
140	 5.6338376e-01	 -2.3731917e-04 +9.0746894e-05	 7.46e-01 Rejected	 320	 499	
141	 5.6332848e-01	 +4.0536107e-04 +2.6403859e-03	 1.27e+00 Accepted	 321	 495	
142	 5.6344541e-01	 +4.5801427e-04 +2.6304255e-04	 1.28e+00 Accepted	 317	 454	
143	 5.6344541e-01	 +4.5801427e-04 +2.6304255e-04	 7.56e-01 Rejected	 306	 475	
144	 5.6335661e-01	 -2.2150591e-03 -1.3489281e-03	 7.65e-01 Accepted	 310	 496	
145	 5.6334691e-01	 -8.4492402e-04 +1.1149596e-03	 1.13e+00 Accepted	 323	 506	
146	 5.6337717e-01	 -9.7720448e-04 -8.9658103e-04	 1.13e+00 Accepted	 316	 463	
147	 5.6336840e-01	 -2.7398144e-04 -4.4507778e-04	 9.72e-01 Accepted	 312	 495	
148	 5.6322365e-01	 -1.3159696e-03 -2.8918986e-03	 8.14e-01 Accepted	 311	 443	
149	 5.6346859e-01	 -9.2906755e-04 -1.1246397e-03	 1.30e+00 Accepted	 305	 489	
150	 5.6331876e-01	 -2.1262877e-04 +2.2556008e-04	 5.15e-01 Accepted	 313	 465	
151	 5.6332664e-01	 -1.7036969e-03 -4.7847576e-04	 9.56e-01 Accepted	 307	 466	
152	 5.6306924e-01	 -5.0877254e-05 -1.9087557e-04	 8.98e-01 Accepted	 313	 474	
153	 5.6326693e-01	 -7.7018051e-04 +6.0645609e-04	 1.01e+00 Accepted	 306	 419	
154	 5.6326490e-01	 -1.0138726e-03 +5.2653772e-05	 1.11e+00 Accepted	 296	 457	
155	 5.6330257e-01	 -2.4736372e-03 -2.3841465e-03	 9.35e-01 Accepted	 305	 477	
156	 5.6327489e-01	 -1.8910653e-03 -1.7216524e-03	 1.08e+00 Accepted	 312	 464	
157	 5.6305434e-01	 -1.0376562e-03 -2.8900329e-03	 7.27e-01 Accepted	 315	 500	
158	 5.6318246e-01	 -3.1157608e-03 -2.2718287e-03	 9.87e-01 Accepted	 318	 482	
159	 5.6315167e-01	 +4.7337080e-05 -1.1460833e-03	 7.36e-01 Accepted	 312	 483	
160	 5.6340688e-01	 -7.2858823e-05 +8.2476936e-04	 1.02e+00 Accepted	 313	 467	
161	 5.6330943e-01	 +1.0105676e-03 -1.4700500e-03	 1.42e+00 Accepted	 309	 481	
162	 5.6352655e-01	 -1.1521395e-03 -2.0990852e-04	 1.11e+00 Accepted	 309	 488	
163	 5.6352655e-01	 -1.1521395e-03 -2.0990852e-04	 7.68e-01 Rejected	 314	 478	
164	 5.6350780e-01	 -2.4193327e-03 -2.7042915e-03	 1.27e+00 Accepted	 312	 478	
165	 5.6344737e-01	 -2.2096114e-03 +8.0277215e-04	 5.98e-01 Accepted	 310	 489	
166	 5.6352773e-01	 -1.0240401e-03 -2.7858651e-05	 1.15e+00 Accepted	 318	 484	
167	 5.6372955e-01	 -1.0172481e-03 +1.8897746e-03	 1.73e+00 Accepted	 315	 480	
168	 5.6372955e-01	 -1.0172481e-03 +1.8897746e-03	 3.74e-01 Rejected	 313	 478	
169	 5.6355665e-01	 -5.5928207e-04 -4.6184897e-04	 1.25e+00 Accepted	 313	 471	
170	 5.6353998e-01	 -3.4434316e-05 +8.7015088e-04	 1.17e+00 Accepted	 309	 418	
171	 5.6343967e-01	 +5.7943540e-04 -3.6595571e-04	 7.31e-01 Accepted	 297	 492	
172	 5.6326573e-01	 +1.3738480e-03 +1.2209113e-04	 8.60e-01 Accepted	 315	 491	
173	 5.6338855e-01	 +2.3907849e-03 +3.3587154e-04	 1.60e+00 Accepted	 307	 462	
174	 5.6338855e-01	 +2.3907849e-03 +3.3587154e-04	 7.50e-01 Rejected	 311	 487	
175	 5.6348970e-01	 -1.5938838e-03 +3.4376414e-04	 9.96e-01 Accepted	 315	 484	
176	 5.6348423e-01	 -1.6733454e-03 -1.5641719e-03	 1.15e+00 Accepted	 312	 487	
177	 5.6325813e-01	 -7.1457466e-04 -6.2554204e-04	 8.46e-01 Accepted	 321	 499	
178	 5.6294056e-01	 +1.4737316e-03 +3.2446697e-04	 1.01e+00 Accepted	 318	 477	
179	 5.6305675e-01	 -1.2724849e-03 -6.6565300e-05	 8.11e-01 Accepted	 313	 462	
180	 5.6316845e-01	 -1.5305162e-03 +1.2748041e-03	 1.18e+00 Accepted	 308	 484	
181	 5.6319036e-01	 +6.0864920e-04 +1.2724229e-03	 6.72e-01 Accepted	 310	 449	
182	 5.6319036e-01	 +6.0864920e-04 +1.2724229e-03	 7.78e-01 Rejected	 314	 498	
183	 5.6319036e-01	 +6.0864920e-04 +1.2724229e-03	 4.79e-01 Rejected	 302	 475	
184	 5.6322575e-01	 -2.7144358e-04 -2.0023032e-04	 1.13e+00 Accepted	 310	 489	
185	 5.6325317e-01	 +1.8952446e-03 -4.5447543e-04	 1.17e+00 Accepted	 319	 490	
186	 5.6325317e-01	 +1.8952446e-03 -4.5447543e-04	 7.88e-01 Rejected	 309	 470	
187	 5.6309850e-01	 +3.5182850e-03 +1.0916131e-03	 1.04e+00 Accepted	 308	 448	
188	 5.6309850e-01	 +3.5182850e-03 +1.0916131e-03	 7.74e-01 Rejected	 312	 502	
189	 5.6314800e-01	 +2.0363784e-03 +1.9871284e-03	 1.12e+00 Accepted	 300	 465	
190	 5.6318720e-01	 +2.3113552e-03 +2.4710547e-03	 8.21e-01 Accepted	 307	 460	
191	 5.6318720e-01	 +2.3113552e-03 +2.4710547e-03	 6.03e-01 Rejected	 305	 467	
192	 5.6312028e-01	 +2.0452823e-03 +2.0418801e-03	 7.29e-01 Accepted	 311	 495	
193	 5.6321137e-01	 +1.6210126e-03 +6.7703700e-04	 9.94e-01 Accepted	 321	 470	
194	 5.6299907e-01	 -1.8995633e-04 +2.2776582e-05	 7.57e-01 Accepted	 314	 496	
195	 5.6304846e-01	 -8.9590798e-04 -4.8583527e-04	 1.61e+00 Accepted	 312	 448	
196	 5.6285359e-01	 -5.2843508e-04 +1.1658032e-03	 4.89e-01 Accepted	 294	 427	
197	 5.6297737e-01	 +1.9588824e-03 -3.4721971e-04	 1.21e+00 Accepted	 301	 481	
198	 5.6303588e-01	 +1.1261299e-03 +7.4358042e-04	 8.16e-01 Accepted	 318	 492	
199	 5.6317585e-01	 -5.0949898e-05 +1.6270634e-03	 9.45e-01 Accepted	 314	 459	
200	 5.6319476e-01	 -7.0386723e-04 +5.5082380e-04	 1.15e+00 Accepted	 306	 475	
201	 5.6318415e-01	 +4.9484691e-04 -4.6950713e-04	 8.31e-01 Accepted	 315	 462	
202	 5.6329828e-01	 -1.7444399e-03 -5.2152480e-04	 1.06e+00 Accepted	 312	 493	
203	 5.6356485e-01	 -4.2760295e-03 -6.8727252e-04	 1.03e+00 Accepted	 320	 480	
204	 5.6337988e-01	 +9.2094738e-04 -1.7857156e-03	 6.76e-01 Accepted	 317	 492	
205	 5.6337988e-01	 +9.2094738e-04 -1.7857156e-03	 6.65e-01 Rejected	 315	 489	
206	 5.6335718e-01	 +1.3845574e-03 -1.9831902e-05	 1.27e+00 Accepted	 320	 494	
207	 5.6348864e-01	 -7.1788419e-04 -2.5352454e-05	 1.02e+00 Accepted	 315	 451	
208	 5.6347470e-01	 -2.1278404e-04 -1.0188928e-03	 8.98e-01 Accepted	 305	 468	
209	 5.6347470e-01	 -2.1278404e-04 -1.0188928e-03	 6.76e-01 Rejected	 311	 477	
210	 5.6328184e-01	 -1.8927734e-03 -9.0653840e-04	 7.53e-01 Accepted	 309	 467	
211	 5.6328786e-01	 -2.0049438e-04 +3.8534076e-04	 7.96e-01 Accepted	 314	 483	
212	 5.6319488e-01	 -1.3878202e-03 +4.8224962e-04	 9.51e-01 Accepted	 310	 471	
213	 5.6342481e-01	 -9.1005283e-04 +4.5802623e-04	 1.14e+00 Accepted	 310	 473	
214	 5.6369100e-01	 -1.0985648e-03 +1.3911905e-03	 1.55e+00 Accepted	 305	 459	
215	 5.6356305e-01	 +6.3072365e-04 +2.3871821e-03	 8.97e-01 Accepted	 301	 422	
216	 5.6340681e-01	 +5.1952924e-04 -9.3070974e-05	 9.59e-01 Accepted	 301	 483	
217	 5.6355924e-01	 -7.9765732e-04 +1.0270850e-03	 1.15e+00 Accepted	 316	 490	
218	 5.6344489e-01	 -8.6279274e-04 -4.6807554e-05	 6.61e-01 Accepted	 316	 480	
219	 5.6344429e-01	 +1.3031891e-03 +9.5546156e-04	 9.20e-01 Accepted	 314	 483	
220	 5.6327539e-01	 -1.2261336e-03 +1.9159725e-04	 8.73e-01 Accepted	 317	 460	
221	 5.6327539e-01	 -1.2261336e-03 +1.9159725e-04	 6.12e-01 Rejected	 305	 436	
222	 5.6327539e-01	 -1.2261336e-03 +1.9159725e-04	 6.46e-01 Rejected	 311	 488	
223	 5.6338742e-01	 -1.1612328e-03 -3.0552163e-04	 1.56e+00 Accepted	 308	 480	
224	 5.6313515e-01	 -9.7040021e-05 +5.1212685e-04	 7.74e-01 Accepted	 313	 472	
225	 5.6330745e-01	 -2.1065437e-03 +1.9340322e-03	 1.19e+00 Accepted	 306	 455	
226	 5.6337715e-01	 -1.4203416e-03 +3.6463016e-04	 8.88e-01 Accepted	 301	 479	
227	 5.6360821e-01	 -1.7058949e-04 +4.2481459e-04	 1.31e+00 Accepted	 316	 462	
228	 5.6356431e-01	 -1.3539849e-03 +1.8780216e-03	 9.01e-01 Accepted	 314	 495	
229	 5.6351330e-01	 -1.9084805e-03 +7.5301505e-04	 1.05e+00 Accepted	 317	 473	
230	 5.6323388e-01	 +7.3800972e-04 +1.3704532e-03	 8.13e-01 Accepted	 310	 480	
231	 5.6317557e-01	 -1.5614114e-03 +2.4648561e-04	 7.62e-01 Accepted	 311	 490	
232	 5.6298372e-01	 -7.1152767e-04 -3.3199058e-05	 6.03e-01 Accepted	 313	 491	
233	 5.6287820e-01	 -1.6787223e-04 -9.7054117e-04	 9.29e-01 Accepted	 307	 450	
234	 5.6327136e-01	 -1.1974403e-03 -1.6545925e-03	 1.54e+00 Accepted	 298	 448	
235	 5.6296883e-01	 -4.7518312e-04 +2.2929601e-03	 6.26e-01 Accepted	 282	 416	
236	 5.6300266e-01	 +3.9906058e-04 -1.4848086e-03	 9.70e-01 Accepted	 293	 457	
237	 5.6300266e-01	 +3.9906058e-04 -1.4848086e-03	 5.85e-01 Rejected	 308	 464	
238	 5.6302641e-01	 +5.5433942e-05 -2.5248678e-03	 1.05e+00 Accepted	 316	 499	
239	 5.6312961e-01	 -3.4568163e-04 -1.2332422e-03	 1.73e+00 Accepted	 309	 415	
240	 5.6306820e-01	 +3.2818749e-04 -1.9133437e-03	 8.49e-01 Accepted	 279	 433	
241	 5.6283218e-01	 -6.6857450e-04 -4.7523697e-04	 1.09e+00 Accepted	 298	 469	
242	 5.6285104e-01	 +9.1629175e-04 -1.9109301e-03	 1.60e+00 Accepted	 299	 449	
243	 5.6306822e-01	 -1.1821199e-03 -1.9769058e-04	 9.09e-01 Accepted	 306	 483	
244	 5.6313538e-01	 -8.7493043e-04 -6.9835930e-04	 1.08e+00 Accepted	 315	 485	
245	 5.6337398e-01	 -2.9955416e-03 -1.6541182e-03	 1.33e+00 Accepted	 320	 502	
246	 5.6327722e-01	 -1.8916145e-03 -2.8003894e-03	 5.99e-01 Accepted	 317	 468	
247	 5.6329402e-01	 -4.3289436e-04 -1.5872452e-04	 1.01e+00 Accepted	 308	 456	
248	 5.6332453e-01	 +4.6010609e-04 -2.2047318e-03	 9.28e-01 Accepted	 309	 467	
249	 5.6332453e-01	 +4.6010609e-04 -2.2047318e-03	 7.39e-01 Rejected	 308	 469	
250	 5.6323348e-01	 +1.5862557e-03 -1.5839984e-03	 7.78e-01 Accepted	 311	 491	
251	 5.6358053e-01	 -2.2001630e-04 -5.2077195e-04	 2.17e+00 Accepted	 314	 478	
252	 5.6360251e-01	 -4.8133646e-04 +5.8078446e-04	 9.42e-01 Accepted	 311	 485	
253	 5.6360251e-01	 -4.8133646e-04 +5.8078446e-04	 6.92e-01 Rejected	 317	 486	
254	 5.6367656e-01	 +1.1584340e-04 -1.6844433e-03	 1.02e+00 Accepted	 310	 464	
255	 5.6366371e-01	 -2.6877887e-03 -1.1127170e-03	 1.10e+00 Accepted	 303	 423	
256	 5.6366371e-01	 -2.6877887e-03 -1.1127170e-03	 6.61e-01 Rejected	 299	 502	
257	 5.6379537e-01	 -7.5673269e-04 -7.2979497e-04	 1.56e+00 Accepted	 281	 421	
258	 5.6379537e-01	 -7.5673269e-04 -7.2979497e-04	 5.53e-01 Rejected	 304	 468	
259	 5.6344894e-01	 +1.8746059e-04 -1.8852956e-03	 6.54e-01 Accepted	 291	 463	
260	 5.6329081e-01	 +1.7371807e-03 -2.0520237e-03	 1.22e+00 Accepted	 312	 496	
261	 5.6337401e-01	 -8.2935282e-04 -3.6864624e-04	 1.17e+00 Accepted	 314	 438	
262	 5.6363860e-01	 -9.0316322e-04 -8.3239993e-04	 1.33e+00 Accepted	 306	 487	
263	 5.6391728e-01	 +3.7371565e-05 -6.9890073e-04	 1.81e+00 Accepted	 312	 492	
264	 5.6365289e-01	 -1.4592725e-03 +7.3698999e-04	 7.51e-01 Accepted	 318	 481	
265	 5.6365289e-01	 -1.4592725e-03 +7.3698999e-04	 8.77e-01 Rejected	 314	 483	
266	 5.6348109e-01	 -4.8889584e-04 +3.1895100e-04	 1.35e+00 Accepted	 315	 477	
267	 5.6348109e-01	 -4.8889584e-04 +3.1895100e-04	 7.78e-01 Rejected	 308	 460	
268	 5.6348109e-01	 -4.8889584e-04 +3.1895100e-04	 7.37e-01 Rejected	 314	 486	
269	 5.6348109e-01	 -4.8889584e-04 +3.1895100e-04	 7.92e-01 Rejected	 315	 496	
# Starting_type: CheckpointStart
# Trajectory_length / Number_of_MD_steps: 1 / 8
# 	 Plaquette	 Polyakov_Loop(re,im)	 Acc._Probability	 runtime_per_traj(s)	 CG_iterations	
269	 5.6348109e-01	 -4.8889584e-04 +3.1895100e-04	 7.92e-01 Rejected	 318	 496	
270	 5.6327742e-01	 -1.8113101e-05 +2.5545464e-04	 8.49e-01 Accepted	 314	 501	
271	 5.6342107e-01	 -4.1708952e-04 +2.4809008e-04	 1.06e+00 Accepted	 318	 474	
272	 5.6342107e-01	 -4.1708952e-04 +2.4809008e-04	 6.40e-01 Rejected	 306	 482	
273	 5.6342107e-01	 -4.1708952e-04 +2.4809008e-04	 8.36e-01 Rejected	 314	 493	
274	 5.6332763e-01	 -5.9531861e-04 -5.3830364e-04	 9.01e-01 Accepted	 307	 484	
275	 5.6340869e-01	 +1.5820170e-04 +7.8547131e-04	 1.32e+00 Accepted	 313	 472	
276	 5.6323656e-01	 -5.1649700e-04 +1.0070907e-03	 8.14e-01 Accepted	 311	 499	
277	 5.6337195e-01	 -5.1893721e-04 +2.3524392e-05	 9.18e-01 Accepted	 315	 466	
278	 5.6337195e-01	 -5.1893721e-04 +2.3524392e-05	 7.62e-01 Rejected	 316	 466	
279	 5.6367028e-01	 -2.5058145e-04 -4.2897084e-04	 1.30e+00 Accepted	 311	 474	
280	 5.6367028e-01	 -2.5058145e-04 -4.2897084e-04	 7.24e-01 Rejected	 315	 494	
281	 5.6356470e-01	 +1.0450413e-04 -5.0548055e-04	 9.48e-01 Accepted	 310	 478	
282	 5.6361127e-01	 +1.9251405e-03 +6.5030229e-04	 1.11e+00 Accepted	 313	 481	
283	 5.6348611e-01	 -7.3953047e-04 -2.8131518e-03	 1.02e+00 Accepted	 314	 478	
284	 5.6379867e-01	 -3.9342770e-05 +3.1465004e-04	 1.20e+00 Accepted	 316	 481	
285	 5.6371253e-01	 +1.5199768e-03 -2.2138309e-03	 8.14e-01 Accepted	 313	 481	
286	 5.6346771e-01	 -6.6702069e-04 +2.9817780e-04	 7.52e-01 Accepted	 309	 473	
287	 5.6327922e-01	 +2.0620439e-03 -6.7347722e-04	 8.09e-01 Accepted	 308	 461	
288	 5.6313635e-01	 +4.6224769e-04 -1.3926831e-03	 4.86e-01 Accepted	 315	 506	
289	 5.6320054e-01	 +1.0899469e-03 -8.6761269e-04	 1.13e+00 Accepted	 323	 495	
290	 5.6314980e-01	 -7.8417418e-04 -1.5758424e-03	 1.10e+00 Accepted	 319	 492	
291	 5.6333161e-01	 +2.2148450e-04 -9.3409686e-04	 1.30e+00 Accepted	 320	 500	
292	 5.6327502e-01	 -2.0347760e-03 -4.7342861e-04	 5.08e-01 Accepted	 318	 436	
293	 5.6298251e-01	 -1.8850049e-03 -6.5131104e-04	 7.91e-01 Accepted	 300	 439	
294	 5.6316618e-01	 +3.8247294e-04 -1.0423444e-03	 1.03e+00 Accepted	 301	 493	
295	 5.6295761e-01	 +7.0403480e-04 +2.0599144e-04	 7.63e-01 Accepted	 318	 472	
296	 5.6301588e-01	 +2.6969737e-05 -3.2638371e-03	 1.25e+00 Accepted	 318	 493	
297	 5.6324036e-01	 -1.0495819e-03 -1.2031291e-03	 1.29e+00 Accepted	 320	 499	
298	 5.6305744e-01	 +1.9749615e-03 -1.3769953e-03	 7.55e-01 Accepted	 318	 460	
299	 5.6337750e-01	 -1.5588393e-04 -4.4403982e-04	 1.45e+00 Accepted	 308	 471	
300	 5.6334887e-01	 -3.5086319e-04 -7.6906590e-04	 1.41e+00 Accepted	 318	 515	
301	 5.6331071e-01	 -7.1517558e-04 -2.1253715e-03	 1.02e+00 Accepted	 326	 507	
302	 5.6336690e-01	 +1.5445718e-03 -1.5288887e-03	 8.45e-01 Accepted	 321	 503	
303	 5.6334679e-01	 -7.3913531e-04 -8.0745802e-04	 1.24e+00 Accepted	 319	 477	
304	 5.6313271e-01	 -7.9799428e-04 -1.7437675e-03	 7.76e-01 Accepted	 318	 503	
305	 5.6316820e-01	 +6.6877865e-04 -1.0537958e-03	 8.48e-01 Accepted	 325	 503	
306	 5.6321936e-01	 +2.0538226e-04 -1.4008678e-04	 8.90e-01 Accepted	 326	 507	
307	 5.6336579e-01	 +3.5050711e-03 -2.4613600e-03	 1.48e+00 Accepted	 317	 457	
308	 5.6330230e-01	 -9.8310915e-04 +6.6170895e-04	 7.34e-01 Accepted	 307	 459	
309	 5.6330230e-01	 -9.8310915e-04 +6.6170895e-04	 6.44e-01 Rejected	 304	 465	
310	 5.6300927e-01	 +1.7220599e-03 -1.6579237e-03	 7.86e-01 Accepted	 315	 506	
311	 5.6336233e-01	 +7.7500691e-04 -9.5048702e-04	 1.83e+00 Accepted	 317	 467	
312	 5.6320318e-01	 +2.7212689e-03 -2.0931584e-03	 8.31e-01 Accepted	 315	 497	
313	 5.6309415e-01	 +1.0558914e-03 -7.9540705e-04	 8.47e-01 Accepted	 308	 418	
314	 5.6309415e-01	 +1.0558914e-03 -7.9540705e-04	 6.70e-01 Rejected	 291	 481	
315	 5.6340307e-01	 +6.4991655e-05 +2.4757680e-04	 1.61e+00 Accepted	 300	 497	
316	 5.6328610e-01	 +1.5653998e-03 -1.1246584e-03	 1.10e+00 Accepted	 319	 493	
317	 5.6328355e-01	 +1.8887364e-03 -1.7915885e-03	 1.89e+00 Accepted	 315	 481	
318	 5.6303223e-01	 +1.9634086e-03 -3.3630555e-03	 8.04e-01 Accepted	 314	 485	
319	 5.6325983e-01	 +2.3522094e-03 -1.7205532e-03	 1.33e+00 Accepted	 316	 472	
320	 5.6312045e-01	 +1.1139254e-03 +2.6077093e-04	 8.43e-01 Accepted	 314	 483	
321	 5.6317737e-01	 +1.5703626e-03 -8.3952660e-04	 1.03e+00 Accepted	 313	 467	
322	 5.6299778e-01	 +2.2628311e-03 -8.4964917e-05	 1.02e+00 Accepted	 313	 488	
323	 5.6304691e-01	 +3.6508777e-03 -1.1822371e-03	 8.24e-01 Accepted	 317	 492	
324	 5.6336012e-01	 +1.2542045e-03 -1.0185707e-04	 1.15e+00 Accepted	 316	 483	
325	 5.6310272e-01	 +1.0663201e-03 -1.1501359e-03	 7.81e-01 Accepted	 314	 501	
326	 5.6321214e-01	 +3.2035907e-03 +5.8832672e-04	 1.41e+00 Accepted	 314	 474	
327	 5.6323301e-01	 +5.3868119e-04 -3.2869720e-03	 1.13e+00 Accepted	 309	 457	
328	 5.6323301e-01	 +5.3868119e-04 -3.2869720e-03	 7.39e-01 Rejected	 303	 454	
329	 5.6322201e-01	 +3.4972377e-03 -2.0925335e-03	 1.28e+00 Accepted	 308	 448	
330	 5.6320063e-01	 +1.6734383e-03 +1.4318103e-04	 9.76e-01 Accepted	 308	 485	
331	 5.6304906e-01	 -5.9035844e-04 -1.7476053e-04	 8.17e-01 Accepted	 312	 430	
332	 5.6305012e-01	 +3.6724423e-03 +1.8679257e-04	 9.78e-01 Accepted	 305	 469	
333	 5.6303459e-01	 +2.0699917e-03 +3.9810372e-04	 9.98e-01 Accepted	 311	 464	
334	 5.6317425e-01	 +2.2844653e-03 +4.4783202e-04	 1.32e+00 Accepted	 311	 486	
335	 5.6317425e-01	 +2.2844653e-03 +4.4783202e-04	 8.43e-01 Rejected	 314	 442	
336	 5.6312277e-01	 +3.0030856e-03 +1.2142341e-03	 9.99e-01 Accepted	 316	 475	
337	 5.6303933e-01	 +3.2747755e-04 +1.0928317e-03	 1.41e+00 Accepted	 314	 475	
338	 5.6334189e-01	 +2.5020781e-03 +4.1742208e-04	 1.31e+00 Accepted	 311	 470	
339	 5.6357376e-01	 +2.0804231e-03 +1.3049840e-03	 1.29e+00 Accepted	 307	 475	
340	 5.6357376e-01	 +2.0804231e-03 +1.3049840e-03	 7.76e-01 Rejected	 303	 451	
341	 5.6358434e-01	 -2.3320044e-04 +8.6951582e-04	 6.95e-01 Accepted	 287	 407	
342	 5.6374744e-01	 +2.0137369e-03 -6.6416081e-05	 1.65e+00 Accepted	 268	 377	
343	 5.6324347e-01	 +1.4918392e-03 +1.3844508e-03	 6.91e-01 Accepted	 276	 437	
344	 5.6341175e-01	 -2.5623239e-04 +9.6854345e-05	 1.56e+00 Accepted	 309	 492	
345	 5.6341175e-01	 -2.5623239e-04 +9.6854345e-05	 8.06e-01 Rejected	 314	 470	
346	 5.6337419e-01	 +1.8233400e-03 +6.3698575e-04	 1.09e+00 Accepted	 315	 459	
347	 5.6331647e-01	 +4.2165264e-05 +4.8283511e-04	 9.52e-01 Accepted	 311	 473	
348	 5.6334992e-01	 +2.2970799e-03 +1.9054106e-03	 8.94e-01 Accepted	 309	 481	
349	 5.6326709e-01	 +6.6707726e-04 -1.2951224e-03	 1.35e+00 Accepted	 309	 467	
350	 5.6320971e-01	 -6.9236690e-04 +1.2339826e-03	 8.63e-01 Accepted	 312	 487	
351	 5.6300393e-01	 -5.9636971e-04 +1.5756203e-03	 9.71e-01 Accepted	 316	 470	
352	 5.6281862e-01	 +1.5026760e-03 +4.0505516e-04	 7.63e-01 Accepted	 310	 453	
353	 5.6282339e-01	 +1.9954993e-03 -1.1033714e-03	 1.12e+00 Accepted	 309	 488	
354	 5.6281988e-01	 +2.9330961e-03 -1.5001211e-04	 8.59e-01 Accepted	 317	 498	
355	 5.6279972e-01	 +4.9873535e-04 +3.4147578e-03	 1.21e+00 Accepted	 312	 458	
356	 5.6271068e-01	 +2.1672485e-03 +1.1157578e-03	 7.07e-01 Accepted	 297	 426	
357	 5.6293500e-01	 +1.1626689e-04 +2.0236244e-03	 1.20e+00 Accepted	 304	 482	
358	 5.6296606e-01	 +2.5644057e-03 +2.2619601e-03	 6.33e-01 Accepted	 311	 476	
359	 5.6320282e-01	 +2.6631241e-04 +3.0939659e-03	 9.63e-01 Accepted	 313	 465	
360	 5.6313712e-01	 +1.9309784e-03 +2.6888043e-03	 1.14e+00 Accepted	 307	 479	
361	 5.6330405e-01	 +2.6871295e-03 +1.4893720e-03	 1.74e+00 Accepted	 310	 475	
362	 5.6348519e-01	 +8.5265797e-04 +7.6447611e-04	 1.42e+00 Accepted	 310	 486	
363	 5.6352764e-01	 +1.3789350e-03 +2.8486352e-03	 1.57e+00 Accepted	 313	 486	
364	 5.6352764e-01	 +1.3789350e-03 +2.8486352e-03	 5.92e-01 Rejected	 314	 482	
365	 5.6374787e-01	 -1.7519507e-03 +7.6374812e-04	 1.21e+00 Accepted	 307	 431	
366	 5.6341113e-01	 +1.6217233e-03 +3.1625706e-03	 1.04e+00 Accepted	 298	 493	
367	 5.6324378e-01	 +6.5387902e-04 +6.5688016e-04	 7.85e-01 Accepted	 316	 479	
368	 5.6345878e-01	 -5.7889933e-04 +2.6273902e-03	 2.27e+00 Accepted	 308	 449	
369	 5.6338466e-01	 +1.6838726e-03 +2.2521800e-03	 9.99e-01 Accepted	 302	 458	
370	 5.6314162e-01	 -1.8348586e-04 +3.8992922e-04	 7.79e-01 Accepted	 314	 492	
371	 5.6343626e-01	 +3.7412756e-04 +2.3238962e-03	 1.71e+00 Accepted	 317	 478	
372	 5.6344521e-01	 +6.8535259e-05 +2.2261399e-03	 9.76e-01 Accepted	 314	 478	
373	 5.6323465e-01	 +7.8594115e-04 +1.1486341e-03	 1.14e+00 Accepted	 309	 446	
374	 5.6326260e-01	 -5.8132601e-04 +8.5586982e-04	 5.21e-01 Accepted	 301	 468	
375	 5.6337460e-01	 +1.1250261e-03 +1.0179311e-03	 1.13e+00 Accepted	 304	 425	
376	 5.6337460e-01	 +1.1250261e-03 +1.0179311e-03	 7.36e-01 Rejected	 294	 399	
377	 5.6303214e-01	 +3.6531177e-04 +2.7630018e-03	 9.94e-01 Accepted	 296	 483	
378	 5.6319110e-01	 +1.2725606e-03 -8.9432902e-04	 1.46e+00 Accepted	 318	 476	
379	 5.6326984e-01	 +1.6402666e-03 +7.0970436e-04	 1.34e+00 Accepted	 296	 448	
380	 5.6334870e-01	 -1.9076727e-04 +1.1713611e-03	 9.56e-01 Accepted	 310	 489	
381	 5.6325585e-01	 +4.4068546e-04 +2.8494351e-03	 1.09e+00 Accepted	 317	 478	
382	 5.6316306e-01	 +7.9413270e-04 +1.6702133e-03	 9.84e-01 Accepted	 309	 453	
383	 5.6307898e-01	 +2.6712215e-03 +2.3406549e-03	 8.03e-01 Accepted	 308	 482	
384	 5.6307898e-01	 +2.6712215e-03 +2.3406549e-03	 7.76e-01 Rejected	 316	 480	
385	 5.6309784e-01	 +2.2827547e-03 +5.4009492e-04	 1.34e+00 Accepted	 315	 478	
386	 5.6312478e-01	 -3.1043105e-04 +2.3266944e-03	 9.43e-01 Accepted	 318	 479	
387	 5.6324978e-01	 +9.8843626e-04 +2.3247442e-03	 1.10e+00 Accepted	 317	 486	
388	 5.6346712e-01	 +7.3225214e-04 +1.5873273e-03	 1.20e+00 Accepted	 320	 501	
389	 5.6357620e-01	 +1.4640236e-03 -1.3398507e-03	 1.24e+00 Accepted	 319	 480	
390	 5.6333234e-01	 +5.3633364e-04 -5.9164809e-04	 7.11e-01 Accepted	 322	 492	
391	 5.6319592e-01	 +7.4553156e-05 +1.1500107e-03	 9.42e-01 Accepted	 318	 490	
392	 5.6334094e-01	 -5.7199514e-04 +2.2293903e-03	 9.13e-01 Accepted	 314	 448	
393	 5.6321467e-01	 +9.3498421e-04 +2.0231385e-03	 9.18e-01 Accepted	 299	 452	
394	 5.6323171e-01	 +5.0406417e-04 +3.4934420e-03	 6.43e-01 Accepted	 309	 489	
395	 5.6321730e-01	 +2.4809629e-03 +1.1228967e-03	 8.59e-01 Accepted	 319	 510	
396	 5.6303507e-01	 -4.4866815e-04 +2.7416542e-03	 6.91e-01 Accepted	 328	 493	
397	 5.6285682e-01	 +3.9027719e-04 -1.6796788e-04	 8.73e-01 Accepted	 321	 482	
398	 5.6285682e-01	 +3.9027719e-04 -1.6796788e-04	 7.92e-01 Rejected	 318	 476	
399	 5.6291179e-01	 +1.1016117e-03 +2.9349394e-03	 1.14e+00 Accepted	 319	 503	
400	 5.6313352e-01	 +1.1106300e-03 +1.3939821e-03	 1.95e+00 Accepted	 325	 485	
401	 5.6316969e-01	 +1.1111005e-03 +5.4734469e-05	 8.84e-01 Accepted	 319	 483	
402	 5.6332444e-01	 -6.9935936e-05 +3.5911930e-03	 1.14e+00 Accepted	 313	 465	
403	 5.6305091e-01	 +4.4045654e-04 +4.6447899e-03	 7.70e-01 Accepted	 318	 501	
404	 5.6305091e-01	 +4.4045654e-04 +4.6447899e-03	 5.95e-01 Rejected	 322	 475	
405	 5.6310106e-01	 +1.5311791e-03 +2.3114970e-03	 1.44e+00 Accepted	 322	 502	
# Starting_type: CheckpointStart
# Trajectory_length / Number_of_MD_steps: 1 / 8
# 	 Plaquette	 Polyakov_Loop(re,im)	 Acc._Probability	 runtime_per_traj(s)	 CG_iterations	
405	 5.6310106e-01	 +1.5311791e-03 +2.3114970e-03	 1.44e+00 Accepted	 324	 502	
406	 5.6318841e-01	 +8.3016518e-05 +1.1523017e-03	 9.70e-01 Accepted	 319	 484	
407	 5.6328285e-01	 +2.6371645e-03 +1.4112659e-03	 1.17e+00 Accepted	 314	 485	
408	 5.6357159e-01	 +6.5287338e-04 +1.1278293e-03	 1.28e+00 Accepted	 315	 469	
409	 5.6333624e-01	 +1.5955193e-03 -1.0899626e-03	 6.44e-01 Accepted	 311	 486	
410	 5.6346666e-01	 +1.4668069e-03 -4.0159751e-04	 9.15e-01 Accepted	 316	 502	
411	 5.6339768e-01	 +4.7351136e-03 +4.1441762e-05	 1.07e+00 Accepted	 324	 498	
412	 5.6341892e-01	 +2.7179698e-03 +8.8835963e-04	 9.83e-01 Accepted	 320	 494	
413	 5.6346957e-01	 +3.0632176e-04 +1.3430545e-03	 1.59e+00 Accepted	 316	 485	
414	 5.6328591e-01	 +3.7212178e-03 +3.7141612e-04	 9.33e-01 Accepted	 313	 477	
415	 5.6344441e-01	 +6.6619265e-04 +1.4994957e-05	 1.49e+00 Accepted	 311	 495	
416	 5.6340643e-01	 +2.7514092e-03 +3.4102681e-04	 9.25e-01 Accepted	 310	 479	
417	 5.6331520e-01	 +1.0440632e-03 +1.2910696e-03	 1.36e+00 Accepted	 319	 497	
418	 5.6331520e-01	 +1.0440632e-03 +1.2910696e-03	 5.33e-01 Rejected	 318	 480	
419	 5.6327246e-01	 +6.2508844e-06 -1.1602055e-04	 1.02e+00 Accepted	 314	 467	
420	 5.6329663e-01	 +6.4057042e-04 +1.1678882e-03	 8.83e-01 Accepted	 312	 472	
421	 5.6318955e-01	 +2.1533016e-03 +2.0842199e-03	 1.33e+00 Accepted	 305	 484	
422	 5.6306308e-01	 +1.1459960e-03 +4.6454666e-04	 8.96e-01 Accepted	 307	 457	
423	 5.6293963e-01	 +2.7151130e-03 +6.2675726e-04	 9.46e-01 Accepted	 301	 480	
424	 5.6293856e-01	 +8.0966319e-04 +4.2002093e-04	 9.89e-01 Accepted	 314	 463	
425	 5.6286704e-01	 +2.5996786e-03 +2.4851583e-04	 5.85e-01 Accepted	 314	 500	
426	 5.6292261e-01	 +1.7469303e-03 +5.7944458e-05	 1.10e+00 Accepted	 316	 499	
427	 5.6295196e-01	 +1.0956914e-03 +2.9950924e-04	 7.71e-01 Accepted	 317	 468	
428	 5.6280870e-01	 +1.6608410e-03 +8.8217335e-04	 8.72e-01 Accepted	 311	 475	
429	 5.6319601e-01	 +4.1984060e-04 +1.0297191e-03	 1.59e+00 Accepted	 316	 490	
430	 5.6317606e-01	 +1.8484384e-03 +1.2732648e-03	 1.11e+00 Accepted	 311	 419	
431	 5.6317606e-01	 +1.8484384e-03 +1.2732648e-03	 4.75e-01 Rejected	 290	 470	
432	 5.6293703e-01	 +3.0932015e-03 +1.0859930e-03	 7.45e-01 Accepted	 299	 484	
433	 5.6290006e-01	 +2.4348153e-03 +1.2021644e-03	 1.13e+00 Accepted	 316	 460	
434	 5.6297556e-01	 +6.5470180e-04 +5.8632871e-04	 1.62e+00 Accepted	 302	 462	
435	 5.6297556e-01	 +6.5470180e-04 +5.8632871e-04	 8.86e-01 Rejected	 304	 503	
436	 5.6274983e-01	 +7.6831215e-04 -2.7030690e-05	 6.86e-01 Accepted	 301	 463	
437	 5.6250837e-01	 +1.1661271e-03 +5.6753511e-05	 9.56e-01 Accepted	 306	 476	
438	 5.6280038e-01	 +1.6125612e-03 +1.8252940e-03	 1.05e+00 Accepted	 314	 497	
439	 5.6300745e-01	 +2.3039709e-03 +6.9268265e-04	 1.38e+00 Accepted	 324	 500	
440	 5.6317337e-01	 +1.9556201e-03 -1.3021649e-03	 7.82e-01 Accepted	 322	 477	
441	 5.6327637e-01	 +1.0819069e-03 -4.0579252e-04	 1.27e+00 Accepted	 314	 485	
442	 5.6327637e-01	 +1.0819069e-03 -4.0579252e-04	 7.65e-01 Rejected	 316	 456	
443	 5.6340201e-01	 +1.4944867e-03 +1.0196130e-03	 1.20e+00 Accepted	 307	 448	
444	 5.6320955e-01	 +2.0814990e-03 +3.0848151e-03	 8.49e-01 Accepted	 306	 470	
445	 5.6320955e-01	 +2.0814990e-03 +3.0848151e-03	 4.27e-01 Rejected	 309	 478	
446	 5.6343545e-01	 +6.1795148e-04 +7.4748872e-04	 1.26e+00 Accepted	 313	 486	
447	 5.6315786e-01	 +1.5650190e-03 -2.8584456e-04	 5.83e-01 Accepted	 313	 483	
448	 5.6314558e-01	 +1.2294582e-03 +1.0480742e-04	 6.12e-01 Accepted	 316	 493	
449	 5.6334942e-01	 +1.8279383e-04 +1.8754195e-03	 1.04e+00 Accepted	 312	 457	
450	 5.6313706e-01	 -2.5561940e-04 -9.0579350e-04	 8.04e-01 Accepted	 296	 447	
451	 5.6329384e-01	 -1.1640216e-03 +6.3035898e-04	 1.02e+00 Accepted	 300	 490	
452	 5.6333409e-01	 -4.6868073e-04 +2.6242271e-04	 6.88e-01 Accepted	 317	 487	
453	 5.6311817e-01	 +2.4530275e-03 +1.5527655e-03	 9.15e-01 Accepted	 314	 484	
454	 5.6335853e-01	 +1.6570593e-03 -5.5358337e-04	 1.52e+00 Accepted	 313	 479	
455	 5.6342305e-01	 +1.7634144e-03 +1.2304294e-03	 1.11e+00 Accepted	 313	 497	
456	 5.6353031e-01	 +3.7700871e-04 +2.2567595e-03	 1.40e+00 Accepted	 321	 486	
457	 5.6343953e-01	 -2.0395965e-04 +8.0899915e-04	 7.33e-01 Accepted	 315	 469	
458	 5.6337005e-01	 +1.4153857e-03 +1.2196487e-04	 7.48e-01 Accepted	 310	 468	
459	 5.6348136e-01	 -3.2519348e-04 -7.1907528e-04	 1.59e+00 Accepted	 305	 437	
460	 5.6334542e-01	 +6.1754632e-05 -1.5105415e-03	 7.05e-01 Accepted	 286	 430	
