# Starting_type: ColdStart
# serial RNG seed: 	[28610 28092 8469 17069 22267]
# parallel RNG seed:	[30726 36949 6709 39705 41404]
# Trajectory_length / Number_of_MD_steps: 1 / 8
# 	 Plaquette	 Polyakov_Loop(re,im)	 Acc._Probability	 runtime_per_traj(s)	 CG_iterations	
1	 8.0513040e-01	 +4.3820299e-01 +1.1856590e-04	 7.59e-69 Skipping	 237	 370	
2	 7.3281311e-01	 +2.6372669e-01 +2.5009385e-08	 4.01e-32 Skipping	 267	 406	
3	 6.8822936e-01	 +1.8439503e-01 -8.1494559e-04	 1.19e-21 Skipping	 281	 431	
4	 6.5744624e-01	 +1.3817825e-01 -3.6767707e-04	 2.13e-15 Skipping	 290	 452	
5	 6.3534187e-01	 +1.1018780e-01 +1.9962844e-03	 5.10e-11 Skipping	 298	 469	
6	 6.1944041e-01	 +9.4409922e-02 -5.6521724e-04	 6.20e-08 Skipping	 307	 487	
7	 6.0791040e-01	 +8.1470561e-02 +1.1849087e-03	 4.26e-06 Skipping	 313	 497	
8	 5.9958740e-01	 +7.3786564e-02 +1.3337901e-03	 1.53e-04 Skipping	 318	 509	
9	 5.9394681e-01	 +6.8477997e-02 +2.2669589e-04	 3.13e-03 Skipping	 323	 521	
10	 5.8980085e-01	 +6.0933370e-02 -4.6221213e-05	 1.73e-02 Skipping	 328	 526	
11	 5.8662544e-01	 +5.8487737e-02 +1.4032970e-03	 5.08e-02 Skipping	 333	 534	
12	 5.8462026e-01	 +5.7530944e-02 -3.2231368e-04	 1.35e-01 Skipping	 335	 540	
13	 5.8290299e-01	 +5.2657013e-02 -5.3654465e-04	 1.41e-01 Skipping	 339	 554	
14	 5.8169107e-01	 +5.2544142e-02 +7.5056101e-05	 2.97e-01 Skipping	 345	 558	
15	 5.8065417e-01	 +4.8904376e-02 -6.8051736e-04	 5.82e-01 Skipping	 347	 568	
16	 5.8015840e-01	 +4.9722039e-02 +4.5580618e-04	 7.78e-01 Skipping	 350	 582	
17	 5.7973764e-01	 +4.8511790e-02 +1.1695892e-03	 5.65e-01 Skipping	 359	 579	
18	 5.7954216e-01	 +4.8641910e-02 +5.9472350e-04	 1.08e+00 Skipping	 357	 576	
19	 5.7913701e-01	 +4.6550901e-02 -1.7349776e-03	 9.70e-01 Skipping	 356	 575	
20	 5.7918943e-01	 +4.4803685e-02 +1.6616896e-04	 1.41e+00 Skipping	 356	 579	
21	 5.7881728e-01	 +4.5464359e-02 +1.0221702e-04	 7.89e-01 Skipping	 358	 579	
22	 5.7884634e-01	 +4.4330390e-02 +8.9865173e-04	 8.66e-01 Skipping	 361	 592	
23	 5.7871892e-01	 +4.3684537e-02 +1.8313290e-03	 1.26e+00 Skipping	 363	 590	
24	 5.7868319e-01	 +4.3349979e-02 +5.9882756e-04	 8.75e-01 Skipping	 362	 587	
25	 5.7873575e-01	 +4.2210915e-02 +1.0519979e-03	 9.32e-01 Skipping	 361	 597	
26	 5.7875033e-01	 +4.4466735e-02 +2.7150403e-04	 7.32e-01 Skipping	 367	 597	
27	 5.7890105e-01	 +4.2559242e-02 +9.2264031e-04	 1.16e+00 Skipping	 365	 593	
28	 5.7867606e-01	 +4.0341573e-02 -1.9255926e-03	 8.04e-01 Skipping	 365	 631	
29	 5.7886321e-01	 +3.8989788e-02 -1.5545689e-03	 1.07e+00 Skipping	 373	 601	
30	 5.7869070e-01	 +3.9798567e-02 -1.1155470e-03	 5.73e-01 Skipping	 367	 606	
31	 5.7851038e-01	 +4.0664840e-02 -9.6440539e-04	 6.64e-01 Skipping	 372	 623	
32	 5.7847597e-01	 +4.0400150e-02 +1.2371772e-03	 7.52e-01 Skipping	 378	 613	
33	 5.7834042e-01	 +3.9446897e-02 +1.8541080e-03	 9.91e-01 Skipping	 373	 611	
34	 5.7811865e-01	 +4.0537829e-02 +1.0120570e-03	 6.90e-01 Skipping	 373	 604	
35	 5.7816639e-01	 +3.9637370e-02 -1.7500874e-04	 9.13e-01 Skipping	 365	 597	
36	 5.7820136e-01	 +3.9952205e-02 -3.1613954e-04	 1.65e+00 Skipping	 367	 608	
37	 5.7837906e-01	 +3.8575415e-02 -2.1221416e-03	 7.64e-01 Skipping	 371	 610	
38	 5.7840296e-01	 +3.8328562e-02 -3.0242750e-04	 8.97e-01 Skipping	 375	 633	
39	 5.7842563e-01	 +3.6443057e-02 -1.0636333e-03	 9.78e-01 Skipping	 378	 608	
40	 5.7854202e-01	 +3.7055661e-02 -1.1736530e-04	 1.13e+00 Skipping	 372	 612	
41	 5.7854744e-01	 +3.5977672e-02 +1.3524124e-03	 8.21e-01 Skipping	 371	 620	
42	 5.7841661e-01	 +3.5704174e-02 +2.3623678e-03	 6.17e-01 Skipping	 372	 616	
43	 5.7828623e-01	 +3.5967467e-02 +1.0278807e-03	 8.96e-01 Skipping	 373	 622	
44	 5.7858732e-01	 +3.4187097e-02 +1.2929176e-04	 1.23e+00 Skipping	 375	 626	
45	 5.7855098e-01	 +3.6351802e-02 +9.4771820e-04	 7.88e-01 Skipping	 380	 627	
46	 5.7849895e-01	 +3.6314953e-02 -1.5888534e-03	 1.06e+00 Skipping	 382	 624	
47	 5.7847964e-01	 +3.8860656e-02 -4.8498648e-05	 1.54e+00 Skipping	 379	 624	
48	 5.7874708e-01	 +3.8167826e-02 -3.9319070e-04	 9.55e-01 Skipping	 378	 627	
49	 5.7890426e-01	 +3.8194708e-02 +1.5416699e-04	 8.09e-01 Skipping	 377	 615	
50	 5.7901696e-01	 +3.7548165e-02 -8.4298089e-04	 1.19e+00 Skipping	 373	 615	
51	 5.7890921e-01	 +3.8645079e-02 -2.9494739e-04	 9.21e-01 Accepted	 375	 617	
52	 5.7890921e-01	 +3.8645079e-02 -2.9494739e-04	 7.12e-01 Rejected	 375	 634	
53	 5.7891771e-01	 +3.6977192e-02 +3.3397084e-04	 7.10e-01 Accepted	 374	 619	
54	 5.7888272e-01	 +3.7744858e-02 -1.4870956e-03	 9.65e-01 Accepted	 377	 653	
55	 5.7875500e-01	 +3.8184720e-02 -4.8147429e-04	 1.05e+00 Accepted	 388	 617	
56	 5.7887744e-01	 +3.7075360e-02 +6.2358640e-05	 7.82e-01 Accepted	 375	 613	
57	 5.7883479e-01	 +3.7564061e-02 +3.7855336e-04	 6.14e-01 Accepted	 370	 611	
58	 5.7873016e-01	 +3.6728652e-02 -2.3141467e-03	 4.07e-01 Accepted	 373	 621	
59	 5.7859830e-01	 +3.6738692e-02 -6.1383243e-04	 1.44e+00 Accepted	 378	 644	
60	 5.7851681e-01	 +3.6848128e-02 +5.7364332e-04	 4.37e-01 Accepted	 383	 614	
61	 5.7870449e-01	 +3.7138093e-02 -6.7658543e-04	 1.20e+00 Accepted	 372	 609	
62	 5.7844141e-01	 +3.8894126e-02 -1.0818789e-03	 6.38e-01 Accepted	 369	 609	
63	 5.7853470e-01	 +3.7813611e-02 -4.7572387e-05	 1.08e+00 Accepted	 368	 607	
64	 5.7853470e-01	 +3.7813611e-02 -4.7572387e-05	 6.55e-01 Rejected	 372	 619	
65	 5.7856255e-01	 +3.7041122e-02 +1.7595034e-04	 6.07e-01 Accepted	 372	 616	
66	 5.7856255e-01	 +3.7041122e-02 +1.7595034e-04	 6.53e-01 Rejected	 371	 613	
67	 5.7867382e-01	 +3.6198912e-02 +1.5502006e-03	 1.27e+00 Accepted	 372	 620	
68	 5.7846404e-01	 +3.8804582e-02 +1.0438260e-03	 7.36e-01 Accepted	 376	 615	
69	 5.7857085e-01	 +3.7239253e-02 +9.3183447e-04	 9.75e-01 Accepted	 373	 608	
70	 5.7854125e-01	 +3.7433609e-02 +8.5547429e-04	 5.94e-01 Accepted	 372	 605	
71	 5.7860723e-01	 +3.5405811e-02 +9.1477218e-04	 1.10e+00 Accepted	 369	 607	
72	 5.7872221e-01	 +3.9620978e-02 -6.1585365e-04	 1.91e+00 Accepted	 372	 619	
73	 5.7883019e-01	 +3.8647847e-02 +5.7223823e-04	 1.53e+00 Accepted	 376	 620	
74	 5.7883949e-01	 +3.7016795e-02 -1.5517572e-03	 1.12e+00 Accepted	 377	 630	
75	 5.7916775e-01	 +3.6209603e-02 -9.6780142e-05	 1.14e+00 Accepted	 380	 617	
76	 5.7880889e-01	 +3.7446995e-02 +2.6290311e-04	 1.20e+00 Accepted	 377	 629	
77	 5.7842730e-01	 +3.7741781e-02 -1.9287466e-03	 3.60e-01 Accepted	 378	 616	
78	 5.7847494e-01	 +3.6625760e-02 -4.0046569e-03	 1.12e+00 Accepted	 375	 616	
79	 5.7852507e-01	 +3.6773427e-02 -1.2948470e-03	 6.38e-01 Accepted	 374	 629	
80	 5.7865699e-01	 +3.7639915e-02 -7.3603869e-04	 1.64e+00 Accepted	 379	 623	
81	 5.7860361e-01	 +3.7406357e-02 -2.4355392e-04	 1.02e+00 Accepted	 377	 626	
82	 5.7862296e-01	 +3.7034883e-02 -1.7427830e-03	 1.06e+00 Accepted	 379	 623	
83	 5.7832840e-01	 +3.4462206e-02 -3.1487385e-04	 1.32e+00 Accepted	 379	 623	
84	 5.7832840e-01	 +3.4462206e-02 -3.1487385e-04	 6.85e-01 Rejected	 376	 623	
85	 5.7840628e-01	 +3.5016227e-02 -9.8329536e-04	 1.35e+00 Accepted	 376	 620	
86	 5.7817089e-01	 +3.7254366e-02 -1.5620892e-03	 9.04e-01 Accepted	 384	 638	
87	 5.7806039e-01	 +3.5721861e-02 -8.1600523e-04	 1.36e+00 Accepted	 386	 636	
88	 5.7836393e-01	 +3.6234291e-02 +7.4184246e-04	 1.07e+00 Accepted	 382	 634	
89	 5.7820131e-01	 +3.3049878e-02 +4.0008460e-04	 9.33e-01 Accepted	 382	 643	
90	 5.7832614e-01	 +3.6711112e-02 -8.7135985e-04	 1.11e+00 Accepted	 385	 630	
91	 5.7850416e-01	 +3.8794412e-02 +4.0259267e-04	 1.09e+00 Accepted	 385	 684	
92	 5.7848715e-01	 +3.7379181e-02 +4.5371714e-05	 1.54e+00 Accepted	 402	 639	
93	 5.7870537e-01	 +3.6171573e-02 +1.1704590e-03	 1.22e+00 Accepted	 384	 634	
94	 5.7870537e-01	 +3.6171573e-02 +1.1704590e-03	 7.33e-01 Rejected	 383	 636	
95	 5.7870537e-01	 +3.6171573e-02 +1.1704590e-03	 5.67e-01 Rejected	 384	 644	
96	 5.7840507e-01	 +3.6487894e-02 -3.7558433e-04	 8.09e-01 Accepted	 385	 655	
97	 5.7845184e-01	 +3.5691226e-02 +7.2238309e-05	 8.22e-01 Accepted	 390	 639	
98	 5.7846278e-01	 +3.5127613e-02 -1.5623861e-03	 9.90e-01 Accepted	 381	 630	
99	 5.7844092e-01	 +3.4781095e-02 +9.1632035e-04	 1.28e+00 Accepted	 380	 632	
100	 5.7839999e-01	 +3.5472809e-02 +1.5675771e-03	 9.16e-01 Accepted	 385	 637	
101	 5.7857850e-01	 +3.6174293e-02 +5.1244763e-04	 1.97e+00 Accepted	 381	 634	
102	 5.7868250e-01	 +3.5665739e-02 +7.1516507e-05	 1.24e+00 Accepted	 385	 631	
103	 5.7866490e-01	 +3.4530801e-02 +1.3403836e-03	 5.43e-01 Accepted	 379	 626	
104	 5.7859451e-01	 +3.4116537e-02 +1.8659455e-03	 5.06e-01 Accepted	 396	 620	
105	 5.7846193e-01	 +3.4568352e-02 -5.2674819e-04	 7.77e-01 Accepted	 389	 680	
106	 5.7826726e-01	 +3.5311909e-02 +1.2623864e-03	 5.78e-01 Accepted	 394	 621	
107	 5.7804648e-01	 +3.7411587e-02 +7.7402110e-04	 6.00e-01 Accepted	 381	 633	
108	 5.7804648e-01	 +3.7411587e-02 +7.7402110e-04	 5.72e-01 Rejected	 377	 609	
109	 5.7804648e-01	 +3.7411587e-02 +7.7402110e-04	 9.15e-01 Rejected	 383	 620	
110	 5.7814937e-01	 +3.7288594e-02 +1.4674770e-04	 7.39e-01 Accepted	 380	 617	
111	 5.7834470e-01	 +3.8367956e-02 -1.7293534e-03	 1.26e+00 Accepted	 376	 632	
112	 5.7846601e-01	 +3.7049651e-02 -1.5662611e-03	 1.63e+00 Accepted	 379	 622	
113	 5.7844060e-01	 +3.4441879e-02 +1.1808889e-03	 7.08e-01 Accepted	 381	 651	
114	 5.7844711e-01	 +3.6478913e-02 +4.0453684e-05	 1.51e+00 Accepted	 385	 623	
115	 5.7844711e-01	 +3.6478913e-02 +4.0453684e-05	 7.83e-01 Rejected	 376	 633	
116	 5.7843604e-01	 +3.6216442e-02 -6.3171772e-05	 7.27e-01 Accepted	 377	 623	
117	 5.7843604e-01	 +3.6216442e-02 -6.3171772e-05	 6.10e-01 Rejected	 376	 626	
# Starting_type: CheckpointStart
# Trajectory_length / Number_of_MD_steps: 1 / 8
# 	 Plaquette	 Polyakov_Loop(re,im)	 Acc._Probability	 runtime_per_traj(s)	 CG_iterations	
117	 5.7843604e-01	 +3.6216442e-02 -6.3171772e-05	 6.10e-01 Rejected	 379	 626	
118	 5.7851825e-01	 +3.5981393e-02 +3.8598810e-04	 1.49e+00 Accepted	 379	 616	
119	 5.7846679e-01	 +3.6350177e-02 -1.0452494e-03	 1.27e+00 Accepted	 375	 634	
120	 5.7846679e-01	 +3.6350177e-02 -1.0452494e-03	 6.42e-01 Rejected	 384	 629	
121	 5.7836562e-01	 +3.2922085e-02 -6.6940530e-04	 2.01e+00 Accepted	 385	 625	
122	 5.7836562e-01	 +3.2922085e-02 -6.6940530e-04	 8.26e-01 Rejected	 381	 627	
123	 5.7828984e-01	 +3.5064493e-02 +6.3548941e-04	 1.63e+00 Accepted	 376	 624	
124	 5.7841686e-01	 +3.3312062e-02 +5.8369914e-04	 1.65e+00 Accepted	 376	 618	
125	 5.7838253e-01	 +3.5969026e-02 +7.7953597e-04	 1.14e+00 Accepted	 377	 616	
126	 5.7839164e-01	 +3.3685329e-02 +6.5502715e-04	 7.10e-01 Accepted	 379	 621	
127	 5.7853544e-01	 +3.2912719e-02 +1.4705634e-04	 1.62e+00 Accepted	 377	 624	
128	 5.7864515e-01	 +3.3451947e-02 -1.8158713e-04	 1.53e+00 Accepted	 381	 621	
129	 5.7856348e-01	 +3.3409282e-02 +6.4736628e-04	 6.72e-01 Accepted	 373	 618	
130	 5.7851354e-01	 +3.4665618e-02 +2.9103588e-03	 7.72e-01 Accepted	 375	 616	
131	 5.7853030e-01	 +3.6438704e-02 -1.1612326e-03	 1.05e+00 Accepted	 375	 612	
132	 5.7843651e-01	 +3.4436491e-02 -9.4489483e-04	 6.05e-01 Accepted	 374	 622	
133	 5.7868989e-01	 +3.4070587e-02 -3.8786821e-04	 1.21e+00 Accepted	 376	 626	
134	 5.7867357e-01	 +3.4261967e-02 -4.6712710e-04	 1.75e+00 Accepted	 386	 657	
135	 5.7873284e-01	 +3.6883163e-02 -4.6083328e-04	 8.19e-01 Accepted	 399	 682	
136	 5.7873284e-01	 +3.6883163e-02 -4.6083328e-04	 6.44e-01 Rejected	 398	 626	
137	 5.7857789e-01	 +3.4338265e-02 +6.8487101e-04	 9.62e-01 Accepted	 408	 654	
138	 5.7870219e-01	 +3.6805641e-02 -4.3065767e-04	 6.38e-01 Accepted	 391	 628	
139	 5.7870074e-01	 +3.5951901e-02 +1.9145775e-03	 8.26e-01 Accepted	 385	 630	
140	 5.7852554e-01	 +3.7213748e-02 -1.1998047e-03	 1.23e+00 Accepted	 382	 629	
141	 5.7847171e-01	 +3.7637081e-02 -3.0741225e-04	 8.00e-01 Accepted	 381	 638	
142	 5.7847171e-01	 +3.7637081e-02 -3.0741225e-04	 5.22e-01 Rejected	 385	 622	
143	 5.7863704e-01	 +3.6769752e-02 -2.0060786e-04	 1.04e+00 Accepted	 382	 619	
144	 5.7862854e-01	 +3.8456492e-02 -1.4710601e-03	 1.47e+00 Accepted	 376	 614	
145	 5.7862854e-01	 +3.8456492e-02 -1.4710601e-03	 9.28e-01 Rejected	 373	 615	
146	 5.7862854e-01	 +3.8456492e-02 -1.4710601e-03	 5.49e-01 Rejected	 376	 618	
147	 5.7861901e-01	 +3.7045585e-02 -1.1961709e-03	 2.12e+00 Accepted	 374	 626	
148	 5.7864027e-01	 +3.6831968e-02 +5.9618211e-04	 1.23e+00 Accepted	 380	 622	
149	 5.7858666e-01	 +3.7791701e-02 +2.1067577e-03	 1.56e+00 Accepted	 377	 620	
150	 5.7853870e-01	 +3.5473321e-02 +8.7271721e-04	 8.52e-01 Accepted	 374	 624	
151	 5.7844293e-01	 +3.6109111e-02 +8.0518039e-04	 8.19e-01 Accepted	 374	 620	
152	 5.7814977e-01	 +3.6359442e-02 -1.9874239e-03	 6.25e-01 Accepted	 378	 619	
153	 5.7808982e-01	 +3.4967482e-02 +2.2969743e-03	 7.44e-01 Accepted	 376	 627	
154	 5.7776746e-01	 +3.6039315e-02 -1.4215840e-03	 1.09e+00 Accepted	 384	 631	
155	 5.7786403e-01	 +3.4153749e-02 -6.7270577e-04	 7.98e-01 Accepted	 379	 626	
156	 5.7806181e-01	 +3.5069561e-02 +1.9088269e-04	 1.92e+00 Accepted	 384	 646	
157	 5.7821787e-01	 +3.3648031e-02 +1.3886674e-04	 1.01e+00 Accepted	 392	 656	
158	 5.7843674e-01	 +3.3334112e-02 +4.4156162e-04	 1.55e+00 Accepted	 393	 634	
159	 5.7871421e-01	 +3.4103675e-02 -2.5259985e-04	 2.12e+00 Accepted	 379	 627	
160	 5.7881141e-01	 +3.0983936e-02 -1.0742011e-03	 8.31e-01 Accepted	 385	 647	
161	 5.7890380e-01	 +3.3071115e-02 -8.9106279e-04	 1.52e+00 Accepted	 384	 624	
162	 5.7853471e-01	 +3.4983347e-02 -2.2266246e-04	 9.86e-01 Accepted	 381	 632	
163	 5.7856775e-01	 +3.4764177e-02 -1.3321557e-03	 8.67e-01 Accepted	 379	 631	
164	 5.7865446e-01	 +3.3529918e-02 +2.1419469e-03	 8.02e-01 Accepted	 382	 627	
165	 5.7878617e-01	 +3.2470034e-02 -3.5317073e-04	 1.26e+00 Accepted	 382	 632	
166	 5.7869455e-01	 +3.3213758e-02 +8.6949899e-05	 1.13e+00 Accepted	 380	 639	
167	 5.7869455e-01	 +3.3213758e-02 +8.6949899e-05	 7.65e-01 Rejected	 383	 639	
168	 5.7873429e-01	 +3.4064084e-02 -7.1549739e-05	 1.08e+00 Accepted	 384	 637	
169	 5.7891143e-01	 +3.1804213e-02 -2.0628813e-03	 1.06e+00 Accepted	 383	 634	
170	 5.7840576e-01	 +3.3433872e-02 -9.8554526e-04	 6.87e-01 Accepted	 388	 652	
171	 5.7851170e-01	 +3.4946850e-02 +5.4019347e-04	 1.42e+00 Accepted	 398	 663	
172	 5.7851170e-01	 +3.4946850e-02 +5.4019347e-04	 6.15e-01 Rejected	 393	 634	
173	 5.7858271e-01	 +3.5168340e-02 +1.8373334e-03	 9.44e-01 Accepted	 393	 656	
174	 5.7829839e-01	 +3.4142664e-02 -9.5207723e-04	 9.17e-01 Accepted	 396	 648	
175	 5.7848370e-01	 +3.2674493e-02 -8.4622863e-04	 1.23e+00 Accepted	 389	 643	
176	 5.7848370e-01	 +3.2674493e-02 -8.4622863e-04	 6.63e-01 Rejected	 390	 643	
177	 5.7835440e-01	 +3.3957828e-02 +1.3093271e-05	 8.31e-01 Accepted	 401	 673	
178	 5.7837239e-01	 +3.3338215e-02 -8.2877348e-04	 1.09e+00 Accepted	 401	 638	
179	 5.7837827e-01	 +3.1900910e-02 -1.4314111e-03	 1.30e+00 Accepted	 384	 638	
180	 5.7842316e-01	 +3.4016846e-02 -1.3125534e-03	 1.25e+00 Accepted	 383	 620	
181	 5.7837852e-01	 +3.4696405e-02 +2.4021565e-04	 8.07e-01 Accepted	 375	 623	
182	 5.7842762e-01	 +3.5058423e-02 -1.1000851e-03	 1.33e+00 Accepted	 378	 634	
183	 5.7842762e-01	 +3.5058423e-02 -1.1000851e-03	 6.42e-01 Rejected	 382	 644	
184	 5.7841028e-01	 +3.2152324e-02 -5.1043180e-04	 7.38e-01 Accepted	 381	 632	
185	 5.7853340e-01	 +3.3894494e-02 -8.7584798e-04	 1.55e+00 Accepted	 382	 636	
186	 5.7853340e-01	 +3.3894494e-02 -8.7584798e-04	 6.76e-01 Rejected	 383	 642	
187	 5.7885213e-01	 +3.4174603e-02 -7.3762411e-04	 9.15e-01 Accepted	 382	 633	
188	 5.7891214e-01	 +3.3940594e-02 -4.2186032e-05	 1.93e+00 Accepted	 382	 633	
189	 5.7883707e-01	 +3.6306939e-02 -1.1049614e-03	 9.01e-01 Accepted	 384	 656	
190	 5.7852668e-01	 +3.4477521e-02 -5.4333165e-04	 8.25e-01 Accepted	 388	 623	
191	 5.7852668e-01	 +3.4477521e-02 -5.4333165e-04	 8.28e-01 Rejected	 379	 619	
192	 5.7852668e-01	 +3.4477521e-02 -5.4333165e-04	 7.51e-01 Rejected	 382	 634	
193	 5.7847705e-01	 +3.4083528e-02 +1.4993414e-04	 7.08e-01 Accepted	 380	 622	
194	 5.7846392e-01	 +3.5031821e-02 -1.3889750e-04	 1.38e+00 Accepted	 381	 626	
195	 5.7840899e-01	 +3.4159298e-02 +1.1458906e-03	 1.18e+00 Accepted	 382	 638	
196	 5.7807319e-01	 +3.5381426e-02 -7.2087587e-05	 8.51e-01 Accepted	 388	 631	
197	 5.7836613e-01	 +3.4511991e-02 -4.7743836e-04	 1.43e+00 Accepted	 381	 638	
198	 5.7824037e-01	 +3.4169017e-02 +5.9392911e-04	 8.73e-01 Accepted	 384	 635	
199	 5.7807993e-01	 +3.4509099e-02 -3.3788971e-04	 4.39e-01 Accepted	 387	 638	
200	 5.7821991e-01	 +3.3688202e-02 +2.0268646e-04	 9.02e-01 Accepted	 396	 680	
201	 5.7821582e-01	 +3.4121293e-02 -1.6843483e-03	 1.06e+00 Accepted	 403	 637	
202	 5.7836132e-01	 +3.3934000e-02 -4.9414946e-04	 1.23e+00 Accepted	 383	 634	
203	 5.7860520e-01	 +3.4454676e-02 -8.1823622e-04	 9.50e-01 Accepted	 380	 632	
204	 5.7872462e-01	 +3.3944948e-02 +5.7824035e-06	 7.41e-01 Accepted	 387	 649	
205	 5.7852109e-01	 +3.2060668e-02 -9.6187644e-04	 8.67e-01 Accepted	 383	 634	
206	 5.7814839e-01	 +3.3821578e-02 -1.4296812e-03	 4.34e-01 Accepted	 380	 629	
207	 5.7814839e-01	 +3.3821578e-02 -1.4296812e-03	 7.40e-01 Rejected	 380	 639	
208	 5.7854453e-01	 +3.3303190e-02 -7.4877103e-05	 2.86e+00 Accepted	 380	 627	
209	 5.7880959e-01	 +3.3743122e-02 +5.8836322e-04	 1.10e+00 Accepted	 379	 626	
210	 5.7847632e-01	 +3.3239854e-02 +3.6472059e-04	 1.03e+00 Accepted	 382	 651	
211	 5.7815055e-01	 +3.3357226e-02 -5.5474121e-04	 4.46e-01 Accepted	 387	 636	
212	 5.7808776e-01	 +3.1469579e-02 -5.7204680e-04	 7.65e-01 Accepted	 384	 634	
213	 5.7811681e-01	 +3.1237509e-02 +2.0051082e-03	 6.49e-01 Accepted	 380	 634	
214	 5.7811681e-01	 +3.1237509e-02 +2.0051082e-03	 7.89e-01 Rejected	 382	 641	
215	 5.7816193e-01	 +3.2522197e-02 -1.1116388e-03	 9.76e-01 Accepted	 381	 632	
216	 5.7815411e-01	 +3.4269984e-02 +2.7470905e-04	 4.93e-01 Accepted	 385	 638	
217	 5.7820563e-01	 +3.1294477e-02 -1.5762720e-03	 1.53e+00 Accepted	 386	 656	
218	 5.7812095e-01	 +3.1926101e-02 +2.7035396e-04	 1.27e+00 Accepted	 390	 637	
219	 5.7807195e-01	 +3.3934626e-02 -1.2255182e-03	 1.07e+00 Accepted	 384	 637	
220	 5.7843583e-01	 +3.3889801e-02 -1.0843700e-04	 1.86e+00 Accepted	 382	 635	
221	 5.7834111e-01	 +3.2363842e-02 +1.5991687e-03	 4.43e-01 Accepted	 384	 637	
222	 5.7863616e-01	 +3.5901468e-02 +2.2334066e-03	 1.29e+00 Accepted	 382	 631	
223	 5.7870945e-01	 +3.4123830e-02 +8.2978940e-04	 7.65e-01 Accepted	 381	 629	
224	 5.7861508e-01	 +3.2846582e-02 -9.1305159e-04	 9.67e-01 Accepted	 381	 633	
225	 5.7853822e-01	 +3.4096683e-02 -5.6182765e-04	 1.32e+00 Accepted	 392	 660	
226	 5.7853822e-01	 +3.4096683e-02 -5.6182765e-04	 8.14e-01 Rejected	 394	 643	
227	 5.7855394e-01	 +3.6086681e-02 -3.2325992e-04	 1.44e+00 Accepted	 393	 633	
228	 5.7846269e-01	 +3.5624209e-02 -8.5794060e-04	 1.10e+00 Accepted	 385	 632	
# Starting_type: CheckpointStart
# Trajectory_length / Number_of_MD_steps: 1 / 8
# 	 Plaquette	 Polyakov_Loop(re,im)	 Acc._Probability	 runtime_per_traj(s)	 CG_iterations	
229	 5.7846269e-01	 +3.5624209e-02 -8.5794060e-04	 6.26e-01 Rejected	 390	 644	
230	 5.7855373e-01	 +3.4117741e-02 +2.4468263e-04	 1.36e+00 Accepted	 383	 657	
231	 5.7842686e-01	 +3.5954079e-02 -4.9662284e-04	 5.83e-01 Accepted	 397	 660	
232	 5.7849500e-01	 +3.5799173e-02 -5.6335730e-04	 1.07e+00 Accepted	 393	 637	
233	 5.7863888e-01	 +3.5926409e-02 +6.7209536e-04	 1.10e+00 Accepted	 379	 632	
234	 5.7850628e-01	 +3.4885987e-02 +1.8028172e-03	 9.91e-01 Accepted	 382	 634	
235	 5.7837430e-01	 +3.5818057e-02 -1.6648743e-04	 1.01e+00 Accepted	 384	 633	
236	 5.7863990e-01	 +3.5206111e-02 -1.4413448e-04	 1.86e+00 Accepted	 385	 617	
237	 5.7852264e-01	 +3.5459706e-02 -3.1671281e-04	 1.07e+00 Accepted	 375	 621	
238	 5.7840832e-01	 +3.4294673e-02 -1.5500766e-03	 5.79e-01 Accepted	 376	 619	
239	 5.7849865e-01	 +3.4712088e-02 +1.7105878e-04	 1.14e+00 Accepted	 376	 626	
240	 5.7847478e-01	 +3.5476182e-02 -4.6138602e-04	 7.92e-01 Accepted	 377	 624	
241	 5.7859866e-01	 +3.6276152e-02 -8.1004238e-04	 1.33e+00 Accepted	 378	 638	
242	 5.7880247e-01	 +3.5790983e-02 +1.5174347e-04	 7.77e-01 Accepted	 392	 650	
243	 5.7880247e-01	 +3.5790983e-02 +1.5174347e-04	 6.51e-01 Rejected	 386	 642	
244	 5.7867949e-01	 +3.6880813e-02 +2.1407401e-04	 1.03e+00 Accepted	 388	 651	
245	 5.7873828e-01	 +3.6249079e-02 -4.0827147e-04	 9.38e-01 Accepted	 382	 618	
246	 5.7868283e-01	 +3.4361610e-02 +1.1422714e-03	 1.23e+00 Accepted	 373	 620	
247	 5.7878599e-01	 +3.6698497e-02 +5.8412755e-04	 1.09e+00 Accepted	 372	 622	
248	 5.7880873e-01	 +3.4754708e-02 +1.8062050e-04	 1.02e+00 Accepted	 378	 619	
249	 5.7875525e-01	 +3.4203843e-02 +1.9570827e-03	 1.45e+00 Accepted	 377	 631	
250	 5.7877551e-01	 +3.5395537e-02 -1.8987601e-03	 7.02e-01 Accepted	 383	 650	
251	 5.7865713e-01	 +3.4290902e-02 +4.8115241e-04	 1.08e+00 Accepted	 387	 644	
252	 5.7865938e-01	 +3.3477846e-02 -6.2275058e-04	 1.74e+00 Accepted	 396	 706	
253	 5.7859046e-01	 +3.4304796e-02 +1.1059762e-04	 9.16e-01 Accepted	 414	 691	
254	 5.7864384e-01	 +3.4471842e-02 -1.8071915e-05	 1.10e+00 Accepted	 414	 705	
255	 5.7855598e-01	 +3.2585511e-02 -7.3887231e-04	 8.85e-01 Accepted	 420	 732	
256	 5.7855598e-01	 +3.2585511e-02 -7.3887231e-04	 7.55e-01 Rejected	 417	 651	
257	 5.7850766e-01	 +3.3743914e-02 +3.4625429e-04	 1.00e+00 Accepted	 418	 656	
258	 5.7847190e-01	 +3.4574870e-02 +5.5242320e-04	 6.14e-01 Accepted	 391	 650	
259	 5.7847190e-01	 +3.4574870e-02 +5.5242320e-04	 6.67e-01 Rejected	 393	 661	
260	 5.7840986e-01	 +3.3792850e-02 -1.8655104e-03	 1.19e+00 Accepted	 393	 649	
261	 5.7852713e-01	 +3.4350508e-02 -1.7176674e-04	 1.08e+00 Accepted	 388	 644	
262	 5.7846993e-01	 +3.4767985e-02 +9.3406500e-04	 1.02e+00 Accepted	 388	 639	
263	 5.7835613e-01	 +3.2898436e-02 -8.1939117e-04	 4.07e-01 Accepted	 382	 639	
264	 5.7858231e-01	 +3.4987508e-02 -4.1681355e-04	 1.77e+00 Accepted	 384	 638	
265	 5.7858231e-01	 +3.4987508e-02 -4.1681355e-04	 8.95e-01 Rejected	 387	 666	
266	 5.7859844e-01	 +3.3354432e-02 -1.1664102e-04	 4.88e-01 Accepted	 386	 634	
267	 5.7867908e-01	 +3.3978839e-02 +1.1960213e-03	 9.29e-01 Accepted	 387	 649	
268	 5.7867908e-01	 +3.3978839e-02 +1.1960213e-03	 8.70e-01 Rejected	 388	 634	
269	 5.7865858e-01	 +3.5628285e-02 -7.4961259e-04	 1.95e+00 Accepted	 389	 656	
270	 5.7833745e-01	 +3.4298644e-02 -1.8192544e-04	 4.69e-01 Accepted	 400	 673	
271	 5.7806738e-01	 +3.4371090e-02 +4.9464352e-04	 8.09e-01 Accepted	 403	 665	
272	 5.7806738e-01	 +3.4371090e-02 +4.9464352e-04	 7.78e-01 Rejected	 395	 643	
273	 5.7827338e-01	 +3.3578460e-02 -1.4809708e-03	 1.12e+00 Accepted	 394	 629	
274	 5.7819317e-01	 +3.4139973e-02 +7.9697074e-04	 1.18e+00 Accepted	 388	 636	
275	 5.7819317e-01	 +3.4139973e-02 +7.9697074e-04	 5.32e-01 Rejected	 383	 638	
276	 5.7835145e-01	 +3.5561472e-02 -1.6709606e-03	 1.66e+00 Accepted	 381	 632	
277	 5.7823961e-01	 +3.4077919e-02 -1.1494348e-03	 9.44e-01 Accepted	 393	 653	
278	 5.7812375e-01	 +3.4408737e-02 +2.2987024e-04	 5.58e-01 Accepted	 392	 631	
279	 5.7821960e-01	 +3.5274843e-02 -1.4522139e-03	 9.17e-01 Accepted	 381	 632	
280	 5.7829881e-01	 +3.5131663e-02 +5.6992522e-05	 1.49e+00 Accepted	 382	 635	
281	 5.7829208e-01	 +3.5189948e-02 +1.1827166e-04	 7.20e-01 Accepted	 381	 638	
282	 5.7837976e-01	 +3.3123151e-02 -1.7366519e-03	 6.92e-01 Accepted	 385	 648	
283	 5.7854986e-01	 +3.2421674e-02 -3.0073877e-03	 7.47e-01 Accepted	 385	 639	
284	 5.7854986e-01	 +3.2421674e-02 -3.0073877e-03	 9.32e-01 Rejected	 385	 643	
285	 5.7860675e-01	 +3.5433400e-02 -5.8108933e-04	 7.82e-01 Accepted	 383	 637	
286	 5.7837370e-01	 +3.4595782e-02 -8.9977593e-04	 1.26e+00 Accepted	 387	 644	
287	 5.7831281e-01	 +3.3680139e-02 +1.1704891e-04	 9.79e-01 Accepted	 387	 641	
288	 5.7831281e-01	 +3.3680139e-02 +1.1704891e-04	 3.85e-01 Rejected	 386	 645	
289	 5.7843892e-01	 +3.3190687e-02 -6.3196988e-05	 1.71e+00 Accepted	 383	 636	
290	 5.7855612e-01	 +3.2722085e-02 +2.9657303e-04	 1.19e+00 Accepted	 384	 633	
291	 5.7851172e-01	 +3.5764261e-02 +1.1750551e-05	 1.04e+00 Accepted	 382	 645	
292	 5.7858270e-01	 +3.2624141e-02 +8.2597596e-04	 1.02e+00 Accepted	 386	 642	
293	 5.7851944e-01	 +3.3952651e-02 +1.1852845e-03	 1.08e+00 Accepted	 387	 648	
294	 5.7848590e-01	 +3.1793909e-02 -2.6379931e-04	 8.81e-01 Accepted	 390	 697	
295	 5.7848590e-01	 +3.1793909e-02 -2.6379931e-04	 7.48e-01 Rejected	 413	 640	
296	 5.7863410e-01	 +3.1945142e-02 +5.5141831e-05	 8.49e-01 Accepted	 420	 726	
297	 5.7846326e-01	 +3.2008780e-02 +1.6058713e-03	 1.08e+00 Accepted	 424	 683	
298	 5.7828228e-01	 +3.1917597e-02 +3.2563419e-04	 1.12e+00 Accepted	 409	 681	
299	 5.7828228e-01	 +3.1917597e-02 +3.2563419e-04	 9.13e-01 Rejected	 399	 650	
300	 5.7828892e-01	 +3.1986781e-02 +2.4453033e-04	 6.60e-01 Accepted	 417	 711	
301	 5.7821736e-01	 +3.3368582e-02 -2.8265168e-04	 7.93e-01 Accepted	 418	 668	
302	 5.7810411e-01	 +3.1459732e-02 +1.9652755e-03	 1.13e+00 Accepted	 396	 654	
303	 5.7806069e-01	 +3.0777145e-02 +2.6835261e-03	 9.72e-01 Accepted	 391	 660	
304	 5.7834689e-01	 +3.1467933e-02 +1.5157347e-03	 1.76e+00 Accepted	 390	 654	
305	 5.7834689e-01	 +3.1467933e-02 +1.5157347e-03	 7.50e-01 Rejected	 389	 649	
306	 5.7838886e-01	 +3.1506375e-02 -1.8230380e-04	 7.84e-01 Accepted	 393	 663	
307	 5.7816709e-01	 +3.1834240e-02 +1.6625955e-03	 1.18e+00 Accepted	 398	 676	
308	 5.7827084e-01	 +3.2179511e-02 -2.6687764e-05	 1.93e+00 Accepted	 401	 651	
309	 5.7828356e-01	 +3.3073452e-02 +7.7550223e-04	 1.06e+00 Accepted	 392	 651	
310	 5.7831492e-01	 +3.3601708e-02 -1.6776934e-03	 7.94e-01 Accepted	 393	 654	
311	 5.7842337e-01	 +3.3292265e-02 +1.0275846e-03	 1.09e+00 Accepted	 392	 647	
312	 5.7840747e-01	 +3.2573383e-02 +7.6496923e-04	 1.12e+00 Accepted	 394	 671	
313	 5.7846825e-01	 +3.5702106e-02 +1.4402572e-03	 1.11e+00 Accepted	 395	 639	
314	 5.7856933e-01	 +3.2272816e-02 +4.4608558e-04	 1.01e+00 Accepted	 381	 631	
315	 5.7870146e-01	 +3.3647662e-02 +1.3299145e-03	 1.24e+00 Accepted	 389	 667	
316	 5.7852475e-01	 +3.6507607e-02 +7.1634197e-04	 6.65e-01 Accepted	 400	 679	
317	 5.7852475e-01	 +3.6507607e-02 +7.1634197e-04	 3.80e-01 Rejected	 414	 671	
318	 5.7857291e-01	 +3.5659234e-02 +2.6498922e-04	 9.79e-01 Accepted	 404	 659	
319	 5.7842849e-01	 +3.3805541e-02 -4.7523924e-05	 1.06e+00 Accepted	 394	 657	
320	 5.7847387e-01	 +3.5997233e-02 +2.8443676e-03	 8.14e-01 Accepted	 392	 633	
321	 5.7818146e-01	 +3.5062737e-02 +4.9749143e-06	 4.54e-01 Accepted	 383	 630	
322	 5.7825784e-01	 +3.4304904e-02 -2.3692969e-03	 9.41e-01 Accepted	 380	 637	
323	 5.7825784e-01	 +3.4304904e-02 -2.3692969e-03	 7.50e-01 Rejected	 382	 637	
324	 5.7825784e-01	 +3.4304904e-02 -2.3692969e-03	 4.84e-01 Rejected	 393	 704	
325	 5.7823569e-01	 +3.4274001e-02 -3.2351184e-04	 8.60e-01 Accepted	 385	 656	
326	 5.7817049e-01	 +3.4087551e-02 -6.6792531e-04	 1.27e+00 Accepted	 389	 643	
327	 5.7813401e-01	 +3.3171758e-02 +2.1272301e-04	 4.36e-01 Accepted	 390	 641	
328	 5.7801775e-01	 +3.3087933e-02 +2.2892848e-03	 1.11e+00 Accepted	 387	 647	
329	 5.7828706e-01	 +3.5448632e-02 -1.2291392e-03	 2.11e+00 Accepted	 390	 636	
330	 5.7822765e-01	 +3.4685852e-02 -1.7469280e-03	 1.17e+00 Accepted	 382	 633	
331	 5.7816293e-01	 +3.4029172e-02 -5.2175565e-04	 6.41e-01 Accepted	 381	 638	
332	 5.7826345e-01	 +3.5042282e-02 +4.0925754e-04	 9.84e-01 Accepted	 383	 631	
333	 5.7841541e-01	 +3.4225014e-02 -1.1881067e-03	 8.71e-01 Accepted	 381	 641	
334	 5.7874224e-01	 +3.5627339e-02 -7.5680716e-04	 1.69e+00 Accepted	 387	 668	
335	 5.7874244e-01	 +3.7790430e-02 -2.0005947e-04	 9.02e-01 Accepted	 395	 636	
336	 5.7852094e-01	 +3.7299094e-02 -9.7864989e-04	 8.40e-01 Accepted	 384	 639	
337	 5.7848322e-01	 +3.5534828e-02 +1.2175088e-03	 1.17e+00 Accepted	 385	 638	
338	 5.7852811e-01	 +3.3632234e-02 +1.0766424e-05	 6.92e-01 Accepted	 383	 641	
# Starting_type: CheckpointStart
# Trajectory_length / Number_of_MD_steps: 1 / 8
# 	 Plaquette	 Polyakov_Loop(re,im)	 Acc._Probability	 runtime_per_traj(s)	 CG_iterations	
339	 5.7848695e-01	 +3.4291400e-02 +7.1531174e-04	 7.21e-01 Accepted	 250	 644	
340	 5.7838992e-01	 +3.4732535e-02 +2.7649731e-03	 9.91e-01 Accepted	 252	 647	
341	 5.7828462e-01	 +3.5290645e-02 +2.2709285e-04	 1.46e+00 Accepted	 254	 653	
342	 5.7827571e-01	 +3.3424793e-02 +9.5702928e-04	 1.70e+00 Accepted	 248	 650	
343	 5.7820231e-01	 +3.5694573e-02 +2.3942827e-03	 9.06e-01 Accepted	 243	 638	
344	 5.7819388e-01	 +3.5744816e-02 -3.6146960e-04	 9.50e-01 Accepted	 241	 647	
345	 5.7824907e-01	 +3.5288842e-02 +6.4776396e-04	 1.42e+00 Accepted	 242	 635	
346	 5.7830317e-01	 +3.5709931e-02 +1.4456994e-03	 7.73e-01 Accepted	 239	 622	
347	 5.7833648e-01	 +3.5772209e-02 +7.1356848e-04	 8.80e-01 Accepted	 237	 632	
348	 5.7833648e-01	 +3.5772209e-02 +7.1356848e-04	 6.50e-01 Rejected	 240	 635	
349	 5.7825943e-01	 +3.2474062e-02 +4.2003640e-04	 1.19e+00 Accepted	 238	 635	
350	 5.7818904e-01	 +3.4461235e-02 -1.3793955e-04	 9.47e-01 Accepted	 242	 636	
351	 5.7825350e-01	 +3.6789985e-02 +1.7864291e-04	 1.12e+00 Accepted	 240	 632	
352	 5.7821691e-01	 +3.4961207e-02 -4.6845483e-04	 6.57e-01 Accepted	 241	 636	
353	 5.7824674e-01	 +3.1733324e-02 -8.2311053e-05	 1.39e+00 Accepted	 240	 635	
354	 5.7817600e-01	 +3.4900981e-02 -2.8683964e-04	 1.21e+00 Accepted	 247	 687	
355	 5.7814910e-01	 +3.4199273e-02 -1.3176208e-04	 7.06e-01 Accepted	 254	 675	
356	 5.7845579e-01	 +3.6352351e-02 +1.0058234e-03	 9.73e-01 Accepted	 250	 663	
357	 5.7825521e-01	 +3.5867323e-02 +2.3697791e-04	 4.67e-01 Accepted	 250	 639	
358	 5.7825212e-01	 +3.4154217e-02 -4.4040420e-04	 9.32e-01 Accepted	 241	 643	
359	 5.7821456e-01	 +3.3816757e-02 -3.3208441e-04	 5.82e-01 Accepted	 241	 643	
360	 5.7821456e-01	 +3.3816757e-02 -3.3208441e-04	 5.13e-01 Rejected	 244	 638	
361	 5.7832858e-01	 +3.2483306e-02 -1.0952489e-04	 1.12e+00 Accepted	 255	 732	
362	 5.7806286e-01	 +3.2982941e-02 -1.0665154e-03	 6.79e-01 Accepted	 276	 728	
363	 5.7803897e-01	 +3.4329515e-02 -9.6822700e-04	 9.33e-01 Accepted	 274	 723	
364	 5.7800135e-01	 +3.4036002e-02 +8.7781201e-04	 1.13e+00 Accepted	 272	 735	
365	 5.7836463e-01	 +3.3029475e-02 -9.2413568e-04	 1.10e+00 Accepted	 269	 677	
366	 5.7836463e-01	 +3.3029475e-02 -9.2413568e-04	 7.65e-01 Rejected	 260	 679	
367	 5.7836463e-01	 +3.3029475e-02 -9.2413568e-04	 8.48e-01 Rejected	 259	 660	
368	 5.7838555e-01	 +3.5291252e-02 -3.1480071e-05	 7.41e-01 Accepted	 258	 656	
369	 5.7838555e-01	 +3.5291252e-02 -3.1480071e-05	 5.85e-01 Rejected	 248	 652	
370	 5.7842415e-01	 +3.5165017e-02 +1.1217926e-03	 6.85e-01 Accepted	 248	 654	
371	 5.7842415e-01	 +3.5165017e-02 +1.1217926e-03	 6.44e-01 Rejected	 250	 651	
372	 5.7844307e-01	 +3.4519815e-02 -3.2965890e-04	 1.34e+00 Accepted	 250	 660	
373	 5.7869691e-01	 +3.4178342e-02 -5.6052334e-05	 1.00e+00 Accepted	 248	 654	
374	 5.7878411e-01	 +3.1207187e-02 -8.3178419e-05	 8.29e-01 Accepted	 252	 652	
375	 5.7878411e-01	 +3.1207187e-02 -8.3178419e-05	 7.34e-01 Rejected	 248	 652	
376	 5.7880421e-01	 +3.1397839e-02 +7.4357798e-04	 4.83e-01 Accepted	 249	 665	
377	 5.7880421e-01	 +3.1397839e-02 +7.4357798e-04	 7.70e-01 Rejected	 250	 654	
378	 5.7875378e-01	 +3.3233792e-02 +9.5399833e-04	 6.58e-01 Accepted	 251	 652	
379	 5.7891422e-01	 +3.2707686e-02 +1.0961867e-03	 1.81e+00 Accepted	 251	 656	
380	 5.7888189e-01	 +3.4601320e-02 -4.7490489e-04	 7.96e-01 Accepted	 253	 669	
381	 5.7878522e-01	 +3.2446057e-02 -1.3186921e-04	 1.44e+00 Accepted	 251	 653	
382	 5.7876483e-01	 +3.2702944e-02 -2.6112078e-04	 1.36e+00 Accepted	 254	 698	
383	 5.7902277e-01	 +3.1009990e-02 +3.4493764e-04	 1.08e+00 Accepted	 262	 658	
384	 5.7902277e-01	 +3.1009990e-02 +3.4493764e-04	 5.11e-01 Rejected	 250	 656	
385	 5.7908162e-01	 +3.1427340e-02 +1.2273999e-03	 1.08e+00 Accepted	 251	 661	
386	 5.7894429e-01	 +3.2902671e-02 -1.6668398e-03	 1.04e+00 Accepted	 251	 662	
387	 5.7897807e-01	 +3.1920542e-02 +5.4888144e-04	 1.41e+00 Accepted	 249	 661	
388	 5.7862710e-01	 +3.2557944e-02 +1.0366386e-03	 3.33e-01 Accepted	 250	 658	
389	 5.7859863e-01	 +3.0392633e-02 +7.3775727e-04	 8.68e-01 Accepted	 247	 657	
390	 5.7832024e-01	 +3.1421180e-02 +4.3845603e-04	 1.07e+00 Accepted	 249	 656	
391	 5.7851692e-01	 +3.1925766e-02 -8.7302304e-04	 1.66e+00 Accepted	 249	 653	
392	 5.7845402e-01	 +3.1671453e-02 -5.5771706e-04	 8.14e-01 Accepted	 248	 655	
393	 5.7851426e-01	 +3.1918326e-02 -7.2786027e-04	 1.29e+00 Accepted	 250	 652	
394	 5.7882303e-01	 +3.1967749e-02 -2.6014562e-03	 1.22e+00 Accepted	 247	 652	
395	 5.7886396e-01	 +3.1686494e-02 -1.6525247e-03	 8.72e-01 Accepted	 250	 673	
396	 5.7873317e-01	 +3.1835432e-02 -9.2259514e-04	 6.01e-01 Accepted	 252	 661	
397	 5.7871923e-01	 +3.4713956e-02 +1.1741455e-03	 1.15e+00 Accepted	 249	 647	
398	 5.7861745e-01	 +3.3514378e-02 -1.3129222e-03	 5.78e-01 Accepted	 245	 650	
399	 5.7889043e-01	 +3.3230469e-02 +4.2978913e-05	 1.62e+00 Accepted	 245	 659	
400	 5.7861748e-01	 +3.2317744e-02 -1.2357055e-03	 1.07e+00 Accepted	 249	 644	
401	 5.7832390e-01	 +3.1951431e-02 +2.4009779e-04	 5.24e-01 Accepted	 255	 650	
402	 5.7834426e-01	 +2.9310180e-02 +1.1600809e-03	 1.46e+00 Accepted	 255	 646	
403	 5.7832398e-01	 +3.2431237e-02 -1.3309491e-03	 1.24e+00 Accepted	 246	 653	
404	 5.7875183e-01	 +3.2057045e-02 +4.5407034e-04	 9.00e-01 Accepted	 249	 646	
405	 5.7857009e-01	 +3.2433150e-02 -4.7500840e-04	 8.39e-01 Accepted	 245	 634	
406	 5.7857009e-01	 +3.2433150e-02 -4.7500840e-04	 9.46e-01 Rejected	 248	 650	
407	 5.7857639e-01	 +3.5719618e-02 -2.5879448e-04	 1.25e+00 Accepted	 243	 634	
408	 5.7850967e-01	 +3.3465908e-02 -1.6036699e-03	 9.03e-01 Accepted	 244	 648	
409	 5.7822306e-01	 +3.3554159e-02 +1.9361946e-04	 1.26e+00 Accepted	 245	 644	
410	 5.7822306e-01	 +3.3554159e-02 +1.9361946e-04	 8.20e-01 Rejected	 253	 716	
411	 5.7844362e-01	 +3.4039988e-02 -7.8879657e-04	 1.21e+00 Accepted	 248	 646	
412	 5.7873271e-01	 +3.3696810e-02 -8.2367223e-04	 1.58e+00 Accepted	 245	 641	
413	 5.7866590e-01	 +3.7394644e-02 +2.4659082e-04	 8.54e-01 Accepted	 244	 637	
414	 5.7834275e-01	 +3.6949564e-02 +1.3105559e-03	 5.38e-01 Accepted	 243	 635	
415	 5.7849596e-01	 +3.6815555e-02 +8.7014688e-04	 9.48e-01 Accepted	 244	 634	
416	 5.7837448e-01	 +3.5530374e-02 +2.0212242e-03	 9.16e-01 Accepted	 246	 661	
417	 5.7854020e-01	 +3.4179564e-02 +1.3421339e-03	 9.81e-01 Accepted	 250	 646	
418	 5.7860562e-01	 +3.5186918e-02 +5.7701226e-04	 1.24e+00 Accepted	 247	 650	
419	 5.7845366e-01	 +3.6532315e-02 +2.7966574e-04	 1.03e+00 Accepted	 245	 642	
420	 5.7866523e-01	 +3.6932097e-02 +3.4640656e-03	 1.96e+00 Accepted	 245	 640	
421	 5.7866523e-01	 +3.6932097e-02 +3.4640656e-03	 7.09e-01 Rejected	 246	 644	
422	 5.7870362e-01	 +3.7944803e-02 -5.1895885e-04	 1.33e+00 Accepted	 244	 654	
423	 5.7870362e-01	 +3.7944803e-02 -5.1895885e-04	 3.39e-01 Rejected	 245	 642	
424	 5.7872823e-01	 +3.7720097e-02 +1.1794752e-03	 1.31e+00 Accepted	 247	 644	
425	 5.7854615e-01	 +3.5674793e-02 -1.7684981e-03	 9.04e-01 Accepted	 245	 652	
426	 5.7854615e-01	 +3.5674793e-02 -1.7684981e-03	 4.59e-01 Rejected	 250	 667	
427	 5.7880042e-01	 +3.8435184e-02 -7.1333039e-04	 1.03e+00 Accepted	 249	 659	
428	 5.7882747e-01	 +3.4782678e-02 -2.2676202e-04	 6.85e-01 Accepted	 248	 656	
429	 5.7858261e-01	 +3.6434992e-02 +1.6745543e-03	 6.68e-01 Accepted	 250	 667	
430	 5.7858261e-01	 +3.6434992e-02 +1.6745543e-03	 7.97e-01 Rejected	 255	 666	
431	 5.7822989e-01	 +3.5037896e-02 -2.7533376e-05	 9.44e-01 Accepted	 254	 652	
432	 5.7837837e-01	 +3.7219036e-02 +1.2897919e-03	 1.03e+00 Accepted	 247	 644	
433	 5.7829879e-01	 +3.2165055e-02 +4.8366275e-04	 1.10e+00 Accepted	 246	 647	
434	 5.7835895e-01	 +3.3380194e-02 -1.4849812e-03	 1.00e+00 Accepted	 247	 662	
435	 5.7836113e-01	 +3.4516787e-02 -3.8374081e-04	 7.00e-01 Accepted	 251	 671	
436	 5.7824285e-01	 +3.2795704e-02 -1.0504362e-03	 8.58e-01 Accepted	 251	 661	
437	 5.7834414e-01	 +3.3723878e-02 -1.1460895e-03	 1.24e+00 Accepted	 252	 664	
438	 5.7835347e-01	 +3.5386168e-02 +4.8342921e-05	 9.56e-01 Accepted	 250	 651	
439	 5.7869416e-01	 +3.4431461e-02 -1.7202644e-03	 1.82e+00 Accepted	 248	 657	
440	 5.7820463e-01	 +3.4084955e-02 +1.9528107e-04	 8.51e-01 Accepted	 248	 658	
441	 5.7820463e-01	 +3.4084955e-02 +1.9528107e-04	 7.56e-01 Rejected	 248	 662	
442	 5.7826913e-01	 +3.4020517e-02 -3.8930878e-04	 1.69e+00 Accepted	 246	 639	
443	 5.7844321e-01	 +3.1980213e-02 +5.4460317e-04	 1.65e+00 Accepted	 242	 637	
444	 5.7843365e-01	 +3.6200243e-02 -3.7652452e-04	 7.98e-01 Accepted	 243	 637	
445	 5.7861771e-01	 +3.5280010e-02 +1.7632644e-04	 1.75e+00 Accepted	 244	 662	
446	 5.7832304e-01	 +3.3017455e-02 -2.2585909e-03	 9.04e-01 Accepted	 255	 684	
447	 5.7832304e-01	 +3.3017455e-02 -2.2585909e-03	 6.84e-01 Rejected	 256	 690	
448	 5.7840694e-01	 +3.3172608e-02 -1.4924848e-03	 1.10e+00 Accepted	 255	 673	
449	 5.7849755e-01	 +3.1706996e-02 +1.6259052e-04	 1.29e+00 Accepted	 252	 675	
450	 5.7821996e-01	 +3.4305771e-02 -1.3464501e-03	 1.04e+00 Accepted	 260	 781	
451	 5.7828347e-01	 +3.1711772e-02 -1.6448168e-03	 7.26e-01 Accepted	 275	 683	
452	 5.7833592e-01	 +3.1776632e-02 +2.0217848e-04	 8.84e-01 Accepted	 256	 683	
453	 5.7835155e-01	 +3.0926002e-02 +4.0040476e-04	 7.77e-01 Accepted	 253	 679	
454	 5.7863448e-01	 +3.3076476e-02 -3.7442940e-04	 1.81e+00 Accepted	 254	 673	
455	 5.7856951e-01	 +3.1589588e-02 -7.4183765e-04	 1.46e+00 Accepted	 250	 674	
456	 5.7883892e-01	 +3.4598895e-02 -3.7264666e-04	 1.08e+00 Accepted	 252	 675	
457	 5.7852085e-01	 +3.0780916e-02 -1.4173610e-03	 8.12e-01 Accepted	 253	 668	
458	 5.7835696e-01	 +3.2216394e-02 +2.2132823e-04	 6.41e-01 Accepted	 250	 663	
459	 5.7822253e-01	 +3.0140143e-02 -8.2581328e-04	 1.08e+00 Accepted	 253	 699	
460	 5.7825502e-01	 +2.9647295e-02 -7.3191678e-04	 9.12e-01 Accepted	 263	 703	
461	 5.7854459e-01	 +3.1402223e-02 -9.2166561e-04	 8.94e-01 Accepted	 257	 672	
462	 5.7861543e-01	 +3.1172635e-02 -3.5010843e-03	 1.13e+00 Accepted	 252	 672	
463	 5.7870891e-01	 +3.1841389e-02 -1.5830057e-03	 1.84e+00 Accepted	 250	 673	
464	 5.7870891e-01	 +3.1841389e-02 -1.5830057e-03	 5.48e-01 Rejected	 252	 696	
465	 5.7893671e-01	 +3.0191118e-02 -2.1721043e-04	 1.51e+00 Accepted	 255	 718	
466	 5.7894246e-01	 +3.0450710e-02 -1.4353641e-03	 8.91e-01 Accepted	 258	 673	
467	 5.7882298e-01	 +3.0691483e-02 +4.7714413e-04	 1.76e+00 Accepted	 260	 671	
468	 5.7872833e-01	 +3.1543262e-02 -9.4442045e-04	 8.55e-01 Accepted	 255	 669	
469	 5.7872833e-01	 +3.1543262e-02 -9.4442045e-04	 7.10e-01 Rejected	 251	 667	
470	 5.7851785e-01	 +2.9749644e-02 -2.7695170e-03	 9.77e-01 Accepted	 252	 669	
471	 5.7827247e-01	 +3.0557561e-02 -1.8494353e-04	 1.20e+00 Accepted	 250	 675	
472	 5.7821022e-01	 +3.1531629e-02 -3.8430719e-04	 5.43e-01 Accepted	 254	 683	
473	 5.7809793e-01	 +3.0405140e-02 -8.3183329e-04	 1.03e+00 Accepted	 254	 686	
474	 5.7821653e-01	 +3.1857177e-02 -1.8213963e-03	 7.97e-01 Accepted	 253	 676	
475	 5.7830633e-01	 +3.2496821e-02 +5.9575126e-04	 1.38e+00 Accepted	 253	 688	
476	 5.7834236e-01	 +3.2825677e-02 -1.4699253e-03	 8.38e-01 Accepted	 256	 682	
477	 5.7821665e-01	 +3.2735714e-02 -7.7649790e-04	 4.52e-01 Accepted	 253	 675	
478	 5.7818241e-01	 +3.3942933e-02 -1.3969174e-03	 7.61e-01 Accepted	 249	 666	
479	 5.7847606e-01	 +3.2123909e-02 +2.5986869e-04	 1.74e+00 Accepted	 251	 678	
480	 5.7861036e-01	 +3.1108884e-02 +1.2877291e-04	 2.15e+00 Accepted	 254	 677	
481	 5.7856859e-01	 +3.1933356e-02 -2.1268604e-03	 1.79e+00 Accepted	 253	 671	
482	 5.7856859e-01	 +3.1933356e-02 -2.1268604e-03	 5.86e-01 Rejected	 248	 674	
483	 5.7835696e-01	 +3.3041621e-02 -1.0893751e-03	 1.05e+00 Accepted	 249	 675	
484	 5.7804625e-01	 +3.0632045e-02 -2.5645246e-03	 5.43e-01 Accepted	 253	 672	
485	 5.7826471e-01	 +3.1723629e-02 -2.4678453e-04	 1.80e+00 Accepted	 248	 669	
486	 5.7832054e-01	 +3.2259777e-02 +1.5037868e-03	 8.58e-01 Accepted	 248	 673	
487	 5.7844562e-01	 +3.1802295e-02 +1.0889332e-03	 7.11e-01 Accepted	 253	 673	
488	 5.7840018e-01	 +3.1402241e-02 +2.3008517e-03	 6.97e-01 Accepted	 252	 689	
489	 5.7856107e-01	 +3.0818678e-02 -8.0572338e-04	 1.41e+00 Accepted	 253	 681	
490	 5.7856107e-01	 +3.0818678e-02 -8.0572338e-04	 7.91e-01 Rejected	 254	 692	
491	 5.7835952e-01	 +3.1239777e-02 +4.6925386e-05	 8.85e-01 Accepted	 254	 686	
492	 5.7841784e-01	 +3.1253672e-02 -1.6012787e-03	 4.54e-01 Accepted	 256	 695	
493	 5.7839769e-01	 +3.1129606e-02 -6.7975052e-04	 7.45e-01 Accepted	 255	 682	
494	 5.7831434e-01	 +3.2207877e-02 -2.9527664e-03	 8.75e-01 Accepted	 252	 687	
495	 5.7831338e-01	 +2.9587657e-02 -5.7756366e-04	 1.56e+00 Accepted	 253	 684	
496	 5.7809954e-01	 +3.0768717e-02 -2.9427142e-03	 9.87e-01 Accepted	 253	 681	
497	 5.7823748e-01	 +2.9521863e-02 -3.0170336e-04	 1.47e+00 Accepted	 252	 682	
498	 5.7826197e-01	 +3.1374539e-02 +1.3324337e-03	 9.06e-01 Accepted	 253	 682	
499	 5.7805582e-01	 +3.1940337e-02 -2.5332042e-04	 9.31e-01 Accepted	 256	 691	
500	 5.7809578e-01	 +3.1891203e-02 +3.8656452e-04	 2.22e+00 Accepted	 254	 676	
501	 5.7835634e-01	 +3.2301567e-02 +8.2758036e-04	 1.09e+00 Accepted	 251	 681	
502	 5.7835634e-01	 +3.2301567e-02 +8.2758036e-04	 5.47e-01 Rejected	 255	 680	
503	 5.7814644e-01	 +3.0112577e-02 +7.4507713e-04	 6.99e-01 Accepted	 253	 684	
504	 5.7812611e-01	 +3.2393878e-02 -4.9767215e-04	 1.28e+00 Accepted	 253	 688	
505	 5.7822130e-01	 +3.1370119e-02 +6.5976950e-04	 9.71e-01 Accepted	 255	 692	
506	 5.7832527e-01	 +3.4034064e-02 +2.0504193e-03	 1.22e+00 Accepted	 257	 696	
507	 5.7838490e-01	 +3.4864677e-02 +8.2615230e-04	 1.09e+00 Accepted	 264	 721	
508	 5.7832878e-01	 +3.1659840e-02 +1.5371117e-03	 9.55e-01 Accepted	 265	 696	
509	 5.7855165e-01	 +3.3246502e-02 +1.6568392e-03	 1.42e+00 Accepted	 257	 681	
# Starting_type: CheckpointStart
# Trajectory_length / Number_of_MD_steps: 1 / 8
# 	 Plaquette	 Polyakov_Loop(re,im)	 Acc._Probability	 runtime_per_traj(s)	 CG_iterations	
509	 5.7855165e-01	 +3.3246502e-02 +1.6568392e-03	 1.42e+00 Accepted	 265	 681	
510	 5.7867030e-01	 +3.2511989e-02 +4.4475494e-04	 9.27e-01 Accepted	 254	 671	
511	 5.7864654e-01	 +3.2441563e-02 +2.2103247e-03	 7.25e-01 Accepted	 249	 673	
512	 5.7868454e-01	 +3.3926782e-02 +1.4706411e-03	 1.38e+00 Accepted	 249	 666	
513	 5.7843602e-01	 +3.3209544e-02 +2.1737000e-03	 9.39e-01 Accepted	 248	 656	
514	 5.7865163e-01	 +3.4854404e-02 -2.2254910e-04	 9.46e-01 Accepted	 249	 660	
515	 5.7868254e-01	 +3.4569593e-02 +9.2457606e-04	 1.10e+00 Accepted	 246	 660	
516	 5.7868254e-01	 +3.4569593e-02 +9.2457606e-04	 5.83e-01 Rejected	 247	 666	
517	 5.7862799e-01	 +3.3324814e-02 +1.1521144e-03	 5.87e-01 Accepted	 246	 653	
518	 5.7840332e-01	 +3.2829539e-02 +9.1480896e-04	 7.73e-01 Accepted	 246	 671	
519	 5.7849182e-01	 +3.5035145e-02 +3.8315563e-04	 9.74e-01 Accepted	 249	 647	
520	 5.7843709e-01	 +3.3631536e-02 -2.3561127e-03	 7.20e-01 Accepted	 244	 650	
521	 5.7840659e-01	 +3.2761300e-02 +1.1331883e-03	 1.05e+00 Accepted	 244	 653	
522	 5.7856237e-01	 +3.4706154e-02 -1.3051919e-03	 1.48e+00 Accepted	 245	 659	
523	 5.7855977e-01	 +3.2036085e-02 +1.3857654e-03	 7.82e-01 Accepted	 249	 663	
524	 5.7829071e-01	 +3.2325545e-02 +3.0301399e-03	 3.42e-01 Accepted	 250	 684	
525	 5.7831720e-01	 +3.3082047e-02 +4.6556101e-04	 1.13e+00 Accepted	 258	 680	
526	 5.7858781e-01	 +3.6211176e-02 +1.5420534e-03	 1.31e+00 Accepted	 253	 676	
527	 5.7841530e-01	 +3.4638107e-02 +1.0275268e-03	 7.18e-01 Accepted	 255	 678	
528	 5.7858599e-01	 +3.3791851e-02 +5.8771146e-04	 8.96e-01 Accepted	 254	 683	
529	 5.7867975e-01	 +3.3479393e-02 +5.6956130e-04	 7.85e-01 Accepted	 253	 688	
530	 5.7851451e-01	 +3.3093832e-02 +6.3414556e-04	 6.96e-01 Accepted	 257	 690	
531	 5.7852459e-01	 +3.2853996e-02 +7.8917360e-04	 9.29e-01 Accepted	 255	 687	
532	 5.7852876e-01	 +3.4273448e-02 +1.1005210e-03	 7.90e-01 Accepted	 254	 666	
533	 5.7856417e-01	 +3.4223817e-02 +1.3282498e-03	 1.84e+00 Accepted	 252	 671	
534	 5.7848290e-01	 +3.4763358e-02 +1.4255888e-04	 7.16e-01 Accepted	 248	 665	
535	 5.7867854e-01	 +3.3444993e-02 +2.8996064e-03	 8.50e-01 Accepted	 246	 665	
536	 5.7867854e-01	 +3.3444993e-02 +2.8996064e-03	 4.10e-01 Rejected	 249	 674	
537	 5.7856926e-01	 +3.4588351e-02 +3.2792119e-03	 6.76e-01 Accepted	 248	 659	
538	 5.7856926e-01	 +3.4588351e-02 +3.2792119e-03	 6.08e-01 Rejected	 250	 661	
539	 5.7842633e-01	 +3.5498682e-02 -6.2138703e-04	 1.16e+00 Accepted	 248	 654	
540	 5.7866158e-01	 +3.3026260e-02 +4.2921622e-05	 1.34e+00 Accepted	 247	 657	
541	 5.7854082e-01	 +3.2759710e-02 +6.5135623e-04	 6.50e-01 Accepted	 251	 676	
542	 5.7866956e-01	 +3.2197310e-02 +1.6377439e-03	 9.99e-01 Accepted	 252	 660	
543	 5.7865993e-01	 +3.1891438e-02 -9.6062553e-04	 1.08e+00 Accepted	 248	 684	
544	 5.7857493e-01	 +3.2497052e-02 -9.4020243e-04	 1.00e+00 Accepted	 251	 661	
545	 5.7854854e-01	 +3.1396007e-02 -7.0017541e-04	 9.87e-01 Accepted	 247	 668	
546	 5.7853385e-01	 +3.1952554e-02 +4.2924855e-04	 1.17e+00 Accepted	 252	 672	
547	 5.7847072e-01	 +3.2914315e-02 -6.7461674e-04	 9.09e-01 Accepted	 256	 748	
548	 5.7847072e-01	 +3.2914315e-02 -6.7461674e-04	 7.14e-01 Rejected	 263	 677	
549	 5.7850249e-01	 +3.3186012e-02 -7.7439841e-04	 9.45e-01 Accepted	 267	 679	
550	 5.7850249e-01	 +3.3186012e-02 -7.7439841e-04	 5.94e-01 Rejected	 251	 673	
551	 5.7846516e-01	 +3.3491049e-02 -1.8533914e-03	 1.42e+00 Accepted	 251	 670	
552	 5.7839124e-01	 +3.4185060e-02 -4.6279198e-04	 8.86e-01 Accepted	 251	 676	
553	 5.7856637e-01	 +3.3755789e-02 +1.0599546e-03	 1.72e+00 Accepted	 252	 724	
554	 5.7856637e-01	 +3.3755789e-02 +1.0599546e-03	 8.15e-01 Rejected	 259	 671	
555	 5.7848356e-01	 +3.2966630e-02 +1.5055308e-04	 8.11e-01 Accepted	 274	 747	
556	 5.7849460e-01	 +3.3637656e-02 +2.0990397e-03	 9.41e-01 Accepted	 265	 668	
557	 5.7847869e-01	 +3.2677293e-02 +6.9416142e-04	 1.30e+00 Accepted	 248	 669	
558	 5.7847869e-01	 +3.2677293e-02 +6.9416142e-04	 8.19e-01 Rejected	 249	 665	
559	 5.7847869e-01	 +3.2677293e-02 +6.9416142e-04	 6.74e-01 Rejected	 251	 676	
560	 5.7847869e-01	 +3.2677293e-02 +6.9416142e-04	 6.48e-01 Rejected	 248	 669	
561	 5.7853160e-01	 +3.3639327e-02 -2.9602488e-05	 9.06e-01 Accepted	 248	 661	
562	 5.7881249e-01	 +3.4653482e-02 +8.9876522e-04	 1.08e+00 Accepted	 246	 666	
563	 5.7881249e-01	 +3.4653482e-02 +8.9876522e-04	 4.67e-01 Rejected	 247	 665	
564	 5.7859055e-01	 +3.3906610e-02 -1.4409151e-04	 5.42e-01 Accepted	 252	 662	
565	 5.7840958e-01	 +3.3044909e-02 +1.5703897e-04	 6.83e-01 Accepted	 250	 660	
566	 5.7840958e-01	 +3.3044909e-02 +1.5703897e-04	 6.61e-01 Rejected	 248	 657	
567	 5.7836028e-01	 +3.3811480e-02 -1.8892739e-04	 6.89e-01 Accepted	 253	 673	
568	 5.7861450e-01	 +3.2440237e-02 -6.7623315e-04	 6.76e-01 Accepted	 253	 670	
569	 5.7872278e-01	 +3.4888229e-02 -1.0906696e-03	 8.19e-01 Accepted	 249	 670	
570	 5.7824051e-01	 +3.3865937e-02 -1.0757170e-03	 1.00e+00 Accepted	 249	 665	
571	 5.7841675e-01	 +3.2584781e-02 -2.0923607e-03	 7.72e-01 Accepted	 248	 659	
572	 5.7819352e-01	 +3.1294084e-02 +2.3823774e-04	 3.48e-01 Accepted	 250	 658	
573	 5.7819352e-01	 +3.1294084e-02 +2.3823774e-04	 6.84e-01 Rejected	 250	 696	
574	 5.7819352e-01	 +3.1294084e-02 +2.3823774e-04	 7.89e-01 Rejected	 248	 664	
575	 5.7847638e-01	 +3.4576698e-02 +3.2430538e-04	 2.55e+00 Accepted	 249	 664	
576	 5.7819394e-01	 +3.4681231e-02 +2.5579002e-03	 8.49e-01 Accepted	 246	 667	
577	 5.7838424e-01	 +3.5512792e-02 +6.5540408e-04	 1.60e+00 Accepted	 249	 664	
578	 5.7819738e-01	 +3.3948777e-02 +1.6709436e-03	 8.27e-01 Accepted	 248	 667	
579	 5.7808606e-01	 +3.1181666e-02 +2.9401322e-04	 5.69e-01 Accepted	 251	 678	
580	 5.7810584e-01	 +3.0185498e-02 +1.0939423e-03	 7.78e-01 Accepted	 255	 682	
581	 5.7831216e-01	 +3.3070633e-02 -3.9118989e-04	 1.54e+00 Accepted	 251	 664	
582	 5.7831216e-01	 +3.3070633e-02 -3.9118989e-04	 4.72e-01 Rejected	 249	 664	
583	 5.7839581e-01	 +3.4268421e-02 -1.3351658e-04	 1.44e+00 Accepted	 248	 668	
584	 5.7836869e-01	 +3.3909014e-02 -2.5847496e-04	 1.40e+00 Accepted	 248	 663	
585	 5.7854953e-01	 +3.3638707e-02 +2.8425487e-04	 6.70e-01 Accepted	 247	 660	
586	 5.7847396e-01	 +3.4438022e-02 +4.2163940e-04	 5.95e-01 Accepted	 247	 661	
587	 5.7827126e-01	 +3.2181263e-02 +5.9277601e-04	 7.30e-01 Accepted	 248	 665	
588	 5.7820607e-01	 +3.2272261e-02 +2.2409417e-03	 8.84e-01 Accepted	 246	 657	
589	 5.7826333e-01	 +3.5007500e-02 -1.2405371e-04	 9.27e-01 Accepted	 245	 655	
590	 5.7835566e-01	 +3.4707322e-02 +7.9811253e-04	 9.46e-01 Accepted	 245	 650	
591	 5.7835566e-01	 +3.4707322e-02 +7.9811253e-04	 4.39e-01 Rejected	 247	 655	
592	 5.7836213e-01	 +3.4322951e-02 +5.6820083e-04	 8.79e-01 Accepted	 248	 661	
593	 5.7841718e-01	 +3.1730610e-02 +1.1323112e-03	 6.86e-01 Accepted	 247	 652	
594	 5.7829808e-01	 +3.3387135e-02 -9.8449481e-04	 8.87e-01 Accepted	 249	 676	
595	 5.7828003e-01	 +3.4918158e-02 +1.4679713e-03	 9.36e-01 Accepted	 252	 656	
596	 5.7845776e-01	 +3.5502682e-02 -2.8790630e-05	 8.67e-01 Accepted	 250	 669	
597	 5.7830241e-01	 +3.4083706e-02 -7.1267524e-04	 1.24e+00 Accepted	 249	 682	
598	 5.7843095e-01	 +3.4377520e-02 -7.8395831e-05	 1.10e+00 Accepted	 252	 659	
599	 5.7833810e-01	 +3.3270855e-02 +1.3562073e-03	 1.47e+00 Accepted	 247	 661	
600	 5.7815455e-01	 +3.3429042e-02 +1.4813478e-03	 9.74e-01 Accepted	 244	 653	
601	 5.7792965e-01	 +3.1988665e-02 +1.0336039e-03	 1.31e+00 Accepted	 246	 656	
602	 5.7792965e-01	 +3.1988665e-02 +1.0336039e-03	 7.65e-01 Rejected	 251	 695	
603	 5.7805752e-01	 +3.2943743e-02 +7.2106067e-04	 1.03e+00 Accepted	 251	 664	
604	 5.7810580e-01	 +3.0706412e-02 +5.7541782e-04	 1.11e+00 Accepted	 253	 662	
605	 5.7834995e-01	 +3.1928990e-02 +1.5821840e-03	 9.34e-01 Accepted	 247	 659	
606	 5.7848967e-01	 +3.3681987e-02 +9.6692657e-05	 1.06e+00 Accepted	 247	 659	
607	 5.7861233e-01	 +3.4392887e-02 +1.6457565e-03	 1.37e+00 Accepted	 249	 672	
608	 5.7855903e-01	 +3.2452818e-02 +1.9350288e-03	 1.06e+00 Accepted	 249	 667	
609	 5.7858422e-01	 +3.3471911e-02 +5.4096028e-04	 1.36e+00 Accepted	 249	 676	
610	 5.7852052e-01	 +3.5854486e-02 -1.1805654e-03	 1.47e+00 Accepted	 251	 679	
611	 5.7831068e-01	 +3.2100610e-02 +2.2105992e-04	 7.51e-01 Accepted	 254	 680	
612	 5.7827890e-01	 +3.5411022e-02 +6.5674266e-04	 8.55e-01 Accepted	 251	 676	
613	 5.7854503e-01	 +3.3454203e-02 +1.6793581e-03	 1.49e+00 Accepted	 253	 679	
614	 5.7865885e-01	 +3.3548252e-02 +1.2723832e-03	 7.42e-01 Accepted	 252	 674	
615	 5.7849936e-01	 +3.3329293e-02 +1.5473418e-03	 5.58e-01 Accepted	 254	 681	
616	 5.7855803e-01	 +3.3269389e-02 +1.6199545e-04	 5.60e-01 Accepted	 253	 685	
617	 5.7822714e-01	 +3.3353376e-02 -9.5734681e-04	 5.80e-01 Accepted	 252	 692	
618	 5.7822714e-01	 +3.3353376e-02 -9.5734681e-04	 7.46e-01 Rejected	 257	 701	
619	 5.7841241e-01	 +3.3310364e-02 +1.2990267e-03	 1.17e+00 Accepted	 259	 687	
620	 5.7851817e-01	 +3.4488173e-02 +1.5337336e-04	 1.02e+00 Accepted	 254	 674	
621	 5.7851817e-01	 +3.4488173e-02 +1.5337336e-04	 6.47e-01 Rejected	 251	 677	
622	 5.7860745e-01	 +3.4864581e-02 +2.4458289e-03	 8.08e-01 Accepted	 251	 668	
623	 5.7875218e-01	 +3.3480891e-02 -5.2048063e-05	 1.19e+00 Accepted	 249	 664	
624	 5.7887751e-01	 +3.1139873e-02 +3.6516766e-04	 8.64e-01 Accepted	 247	 660	
625	 5.7882141e-01	 +3.4157445e-02 -1.4801691e-03	 1.43e+00 Accepted	 247	 665	
626	 5.7886030e-01	 +3.4364980e-02 -1.1092232e-03	 5.57e-01 Accepted	 249	 670	
627	 5.7886030e-01	 +3.4364980e-02 -1.1092232e-03	 3.98e-01 Rejected	 252	 674	
628	 5.7864819e-01	 +3.2750341e-02 +1.4948098e-03	 6.30e-01 Accepted	 251	 672	
629	 5.7848904e-01	 +3.3999873e-02 -7.8277367e-05	 1.32e+00 Accepted	 251	 689	
630	 5.7861524e-01	 +3.5366355e-02 -1.6207428e-03	 2.16e+00 Accepted	 254	 676	
631	 5.7861524e-01	 +3.5366355e-02 -1.6207428e-03	 7.81e-01 Rejected	 251	 666	
632	 5.7849401e-01	 +3.5121278e-02 +6.1604784e-04	 6.87e-01 Accepted	 251	 675	
633	 5.7841708e-01	 +3.3798352e-02 +3.4966560e-04	 9.03e-01 Accepted	 252	 685	
634	 5.7866557e-01	 +3.2837124e-02 +2.0565982e-04	 7.19e-01 Accepted	 253	 684	
635	 5.7846069e-01	 +3.2456103e-02 -3.6388735e-03	 6.69e-01 Accepted	 253	 684	
636	 5.7842625e-01	 +3.2862471e-02 -1.5965923e-03	 9.09e-01 Accepted	 254	 693	
637	 5.7848739e-01	 +3.5838818e-02 +4.2033995e-04	 1.24e+00 Accepted	 257	 697	
638	 5.7850462e-01	 +3.5414266e-02 -2.6120891e-04	 1.50e+00 Accepted	 258	 694	
639	 5.7850776e-01	 +3.6024798e-02 -9.9523787e-04	 4.78e-01 Accepted	 258	 698	
640	 5.7855326e-01	 +3.3953376e-02 -8.8074770e-05	 1.51e+00 Accepted	 257	 688	
641	 5.7855326e-01	 +3.3953376e-02 -8.8074770e-05	 8.27e-01 Rejected	 259	 690	
642	 5.7831280e-01	 +3.3343188e-02 -1.3242842e-03	 7.98e-01 Accepted	 259	 693	
643	 5.7826744e-01	 +3.2815820e-02 -2.7689035e-04	 9.46e-01 Accepted	 258	 730	
644	 5.7836348e-01	 +3.2313499e-02 -1.7308710e-04	 1.17e+00 Accepted	 267	 725	
645	 5.7832303e-01	 +3.3544565e-02 -8.0551915e-04	 6.37e-01 Accepted	 261	 684	
646	 5.7836459e-01	 +3.4371589e-02 -6.2882038e-04	 1.41e+00 Accepted	 260	 707	
647	 5.7824145e-01	 +3.5347267e-02 +1.1956532e-04	 5.21e-01 Accepted	 264	 712	
648	 5.7828540e-01	 +3.4453156e-02 -8.7806455e-04	 1.01e+00 Accepted	 257	 677	
649	 5.7830664e-01	 +3.4093567e-02 +5.6695139e-04	 1.28e+00 Accepted	 252	 680	
650	 5.7851563e-01	 +3.4779614e-02 -3.5838340e-04	 1.31e+00 Accepted	 253	 665	
651	 5.7840333e-01	 +3.4179714e-02 -4.6524286e-04	 1.06e+00 Accepted	 248	 657	
652	 5.7837280e-01	 +3.3668228e-02 -7.7648219e-04	 1.64e+00 Accepted	 246	 656	
653	 5.7842187e-01	 +3.5216200e-02 -4.8361891e-04	 6.58e-01 Accepted	 248	 663	
654	 5.7843152e-01	 +3.3892816e-02 +3.7565645e-04	 7.48e-01 Accepted	 249	 672	
655	 5.7843152e-01	 +3.3892816e-02 +3.7565645e-04	 5.47e-01 Rejected	 252	 657	
656	 5.7858824e-01	 +3.5471279e-02 -4.7323572e-04	 1.34e+00 Accepted	 251	 662	
657	 5.7890978e-01	 +3.6087619e-02 +2.2210803e-04	 2.05e+00 Accepted	 255	 738	
658	 5.7855002e-01	 +3.5370425e-02 +1.6542039e-03	 6.67e-01 Accepted	 274	 721	
659	 5.7855002e-01	 +3.5370425e-02 +1.6542039e-03	 8.46e-01 Rejected	 267	 725	
660	 5.7846552e-01	 +3.3353329e-02 -1.1449230e-05	 8.30e-01 Accepted	 265	 703	
661	 5.7860664e-01	 +3.7298507e-02 +1.5657912e-03	 9.43e-01 Accepted	 260	 706	
662	 5.7851491e-01	 +3.3914146e-02 +1.2155803e-03	 6.83e-01 Accepted	 260	 712	
663	 5.7851491e-01	 +3.3914146e-02 +1.2155803e-03	 6.56e-01 Rejected	 261	 711	
664	 5.7851491e-01	 +3.3914146e-02 +1.2155803e-03	 5.92e-01 Rejected	 262	 717	
665	 5.7812421e-01	 +3.5306452e-02 +2.2735976e-03	 7.58e-01 Accepted	 268	 709	
666	 5.7818244e-01	 +3.3919230e-02 +8.3494437e-05	 1.42e+00 Accepted	 254	 660	
667	 5.7802575e-01	 +3.4003608e-02 -2.5294231e-04	 1.11e+00 Accepted	 250	 695	
668	 5.7813250e-01	 +3.3020697e-02 +1.0529775e-03	 9.05e-01 Accepted	 260	 721	
669	 5.7818985e-01	 +3.5072667e-02 -2.8789146e-04	 7.88e-01 Accepted	 268	 745	
670	 5.7831992e-01	 +3.4085741e-02 -1.7746173e-03	 1.21e+00 Accepted	 279	 805	
671	 5.7852916e-01	 +3.5748264e-02 +2.8298472e-04	 1.02e+00 Accepted	 278	 704	
672	 5.7852916e-01	 +3.5748264e-02 +2.8298472e-04	 7.24e-01 Rejected	 261	 693	
673	 5.7852916e-01	 +3.5748264e-02 +2.8298472e-04	 4.20e-01 Rejected	 260	 673	
674	 5.7852916e-01	 +3.5748264e-02 +2.8298472e-04	 4.87e-01 Rejected	 260	 673	
675	 5.7841606e-01	 +3.5226515e-02 -9.1813033e-04	 5.98e-01 Accepted	 257	 666	
676	 5.7826944e-01	 +3.3451794e-02 +1.4208136e-03	 9.37e-01 Accepted	 250	 669	
677	 5.7816620e-01	 +3.2216680e-02 +1.4526383e-03	 9.41e-01 Accepted	 251	 664	
678	 5.7816620e-01	 +3.2216680e-02 +1.4526383e-03	 9.00e-01 Rejected	 252	 683	
# Starting_type: CheckpointStart
# Trajectory_length / Number_of_MD_steps: 1 / 8
# 	 Plaquette	 Polyakov_Loop(re,im)	 Acc._Probability	 runtime_per_traj(s)	 CG_iterations	
679	 5.7822821e-01	 +3.3803769e-02 -8.6941212e-04	 1.38e+00 Accepted	 254	 673	
680	 5.7828277e-01	 +3.2650935e-02 +7.8987384e-04	 8.93e-01 Accepted	 253	 677	
681	 5.7855346e-01	 +3.3482150e-02 +9.9803433e-05	 1.23e+00 Accepted	 253	 675	
682	 5.7861367e-01	 +3.5563584e-02 -5.5464997e-04	 1.32e+00 Accepted	 246	 672	
683	 5.7891310e-01	 +3.4810857e-02 -2.1835822e-03	 1.80e+00 Accepted	 248	 674	
684	 5.7874086e-01	 +3.4568098e-02 -8.7242927e-04	 5.92e-01 Accepted	 247	 665	
685	 5.7862687e-01	 +3.3048315e-02 -6.5435813e-04	 7.45e-01 Accepted	 248	 682	
686	 5.7881530e-01	 +3.3346833e-02 -4.8384233e-04	 1.66e+00 Accepted	 249	 674	
687	 5.7885328e-01	 +3.1317885e-02 -1.1808754e-03	 1.30e+00 Accepted	 248	 676	
688	 5.7885328e-01	 +3.1317885e-02 -1.1808754e-03	 4.28e-01 Rejected	 248	 675	
689	 5.7878763e-01	 +3.4456936e-02 -3.4622614e-04	 1.62e+00 Accepted	 248	 677	
690	 5.7865832e-01	 +3.3182674e-02 -6.7940880e-04	 1.05e+00 Accepted	 250	 677	
691	 5.7864277e-01	 +3.3260066e-02 -1.7132689e-03	 6.38e-01 Accepted	 249	 679	
692	 5.7868015e-01	 +3.1984758e-02 -2.2554094e-03	 9.26e-01 Accepted	 250	 706	
693	 5.7846048e-01	 +3.4313437e-02 +9.4701868e-04	 9.42e-01 Accepted	 255	 676	
694	 5.7861974e-01	 +3.2491635e-02 +2.0336408e-04	 1.01e+00 Accepted	 248	 683	
695	 5.7851177e-01	 +3.2766457e-02 -2.1066171e-03	 1.14e+00 Accepted	 250	 678	
696	 5.7843927e-01	 +3.2110561e-02 +7.9746588e-05	 9.75e-01 Accepted	 249	 679	
697	 5.7835046e-01	 +3.1281846e-02 -1.0886787e-04	 5.26e-01 Accepted	 250	 677	
698	 5.7847877e-01	 +3.1510288e-02 -8.1474818e-04	 1.59e+00 Accepted	 248	 676	
699	 5.7824170e-01	 +3.2198901e-02 -1.7594914e-04	 7.19e-01 Accepted	 249	 677	
700	 5.7839806e-01	 +3.0740336e-02 -9.0475871e-04	 1.18e+00 Accepted	 248	 674	
701	 5.7843924e-01	 +3.1874142e-02 -2.7703271e-04	 9.90e-01 Accepted	 247	 675	
702	 5.7856681e-01	 +3.0230157e-02 -1.6250683e-03	 1.54e+00 Accepted	 248	 695	
703	 5.7859380e-01	 +2.9007335e-02 -1.7391268e-03	 1.07e+00 Accepted	 252	 672	
704	 5.7864735e-01	 +2.9443342e-02 -3.3208234e-03	 5.60e-01 Accepted	 249	 685	
705	 5.7866537e-01	 +2.9403537e-02 -1.3454234e-04	 1.27e+00 Accepted	 251	 686	
706	 5.7840923e-01	 +3.2340836e-02 -1.9967559e-03	 8.85e-01 Accepted	 250	 688	
707	 5.7811464e-01	 +3.1316606e-02 -2.2799299e-03	 7.36e-01 Accepted	 252	 681	
708	 5.7812143e-01	 +3.3227625e-02 -8.3168177e-04	 1.12e+00 Accepted	 251	 696	
709	 5.7821561e-01	 +3.3064596e-02 -1.6513565e-04	 1.55e+00 Accepted	 254	 699	
710	 5.7839220e-01	 +3.2172246e-02 -4.5396871e-04	 1.17e+00 Accepted	 257	 701	
711	 5.7839220e-01	 +3.2172246e-02 -4.5396871e-04	 5.19e-01 Rejected	 257	 708	
712	 5.7840969e-01	 +3.0536298e-02 -1.2172662e-03	 1.15e+00 Accepted	 253	 684	
713	 5.7840969e-01	 +3.0536298e-02 -1.2172662e-03	 8.46e-01 Rejected	 254	 699	
714	 5.7817233e-01	 +2.9729594e-02 +1.2118575e-04	 1.04e+00 Accepted	 255	 692	
715	 5.7839680e-01	 +3.0679425e-02 -1.3068644e-03	 1.15e+00 Accepted	 252	 680	
716	 5.7838800e-01	 +3.0150717e-02 -1.5454710e-03	 5.21e-01 Accepted	 253	 687	
717	 5.7856470e-01	 +2.9436422e-02 -6.8116352e-04	 1.05e+00 Accepted	 254	 679	
718	 5.7856470e-01	 +2.9436422e-02 -6.8116352e-04	 7.50e-01 Rejected	 253	 734	
719	 5.7891933e-01	 +3.0339296e-02 -7.0842968e-04	 1.22e+00 Accepted	 251	 688	
720	 5.7891933e-01	 +3.0339296e-02 -7.0842968e-04	 6.10e-01 Rejected	 254	 695	
721	 5.7887168e-01	 +3.2109508e-02 +5.7655662e-04	 8.63e-01 Accepted	 252	 678	
722	 5.7887168e-01	 +3.2109508e-02 +5.7655662e-04	 5.82e-01 Rejected	 249	 683	
723	 5.7882839e-01	 +3.2942880e-02 -1.3592460e-03	 1.18e+00 Accepted	 250	 677	
724	 5.7882839e-01	 +3.2942880e-02 -1.3592460e-03	 5.57e-01 Rejected	 250	 667	
725	 5.7870878e-01	 +3.0347166e-02 -2.8699642e-03	 8.58e-01 Accepted	 251	 679	
726	 5.7884340e-01	 +3.1627743e-02 -1.1138926e-03	 8.98e-01 Accepted	 250	 677	
727	 5.7869188e-01	 +3.0657666e-02 -1.4550665e-03	 1.20e+00 Accepted	 252	 684	
728	 5.7869188e-01	 +3.0657666e-02 -1.4550665e-03	 7.39e-01 Rejected	 253	 682	
729	 5.7852361e-01	 +3.3060170e-02 +1.1008831e-04	 6.47e-01 Accepted	 254	 684	
730	 5.7849606e-01	 +3.1906992e-02 -2.9660017e-04	 7.99e-01 Accepted	 252	 681	
731	 5.7806682e-01	 +2.9472379e-02 +2.2928716e-03	 7.94e-01 Accepted	 252	 684	
732	 5.7827563e-01	 +3.0784585e-02 +2.9315947e-04	 1.23e+00 Accepted	 252	 682	
733	 5.7824701e-01	 +3.0123676e-02 +1.1506290e-03	 8.18e-01 Accepted	 251	 706	
734	 5.7824701e-01	 +3.0123676e-02 +1.1506290e-03	 7.63e-01 Rejected	 255	 686	
735	 5.7862516e-01	 +3.2323892e-02 +3.5149556e-04	 1.62e+00 Accepted	 261	 703	
736	 5.7845329e-01	 +3.3318601e-02 -1.0388722e-03	 4.88e-01 Accepted	 255	 685	
737	 5.7830615e-01	 +3.0210386e-02 -1.2551621e-03	 1.61e+00 Accepted	 250	 669	
738	 5.7843810e-01	 +3.0704220e-02 +1.7675966e-03	 1.20e+00 Accepted	 246	 662	
739	 5.7858909e-01	 +3.1432244e-02 +1.3842806e-03	 1.89e+00 Accepted	 246	 669	
740	 5.7848533e-01	 +3.1231883e-02 -2.5779913e-04	 7.01e-01 Accepted	 248	 678	
741	 5.7815128e-01	 +3.0106982e-02 +1.0753067e-03	 7.84e-01 Accepted	 248	 674	
742	 5.7816122e-01	 +3.0504272e-02 +2.1774608e-03	 1.07e+00 Accepted	 248	 674	
743	 5.7842145e-01	 +3.1580989e-02 +9.6394628e-04	 8.20e-01 Accepted	 251	 682	
744	 5.7834326e-01	 +3.1161061e-02 +1.6332839e-03	 9.25e-01 Accepted	 251	 683	
745	 5.7821964e-01	 +3.1936663e-02 +2.0413064e-03	 9.06e-01 Accepted	 248	 672	
746	 5.7808785e-01	 +3.0001718e-02 -4.6082778e-04	 8.32e-01 Accepted	 246	 669	
747	 5.7828577e-01	 +2.9516456e-02 +2.6366661e-04	 1.08e+00 Accepted	 247	 664	
748	 5.7814578e-01	 +3.1745052e-02 +5.0677369e-04	 6.03e-01 Accepted	 249	 673	
749	 5.7830113e-01	 +3.3241746e-02 -9.9767108e-05	 1.65e+00 Accepted	 247	 654	
750	 5.7837725e-01	 +3.3478240e-02 -8.2093222e-04	 1.19e+00 Accepted	 248	 699	
751	 5.7817636e-01	 +3.2751882e-02 -1.5914736e-03	 1.01e+00 Accepted	 257	 709	
752	 5.7853170e-01	 +3.3717110e-02 -3.1284074e-04	 1.04e+00 Accepted	 262	 693	
753	 5.7836517e-01	 +3.2942740e-02 -4.4937737e-04	 6.33e-01 Accepted	 256	 683	
754	 5.7837634e-01	 +3.2213736e-02 +1.3800189e-03	 8.07e-01 Accepted	 252	 670	
755	 5.7844710e-01	 +3.3374960e-02 +1.4692422e-03	 9.46e-01 Accepted	 247	 659	
756	 5.7855297e-01	 +3.6578992e-02 +5.7080138e-04	 9.65e-01 Accepted	 244	 657	
757	 5.7865148e-01	 +3.4771142e-02 -8.8168286e-04	 7.70e-01 Accepted	 247	 663	
758	 5.7865148e-01	 +3.4771142e-02 -8.8168286e-04	 5.96e-01 Rejected	 245	 660	
759	 5.7868605e-01	 +3.3959866e-02 +1.0623664e-03	 8.37e-01 Accepted	 244	 647	
760	 5.7868605e-01	 +3.3959866e-02 +1.0623664e-03	 6.83e-01 Rejected	 245	 665	
761	 5.7873363e-01	 +3.5049534e-02 +3.0238879e-04	 1.16e+00 Accepted	 242	 647	
762	 5.7838049e-01	 +3.5345839e-02 +1.7027480e-03	 6.95e-01 Accepted	 247	 702	
763	 5.7844557e-01	 +3.4721575e-02 +5.0232973e-04	 8.63e-01 Accepted	 253	 662	
764	 5.7844557e-01	 +3.4721575e-02 +5.0232973e-04	 6.91e-01 Rejected	 242	 651	
765	 5.7866856e-01	 +3.5909797e-02 -3.1344353e-04	 9.71e-01 Accepted	 248	 680	
766	 5.7827232e-01	 +3.4022306e-02 -2.1747883e-05	 8.73e-01 Accepted	 253	 647	
767	 5.7839174e-01	 +3.4370102e-02 +2.2567802e-04	 1.05e+00 Accepted	 242	 663	
768	 5.7839174e-01	 +3.4370102e-02 +2.2567802e-04	 7.18e-01 Rejected	 244	 651	
769	 5.7855158e-01	 +3.4765917e-02 -1.2061723e-03	 1.03e+00 Accepted	 245	 654	
770	 5.7864586e-01	 +3.5792989e-02 -8.6805420e-04	 1.16e+00 Accepted	 242	 649	
771	 5.7848395e-01	 +3.4916820e-02 +1.2241946e-05	 9.38e-01 Accepted	 243	 651	
772	 5.7861658e-01	 +3.4488552e-02 +8.0553456e-04	 1.57e+00 Accepted	 252	 715	
773	 5.7861658e-01	 +3.4488552e-02 +8.0553456e-04	 6.34e-01 Rejected	 258	 689	
774	 5.7838695e-01	 +3.0937381e-02 +8.2379398e-05	 9.73e-01 Accepted	 255	 672	
775	 5.7846898e-01	 +3.5724891e-02 +1.5120267e-03	 1.01e+00 Accepted	 254	 694	
776	 5.7882858e-01	 +3.7247816e-02 +1.8090335e-03	 1.57e+00 Accepted	 250	 665	
777	 5.7852633e-01	 +3.5272842e-02 +3.1594218e-04	 7.68e-01 Accepted	 246	 654	
778	 5.7867606e-01	 +3.4769842e-02 +1.1857689e-03	 1.86e+00 Accepted	 244	 663	
779	 5.7866528e-01	 +3.4939876e-02 +1.3478252e-03	 1.27e+00 Accepted	 252	 726	
780	 5.7854342e-01	 +3.7240151e-02 -1.1954188e-03	 1.53e+00 Accepted	 263	 685	
781	 5.7857497e-01	 +3.3510335e-02 +1.5042033e-04	 9.12e-01 Accepted	 251	 665	
782	 5.7833167e-01	 +3.5509858e-02 -9.8585607e-04	 8.16e-01 Accepted	 245	 671	
783	 5.7865997e-01	 +3.4342700e-02 -3.3374080e-04	 1.29e+00 Accepted	 246	 659	
784	 5.7855042e-01	 +3.3721412e-02 +2.7619485e-03	 1.10e+00 Accepted	 253	 698	
785	 5.7853076e-01	 +3.2196044e-02 +1.5426133e-03	 1.39e+00 Accepted	 254	 697	
786	 5.7852172e-01	 +3.4365595e-02 +1.1994120e-03	 1.22e+00 Accepted	 256	 699	
787	 5.7854094e-01	 +3.3468942e-02 -1.8343880e-03	 1.03e+00 Accepted	 258	 699	
788	 5.7840336e-01	 +3.2583844e-02 -3.2966405e-05	 1.24e+00 Accepted	 255	 689	
789	 5.7833084e-01	 +3.1668020e-02 -6.6841615e-04	 8.75e-01 Accepted	 253	 698	
790	 5.7836594e-01	 +3.3092560e-02 +1.8527584e-05	 9.89e-01 Accepted	 253	 692	
791	 5.7851094e-01	 +3.3413841e-02 -1.6661243e-03	 7.63e-01 Accepted	 252	 687	
792	 5.7851094e-01	 +3.3413841e-02 -1.6661243e-03	 3.95e-01 Rejected	 251	 693	
793	 5.7854845e-01	 +3.3929146e-02 -8.8147107e-04	 1.24e+00 Accepted	 253	 691	
794	 5.7861308e-01	 +3.5187859e-02 +9.1353255e-07	 8.16e-01 Accepted	 252	 692	
795	 5.7855015e-01	 +3.3427588e-02 +3.2012866e-04	 1.16e+00 Accepted	 258	 735	
796	 5.7864742e-01	 +3.3265027e-02 +2.1296355e-04	 1.32e+00 Accepted	 264	 702	
797	 5.7864742e-01	 +3.3265027e-02 +2.1296355e-04	 7.61e-01 Rejected	 256	 706	
798	 5.7884127e-01	 +3.6736177e-02 -6.8702270e-04	 1.04e+00 Accepted	 254	 695	
799	 5.7884127e-01	 +3.6736177e-02 -6.8702270e-04	 5.57e-01 Rejected	 254	 700	
800	 5.7864118e-01	 +3.4374880e-02 -3.0078380e-04	 1.00e+00 Accepted	 256	 714	
801	 5.7855319e-01	 +3.5392532e-02 -9.3726414e-04	 9.98e-01 Accepted	 254	 665	
802	 5.7855319e-01	 +3.5392532e-02 -9.3726414e-04	 8.20e-01 Rejected	 254	 716	
803	 5.7843553e-01	 +3.1440654e-02 -1.0227323e-03	 1.04e+00 Accepted	 249	 667	
804	 5.7833063e-01	 +3.5291809e-02 -1.3866007e-03	 5.53e-01 Accepted	 246	 664	
805	 5.7824907e-01	 +3.3376864e-02 +2.9047021e-04	 7.78e-01 Accepted	 246	 668	
806	 5.7843352e-01	 +3.5387555e-02 -7.5389827e-04	 1.01e+00 Accepted	 245	 667	
807	 5.7822941e-01	 +3.6691606e-02 -1.8205301e-03	 8.68e-01 Accepted	 247	 667	
808	 5.7829805e-01	 +3.4525150e-02 +7.2735270e-04	 5.73e-01 Accepted	 247	 670	
809	 5.7853827e-01	 +3.2328881e-02 +1.2700566e-04	 1.56e+00 Accepted	 248	 675	
810	 5.7858979e-01	 +3.5216526e-02 -7.2792056e-04	 1.14e+00 Accepted	 257	 746	
811	 5.7896815e-01	 +3.3876486e-02 +3.0601694e-04	 2.15e+00 Accepted	 273	 727	
812	 5.7876402e-01	 +3.4457588e-02 -4.1949978e-04	 1.01e+00 Accepted	 270	 740	
813	 5.7883510e-01	 +3.5814311e-02 -1.3525138e-03	 1.60e+00 Accepted	 270	 721	
814	 5.7858345e-01	 +3.4132708e-02 +1.0607989e-03	 1.01e+00 Accepted	 262	 729	
815	 5.7834312e-01	 +3.6364150e-02 +2.9213374e-04	 5.65e-01 Accepted	 264	 721	
816	 5.7834312e-01	 +3.6364150e-02 +2.9213374e-04	 7.70e-01 Rejected	 263	 721	
817	 5.7829711e-01	 +3.4451803e-02 -7.3534712e-04	 1.52e+00 Accepted	 262	 707	
818	 5.7830619e-01	 +3.6196353e-02 +3.8139738e-04	 7.72e-01 Accepted	 257	 693	
819	 5.7830619e-01	 +3.6196353e-02 +3.8139738e-04	 7.15e-01 Rejected	 254	 696	
820	 5.7839413e-01	 +3.3947372e-02 +7.8757923e-04	 1.44e+00 Accepted	 255	 704	
821	 5.7848798e-01	 +3.4894678e-02 -5.4793320e-04	 1.56e+00 Accepted	 257	 707	
822	 5.7862500e-01	 +3.4519042e-02 -1.2837673e-03	 1.24e+00 Accepted	 257	 692	
823	 5.7841517e-01	 +3.4168096e-02 -1.3793604e-03	 8.31e-01 Accepted	 255	 695	
824	 5.7839569e-01	 +3.1924344e-02 -2.2118705e-04	 1.12e+00 Accepted	 256	 696	
825	 5.7832373e-01	 +3.3689349e-02 -2.2122876e-04	 1.07e+00 Accepted	 253	 687	
826	 5.7835473e-01	 +3.5127979e-02 -2.6267518e-04	 8.12e-01 Accepted	 254	 697	
827	 5.7848476e-01	 +3.6087104e-02 +9.9882330e-04	 2.20e+00 Accepted	 255	 693	
828	 5.7853640e-01	 +3.4135733e-02 +1.8628087e-03	 1.18e+00 Accepted	 254	 705	
829	 5.7884775e-01	 +3.5063691e-02 +1.9767599e-03	 1.37e+00 Accepted	 257	 702	
830	 5.7884775e-01	 +3.5063691e-02 +1.9767599e-03	 3.45e-01 Rejected	 257	 700	
831	 5.7873381e-01	 +3.4742121e-02 -7.0352018e-04	 7.62e-01 Accepted	 261	 710	
832	 5.7862685e-01	 +3.6067837e-02 +9.8038382e-04	 1.13e+00 Accepted	 263	 719	
833	 5.7844764e-01	 +3.5466337e-02 -4.8228900e-04	 6.87e-01 Accepted	 258	 658	
834	 5.7850268e-01	 +3.6721234e-02 +1.2113076e-03	 1.86e+00 Accepted	 246	 664	
835	 5.7851730e-01	 +3.5811126e-02 -4.4582571e-04	 6.25e-01 Accepted	 247	 685	
836	 5.7851730e-01	 +3.5811126e-02 -4.4582571e-04	 7.94e-01 Rejected	 254	 677	
837	 5.7843818e-01	 +3.6113228e-02 +2.2040217e-03	 9.16e-01 Accepted	 250	 654	
838	 5.7837809e-01	 +3.5036010e-02 -2.6198036e-04	 1.28e+00 Accepted	 245	 670	
839	 5.7858945e-01	 +3.7957108e-02 -1.8581003e-03	 9.36e-01 Accepted	 247	 661	
840	 5.7838399e-01	 +3.5638815e-02 -1.3044352e-03	 1.05e+00 Accepted	 244	 661	
841	 5.7833646e-01	 +3.4775370e-02 -4.1170780e-04	 7.15e-01 Accepted	 244	 659	
842	 5.7823270e-01	 +3.5686051e-02 +1.4757280e-03	 7.15e-01 Accepted	 245	 677	
843	 5.7825641e-01	 +3.7513033e-02 +6.5455165e-04	 1.12e+00 Accepted	 249	 650	
844	 5.7831008e-01	 +3.4819367e-02 -3.1176027e-04	 1.01e+00 Accepted	 243	 654	
845	 5.7804713e-01	 +3.3503143e-02 +1.7677147e-03	 9.65e-01 Accepted	 244	 657	
846	 5.7850821e-01	 +3.5028774e-02 +2.9990787e-04	 1.57e+00 Accepted	 243	 658	
847	 5.7813596e-01	 +3.3944931e-02 +8.4802938e-04	 9.26e-01 Accepted	 244	 661	
848	 5.7832864e-01	 +3.6225377e-02 -9.4059722e-04	 1.09e+00 Accepted	 245	 661	
849	 5.7860759e-01	 +3.6926925e-02 -1.6011723e-03	 1.93e+00 Accepted	 244	 659	
# Starting_type: CheckpointStart
# Trajectory_length / Number_of_MD_steps: 1 / 8
# 	 Plaquette	 Polyakov_Loop(re,im)	 Acc._Probability	 runtime_per_traj(s)	 CG_iterations	
849	 5.7860759e-01	 +3.6926925e-02 -1.6011723e-03	 1.93e+00 Accepted	 250	 659	
850	 5.7852175e-01	 +3.5956621e-02 +6.2412295e-04	 1.03e+00 Accepted	 243	 646	
851	 5.7857680e-01	 +3.1874640e-02 +3.4549766e-04	 9.05e-01 Accepted	 241	 659	
852	 5.7861783e-01	 +3.5518492e-02 +3.4115650e-03	 9.86e-01 Accepted	 243	 652	
853	 5.7857518e-01	 +3.4200540e-02 +1.6983065e-04	 6.56e-01 Accepted	 244	 657	
854	 5.7852557e-01	 +3.4754403e-02 +3.6976490e-04	 1.04e+00 Accepted	 244	 654	
855	 5.7868042e-01	 +3.2651135e-02 +1.7237172e-04	 1.13e+00 Accepted	 243	 655	
856	 5.7861644e-01	 +3.5068188e-02 +7.3751622e-04	 1.01e+00 Accepted	 247	 670	
857	 5.7861644e-01	 +3.5068188e-02 +7.3751622e-04	 6.89e-01 Rejected	 248	 684	
858	 5.7859997e-01	 +3.6134615e-02 -1.3354721e-03	 9.23e-01 Accepted	 249	 670	
859	 5.7847887e-01	 +3.4485691e-02 +6.7208787e-04	 8.97e-01 Accepted	 247	 659	
860	 5.7829097e-01	 +3.3853146e-02 -1.8804597e-03	 5.49e-01 Accepted	 242	 655	
861	 5.7856465e-01	 +3.5857341e-02 +2.7512017e-04	 1.45e+00 Accepted	 244	 659	
862	 5.7859582e-01	 +3.4982678e-02 +1.0165519e-03	 8.71e-01 Accepted	 249	 732	
863	 5.7841534e-01	 +3.5027464e-02 -2.7833481e-04	 9.60e-01 Accepted	 257	 668	
864	 5.7847548e-01	 +3.4663109e-02 -1.6960724e-03	 1.45e+00 Accepted	 247	 669	
865	 5.7847548e-01	 +3.4663109e-02 -1.6960724e-03	 4.92e-01 Rejected	 247	 663	
866	 5.7850734e-01	 +3.3594296e-02 +1.3023079e-03	 9.96e-01 Accepted	 248	 670	
867	 5.7861813e-01	 +3.3564351e-02 +2.0062003e-04	 8.92e-01 Accepted	 246	 663	
868	 5.7861813e-01	 +3.3564351e-02 +2.0062003e-04	 5.34e-01 Rejected	 248	 698	
869	 5.7863919e-01	 +3.4804988e-02 -3.2463091e-04	 1.20e+00 Accepted	 248	 691	
870	 5.7865427e-01	 +3.6951964e-02 +2.1472150e-03	 8.79e-01 Accepted	 257	 665	
871	 5.7845945e-01	 +3.5769622e-02 +5.3977087e-04	 7.98e-01 Accepted	 245	 654	
872	 5.7847260e-01	 +3.5681591e-02 -4.3103442e-05	 8.76e-01 Accepted	 244	 654	
873	 5.7860538e-01	 +3.4938086e-02 +1.9616407e-03	 6.88e-01 Accepted	 247	 667	
874	 5.7860538e-01	 +3.4938086e-02 +1.9616407e-03	 5.65e-01 Rejected	 248	 648	
875	 5.7845817e-01	 +3.4057366e-02 +2.8717008e-03	 7.31e-01 Accepted	 249	 657	
876	 5.7841186e-01	 +3.3294318e-02 +1.5146049e-03	 9.90e-01 Accepted	 247	 664	
877	 5.7847834e-01	 +3.2613986e-02 -2.6104617e-04	 7.07e-01 Accepted	 245	 662	
878	 5.7821614e-01	 +3.4616930e-02 -3.7245920e-04	 1.06e+00 Accepted	 246	 671	
879	 5.7816559e-01	 +3.3914940e-02 +1.2920934e-03	 8.50e-01 Accepted	 248	 666	
880	 5.7809685e-01	 +3.6491714e-02 +2.1977929e-03	 1.65e+00 Accepted	 246	 661	
881	 5.7816756e-01	 +3.4447037e-02 -1.1360745e-03	 7.35e-01 Accepted	 244	 652	
882	 5.7839204e-01	 +3.6201259e-02 -4.0066455e-04	 5.83e-01 Accepted	 243	 655	
883	 5.7848890e-01	 +3.4203450e-02 -1.6708814e-03	 1.17e+00 Accepted	 245	 668	
884	 5.7846951e-01	 +3.3448227e-02 +2.8343684e-03	 8.78e-01 Accepted	 245	 653	
885	 5.7832443e-01	 +3.4499797e-02 +3.1560498e-03	 1.12e+00 Accepted	 242	 658	
886	 5.7839447e-01	 +3.4418529e-02 +1.3855409e-03	 5.39e-01 Accepted	 245	 662	
887	 5.7850303e-01	 +3.6952836e-02 +2.1774808e-04	 9.13e-01 Accepted	 245	 653	
888	 5.7847089e-01	 +3.5234775e-02 +2.3966397e-04	 1.07e+00 Accepted	 244	 658	
889	 5.7847089e-01	 +3.5234775e-02 +2.3966397e-04	 6.50e-01 Rejected	 247	 655	
890	 5.7834302e-01	 +3.3894095e-02 +2.2012494e-04	 7.18e-01 Accepted	 251	 694	
891	 5.7848879e-01	 +3.3890747e-02 +1.4122402e-03	 1.03e+00 Accepted	 252	 678	
892	 5.7838230e-01	 +3.5383574e-02 +5.1324658e-04	 1.38e+00 Accepted	 251	 675	
893	 5.7838230e-01	 +3.5383574e-02 +5.1324658e-04	 5.38e-01 Rejected	 251	 699	
894	 5.7829096e-01	 +3.1961177e-02 -1.4646117e-03	 8.65e-01 Accepted	 248	 674	
895	 5.7829096e-01	 +3.1961177e-02 -1.4646117e-03	 7.17e-01 Rejected	 250	 680	
896	 5.7835643e-01	 +3.3748632e-02 +9.1881622e-05	 7.08e-01 Accepted	 251	 675	
897	 5.7844769e-01	 +3.5586120e-02 -3.4189830e-04	 1.21e+00 Accepted	 248	 678	
898	 5.7829718e-01	 +3.6294844e-02 -1.7892428e-03	 9.02e-01 Accepted	 249	 688	
899	 5.7847509e-01	 +3.8582075e-02 -1.7972987e-03	 1.46e+00 Accepted	 253	 671	
900	 5.7868125e-01	 +3.7901013e-02 -1.8861886e-03	 1.52e+00 Accepted	 247	 677	
901	 5.7844722e-01	 +3.5526889e-02 +5.2861114e-04	 7.92e-01 Accepted	 248	 672	
902	 5.7842891e-01	 +3.5292832e-02 -1.1910063e-03	 8.37e-01 Accepted	 250	 734	
903	 5.7842891e-01	 +3.5292832e-02 -1.1910063e-03	 7.38e-01 Rejected	 258	 681	
904	 5.7819307e-01	 +3.6634611e-02 -3.8702357e-04	 1.41e+00 Accepted	 257	 671	
905	 5.7820597e-01	 +3.6461055e-02 -1.6473225e-03	 9.59e-01 Accepted	 247	 672	
906	 5.7849886e-01	 +3.5493992e-02 +1.7358924e-04	 1.04e+00 Accepted	 247	 671	
907	 5.7849886e-01	 +3.5493992e-02 +1.7358924e-04	 6.06e-01 Rejected	 247	 669	
908	 5.7849886e-01	 +3.5493992e-02 +1.7358924e-04	 5.82e-01 Rejected	 249	 690	
909	 5.7821401e-01	 +3.6109245e-02 -2.5610416e-04	 5.31e-01 Accepted	 248	 686	
910	 5.7831019e-01	 +3.6820142e-02 -7.2803189e-04	 1.11e+00 Accepted	 250	 675	
911	 5.7855845e-01	 +3.5090809e-02 +8.3129530e-04	 1.33e+00 Accepted	 247	 676	
912	 5.7840153e-01	 +3.3409962e-02 +2.3694551e-04	 8.42e-01 Accepted	 248	 683	
913	 5.7848960e-01	 +3.4226166e-02 -2.4657692e-03	 1.23e+00 Accepted	 251	 685	
914	 5.7848960e-01	 +3.4226166e-02 -2.4657692e-03	 6.40e-01 Rejected	 254	 707	
915	 5.7847865e-01	 +3.6175683e-02 -1.0904616e-03	 6.69e-01 Accepted	 253	 693	
916	 5.7847865e-01	 +3.6175683e-02 -1.0904616e-03	 5.44e-01 Rejected	 252	 681	
917	 5.7835237e-01	 +3.5479247e-02 -1.0324836e-03	 9.19e-01 Accepted	 254	 702	
918	 5.7834487e-01	 +3.2694330e-02 -8.2059828e-04	 1.04e+00 Accepted	 254	 696	
919	 5.7835363e-01	 +3.3544119e-02 -1.8699689e-03	 1.29e+00 Accepted	 254	 693	
920	 5.7861835e-01	 +3.5010188e-02 +3.5815470e-04	 1.14e+00 Accepted	 254	 696	
921	 5.7838727e-01	 +3.2501134e-02 -7.2633392e-04	 1.14e+00 Accepted	 264	 713	
922	 5.7842541e-01	 +3.4838600e-02 -3.2304515e-04	 1.30e+00 Accepted	 264	 753	
923	 5.7842541e-01	 +3.4838600e-02 -3.2304515e-04	 7.88e-01 Rejected	 271	 742	
924	 5.7841126e-01	 +3.4643766e-02 +1.1061872e-03	 6.46e-01 Accepted	 277	 748	
925	 5.7862401e-01	 +3.4398072e-02 -1.3416745e-04	 1.20e+00 Accepted	 268	 747	
926	 5.7868712e-01	 +3.3524243e-02 -2.6333035e-04	 1.03e+00 Accepted	 273	 788	
927	 5.7857561e-01	 +3.4044306e-02 +2.3077995e-04	 1.61e+00 Accepted	 280	 751	
928	 5.7859722e-01	 +3.5920449e-02 -6.1709620e-04	 9.36e-01 Accepted	 275	 752	
929	 5.7837129e-01	 +3.2990981e-02 +5.8953141e-04	 3.59e-01 Accepted	 275	 759	
930	 5.7850841e-01	 +3.4627950e-02 -4.7693715e-04	 1.42e+00 Accepted	 279	 767	
931	 5.7848702e-01	 +3.3592745e-02 -5.8807923e-04	 8.85e-01 Accepted	 276	 759	
932	 5.7824564e-01	 +3.4094104e-02 -2.1798740e-05	 7.21e-01 Accepted	 275	 711	
933	 5.7824564e-01	 +3.4094104e-02 -2.1798740e-05	 8.59e-01 Rejected	 263	 716	
934	 5.7818938e-01	 +3.4197686e-02 +9.5490229e-04	 7.92e-01 Accepted	 263	 740	
935	 5.7812908e-01	 +3.4709848e-02 +9.8197639e-04	 7.44e-01 Accepted	 265	 710	
936	 5.7828748e-01	 +3.3674910e-02 +2.5348134e-04	 1.47e+00 Accepted	 263	 710	
937	 5.7850666e-01	 +3.4108945e-02 +3.2951465e-04	 1.00e+00 Accepted	 261	 716	
938	 5.7850666e-01	 +3.4108945e-02 +3.2951465e-04	 8.44e-01 Rejected	 259	 678	
939	 5.7855776e-01	 +3.1730050e-02 -6.7776911e-04	 9.53e-01 Accepted	 258	 678	
940	 5.7855776e-01	 +3.1730050e-02 -6.7776911e-04	 6.57e-01 Rejected	 255	 703	
941	 5.7854410e-01	 +3.1693967e-02 +2.8260984e-04	 9.99e-01 Accepted	 256	 694	
942	 5.7848408e-01	 +3.1006873e-02 +5.9866784e-04	 5.43e-01 Accepted	 259	 704	
943	 5.7848408e-01	 +3.1006873e-02 +5.9866784e-04	 7.53e-01 Rejected	 260	 705	
944	 5.7868329e-01	 +3.3111811e-02 +1.2414516e-03	 1.26e+00 Accepted	 259	 711	
945	 5.7858845e-01	 +3.1308026e-02 +6.5190665e-05	 1.11e+00 Accepted	 260	 712	
946	 5.7830675e-01	 +3.2953551e-02 +1.4576194e-03	 4.93e-01 Accepted	 261	 717	
947	 5.7857715e-01	 +3.1484581e-02 +2.0842419e-03	 2.71e+00 Accepted	 261	 716	
948	 5.7867072e-01	 +3.1307014e-02 +1.7498570e-03	 1.04e+00 Accepted	 261	 718	
949	 5.7867072e-01	 +3.1307014e-02 +1.7498570e-03	 6.10e-01 Rejected	 263	 727	
950	 5.7831453e-01	 +3.1850959e-02 +2.6837558e-03	 7.03e-01 Accepted	 262	 723	
951	 5.7821453e-01	 +3.0709199e-02 +9.7405046e-05	 1.16e+00 Accepted	 261	 701	
952	 5.7821453e-01	 +3.0709199e-02 +9.7405046e-05	 6.46e-01 Rejected	 260	 698	
953	 5.7829942e-01	 +3.3286994e-02 +8.8029955e-04	 8.29e-01 Accepted	 261	 707	
954	 5.7845790e-01	 +3.2480025e-02 +1.9646936e-05	 1.39e+00 Accepted	 258	 707	
955	 5.7827905e-01	 +3.0744698e-02 +1.1754670e-03	 7.38e-01 Accepted	 256	 679	
956	 5.7850390e-01	 +3.1937991e-02 +2.0914318e-03	 1.14e+00 Accepted	 255	 700	
957	 5.7842277e-01	 +3.0803258e-02 +3.2330846e-04	 1.08e+00 Accepted	 258	 714	
958	 5.7842277e-01	 +3.0803258e-02 +3.2330846e-04	 6.39e-01 Rejected	 261	 713	
959	 5.7842277e-01	 +3.0803258e-02 +3.2330846e-04	 8.07e-01 Rejected	 259	 708	
960	 5.7842277e-01	 +3.0803258e-02 +3.2330846e-04	 7.59e-01 Rejected	 259	 706	
961	 5.7825287e-01	 +3.0200618e-02 +3.8947048e-04	 8.80e-01 Accepted	 261	 726	
962	 5.7799045e-01	 +3.1587602e-02 +2.0972319e-03	 1.19e+00 Accepted	 262	 711	
963	 5.7816477e-01	 +3.0946398e-02 +1.2157589e-03	 1.29e+00 Accepted	 258	 709	
964	 5.7857256e-01	 +3.2326394e-02 -1.0570420e-03	 1.37e+00 Accepted	 256	 692	
965	 5.7867748e-01	 +3.1628424e-02 +1.3934006e-03	 1.48e+00 Accepted	 256	 709	
966	 5.7844423e-01	 +3.1394845e-02 +1.9847946e-03	 9.93e-01 Accepted	 260	 727	
967	 5.7863967e-01	 +2.8741476e-02 +2.4184611e-04	 1.81e+00 Accepted	 260	 688	
968	 5.7844604e-01	 +2.8767843e-02 +2.2924064e-04	 6.14e-01 Accepted	 257	 694	
969	 5.7844621e-01	 +3.0586914e-02 -7.1909719e-05	 8.38e-01 Accepted	 254	 689	
970	 5.7867191e-01	 +3.1544418e-02 -6.8463980e-04	 2.12e+00 Accepted	 255	 697	
971	 5.7873724e-01	 +3.2799096e-02 +1.4774181e-03	 8.92e-01 Accepted	 258	 702	
972	 5.7853220e-01	 +3.0349857e-02 -1.4743564e-03	 8.38e-01 Accepted	 258	 685	
973	 5.7863112e-01	 +3.3269005e-02 +8.5489525e-04	 1.09e+00 Accepted	 253	 681	
974	 5.7873343e-01	 +3.1361362e-02 +6.4555932e-04	 1.01e+00 Accepted	 257	 712	
975	 5.7887630e-01	 +3.1278113e-02 +1.5054176e-03	 1.37e+00 Accepted	 260	 720	
976	 5.7877922e-01	 +3.3313479e-02 +3.7639389e-04	 9.79e-01 Accepted	 261	 701	
977	 5.7870633e-01	 +3.2830710e-02 +5.1090893e-04	 9.44e-01 Accepted	 259	 713	
978	 5.7878572e-01	 +3.1568599e-02 -1.6690613e-03	 8.64e-01 Accepted	 261	 723	
979	 5.7878572e-01	 +3.1568599e-02 -1.6690613e-03	 9.20e-01 Rejected	 263	 714	
980	 5.7875450e-01	 +3.3308165e-02 -1.6818385e-03	 8.48e-01 Accepted	 261	 691	
981	 5.7904350e-01	 +3.3907717e-02 -1.0937458e-03	 8.55e-01 Accepted	 260	 710	
982	 5.7905601e-01	 +3.6012745e-02 -2.8658614e-03	 1.10e+00 Accepted	 259	 711	
983	 5.7902666e-01	 +3.5370697e-02 -5.0127372e-04	 9.08e-01 Accepted	 261	 704	
984	 5.7884117e-01	 +3.3305035e-02 -1.5533970e-03	 1.01e+00 Accepted	 256	 698	
985	 5.7884117e-01	 +3.3305035e-02 -1.5533970e-03	 5.50e-01 Rejected	 259	 705	
986	 5.7884117e-01	 +3.3305035e-02 -1.5533970e-03	 5.72e-01 Rejected	 259	 693	
987	 5.7869310e-01	 +3.2589301e-02 -1.0479228e-03	 1.21e+00 Accepted	 258	 706	
988	 5.7842640e-01	 +3.3784529e-02 -6.4810348e-04	 6.48e-01 Accepted	 259	 709	
989	 5.7871679e-01	 +3.1895736e-02 +5.0509366e-04	 1.37e+00 Accepted	 261	 702	
990	 5.7868667e-01	 +3.4118819e-02 +2.5146871e-03	 7.21e-01 Accepted	 255	 681	
991	 5.7882260e-01	 +3.5010442e-02 +8.0262706e-04	 2.08e+00 Accepted	 259	 701	
992	 5.7880684e-01	 +3.3032576e-02 +7.5300607e-04	 4.14e-01 Accepted	 257	 682	
993	 5.7873678e-01	 +3.3745212e-02 +3.1031647e-04	 7.56e-01 Accepted	 254	 689	
994	 5.7860483e-01	 +3.2889886e-02 -9.6343860e-05	 6.36e-01 Accepted	 258	 725	
995	 5.7831586e-01	 +3.3007442e-02 +5.8194518e-04	 9.40e-01 Accepted	 263	 682	
996	 5.7830489e-01	 +3.2995257e-02 +6.4815708e-04	 7.11e-01 Accepted	 252	 679	
997	 5.7794998e-01	 +3.2161029e-02 -2.0358082e-03	 3.92e-01 Accepted	 252	 677	
998	 5.7838468e-01	 +3.6335786e-02 -1.6140014e-03	 2.95e+00 Accepted	 253	 702	
999	 5.7863779e-01	 +3.3575710e-02 -1.9336028e-03	 1.90e+00 Accepted	 255	 698	
1000	 5.7846026e-01	 +3.2780360e-02 -9.1768312e-04	 6.98e-01 Accepted	 253	 691	
1001	 5.7846026e-01	 +3.2780360e-02 -9.1768312e-04	 8.60e-01 Rejected	 252	 674	
1002	 5.7843963e-01	 +3.3063925e-02 -1.6491900e-03	 1.54e+00 Accepted	 255	 697	
1003	 5.7831683e-01	 +3.5177164e-02 -1.6742409e-03	 1.12e+00 Accepted	 253	 728	
1004	 5.7838543e-01	 +3.4069954e-02 -1.2036899e-03	 1.19e+00 Accepted	 260	 675	
1005	 5.7847384e-01	 +3.5134343e-02 -1.9386523e-03	 1.12e+00 Accepted	 251	 688	
1006	 5.7853727e-01	 +3.4447323e-02 -4.8330036e-04	 1.12e+00 Accepted	 252	 681	
1007	 5.7857029e-01	 +3.3842925e-02 +1.1723890e-03	 9.78e-01 Accepted	 250	 662	
1008	 5.7859036e-01	 +3.3979120e-02 -2.3843944e-03	 5.79e-01 Accepted	 251	 688	
1009	 5.7837861e-01	 +3.4345304e-02 -2.0329649e-05	 9.29e-01 Accepted	 252	 683	
1010	 5.7821835e-01	 +3.6238634e-02 -1.4614299e-03	 6.75e-01 Accepted	 251	 697	
1011	 5.7838924e-01	 +3.4924592e-02 -2.2155470e-03	 2.01e+00 Accepted	 256	 688	
1012	 5.7856238e-01	 +3.5936682e-02 -6.4782638e-04	 1.30e+00 Accepted	 251	 659	
1013	 5.7865773e-01	 +3.3051336e-02 -2.2179434e-03	 1.18e+00 Accepted	 245	 655	
1014	 5.7858114e-01	 +3.3284578e-02 -1.2333946e-03	 1.15e+00 Accepted	 245	 664	
1015	 5.7861672e-01	 +3.2653497e-02 +2.6511131e-04	 9.29e-01 Accepted	 247	 682	
1016	 5.7841683e-01	 +3.3170391e-02 +6.5683321e-04	 6.29e-01 Accepted	 249	 662	
1017	 5.7828783e-01	 +3.4832790e-02 -5.2157337e-04	 6.53e-01 Accepted	 247	 660	
# Starting_type: CheckpointStart
# Trajectory_length / Number_of_MD_steps: 1 / 8
# 	 Plaquette	 Polyakov_Loop(re,im)	 Acc._Probability	 runtime_per_traj(s)	 CG_iterations	
1017	 5.7828783e-01	 +3.4832790e-02 -5.2157337e-04	 6.53e-01 Accepted	 259	 660	
1018	 5.7809775e-01	 +3.5104668e-02 +2.2679440e-04	 9.20e-01 Accepted	 258	 665	
1019	 5.7828248e-01	 +3.2802679e-02 -3.2749264e-03	 1.25e+00 Accepted	 259	 676	
1020	 5.7823868e-01	 +3.3161628e-02 +1.3521899e-03	 8.45e-01 Accepted	 256	 678	
1021	 5.7836339e-01	 +3.5570385e-02 -8.9013749e-05	 1.11e+00 Accepted	 255	 681	
1022	 5.7842872e-01	 +3.3747158e-02 +2.8519333e-04	 1.15e+00 Accepted	 259	 694	
1023	 5.7813371e-01	 +3.4024225e-02 -8.7534228e-05	 6.95e-01 Accepted	 261	 686	
1024	 5.7813371e-01	 +3.4024225e-02 -8.7534228e-05	 5.08e-01 Rejected	 257	 689	
1025	 5.7804409e-01	 +3.4921888e-02 +1.0702945e-04	 6.99e-01 Accepted	 256	 687	
1026	 5.7804409e-01	 +3.4921888e-02 +1.0702945e-04	 8.99e-01 Rejected	 255	 685	
1027	 5.7814305e-01	 +3.4491118e-02 +1.3808024e-04	 1.89e+00 Accepted	 255	 686	
1028	 5.7806929e-01	 +3.5642127e-02 -2.3737730e-04	 5.39e-01 Accepted	 253	 682	
1029	 5.7827562e-01	 +3.3990439e-02 -1.6845318e-03	 1.73e+00 Accepted	 253	 684	
1030	 5.7824490e-01	 +3.2732449e-02 -1.9041806e-03	 2.00e+00 Accepted	 256	 684	
1031	 5.7824490e-01	 +3.2732449e-02 -1.9041806e-03	 6.21e-01 Rejected	 252	 683	
1032	 5.7828754e-01	 +3.2907293e-02 +2.5582414e-04	 1.18e+00 Accepted	 254	 684	
1033	 5.7823862e-01	 +3.4025573e-02 -9.5147487e-04	 1.39e+00 Accepted	 255	 678	
1034	 5.7836222e-01	 +3.5334181e-02 +7.9855196e-05	 1.26e+00 Accepted	 254	 681	
1035	 5.7817284e-01	 +3.2269548e-02 -7.7168880e-04	 8.25e-01 Accepted	 253	 682	
1036	 5.7822900e-01	 +3.4844957e-02 -1.9838657e-03	 1.09e+00 Accepted	 254	 679	
1037	 5.7809072e-01	 +3.5272137e-02 -4.5579529e-04	 9.86e-01 Accepted	 255	 679	
1038	 5.7829695e-01	 +3.2745009e-02 +1.4160729e-04	 1.48e+00 Accepted	 256	 676	
1039	 5.7821945e-01	 +3.2549626e-02 -9.9478513e-04	 7.11e-01 Accepted	 253	 683	
1040	 5.7819479e-01	 +3.3477046e-02 +3.3209283e-04	 1.02e+00 Accepted	 255	 683	
1041	 5.7810185e-01	 +3.3195338e-02 -7.5399151e-04	 6.14e-01 Accepted	 256	 689	
1042	 5.7810185e-01	 +3.3195338e-02 -7.5399151e-04	 4.68e-01 Rejected	 257	 685	
1043	 5.7810185e-01	 +3.3195338e-02 -7.5399151e-04	 7.37e-01 Rejected	 257	 687	
1044	 5.7800227e-01	 +3.1697968e-02 -1.0049761e-04	 9.44e-01 Accepted	 256	 694	
1045	 5.7801364e-01	 +3.1053727e-02 -5.3729830e-04	 7.98e-01 Accepted	 260	 691	
1046	 5.7834956e-01	 +3.1780964e-02 -2.9019857e-04	 1.42e+00 Accepted	 259	 688	
1047	 5.7844804e-01	 +3.3064442e-02 -3.0469433e-04	 1.03e+00 Accepted	 262	 689	
1048	 5.7860910e-01	 +3.2139011e-02 +9.3288611e-04	 1.35e+00 Accepted	 266	 684	
1049	 5.7847023e-01	 +3.1434880e-02 +4.5294013e-04	 1.34e+00 Accepted	 263	 696	
1050	 5.7847023e-01	 +3.1434880e-02 +4.5294013e-04	 7.38e-01 Rejected	 263	 692	
1051	 5.7848608e-01	 +3.1114052e-02 -1.6029278e-03	 6.57e-01 Accepted	 264	 702	
1052	 5.7853619e-01	 +3.1729553e-02 -5.8473554e-04	 1.24e+00 Accepted	 265	 690	
1053	 5.7847958e-01	 +3.2490698e-02 -1.5622021e-03	 7.75e-01 Accepted	 262	 690	
1054	 5.7843543e-01	 +3.1786638e-02 -1.5663078e-04	 9.46e-01 Accepted	 262	 691	
1055	 5.7856471e-01	 +3.0925789e-02 -2.0631587e-03	 8.61e-01 Accepted	 260	 684	
1056	 5.7888440e-01	 +3.1475405e-02 -1.1063923e-03	 1.66e+00 Accepted	 259	 686	
1057	 5.7888440e-01	 +3.1475405e-02 -1.1063923e-03	 5.14e-01 Rejected	 261	 696	
1058	 5.7860604e-01	 +3.0553268e-02 +8.3067409e-05	 7.76e-01 Accepted	 263	 681	
1059	 5.7849301e-01	 +3.2460586e-02 -6.1757044e-05	 7.27e-01 Accepted	 260	 681	
1060	 5.7849619e-01	 +3.0002456e-02 -1.4463705e-04	 9.02e-01 Accepted	 260	 687	
1061	 5.7848916e-01	 +3.0813093e-02 -1.3325474e-03	 1.42e+00 Accepted	 260	 692	
1062	 5.7838231e-01	 +3.0281970e-02 +1.6801562e-05	 7.66e-01 Accepted	 262	 692	
1063	 5.7842744e-01	 +3.0848447e-02 +8.0190160e-04	 1.18e+00 Accepted	 264	 691	
1064	 5.7825055e-01	 +3.1529339e-02 -1.3215789e-04	 7.39e-01 Accepted	 258	 689	
1065	 5.7817978e-01	 +3.2205151e-02 +7.6324909e-04	 9.54e-01 Accepted	 261	 688	
1066	 5.7838641e-01	 +3.2643836e-02 +5.2888082e-04	 1.43e+00 Accepted	 260	 678	
1067	 5.7816341e-01	 +3.0772773e-02 -1.4048916e-03	 1.53e+00 Accepted	 259	 683	
1068	 5.7831189e-01	 +3.1456199e-02 +3.3718323e-04	 1.10e+00 Accepted	 259	 683	
1069	 5.7853124e-01	 +3.1347453e-02 +3.5126581e-03	 2.76e+00 Accepted	 259	 693	
1070	 5.7853124e-01	 +3.1347453e-02 +3.5126581e-03	 4.71e-01 Rejected	 259	 685	
1071	 5.7847408e-01	 +3.1029237e-02 +7.2566513e-04	 9.17e-01 Accepted	 260	 695	
1072	 5.7854245e-01	 +3.3147338e-02 -6.1625252e-04	 1.66e+00 Accepted	 264	 686	
1073	 5.7846765e-01	 +3.0898325e-02 -9.1789376e-04	 9.22e-01 Accepted	 260	 689	
1074	 5.7859936e-01	 +3.1748208e-02 -8.6673529e-04	 1.10e+00 Accepted	 260	 688	
1075	 5.7868117e-01	 +3.2924705e-02 -7.7148580e-04	 9.10e-01 Accepted	 263	 692	
1076	 5.7851456e-01	 +3.3661137e-02 -1.3800763e-04	 9.21e-01 Accepted	 262	 693	
1077	 5.7843364e-01	 +3.1994933e-02 +3.1074323e-04	 7.13e-01 Accepted	 262	 697	
1078	 5.7839188e-01	 +2.9764590e-02 +2.0832335e-03	 6.71e-01 Accepted	 264	 688	
1079	 5.7837821e-01	 +3.0150552e-02 -3.8671209e-05	 1.37e+00 Accepted	 260	 686	
1080	 5.7834974e-01	 +3.1977285e-02 -9.1529789e-05	 6.22e-01 Accepted	 270	 746	
1081	 5.7819465e-01	 +3.1403740e-02 +1.1947595e-03	 9.65e-01 Accepted	 276	 762	
1082	 5.7832038e-01	 +3.2125199e-02 -4.5043334e-04	 1.04e+00 Accepted	 275	 726	
1083	 5.7843920e-01	 +3.2627177e-02 +2.1295167e-04	 9.79e-01 Accepted	 270	 691	
1084	 5.7813019e-01	 +3.1335788e-02 +1.3449977e-03	 8.37e-01 Accepted	 262	 690	
1085	 5.7812710e-01	 +2.9489951e-02 -1.9016134e-03	 5.43e-01 Accepted	 261	 692	
1086	 5.7814565e-01	 +2.9161286e-02 -1.1722175e-03	 9.53e-01 Accepted	 267	 743	
1087	 5.7812404e-01	 +3.0735923e-02 -1.5526127e-04	 9.39e-01 Accepted	 277	 702	
1088	 5.7808563e-01	 +3.0326078e-02 -1.5699436e-03	 1.28e+00 Accepted	 264	 717	
1089	 5.7834886e-01	 +3.0983115e-02 +2.0736103e-05	 1.52e+00 Accepted	 266	 697	
1090	 5.7826329e-01	 +3.2519129e-02 +1.5308163e-03	 1.21e+00 Accepted	 260	 694	
1091	 5.7826329e-01	 +3.2519129e-02 +1.5308163e-03	 6.14e-01 Rejected	 260	 699	
1092	 5.7821928e-01	 +2.8786793e-02 +1.4461044e-03	 7.51e-01 Accepted	 260	 693	
1093	 5.7845150e-01	 +3.0906547e-02 +1.7884977e-03	 1.07e+00 Accepted	 260	 695	
1094	 5.7843455e-01	 +3.0663525e-02 -1.2454064e-03	 7.72e-01 Accepted	 261	 697	
1095	 5.7827609e-01	 +2.8140202e-02 -1.1805718e-03	 1.37e+00 Accepted	 260	 696	
1096	 5.7830715e-01	 +3.0945673e-02 -4.6329390e-04	 2.20e+00 Accepted	 261	 697	
1097	 5.7830715e-01	 +3.0945673e-02 -4.6329390e-04	 6.10e-01 Rejected	 261	 692	
1098	 5.7843104e-01	 +2.9470838e-02 -6.7328572e-04	 1.64e+00 Accepted	 262	 689	
1099	 5.7822513e-01	 +2.9736263e-02 +4.8714975e-04	 6.69e-01 Accepted	 263	 696	
1100	 5.7829062e-01	 +2.9303089e-02 +5.4902959e-04	 9.07e-01 Accepted	 265	 691	
1101	 5.7837155e-01	 +3.0982538e-02 -1.4352106e-03	 9.70e-01 Accepted	 262	 692	
1102	 5.7846623e-01	 +3.0699377e-02 +1.5158888e-04	 1.30e+00 Accepted	 266	 692	
1103	 5.7851024e-01	 +3.2722746e-02 +1.2348901e-03	 7.86e-01 Accepted	 263	 689	
1104	 5.7846060e-01	 +2.9676375e-02 -3.5673194e-04	 1.59e+00 Accepted	 261	 698	
1105	 5.7849984e-01	 +3.4064448e-02 +6.3196150e-04	 1.59e+00 Accepted	 262	 691	
1106	 5.7843801e-01	 +3.1462752e-02 +7.2177854e-04	 7.63e-01 Accepted	 260	 693	
1107	 5.7822235e-01	 +3.1649360e-02 +8.4675892e-04	 8.68e-01 Accepted	 262	 694	
1108	 5.7808313e-01	 +3.4094695e-02 -2.4096416e-04	 9.26e-01 Accepted	 265	 688	
1109	 5.7785755e-01	 +3.1036803e-02 -4.1841953e-04	 1.20e+00 Accepted	 265	 688	
1110	 5.7793050e-01	 +3.3581127e-02 +4.9204583e-04	 8.47e-01 Accepted	 259	 688	
1111	 5.7789274e-01	 +3.2498914e-02 +1.2301456e-03	 1.31e+00 Accepted	 259	 684	
1112	 5.7800569e-01	 +3.3593526e-02 +1.2301725e-03	 5.18e-01 Accepted	 260	 697	
1113	 5.7800569e-01	 +3.3593526e-02 +1.2301725e-03	 7.20e-01 Rejected	 261	 691	
1114	 5.7815591e-01	 +3.2362946e-02 +2.3012539e-03	 9.66e-01 Accepted	 261	 691	
1115	 5.7815591e-01	 +3.2362946e-02 +2.3012539e-03	 8.64e-01 Rejected	 261	 695	
1116	 5.7822890e-01	 +3.2094240e-02 +8.7954004e-04	 1.70e+00 Accepted	 258	 688	
1117	 5.7822240e-01	 +3.0945477e-02 -8.9688317e-04	 8.59e-01 Accepted	 259	 694	
1118	 5.7827047e-01	 +3.2262552e-02 -1.9547514e-03	 8.84e-01 Accepted	 260	 688	
1119	 5.7816755e-01	 +3.1053486e-02 -1.0001698e-03	 5.68e-01 Accepted	 260	 701	
1120	 5.7812837e-01	 +3.0275375e-02 -9.7672832e-04	 9.12e-01 Accepted	 262	 695	
1121	 5.7821852e-01	 +3.1559213e-02 +9.6356146e-04	 1.08e+00 Accepted	 266	 761	
1122	 5.7798503e-01	 +3.2720236e-02 +9.4127109e-04	 8.62e-01 Accepted	 275	 699	
1123	 5.7803919e-01	 +3.2509859e-02 +6.3589893e-04	 7.42e-01 Accepted	 263	 705	
1124	 5.7804573e-01	 +3.1973130e-02 +1.5048365e-03	 1.31e+00 Accepted	 263	 698	
1125	 5.7847835e-01	 +3.1688508e-02 +2.1783929e-03	 1.98e+00 Accepted	 264	 703	
1126	 5.7847835e-01	 +3.1688508e-02 +2.1783929e-03	 4.71e-01 Rejected	 267	 717	
1127	 5.7844033e-01	 +3.2539598e-02 +8.3994847e-05	 7.63e-01 Accepted	 265	 701	
1128	 5.7832252e-01	 +3.1269921e-02 +1.8725175e-03	 1.18e+00 Accepted	 271	 703	
1129	 5.7857831e-01	 +3.1796703e-02 +3.3628123e-04	 1.37e+00 Accepted	 268	 684	
1130	 5.7863631e-01	 +3.1298641e-02 -8.0994889e-04	 7.99e-01 Accepted	 262	 678	
1131	 5.7878717e-01	 +3.2568572e-02 -4.8993486e-05	 1.33e+00 Accepted	 262	 685	
1132	 5.7878717e-01	 +3.2568572e-02 -4.8993486e-05	 5.06e-01 Rejected	 263	 688	
1133	 5.7868464e-01	 +3.1593140e-02 +5.0789879e-04	 1.75e+00 Accepted	 261	 696	
1134	 5.7843800e-01	 +3.1946736e-02 +2.6362005e-03	 7.56e-01 Accepted	 267	 692	
1135	 5.7851494e-01	 +3.0839368e-02 +3.5419937e-04	 1.03e+00 Accepted	 266	 714	
1136	 5.7846497e-01	 +3.1742006e-02 +1.0200223e-03	 6.34e-01 Accepted	 272	 694	
1137	 5.7847845e-01	 +3.1653874e-02 +1.8887633e-03	 7.16e-01 Accepted	 264	 690	
1138	 5.7847845e-01	 +3.1653874e-02 +1.8887633e-03	 4.69e-01 Rejected	 265	 687	
1139	 5.7840618e-01	 +3.1616998e-02 -1.2083138e-03	 1.50e+00 Accepted	 265	 687	
1140	 5.7840135e-01	 +3.2496842e-02 +1.1616211e-05	 5.16e-01 Accepted	 266	 690	
1141	 5.7843900e-01	 +2.9986023e-02 +8.0190013e-04	 1.01e+00 Accepted	 265	 689	
1142	 5.7827025e-01	 +3.1897797e-02 +7.7481591e-04	 5.27e-01 Accepted	 267	 708	
1143	 5.7835275e-01	 +3.5471722e-02 -4.9995228e-04	 6.16e-01 Accepted	 268	 680	
1144	 5.7837336e-01	 +3.3832625e-02 -1.3408296e-03	 1.10e+00 Accepted	 263	 686	
1145	 5.7866609e-01	 +3.3454440e-02 -7.6404840e-04	 1.04e+00 Accepted	 266	 688	
1146	 5.7858428e-01	 +3.4657128e-02 -9.7034204e-04	 8.07e-01 Accepted	 263	 681	
1147	 5.7866809e-01	 +3.4202242e-02 +9.8478055e-04	 1.01e+00 Accepted	 261	 676	
1148	 5.7845133e-01	 +3.5383908e-02 +7.5419795e-04	 1.01e+00 Accepted	 262	 681	
1149	 5.7845133e-01	 +3.5383908e-02 +7.5419795e-04	 8.12e-01 Rejected	 261	 678	
1150	 5.7840013e-01	 +3.4539843e-02 -1.3965061e-03	 7.95e-01 Accepted	 262	 689	
1151	 5.7836556e-01	 +3.3756713e-02 +8.3398243e-04	 1.01e+00 Accepted	 266	 685	
1152	 5.7836556e-01	 +3.3756713e-02 +8.3398243e-04	 6.63e-01 Rejected	 266	 689	
1153	 5.7836556e-01	 +3.3756713e-02 +8.3398243e-04	 7.26e-01 Rejected	 265	 681	
1154	 5.7824239e-01	 +3.3364065e-02 +9.1238721e-04	 6.17e-01 Accepted	 265	 683	
1155	 5.7830127e-01	 +3.1605166e-02 -7.4973457e-04	 1.22e+00 Accepted	 264	 675	
1156	 5.7861996e-01	 +3.4554080e-02 -5.6554187e-04	 1.33e+00 Accepted	 262	 675	
1157	 5.7861996e-01	 +3.4554080e-02 -5.6554187e-04	 7.38e-01 Rejected	 262	 674	
1158	 5.7861996e-01	 +3.4554080e-02 -5.6554187e-04	 3.83e-01 Rejected	 262	 677	
