# Starting_type: ColdStart
# serial RNG seed: 	[33880 16739 33560 8643 10883]
# parallel RNG seed:	[52403 44556 62015 25100 51947]
# Trajectory_length / Number_of_MD_steps: 0.1 / 10
# 	 Plaquette	 Polyakov_Loop(re,im)	 Acc._Probability	 runtime_per_traj(s)	 CG_iterations	
1	 1.0000000e+00	 +1.0000000e+00 +0.0000000e+00	 5.04e-01 Rejected	 159	 299	
2	 9.3369739e-01	 +8.6790923e-01 +4.1905984e-05	 5.04e-01 Accepted	 156	 299	
3	 8.8604257e-01	 +7.7053421e-01 +8.6479564e-05	 6.13e-01 Accepted	 164	 308	
4	 8.8604257e-01	 +7.7053421e-01 +8.6479564e-05	 6.96e-01 Rejected	 167	 315	
5	 8.5024886e-01	 +6.9561732e-01 -2.3410351e-04	 6.95e-01 Accepted	 168	 316	
6	 8.2246958e-01	 +6.3556201e-01 -6.7550445e-05	 7.57e-01 Accepted	 170	 323	
7	 8.0029774e-01	 +5.8710869e-01 -2.7261870e-04	 8.02e-01 Accepted	 173	 329	
8	 7.8236839e-01	 +5.4616811e-01 -5.3007791e-04	 8.39e-01 Accepted	 174	 333	
9	 7.6756587e-01	 +5.1305635e-01 -5.6336626e-04	 8.67e-01 Accepted	 176	 336	
10	 7.5521428e-01	 +4.8464588e-01 -4.4707851e-04	 8.87e-01 Accepted	 177	 339	
11	 7.4467572e-01	 +4.5931049e-01 -3.8318882e-04	 9.03e-01 Accepted	 178	 342	
12	 7.3558886e-01	 +4.3686498e-01 +2.5968022e-04	 9.17e-01 Accepted	 180	 346	
13	 7.2774462e-01	 +4.1670267e-01 +7.1661617e-04	 9.28e-01 Accepted	 181	 349	
14	 7.2774462e-01	 +4.1670267e-01 +7.1661617e-04	 9.38e-01 Rejected	 181	 350	
15	 7.2100783e-01	 +3.9963111e-01 +1.0355189e-03	 9.38e-01 Accepted	 182	 352	
16	 7.1505908e-01	 +3.8467866e-01 +6.6502305e-04	 9.45e-01 Accepted	 182	 353	
17	 7.0980300e-01	 +3.7163008e-01 +2.0232114e-04	 9.52e-01 Accepted	 183	 356	
18	 7.0506321e-01	 +3.5962576e-01 +1.0839817e-04	 9.56e-01 Accepted	 183	 356	
19	 7.0085353e-01	 +3.4825629e-01 +2.2240637e-04	 9.62e-01 Accepted	 184	 359	
20	 6.9715963e-01	 +3.3849550e-01 -3.1175311e-04	 9.65e-01 Accepted	 186	 361	
21	 6.9370540e-01	 +3.2853856e-01 -4.9127911e-04	 9.69e-01 Accepted	 185	 362	
22	 6.9073903e-01	 +3.2015742e-01 -4.8244218e-04	 9.73e-01 Accepted	 186	 364	
23	 6.8793259e-01	 +3.1273488e-01 -8.2846891e-04	 9.75e-01 Accepted	 187	 366	
24	 6.8542636e-01	 +3.0611520e-01 -1.3288752e-03	 9.77e-01 Accepted	 187	 368	
25	 6.8318124e-01	 +2.9919040e-01 -8.6587923e-04	 9.81e-01 Accepted	 188	 369	
26	 6.8099105e-01	 +2.9240337e-01 -9.6258584e-04	 9.79e-01 Accepted	 187	 370	
27	 6.7897069e-01	 +2.8671484e-01 -1.4081725e-03	 9.83e-01 Accepted	 188	 372	
28	 6.7731410e-01	 +2.8160630e-01 -8.2748888e-04	 9.85e-01 Accepted	 189	 374	
29	 6.7570085e-01	 +2.7717482e-01 -1.8420676e-04	 9.84e-01 Accepted	 190	 374	
30	 6.7415498e-01	 +2.7314566e-01 -5.5829378e-04	 9.87e-01 Accepted	 189	 375	
31	 6.7273522e-01	 +2.6806220e-01 -2.3735978e-04	 9.88e-01 Accepted	 190	 376	
32	 6.7141437e-01	 +2.6383367e-01 +2.7338843e-04	 9.88e-01 Accepted	 190	 377	
33	 6.7021806e-01	 +2.6079674e-01 -7.4185609e-06	 9.89e-01 Accepted	 189	 377	
34	 6.6898057e-01	 +2.5635104e-01 -1.3426390e-05	 9.90e-01 Accepted	 191	 380	
35	 6.6787708e-01	 +2.5265506e-01 -2.2768255e-04	 9.92e-01 Accepted	 191	 381	
36	 6.6678065e-01	 +2.4987292e-01 -2.8560527e-04	 9.92e-01 Accepted	 191	 381	
37	 6.6590963e-01	 +2.4617453e-01 -2.2117292e-06	 9.92e-01 Accepted	 192	 383	
38	 6.6497991e-01	 +2.4276264e-01 +5.4567897e-04	 9.92e-01 Accepted	 192	 384	
39	 6.6413694e-01	 +2.4011070e-01 +5.6347668e-04	 9.94e-01 Accepted	 193	 384	
40	 6.6338259e-01	 +2.3711590e-01 +4.1156084e-04	 9.93e-01 Accepted	 192	 385	
41	 6.6267913e-01	 +2.3385341e-01 +6.2071900e-04	 9.95e-01 Accepted	 193	 385	
42	 6.6199896e-01	 +2.3068262e-01 +4.5575562e-04	 9.93e-01 Accepted	 193	 386	
43	 6.6142525e-01	 +2.2746160e-01 +1.2629912e-03	 9.94e-01 Accepted	 194	 388	
44	 6.6086691e-01	 +2.2595848e-01 +1.1516332e-03	 9.95e-01 Accepted	 194	 389	
45	 6.6026622e-01	 +2.2357788e-01 +1.1385726e-03	 9.94e-01 Accepted	 194	 390	
46	 6.5972797e-01	 +2.2187971e-01 +3.7345104e-04	 9.94e-01 Accepted	 195	 389	
47	 6.5916872e-01	 +2.2048888e-01 +2.7017192e-04	 9.97e-01 Accepted	 195	 389	
48	 6.5867657e-01	 +2.1883134e-01 -1.0171082e-03	 9.94e-01 Accepted	 195	 391	
49	 6.5816132e-01	 +2.1673102e-01 -5.1289220e-04	 9.97e-01 Accepted	 195	 391	
50	 6.5772491e-01	 +2.1539978e-01 -1.4847498e-04	 9.95e-01 Accepted	 196	 394	
51	 6.5727997e-01	 +2.1284869e-01 +3.5766699e-04	 9.95e-01 Accepted	 196	 393	
52	 6.5686820e-01	 +2.1098182e-01 -7.9465554e-05	 9.96e-01 Accepted	 196	 394	
53	 6.5652023e-01	 +2.1004915e-01 +3.9761381e-04	 9.98e-01 Accepted	 197	 395	
54	 6.5621660e-01	 +2.0863788e-01 +3.6156242e-04	 9.95e-01 Accepted	 197	 395	
55	 6.5587132e-01	 +2.0696828e-01 +4.5793486e-04	 9.97e-01 Accepted	 197	 397	
56	 6.5557629e-01	 +2.0637127e-01 +9.0592989e-04	 9.97e-01 Accepted	 197	 397	
57	 6.5518591e-01	 +2.0470124e-01 -4.2850357e-04	 9.97e-01 Accepted	 197	 396	
58	 6.5484734e-01	 +2.0306046e-01 +2.8569952e-04	 9.97e-01 Accepted	 198	 398	
59	 6.5456496e-01	 +2.0150665e-01 +6.6806363e-04	 9.97e-01 Accepted	 198	 398	
60	 6.5416585e-01	 +1.9936764e-01 +2.8516649e-04	 9.98e-01 Accepted	 198	 400	
61	 6.5389970e-01	 +1.9933591e-01 +8.8496263e-04	 9.99e-01 Accepted	 198	 400	
62	 6.5366179e-01	 +1.9737466e-01 +4.3909509e-04	 9.98e-01 Accepted	 199	 403	
63	 6.5329461e-01	 +1.9579699e-01 +1.4752921e-04	 9.96e-01 Accepted	 199	 402	
64	 6.5299479e-01	 +1.9404160e-01 -2.0437130e-04	 9.98e-01 Accepted	 198	 400	
65	 6.5276574e-01	 +1.9354046e-01 -3.7731486e-04	 9.97e-01 Accepted	 199	 402	
66	 6.5255689e-01	 +1.9165496e-01 -5.2041100e-05	 9.99e-01 Accepted	 199	 403	
67	 6.5228634e-01	 +1.9028834e-01 -3.2886580e-04	 9.98e-01 Accepted	 199	 403	
68	 6.5212575e-01	 +1.8948007e-01 +6.4593621e-05	 1.00e+00 Accepted	 200	 403	
69	 6.5197568e-01	 +1.8932816e-01 -3.1996241e-04	 9.99e-01 Accepted	 199	 404	
70	 6.5184015e-01	 +1.8869486e-01 +4.5250811e-04	 9.99e-01 Accepted	 200	 406	
71	 6.5165358e-01	 +1.8699448e-01 +1.3857622e-04	 9.99e-01 Accepted	 200	 405	
72	 6.5161080e-01	 +1.8564893e-01 -2.2488750e-04	 9.99e-01 Accepted	 201	 406	
73	 6.5141436e-01	 +1.8516353e-01 -6.1606039e-04	 9.99e-01 Accepted	 201	 406	
74	 6.5117484e-01	 +1.8332334e-01 -3.6727320e-04	 9.98e-01 Accepted	 200	 406	
75	 6.5099630e-01	 +1.8267674e-01 -4.9675455e-04	 9.98e-01 Accepted	 200	 407	
76	 6.5069111e-01	 +1.8251658e-01 -3.4600552e-04	 9.99e-01 Accepted	 201	 408	
77	 6.5055673e-01	 +1.8194252e-01 +1.3386605e-04	 9.98e-01 Accepted	 201	 408	
78	 6.5041156e-01	 +1.8135581e-01 +7.2037265e-04	 9.98e-01 Accepted	 201	 408	
79	 6.5023967e-01	 +1.7999194e-01 +7.3016641e-05	 1.00e+00 Accepted	 201	 409	
80	 6.5020531e-01	 +1.7850358e-01 +5.0288879e-04	 1.00e+00 Accepted	 202	 409	
81	 6.5006421e-01	 +1.7820903e-01 +3.4792087e-04	 9.98e-01 Accepted	 203	 411	
82	 6.4996072e-01	 +1.7773490e-01 +1.2758747e-04	 1.00e+00 Accepted	 202	 409	
83	 6.4980715e-01	 +1.7683118e-01 -2.8827248e-04	 9.99e-01 Accepted	 201	 410	
84	 6.4961656e-01	 +1.7542485e-01 -1.0210737e-04	 9.97e-01 Accepted	 202	 409	
85	 6.4946202e-01	 +1.7512895e-01 -1.4060761e-04	 9.99e-01 Accepted	 203	 412	
86	 6.4931698e-01	 +1.7487101e-01 -2.6228847e-04	 9.99e-01 Accepted	 202	 411	
87	 6.4929063e-01	 +1.7457345e-01 -1.6984902e-05	 1.00e+00 Accepted	 202	 410	
88	 6.4926388e-01	 +1.7429616e-01 -4.1028308e-04	 1.00e+00 Accepted	 202	 412	
89	 6.4920086e-01	 +1.7402345e-01 -3.6463692e-04	 9.99e-01 Accepted	 203	 413	
90	 6.4916006e-01	 +1.7374261e-01 -3.7611968e-04	 9.98e-01 Accepted	 203	 415	
91	 6.4906920e-01	 +1.7260595e-01 -4.9239328e-04	 9.99e-01 Accepted	 203	 413	
92	 6.4897595e-01	 +1.7215915e-01 -7.6824221e-04	 9.99e-01 Accepted	 203	 413	
93	 6.4890248e-01	 +1.7149924e-01 -9.6870481e-04	 9.99e-01 Accepted	 204	 415	
94	 6.4882787e-01	 +1.7063290e-01 -1.2415487e-03	 1.00e+00 Accepted	 203	 413	
95	 6.4877606e-01	 +1.6998940e-01 -7.4497067e-04	 1.00e+00 Accepted	 203	 414	
96	 6.4871768e-01	 +1.6995061e-01 -6.5284011e-04	 1.00e+00 Accepted	 203	 415	
97	 6.4872962e-01	 +1.6958581e-01 -1.4968045e-03	 1.00e+00 Accepted	 204	 415	
98	 6.4880382e-01	 +1.6865083e-01 -8.7498984e-04	 1.00e+00 Accepted	 204	 415	
99	 6.4887022e-01	 +1.6870738e-01 -7.2553621e-04	 1.00e+00 Accepted	 204	 416	
100	 6.4877120e-01	 +1.6798807e-01 -1.4426365e-03	 1.00e+00 Accepted	 204	 415	
101	 6.4860002e-01	 +1.6797840e-01 -1.7650177e-03	 1.00e+00 Accepted	 205	 417	
102	 6.4847205e-01	 +1.6692020e-01 -1.2208570e-03	 1.00e+00 Accepted	 204	 415	
103	 6.4836483e-01	 +1.6695523e-01 -1.1692285e-03	 9.99e-01 Accepted	 204	 417	
104	 6.4825335e-01	 +1.6552532e-01 -4.6691437e-04	 9.98e-01 Accepted	 204	 418	
105	 6.4813595e-01	 +1.6489741e-01 +8.8830567e-05	 1.00e+00 Accepted	 204	 416	
106	 6.4810904e-01	 +1.6358179e-01 -5.2800144e-04	 9.99e-01 Accepted	 205	 417	
107	 6.4805442e-01	 +1.6373811e-01 -9.8646062e-04	 1.00e+00 Accepted	 205	 419	
108	 6.4800194e-01	 +1.6328992e-01 -9.3048428e-04	 9.99e-01 Accepted	 204	 417	
109	 6.4804319e-01	 +1.6251051e-01 -1.8354636e-03	 1.00e+00 Accepted	 205	 419	
110	 6.4800536e-01	 +1.6112534e-01 -2.0719676e-03	 1.00e+00 Accepted	 205	 419	
111	 6.4795942e-01	 +1.6135854e-01 -2.1394463e-03	 1.00e+00 Accepted	 205	 420	
112	 6.4796482e-01	 +1.6109650e-01 -1.6538121e-03	 1.00e+00 Accepted	 205	 420	
113	 6.4788203e-01	 +1.6035838e-01 -1.1727378e-03	 1.00e+00 Accepted	 205	 421	
114	 6.4782813e-01	 +1.6064481e-01 -1.4688621e-04	 9.98e-01 Accepted	 205	 420	
115	 6.4775396e-01	 +1.5928775e-01 -3.4960275e-04	 9.99e-01 Accepted	 205	 421	
116	 6.4771131e-01	 +1.5925713e-01 -4.2380155e-04	 1.00e+00 Accepted	 206	 420	
117	 6.4757409e-01	 +1.5880550e-01 -4.7393884e-04	 9.97e-01 Accepted	 206	 421	
118	 6.4765785e-01	 +1.5806386e-01 -4.7900863e-04	 9.99e-01 Accepted	 206	 422	
119	 6.4760194e-01	 +1.5807294e-01 -1.5095006e-03	 9.99e-01 Accepted	 206	 422	
120	 6.4747445e-01	 +1.5803219e-01 -2.0788531e-03	 9.97e-01 Accepted	 205	 422	
121	 6.4742459e-01	 +1.5738088e-01 -1.7785928e-03	 9.98e-01 Accepted	 205	 422	
122	 6.4741428e-01	 +1.5774589e-01 -1.8370782e-03	 1.00e+00 Accepted	 206	 422	
123	 6.4742015e-01	 +1.5708296e-01 -1.3382187e-03	 1.00e+00 Accepted	 206	 423	
124	 6.4742560e-01	 +1.5637590e-01 -4.2100175e-04	 1.00e+00 Accepted	 206	 424	
125	 6.4745175e-01	 +1.5686655e-01 -2.4085046e-04	 1.00e+00 Accepted	 206	 423	
126	 6.4743949e-01	 +1.5667996e-01 -2.3741637e-04	 9.98e-01 Accepted	 206	 423	
127	 6.4732870e-01	 +1.5719886e-01 -1.7030079e-04	 9.98e-01 Accepted	 206	 424	
128	 6.4716653e-01	 +1.5626804e-01 +1.0042906e-04	 9.98e-01 Accepted	 206	 425	
129	 6.4712059e-01	 +1.5613926e-01 +3.5905384e-04	 1.00e+00 Accepted	 207	 424	
130	 6.4711259e-01	 +1.5612660e-01 +3.6195027e-04	 1.00e+00 Accepted	 207	 425	
131	 6.4715166e-01	 +1.5588289e-01 +1.0818329e-03	 1.00e+00 Accepted	 208	 426	
132	 6.4701531e-01	 +1.5586260e-01 +7.6861755e-04	 9.98e-01 Accepted	 207	 426	
133	 6.4697918e-01	 +1.5597026e-01 +1.0029653e-03	 9.99e-01 Accepted	 207	 425	
134	 6.4703511e-01	 +1.5447911e-01 +4.4076303e-04	 1.00e+00 Accepted	 206	 424	
135	 6.4699616e-01	 +1.5427756e-01 +7.3780144e-04	 1.00e+00 Accepted	 207	 426	
136	 6.4694352e-01	 +1.5426858e-01 +6.8899050e-04	 9.99e-01 Accepted	 207	 426	
137	 6.4706138e-01	 +1.5400485e-01 +1.3983650e-03	 1.00e+00 Accepted	 207	 426	
138	 6.4711328e-01	 +1.5329659e-01 +1.6925967e-03	 1.00e+00 Accepted	 207	 426	
139	 6.4714758e-01	 +1.5322999e-01 +1.0169882e-03	 1.00e+00 Accepted	 208	 426	
140	 6.4721283e-01	 +1.5376903e-01 +2.5252614e-04	 1.00e+00 Accepted	 208	 427	
141	 6.4717265e-01	 +1.5309443e-01 +5.2767669e-04	 9.98e-01 Accepted	 208	 429	
142	 6.4719174e-01	 +1.5368826e-01 +1.3314404e-03	 1.00e+00 Accepted	 207	 427	
143	 6.4703326e-01	 +1.5303033e-01 +1.2195847e-03	 9.98e-01 Accepted	 208	 426	
144	 6.4699451e-01	 +1.5250978e-01 +1.9390469e-03	 1.00e+00 Accepted	 208	 427	
145	 6.4692344e-01	 +1.5318270e-01 +1.6246676e-03	 1.00e+00 Accepted	 209	 428	
146	 6.4701158e-01	 +1.5365639e-01 +1.7163687e-03	 1.00e+00 Accepted	 208	 428	
147	 6.4694888e-01	 +1.5286715e-01 +2.2558761e-03	 1.00e+00 Accepted	 208	 427	
148	 6.4682231e-01	 +1.5150755e-01 +1.9462799e-03	 9.99e-01 Accepted	 207	 428	
149	 6.4679311e-01	 +1.5253699e-01 +1.6617436e-03	 1.00e+00 Accepted	 207	 428	
150	 6.4686658e-01	 +1.5285531e-01 +1.5921594e-03	 1.00e+00 Accepted	 208	 428	
151	 6.4691769e-01	 +1.5292197e-01 +1.2010896e-03	 1.00e+00 Accepted	 209	 429	
152	 6.4701982e-01	 +1.5222260e-01 +1.0671820e-03	 1.00e+00 Accepted	 210	 431	
153	 6.4695363e-01	 +1.5313588e-01 +7.4359982e-04	 1.00e+00 Accepted	 209	 430	
154	 6.4685991e-01	 +1.5254921e-01 +6.5848983e-04	 9.99e-01 Accepted	 209	 429	
155	 6.4681190e-01	 +1.5282595e-01 +4.4086946e-04	 1.00e+00 Accepted	 209	 430	
156	 6.4679389e-01	 +1.5199825e-01 -1.7089466e-04	 9.99e-01 Accepted	 209	 430	
157	 6.4686736e-01	 +1.5193019e-01 +3.8480536e-04	 1.00e+00 Accepted	 209	 431	
158	 6.4681428e-01	 +1.5132221e-01 +1.2990660e-04	 9.99e-01 Accepted	 209	 431	
159	 6.4683069e-01	 +1.5073625e-01 +5.8171987e-04	 1.00e+00 Accepted	 209	 431	
160	 6.4690156e-01	 +1.5010864e-01 +1.4855984e-04	 1.00e+00 Accepted	 209	 431	
161	 6.4677385e-01	 +1.4949111e-01 +1.1398515e-03	 9.99e-01 Accepted	 209	 431	
162	 6.4672457e-01	 +1.4956981e-01 +8.1756092e-04	 1.00e+00 Accepted	 210	 432	
163	 6.4671607e-01	 +1.4871389e-01 +1.9393225e-04	 1.00e+00 Accepted	 209	 432	
164	 6.4668725e-01	 +1.4998994e-01 +8.0807968e-05	 9.99e-01 Accepted	 209	 431	
165	 6.4664065e-01	 +1.4966068e-01 +3.0340725e-04	 1.00e+00 Accepted	 209	 432	
166	 6.4674699e-01	 +1.4888382e-01 -9.7488015e-05	 1.00e+00 Accepted	 210	 432	
167	 6.4674658e-01	 +1.4900452e-01 +7.6170124e-04	 1.00e+00 Accepted	 210	 431	
168	 6.4668405e-01	 +1.4844044e-01 +7.9962931e-04	 9.99e-01 Accepted	 209	 434	
169	 6.4651192e-01	 +1.4849229e-01 +9.7207057e-04	 9.99e-01 Accepted	 210	 433	
170	 6.4649155e-01	 +1.4781628e-01 +1.4422861e-03	 1.00e+00 Accepted	 210	 432	
171	 6.4659438e-01	 +1.4688886e-01 +1.0475117e-03	 1.00e+00 Accepted	 209	 431	
172	 6.4650658e-01	 +1.4603001e-01 +5.2879074e-04	 9.98e-01 Accepted	 210	 433	
173	 6.4648385e-01	 +1.4566232e-01 +4.1844775e-04	 1.00e+00 Accepted	 210	 432	
174	 6.4639828e-01	 +1.4549695e-01 -1.8027160e-04	 1.00e+00 Accepted	 210	 433	
175	 6.4634489e-01	 +1.4494621e-01 -2.1381951e-04	 1.00e+00 Accepted	 210	 431	
176	 6.4625705e-01	 +1.4406267e-01 +2.0465698e-04	 9.98e-01 Accepted	 210	 434	
177	 6.4640200e-01	 +1.4345148e-01 +1.9675604e-04	 1.00e+00 Accepted	 210	 435	
178	 6.4626277e-01	 +1.4431418e-01 -1.0267638e-04	 1.00e+00 Accepted	 211	 433	
179	 6.4636127e-01	 +1.4406733e-01 -9.8012696e-04	 1.00e+00 Accepted	 210	 434	
180	 6.4635567e-01	 +1.4373980e-01 -2.7522172e-04	 9.99e-01 Accepted	 211	 434	
181	 6.4626882e-01	 +1.4369113e-01 -2.4189546e-04	 9.98e-01 Accepted	 210	 434	
182	 6.4641946e-01	 +1.4305546e-01 +1.8549939e-04	 1.00e+00 Accepted	 210	 435	
183	 6.4656008e-01	 +1.4344536e-01 +5.6036344e-04	 1.00e+00 Accepted	 211	 434	
184	 6.4658903e-01	 +1.4378704e-01 +5.8242787e-04	 1.00e+00 Accepted	 211	 435	
