# Starting_type: HotStart
# serial RNG seed: 	[31808 59184 38570 3080 46542]
# parallel RNG seed:	[60299 42327 24980 45533 19183]
# Trajectory_length / Number_of_MD_steps: 1 / 8
# 	 Plaquette	 Polyakov_Loop(re,im)	 Acc._Probability	 runtime_per_traj(s)	 CG_iterations	
1	 2.3211435e-01	 +3.6286553e-04 -1.2835565e-03	 1.14e+74 Accepted	 356	 643	
2	 3.3122630e-01	 -1.9860272e-04 +1.5118800e-04	 7.79e+37 Accepted	 394	 644	
3	 3.8910828e-01	 -1.2351401e-03 -1.2892437e-03	 5.45e+24 Accepted	 394	 630	
4	 4.2887843e-01	 -2.0100151e-03 -1.9215524e-05	 1.54e+18 Accepted	 386	 617	
5	 4.5917442e-01	 +1.6257650e-04 -1.2751813e-03	 5.77e+14 Accepted	 380	 607	
6	 4.8424049e-01	 -2.4694814e-03 -4.0506367e-04	 7.69e+12 Accepted	 376	 597	
7	 5.0563702e-01	 -8.9347040e-04 -6.5984588e-05	 1.80e+11 Accepted	 370	 588	
8	 5.2414750e-01	 -6.0410407e-04 -4.1318226e-04	 1.12e+10 Accepted	 366	 581	
9	 5.4016251e-01	 +3.1363416e-04 -3.3756266e-04	 3.86e+08 Accepted	 362	 574	
10	 5.5341976e-01	 -6.9119709e-05 -2.1035467e-04	 2.57e+07 Accepted	 360	 568	
11	 5.6465772e-01	 -1.7569321e-03 +1.7559226e-03	 1.39e+06 Accepted	 355	 559	
12	 5.7353235e-01	 -5.4949360e-04 +4.2657930e-04	 1.09e+05 Accepted	 355	 559	
13	 5.8092710e-01	 +5.0292347e-04 -1.1792623e-04	 1.07e+04 Accepted	 350	 548	
14	 5.8636850e-01	 +5.6473441e-04 +9.5951984e-04	 1.17e+03 Accepted	 346	 538	
15	 5.9100722e-01	 +1.0490829e-03 +5.3011707e-04	 2.82e+02 Accepted	 343	 536	
16	 5.9483414e-01	 +1.2144158e-03 +7.3383117e-04	 1.31e+02 Accepted	 341	 532	
17	 5.9755265e-01	 +2.3881502e-03 -3.8280110e-04	 3.20e+01 Accepted	 338	 524	
18	 5.9959715e-01	 -2.2020898e-04 +3.6226351e-05	 1.51e+01 Accepted	 335	 516	
19	 6.0132664e-01	 +2.7470017e-03 -7.9284718e-04	 9.38e+00 Accepted	 330	 512	
20	 6.0287204e-01	 -2.2086084e-04 +5.3592548e-04	 6.97e+00 Accepted	 327	 503	
21	 6.0401103e-01	 -2.0778673e-04 -4.2004947e-06	 4.81e+00 Accepted	 324	 491	
22	 6.0503297e-01	 +2.5521862e-03 -3.8948719e-04	 3.03e+00 Accepted	 319	 479	
23	 6.0567637e-01	 +5.6317735e-04 +1.6510873e-03	 2.18e+00 Accepted	 314	 492	
24	 6.0631441e-01	 +1.2673509e-03 -1.6551571e-05	 2.35e+00 Accepted	 317	 487	
25	 6.0682966e-01	 -1.3500737e-04 +9.8791789e-04	 1.90e+00 Accepted	 319	 490	
26	 6.0729895e-01	 +2.7352730e-04 +3.1504321e-03	 1.92e+00 Accepted	 315	 476	
27	 6.0780603e-01	 +2.2000211e-03 +2.5762576e-03	 2.23e+00 Accepted	 309	 458	
28	 6.0809786e-01	 +9.5782369e-04 +1.6319694e-03	 1.64e+00 Accepted	 307	 472	
29	 6.0843301e-01	 +1.7804874e-03 +2.2891252e-04	 2.19e+00 Accepted	 304	 417	
30	 6.0878903e-01	 -9.0677455e-04 -7.6989794e-04	 1.84e+00 Accepted	 290	 393	
31	 6.0905784e-01	 -7.6942321e-04 +2.2517082e-03	 8.96e-01 Accepted	 275	 444	
32	 6.0914137e-01	 -2.2962516e-03 -2.0253052e-03	 1.35e+00 Accepted	 286	 406	
33	 6.0921428e-01	 -1.1691465e-04 -4.7025607e-04	 1.21e+00 Accepted	 280	 405	
34	 6.0912819e-01	 -6.2313517e-04 -1.8463002e-03	 7.45e-01 Accepted	 282	 409	
35	 6.0932945e-01	 +2.1452911e-04 -1.4794012e-03	 1.45e+00 Accepted	 273	 338	
36	 6.0936525e-01	 +1.9441554e-04 -2.2873637e-03	 6.59e-01 Accepted	 235	 271	
37	 6.0937823e-01	 +6.3848927e-04 -2.1705226e-03	 1.04e+00 Accepted	 211	 307	
38	 6.0973239e-01	 +1.2727413e-03 +7.3257275e-04	 1.47e+00 Accepted	 240	 336	
39	 6.0961176e-01	 +4.8134079e-04 +1.6471559e-03	 7.55e-01 Accepted	 235	 282	
40	 6.0975060e-01	 +6.1047850e-04 -2.0680592e-04	 1.41e+00 Accepted	 212	 298	
41	 6.0979021e-01	 -8.2653939e-05 -1.6207700e-03	 1.10e+00 Accepted	 226	 293	
42	 6.0998925e-01	 +1.3484811e-03 -7.8723179e-04	 1.08e+00 Accepted	 217	 254	
43	 6.0991353e-01	 -8.1168435e-04 -7.5463332e-04	 1.26e+00 Accepted	 207	 288	
44	 6.0991978e-01	 +6.6175656e-04 +1.2252406e-04	 1.33e+00 Accepted	 228	 298	
45	 6.0989712e-01	 -1.1825509e-03 -1.1786998e-03	 8.73e-01 Accepted	 210	 248	
46	 6.0996529e-01	 +3.0153135e-04 -4.5842600e-04	 1.02e+00 Accepted	 194	 227	
47	 6.1002064e-01	 +5.3708770e-04 -1.8946718e-03	 1.22e+00 Accepted	 187	 231	
48	 6.1003641e-01	 -1.5436811e-03 -6.4772470e-04	 7.65e-01 Accepted	 189	 236	
49	 6.1014043e-01	 -7.5572485e-04 -6.3530576e-04	 1.21e+00 Accepted	 193	 245	
50	 6.1011974e-01	 -6.5640199e-04 -2.8421273e-03	 1.22e+00 Accepted	 199	 258	
51	 6.1029350e-01	 -1.4170611e-03 -3.5562745e-04	 1.40e+00 Accepted	 216	 315	
52	 6.1034362e-01	 -1.8309887e-03 -2.2897378e-03	 1.01e+00 Accepted	 230	 322	
53	 6.1023126e-01	 -6.3291335e-04 -2.1606328e-03	 8.69e-01 Accepted	 220	 222	
54	 6.0997474e-01	 +7.6482792e-04 -1.9613391e-03	 9.59e-01 Accepted	 191	 252	
55	 6.1015153e-01	 -6.0357391e-04 -1.8016552e-03	 1.70e+00 Accepted	 197	 221	
56	 6.1026277e-01	 +1.6323154e-03 -8.6050005e-04	 7.19e-01 Accepted	 187	 224	
57	 6.1023816e-01	 +9.3278075e-04 -2.4709197e-03	 9.20e-01 Accepted	 186	 226	
58	 6.1043585e-01	 -2.3994755e-04 -1.2227004e-03	 1.47e+00 Accepted	 189	 231	
59	 6.1033540e-01	 -1.8095845e-03 -3.0489498e-03	 6.57e-01 Accepted	 190	 253	
60	 6.1048666e-01	 -2.7597657e-03 -8.4845627e-04	 1.19e+00 Accepted	 196	 242	
61	 6.1055733e-01	 +2.2208087e-04 -2.0875315e-03	 1.14e+00 Accepted	 192	 225	
62	 6.1069332e-01	 -7.2256176e-04 -5.7827630e-04	 1.40e+00 Accepted	 187	 232	
63	 6.1069332e-01	 -7.2256176e-04 -5.7827630e-04	 7.68e-01 Rejected	 190	 241	
64	 6.1069332e-01	 -7.2256176e-04 -5.7827630e-04	 6.11e-01 Rejected	 187	 223	
65	 6.1054619e-01	 +5.5808665e-04 -2.6643706e-03	 1.02e+00 Accepted	 189	 229	
66	 6.1055879e-01	 -3.0442889e-03 +1.0886746e-03	 1.41e+00 Accepted	 188	 228	
67	 6.1055112e-01	 -1.8676950e-03 -1.4669772e-03	 8.91e-01 Accepted	 189	 228	
68	 6.1041986e-01	 -2.5740690e-03 -1.9983928e-03	 1.09e+00 Accepted	 188	 226	
69	 6.1056975e-01	 -2.0853912e-03 -1.4857284e-03	 9.74e-01 Accepted	 189	 222	
70	 6.1035852e-01	 -6.1718963e-04 -1.7165392e-04	 6.45e-01 Accepted	 187	 224	
71	 6.1055679e-01	 -2.8412499e-03 +2.6512297e-04	 9.79e-01 Accepted	 186	 223	
72	 6.1061935e-01	 -5.1977319e-03 -4.2184707e-04	 1.05e+00 Accepted	 186	 227	
73	 6.1074227e-01	 -2.5917931e-03 -1.0038145e-03	 1.24e+00 Accepted	 194	 223	
74	 6.1067317e-01	 -3.7399192e-03 -1.5906190e-03	 1.10e+00 Accepted	 186	 222	
75	 6.1057518e-01	 -5.8550351e-03 -5.3149297e-04	 7.16e-01 Accepted	 184	 222	
76	 6.1051109e-01	 -3.0838382e-03 -2.9109416e-03	 9.61e-01 Accepted	 186	 225	
77	 6.1028616e-01	 -3.1886832e-03 -2.2187745e-03	 6.62e-01 Accepted	 188	 249	
78	 6.1041812e-01	 -4.0502916e-03 +9.5715980e-04	 1.09e+00 Accepted	 192	 227	
79	 6.1054142e-01	 -2.3718490e-03 +9.5334702e-04	 9.17e-01 Accepted	 191	 226	
80	 6.1061575e-01	 -1.5928337e-03 -5.3771428e-04	 1.26e+00 Accepted	 189	 232	
81	 6.1078506e-01	 -3.4987044e-03 +3.8664706e-04	 1.14e+00 Accepted	 189	 226	
82	 6.1076414e-01	 -3.1018704e-03 +1.8696338e-03	 9.46e-01 Accepted	 187	 224	
83	 6.1078042e-01	 -2.4383568e-03 +1.5493399e-03	 8.14e-01 Accepted	 196	 288	
84	 6.1056734e-01	 -1.6765261e-03 -1.3309504e-03	 6.43e-01 Accepted	 216	 231	
85	 6.1067525e-01	 -2.8102409e-03 +1.0383520e-03	 1.09e+00 Accepted	 188	 222	
86	 6.1062101e-01	 -4.7304952e-03 +1.3539281e-03	 6.43e-01 Accepted	 185	 232	
87	 6.1039528e-01	 -5.2937908e-03 +1.4704159e-03	 7.83e-01 Accepted	 188	 224	
88	 6.1069526e-01	 -5.4167992e-03 +2.0927293e-03	 1.50e+00 Accepted	 189	 237	
89	 6.1048523e-01	 -3.3240124e-03 -2.5570308e-04	 9.05e-01 Accepted	 192	 222	
90	 6.1058984e-01	 -6.2059071e-03 +1.6050342e-03	 1.48e+00 Accepted	 187	 230	
91	 6.1074534e-01	 -4.9140647e-03 +4.2645396e-04	 1.10e+00 Accepted	 189	 223	
92	 6.1074534e-01	 -4.9140647e-03 +4.2645396e-04	 9.55e-01 Rejected	 186	 227	
93	 6.1065379e-01	 -5.3680222e-03 +3.2188961e-03	 7.12e-01 Accepted	 185	 223	
94	 6.1065957e-01	 -3.3326185e-03 +2.6380659e-03	 9.58e-01 Accepted	 185	 224	
95	 6.1065957e-01	 -3.3326185e-03 +2.6380659e-03	 8.09e-01 Rejected	 190	 238	
96	 6.1057558e-01	 -4.9559386e-03 +9.0474630e-04	 1.07e+00 Accepted	 188	 228	
97	 6.1066728e-01	 -4.0874239e-03 -9.5578006e-04	 1.01e+00 Accepted	 187	 223	
98	 6.1066728e-01	 -4.0874239e-03 -9.5578006e-04	 5.42e-01 Rejected	 190	 223	
99	 6.1068668e-01	 -6.2420390e-03 +8.3052160e-04	 1.03e+00 Accepted	 186	 222	
100	 6.1068668e-01	 -6.2420390e-03 +8.3052160e-04	 6.03e-01 Rejected	 186	 227	
101	 6.1054093e-01	 -4.6358474e-03 +2.3953075e-03	 1.02e+00 Accepted	 185	 222	
102	 6.1054093e-01	 -4.6358474e-03 +2.3953075e-03	 8.97e-01 Rejected	 185	 223	
103	 6.1081646e-01	 -5.1806220e-03 -1.2375659e-04	 1.31e+00 Accepted	 186	 236	
104	 6.1081646e-01	 -5.1806220e-03 -1.2375659e-04	 8.06e-01 Rejected	 190	 231	
105	 6.1086765e-01	 -3.8900739e-03 +1.5882454e-03	 1.48e+00 Accepted	 189	 223	
106	 6.1074026e-01	 -2.9207961e-03 +2.2156381e-06	 7.88e-01 Accepted	 188	 245	
107	 6.1087153e-01	 -6.7703973e-03 +4.4385166e-04	 8.55e-01 Accepted	 191	 225	
108	 6.1077836e-01	 -6.1124599e-03 -3.0499938e-04	 1.13e+00 Accepted	 188	 228	
109	 6.1058088e-01	 -6.9029532e-03 +2.6397974e-03	 8.34e-01 Accepted	 200	 314	
110	 6.1088450e-01	 -5.9023140e-03 +1.5814941e-03	 1.71e+00 Accepted	 219	 243	
111	 6.1083906e-01	 -6.0695197e-03 +1.6369704e-03	 8.92e-01 Accepted	 202	 271	
112	 6.1066265e-01	 -4.8028973e-03 +2.2688231e-04	 1.22e+00 Accepted	 221	 306	
113	 6.1066118e-01	 -5.6420933e-03 +3.4821976e-04	 1.40e+00 Accepted	 217	 275	
114	 6.1066118e-01	 -5.6420933e-03 +3.4821976e-04	 8.77e-01 Rejected	 200	 223	
115	 6.1061146e-01	 -6.4926694e-03 +2.0654605e-03	 1.29e+00 Accepted	 212	 257	
116	 6.1049233e-01	 -6.1967227e-03 -6.3824167e-05	 8.62e-01 Accepted	 199	 223	
117	 6.1057354e-01	 -3.8504178e-03 +1.6363839e-04	 9.79e-01 Accepted	 184	 222	
118	 6.1057354e-01	 -3.8504178e-03 +1.6363839e-04	 5.62e-01 Rejected	 186	 223	
119	 6.1057354e-01	 -3.8504178e-03 +1.6363839e-04	 5.22e-01 Rejected	 185	 224	
120	 6.1056825e-01	 -3.0258184e-03 +1.2769164e-03	 1.32e+00 Accepted	 186	 227	
121	 6.1044242e-01	 -5.5450735e-03 +3.4751000e-03	 1.42e+00 Accepted	 193	 245	
122	 6.1038351e-01	 -6.3748558e-03 +1.0215455e-03	 6.58e-01 Accepted	 192	 222	
123	 6.1040797e-01	 -5.7644637e-03 +8.2091804e-04	 1.04e+00 Accepted	 185	 223	
124	 6.1048944e-01	 -6.8546842e-03 +2.7860999e-03	 1.17e+00 Accepted	 186	 232	
125	 6.1058246e-01	 -6.0847426e-03 -3.4759283e-05	 1.10e+00 Accepted	 187	 222	
126	 6.1049611e-01	 -5.6633050e-03 +2.0502704e-03	 7.75e-01 Accepted	 185	 223	
127	 6.1041826e-01	 -6.3325869e-03 +5.4193133e-04	 7.81e-01 Accepted	 186	 241	
128	 6.1032619e-01	 -5.8081499e-03 +8.7338219e-05	 1.02e+00 Accepted	 194	 229	
129	 6.1046425e-01	 -8.6741870e-03 +1.6454748e-04	 1.18e+00 Accepted	 186	 222	
130	 6.1069521e-01	 -6.7122059e-03 -2.3256167e-03	 1.21e+00 Accepted	 186	 223	
131	 6.1066297e-01	 -7.0406103e-03 +3.8849024e-04	 1.02e+00 Accepted	 185	 223	
132	 6.1078897e-01	 -8.6665396e-03 +2.8653429e-04	 1.18e+00 Accepted	 185	 223	
133	 6.1067168e-01	 -6.1505480e-03 -8.5412470e-04	 8.62e-01 Accepted	 185	 223	
134	 6.1080466e-01	 -6.8456341e-03 +4.2206087e-04	 8.54e-01 Accepted	 186	 231	
135	 6.1080031e-01	 -5.6157082e-03 +3.5824413e-04	 1.62e+00 Accepted	 189	 223	
136	 6.1079474e-01	 -3.2078828e-03 -1.2188921e-03	 9.80e-01 Accepted	 185	 223	
137	 6.1079474e-01	 -3.2078828e-03 -1.2188921e-03	 6.64e-01 Rejected	 185	 224	
138	 6.1078896e-01	 -5.4980064e-03 -1.4208763e-03	 9.98e-01 Accepted	 186	 227	
139	 6.1091793e-01	 -4.9723346e-03 -1.1549554e-03	 1.08e+00 Accepted	 186	 223	
140	 6.1074045e-01	 -4.1501879e-03 +3.5792065e-04	 8.71e-01 Accepted	 185	 223	
141	 6.1075963e-01	 -5.9563402e-03 -1.1403132e-03	 9.50e-01 Accepted	 185	 227	
142	 6.1088904e-01	 -2.6681317e-03 -2.2605904e-03	 1.22e+00 Accepted	 190	 224	
143	 6.1092623e-01	 -2.6333734e-03 -3.2243526e-03	 1.33e+00 Accepted	 186	 223	
144	 6.1080201e-01	 -4.3031635e-03 -2.2274071e-03	 5.68e-01 Accepted	 185	 223	
145	 6.1086587e-01	 -3.1989503e-03 -3.7305400e-03	 1.03e+00 Accepted	 185	 228	
146	 6.1085906e-01	 -2.7011310e-03 -3.3067140e-03	 7.93e-01 Accepted	 190	 232	
147	 6.1107344e-01	 -4.7236880e-03 -2.0672513e-03	 9.71e-01 Accepted	 187	 223	
148	 6.1095407e-01	 -5.9768606e-03 -2.3555867e-03	 1.14e+00 Accepted	 187	 223	
149	 6.1097692e-01	 -3.5008424e-03 -1.7508838e-03	 1.01e+00 Accepted	 186	 223	
150	 6.1082409e-01	 -7.6528133e-04 -1.7971153e-03	 6.27e-01 Accepted	 185	 225	
151	 6.1098713e-01	 -1.0686392e-03 -1.5946099e-03	 1.86e+00 Accepted	 186	 225	
152	 6.1082392e-01	 -1.2047017e-03 +6.1926322e-04	 8.20e-01 Accepted	 186	 223	
153	 6.1079265e-01	 -1.8857738e-03 -5.1141912e-04	 7.83e-01 Accepted	 185	 223	
154	 6.1100768e-01	 -4.7286727e-03 -6.5054221e-04	 1.52e+00 Accepted	 185	 224	
155	 6.1097366e-01	 -5.7354187e-03 -6.9740876e-04	 8.89e-01 Accepted	 185	 222	
156	 6.1102810e-01	 -2.4738406e-03 -2.3880895e-03	 1.16e+00 Accepted	 187	 244	
157	 6.1102810e-01	 -2.4738406e-03 -2.3880895e-03	 9.23e-01 Rejected	 190	 223	
158	 6.1079767e-01	 -2.4009933e-03 -8.2423610e-04	 8.09e-01 Accepted	 193	 223	
159	 6.1083233e-01	 -4.8310860e-03 -2.5079942e-03	 1.46e+00 Accepted	 185	 223	
160	 6.1099259e-01	 -4.3115082e-03 -1.0035238e-04	 1.04e+00 Accepted	 186	 223	
161	 6.1094498e-01	 -6.6365349e-03 -1.4992733e-03	 1.10e+00 Accepted	 185	 223	
162	 6.1094498e-01	 -6.6365349e-03 -1.4992733e-03	 4.88e-01 Rejected	 185	 222	
163	 6.1085486e-01	 -5.6420924e-03 -5.5237035e-04	 8.70e-01 Accepted	 185	 223	
164	 6.1110225e-01	 -4.2363135e-03 +3.9420332e-04	 1.42e+00 Accepted	 186	 235	
165	 6.1102657e-01	 -6.3967611e-03 -2.9110683e-04	 9.76e-01 Accepted	 190	 223	
166	 6.1077154e-01	 -8.1519624e-03 +1.6925643e-03	 6.55e-01 Accepted	 186	 223	
167	 6.1088091e-01	 -4.9428063e-03 +2.0890761e-04	 1.54e+00 Accepted	 187	 223	
168	 6.1115182e-01	 -4.5962387e-03 -9.5276251e-05	 1.05e+00 Accepted	 186	 223	
169	 6.1128339e-01	 -5.3306012e-03 +1.5091941e-03	 1.14e+00 Accepted	 185	 223	
170	 6.1120160e-01	 -8.0926011e-03 +2.2539577e-03	 1.15e+00 Accepted	 185	 224	
171	 6.1120160e-01	 -8.0926011e-03 +2.2539577e-03	 5.01e-01 Rejected	 185	 223	
172	 6.1120971e-01	 -3.7211677e-03 +2.1027880e-03	 1.13e+00 Accepted	 187	 224	
173	 6.1134752e-01	 -4.6100880e-03 +4.3771306e-04	 1.35e+00 Accepted	 198	 259	
174	 6.1134752e-01	 -4.6100880e-03 +4.3771306e-04	 8.94e-01 Rejected	 194	 224	
175	 6.1125838e-01	 -5.3548059e-03 +1.2046635e-03	 1.11e+00 Accepted	 195	 223	
176	 6.1117804e-01	 -4.4457998e-03 -4.6354402e-04	 1.11e+00 Accepted	 185	 223	
177	 6.1133000e-01	 -2.4691242e-03 -7.2576759e-05	 1.65e+00 Accepted	 186	 223	
178	 6.1126216e-01	 -5.8115220e-03 +2.8915084e-03	 8.49e-01 Accepted	 185	 223	
179	 6.1119933e-01	 -4.3201151e-03 +2.1653642e-03	 6.52e-01 Accepted	 186	 223	
180	 6.1108220e-01	 -3.8062756e-03 +8.7590687e-05	 1.23e+00 Accepted	 187	 224	
181	 6.1111787e-01	 -2.1423790e-03 +3.4707657e-03	 1.18e+00 Accepted	 186	 227	
182	 6.1082884e-01	 -4.2120419e-03 +1.7438256e-03	 7.74e-01 Accepted	 199	 281	
183	 6.1082884e-01	 -4.2120419e-03 +1.7438256e-03	 6.49e-01 Rejected	 219	 282	
184	 6.1072446e-01	 -5.6446059e-03 +1.2406056e-03	 9.48e-01 Accepted	 203	 223	
185	 6.1057563e-01	 -5.4185886e-03 +1.6013437e-03	 9.30e-01 Accepted	 185	 223	
186	 6.1043403e-01	 -5.1134948e-03 +7.6842268e-04	 1.00e+00 Accepted	 185	 223	
187	 6.1054039e-01	 -5.1202854e-03 +2.7986804e-03	 8.04e-01 Accepted	 189	 226	
188	 6.1049838e-01	 -6.1079526e-03 +4.6616450e-03	 9.26e-01 Accepted	 187	 233	
189	 6.1068549e-01	 -2.9282437e-03 +3.0223417e-03	 1.24e+00 Accepted	 187	 223	
190	 6.1068549e-01	 -2.9282437e-03 +3.0223417e-03	 6.34e-01 Rejected	 186	 223	
191	 6.1059546e-01	 -4.3918238e-03 +3.1655665e-03	 9.45e-01 Accepted	 185	 234	
192	 6.1080789e-01	 -4.6304181e-03 +3.6598697e-03	 1.64e+00 Accepted	 190	 223	
193	 6.1072160e-01	 -4.6681033e-03 +4.7570347e-03	 6.66e-01 Accepted	 185	 227	
194	 6.1080066e-01	 -4.9248350e-03 +4.6070693e-03	 1.57e+00 Accepted	 187	 225	
195	 6.1070683e-01	 -6.8254297e-03 +2.2960208e-03	 1.39e+00 Accepted	 185	 223	
196	 6.1078278e-01	 -7.9472922e-03 +2.8796203e-03	 1.09e+00 Accepted	 187	 223	
197	 6.1077114e-01	 -6.9956085e-03 +2.9814920e-03	 1.17e+00 Accepted	 186	 240	
198	 6.1071950e-01	 -6.3387042e-03 +2.4614514e-03	 1.31e+00 Accepted	 191	 223	
# Starting_type: CheckpointStart
# Trajectory_length / Number_of_MD_steps: 1 / 8
# 	 Plaquette	 Polyakov_Loop(re,im)	 Acc._Probability	 runtime_per_traj(s)	 CG_iterations	
199	 6.1092868e-01	 -7.1412292e-03 +2.1561793e-03	 1.89e+00 Accepted	 186	 226	
200	 6.1090231e-01	 -7.0768017e-03 +3.1249552e-03	 1.11e+00 Accepted	 186	 223	
201	 6.1090231e-01	 -7.0768017e-03 +3.1249552e-03	 9.20e-01 Rejected	 184	 223	
202	 6.1088064e-01	 -8.0848616e-03 +4.9455680e-03	 6.27e-01 Accepted	 186	 229	
203	 6.1094912e-01	 -6.5799266e-03 +3.7903628e-03	 1.05e+00 Accepted	 186	 223	
204	 6.1094912e-01	 -6.5799266e-03 +3.7903628e-03	 8.33e-01 Rejected	 186	 232	
205	 6.1078424e-01	 -8.0419418e-03 +3.6022418e-03	 8.07e-01 Accepted	 186	 227	
206	 6.1079578e-01	 -7.4070038e-03 +2.6687738e-03	 8.33e-01 Accepted	 187	 232	
207	 6.1084916e-01	 -7.6318786e-03 +2.1396041e-03	 1.85e+00 Accepted	 193	 234	
208	 6.1084916e-01	 -7.6318786e-03 +2.1396041e-03	 9.63e-01 Rejected	 194	 235	
209	 6.1095825e-01	 -7.7513302e-03 +4.7865713e-03	 1.27e+00 Accepted	 187	 223	
210	 6.1093488e-01	 -6.9908244e-03 +3.2814748e-03	 8.63e-01 Accepted	 185	 228	
211	 6.1094597e-01	 -6.9932060e-03 +5.9567751e-03	 1.58e+00 Accepted	 186	 223	
212	 6.1072411e-01	 -7.1693893e-03 +4.8771576e-03	 6.39e-01 Accepted	 185	 223	
213	 6.1096610e-01	 -6.0079763e-03 +6.7793842e-03	 1.40e+00 Accepted	 190	 251	
214	 6.1088513e-01	 -4.0695629e-03 +5.2755630e-03	 1.02e+00 Accepted	 192	 223	
215	 6.1081941e-01	 -5.3289868e-03 +3.2979960e-03	 9.30e-01 Accepted	 184	 226	
216	 6.1075447e-01	 -4.8392555e-03 +6.3540550e-03	 1.16e+00 Accepted	 186	 237	
217	 6.1078485e-01	 -5.5269127e-03 +4.4707805e-03	 1.22e+00 Accepted	 188	 223	
218	 6.1074664e-01	 -5.2093101e-03 +5.9720989e-03	 6.41e-01 Accepted	 190	 229	
219	 6.1074664e-01	 -5.2093101e-03 +5.9720989e-03	 7.92e-01 Rejected	 187	 223	
220	 6.1083838e-01	 -6.0621317e-03 +7.1940018e-03	 8.50e-01 Accepted	 187	 223	
221	 6.1083295e-01	 -4.7010733e-03 +5.4670852e-03	 7.31e-01 Accepted	 184	 223	
222	 6.1073626e-01	 -2.0257673e-03 +7.1102799e-03	 8.78e-01 Accepted	 187	 232	
223	 6.1081011e-01	 -6.0284517e-03 +7.1468775e-03	 1.22e+00 Accepted	 188	 229	
224	 6.1081011e-01	 -6.0284517e-03 +7.1468775e-03	 8.08e-01 Rejected	 188	 227	
225	 6.1085073e-01	 -6.5949434e-03 +6.5736558e-03	 1.01e+00 Accepted	 192	 230	
226	 6.1076466e-01	 -6.4653728e-03 +5.4047572e-03	 8.20e-01 Accepted	 186	 223	
227	 6.1078767e-01	 -7.4763125e-03 +4.3026891e-03	 1.13e+00 Accepted	 186	 250	
228	 6.1094326e-01	 -8.5619174e-03 +5.6231200e-03	 1.01e+00 Accepted	 194	 223	
229	 6.1080135e-01	 -6.0810529e-03 +6.3660242e-03	 1.21e+00 Accepted	 184	 223	
230	 6.1063828e-01	 -5.8267168e-03 +6.3454957e-03	 7.83e-01 Accepted	 185	 223	
231	 6.1057894e-01	 -7.9474784e-03 +7.0713733e-03	 7.63e-01 Accepted	 185	 223	
232	 6.1076702e-01	 -7.1431733e-03 +6.6199535e-03	 1.14e+00 Accepted	 185	 223	
233	 6.1087187e-01	 -8.7201884e-03 +8.1581197e-03	 1.33e+00 Accepted	 185	 223	
234	 6.1104729e-01	 -8.5841718e-03 +7.5378712e-03	 1.07e+00 Accepted	 185	 223	
235	 6.1089476e-01	 -7.1494864e-03 +7.6220362e-03	 8.61e-01 Accepted	 185	 223	
236	 6.1077331e-01	 -7.8317070e-03 +7.7258231e-03	 7.66e-01 Accepted	 185	 223	
237	 6.1076179e-01	 -8.4722240e-03 +6.3075755e-03	 1.09e+00 Accepted	 189	 226	
238	 6.1099959e-01	 -7.5864448e-03 +7.5915037e-03	 1.40e+00 Accepted	 186	 226	
239	 6.1086643e-01	 -8.4175106e-03 +8.2856057e-03	 6.57e-01 Accepted	 186	 223	
240	 6.1082027e-01	 -6.9984250e-03 +1.0464443e-02	 8.31e-01 Accepted	 185	 223	
241	 6.1077306e-01	 -6.8478488e-03 +1.0037743e-02	 8.59e-01 Accepted	 184	 223	
242	 6.1093198e-01	 -9.1557443e-03 +7.7904546e-03	 1.32e+00 Accepted	 185	 223	
243	 6.1107204e-01	 -9.0743966e-03 +8.1563684e-03	 1.12e+00 Accepted	 185	 223	
244	 6.1115492e-01	 -8.2135438e-03 +9.7436457e-03	 9.94e-01 Accepted	 186	 223	
245	 6.1101580e-01	 -7.0123025e-03 +1.1529539e-02	 6.10e-01 Accepted	 186	 223	
246	 6.1093756e-01	 -6.5942872e-03 +1.2192482e-02	 1.12e+00 Accepted	 185	 223	
247	 6.1076999e-01	 -8.0979620e-03 +8.7949261e-03	 1.19e+00 Accepted	 184	 223	
248	 6.1087837e-01	 -5.8405252e-03 +1.1492661e-02	 1.10e+00 Accepted	 185	 223	
249	 6.1052426e-01	 -5.5115214e-03 +9.3156472e-03	 6.16e-01 Accepted	 184	 223	
250	 6.1047215e-01	 -7.9650974e-03 +8.0098948e-03	 6.53e-01 Accepted	 185	 223	
251	 6.1054188e-01	 -6.9558347e-03 +1.0091882e-02	 1.28e+00 Accepted	 185	 223	
252	 6.1063022e-01	 -8.6112499e-03 +1.1120069e-02	 7.18e-01 Accepted	 185	 223	
253	 6.1064193e-01	 -8.9401332e-03 +9.2084454e-03	 7.30e-01 Accepted	 185	 228	
254	 6.1062141e-01	 -9.4773818e-03 +1.1137991e-02	 7.19e-01 Accepted	 188	 225	
255	 6.1062141e-01	 -9.4773818e-03 +1.1137991e-02	 6.70e-01 Rejected	 185	 225	
256	 6.1069893e-01	 -1.1982413e-02 +8.4996676e-03	 1.08e+00 Accepted	 186	 223	
257	 6.1090253e-01	 -9.4951308e-03 +8.3326076e-03	 1.35e+00 Accepted	 184	 223	
258	 6.1074353e-01	 -9.8827655e-03 +9.8339943e-03	 8.13e-01 Accepted	 185	 223	
259	 6.1093344e-01	 -1.1758005e-02 +7.0833170e-03	 1.39e+00 Accepted	 184	 223	
260	 6.1104494e-01	 -1.1406273e-02 +8.8543760e-03	 1.37e+00 Accepted	 185	 223	
261	 6.1087958e-01	 -1.2050112e-02 +9.1591321e-03	 4.80e-01 Accepted	 184	 223	
262	 6.1086472e-01	 -9.6343137e-03 +9.6103113e-03	 9.12e-01 Accepted	 188	 223	
263	 6.1081007e-01	 -1.4126490e-02 +1.1287538e-02	 1.03e+00 Accepted	 184	 223	
264	 6.1096421e-01	 -1.3181913e-02 +1.0059474e-02	 1.15e+00 Accepted	 185	 223	
265	 6.1112147e-01	 -1.3711286e-02 +8.5439978e-03	 1.25e+00 Accepted	 184	 223	
266	 6.1112147e-01	 -1.3711286e-02 +8.5439978e-03	 5.54e-01 Rejected	 185	 223	
267	 6.1095960e-01	 -1.3249564e-02 +1.0516216e-02	 8.78e-01 Accepted	 185	 223	
268	 6.1103970e-01	 -1.2883506e-02 +1.0646748e-02	 8.78e-01 Accepted	 185	 223	
269	 6.1096970e-01	 -1.0417152e-02 +1.1390560e-02	 9.48e-01 Accepted	 184	 223	
270	 6.1094551e-01	 -1.0569385e-02 +9.4408101e-03	 1.07e+00 Accepted	 184	 223	
271	 6.1080346e-01	 -1.1082379e-02 +1.0013906e-02	 8.12e-01 Accepted	 188	 246	
272	 6.1099246e-01	 -1.1042985e-02 +8.1716628e-03	 8.03e-01 Accepted	 200	 226	
273	 6.1094732e-01	 -9.9870207e-03 +9.3129733e-03	 1.06e+00 Accepted	 195	 223	
274	 6.1090649e-01	 -1.2097372e-02 +7.8657056e-03	 8.48e-01 Accepted	 186	 223	
275	 6.1078997e-01	 -1.2012810e-02 +1.1563156e-02	 8.74e-01 Accepted	 185	 223	
276	 6.1089704e-01	 -1.1951930e-02 +9.1059895e-03	 1.06e+00 Accepted	 186	 223	
277	 6.1076175e-01	 -1.2367600e-02 +1.2004065e-02	 9.42e-01 Accepted	 185	 226	
278	 6.1081584e-01	 -1.3766600e-02 +1.1118983e-02	 1.05e+00 Accepted	 186	 223	
279	 6.1072178e-01	 -1.4822448e-02 +9.7976146e-03	 7.60e-01 Accepted	 185	 223	
280	 6.1056394e-01	 -1.2318304e-02 +8.2546012e-03	 3.95e-01 Accepted	 186	 223	
281	 6.1047375e-01	 -1.5148450e-02 +9.3269295e-03	 9.77e-01 Accepted	 186	 227	
282	 6.1043038e-01	 -1.5799859e-02 +6.9526431e-03	 1.18e+00 Accepted	 187	 223	
283	 6.1066842e-01	 -1.5143460e-02 +1.1715015e-02	 1.31e+00 Accepted	 185	 223	
284	 6.1079133e-01	 -1.4923556e-02 +1.1481026e-02	 1.27e+00 Accepted	 185	 223	
285	 6.1098796e-01	 -1.2916463e-02 +1.1402679e-02	 1.36e+00 Accepted	 185	 223	
286	 6.1111293e-01	 -1.3690061e-02 +9.6935281e-03	 1.16e+00 Accepted	 190	 234	
287	 6.1101865e-01	 -1.2407623e-02 +1.1319299e-02	 9.05e-01 Accepted	 192	 241	
288	 6.1102373e-01	 -1.3477148e-02 +1.1264196e-02	 9.36e-01 Accepted	 189	 223	
289	 6.1105904e-01	 -1.3496890e-02 +1.1402817e-02	 1.12e+00 Accepted	 186	 228	
290	 6.1106656e-01	 -1.4928474e-02 +1.2239208e-02	 1.21e+00 Accepted	 188	 223	
291	 6.1101142e-01	 -1.4887161e-02 +1.1342863e-02	 1.55e+00 Accepted	 184	 224	
292	 6.1086918e-01	 -1.2956544e-02 +1.1721021e-02	 6.35e-01 Accepted	 186	 224	
293	 6.1094101e-01	 -1.5107437e-02 +1.3395022e-02	 1.14e+00 Accepted	 188	 227	
294	 6.1094862e-01	 -1.4493075e-02 +1.0847326e-02	 1.33e+00 Accepted	 187	 227	
295	 6.1091644e-01	 -1.6786310e-02 +1.1778903e-02	 6.79e-01 Accepted	 186	 224	
296	 6.1119000e-01	 -1.4355241e-02 +1.3400740e-02	 1.94e+00 Accepted	 187	 223	
297	 6.1088784e-01	 -1.7229653e-02 +1.2279275e-02	 7.04e-01 Accepted	 185	 223	
298	 6.1090007e-01	 -1.6241756e-02 +1.1853602e-02	 1.03e+00 Accepted	 191	 237	
299	 6.1098954e-01	 -1.3139819e-02 +1.1014054e-02	 7.84e-01 Accepted	 190	 228	
300	 6.1084627e-01	 -1.3180671e-02 +1.0918348e-02	 1.14e+00 Accepted	 187	 226	
301	 6.1088483e-01	 -1.4228605e-02 +1.2143564e-02	 7.68e-01 Accepted	 185	 223	
302	 6.1077513e-01	 -1.5295133e-02 +1.4425603e-02	 8.96e-01 Accepted	 185	 227	
303	 6.1085496e-01	 -1.5471658e-02 +1.4047178e-02	 7.12e-01 Accepted	 187	 230	
304	 6.1084998e-01	 -1.6155612e-02 +1.3646851e-02	 1.17e+00 Accepted	 193	 223	
305	 6.1086351e-01	 -1.6670688e-02 +1.2300848e-02	 1.39e+00 Accepted	 185	 223	
306	 6.1083645e-01	 -1.5404719e-02 +1.2300112e-02	 1.17e+00 Accepted	 186	 223	
307	 6.1074461e-01	 -1.1254348e-02 +1.2944783e-02	 8.06e-01 Accepted	 185	 223	
308	 6.1083557e-01	 -1.3797369e-02 +1.1606198e-02	 1.00e+00 Accepted	 190	 239	
309	 6.1072151e-01	 -1.5135561e-02 +1.2687539e-02	 7.51e-01 Accepted	 187	 223	
310	 6.1073575e-01	 -1.4305886e-02 +1.2599267e-02	 1.15e+00 Accepted	 185	 225	
311	 6.1088212e-01	 -1.4704448e-02 +1.2027703e-02	 1.01e+00 Accepted	 186	 223	
312	 6.1095254e-01	 -1.3831494e-02 +9.8998715e-03	 1.12e+00 Accepted	 185	 226	
313	 6.1112728e-01	 -1.3193718e-02 +1.2656486e-02	 1.45e+00 Accepted	 186	 223	
314	 6.1098416e-01	 -1.4023192e-02 +1.0284352e-02	 1.12e+00 Accepted	 185	 223	
315	 6.1106463e-01	 -1.3483091e-02 +1.0068008e-02	 1.04e+00 Accepted	 184	 225	
316	 6.1094422e-01	 -1.3837543e-02 +1.2802921e-02	 6.56e-01 Accepted	 186	 231	
317	 6.1094963e-01	 -1.6209941e-02 +1.3269558e-02	 8.67e-01 Accepted	 187	 223	
318	 6.1093590e-01	 -1.7088158e-02 +1.2290803e-02	 9.52e-01 Accepted	 185	 223	
319	 6.1087868e-01	 -2.0605394e-02 +1.2336316e-02	 7.53e-01 Accepted	 186	 232	
320	 6.1102151e-01	 -1.7874438e-02 +1.2517506e-02	 1.04e+00 Accepted	 191	 237	
321	 6.1102151e-01	 -1.7874438e-02 +1.2517506e-02	 5.92e-01 Rejected	 190	 223	
322	 6.1097418e-01	 -1.6925302e-02 +1.0451806e-02	 1.04e+00 Accepted	 191	 228	
323	 6.1127055e-01	 -1.5606167e-02 +1.3694954e-02	 1.31e+00 Accepted	 187	 228	
324	 6.1118297e-01	 -1.6257816e-02 +1.2281461e-02	 9.27e-01 Accepted	 187	 223	
325	 6.1097448e-01	 -1.5625374e-02 +1.2640695e-02	 1.16e+00 Accepted	 185	 223	
326	 6.1098301e-01	 -1.6253332e-02 +1.0955458e-02	 1.03e+00 Accepted	 185	 228	
327	 6.1096914e-01	 -1.8959912e-02 +1.1798788e-02	 8.34e-01 Accepted	 187	 223	
328	 6.1111918e-01	 -1.5992189e-02 +1.1671153e-02	 1.74e+00 Accepted	 185	 223	
329	 6.1096261e-01	 -1.7011214e-02 +9.6836931e-03	 8.10e-01 Accepted	 188	 235	
330	 6.1105332e-01	 -1.6961733e-02 +1.1276704e-02	 1.56e+00 Accepted	 187	 223	
331	 6.1108463e-01	 -1.7595076e-02 +1.2457812e-02	 1.03e+00 Accepted	 184	 224	
332	 6.1094164e-01	 -1.8069431e-02 +1.2683326e-02	 5.38e-01 Accepted	 186	 224	
333	 6.1075270e-01	 -1.7345981e-02 +1.2465403e-02	 1.08e+00 Accepted	 194	 240	
334	 6.1068218e-01	 -1.6449127e-02 +1.5782590e-02	 1.25e+00 Accepted	 189	 224	
335	 6.1085090e-01	 -1.8517141e-02 +1.4429692e-02	 1.51e+00 Accepted	 186	 223	
336	 6.1060939e-01	 -1.7109873e-02 +1.2693923e-02	 6.77e-01 Accepted	 186	 223	
337	 6.1052648e-01	 -1.8370641e-02 +1.3179639e-02	 9.76e-01 Accepted	 184	 224	
338	 6.1066979e-01	 -1.8172311e-02 +1.3299141e-02	 1.32e+00 Accepted	 186	 223	
339	 6.1098358e-01	 -1.7773022e-02 +1.3198655e-02	 1.62e+00 Accepted	 185	 223	
340	 6.1085703e-01	 -1.8989808e-02 +1.5003736e-02	 8.20e-01 Accepted	 185	 223	
341	 6.1085703e-01	 -1.8989808e-02 +1.5003736e-02	 7.96e-01 Rejected	 186	 232	
342	 6.1095845e-01	 -1.9684205e-02 +1.4360430e-02	 1.17e+00 Accepted	 189	 223	
343	 6.1081233e-01	 -1.8256878e-02 +1.4957981e-02	 9.28e-01 Accepted	 187	 223	
344	 6.1084823e-01	 -1.8080356e-02 +1.4360608e-02	 1.07e+00 Accepted	 185	 223	
345	 6.1103366e-01	 -1.8387709e-02 +1.5325671e-02	 1.37e+00 Accepted	 189	 265	
346	 6.1088587e-01	 -2.0434790e-02 +1.5814726e-02	 9.47e-01 Accepted	 197	 223	
347	 6.1121399e-01	 -1.9543560e-02 +1.4653126e-02	 1.25e+00 Accepted	 189	 236	
348	 6.1111394e-01	 -1.9676674e-02 +1.6274508e-02	 9.46e-01 Accepted	 190	 228	
349	 6.1098358e-01	 -1.9416813e-02 +1.7746965e-02	 9.56e-01 Accepted	 187	 229	
350	 6.1080516e-01	 -1.8679826e-02 +1.4554581e-02	 9.60e-01 Accepted	 187	 223	
351	 6.1090740e-01	 -1.8940399e-02 +1.4215391e-02	 1.41e+00 Accepted	 185	 223	
352	 6.1077197e-01	 -1.7993109e-02 +1.7938718e-02	 8.22e-01 Accepted	 185	 223	
353	 6.1076714e-01	 -1.6994686e-02 +1.6263979e-02	 1.06e+00 Accepted	 185	 223	
354	 6.1068210e-01	 -1.7882784e-02 +1.7595855e-02	 7.99e-01 Accepted	 186	 228	
355	 6.1079487e-01	 -1.8229483e-02 +1.7311158e-02	 1.12e+00 Accepted	 186	 223	
356	 6.1100937e-01	 -1.8487323e-02 +1.8763873e-02	 1.09e+00 Accepted	 185	 223	
357	 6.1140313e-01	 -1.7825001e-02 +1.9531606e-02	 2.21e+00 Accepted	 185	 223	
358	 6.1137591e-01	 -1.6801787e-02 +1.9105765e-02	 9.14e-01 Accepted	 185	 223	
359	 6.1154055e-01	 -1.6038479e-02 +1.8317337e-02	 1.10e+00 Accepted	 186	 228	
360	 6.1154055e-01	 -1.6038479e-02 +1.8317337e-02	 5.78e-01 Rejected	 187	 223	
361	 6.1130720e-01	 -1.7709178e-02 +1.9220788e-02	 6.63e-01 Accepted	 186	 223	
362	 6.1130332e-01	 -1.3900547e-02 +1.9804883e-02	 1.45e+00 Accepted	 185	 223	
363	 6.1127153e-01	 -1.7208221e-02 +2.0815149e-02	 6.83e-01 Accepted	 185	 224	
364	 6.1129402e-01	 -1.7559896e-02 +1.8477370e-02	 9.49e-01 Accepted	 186	 223	
365	 6.1109383e-01	 -1.6030236e-02 +2.0196651e-02	 1.07e+00 Accepted	 185	 223	
366	 6.1099888e-01	 -1.6528328e-02 +1.9898253e-02	 1.02e+00 Accepted	 185	 223	
367	 6.1117744e-01	 -1.7462203e-02 +2.0854979e-02	 7.80e-01 Accepted	 185	 223	
368	 6.1107730e-01	 -1.6506435e-02 +2.0346241e-02	 7.90e-01 Accepted	 187	 223	
369	 6.1119634e-01	 -1.5282619e-02 +2.0559944e-02	 1.39e+00 Accepted	 185	 223	
370	 6.1106688e-01	 -1.3045009e-02 +1.8760710e-02	 1.22e+00 Accepted	 185	 223	
371	 6.1103317e-01	 -1.5115553e-02 +1.7742554e-02	 1.08e+00 Accepted	 184	 223	
372	 6.1093751e-01	 -1.5168837e-02 +1.9443714e-02	 7.45e-01 Accepted	 185	 223	
373	 6.1085119e-01	 -1.5142953e-02 +1.6308637e-02	 1.06e+00 Accepted	 185	 223	
374	 6.1090399e-01	 -1.3261618e-02 +1.5375611e-02	 8.84e-01 Accepted	 185	 223	
375	 6.1104626e-01	 -1.4003229e-02 +1.5386502e-02	 8.22e-01 Accepted	 187	 226	
376	 6.1104322e-01	 -1.4073839e-02 +1.8489577e-02	 8.95e-01 Accepted	 186	 223	
377	 6.1099902e-01	 -1.4738190e-02 +1.8107803e-02	 1.31e+00 Accepted	 184	 223	
378	 6.1101524e-01	 -1.3018785e-02 +2.0796681e-02	 1.28e+00 Accepted	 186	 231	
379	 6.1101524e-01	 -1.3018785e-02 +2.0796681e-02	 6.33e-01 Rejected	 190	 225	
380	 6.1087611e-01	 -1.4631480e-02 +2.1363464e-02	 8.46e-01 Accepted	 190	 234	
381	 6.1094537e-01	 -1.2629552e-02 +2.1262973e-02	 1.25e+00 Accepted	 187	 223	
382	 6.1089485e-01	 -1.5197449e-02 +1.8287012e-02	 7.34e-01 Accepted	 189	 241	
383	 6.1089750e-01	 -1.3552752e-02 +1.6884629e-02	 9.76e-01 Accepted	 191	 223	
384	 6.1087302e-01	 -1.3589168e-02 +1.8193515e-02	 9.26e-01 Accepted	 185	 223	
385	 6.1087302e-01	 -1.3589168e-02 +1.8193515e-02	 5.85e-01 Rejected	 186	 223	
386	 6.1095563e-01	 -1.3108598e-02 +1.6490853e-02	 9.13e-01 Accepted	 185	 223	
387	 6.1061248e-01	 -1.4463434e-02 +1.6999761e-02	 6.98e-01 Accepted	 184	 223	
388	 6.1082340e-01	 -1.4063633e-02 +1.9212101e-02	 1.47e+00 Accepted	 185	 223	
389	 6.1064754e-01	 -1.4119498e-02 +1.8070006e-02	 6.77e-01 Accepted	 185	 229	
390	 6.1073946e-01	 -1.3858605e-02 +1.5357870e-02	 1.09e+00 Accepted	 188	 227	
391	 6.1084258e-01	 -1.3987023e-02 +1.8567348e-02	 1.10e+00 Accepted	 186	 223	
392	 6.1082273e-01	 -1.2775234e-02 +1.7193557e-02	 7.08e-01 Accepted	 186	 223	
393	 6.1072869e-01	 -1.4115376e-02 +1.7392064e-02	 9.31e-01 Accepted	 184	 223	
394	 6.1084159e-01	 -1.4511319e-02 +1.8277853e-02	 1.33e+00 Accepted	 185	 223	
395	 6.1070173e-01	 -1.3971927e-02 +1.7367620e-02	 7.82e-01 Accepted	 188	 242	
396	 6.1070586e-01	 -1.3917801e-02 +1.9121300e-02	 7.80e-01 Accepted	 194	 224	
397	 6.1104138e-01	 -1.4096799e-02 +1.9070253e-02	 1.74e+00 Accepted	 186	 223	
398	 6.1090177e-01	 -1.3591346e-02 +1.7555912e-02	 8.67e-01 Accepted	 192	 266	
399	 6.1102216e-01	 -1.3158175e-02 +1.8238693e-02	 1.38e+00 Accepted	 199	 223	
400	 6.1084840e-01	 -1.2351599e-02 +1.7271990e-02	 9.01e-01 Accepted	 186	 223	
401	 6.1099621e-01	 -1.1919843e-02 +1.8856208e-02	 1.39e+00 Accepted	 186	 227	
402	 6.1121739e-01	 -1.1071307e-02 +1.8642688e-02	 8.63e-01 Accepted	 188	 228	
403	 6.1137348e-01	 -1.3748613e-02 +2.0917882e-02	 1.21e+00 Accepted	 187	 223	
404	 6.1123221e-01	 -1.3923494e-02 +1.8944076e-02	 6.68e-01 Accepted	 186	 227	
405	 6.1115140e-01	 -1.4264898e-02 +1.7740749e-02	 1.28e+00 Accepted	 186	 223	
406	 6.1103786e-01	 -1.0958428e-02 +1.8340530e-02	 8.46e-01 Accepted	 186	 225	
407	 6.1088696e-01	 -1.3765519e-02 +1.9988784e-02	 8.81e-01 Accepted	 188	 247	
408	 6.1076172e-01	 -1.4958530e-02 +2.0780728e-02	 8.94e-01 Accepted	 196	 228	
409	 6.1075654e-01	 -1.3197254e-02 +2.2526589e-02	 7.11e-01 Accepted	 188	 223	
410	 6.1078594e-01	 -1.4649707e-02 +2.1456568e-02	 8.16e-01 Accepted	 192	 271	
411	 6.1084516e-01	 -1.5153943e-02 +1.8435906e-02	 1.06e+00 Accepted	 203	 227	
412	 6.1073672e-01	 -1.3889608e-02 +1.9839515e-02	 8.96e-01 Accepted	 186	 223	
413	 6.1066962e-01	 -1.6350606e-02 +2.0840008e-02	 9.59e-01 Accepted	 184	 223	
414	 6.1076379e-01	 -1.4956163e-02 +1.9670884e-02	 1.06e+00 Accepted	 185	 223	
415	 6.1089314e-01	 -1.7642127e-02 +2.0193259e-02	 1.35e+00 Accepted	 185	 223	
416	 6.1068144e-01	 -1.5334274e-02 +1.9646647e-02	 5.49e-01 Accepted	 185	 223	
417	 6.1092078e-01	 -1.5726036e-02 +1.8306457e-02	 1.68e+00 Accepted	 185	 223	
418	 6.1088460e-01	 -1.2229718e-02 +1.9258370e-02	 8.06e-01 Accepted	 185	 223	
419	 6.1083873e-01	 -1.3708188e-02 +1.9568810e-02	 1.09e+00 Accepted	 185	 227	
420	 6.1085543e-01	 -1.3428229e-02 +1.7848108e-02	 7.92e-01 Accepted	 187	 232	
421	 6.1090748e-01	 -1.6172861e-02 +1.9242666e-02	 1.40e+00 Accepted	 189	 230	
422	 6.1090748e-01	 -1.6172861e-02 +1.9242666e-02	 5.77e-01 Rejected	 187	 223	
423	 6.1078338e-01	 -1.5555043e-02 +2.0351952e-02	 8.02e-01 Accepted	 189	 223	
424	 6.1102826e-01	 -1.5953351e-02 +1.7767471e-02	 9.46e-01 Accepted	 185	 224	
425	 6.1108524e-01	 -1.6869302e-02 +2.0482497e-02	 1.21e+00 Accepted	 188	 229	
426	 6.1098203e-01	 -1.4714536e-02 +2.0704580e-02	 9.90e-01 Accepted	 187	 223	
427	 6.1110106e-01	 -1.5012220e-02 +1.9777819e-02	 8.93e-01 Accepted	 185	 230	
428	 6.1094459e-01	 -1.6409975e-02 +2.0644883e-02	 8.78e-01 Accepted	 187	 223	
# Starting_type: CheckpointStart
# Trajectory_length / Number_of_MD_steps: 1 / 8
# 	 Plaquette	 Polyakov_Loop(re,im)	 Acc._Probability	 runtime_per_traj(s)	 CG_iterations	
429	 6.1076069e-01	 -1.4588698e-02 +1.9958573e-02	 7.12e-01 Accepted	 192	 225	
430	 6.1088677e-01	 -1.6155079e-02 +1.8408670e-02	 1.37e+00 Accepted	 193	 241	
431	 6.1074261e-01	 -1.3961146e-02 +1.9905279e-02	 8.65e-01 Accepted	 195	 223	
432	 6.1106673e-01	 -1.6796126e-02 +2.1889853e-02	 1.37e+00 Accepted	 191	 223	
433	 6.1123803e-01	 -1.4288675e-02 +2.0785134e-02	 1.29e+00 Accepted	 190	 223	
434	 6.1122453e-01	 -1.5083874e-02 +2.1480432e-02	 6.35e-01 Accepted	 191	 223	
435	 6.1124204e-01	 -1.5382739e-02 +2.1411039e-02	 1.12e+00 Accepted	 198	 281	
436	 6.1105840e-01	 -1.5061677e-02 +2.2569294e-02	 1.23e+00 Accepted	 208	 225	
437	 6.1103759e-01	 -1.2376450e-02 +2.2056291e-02	 1.05e+00 Accepted	 192	 237	
438	 6.1083914e-01	 -1.2746207e-02 +2.2964544e-02	 9.15e-01 Accepted	 194	 223	
439	 6.1083854e-01	 -1.3666537e-02 +2.0152132e-02	 8.52e-01 Accepted	 190	 227	
440	 6.1110231e-01	 -1.5964991e-02 +2.0355109e-02	 1.03e+00 Accepted	 192	 223	
441	 6.1077507e-01	 -1.2444219e-02 +2.0598851e-02	 8.71e-01 Accepted	 189	 223	
442	 6.1100731e-01	 -1.4918596e-02 +2.0206035e-02	 1.19e+00 Accepted	 190	 225	
443	 6.1104202e-01	 -1.5908343e-02 +1.9881586e-02	 9.63e-01 Accepted	 190	 223	
444	 6.1108971e-01	 -1.5061691e-02 +1.9177802e-02	 1.05e+00 Accepted	 191	 223	
445	 6.1108971e-01	 -1.5061691e-02 +1.9177802e-02	 8.33e-01 Rejected	 190	 223	
446	 6.1091400e-01	 -1.4099732e-02 +1.9113571e-02	 7.99e-01 Accepted	 196	 223	
447	 6.1097622e-01	 -1.2051461e-02 +1.7120932e-02	 1.55e+00 Accepted	 191	 234	
448	 6.1095682e-01	 -1.2542288e-02 +1.7389854e-02	 8.41e-01 Accepted	 195	 223	
449	 6.1100339e-01	 -1.2897236e-02 +1.9458135e-02	 8.76e-01 Accepted	 190	 223	
450	 6.1109388e-01	 -1.3799583e-02 +2.0957837e-02	 9.18e-01 Accepted	 190	 227	
451	 6.1109388e-01	 -1.3799583e-02 +2.0957837e-02	 7.93e-01 Rejected	 191	 223	
452	 6.1127576e-01	 -1.4067886e-02 +1.7639080e-02	 1.29e+00 Accepted	 194	 241	
453	 6.1121358e-01	 -1.6589508e-02 +1.9347422e-02	 9.75e-01 Accepted	 195	 223	
454	 6.1117571e-01	 -1.5500701e-02 +1.8301856e-02	 9.29e-01 Accepted	 190	 225	
455	 6.1084411e-01	 -1.6591080e-02 +1.8553169e-02	 6.42e-01 Accepted	 191	 223	
456	 6.1058477e-01	 -1.3941692e-02 +1.9773864e-02	 7.58e-01 Accepted	 191	 223	
457	 6.1063847e-01	 -1.6148136e-02 +2.0496448e-02	 1.08e+00 Accepted	 190	 223	
458	 6.1064061e-01	 -1.5160612e-02 +1.8403908e-02	 1.14e+00 Accepted	 197	 223	
459	 6.1081365e-01	 -1.6443525e-02 +1.9897358e-02	 1.89e+00 Accepted	 196	 227	
460	 6.1079341e-01	 -1.6366331e-02 +1.9648918e-02	 1.01e+00 Accepted	 193	 233	
461	 6.1091854e-01	 -1.7311563e-02 +1.8520418e-02	 1.05e+00 Accepted	 197	 223	
462	 6.1091854e-01	 -1.7311563e-02 +1.8520418e-02	 9.56e-01 Rejected	 192	 229	
463	 6.1099282e-01	 -1.5838685e-02 +1.8826333e-02	 1.38e+00 Accepted	 189	 223	
464	 6.1088903e-01	 -1.6853418e-02 +1.7623362e-02	 9.10e-01 Accepted	 191	 223	
465	 6.1105706e-01	 -1.6056484e-02 +1.9921376e-02	 1.10e+00 Accepted	 190	 223	
466	 6.1102969e-01	 -1.5397098e-02 +1.9662034e-02	 9.57e-01 Accepted	 191	 223	
467	 6.1102969e-01	 -1.5397098e-02 +1.9662034e-02	 7.60e-01 Rejected	 190	 223	
468	 6.1079312e-01	 -1.6228604e-02 +1.7709446e-02	 8.50e-01 Accepted	 190	 223	
469	 6.1065582e-01	 -1.5468845e-02 +2.1011991e-02	 1.18e+00 Accepted	 190	 226	
470	 6.1078610e-01	 -1.7699952e-02 +2.0950776e-02	 9.36e-01 Accepted	 191	 223	
471	 6.1102427e-01	 -1.8121984e-02 +2.1905492e-02	 1.57e+00 Accepted	 189	 224	
472	 6.1088720e-01	 -1.5594593e-02 +2.0539427e-02	 7.28e-01 Accepted	 191	 225	
473	 6.1062776e-01	 -1.7253215e-02 +1.9698127e-02	 1.01e+00 Accepted	 190	 223	
474	 6.1080297e-01	 -1.5227035e-02 +2.1619630e-02	 9.43e-01 Accepted	 190	 223	
475	 6.1073826e-01	 -1.7113936e-02 +2.1343208e-02	 1.06e+00 Accepted	 190	 223	
476	 6.1091081e-01	 -1.7413324e-02 +2.1696034e-02	 1.18e+00 Accepted	 190	 223	
477	 6.1075350e-01	 -1.6431388e-02 +2.0823729e-02	 7.56e-01 Accepted	 190	 223	
478	 6.1068266e-01	 -1.3683658e-02 +2.2176291e-02	 9.50e-01 Accepted	 190	 224	
479	 6.1061016e-01	 -1.6422303e-02 +2.1576524e-02	 1.14e+00 Accepted	 191	 223	
480	 6.1077715e-01	 -1.4644821e-02 +2.1435583e-02	 1.43e+00 Accepted	 190	 223	
481	 6.1083219e-01	 -1.6353613e-02 +2.1868014e-02	 1.26e+00 Accepted	 191	 236	
482	 6.1085223e-01	 -1.1655111e-02 +2.0656660e-02	 6.76e-01 Accepted	 194	 223	
483	 6.1085223e-01	 -1.1655111e-02 +2.0656660e-02	 6.74e-01 Rejected	 190	 226	
484	 6.1073594e-01	 -1.5091905e-02 +2.0447876e-02	 9.41e-01 Accepted	 191	 228	
485	 6.1070340e-01	 -1.4984309e-02 +2.1299157e-02	 8.69e-01 Accepted	 197	 226	
486	 6.1079066e-01	 -1.4240082e-02 +2.3215958e-02	 1.26e+00 Accepted	 191	 227	
487	 6.1086032e-01	 -1.3261263e-02 +2.2431787e-02	 1.05e+00 Accepted	 192	 223	
488	 6.1069284e-01	 -1.2826932e-02 +2.3090314e-02	 9.82e-01 Accepted	 191	 223	
489	 6.1073158e-01	 -1.3653369e-02 +2.2845381e-02	 7.60e-01 Accepted	 190	 223	
490	 6.1070354e-01	 -1.3460445e-02 +2.2064215e-02	 1.01e+00 Accepted	 190	 223	
491	 6.1067470e-01	 -1.4940668e-02 +2.3512879e-02	 1.90e+00 Accepted	 190	 226	
492	 6.1079462e-01	 -1.3894551e-02 +2.4117114e-02	 1.07e+00 Accepted	 192	 223	
493	 6.1075184e-01	 -1.4744122e-02 +2.2763205e-02	 1.07e+00 Accepted	 191	 225	
494	 6.1084115e-01	 -1.2374118e-02 +2.1940500e-02	 1.08e+00 Accepted	 193	 240	
495	 6.1104628e-01	 -1.4865733e-02 +2.3571969e-02	 1.45e+00 Accepted	 196	 223	
496	 6.1086217e-01	 -1.2356671e-02 +2.3034268e-02	 7.30e-01 Accepted	 191	 223	
497	 6.1086585e-01	 -1.3238775e-02 +2.2154449e-02	 7.76e-01 Accepted	 195	 256	
498	 6.1072327e-01	 -1.2731758e-02 +2.0292563e-02	 1.03e+00 Accepted	 202	 229	
499	 6.1071549e-01	 -1.1398941e-02 +2.1336516e-02	 5.01e-01 Accepted	 192	 223	
500	 6.1075853e-01	 -1.4747574e-02 +2.1261368e-02	 1.32e+00 Accepted	 190	 223	
501	 6.1075853e-01	 -1.4747574e-02 +2.1261368e-02	 5.43e-01 Rejected	 190	 223	
502	 6.1076717e-01	 -1.4480468e-02 +2.4157869e-02	 1.08e+00 Accepted	 192	 224	
503	 6.1088047e-01	 -1.1863798e-02 +2.4285108e-02	 1.64e+00 Accepted	 190	 223	
504	 6.1091538e-01	 -1.2452434e-02 +2.3313007e-02	 7.91e-01 Accepted	 190	 223	
505	 6.1111025e-01	 -1.3048459e-02 +2.2258294e-02	 1.70e+00 Accepted	 190	 223	
506	 6.1094870e-01	 -1.3609606e-02 +2.4461255e-02	 6.83e-01 Accepted	 191	 230	
507	 6.1083225e-01	 -1.3236395e-02 +2.2462612e-02	 7.60e-01 Accepted	 192	 223	
508	 6.1083225e-01	 -1.3236395e-02 +2.2462612e-02	 7.90e-01 Rejected	 191	 227	
509	 6.1066094e-01	 -1.4161304e-02 +2.3992045e-02	 1.30e+00 Accepted	 190	 223	
510	 6.1049804e-01	 -1.3648190e-02 +2.1612360e-02	 6.09e-01 Accepted	 191	 223	
511	 6.1058578e-01	 -1.4173068e-02 +2.3995080e-02	 1.17e+00 Accepted	 190	 223	
512	 6.1063588e-01	 -1.3984556e-02 +2.4969643e-02	 1.08e+00 Accepted	 191	 230	
513	 6.1075452e-01	 -1.5155083e-02 +2.3254877e-02	 1.21e+00 Accepted	 193	 224	
514	 6.1064583e-01	 -1.3173601e-02 +2.4774898e-02	 7.48e-01 Accepted	 190	 223	
515	 6.1054176e-01	 -1.1954342e-02 +2.3471095e-02	 7.68e-01 Accepted	 190	 223	
516	 6.1047886e-01	 -1.1607720e-02 +2.2375739e-02	 1.10e+00 Accepted	 191	 226	
517	 6.1053124e-01	 -1.2997671e-02 +2.2912195e-02	 1.03e+00 Accepted	 197	 223	
518	 6.1102013e-01	 -1.3837817e-02 +2.2087755e-02	 2.00e+00 Accepted	 192	 223	
519	 6.1104008e-01	 -1.3037464e-02 +2.2742502e-02	 6.11e-01 Accepted	 190	 223	
520	 6.1114800e-01	 -1.5346823e-02 +2.4588101e-02	 1.48e+00 Accepted	 190	 223	
521	 6.1101950e-01	 -1.2745405e-02 +2.1141924e-02	 8.30e-01 Accepted	 190	 223	
522	 6.1096785e-01	 -1.4378945e-02 +2.2549408e-02	 1.11e+00 Accepted	 190	 223	
523	 6.1093691e-01	 -1.6216264e-02 +2.3221222e-02	 1.34e+00 Accepted	 190	 227	
524	 6.1085510e-01	 -1.4669812e-02 +2.0596874e-02	 1.07e+00 Accepted	 192	 225	
525	 6.1099439e-01	 -1.6386429e-02 +2.2559205e-02	 1.41e+00 Accepted	 192	 223	
526	 6.1094521e-01	 -1.3166255e-02 +2.1221284e-02	 1.58e+00 Accepted	 192	 223	
527	 6.1083661e-01	 -1.4495891e-02 +2.3229863e-02	 7.52e-01 Accepted	 190	 223	
528	 6.1085390e-01	 -1.3707065e-02 +2.3052068e-02	 1.30e+00 Accepted	 190	 223	
529	 6.1092079e-01	 -1.3942793e-02 +2.3989936e-02	 8.39e-01 Accepted	 190	 223	
530	 6.1084864e-01	 -1.8430837e-02 +2.2311682e-02	 7.96e-01 Accepted	 191	 223	
531	 6.1081307e-01	 -1.6432582e-02 +2.1153860e-02	 8.35e-01 Accepted	 192	 236	
532	 6.1081307e-01	 -1.6432582e-02 +2.1153860e-02	 8.39e-01 Rejected	 195	 223	
533	 6.1088036e-01	 -1.5572892e-02 +2.1802278e-02	 9.01e-01 Accepted	 194	 223	
534	 6.1081663e-01	 -1.7650169e-02 +2.2964641e-02	 1.29e+00 Accepted	 191	 224	
535	 6.1063343e-01	 -1.8549783e-02 +2.2635658e-02	 5.19e-01 Accepted	 190	 223	
536	 6.1089328e-01	 -1.5812317e-02 +2.2718266e-02	 1.09e+00 Accepted	 191	 223	
537	 6.1090846e-01	 -1.5691276e-02 +2.1400471e-02	 6.79e-01 Accepted	 190	 225	
538	 6.1116764e-01	 -1.6579259e-02 +2.2782357e-02	 1.44e+00 Accepted	 192	 224	
539	 6.1140542e-01	 -1.6037410e-02 +2.0580476e-02	 1.54e+00 Accepted	 191	 225	
540	 6.1124225e-01	 -1.4045487e-02 +2.1821928e-02	 6.15e-01 Accepted	 191	 224	
541	 6.1105232e-01	 -1.3318252e-02 +2.3810874e-02	 8.53e-01 Accepted	 190	 223	
542	 6.1084952e-01	 -1.5045179e-02 +2.3898842e-02	 9.29e-01 Accepted	 191	 223	
543	 6.1090678e-01	 -1.3745407e-02 +2.2493524e-02	 9.24e-01 Accepted	 198	 259	
544	 6.1090678e-01	 -1.3745407e-02 +2.2493524e-02	 6.77e-01 Rejected	 201	 223	
545	 6.1076337e-01	 -1.4175538e-02 +2.4056820e-02	 1.08e+00 Accepted	 203	 223	
546	 6.1077105e-01	 -1.6425554e-02 +2.4615477e-02	 1.05e+00 Accepted	 191	 223	
547	 6.1078519e-01	 -1.4714129e-02 +2.3866162e-02	 9.84e-01 Accepted	 190	 223	
548	 6.1080013e-01	 -1.3927688e-02 +2.4730071e-02	 1.20e+00 Accepted	 191	 223	
549	 6.1084940e-01	 -1.4812880e-02 +2.4318100e-02	 1.30e+00 Accepted	 191	 227	
550	 6.1082217e-01	 -1.4472302e-02 +2.4795744e-02	 9.11e-01 Accepted	 192	 223	
551	 6.1080850e-01	 -1.4875656e-02 +2.4008375e-02	 9.79e-01 Accepted	 190	 223	
552	 6.1094481e-01	 -1.3782062e-02 +2.6149877e-02	 1.04e+00 Accepted	 191	 223	
553	 6.1087706e-01	 -1.4654866e-02 +2.4539798e-02	 1.30e+00 Accepted	 190	 225	
554	 6.1087369e-01	 -1.4362383e-02 +2.3849997e-02	 6.60e-01 Accepted	 192	 224	
555	 6.1093648e-01	 -1.5305636e-02 +2.2059540e-02	 6.96e-01 Accepted	 198	 223	
556	 6.1085946e-01	 -1.5082235e-02 +2.0941190e-02	 8.10e-01 Accepted	 191	 225	
557	 6.1093560e-01	 -1.3338915e-02 +2.2509440e-02	 1.15e+00 Accepted	 191	 223	
558	 6.1102736e-01	 -1.4420955e-02 +2.5605082e-02	 8.87e-01 Accepted	 191	 223	
559	 6.1102736e-01	 -1.4420955e-02 +2.5605082e-02	 8.31e-01 Rejected	 190	 226	
560	 6.1102736e-01	 -1.4420955e-02 +2.5605082e-02	 7.75e-01 Rejected	 191	 223	
561	 6.1108171e-01	 -1.4752257e-02 +2.3764572e-02	 1.08e+00 Accepted	 190	 225	
562	 6.1089363e-01	 -1.5821182e-02 +2.4114872e-02	 9.97e-01 Accepted	 192	 223	
563	 6.1080291e-01	 -1.3676627e-02 +2.4995886e-02	 9.66e-01 Accepted	 191	 230	
564	 6.1100507e-01	 -1.4212567e-02 +2.4618886e-02	 1.42e+00 Accepted	 197	 228	
565	 6.1117944e-01	 -1.5405976e-02 +2.4487561e-02	 9.34e-01 Accepted	 191	 223	
566	 6.1133445e-01	 -1.6906094e-02 +2.3796862e-02	 1.03e+00 Accepted	 191	 223	
567	 6.1111149e-01	 -1.6440965e-02 +2.4813980e-02	 5.50e-01 Accepted	 190	 223	
568	 6.1087501e-01	 -1.5276042e-02 +2.6735494e-02	 4.49e-01 Accepted	 190	 223	
569	 6.1092404e-01	 -1.3422384e-02 +2.3769135e-02	 1.07e+00 Accepted	 189	 223	
570	 6.1109178e-01	 -1.4508340e-02 +2.3032369e-02	 1.02e+00 Accepted	 191	 226	
571	 6.1092308e-01	 -1.4134888e-02 +2.4424796e-02	 1.13e+00 Accepted	 192	 231	
572	 6.1110236e-01	 -1.3762666e-02 +2.5719301e-02	 8.84e-01 Accepted	 201	 284	
573	 6.1097056e-01	 -1.2331205e-02 +2.4171493e-02	 1.05e+00 Accepted	 211	 223	
574	 6.1093804e-01	 -1.3155410e-02 +2.3336250e-02	 8.55e-01 Accepted	 191	 228	
575	 6.1081302e-01	 -1.2141125e-02 +2.2292501e-02	 9.62e-01 Accepted	 192	 223	
576	 6.1086240e-01	 -1.4377810e-02 +2.2603303e-02	 1.13e+00 Accepted	 190	 223	
577	 6.1116018e-01	 -1.2591448e-02 +2.3571696e-02	 1.13e+00 Accepted	 190	 223	
578	 6.1103384e-01	 -1.4709441e-02 +2.2552175e-02	 1.44e+00 Accepted	 190	 223	
579	 6.1098150e-01	 -1.4981785e-02 +2.2332096e-02	 8.28e-01 Accepted	 190	 223	
580	 6.1076994e-01	 -1.6151159e-02 +2.3778001e-02	 8.25e-01 Accepted	 191	 226	
581	 6.1091355e-01	 -1.5413892e-02 +2.3272892e-02	 1.62e+00 Accepted	 192	 228	
582	 6.1091355e-01	 -1.5413892e-02 +2.3272892e-02	 9.15e-01 Rejected	 192	 227	
583	 6.1084908e-01	 -1.3336269e-02 +2.1550818e-02	 1.12e+00 Accepted	 191	 223	
584	 6.1085597e-01	 -1.5740444e-02 +2.3180876e-02	 1.17e+00 Accepted	 190	 225	
585	 6.1112734e-01	 -1.6158238e-02 +2.2902472e-02	 1.21e+00 Accepted	 190	 223	
586	 6.1110641e-01	 -1.4474658e-02 +2.5756561e-02	 8.10e-01 Accepted	 191	 230	
587	 6.1110641e-01	 -1.4474658e-02 +2.5756561e-02	 6.34e-01 Rejected	 192	 223	
588	 6.1117833e-01	 -1.3666748e-02 +2.4332820e-02	 1.29e+00 Accepted	 194	 223	
589	 6.1086040e-01	 -1.4929811e-02 +2.2847911e-02	 7.49e-01 Accepted	 191	 224	
590	 6.1107724e-01	 -1.3096856e-02 +2.3901481e-02	 1.48e+00 Accepted	 192	 223	
591	 6.1090594e-01	 -1.4895680e-02 +2.4998971e-02	 1.03e+00 Accepted	 195	 263	
592	 6.1069856e-01	 -1.2667182e-02 +2.3541146e-02	 9.21e-01 Accepted	 202	 223	
593	 6.1098959e-01	 -1.3727530e-02 +2.4525404e-02	 1.17e+00 Accepted	 190	 223	
594	 6.1086578e-01	 -1.2383097e-02 +2.4618749e-02	 8.92e-01 Accepted	 191	 223	
595	 6.1082119e-01	 -1.2991295e-02 +2.2843728e-02	 1.18e+00 Accepted	 190	 223	
596	 6.1100600e-01	 -1.2826601e-02 +2.5778874e-02	 1.55e+00 Accepted	 191	 230	
597	 6.1111942e-01	 -9.6537304e-03 +2.3387951e-02	 9.63e-01 Accepted	 194	 234	
598	 6.1111942e-01	 -9.6537304e-03 +2.3387951e-02	 9.50e-01 Rejected	 195	 226	
599	 6.1110037e-01	 -1.0978425e-02 +2.5825840e-02	 9.81e-01 Accepted	 194	 226	
600	 6.1090396e-01	 -1.3385916e-02 +2.4510438e-02	 7.49e-01 Accepted	 191	 226	
601	 6.1109031e-01	 -9.2462237e-03 +2.3362409e-02	 9.98e-01 Accepted	 191	 226	
602	 6.1106706e-01	 -5.8098581e-03 +2.3981117e-02	 7.27e-01 Accepted	 192	 223	
603	 6.1105366e-01	 -9.1185346e-03 +2.2945521e-02	 1.06e+00 Accepted	 190	 223	
604	 6.1098980e-01	 -9.7171722e-03 +2.3732939e-02	 8.68e-01 Accepted	 192	 233	
605	 6.1117346e-01	 -1.0238339e-02 +2.2047548e-02	 1.23e+00 Accepted	 193	 223	
606	 6.1102548e-01	 -8.4761070e-03 +2.4125937e-02	 7.89e-01 Accepted	 193	 243	
607	 6.1112006e-01	 -8.1543447e-03 +2.4815296e-02	 1.10e+00 Accepted	 197	 223	
608	 6.1116332e-01	 -1.0385626e-02 +2.7062036e-02	 7.07e-01 Accepted	 190	 223	
609	 6.1110012e-01	 -9.2335022e-03 +2.6039442e-02	 1.27e+00 Accepted	 189	 223	
610	 6.1110012e-01	 -9.2335022e-03 +2.6039442e-02	 6.79e-01 Rejected	 190	 223	
611	 6.1113583e-01	 -1.0437482e-02 +2.6180755e-02	 1.14e+00 Accepted	 191	 223	
612	 6.1089306e-01	 -7.8207401e-03 +2.5550513e-02	 1.05e+00 Accepted	 193	 223	
613	 6.1114887e-01	 -1.1607752e-02 +2.4672924e-02	 1.01e+00 Accepted	 191	 223	
614	 6.1114887e-01	 -1.1607752e-02 +2.4672924e-02	 6.71e-01 Rejected	 191	 223	
615	 6.1113972e-01	 -1.1159734e-02 +2.5131694e-02	 7.80e-01 Accepted	 190	 223	
616	 6.1111577e-01	 -1.1283443e-02 +2.2681354e-02	 1.19e+00 Accepted	 193	 246	
617	 6.1110572e-01	 -9.4761818e-03 +2.5137233e-02	 1.31e+00 Accepted	 197	 223	
618	 6.1110572e-01	 -9.4761818e-03 +2.5137233e-02	 8.07e-01 Rejected	 191	 228	
619	 6.1094937e-01	 -7.4768676e-03 +2.3942277e-02	 7.86e-01 Accepted	 190	 223	
620	 6.1089577e-01	 -6.6692572e-03 +2.4854245e-02	 1.19e+00 Accepted	 191	 223	
621	 6.1089577e-01	 -6.6692572e-03 +2.4854245e-02	 4.80e-01 Rejected	 190	 223	
622	 6.1099730e-01	 -5.8577454e-03 +2.3045726e-02	 1.20e+00 Accepted	 191	 223	
623	 6.1091657e-01	 -9.3447025e-03 +2.3156026e-02	 8.83e-01 Accepted	 190	 223	
624	 6.1111111e-01	 -7.6562469e-03 +2.3410557e-02	 1.29e+00 Accepted	 190	 223	
625	 6.1098546e-01	 -5.7413174e-03 +2.3133960e-02	 8.06e-01 Accepted	 191	 235	
626	 6.1106478e-01	 -8.1150156e-03 +2.3223004e-02	 1.29e+00 Accepted	 203	 223	
627	 6.1096790e-01	 -7.0516908e-03 +2.0512745e-02	 9.18e-01 Accepted	 190	 223	
628	 6.1096790e-01	 -7.0516908e-03 +2.0512745e-02	 6.25e-01 Rejected	 191	 223	
629	 6.1104568e-01	 -8.5428258e-03 +2.6145901e-02	 1.17e+00 Accepted	 190	 223	
630	 6.1123209e-01	 -8.5274984e-03 +2.3388693e-02	 1.18e+00 Accepted	 190	 223	
631	 6.1111151e-01	 -9.3445335e-03 +2.3779615e-02	 7.75e-01 Accepted	 190	 223	
632	 6.1111151e-01	 -9.3445335e-03 +2.3779615e-02	 7.58e-01 Rejected	 190	 223	
633	 6.1093522e-01	 -7.7301667e-03 +2.4809120e-02	 7.47e-01 Accepted	 190	 227	
634	 6.1091583e-01	 -7.4143016e-03 +2.3546325e-02	 1.39e+00 Accepted	 192	 226	
635	 6.1082225e-01	 -8.8292347e-03 +2.5883847e-02	 6.72e-01 Accepted	 192	 223	
636	 6.1082225e-01	 -8.8292347e-03 +2.5883847e-02	 7.87e-01 Rejected	 190	 223	
637	 6.1057428e-01	 -7.8346369e-03 +2.6171010e-02	 1.17e+00 Accepted	 190	 225	
638	 6.1074241e-01	 -7.3057478e-03 +2.2656598e-02	 9.30e-01 Accepted	 191	 223	
639	 6.1104671e-01	 -9.6658291e-03 +2.4878076e-02	 8.88e-01 Accepted	 190	 226	
640	 6.1099164e-01	 -9.5980659e-03 +2.3855643e-02	 1.02e+00 Accepted	 191	 223	
641	 6.1112941e-01	 -7.3012212e-03 +2.6103573e-02	 1.20e+00 Accepted	 190	 223	
642	 6.1112941e-01	 -7.3012212e-03 +2.6103573e-02	 7.00e-01 Rejected	 191	 223	
643	 6.1088179e-01	 -1.1065196e-02 +2.5896373e-02	 7.05e-01 Accepted	 190	 223	
644	 6.1085930e-01	 -1.0315354e-02 +2.4386369e-02	 1.06e+00 Accepted	 190	 225	
645	 6.1100258e-01	 -9.2338752e-03 +2.4149180e-02	 8.94e-01 Accepted	 190	 223	
646	 6.1088340e-01	 -8.4685064e-03 +2.5160063e-02	 1.43e+00 Accepted	 191	 223	
647	 6.1074827e-01	 -6.6169152e-03 +2.3928708e-02	 9.63e-01 Accepted	 191	 226	
648	 6.1077354e-01	 -6.9237671e-03 +2.5275418e-02	 8.86e-01 Accepted	 191	 223	
649	 6.1090071e-01	 -8.1671830e-03 +2.6742131e-02	 9.47e-01 Accepted	 190	 227	
650	 6.1108945e-01	 -7.2452560e-03 +2.5212755e-02	 9.13e-01 Accepted	 192	 223	
651	 6.1093007e-01	 -7.2826511e-03 +2.7349662e-02	 7.24e-01 Accepted	 189	 223	
652	 6.1111178e-01	 -5.3293748e-03 +2.5441450e-02	 1.16e+00 Accepted	 190	 223	
