# Starting_type: ColdStart
# serial RNG seed: 	[59142 5400 6906 16802 48105]
# parallel RNG seed:	[33473 60285 31493 44522 14857]
# Trajectory_length / Number_of_MD_steps: 1 / 8
# 	 Plaquette	 Polyakov_Loop(re,im)	 Acc._Probability	 runtime_per_traj(s)	 CG_iterations	
1	 8.0688655e-01	 +4.4325094e-01 -3.1522014e-04	 3.39e-67 Skipping	 183	 223	
2	 7.3584423e-01	 +2.7629203e-01 -5.4779844e-04	 1.21e-31 Skipping	 183	 214	
3	 6.9319217e-01	 +1.9449441e-01 -8.6016783e-04	 3.34e-21 Skipping	 179	 211	
4	 6.6353423e-01	 +1.4826164e-01 -7.6099461e-04	 5.49e-15 Skipping	 178	 208	
5	 6.4261027e-01	 +1.1851590e-01 +6.3103683e-04	 5.49e-11 Skipping	 177	 206	
6	 6.2771388e-01	 +1.0244455e-01 -1.5877654e-03	 5.65e-08 Skipping	 177	 208	
7	 6.1688951e-01	 +8.7043091e-02 -1.9571573e-03	 7.72e-06 Skipping	 181	 225	
8	 6.0932196e-01	 +8.0247348e-02 -7.9796741e-04	 2.05e-04 Skipping	 182	 211	
9	 6.0370906e-01	 +7.4039944e-02 -1.5550568e-03	 1.86e-03 Skipping	 185	 249	
10	 5.9966157e-01	 +6.9668844e-02 +2.3975229e-04	 7.45e-03 Skipping	 191	 212	
11	 5.9724766e-01	 +6.6286660e-02 -1.4605107e-03	 6.14e-02 Skipping	 182	 218	
12	 5.9502824e-01	 +6.3441984e-02 -7.7385421e-04	 7.89e-02 Skipping	 190	 235	
13	 5.9361118e-01	 +6.0205824e-02 +1.1066152e-03	 2.48e-01 Skipping	 192	 242	
14	 5.9239381e-01	 +5.8298801e-02 +1.5247167e-04	 3.26e-01 Skipping	 192	 225	
15	 5.9158171e-01	 +5.7728230e-02 +1.4605869e-03	 6.02e-01 Skipping	 188	 221	
16	 5.9120910e-01	 +5.6226736e-02 -1.0749287e-04	 7.00e-01 Skipping	 190	 238	
17	 5.9077318e-01	 +5.6652875e-02 -4.4767750e-04	 6.64e-01 Skipping	 191	 224	
18	 5.9046460e-01	 +5.4234211e-02 +6.1591128e-04	 7.01e-01 Skipping	 188	 230	
19	 5.9046287e-01	 +5.3337991e-02 +5.7917625e-04	 6.69e-01 Skipping	 194	 256	
20	 5.9025589e-01	 +5.2887111e-02 +5.5928393e-04	 6.32e-01 Skipping	 209	 268	
21	 5.9040280e-01	 +5.0784219e-02 +1.4795195e-03	 1.35e+00 Skipping	 214	 256	
22	 5.9036744e-01	 +5.2145570e-02 +1.3884134e-03	 9.45e-01 Skipping	 198	 247	
23	 5.9012683e-01	 +5.0745668e-02 +5.8054240e-04	 8.61e-01 Skipping	 201	 257	
24	 5.9006898e-01	 +5.1384808e-02 +2.7782791e-04	 8.14e-01 Skipping	 200	 240	
25	 5.9022844e-01	 +4.9763471e-02 +5.4816159e-04	 9.46e-01 Skipping	 201	 269	
26	 5.9026860e-01	 +4.8947817e-02 +2.2420023e-03	 1.83e+00 Skipping	 214	 317	
27	 5.9015820e-01	 +4.5735320e-02 -1.0470362e-03	 7.52e-01 Skipping	 221	 226	
28	 5.9035312e-01	 +4.5046563e-02 -7.5500624e-04	 1.57e+00 Skipping	 195	 234	
29	 5.9036556e-01	 +4.7446285e-02 +7.8446377e-05	 1.02e+00 Skipping	 195	 241	
30	 5.9059534e-01	 +4.6159774e-02 -8.8433903e-05	 1.83e+00 Skipping	 199	 262	
31	 5.9062064e-01	 +4.5420593e-02 +1.1667187e-04	 1.13e+00 Skipping	 210	 283	
32	 5.9072296e-01	 +4.6260212e-02 +3.2291362e-04	 1.69e+00 Skipping	 209	 234	
33	 5.9062310e-01	 +4.5754018e-02 +6.5296475e-05	 7.99e-01 Skipping	 206	 326	
34	 5.9013365e-01	 +4.4768174e-02 +1.1180541e-03	 4.60e-01 Skipping	 219	 225	
35	 5.9007311e-01	 +4.2171467e-02 +1.2885948e-03	 1.02e+00 Skipping	 192	 235	
36	 5.9015912e-01	 +4.4332642e-02 -3.8045425e-05	 1.11e+00 Skipping	 211	 270	
37	 5.9031811e-01	 +4.2359321e-02 -7.2932748e-04	 8.46e-01 Skipping	 203	 239	
38	 5.9024404e-01	 +4.4711822e-02 -1.5805688e-03	 7.24e-01 Skipping	 197	 269	
39	 5.9013649e-01	 +4.4101832e-02 -2.3837067e-04	 6.36e-01 Skipping	 203	 256	
40	 5.9007928e-01	 +4.3045170e-02 -1.0080267e-03	 5.82e-01 Skipping	 208	 281	
41	 5.9000110e-01	 +4.3196735e-02 -3.7219636e-03	 9.31e-01 Skipping	 212	 261	
42	 5.9009996e-01	 +4.2663406e-02 -1.1908569e-03	 1.22e+00 Skipping	 201	 250	
43	 5.9010170e-01	 +4.1610434e-02 -2.4903401e-03	 6.25e-01 Skipping	 197	 257	
44	 5.9006355e-01	 +4.2831755e-02 -2.5540240e-04	 9.43e-01 Skipping	 200	 235	
45	 5.8998051e-01	 +4.0828897e-02 +2.0529697e-05	 7.52e-01 Skipping	 198	 235	
46	 5.9014060e-01	 +3.9754728e-02 -5.4358067e-05	 8.07e-01 Skipping	 196	 237	
47	 5.8999310e-01	 +4.0026642e-02 +1.0666438e-03	 1.04e+00 Skipping	 196	 248	
48	 5.9003595e-01	 +4.3930557e-02 -6.7174193e-04	 8.59e-01 Skipping	 202	 265	
49	 5.8987680e-01	 +3.9677240e-02 +6.4943280e-04	 8.00e-01 Skipping	 207	 259	
50	 5.8990758e-01	 +4.2081550e-02 -1.0479525e-03	 1.57e+00 Skipping	 206	 285	
51	 5.9002049e-01	 +4.2045011e-02 -1.0920531e-03	 1.09e+00 Accepted	 225	 291	
52	 5.9013919e-01	 +4.4157867e-02 -4.3500415e-04	 1.29e+00 Accepted	 220	 247	
53	 5.9008207e-01	 +4.3960223e-02 -4.4046656e-04	 1.09e+00 Accepted	 200	 254	
54	 5.9008207e-01	 +4.3960223e-02 -4.4046656e-04	 7.57e-01 Rejected	 204	 270	
55	 5.9019011e-01	 +4.0592471e-02 -7.0296638e-04	 1.44e+00 Accepted	 200	 236	
56	 5.8995292e-01	 +4.3145201e-02 +1.4694161e-03	 5.36e-01 Accepted	 197	 256	
57	 5.8996749e-01	 +4.1444144e-02 -1.3256348e-03	 9.67e-01 Accepted	 195	 246	
58	 5.8991285e-01	 +4.1271475e-02 -2.4747067e-04	 7.78e-01 Accepted	 200	 238	
59	 5.8991285e-01	 +4.1271475e-02 -2.4747067e-04	 6.81e-01 Rejected	 194	 242	
60	 5.8983410e-01	 +4.1884598e-02 -1.4958821e-04	 9.12e-01 Accepted	 197	 265	
61	 5.8977836e-01	 +4.1370179e-02 -1.9991313e-03	 8.04e-01 Accepted	 201	 250	
62	 5.8986091e-01	 +4.0056546e-02 +8.3498303e-04	 1.03e+00 Accepted	 197	 247	
63	 5.8986896e-01	 +3.9733919e-02 -2.6947349e-04	 8.81e-01 Accepted	 203	 301	
64	 5.9000316e-01	 +4.0802981e-02 -2.6231643e-04	 1.01e+00 Accepted	 216	 284	
65	 5.9009554e-01	 +3.9834824e-02 +1.0540181e-03	 8.12e-01 Accepted	 206	 243	
66	 5.8983387e-01	 +4.1437525e-02 +1.8291804e-03	 7.19e-01 Accepted	 197	 230	
67	 5.8962014e-01	 +4.1784289e-02 +4.4235546e-04	 1.05e+00 Accepted	 197	 259	
68	 5.8963051e-01	 +4.1544402e-02 +4.8197132e-04	 1.00e+00 Accepted	 211	 288	
69	 5.8950482e-01	 +4.0188177e-02 +2.0700139e-03	 1.52e+00 Accepted	 220	 264	
70	 5.8972997e-01	 +4.0654680e-02 +2.6936168e-03	 1.76e+00 Accepted	 209	 246	
71	 5.8984132e-01	 +4.1702096e-02 +8.0166734e-04	 1.04e+00 Accepted	 202	 270	
72	 5.8980806e-01	 +3.9094836e-02 +1.5505444e-03	 9.01e-01 Accepted	 206	 230	
73	 5.8982285e-01	 +4.0241635e-02 +1.2720852e-03	 8.88e-01 Accepted	 197	 279	
74	 5.8966140e-01	 +3.9268975e-02 -8.9575960e-04	 7.65e-01 Accepted	 219	 334	
75	 5.8970947e-01	 +4.0690846e-02 +2.3666297e-03	 1.06e+00 Accepted	 228	 272	
76	 5.8970947e-01	 +4.0690846e-02 +2.3666297e-03	 6.93e-01 Rejected	 212	 251	
77	 5.8971986e-01	 +4.0825717e-02 -7.4946170e-04	 1.17e+00 Accepted	 210	 274	
78	 5.8985342e-01	 +4.2074931e-02 +2.2482399e-03	 1.79e+00 Accepted	 202	 238	
79	 5.8962563e-01	 +4.2736604e-02 -7.9717300e-06	 1.25e+00 Accepted	 201	 270	
80	 5.8973225e-01	 +3.9637087e-02 -3.6370815e-04	 9.42e-01 Accepted	 209	 245	
81	 5.8985308e-01	 +4.2048204e-02 -9.3958520e-05	 1.33e+00 Accepted	 202	 291	
82	 5.8983217e-01	 +4.2197684e-02 -1.0269305e-03	 8.95e-01 Accepted	 230	 308	
83	 5.8969158e-01	 +4.1513965e-02 +9.1849962e-04	 5.88e-01 Accepted	 233	 243	
84	 5.8968895e-01	 +3.8687197e-02 -9.7472336e-04	 1.03e+00 Accepted	 199	 250	
85	 5.8952063e-01	 +4.0988692e-02 +1.9301117e-03	 8.33e-01 Accepted	 198	 254	
86	 5.8989776e-01	 +4.1624198e-02 +5.5366502e-04	 1.64e+00 Accepted	 200	 255	
87	 5.8994385e-01	 +4.2518866e-02 -2.5464050e-04	 1.17e+00 Accepted	 206	 267	
88	 5.8994385e-01	 +4.2518866e-02 -2.5464050e-04	 6.03e-01 Rejected	 208	 265	
89	 5.8976644e-01	 +3.9102430e-02 -1.3287785e-04	 5.51e-01 Accepted	 205	 257	
90	 5.8992210e-01	 +3.8486664e-02 -5.4164311e-04	 1.27e+00 Accepted	 205	 250	
91	 5.8986815e-01	 +4.1699835e-02 +1.5791411e-04	 9.06e-01 Accepted	 199	 235	
92	 5.8991389e-01	 +4.1104515e-02 +1.7836864e-03	 1.60e+00 Accepted	 195	 245	
93	 5.8977190e-01	 +4.0279946e-02 +6.6718257e-04	 4.95e-01 Accepted	 196	 249	
94	 5.8970288e-01	 +4.0844394e-02 -5.0897129e-04	 1.26e+00 Accepted	 196	 244	
95	 5.8964401e-01	 +4.1919419e-02 +4.9684748e-04	 1.03e+00 Accepted	 195	 243	
96	 5.8974908e-01	 +4.3683203e-02 +1.3521890e-03	 8.89e-01 Accepted	 198	 255	
97	 5.8979780e-01	 +4.3249596e-02 +2.4700400e-03	 9.59e-01 Accepted	 201	 260	
98	 5.8979780e-01	 +4.3249596e-02 +2.4700400e-03	 7.72e-01 Rejected	 200	 241	
99	 5.8993936e-01	 +4.2450695e-02 +1.5643290e-03	 1.16e+00 Accepted	 203	 253	
100	 5.8993936e-01	 +4.2450695e-02 +1.5643290e-03	 8.69e-01 Rejected	 202	 259	
101	 5.8982950e-01	 +4.0901911e-02 +1.3619561e-04	 1.06e+00 Accepted	 198	 244	
102	 5.8987895e-01	 +4.2922525e-02 -5.6605315e-05	 1.22e+00 Accepted	 202	 280	
103	 5.8985529e-01	 +4.2862056e-02 -1.8498120e-03	 8.91e-01 Accepted	 206	 261	
104	 5.8987510e-01	 +4.1641141e-02 -1.5210221e-04	 1.24e+00 Accepted	 212	 228	
105	 5.8994698e-01	 +4.1493557e-02 -6.4365650e-04	 1.13e+00 Accepted	 192	 248	
106	 5.8969248e-01	 +4.3293140e-02 +7.3641891e-04	 6.27e-01 Accepted	 205	 255	
107	 5.8979314e-01	 +4.4268965e-02 +9.9648028e-04	 1.43e+00 Accepted	 196	 229	
108	 5.8964566e-01	 +4.2866361e-02 +1.6413282e-04	 6.85e-01 Accepted	 194	 267	
109	 5.8968754e-01	 +4.3410649e-02 +1.0031992e-03	 7.97e-01 Accepted	 203	 233	
110	 5.8953983e-01	 +4.3759243e-02 +7.8793715e-04	 8.32e-01 Accepted	 191	 226	
111	 5.8964675e-01	 +4.4641843e-02 -8.7194934e-04	 1.19e+00 Accepted	 194	 259	
112	 5.8963327e-01	 +4.2836175e-02 -4.3488923e-05	 1.23e+00 Accepted	 207	 240	
113	 5.8962228e-01	 +4.2387924e-02 +1.0471439e-03	 8.87e-01 Accepted	 196	 258	
114	 5.8981586e-01	 +4.3002678e-02 +9.3690831e-04	 1.13e+00 Accepted	 202	 260	
115	 5.8968822e-01	 +4.0983554e-02 +6.9564479e-04	 1.07e+00 Accepted	 203	 251	
116	 5.8983355e-01	 +4.0511534e-02 -2.4536751e-04	 1.15e+00 Accepted	 206	 254	
117	 5.8987226e-01	 +4.2825385e-02 +1.4875427e-03	 1.03e+00 Accepted	 196	 234	
118	 5.8994180e-01	 +4.1602248e-02 -4.5865966e-04	 9.22e-01 Accepted	 197	 261	
119	 5.9003057e-01	 +4.1281788e-02 -6.7739239e-04	 1.08e+00 Accepted	 202	 262	
120	 5.9003057e-01	 +4.1281788e-02 -6.7739239e-04	 7.55e-01 Rejected	 206	 239	
121	 5.9001609e-01	 +4.1692595e-02 -1.1226414e-03	 1.03e+00 Accepted	 208	 292	
122	 5.9005862e-01	 +4.0159019e-02 -1.6092488e-03	 1.18e+00 Accepted	 208	 247	
123	 5.9017525e-01	 +4.1973460e-02 -1.2085212e-03	 1.22e+00 Accepted	 194	 237	
124	 5.9018043e-01	 +3.8733989e-02 -5.2844703e-04	 1.51e+00 Accepted	 204	 299	
125	 5.9027795e-01	 +3.9811118e-02 +4.0773261e-05	 1.01e+00 Accepted	 227	 292	
126	 5.9020707e-01	 +3.9602209e-02 +1.2833275e-03	 1.23e+00 Accepted	 216	 255	
127	 5.9020386e-01	 +3.9973076e-02 -1.7401261e-03	 9.20e-01 Accepted	 203	 273	
128	 5.9020386e-01	 +3.9973076e-02 -1.7401261e-03	 8.26e-01 Rejected	 207	 252	
129	 5.9029445e-01	 +4.0958610e-02 +1.6036741e-04	 1.59e+00 Accepted	 202	 252	
130	 5.9005859e-01	 +4.0964864e-02 +4.5264044e-04	 7.20e-01 Accepted	 197	 272	
131	 5.9001362e-01	 +4.0409562e-02 -2.0361298e-04	 6.86e-01 Accepted	 199	 236	
132	 5.8990857e-01	 +3.9431743e-02 +2.2091460e-03	 1.00e+00 Accepted	 196	 228	
133	 5.8997630e-01	 +3.8531771e-02 -2.3737371e-04	 1.14e+00 Accepted	 194	 247	
134	 5.8997630e-01	 +3.8531771e-02 -2.3737371e-04	 8.36e-01 Rejected	 201	 256	
135	 5.8982657e-01	 +3.9540281e-02 +3.5699671e-04	 1.10e+00 Accepted	 195	 252	
136	 5.8977213e-01	 +3.7958561e-02 +9.5059998e-05	 9.36e-01 Accepted	 199	 239	
137	 5.9000644e-01	 +4.1187877e-02 -7.4248217e-05	 1.13e+00 Accepted	 197	 290	
138	 5.8995223e-01	 +4.1133143e-02 -2.3514401e-04	 9.57e-01 Accepted	 202	 232	
139	 5.8994487e-01	 +4.0934728e-02 +1.2407107e-03	 1.02e+00 Accepted	 205	 286	
140	 5.8996870e-01	 +3.9366386e-02 +8.5818866e-04	 1.11e+00 Accepted	 218	 257	
141	 5.8995763e-01	 +3.7717598e-02 +1.1007357e-03	 1.34e+00 Accepted	 199	 237	
142	 5.8996776e-01	 +3.8643081e-02 -2.3899893e-04	 8.46e-01 Accepted	 194	 236	
143	 5.9000168e-01	 +4.0318016e-02 +3.4469909e-04	 2.00e+00 Accepted	 201	 259	
144	 5.9000168e-01	 +4.0318016e-02 +3.4469909e-04	 5.94e-01 Rejected	 203	 241	
145	 5.8995572e-01	 +3.9491880e-02 +3.8935527e-05	 6.52e-01 Accepted	 206	 292	
146	 5.9011012e-01	 +4.1410279e-02 +2.3342163e-03	 1.92e+00 Accepted	 222	 299	
147	 5.9010752e-01	 +4.0980535e-02 +1.9215613e-03	 8.34e-01 Accepted	 207	 223	
148	 5.9012287e-01	 +4.0548714e-02 +2.6800454e-03	 1.17e+00 Accepted	 189	 225	
149	 5.9012287e-01	 +4.0548714e-02 +2.6800454e-03	 6.60e-01 Rejected	 189	 259	
150	 5.9004702e-01	 +3.9217374e-02 +1.4772437e-03	 6.70e-01 Accepted	 189	 228	
151	 5.8973786e-01	 +3.8219737e-02 +1.3121335e-03	 5.91e-01 Accepted	 202	 286	
152	 5.8963948e-01	 +3.9631484e-02 +7.7846506e-04	 8.60e-01 Accepted	 217	 268	
153	 5.8978588e-01	 +3.8518089e-02 +2.6328481e-03	 1.50e+00 Accepted	 211	 248	
154	 5.9010129e-01	 +3.9012389e-02 -7.1640720e-04	 1.03e+00 Accepted	 201	 290	
155	 5.8988039e-01	 +3.7672872e-02 -1.7524720e-03	 6.35e-01 Accepted	 211	 242	
156	 5.8982312e-01	 +3.9447130e-02 +8.9814021e-04	 1.31e+00 Accepted	 202	 242	
157	 5.8976274e-01	 +3.9624252e-02 +1.6407452e-03	 6.09e-01 Accepted	 197	 224	
158	 5.8996198e-01	 +3.8407757e-02 +8.8873570e-04	 1.62e+00 Accepted	 196	 261	
159	 5.8999194e-01	 +3.6858183e-02 +4.6475164e-04	 9.02e-01 Accepted	 206	 276	
160	 5.8994699e-01	 +3.7105475e-02 +2.2609247e-03	 8.70e-01 Accepted	 202	 228	
161	 5.8998236e-01	 +3.7661883e-02 +2.1409963e-03	 1.03e+00 Accepted	 196	 242	
162	 5.8998008e-01	 +3.8041605e-02 -6.0141745e-04	 6.68e-01 Accepted	 200	 274	
163	 5.9006645e-01	 +3.6526143e-02 -1.1209247e-04	 8.88e-01 Accepted	 220	 283	
164	 5.9006143e-01	 +3.9375438e-02 -3.0612320e-04	 9.67e-01 Accepted	 215	 250	
165	 5.9001651e-01	 +3.8691729e-02 +1.0167284e-03	 1.07e+00 Accepted	 201	 248	
166	 5.8990667e-01	 +3.8665178e-02 +2.3166763e-03	 8.31e-01 Accepted	 204	 255	
167	 5.8999691e-01	 +3.8569099e-02 +2.5078394e-03	 1.24e+00 Accepted	 197	 231	
168	 5.9014032e-01	 +3.9015063e-02 +1.9491693e-03	 1.23e+00 Accepted	 191	 251	
169	 5.8999455e-01	 +3.7603775e-02 +1.1671766e-03	 1.05e+00 Accepted	 195	 247	
170	 5.8968674e-01	 +4.1139541e-02 -2.1582447e-03	 9.28e-01 Accepted	 199	 238	
171	 5.8968674e-01	 +4.1139541e-02 -2.1582447e-03	 8.11e-01 Rejected	 199	 252	
172	 5.9009894e-01	 +4.0695623e-02 +1.7822377e-03	 1.46e+00 Accepted	 194	 245	
173	 5.8995198e-01	 +3.9790017e-02 +5.2036644e-04	 6.86e-01 Accepted	 201	 285	
174	 5.8992786e-01	 +4.0246999e-02 +1.1055746e-03	 1.00e+00 Accepted	 206	 234	
175	 5.9002271e-01	 +4.0475154e-02 +8.4244791e-04	 1.39e+00 Accepted	 203	 274	
176	 5.9006354e-01	 +4.0387301e-02 +1.5263406e-03	 7.83e-01 Accepted	 220	 329	
177	 5.9008578e-01	 +4.1045276e-02 -1.2664026e-04	 1.35e+00 Accepted	 219	 228	
178	 5.9016077e-01	 +3.9319736e-02 +6.0284323e-05	 9.09e-01 Accepted	 189	 239	
179	 5.9015419e-01	 +4.1559951e-02 +1.3957109e-03	 1.32e+00 Accepted	 192	 243	
180	 5.9013372e-01	 +4.1243282e-02 -3.7520090e-04	 8.28e-01 Accepted	 198	 255	
181	 5.9016504e-01	 +4.1823848e-02 +1.3313177e-03	 1.29e+00 Accepted	 195	 252	
182	 5.9013230e-01	 +4.2701304e-02 +8.2259145e-04	 9.85e-01 Accepted	 199	 233	
183	 5.8996844e-01	 +4.0875044e-02 -2.0403832e-03	 7.27e-01 Accepted	 205	 296	
184	 5.9007065e-01	 +4.1948189e-02 +1.6690275e-03	 1.36e+00 Accepted	 229	 290	
185	 5.9009908e-01	 +4.0231838e-02 -9.6626564e-04	 1.40e+00 Accepted	 230	 353	
186	 5.9020793e-01	 +4.2982812e-02 -9.5994157e-04	 8.26e-01 Accepted	 234	 254	
187	 5.9010723e-01	 +4.0008779e-02 -6.0569549e-04	 6.32e-01 Accepted	 212	 335	
188	 5.9011576e-01	 +4.0706080e-02 -9.2811163e-04	 9.00e-01 Accepted	 241	 277	
189	 5.9035059e-01	 +4.3282942e-02 -8.1008799e-05	 1.88e+00 Accepted	 213	 252	
190	 5.9047836e-01	 +4.2943349e-02 +6.9553512e-04	 8.61e-01 Accepted	 209	 273	
191	 5.9042082e-01	 +4.2982346e-02 +7.0051675e-04	 8.48e-01 Accepted	 204	 234	
192	 5.9029138e-01	 +4.1889741e-02 -1.4645857e-04	 8.51e-01 Accepted	 190	 230	
193	 5.9029235e-01	 +4.4859719e-02 -5.3032597e-04	 1.03e+00 Accepted	 189	 231	
194	 5.9027145e-01	 +4.2771538e-02 +1.0928012e-04	 1.12e+00 Accepted	 189	 226	
195	 5.9026307e-01	 +4.0401144e-02 +2.6077067e-04	 9.18e-01 Accepted	 192	 255	
196	 5.9005335e-01	 +4.1491819e-02 +8.3406572e-04	 8.32e-01 Accepted	 202	 251	
197	 5.9001671e-01	 +4.3849721e-02 +1.2337653e-03	 1.39e+00 Accepted	 198	 230	
198	 5.9009237e-01	 +4.2056925e-02 -9.8525157e-05	 8.45e-01 Accepted	 195	 262	
199	 5.9009237e-01	 +4.2056925e-02 -9.8525157e-05	 8.12e-01 Rejected	 197	 236	
200	 5.9017460e-01	 +4.4319619e-02 +6.2476056e-04	 8.68e-01 Accepted	 211	 260	
201	 5.9022086e-01	 +4.2051600e-02 -9.2165470e-05	 1.24e+00 Accepted	 200	 235	
202	 5.9030769e-01	 +4.1636532e-02 +2.1568454e-04	 8.82e-01 Accepted	 194	 243	
203	 5.8998380e-01	 +4.1998621e-02 -8.6180227e-04	 6.89e-01 Accepted	 197	 249	
204	 5.8977184e-01	 +4.1336353e-02 -5.7022368e-04	 6.13e-01 Accepted	 214	 303	
205	 5.8970136e-01	 +4.1945779e-02 -1.1858632e-04	 1.10e+00 Accepted	 227	 268	
206	 5.8989567e-01	 +4.0736303e-02 -2.1154219e-03	 1.02e+00 Accepted	 214	 257	
207	 5.8989567e-01	 +4.0736303e-02 -2.1154219e-03	 7.46e-01 Rejected	 207	 264	
208	 5.9008705e-01	 +4.1807354e-02 -3.9752089e-04	 1.22e+00 Accepted	 201	 273	
209	 5.8969937e-01	 +3.9884927e-02 +1.9448066e-04	 6.96e-01 Accepted	 204	 273	
210	 5.8982195e-01	 +4.2075202e-02 +7.2140706e-04	 1.03e+00 Accepted	 208	 262	
211	 5.9005951e-01	 +4.3501434e-02 -2.0582681e-03	 1.01e+00 Accepted	 201	 228	
212	 5.9002974e-01	 +4.3282156e-02 +1.5699466e-04	 9.69e-01 Accepted	 191	 223	
213	 5.9019721e-01	 +4.7312802e-02 -8.8336012e-04	 1.14e+00 Accepted	 193	 290	
# Starting_type: CheckpointStart
# Trajectory_length / Number_of_MD_steps: 1 / 8
# 	 Plaquette	 Polyakov_Loop(re,im)	 Acc._Probability	 runtime_per_traj(s)	 CG_iterations	
213	 5.9019721e-01	 +4.7312802e-02 -8.8336012e-04	 1.14e+00 Accepted	 194	 290	
214	 5.9014312e-01	 +4.5288187e-02 -1.4460313e-03	 1.00e+00 Accepted	 210	 249	
215	 5.8982022e-01	 +4.1219995e-02 +7.9314797e-04	 5.54e-01 Accepted	 197	 236	
216	 5.8984728e-01	 +4.3209003e-02 +2.1041607e-04	 9.40e-01 Accepted	 194	 241	
217	 5.9005102e-01	 +4.1938764e-02 -5.1051554e-04	 1.21e+00 Accepted	 193	 233	
218	 5.8990874e-01	 +4.2811715e-02 +1.9986015e-03	 7.78e-01 Accepted	 192	 235	
219	 5.8990874e-01	 +4.2811715e-02 +1.9986015e-03	 6.36e-01 Rejected	 200	 259	
220	 5.9003640e-01	 +4.4678512e-02 +2.2916677e-04	 8.00e-01 Accepted	 191	 244	
221	 5.9009909e-01	 +4.1655332e-02 -4.1220218e-05	 1.21e+00 Accepted	 194	 231	
222	 5.8993349e-01	 +4.2161194e-02 -2.1897038e-03	 6.81e-01 Accepted	 196	 275	
223	 5.8974936e-01	 +4.3666600e-02 -1.0623238e-03	 1.31e+00 Accepted	 201	 240	
224	 5.8997446e-01	 +4.3384829e-02 -4.0012920e-04	 1.54e+00 Accepted	 197	 253	
225	 5.8990311e-01	 +4.1797551e-02 -1.3436628e-04	 8.61e-01 Accepted	 203	 275	
226	 5.8990311e-01	 +4.1797551e-02 -1.3436628e-04	 8.72e-01 Rejected	 227	 280	
227	 5.8972052e-01	 +4.2920288e-02 +7.5653918e-04	 6.42e-01 Accepted	 215	 279	
228	 5.8974068e-01	 +4.0669187e-02 +8.5043760e-05	 1.02e+00 Accepted	 227	 341	
229	 5.8974067e-01	 +4.2033448e-02 -1.4697760e-03	 1.02e+00 Accepted	 234	 248	
230	 5.8983866e-01	 +4.1341689e-02 -1.7288413e-04	 1.16e+00 Accepted	 196	 248	
231	 5.8985923e-01	 +4.1914972e-02 +1.5825753e-03	 1.12e+00 Accepted	 202	 227	
232	 5.8985923e-01	 +4.1914972e-02 +1.5825753e-03	 4.86e-01 Rejected	 204	 286	
233	 5.8970603e-01	 +4.2105544e-02 +8.2045476e-04	 8.02e-01 Accepted	 202	 309	
234	 5.8970603e-01	 +4.2105544e-02 +8.2045476e-04	 7.24e-01 Rejected	 220	 286	
235	 5.8999569e-01	 +4.0050348e-02 +6.6646015e-04	 1.23e+00 Accepted	 217	 223	
236	 5.8999569e-01	 +4.0050348e-02 +6.6646015e-04	 7.77e-01 Rejected	 194	 247	
237	 5.8995171e-01	 +4.4119301e-02 -5.2985648e-04	 1.16e+00 Accepted	 195	 273	
238	 5.9016239e-01	 +4.3278358e-02 -1.3307018e-03	 1.07e+00 Accepted	 204	 249	
239	 5.8999499e-01	 +4.4156149e-02 -1.3557491e-03	 9.50e-01 Accepted	 202	 252	
240	 5.9018421e-01	 +4.2606783e-02 -3.8403924e-04	 1.19e+00 Accepted	 197	 225	
241	 5.9018421e-01	 +4.2606783e-02 -3.8403924e-04	 7.70e-01 Rejected	 192	 242	
242	 5.8999153e-01	 +4.4425436e-02 -1.6950127e-04	 9.91e-01 Accepted	 200	 304	
243	 5.8977485e-01	 +4.4311751e-02 -2.1132066e-03	 7.41e-01 Accepted	 208	 236	
244	 5.8999492e-01	 +4.3521146e-02 +5.9838366e-04	 1.19e+00 Accepted	 194	 249	
245	 5.9006751e-01	 +4.4358532e-02 +3.5561579e-04	 8.61e-01 Accepted	 211	 281	
246	 5.8990197e-01	 +4.3005209e-02 -5.0115772e-04	 6.22e-01 Accepted	 221	 307	
247	 5.8971598e-01	 +4.3851108e-02 +9.1941600e-04	 8.63e-01 Accepted	 218	 246	
248	 5.8982565e-01	 +4.2756610e-02 -5.6880269e-05	 1.21e+00 Accepted	 201	 253	
249	 5.8981547e-01	 +4.4238872e-02 -1.3464166e-03	 8.33e-01 Accepted	 194	 235	
250	 5.8989568e-01	 +4.2006250e-02 +1.0498985e-05	 9.11e-01 Accepted	 203	 285	
251	 5.9003392e-01	 +4.3373282e-02 +1.9440378e-04	 8.70e-01 Accepted	 205	 251	
252	 5.9000973e-01	 +4.2098674e-02 -1.2853232e-03	 1.08e+00 Accepted	 196	 240	
253	 5.8997921e-01	 +4.1849096e-02 -8.1482636e-04	 1.23e+00 Accepted	 198	 245	
254	 5.9018793e-01	 +4.2281185e-02 -1.1822997e-03	 9.40e-01 Accepted	 194	 246	
255	 5.9025729e-01	 +4.1140421e-02 -1.3283454e-04	 9.94e-01 Accepted	 197	 251	
256	 5.9025729e-01	 +4.1140421e-02 -1.3283454e-04	 6.42e-01 Rejected	 200	 252	
257	 5.9021210e-01	 +4.2869145e-02 +1.7185165e-04	 1.03e+00 Accepted	 193	 235	
258	 5.9008689e-01	 +4.3075295e-02 +4.9303591e-04	 8.84e-01 Accepted	 193	 252	
259	 5.9023965e-01	 +4.2959530e-02 -1.5477986e-03	 1.27e+00 Accepted	 199	 249	
260	 5.9024948e-01	 +4.3264482e-02 +1.4421235e-04	 1.04e+00 Accepted	 213	 256	
261	 5.9026157e-01	 +4.1689026e-02 +1.5286788e-03	 1.42e+00 Accepted	 203	 260	
262	 5.9022329e-01	 +4.1760614e-02 +1.6111581e-03	 1.18e+00 Accepted	 206	 266	
263	 5.9030818e-01	 +4.0928021e-02 +1.8311790e-04	 1.29e+00 Accepted	 208	 232	
264	 5.9030818e-01	 +4.0928021e-02 +1.8311790e-04	 7.93e-01 Rejected	 193	 249	
265	 5.9011993e-01	 +3.8822953e-02 +9.6499151e-04	 1.04e+00 Accepted	 197	 252	
266	 5.9017743e-01	 +4.0870703e-02 -2.1704203e-03	 1.28e+00 Accepted	 210	 300	
267	 5.9012829e-01	 +4.1037063e-02 +2.1291764e-05	 9.98e-01 Accepted	 225	 297	
268	 5.9012829e-01	 +4.1037063e-02 +2.1291764e-05	 7.37e-01 Rejected	 210	 233	
269	 5.9038238e-01	 +4.0960718e-02 +2.2777066e-04	 1.78e+00 Accepted	 219	 274	
270	 5.9047399e-01	 +4.3021132e-02 +9.3431595e-04	 8.27e-01 Accepted	 210	 262	
271	 5.9010353e-01	 +4.2788059e-02 -7.7772962e-04	 6.04e-01 Accepted	 207	 268	
272	 5.8988114e-01	 +4.0001260e-02 +7.1596688e-04	 1.18e+00 Accepted	 202	 240	
273	 5.9011008e-01	 +4.1456507e-02 -9.7699466e-06	 1.53e+00 Accepted	 200	 239	
274	 5.9011008e-01	 +4.1456507e-02 -9.7699466e-06	 9.48e-01 Rejected	 202	 293	
275	 5.9017099e-01	 +4.0386790e-02 +1.1594108e-04	 1.02e+00 Accepted	 200	 254	
276	 5.9017099e-01	 +4.0386790e-02 +1.1594108e-04	 7.86e-01 Rejected	 199	 240	
277	 5.9027411e-01	 +4.2072542e-02 +1.7958665e-03	 1.10e+00 Accepted	 199	 265	
278	 5.8996972e-01	 +4.1777127e-02 +9.8318045e-04	 9.32e-01 Accepted	 200	 236	
279	 5.8996972e-01	 +4.1777127e-02 +9.8318045e-04	 6.40e-01 Rejected	 194	 262	
280	 5.9000019e-01	 +4.1487382e-02 +7.4744967e-04	 9.89e-01 Accepted	 202	 270	
281	 5.9000019e-01	 +4.1487382e-02 +7.4744967e-04	 6.13e-01 Rejected	 208	 235	
282	 5.8999252e-01	 +3.9036770e-02 +2.2117274e-04	 8.83e-01 Accepted	 202	 254	
283	 5.8999252e-01	 +3.9036770e-02 +2.2117274e-04	 6.97e-01 Rejected	 202	 247	
284	 5.8989151e-01	 +4.1033577e-02 -7.9938004e-04	 7.12e-01 Accepted	 200	 245	
285	 5.8990140e-01	 +4.1307527e-02 -2.3058306e-05	 9.02e-01 Accepted	 194	 227	
286	 5.9004086e-01	 +4.1613739e-02 +9.1672498e-04	 9.13e-01 Accepted	 208	 297	
287	 5.9012324e-01	 +4.0263657e-02 +6.5387656e-04	 1.11e+00 Accepted	 217	 227	
288	 5.9008821e-01	 +4.2010294e-02 -5.9265477e-04	 9.51e-01 Accepted	 190	 240	
289	 5.9014648e-01	 +4.1010980e-02 -5.8463403e-04	 1.14e+00 Accepted	 203	 284	
290	 5.9027042e-01	 +3.9423031e-02 -9.1983721e-04	 1.19e+00 Accepted	 214	 317	
291	 5.9027042e-01	 +3.9423031e-02 -9.1983721e-04	 5.70e-01 Rejected	 219	 267	
292	 5.9018546e-01	 +3.9724139e-02 -1.7422168e-03	 6.70e-01 Accepted	 225	 288	
293	 5.9006086e-01	 +4.0399580e-02 -1.0344442e-03	 8.70e-01 Accepted	 209	 247	
294	 5.9012640e-01	 +3.9128695e-02 -5.1263947e-04	 1.13e+00 Accepted	 210	 304	
295	 5.9012640e-01	 +3.9128695e-02 -5.1263947e-04	 7.87e-01 Rejected	 214	 235	
296	 5.9040506e-01	 +3.8935317e-02 +3.7747669e-04	 1.04e+00 Accepted	 227	 310	
297	 5.9018366e-01	 +3.7066552e-02 +7.6899686e-05	 7.44e-01 Accepted	 225	 252	
298	 5.9025773e-01	 +3.8082320e-02 -6.9935421e-04	 1.81e+00 Accepted	 199	 234	
299	 5.9013765e-01	 +3.8790071e-02 +1.3772136e-03	 8.24e-01 Accepted	 197	 260	
300	 5.9007500e-01	 +3.7743826e-02 -3.5389158e-04	 7.20e-01 Accepted	 204	 235	
301	 5.8990527e-01	 +3.8228444e-02 -2.9111684e-04	 9.40e-01 Accepted	 200	 263	
302	 5.8989495e-01	 +3.6457959e-02 -8.8416416e-04	 1.02e+00 Accepted	 198	 239	
303	 5.9002614e-01	 +3.9442041e-02 -8.7812534e-04	 1.05e+00 Accepted	 210	 298	
304	 5.8985438e-01	 +4.0966536e-02 -7.7963030e-04	 9.57e-01 Accepted	 223	 308	
305	 5.9009142e-01	 +3.9974254e-02 +6.3541892e-04	 1.29e+00 Accepted	 214	 268	
306	 5.8994471e-01	 +4.1680847e-02 +2.0501459e-04	 7.78e-01 Accepted	 205	 247	
307	 5.8989060e-01	 +4.0386066e-02 +1.1743994e-03	 1.03e+00 Accepted	 205	 259	
308	 5.9009819e-01	 +3.7834987e-02 +1.9824769e-03	 1.22e+00 Accepted	 199	 246	
309	 5.9020044e-01	 +3.7946455e-02 -1.6634866e-03	 1.07e+00 Accepted	 203	 279	
310	 5.9000587e-01	 +3.7250695e-02 +1.6295420e-04	 5.65e-01 Accepted	 204	 226	
311	 5.8998255e-01	 +4.0175511e-02 +6.6259816e-04	 1.83e+00 Accepted	 203	 309	
312	 5.9001699e-01	 +4.1163985e-02 -1.7994221e-03	 1.27e+00 Accepted	 224	 268	
313	 5.8999767e-01	 +4.1623767e-02 +7.9218185e-05	 6.48e-01 Accepted	 213	 269	
314	 5.8980693e-01	 +4.1088975e-02 +8.6144592e-04	 1.09e+00 Accepted	 208	 234	
315	 5.8968448e-01	 +4.0310082e-02 +1.0909995e-03	 9.41e-01 Accepted	 192	 229	
316	 5.8975505e-01	 +3.8357805e-02 +1.8037338e-03	 1.27e+00 Accepted	 189	 221	
317	 5.8996238e-01	 +3.8809512e-02 -1.5684134e-04	 1.14e+00 Accepted	 194	 280	
318	 5.8991066e-01	 +3.8555695e-02 -9.7956529e-05	 9.35e-01 Accepted	 208	 231	
319	 5.9008372e-01	 +3.8723152e-02 +8.7614797e-04	 1.16e+00 Accepted	 192	 229	
320	 5.9009701e-01	 +3.8415288e-02 +5.0859337e-04	 8.60e-01 Accepted	 197	 269	
321	 5.9018482e-01	 +4.0539707e-02 +1.0474055e-05	 1.46e+00 Accepted	 209	 237	
322	 5.9004632e-01	 +3.9751948e-02 +5.4676120e-04	 1.05e+00 Accepted	 197	 237	
323	 5.9028507e-01	 +3.8530866e-02 -9.1716876e-04	 1.20e+00 Accepted	 194	 237	
324	 5.9036268e-01	 +4.0578130e-02 +3.5575675e-04	 1.31e+00 Accepted	 195	 255	
325	 5.9042223e-01	 +3.7353929e-02 +2.5123143e-04	 1.36e+00 Accepted	 203	 246	
326	 5.9028809e-01	 +3.8526813e-02 -3.6298634e-03	 6.91e-01 Accepted	 196	 247	
327	 5.9019798e-01	 +3.9627541e-02 +1.6386843e-05	 7.16e-01 Accepted	 197	 250	
328	 5.8990894e-01	 +3.7481086e-02 -2.0952291e-04	 8.75e-01 Accepted	 204	 276	
329	 5.8983962e-01	 +3.8714089e-02 -1.9292558e-03	 1.09e+00 Accepted	 205	 273	
330	 5.8980044e-01	 +3.9256062e-02 -1.4384801e-03	 9.44e-01 Accepted	 210	 288	
331	 5.8971569e-01	 +3.6982195e-02 -6.6911092e-04	 1.27e+00 Accepted	 208	 276	
332	 5.8968603e-01	 +3.7470439e-02 -5.5156977e-04	 6.81e-01 Accepted	 209	 268	
333	 5.8981269e-01	 +3.7981545e-02 +3.1616406e-04	 1.13e+00 Accepted	 205	 244	
334	 5.8978288e-01	 +3.7118551e-02 -1.0172420e-03	 1.05e+00 Accepted	 202	 265	
335	 5.8988731e-01	 +3.8075411e-02 -1.0522459e-03	 1.23e+00 Accepted	 215	 289	
336	 5.9001328e-01	 +3.8603778e-02 -5.9696152e-04	 6.50e-01 Accepted	 212	 246	
337	 5.9015028e-01	 +3.7313606e-02 -8.9316895e-04	 1.26e+00 Accepted	 195	 245	
338	 5.8993217e-01	 +3.9908510e-02 -6.1440369e-04	 7.47e-01 Accepted	 199	 270	
339	 5.8971871e-01	 +3.7069476e-02 -1.4598641e-03	 7.73e-01 Accepted	 227	 370	
340	 5.8971871e-01	 +3.7069476e-02 -1.4598641e-03	 7.58e-01 Rejected	 247	 287	
341	 5.8990997e-01	 +3.7325876e-02 -7.0589132e-04	 1.09e+00 Accepted	 233	 230	
342	 5.8992446e-01	 +3.7636458e-02 -8.6350258e-04	 1.10e+00 Accepted	 197	 260	
343	 5.8995343e-01	 +3.6524779e-02 -2.3192841e-04	 9.06e-01 Accepted	 203	 264	
344	 5.8995343e-01	 +3.6524779e-02 -2.3192841e-04	 8.55e-01 Rejected	 208	 250	
345	 5.8995343e-01	 +3.6524779e-02 -2.3192841e-04	 8.34e-01 Rejected	 205	 258	
346	 5.8995343e-01	 +3.6524779e-02 -2.3192841e-04	 7.23e-01 Rejected	 204	 231	
347	 5.8987054e-01	 +3.6466673e-02 +8.1168817e-04	 7.99e-01 Accepted	 201	 235	
348	 5.8995949e-01	 +3.7515190e-02 +5.2156554e-04	 1.03e+00 Accepted	 198	 266	
349	 5.8982930e-01	 +3.9221379e-02 -6.5290323e-05	 8.24e-01 Accepted	 202	 229	
350	 5.8989051e-01	 +3.5864467e-02 -4.8845991e-05	 1.12e+00 Accepted	 191	 251	
351	 5.8978535e-01	 +3.8531449e-02 +7.7410853e-04	 7.36e-01 Accepted	 199	 252	
352	 5.8972542e-01	 +3.4886330e-02 +1.6334925e-03	 8.95e-01 Accepted	 195	 226	
353	 5.8978406e-01	 +3.7141599e-02 +2.3729599e-03	 1.21e+00 Accepted	 189	 235	
354	 5.8990350e-01	 +3.5590872e-02 +1.1640098e-04	 1.77e+00 Accepted	 199	 256	
355	 5.8976631e-01	 +3.5163112e-02 +4.8066374e-04	 6.97e-01 Accepted	 198	 250	
356	 5.8987962e-01	 +3.7524937e-02 -3.0085074e-04	 8.05e-01 Accepted	 201	 253	
357	 5.8962154e-01	 +3.6730306e-02 +9.0652171e-04	 8.62e-01 Accepted	 203	 277	
358	 5.8976201e-01	 +3.9967782e-02 +2.8500835e-05	 9.51e-01 Accepted	 207	 225	
359	 5.8959127e-01	 +3.8867917e-02 -9.1879675e-04	 1.04e+00 Accepted	 192	 239	
360	 5.8959127e-01	 +3.8867917e-02 -9.1879675e-04	 5.14e-01 Rejected	 191	 235	
361	 5.8945383e-01	 +3.9215815e-02 +1.0678951e-03	 7.01e-01 Accepted	 193	 251	
362	 5.8967481e-01	 +3.7468445e-02 +5.3808217e-04	 1.22e+00 Accepted	 204	 243	
363	 5.8990458e-01	 +3.6469305e-02 +5.2462963e-04	 1.30e+00 Accepted	 202	 252	
364	 5.8967214e-01	 +3.9646810e-02 +6.7681041e-04	 7.78e-01 Accepted	 196	 226	
365	 5.8967214e-01	 +3.9646810e-02 +6.7681041e-04	 6.46e-01 Rejected	 189	 238	
366	 5.8991102e-01	 +4.0321948e-02 -1.0428551e-03	 8.46e-01 Accepted	 190	 243	
367	 5.8991102e-01	 +4.0321948e-02 -1.0428551e-03	 5.01e-01 Rejected	 199	 262	
368	 5.9002728e-01	 +4.1141294e-02 +7.8005754e-04	 9.70e-01 Accepted	 194	 236	
369	 5.9002728e-01	 +4.1141294e-02 +7.8005754e-04	 8.19e-01 Rejected	 191	 254	
370	 5.9010607e-01	 +3.8152238e-02 +4.4209731e-04	 1.65e+00 Accepted	 197	 233	
371	 5.9004548e-01	 +3.8063051e-02 -1.5607210e-03	 7.98e-01 Accepted	 199	 256	
372	 5.8989309e-01	 +3.9850181e-02 +1.6532982e-03	 1.05e+00 Accepted	 222	 340	
373	 5.8958660e-01	 +3.7719965e-02 +6.6891679e-04	 8.08e-01 Accepted	 234	 258	
374	 5.8972931e-01	 +3.7657612e-02 -2.0348598e-04	 1.24e+00 Accepted	 199	 234	
375	 5.8954827e-01	 +4.0676950e-02 -3.2105970e-04	 1.06e+00 Accepted	 192	 234	
376	 5.8972268e-01	 +3.7535426e-02 -3.1114005e-04	 9.28e-01 Accepted	 199	 271	
377	 5.8953063e-01	 +3.8721442e-02 -1.4031437e-04	 8.27e-01 Accepted	 199	 232	
378	 5.8972801e-01	 +3.8840052e-02 +4.6344760e-05	 9.43e-01 Accepted	 190	 228	
379	 5.8993498e-01	 +3.7442246e-02 +8.4332699e-05	 1.54e+00 Accepted	 195	 284	
380	 5.8993498e-01	 +3.7442246e-02 +8.4332699e-05	 8.60e-01 Rejected	 218	 306	
381	 5.9009292e-01	 +3.9243594e-02 -6.0799608e-04	 1.16e+00 Accepted	 213	 233	
382	 5.9003195e-01	 +3.7329274e-02 +8.1195689e-04	 9.45e-01 Accepted	 190	 233	
383	 5.9002812e-01	 +3.7757260e-02 -1.3792654e-03	 1.04e+00 Accepted	 198	 275	
384	 5.8987055e-01	 +3.7100952e-02 -3.0103588e-04	 7.84e-01 Accepted	 215	 266	
385	 5.8981614e-01	 +3.5947938e-02 +2.0608025e-03	 9.35e-01 Accepted	 205	 245	
386	 5.8984631e-01	 +3.8235407e-02 +5.7354389e-04	 1.27e+00 Accepted	 195	 240	
387	 5.8996738e-01	 +3.6935978e-02 +9.0431830e-04	 1.13e+00 Accepted	 193	 265	
388	 5.9005326e-01	 +3.6565432e-02 +1.0957545e-03	 1.38e+00 Accepted	 206	 237	
389	 5.9005326e-01	 +3.6565432e-02 +1.0957545e-03	 8.89e-01 Rejected	 193	 229	
390	 5.8988288e-01	 +3.5608557e-02 +8.6719358e-04	 6.84e-01 Accepted	 193	 243	
391	 5.9001268e-01	 +3.8152029e-02 -1.3058067e-03	 9.67e-01 Accepted	 197	 259	
392	 5.8991372e-01	 +3.5895005e-02 +2.1424501e-03	 1.21e+00 Accepted	 199	 244	
393	 5.9001079e-01	 +3.7410772e-02 +2.8951966e-04	 1.01e+00 Accepted	 207	 281	
394	 5.9008054e-01	 +3.7238435e-02 +1.7291337e-03	 9.32e-01 Accepted	 208	 276	
395	 5.8958045e-01	 +3.8047067e-02 +1.3412194e-03	 5.68e-01 Accepted	 212	 244	
396	 5.8976285e-01	 +3.6731679e-02 +1.6912285e-03	 1.57e+00 Accepted	 200	 274	
397	 5.9001138e-01	 +3.7684669e-02 +2.6112266e-03	 9.91e-01 Accepted	 200	 227	
398	 5.8999828e-01	 +3.7742147e-02 +2.3564140e-03	 8.88e-01 Accepted	 196	 265	
399	 5.8974846e-01	 +3.8135134e-02 +7.9631882e-04	 4.53e-01 Accepted	 202	 230	
400	 5.8967819e-01	 +3.6137595e-02 +1.5036711e-03	 1.04e+00 Accepted	 192	 237	
401	 5.8996947e-01	 +3.5624484e-02 +1.7614645e-03	 1.16e+00 Accepted	 194	 241	
402	 5.9011645e-01	 +3.7559968e-02 +2.3438272e-03	 1.32e+00 Accepted	 194	 243	
403	 5.9025107e-01	 +3.6373418e-02 +2.9207433e-03	 1.16e+00 Accepted	 198	 233	
404	 5.9019601e-01	 +3.6877375e-02 +2.0718411e-03	 1.19e+00 Accepted	 194	 245	
405	 5.9026324e-01	 +3.8148803e-02 +2.7229322e-03	 6.54e-01 Accepted	 196	 252	
406	 5.9023279e-01	 +3.7558941e-02 +9.9249583e-04	 1.07e+00 Accepted	 197	 245	
407	 5.9014508e-01	 +3.6173325e-02 +2.1654200e-03	 1.23e+00 Accepted	 200	 232	
408	 5.9014508e-01	 +3.6173325e-02 +2.1654200e-03	 8.85e-01 Rejected	 189	 234	
409	 5.9014508e-01	 +3.6173325e-02 +2.1654200e-03	 7.71e-01 Rejected	 193	 261	
410	 5.8998772e-01	 +3.6120580e-02 +2.7913759e-03	 4.38e-01 Accepted	 198	 269	
411	 5.9009028e-01	 +3.8656028e-02 +1.1625311e-03	 8.26e-01 Accepted	 213	 268	
412	 5.9009028e-01	 +3.8656028e-02 +1.1625311e-03	 5.98e-01 Rejected	 200	 232	
413	 5.9000295e-01	 +3.7824814e-02 -6.0634667e-04	 1.05e+00 Accepted	 203	 258	
414	 5.8996079e-01	 +3.8151324e-02 +2.0376045e-04	 7.55e-01 Accepted	 201	 254	
415	 5.8982915e-01	 +3.9414455e-02 +2.0966339e-04	 6.25e-01 Accepted	 199	 246	
416	 5.8968717e-01	 +3.9941935e-02 -1.4701779e-03	 1.17e+00 Accepted	 198	 267	
417	 5.8987802e-01	 +4.1654884e-02 -1.3349332e-03	 9.28e-01 Accepted	 222	 326	
418	 5.8981332e-01	 +3.9620633e-02 -8.5488115e-04	 1.04e+00 Accepted	 242	 317	
419	 5.8981890e-01	 +3.9210370e-02 +2.3125941e-03	 1.17e+00 Accepted	 225	 246	
420	 5.8981890e-01	 +3.9210370e-02 +2.3125941e-03	 7.61e-01 Rejected	 197	 251	
421	 5.8967314e-01	 +3.7741535e-02 +1.9834465e-03	 5.03e-01 Accepted	 196	 238	
422	 5.8974673e-01	 +4.0279236e-02 +1.0918048e-05	 1.26e+00 Accepted	 196	 239	
423	 5.8974673e-01	 +4.0279236e-02 +1.0918048e-05	 9.05e-01 Rejected	 195	 240	
424	 5.8964798e-01	 +3.8282450e-02 -1.6081642e-04	 8.58e-01 Accepted	 192	 240	
# Starting_type: CheckpointStart
# Trajectory_length / Number_of_MD_steps: 1 / 8
# 	 Plaquette	 Polyakov_Loop(re,im)	 Acc._Probability	 runtime_per_traj(s)	 CG_iterations	
425	 5.8978211e-01	 +3.8983480e-02 -1.0407142e-03	 1.11e+00 Accepted	 198	 246	
426	 5.8968859e-01	 +3.7681166e-02 +1.6692137e-03	 6.27e-01 Accepted	 198	 235	
427	 5.8967509e-01	 +3.9880888e-02 -1.1483903e-03	 1.27e+00 Accepted	 207	 304	
428	 5.8967008e-01	 +3.9911572e-02 -1.2009379e-03	 9.39e-01 Accepted	 238	 311	
429	 5.8977570e-01	 +4.0172009e-02 -9.4479369e-05	 1.30e+00 Accepted	 228	 290	
430	 5.8977570e-01	 +4.0172009e-02 -9.4479369e-05	 7.41e-01 Rejected	 207	 228	
431	 5.8971962e-01	 +4.1887037e-02 +1.4798209e-03	 9.27e-01 Accepted	 211	 237	
432	 5.8987450e-01	 +4.1405966e-02 +1.1968539e-03	 1.33e+00 Accepted	 206	 306	
433	 5.8980988e-01	 +4.0896912e-02 -8.4976216e-04	 8.18e-01 Accepted	 236	 343	
434	 5.8996007e-01	 +3.8807712e-02 +7.2030279e-04	 1.31e+00 Accepted	 226	 266	
435	 5.8994092e-01	 +4.0349239e-02 +8.6777937e-04	 9.30e-01 Accepted	 205	 238	
436	 5.8996812e-01	 +4.1209576e-02 -1.4191474e-03	 1.06e+00 Accepted	 206	 298	
437	 5.9018357e-01	 +3.7958783e-02 +1.9835842e-04	 1.01e+00 Accepted	 213	 230	
438	 5.9005627e-01	 +3.9200153e-02 +2.2807507e-04	 1.18e+00 Accepted	 201	 296	
439	 5.9000366e-01	 +4.1835137e-02 -1.1187494e-03	 7.82e-01 Accepted	 224	 281	
440	 5.8991830e-01	 +4.1192783e-02 -2.3497515e-04	 6.32e-01 Accepted	 207	 242	
441	 5.9008903e-01	 +3.9581588e-02 -3.3837013e-04	 1.18e+00 Accepted	 196	 279	
442	 5.8997217e-01	 +3.9411104e-02 +3.0463088e-04	 5.39e-01 Accepted	 209	 230	
443	 5.9026065e-01	 +4.0015883e-02 -6.5193854e-04	 1.46e+00 Accepted	 199	 270	
444	 5.9031752e-01	 +4.0523487e-02 -1.0286969e-03	 9.93e-01 Accepted	 234	 341	
445	 5.9033518e-01	 +4.1566394e-02 -5.4902585e-04	 7.88e-01 Accepted	 235	 241	
446	 5.9033518e-01	 +4.1566394e-02 -5.4902585e-04	 5.40e-01 Rejected	 198	 258	
447	 5.9024059e-01	 +4.1542602e-02 -1.1030425e-03	 9.77e-01 Accepted	 194	 221	
448	 5.9024059e-01	 +4.1542602e-02 -1.1030425e-03	 5.22e-01 Rejected	 190	 225	
449	 5.9030371e-01	 +4.3765487e-02 -1.4184363e-03	 1.53e+00 Accepted	 196	 282	
450	 5.8998464e-01	 +4.0805965e-02 -3.6271483e-04	 5.44e-01 Accepted	 216	 276	
451	 5.9009082e-01	 +4.1320249e-02 -6.2191470e-04	 1.02e+00 Accepted	 204	 279	
452	 5.9004092e-01	 +4.1888976e-02 -2.1865158e-04	 9.02e-01 Accepted	 203	 232	
453	 5.8990906e-01	 +4.1497263e-02 +5.3417435e-04	 8.08e-01 Accepted	 192	 225	
454	 5.8993339e-01	 +4.1822149e-02 +1.3348914e-03	 1.36e+00 Accepted	 191	 224	
455	 5.8992681e-01	 +4.2110912e-02 +4.5622123e-04	 6.73e-01 Accepted	 193	 261	
456	 5.8992681e-01	 +4.2110912e-02 +4.5622123e-04	 8.49e-01 Rejected	 206	 266	
457	 5.8982762e-01	 +4.1819600e-02 -3.9745686e-04	 6.64e-01 Accepted	 201	 249	
458	 5.8982762e-01	 +4.1819600e-02 -3.9745686e-04	 7.95e-01 Rejected	 202	 258	
459	 5.8988136e-01	 +4.3940675e-02 -1.0207241e-03	 9.89e-01 Accepted	 197	 246	
460	 5.8969699e-01	 +4.1244966e-02 -2.8572093e-04	 9.69e-01 Accepted	 195	 234	
461	 5.9012446e-01	 +4.3660200e-02 +1.8128745e-03	 1.76e+00 Accepted	 191	 253	
462	 5.9019876e-01	 +4.4185920e-02 +9.1310821e-04	 9.70e-01 Accepted	 200	 264	
463	 5.9015456e-01	 +4.4959208e-02 -1.1045562e-03	 9.86e-01 Accepted	 206	 250	
464	 5.9038189e-01	 +4.5225414e-02 +4.7418387e-04	 1.36e+00 Accepted	 200	 245	
465	 5.9023821e-01	 +4.3440607e-02 +4.3381053e-04	 8.78e-01 Accepted	 196	 269	
466	 5.9023938e-01	 +4.2865109e-02 -1.5459953e-04	 1.41e+00 Accepted	 214	 295	
467	 5.9028393e-01	 +4.4596694e-02 +9.4903311e-04	 1.05e+00 Accepted	 217	 279	
468	 5.9012332e-01	 +4.4077399e-02 +4.4801495e-04	 9.71e-01 Accepted	 214	 277	
469	 5.9008534e-01	 +4.2420946e-02 +2.4549386e-04	 1.19e+00 Accepted	 210	 260	
470	 5.9008534e-01	 +4.2420946e-02 +2.4549386e-04	 7.00e-01 Rejected	 201	 243	
471	 5.8994774e-01	 +4.1114794e-02 +1.2748152e-03	 1.11e+00 Accepted	 197	 235	
472	 5.8986771e-01	 +4.1078539e-02 -1.5930794e-03	 1.11e+00 Accepted	 193	 269	
473	 5.8995531e-01	 +4.3333526e-02 -9.1867593e-04	 1.23e+00 Accepted	 212	 274	
474	 5.8992307e-01	 +3.9777577e-02 +8.0026615e-05	 1.05e+00 Accepted	 204	 231	
475	 5.8999871e-01	 +4.2408582e-02 -3.1343869e-04	 1.15e+00 Accepted	 198	 273	
476	 5.8999871e-01	 +4.2408582e-02 -3.1343869e-04	 7.23e-01 Rejected	 208	 221	
477	 5.8996448e-01	 +4.1460554e-02 +8.3903762e-04	 9.72e-01 Accepted	 223	 272	
478	 5.9005604e-01	 +4.4403300e-02 +5.8523433e-04	 1.52e+00 Accepted	 214	 298	
479	 5.8988422e-01	 +4.3147180e-02 +6.0201197e-04	 5.84e-01 Accepted	 218	 246	
480	 5.8988422e-01	 +4.3147180e-02 +6.0201197e-04	 7.79e-01 Rejected	 206	 250	
481	 5.8976437e-01	 +4.1076286e-02 +2.6506182e-03	 8.65e-01 Accepted	 209	 297	
482	 5.8983278e-01	 +4.1688742e-02 +1.0404727e-03	 9.24e-01 Accepted	 205	 233	
483	 5.8988087e-01	 +4.0328374e-02 +2.3158837e-03	 8.16e-01 Accepted	 200	 255	
484	 5.8995864e-01	 +4.0735867e-02 +1.7632883e-03	 7.87e-01 Accepted	 198	 233	
485	 5.8995864e-01	 +4.0735867e-02 +1.7632883e-03	 6.18e-01 Rejected	 192	 234	
486	 5.8987068e-01	 +4.2637866e-02 -3.5154267e-05	 1.27e+00 Accepted	 202	 249	
487	 5.8995693e-01	 +4.3234727e-02 +6.3570257e-04	 1.10e+00 Accepted	 204	 267	
488	 5.8998804e-01	 +4.3367524e-02 -1.6624953e-03	 8.69e-01 Accepted	 202	 237	
489	 5.9003555e-01	 +4.4692433e-02 -2.6386463e-04	 9.01e-01 Accepted	 194	 226	
490	 5.8994215e-01	 +4.1643169e-02 -5.9712995e-04	 6.18e-01 Accepted	 191	 242	
491	 5.9001036e-01	 +4.0788427e-02 -9.9110764e-04	 1.15e+00 Accepted	 192	 243	
492	 5.9000549e-01	 +4.4157330e-02 -7.9620103e-04	 8.28e-01 Accepted	 193	 234	
493	 5.9010187e-01	 +4.0996378e-02 -1.7841244e-04	 1.22e+00 Accepted	 191	 230	
494	 5.9021765e-01	 +4.1389186e-02 +9.2087203e-04	 1.32e+00 Accepted	 193	 253	
495	 5.9007021e-01	 +3.9154540e-02 -9.1660292e-04	 1.06e+00 Accepted	 203	 252	
496	 5.9001882e-01	 +4.0809077e-02 +4.1642185e-04	 1.05e+00 Accepted	 195	 219	
497	 5.8979482e-01	 +4.1337537e-02 -3.0109148e-04	 7.60e-01 Accepted	 193	 264	
498	 5.8999126e-01	 +4.1009081e-02 -9.6577006e-05	 1.65e+00 Accepted	 204	 241	
499	 5.8986528e-01	 +4.0801791e-02 +3.0791671e-04	 6.41e-01 Accepted	 193	 252	
500	 5.8984461e-01	 +4.1822722e-02 -1.4922793e-03	 7.83e-01 Accepted	 200	 238	
501	 5.8990294e-01	 +4.0820911e-02 -3.6375785e-04	 1.02e+00 Accepted	 197	 245	
502	 5.8975985e-01	 +4.0805089e-02 -4.6693103e-04	 9.87e-01 Accepted	 198	 242	
503	 5.9005184e-01	 +4.1497200e-02 -1.9375623e-03	 2.08e+00 Accepted	 194	 231	
504	 5.9011462e-01	 +4.0071195e-02 -8.8161092e-04	 1.54e+00 Accepted	 191	 234	
505	 5.8998755e-01	 +4.2077785e-02 -6.9717637e-04	 7.99e-01 Accepted	 191	 246	
506	 5.8998755e-01	 +4.2077785e-02 -6.9717637e-04	 6.11e-01 Rejected	 216	 309	
507	 5.8983426e-01	 +4.0430163e-02 -1.1897294e-03	 8.85e-01 Accepted	 202	 243	
508	 5.8963253e-01	 +3.7445153e-02 -6.3857488e-04	 5.67e-01 Accepted	 194	 257	
509	 5.8996697e-01	 +3.9540987e-02 -5.9717878e-04	 1.35e+00 Accepted	 206	 291	
510	 5.9022211e-01	 +3.9281579e-02 -1.0898591e-03	 9.62e-01 Accepted	 204	 231	
511	 5.9024603e-01	 +4.1008940e-02 -1.8570716e-03	 1.36e+00 Accepted	 199	 288	
512	 5.9021237e-01	 +3.8796008e-02 -7.6662295e-04	 9.93e-01 Accepted	 212	 251	
513	 5.9010273e-01	 +3.7114995e-02 -8.0738566e-04	 8.85e-01 Accepted	 196	 230	
514	 5.8992551e-01	 +3.9511467e-02 -4.5488919e-04	 7.45e-01 Accepted	 196	 279	
515	 5.8999989e-01	 +4.0170005e-02 -5.8413600e-04	 9.00e-01 Accepted	 203	 240	
516	 5.8971606e-01	 +3.8193851e-02 -1.3929219e-03	 8.15e-01 Accepted	 204	 300	
517	 5.9006091e-01	 +4.0046991e-02 -1.7351882e-04	 9.83e-01 Accepted	 228	 305	
518	 5.9003114e-01	 +3.9264399e-02 -6.8918494e-06	 1.11e+00 Accepted	 223	 283	
519	 5.8987383e-01	 +3.9220822e-02 +1.3047611e-03	 8.37e-01 Accepted	 218	 264	
520	 5.8990041e-01	 +3.8093500e-02 -1.4466420e-03	 1.13e+00 Accepted	 203	 243	
521	 5.8984977e-01	 +3.9575468e-02 +1.3440643e-04	 1.19e+00 Accepted	 194	 232	
522	 5.8965379e-01	 +3.9459261e-02 +1.2193264e-03	 8.29e-01 Accepted	 205	 287	
523	 5.8963187e-01	 +4.0772486e-02 +4.7214474e-04	 1.20e+00 Accepted	 205	 235	
524	 5.8963721e-01	 +3.8416204e-02 +1.3873655e-03	 1.18e+00 Accepted	 192	 226	
525	 5.8957214e-01	 +3.7453024e-02 -6.1037676e-04	 7.95e-01 Accepted	 194	 253	
526	 5.8970377e-01	 +3.8608776e-02 +1.3080214e-03	 1.46e+00 Accepted	 199	 264	
527	 5.8982965e-01	 +3.9493036e-02 +4.9818201e-04	 1.40e+00 Accepted	 208	 265	
528	 5.9003947e-01	 +3.9925953e-02 -3.9762009e-04	 1.34e+00 Accepted	 203	 241	
529	 5.8997719e-01	 +3.9560514e-02 -1.8760388e-03	 1.20e+00 Accepted	 196	 235	
530	 5.8982399e-01	 +3.8621419e-02 -1.5320533e-03	 5.97e-01 Accepted	 203	 277	
531	 5.8986724e-01	 +3.9652555e-02 -1.2771518e-03	 1.61e+00 Accepted	 207	 244	
532	 5.8983259e-01	 +3.9098658e-02 -5.0136546e-04	 1.03e+00 Accepted	 195	 236	
533	 5.8983620e-01	 +3.7414931e-02 -4.7659249e-04	 1.40e+00 Accepted	 195	 232	
534	 5.8997187e-01	 +4.0580503e-02 +7.5243885e-04	 9.63e-01 Accepted	 187	 230	
535	 5.8988668e-01	 +4.0699401e-02 -3.0988783e-04	 1.01e+00 Accepted	 196	 284	
536	 5.8995434e-01	 +4.0732374e-02 +1.2649727e-03	 1.07e+00 Accepted	 203	 234	
537	 5.8988054e-01	 +3.9936208e-02 +7.9398992e-04	 6.75e-01 Accepted	 200	 276	
538	 5.8981978e-01	 +4.0109877e-02 +7.8872994e-05	 1.01e+00 Accepted	 216	 284	
539	 5.8998694e-01	 +3.9526035e-02 -8.7508386e-04	 9.95e-01 Accepted	 224	 300	
540	 5.9036109e-01	 +3.8442361e-02 +1.6923080e-03	 1.49e+00 Accepted	 210	 249	
541	 5.9036109e-01	 +3.8442361e-02 +1.6923080e-03	 7.56e-01 Rejected	 197	 252	
542	 5.9018307e-01	 +4.1046885e-02 +7.1616477e-04	 9.68e-01 Accepted	 197	 247	
543	 5.9022890e-01	 +4.2926249e-02 +1.9328343e-04	 1.01e+00 Accepted	 212	 282	
544	 5.9011931e-01	 +4.1771277e-02 -1.3954887e-03	 9.58e-01 Accepted	 202	 221	
545	 5.9011931e-01	 +4.1771277e-02 -1.3954887e-03	 7.82e-01 Rejected	 190	 239	
546	 5.9007121e-01	 +4.1583660e-02 -1.2453557e-03	 1.19e+00 Accepted	 189	 234	
547	 5.9022449e-01	 +4.2399520e-02 -1.5809797e-03	 1.67e+00 Accepted	 206	 272	
548	 5.9029131e-01	 +4.1305919e-02 -3.0767625e-04	 1.02e+00 Accepted	 207	 231	
549	 5.9029131e-01	 +4.1305919e-02 -3.0767625e-04	 7.26e-01 Rejected	 193	 260	
550	 5.9029131e-01	 +4.1305919e-02 -3.0767625e-04	 9.48e-01 Rejected	 192	 236	
551	 5.9005837e-01	 +4.0545536e-02 -9.4292943e-04	 8.96e-01 Accepted	 195	 235	
552	 5.9007470e-01	 +3.9698855e-02 -6.3533121e-04	 1.17e+00 Accepted	 198	 241	
553	 5.9021170e-01	 +4.0842874e-02 -2.0302837e-03	 1.14e+00 Accepted	 197	 262	
554	 5.9021170e-01	 +4.0842874e-02 -2.0302837e-03	 4.71e-01 Rejected	 201	 249	
555	 5.9019873e-01	 +4.0481597e-02 -1.7939784e-03	 7.96e-01 Accepted	 200	 234	
556	 5.9050101e-01	 +4.0488482e-02 -9.1085177e-04	 1.13e+00 Accepted	 197	 271	
557	 5.9034016e-01	 +4.2438829e-02 -2.1594857e-03	 9.24e-01 Accepted	 201	 234	
558	 5.9013515e-01	 +4.1294154e-02 -1.7349287e-03	 1.17e+00 Accepted	 194	 224	
559	 5.9020260e-01	 +3.8977330e-02 -1.3154501e-03	 1.19e+00 Accepted	 191	 250	
560	 5.9023398e-01	 +3.9853478e-02 -1.6525355e-03	 8.76e-01 Accepted	 204	 294	
561	 5.9015689e-01	 +3.9753314e-02 +1.4337132e-03	 9.73e-01 Accepted	 221	 286	
562	 5.9007930e-01	 +3.9018518e-02 -2.7761000e-03	 9.01e-01 Accepted	 218	 279	
563	 5.9007930e-01	 +3.9018518e-02 -2.7761000e-03	 6.48e-01 Rejected	 209	 242	
564	 5.8997972e-01	 +4.0775479e-02 +1.6729218e-04	 8.92e-01 Accepted	 222	 316	
565	 5.8997972e-01	 +4.0775479e-02 +1.6729218e-04	 6.49e-01 Rejected	 221	 238	
566	 5.8997972e-01	 +4.0775479e-02 +1.6729218e-04	 8.91e-01 Rejected	 212	 258	
567	 5.8997972e-01	 +4.0775479e-02 +1.6729218e-04	 7.42e-01 Rejected	 220	 242	
568	 5.8983129e-01	 +3.8163463e-02 +4.9329376e-04	 7.30e-01 Accepted	 218	 252	
569	 5.8995178e-01	 +3.8579809e-02 +3.2114796e-04	 1.04e+00 Accepted	 200	 277	
570	 5.8995178e-01	 +3.8579809e-02 +3.2114796e-04	 7.96e-01 Rejected	 203	 255	
571	 5.9011573e-01	 +4.0821268e-02 -3.7692063e-04	 1.27e+00 Accepted	 204	 254	
572	 5.9021340e-01	 +4.0464528e-02 -1.9315664e-03	 1.30e+00 Accepted	 207	 324	
573	 5.8988644e-01	 +3.9200561e-02 -8.0012252e-06	 7.01e-01 Accepted	 232	 292	
574	 5.8982960e-01	 +3.7922624e-02 +1.7303363e-03	 9.31e-01 Accepted	 212	 256	
575	 5.8979670e-01	 +3.9648764e-02 +4.0861966e-04	 9.37e-01 Accepted	 197	 245	
576	 5.9026455e-01	 +4.1111158e-02 -3.0425122e-04	 1.57e+00 Accepted	 199	 261	
577	 5.9045963e-01	 +3.9234233e-02 +2.6367623e-03	 1.22e+00 Accepted	 202	 269	
578	 5.9033838e-01	 +4.1261051e-02 +2.8172189e-04	 1.04e+00 Accepted	 209	 269	
579	 5.9028515e-01	 +4.0022530e-02 +1.8491335e-03	 7.64e-01 Accepted	 209	 257	
580	 5.9023873e-01	 +4.0555153e-02 +3.9711476e-04	 1.05e+00 Accepted	 208	 259	
581	 5.9014497e-01	 +4.0313902e-02 -1.4192941e-03	 9.67e-01 Accepted	 211	 237	
582	 5.9020573e-01	 +3.9843779e-02 +2.0570255e-04	 1.09e+00 Accepted	 197	 249	
583	 5.9008679e-01	 +3.8337656e-02 -6.3559246e-04	 6.79e-01 Accepted	 193	 222	
584	 5.9002994e-01	 +4.0794648e-02 +1.4950424e-03	 1.19e+00 Accepted	 188	 234	
585	 5.9002994e-01	 +4.0794648e-02 +1.4950424e-03	 7.78e-01 Rejected	 198	 264	
586	 5.8974605e-01	 +3.9012618e-02 +3.2818802e-04	 4.94e-01 Accepted	 196	 256	
587	 5.9007566e-01	 +3.9249355e-02 +8.4190127e-04	 1.59e+00 Accepted	 212	 276	
588	 5.9002474e-01	 +3.9521769e-02 -3.1794040e-04	 1.02e+00 Accepted	 209	 234	
589	 5.8999173e-01	 +4.2456765e-02 +1.5547479e-03	 1.17e+00 Accepted	 190	 229	
590	 5.8973859e-01	 +3.9758106e-02 -4.3961627e-05	 6.42e-01 Accepted	 192	 247	
591	 5.8968285e-01	 +4.0023338e-02 -4.5039038e-04	 1.11e+00 Accepted	 201	 242	
592	 5.8988684e-01	 +3.8340411e-02 -7.2043011e-04	 1.55e+00 Accepted	 199	 271	
593	 5.8988684e-01	 +3.8340411e-02 -7.2043011e-04	 6.42e-01 Rejected	 207	 272	
594	 5.8988684e-01	 +3.8340411e-02 -7.2043011e-04	 7.13e-01 Rejected	 202	 243	
595	 5.8998343e-01	 +4.0498227e-02 +2.3100700e-04	 9.86e-01 Accepted	 223	 275	
596	 5.8982825e-01	 +4.0097908e-02 -8.5744545e-04	 9.38e-01 Accepted	 201	 228	
597	 5.8964426e-01	 +4.0736316e-02 -2.5052882e-04	 4.64e-01 Accepted	 191	 248	
598	 5.8983192e-01	 +4.2204718e-02 +8.6651125e-04	 1.34e+00 Accepted	 198	 235	
599	 5.8996189e-01	 +4.2263308e-02 -6.4359585e-04	 1.07e+00 Accepted	 198	 240	
600	 5.8992510e-01	 +4.0131588e-02 -8.2964105e-04	 6.94e-01 Accepted	 203	 285	
601	 5.8989827e-01	 +4.0208217e-02 -1.5919542e-03	 1.18e+00 Accepted	 216	 278	
602	 5.8984975e-01	 +3.9896839e-02 +2.4284222e-03	 8.98e-01 Accepted	 223	 333	
603	 5.8982768e-01	 +3.8712076e-02 +2.8622073e-03	 9.63e-01 Accepted	 238	 354	
604	 5.9002259e-01	 +3.8758141e-02 -6.3537896e-04	 1.76e+00 Accepted	 250	 317	
605	 5.8993656e-01	 +3.8776781e-02 +1.2193068e-03	 5.56e-01 Accepted	 227	 254	
606	 5.8993656e-01	 +3.8776781e-02 +1.2193068e-03	 6.45e-01 Rejected	 200	 252	
607	 5.8980931e-01	 +3.7053766e-02 -3.4790934e-04	 7.69e-01 Accepted	 207	 261	
608	 5.8984824e-01	 +3.8313023e-02 +4.0381012e-04	 8.87e-01 Accepted	 203	 238	
609	 5.8984824e-01	 +3.8313023e-02 +4.0381012e-04	 7.56e-01 Rejected	 193	 226	
610	 5.8997143e-01	 +3.7854754e-02 -8.4277175e-04	 1.21e+00 Accepted	 199	 272	
611	 5.9002348e-01	 +3.9828093e-02 -1.3994941e-04	 1.45e+00 Accepted	 206	 220	
612	 5.9018717e-01	 +3.9548701e-02 +2.0224248e-03	 1.10e+00 Accepted	 194	 239	
613	 5.9018717e-01	 +3.9548701e-02 +2.0224248e-03	 9.66e-01 Rejected	 193	 242	
614	 5.9018866e-01	 +4.1033524e-02 +1.1320626e-03	 1.19e+00 Accepted	 196	 260	
615	 5.9002894e-01	 +4.1253326e-02 -3.5636396e-04	 8.59e-01 Accepted	 198	 232	
616	 5.8988466e-01	 +4.0009862e-02 -4.7783563e-04	 9.90e-01 Accepted	 194	 254	
617	 5.9021803e-01	 +3.7504046e-02 +6.1899123e-04	 1.74e+00 Accepted	 204	 308	
618	 5.9031217e-01	 +3.6303069e-02 -6.2852137e-04	 1.24e+00 Accepted	 233	 311	
619	 5.9017985e-01	 +3.5808956e-02 -1.5451532e-03	 9.79e-01 Accepted	 223	 247	
620	 5.8999135e-01	 +3.6054389e-02 -7.9883288e-04	 8.64e-01 Accepted	 212	 286	
621	 5.9014696e-01	 +3.7121879e-02 +1.0163718e-03	 1.02e+00 Accepted	 216	 265	
622	 5.9004473e-01	 +3.5874736e-02 +2.8188219e-04	 8.75e-01 Accepted	 206	 263	
623	 5.9004473e-01	 +3.5874736e-02 +2.8188219e-04	 6.27e-01 Rejected	 202	 242	
624	 5.9011639e-01	 +3.9515390e-02 +1.2681621e-03	 5.58e-01 Accepted	 210	 248	
625	 5.9018163e-01	 +3.8918811e-02 +1.8578232e-03	 1.01e+00 Accepted	 197	 233	
626	 5.8997878e-01	 +3.8856965e-02 +1.7481025e-05	 7.93e-01 Accepted	 194	 238	
627	 5.9004619e-01	 +3.8428458e-02 -1.6460766e-04	 1.21e+00 Accepted	 194	 243	
628	 5.9016906e-01	 +3.9767325e-02 +2.1813204e-03	 1.33e+00 Accepted	 195	 242	
629	 5.9021807e-01	 +3.9096014e-02 -6.5027024e-05	 1.27e+00 Accepted	 194	 242	
630	 5.9001763e-01	 +3.8143099e-02 +1.2614060e-03	 8.59e-01 Accepted	 208	 298	
631	 5.9001763e-01	 +3.8143099e-02 +1.2614060e-03	 5.21e-01 Rejected	 217	 251	
632	 5.8987333e-01	 +3.8098166e-02 +1.4843134e-03	 1.23e+00 Accepted	 208	 229	
633	 5.8986707e-01	 +3.7507059e-02 +1.1936439e-03	 1.05e+00 Accepted	 197	 290	
634	 5.8985567e-01	 +3.9616846e-02 +1.3622559e-03	 7.66e-01 Accepted	 220	 277	
635	 5.8968010e-01	 +3.9412406e-02 +1.1686011e-03	 7.34e-01 Accepted	 208	 253	
# Starting_type: CheckpointStart
# Trajectory_length / Number_of_MD_steps: 1 / 8
# 	 Plaquette	 Polyakov_Loop(re,im)	 Acc._Probability	 runtime_per_traj(s)	 CG_iterations	
635	 5.8968010e-01	 +3.9412406e-02 +1.1686011e-03	 7.34e-01 Accepted	 210	 253	
636	 5.8993179e-01	 +3.9783912e-02 +9.1054443e-04	 1.70e+00 Accepted	 202	 231	
637	 5.8993179e-01	 +3.9783912e-02 +9.1054443e-04	 7.69e-01 Rejected	 192	 239	
638	 5.9002835e-01	 +4.1033175e-02 +9.7256652e-04	 1.24e+00 Accepted	 194	 236	
639	 5.9005520e-01	 +3.8349372e-02 +1.0797016e-03	 5.59e-01 Accepted	 192	 229	
640	 5.8993869e-01	 +3.9891498e-02 -8.4886275e-04	 9.14e-01 Accepted	 197	 290	
641	 5.9009032e-01	 +3.8276558e-02 +1.4440471e-04	 1.83e+00 Accepted	 211	 248	
642	 5.9010320e-01	 +3.9898245e-02 +3.6467686e-05	 1.31e+00 Accepted	 203	 249	
643	 5.9011276e-01	 +4.0025277e-02 +1.7444036e-04	 8.99e-01 Accepted	 200	 257	
644	 5.9031046e-01	 +4.1173268e-02 +2.2363118e-04	 1.28e+00 Accepted	 205	 227	
645	 5.9031046e-01	 +4.1173268e-02 +2.2363118e-04	 8.74e-01 Rejected	 190	 238	
646	 5.9024222e-01	 +4.1192610e-02 -5.7789056e-04	 8.61e-01 Accepted	 190	 225	
647	 5.9020776e-01	 +4.0677302e-02 +1.5538734e-04	 8.59e-01 Accepted	 190	 237	
648	 5.9023444e-01	 +4.2702164e-02 -9.6580466e-04	 1.09e+00 Accepted	 198	 251	
649	 5.8998069e-01	 +4.0595531e-02 -5.6834106e-04	 7.74e-01 Accepted	 210	 266	
650	 5.8993324e-01	 +4.0922074e-02 -5.3467029e-04	 9.47e-01 Accepted	 202	 239	
651	 5.8993324e-01	 +4.0922074e-02 -5.3467029e-04	 7.38e-01 Rejected	 195	 247	
652	 5.9015246e-01	 +4.2420862e-02 -1.3411995e-03	 1.89e+00 Accepted	 195	 243	
653	 5.9023162e-01	 +4.1482080e-02 -1.1088793e-03	 1.19e+00 Accepted	 195	 233	
654	 5.9007127e-01	 +4.0930844e-02 +4.7941172e-04	 7.71e-01 Accepted	 190	 225	
655	 5.9013858e-01	 +4.0909624e-02 +2.3017307e-04	 1.09e+00 Accepted	 189	 237	
656	 5.9008095e-01	 +4.3220825e-02 -1.1776452e-03	 9.49e-01 Accepted	 194	 233	
657	 5.9008095e-01	 +4.3220825e-02 -1.1776452e-03	 5.55e-01 Rejected	 190	 228	
658	 5.8998492e-01	 +4.4488309e-02 -4.3520785e-04	 5.32e-01 Accepted	 199	 296	
659	 5.8995599e-01	 +4.4685473e-02 -6.7423032e-04	 1.38e+00 Accepted	 224	 325	
660	 5.9010750e-01	 +4.2222425e-02 -1.6235091e-03	 7.98e-01 Accepted	 224	 281	
661	 5.9004805e-01	 +4.1861466e-02 +2.9435956e-04	 8.48e-01 Accepted	 204	 223	
662	 5.8996326e-01	 +4.2278294e-02 -4.1074494e-04	 1.22e+00 Accepted	 192	 271	
663	 5.9028519e-01	 +4.0961736e-02 -3.4221805e-04	 9.79e-01 Accepted	 211	 245	
664	 5.9028519e-01	 +4.0961736e-02 -3.4221805e-04	 9.04e-01 Rejected	 196	 241	
665	 5.9015607e-01	 +4.2638983e-02 +2.1403458e-03	 9.97e-01 Accepted	 197	 250	
666	 5.9015054e-01	 +4.1470577e-02 -9.1191424e-04	 1.13e+00 Accepted	 199	 243	
667	 5.9038055e-01	 +4.0240525e-02 -4.4939342e-04	 1.54e+00 Accepted	 200	 285	
668	 5.9031553e-01	 +4.2613551e-02 -1.2641383e-04	 8.06e-01 Accepted	 208	 234	
669	 5.9031553e-01	 +4.2613551e-02 -1.2641383e-04	 6.24e-01 Rejected	 189	 221	
670	 5.9028180e-01	 +4.2483405e-02 -1.8155371e-03	 8.76e-01 Accepted	 192	 236	
671	 5.9036578e-01	 +4.1302447e-02 +2.7119583e-04	 8.13e-01 Accepted	 193	 239	
672	 5.9025709e-01	 +4.2541303e-02 +5.8063613e-04	 9.11e-01 Accepted	 197	 238	
673	 5.9021013e-01	 +4.0153273e-02 +1.3506981e-03	 7.77e-01 Accepted	 217	 311	
674	 5.9008734e-01	 +4.1533396e-02 -8.0299408e-04	 1.55e+00 Accepted	 237	 321	
675	 5.8986275e-01	 +4.1703254e-02 -2.0236803e-03	 5.58e-01 Accepted	 223	 230	
676	 5.8981616e-01	 +4.1734047e-02 -1.5920984e-03	 1.09e+00 Accepted	 194	 241	
677	 5.8987281e-01	 +3.9063506e-02 +2.9143067e-05	 1.20e+00 Accepted	 194	 235	
678	 5.8965164e-01	 +4.2529801e-02 +1.1643780e-03	 8.49e-01 Accepted	 195	 263	
679	 5.8997571e-01	 +4.5163480e-02 +3.0058784e-03	 1.05e+00 Accepted	 201	 258	
680	 5.9019370e-01	 +4.3559876e-02 +1.6505294e-03	 1.27e+00 Accepted	 199	 220	
681	 5.9027128e-01	 +4.3721220e-02 -3.3151190e-04	 4.43e-01 Accepted	 192	 244	
682	 5.9034369e-01	 +4.2825797e-02 +2.0141677e-03	 1.38e+00 Accepted	 193	 226	
683	 5.9006050e-01	 +4.3163649e-02 +9.4048404e-04	 6.90e-01 Accepted	 194	 227	
684	 5.8973041e-01	 +4.5221784e-02 +1.1880749e-03	 7.37e-01 Accepted	 204	 285	
685	 5.8987515e-01	 +4.3759727e-02 +8.9593563e-04	 8.59e-01 Accepted	 205	 222	
686	 5.9003590e-01	 +4.3819080e-02 +5.4930157e-04	 1.35e+00 Accepted	 202	 305	
687	 5.8981168e-01	 +4.1335069e-02 +7.0573884e-04	 7.69e-01 Accepted	 214	 231	
688	 5.9000217e-01	 +4.2984461e-02 +7.8391692e-04	 1.24e+00 Accepted	 199	 287	
689	 5.9010438e-01	 +4.4795189e-02 -6.5449706e-04	 7.08e-01 Accepted	 209	 233	
690	 5.9002445e-01	 +4.4172926e-02 +1.5116261e-03	 1.28e+00 Accepted	 194	 223	
691	 5.9002445e-01	 +4.4172926e-02 +1.5116261e-03	 7.73e-01 Rejected	 191	 247	
692	 5.8988902e-01	 +4.4230354e-02 +9.3106326e-04	 6.69e-01 Accepted	 199	 259	
693	 5.9042949e-01	 +4.4818328e-02 +2.4552513e-03	 2.23e+00 Accepted	 206	 237	
694	 5.9016796e-01	 +4.4791083e-02 -1.4314578e-03	 5.64e-01 Accepted	 191	 230	
695	 5.9011243e-01	 +4.7873719e-02 +1.2814542e-03	 1.01e+00 Accepted	 193	 230	
696	 5.8998886e-01	 +4.4604698e-02 +1.1313428e-03	 9.15e-01 Accepted	 190	 224	
697	 5.8993364e-01	 +4.4403971e-02 +9.7848655e-04	 8.99e-01 Accepted	 190	 260	
698	 5.8996059e-01	 +4.5276054e-02 +1.4697383e-03	 1.10e+00 Accepted	 200	 230	
699	 5.8982429e-01	 +4.3675745e-02 -2.9128115e-04	 9.92e-01 Accepted	 193	 253	
700	 5.8967537e-01	 +4.6385822e-02 +5.8861123e-04	 1.10e+00 Accepted	 201	 231	
701	 5.8972809e-01	 +4.5088331e-02 +1.5018255e-03	 1.58e+00 Accepted	 195	 248	
702	 5.8990061e-01	 +4.4571487e-02 +1.8558445e-04	 1.05e+00 Accepted	 205	 263	
703	 5.9001712e-01	 +4.5975133e-02 +1.8780105e-03	 8.72e-01 Accepted	 204	 250	
704	 5.9001712e-01	 +4.5975133e-02 +1.8780105e-03	 6.67e-01 Rejected	 205	 247	
705	 5.9027379e-01	 +4.3531239e-02 +4.7937509e-04	 1.74e+00 Accepted	 201	 247	
706	 5.9012928e-01	 +4.5333935e-02 +4.9381791e-04	 9.67e-01 Accepted	 203	 253	
