# Starting_type: ColdStart
# serial RNG seed: 	[13041 50870 35476 34505 63412]
# parallel RNG seed:	[16638 27771 1783 49729 64026]
# Trajectory_length / Number_of_MD_steps: 1 / 8
# 	 Plaquette	 Polyakov_Loop(re,im)	 Acc._Probability	 runtime_per_traj(s)	 CG_iterations	
1	 8.0605757e-01	 +4.3898805e-01 -5.7394006e-04	 7.18e-67 Skipping	 183	 222	
2	 7.3445843e-01	 +2.7091460e-01 +2.0117052e-03	 1.41e-31 Skipping	 182	 215	
3	 6.9089690e-01	 +1.8862685e-01 +5.7100957e-04	 3.19e-21 Skipping	 179	 210	
4	 6.6074016e-01	 +1.4264418e-01 +4.4307950e-04	 2.81e-15 Skipping	 177	 207	
5	 6.3906280e-01	 +1.1593500e-01 +5.8884484e-04	 2.56e-11 Skipping	 176	 207	
6	 6.2360009e-01	 +9.7601389e-02 -3.7784945e-04	 5.45e-08 Skipping	 176	 205	
7	 6.1241007e-01	 +8.6211717e-02 -1.3426770e-03	 4.45e-06 Skipping	 177	 214	
8	 6.0455809e-01	 +7.9601514e-02 +9.9358125e-04	 1.33e-04 Skipping	 188	 262	
9	 5.9893175e-01	 +6.9768787e-02 +1.0892489e-03	 2.03e-03 Skipping	 207	 257	
10	 5.9476076e-01	 +6.7158285e-02 -5.1526917e-04	 8.96e-03 Skipping	 200	 232	
11	 5.9179076e-01	 +6.2177203e-02 -7.0569225e-04	 3.75e-02 Skipping	 187	 223	
12	 5.8949111e-01	 +5.9805869e-02 +1.1237675e-03	 6.16e-02 Skipping	 187	 234	
13	 5.8831508e-01	 +5.7762311e-02 -2.2248538e-04	 4.28e-01 Skipping	 191	 231	
14	 5.8720730e-01	 +5.1678950e-02 +3.4601204e-04	 2.20e-01 Skipping	 195	 264	
15	 5.8612586e-01	 +5.3380690e-02 -3.6212397e-04	 2.60e-01 Skipping	 203	 293	
16	 5.8541472e-01	 +5.1338781e-02 -1.3407936e-03	 5.78e-01 Skipping	 212	 256	
17	 5.8484547e-01	 +4.9262309e-02 +1.5934711e-03	 3.59e-01 Skipping	 212	 305	
18	 5.8455274e-01	 +5.1008131e-02 +1.8908905e-03	 5.67e-01 Skipping	 224	 317	
19	 5.8454923e-01	 +4.7043139e-02 +3.4730737e-04	 1.25e+00 Skipping	 217	 258	
20	 5.8479307e-01	 +4.5378013e-02 +1.1611073e-03	 1.30e+00 Skipping	 205	 249	
21	 5.8465575e-01	 +4.5398828e-02 -7.5005096e-04	 8.15e-01 Skipping	 203	 312	
22	 5.8481006e-01	 +4.4364573e-02 +3.9671019e-04	 1.63e+00 Skipping	 219	 254	
23	 5.8466767e-01	 +4.6944963e-02 -3.8706882e-04	 9.15e-01 Skipping	 206	 277	
24	 5.8454845e-01	 +4.5182075e-02 -1.4925557e-04	 8.68e-01 Skipping	 211	 255	
25	 5.8463013e-01	 +4.3745160e-02 +1.4770648e-03	 1.21e+00 Skipping	 202	 284	
26	 5.8469045e-01	 +4.4283431e-02 -7.5087621e-04	 1.07e+00 Skipping	 217	 292	
27	 5.8465469e-01	 +4.2603945e-02 +1.3441554e-04	 8.61e-01 Skipping	 210	 260	
28	 5.8448951e-01	 +4.2429746e-02 +1.0723096e-03	 5.89e-01 Skipping	 207	 313	
29	 5.8442149e-01	 +4.3001010e-02 -2.2868360e-04	 9.49e-01 Skipping	 225	 300	
30	 5.8425380e-01	 +4.3464650e-02 +5.6615622e-04	 6.10e-01 Skipping	 219	 282	
31	 5.8406982e-01	 +4.0726166e-02 -8.7054730e-04	 6.18e-01 Skipping	 210	 242	
32	 5.8400485e-01	 +4.2670218e-02 -1.5519234e-03	 6.10e-01 Skipping	 205	 297	
33	 5.8404963e-01	 +4.2341764e-02 -9.3673006e-05	 8.72e-01 Skipping	 218	 260	
34	 5.8434727e-01	 +4.1832404e-02 +1.0304916e-03	 1.59e+00 Skipping	 203	 231	
35	 5.8433105e-01	 +4.3945753e-02 +4.7456583e-04	 8.11e-01 Skipping	 211	 301	
36	 5.8437854e-01	 +4.2695630e-02 +1.2745717e-03	 1.20e+00 Skipping	 223	 311	
37	 5.8427179e-01	 +4.1425959e-02 +3.2950417e-04	 4.17e-01 Skipping	 221	 264	
38	 5.8440821e-01	 +4.1177954e-02 +1.1928308e-03	 1.39e+00 Skipping	 202	 276	
39	 5.8416639e-01	 +4.2056831e-02 -1.2206973e-03	 9.37e-01 Skipping	 222	 320	
40	 5.8412098e-01	 +3.8281825e-02 +1.0144110e-04	 9.69e-01 Skipping	 226	 255	
41	 5.8421989e-01	 +3.9726933e-02 -1.5164449e-04	 1.26e+00 Skipping	 199	 236	
42	 5.8419043e-01	 +4.0137960e-02 +1.5822154e-03	 7.16e-01 Skipping	 197	 237	
43	 5.8416689e-01	 +4.1080187e-02 -7.7929837e-04	 1.20e+00 Skipping	 196	 268	
44	 5.8412245e-01	 +3.9928320e-02 +2.5265469e-04	 1.33e+00 Skipping	 211	 297	
45	 5.8418708e-01	 +4.0986249e-02 +6.7927512e-04	 9.75e-01 Skipping	 210	 249	
46	 5.8420158e-01	 +3.8276736e-02 -2.6991713e-04	 9.89e-01 Skipping	 202	 269	
47	 5.8444792e-01	 +3.8999476e-02 -1.5071095e-04	 1.58e+00 Skipping	 212	 330	
48	 5.8428435e-01	 +4.1604505e-02 +1.7866887e-03	 7.35e-01 Skipping	 218	 265	
49	 5.8433047e-01	 +3.9881727e-02 +1.2819675e-04	 9.55e-01 Skipping	 211	 254	
50	 5.8432907e-01	 +4.0610319e-02 -2.4882444e-04	 8.64e-01 Skipping	 213	 303	
51	 5.8433555e-01	 +3.8240908e-02 +1.0275988e-03	 1.14e+00 Accepted	 212	 239	
52	 5.8424646e-01	 +3.8665453e-02 -1.4357956e-03	 9.46e-01 Accepted	 205	 282	
53	 5.8416286e-01	 +3.7533145e-02 -1.3454161e-03	 6.91e-01 Accepted	 213	 253	
54	 5.8415730e-01	 +3.8083992e-02 -5.4362604e-04	 1.00e+00 Accepted	 200	 237	
55	 5.8400892e-01	 +3.4885437e-02 -1.8317366e-04	 7.48e-01 Accepted	 200	 263	
56	 5.8410704e-01	 +3.7949820e-02 -3.5518231e-04	 1.12e+00 Accepted	 210	 266	
57	 5.8409192e-01	 +3.8408336e-02 -6.6787224e-04	 6.64e-01 Accepted	 213	 247	
58	 5.8410899e-01	 +3.7333566e-02 -1.3976936e-03	 8.33e-01 Accepted	 209	 319	
59	 5.8405913e-01	 +3.9372843e-02 +1.5202073e-05	 9.73e-01 Accepted	 228	 263	
60	 5.8408496e-01	 +3.5856759e-02 -8.7818574e-04	 1.17e+00 Accepted	 218	 265	
61	 5.8407623e-01	 +3.7847499e-02 +3.2356814e-04	 1.45e+00 Accepted	 217	 252	
62	 5.8413950e-01	 +3.8094176e-02 +2.3252411e-04	 1.40e+00 Accepted	 197	 238	
63	 5.8405672e-01	 +3.7190384e-02 +1.4064324e-03	 6.61e-01 Accepted	 202	 289	
64	 5.8405672e-01	 +3.7190384e-02 +1.4064324e-03	 5.63e-01 Rejected	 208	 251	
65	 5.8403887e-01	 +3.6540978e-02 -8.2798730e-04	 8.21e-01 Accepted	 218	 304	
66	 5.8403477e-01	 +3.7509555e-02 +6.6269190e-05	 1.07e+00 Accepted	 223	 256	
67	 5.8403331e-01	 +3.5865242e-02 -1.0116019e-04	 9.36e-01 Accepted	 200	 246	
68	 5.8380256e-01	 +3.6575690e-02 +3.7211211e-04	 4.74e-01 Accepted	 200	 245	
69	 5.8370997e-01	 +3.4220575e-02 -6.7590679e-04	 8.31e-01 Accepted	 202	 267	
70	 5.8393031e-01	 +3.5507312e-02 +7.4779834e-04	 1.32e+00 Accepted	 221	 342	
71	 5.8392246e-01	 +3.6217877e-02 +1.3059499e-03	 7.72e-01 Accepted	 229	 258	
72	 5.8396876e-01	 +3.6242734e-02 -1.7029533e-03	 1.71e+00 Accepted	 203	 237	
73	 5.8392844e-01	 +3.6399672e-02 -9.5503664e-04	 6.86e-01 Accepted	 206	 255	
74	 5.8397054e-01	 +3.8173448e-02 +1.0757750e-03	 1.11e+00 Accepted	 218	 304	
75	 5.8403212e-01	 +3.9129454e-02 +1.2313267e-03	 1.04e+00 Accepted	 219	 267	
76	 5.8409023e-01	 +3.6826805e-02 +9.9566663e-05	 9.13e-01 Accepted	 208	 289	
77	 5.8408067e-01	 +3.8856500e-02 -8.8581569e-04	 1.27e+00 Accepted	 211	 251	
78	 5.8410549e-01	 +3.7266107e-02 -7.5157022e-04	 1.31e+00 Accepted	 200	 273	
79	 5.8423694e-01	 +3.9163973e-02 +6.0348344e-04	 1.03e+00 Accepted	 206	 248	
80	 5.8414348e-01	 +3.8850360e-02 -1.6336691e-03	 8.11e-01 Accepted	 212	 265	
81	 5.8408715e-01	 +3.7581767e-02 +2.4587799e-04	 9.00e-01 Accepted	 203	 241	
82	 5.8434355e-01	 +3.7413921e-02 -8.3215461e-04	 1.93e+00 Accepted	 208	 263	
83	 5.8434199e-01	 +3.9524005e-02 -3.5540015e-03	 1.08e+00 Accepted	 232	 352	
84	 5.8412675e-01	 +3.7645307e-02 -6.9214331e-05	 8.99e-01 Accepted	 256	 304	
85	 5.8404570e-01	 +3.5205061e-02 +3.3472543e-04	 7.88e-01 Accepted	 220	 309	
86	 5.8386467e-01	 +3.5421203e-02 -1.0404176e-03	 7.07e-01 Accepted	 240	 340	
87	 5.8386182e-01	 +3.8186101e-02 -8.3659073e-04	 8.38e-01 Accepted	 234	 285	
88	 5.8386182e-01	 +3.8186101e-02 -8.3659073e-04	 6.64e-01 Rejected	 206	 238	
89	 5.8369720e-01	 +3.8412207e-02 +1.4186594e-03	 6.51e-01 Accepted	 213	 258	
90	 5.8395220e-01	 +3.5551478e-02 +7.6676716e-04	 1.11e+00 Accepted	 212	 285	
91	 5.8395220e-01	 +3.5551478e-02 +7.6676716e-04	 8.02e-01 Rejected	 220	 322	
92	 5.8390114e-01	 +3.7678764e-02 +1.1104348e-03	 9.67e-01 Accepted	 211	 268	
93	 5.8406112e-01	 +3.6810216e-02 +1.4832673e-03	 7.82e-01 Accepted	 218	 279	
94	 5.8395067e-01	 +3.5295868e-02 +1.4782029e-03	 1.24e+00 Accepted	 223	 313	
95	 5.8370265e-01	 +3.4182905e-02 +4.5944939e-04	 7.70e-01 Accepted	 230	 277	
96	 5.8379086e-01	 +3.7854898e-02 +1.7379467e-03	 1.15e+00 Accepted	 233	 338	
97	 5.8399962e-01	 +3.9016971e-02 +8.2713150e-04	 1.05e+00 Accepted	 245	 329	
98	 5.8399962e-01	 +3.9016971e-02 +8.2713150e-04	 7.49e-01 Rejected	 230	 278	
99	 5.8401970e-01	 +3.8316991e-02 -5.4433684e-04	 1.37e+00 Accepted	 232	 248	
100	 5.8401970e-01	 +3.8316991e-02 -5.4433684e-04	 6.79e-01 Rejected	 202	 275	
101	 5.8401970e-01	 +3.8316991e-02 -5.4433684e-04	 9.47e-01 Rejected	 206	 274	
102	 5.8408568e-01	 +3.8397232e-02 +1.0492470e-03	 1.28e+00 Accepted	 194	 237	
103	 5.8408923e-01	 +3.9796612e-02 +1.8873480e-03	 1.15e+00 Accepted	 209	 269	
104	 5.8401983e-01	 +3.9727112e-02 +1.4472109e-03	 1.09e+00 Accepted	 212	 291	
105	 5.8401983e-01	 +3.9727112e-02 +1.4472109e-03	 8.36e-01 Rejected	 218	 315	
106	 5.8405789e-01	 +3.8421268e-02 -1.9950190e-03	 1.17e+00 Accepted	 218	 275	
107	 5.8435435e-01	 +3.7687873e-02 +6.6066584e-04	 1.37e+00 Accepted	 217	 286	
108	 5.8435435e-01	 +3.7687873e-02 +6.6066584e-04	 6.10e-01 Rejected	 214	 322	
109	 5.8421842e-01	 +3.6989564e-02 -1.4552080e-03	 9.69e-01 Accepted	 212	 266	
110	 5.8414280e-01	 +3.7279728e-02 -5.2780947e-04	 1.16e+00 Accepted	 212	 288	
111	 5.8402925e-01	 +3.8142765e-02 -2.6085534e-04	 7.97e-01 Accepted	 213	 236	
112	 5.8408187e-01	 +3.8715210e-02 -7.7286474e-04	 1.10e+00 Accepted	 208	 351	
113	 5.8403300e-01	 +3.8853756e-02 +1.0386427e-03	 6.66e-01 Accepted	 250	 321	
114	 5.8400315e-01	 +3.8977981e-02 +2.1386307e-04	 8.20e-01 Accepted	 223	 316	
115	 5.8400315e-01	 +3.8977981e-02 +2.1386307e-04	 8.63e-01 Rejected	 229	 290	
116	 5.8400315e-01	 +3.8977981e-02 +2.1386307e-04	 7.84e-01 Rejected	 238	 384	
117	 5.8406917e-01	 +3.7519775e-02 +1.5047751e-03	 8.70e-01 Accepted	 229	 274	
118	 5.8406917e-01	 +3.7519775e-02 +1.5047751e-03	 7.61e-01 Rejected	 209	 262	
119	 5.8390621e-01	 +3.7376218e-02 +9.5746919e-04	 9.45e-01 Accepted	 211	 307	
120	 5.8410907e-01	 +3.8028970e-02 +7.8441850e-04	 1.49e+00 Accepted	 225	 312	
121	 5.8410171e-01	 +3.8514647e-02 -2.0783839e-04	 8.56e-01 Accepted	 245	 361	
122	 5.8397489e-01	 +3.6466126e-02 -1.1527253e-03	 8.55e-01 Accepted	 243	 313	
123	 5.8397489e-01	 +3.6466126e-02 -1.1527253e-03	 7.65e-01 Rejected	 235	 330	
124	 5.8417491e-01	 +3.6929623e-02 -9.6474759e-04	 9.17e-01 Accepted	 250	 382	
125	 5.8397495e-01	 +3.6060852e-02 -7.7209498e-04	 7.47e-01 Accepted	 271	 399	
126	 5.8390896e-01	 +3.5650969e-02 -1.1781868e-04	 1.51e+00 Accepted	 261	 357	
127	 5.8386763e-01	 +3.7225428e-02 +2.7159958e-04	 7.00e-01 Accepted	 250	 288	
128	 5.8386763e-01	 +3.7225428e-02 +2.7159958e-04	 7.92e-01 Rejected	 218	 267	
129	 5.8388070e-01	 +3.7097872e-02 -2.4014525e-04	 7.59e-01 Accepted	 217	 247	
130	 5.8398138e-01	 +3.7509451e-02 +6.8464395e-04	 9.86e-01 Accepted	 200	 281	
131	 5.8388899e-01	 +3.7482504e-02 -2.2936436e-03	 8.60e-01 Accepted	 212	 274	
132	 5.8392799e-01	 +3.8599040e-02 +2.9524254e-04	 9.90e-01 Accepted	 212	 299	
133	 5.8392799e-01	 +3.8599040e-02 +2.9524254e-04	 7.79e-01 Rejected	 225	 238	
134	 5.8390132e-01	 +3.6097694e-02 -1.9007574e-04	 9.93e-01 Accepted	 217	 268	
135	 5.8390132e-01	 +3.6097694e-02 -1.9007574e-04	 5.05e-01 Rejected	 220	 303	
136	 5.8377905e-01	 +3.8843659e-02 -1.6072057e-03	 7.11e-01 Accepted	 222	 297	
137	 5.8392304e-01	 +3.6694229e-02 -9.6293638e-04	 7.81e-01 Accepted	 221	 293	
138	 5.8400072e-01	 +3.6140499e-02 -1.3754185e-03	 1.01e+00 Accepted	 213	 255	
139	 5.8380707e-01	 +3.8132574e-02 +1.8905401e-03	 7.50e-01 Accepted	 212	 324	
140	 5.8399079e-01	 +3.7397455e-02 +7.7897382e-04	 8.43e-01 Accepted	 235	 271	
141	 5.8375041e-01	 +3.9139385e-02 +3.0530978e-05	 1.10e+00 Accepted	 212	 259	
142	 5.8394485e-01	 +3.7241916e-02 +2.0017586e-04	 9.82e-01 Accepted	 211	 251	
143	 5.8394485e-01	 +3.7241916e-02 +2.0017586e-04	 8.87e-01 Rejected	 203	 262	
144	 5.8397195e-01	 +3.7693786e-02 +5.1215051e-04	 9.50e-01 Accepted	 200	 243	
145	 5.8390890e-01	 +3.6072891e-02 -9.2570994e-05	 7.28e-01 Accepted	 206	 304	
146	 5.8408718e-01	 +3.4434994e-02 +7.0623717e-04	 1.50e+00 Accepted	 217	 246	
147	 5.8408718e-01	 +3.4434994e-02 +7.0623717e-04	 5.16e-01 Rejected	 209	 314	
148	 5.8424049e-01	 +3.8015149e-02 -2.5507486e-04	 1.08e+00 Accepted	 215	 328	
149	 5.8410749e-01	 +3.7228951e-02 +1.1763240e-03	 1.24e+00 Accepted	 222	 282	
150	 5.8394197e-01	 +3.6253315e-02 +2.3263790e-04	 1.12e+00 Accepted	 212	 256	
151	 5.8410581e-01	 +3.6483417e-02 +2.0586153e-03	 1.57e+00 Accepted	 203	 264	
152	 5.8399311e-01	 +3.6580109e-02 -1.2498138e-03	 9.76e-01 Accepted	 206	 282	
153	 5.8388526e-01	 +3.5265863e-02 +1.1275540e-03	 8.59e-01 Accepted	 214	 288	
154	 5.8394203e-01	 +3.7800179e-02 -4.3650523e-04	 1.02e+00 Accepted	 221	 288	
155	 5.8379763e-01	 +3.5664264e-02 +1.3119251e-04	 8.79e-01 Accepted	 217	 274	
156	 5.8381147e-01	 +3.6497642e-02 +4.4328825e-04	 8.96e-01 Accepted	 218	 252	
157	 5.8383253e-01	 +3.7870176e-02 +1.5738874e-03	 1.15e+00 Accepted	 202	 254	
158	 5.8389726e-01	 +3.8092027e-02 +5.4452642e-04	 7.36e-01 Accepted	 224	 383	
159	 5.8398089e-01	 +3.5345373e-02 -7.7390049e-05	 1.18e+00 Accepted	 259	 367	
160	 5.8388059e-01	 +3.5755253e-02 +1.0685542e-03	 6.64e-01 Accepted	 251	 330	
161	 5.8414230e-01	 +3.7978794e-02 +2.6910691e-03	 1.29e+00 Accepted	 236	 271	
162	 5.8422298e-01	 +3.6114207e-02 -7.4779255e-04	 1.43e+00 Accepted	 218	 281	
163	 5.8409200e-01	 +3.5100542e-02 +1.2457045e-03	 1.19e+00 Accepted	 205	 245	
164	 5.8409200e-01	 +3.5100542e-02 +1.2457045e-03	 6.92e-01 Rejected	 206	 316	
165	 5.8397409e-01	 +3.5388608e-02 -1.4445762e-04	 7.28e-01 Accepted	 209	 273	
166	 5.8397409e-01	 +3.5388608e-02 -1.4445762e-04	 7.22e-01 Rejected	 215	 319	
167	 5.8409095e-01	 +3.6025606e-02 -3.4197690e-04	 1.10e+00 Accepted	 210	 288	
168	 5.8397562e-01	 +3.5610977e-02 +1.0428189e-03	 1.24e+00 Accepted	 209	 260	
169	 5.8400610e-01	 +3.5784157e-02 -4.9007439e-04	 1.02e+00 Accepted	 214	 317	
170	 5.8404109e-01	 +3.2889729e-02 -1.3306109e-04	 1.14e+00 Accepted	 227	 276	
171	 5.8404109e-01	 +3.2889729e-02 -1.3306109e-04	 7.26e-01 Rejected	 218	 306	
172	 5.8400623e-01	 +3.4752965e-02 -3.9246911e-04	 9.79e-01 Accepted	 216	 289	
173	 5.8402221e-01	 +3.4053413e-02 +1.8231886e-03	 1.21e+00 Accepted	 214	 269	
174	 5.8399633e-01	 +3.3485805e-02 +3.2422678e-04	 1.10e+00 Accepted	 213	 318	
175	 5.8388109e-01	 +3.5127219e-02 +9.6150897e-04	 9.50e-01 Accepted	 229	 309	
176	 5.8373107e-01	 +3.5339402e-02 +2.5339078e-03	 7.45e-01 Accepted	 229	 290	
177	 5.8362818e-01	 +3.4156773e-02 +3.6388025e-04	 7.04e-01 Accepted	 241	 365	
178	 5.8342089e-01	 +3.2896154e-02 -9.7051419e-04	 8.99e-01 Accepted	 248	 344	
179	 5.8367170e-01	 +3.6555540e-02 +7.1290194e-04	 1.13e+00 Accepted	 233	 271	
180	 5.8381266e-01	 +3.2197527e-02 +1.0080757e-04	 1.13e+00 Accepted	 211	 266	
181	 5.8370072e-01	 +3.3935220e-02 -7.2626197e-04	 9.77e-01 Accepted	 224	 372	
182	 5.8360220e-01	 +3.4380365e-02 +8.2131254e-04	 7.44e-01 Accepted	 246	 277	
183	 5.8372848e-01	 +3.4596768e-02 -8.1512420e-04	 1.13e+00 Accepted	 222	 279	
184	 5.8372848e-01	 +3.4596768e-02 -8.1512420e-04	 6.78e-01 Rejected	 220	 296	
185	 5.8381239e-01	 +3.2623605e-02 -8.3143088e-04	 8.17e-01 Accepted	 214	 263	
186	 5.8432214e-01	 +3.5469707e-02 +5.6257426e-05	 1.38e+00 Accepted	 213	 296	
187	 5.8411480e-01	 +3.5893540e-02 -1.2574936e-03	 6.61e-01 Accepted	 218	 253	
188	 5.8406476e-01	 +3.5915675e-02 -1.0429544e-03	 1.27e+00 Accepted	 209	 289	
189	 5.8408387e-01	 +3.5032470e-02 +5.5496016e-04	 1.20e+00 Accepted	 224	 331	
190	 5.8408387e-01	 +3.5032470e-02 +5.5496016e-04	 7.87e-01 Rejected	 234	 326	
191	 5.8410597e-01	 +3.4291681e-02 -8.4795313e-05	 1.44e+00 Accepted	 234	 256	
192	 5.8442448e-01	 +3.1544599e-02 -1.7056773e-03	 2.25e+00 Accepted	 202	 233	
193	 5.8450753e-01	 +3.2730937e-02 +3.5849438e-04	 1.07e+00 Accepted	 196	 243	
194	 5.8439348e-01	 +3.2327150e-02 +8.2635313e-04	 1.02e+00 Accepted	 204	 299	
195	 5.8439348e-01	 +3.2327150e-02 +8.2635313e-04	 7.65e-01 Rejected	 221	 296	
196	 5.8439348e-01	 +3.2327150e-02 +8.2635313e-04	 4.12e-01 Rejected	 215	 266	
197	 5.8437157e-01	 +3.2334832e-02 +3.6890611e-04	 9.20e-01 Accepted	 210	 253	
198	 5.8446316e-01	 +3.4287901e-02 -6.4955970e-05	 8.40e-01 Accepted	 214	 337	
199	 5.8449706e-01	 +3.2367430e-02 +3.3368100e-04	 9.52e-01 Accepted	 224	 257	
200	 5.8428270e-01	 +3.1454658e-02 +4.4499528e-04	 1.19e+00 Accepted	 211	 270	
# Starting_type: CheckpointStart
# Trajectory_length / Number_of_MD_steps: 1 / 8
# 	 Plaquette	 Polyakov_Loop(re,im)	 Acc._Probability	 runtime_per_traj(s)	 CG_iterations	
201	 5.8447601e-01	 +3.2592188e-02 +2.0742084e-04	 1.12e+00 Accepted	 134	 278	
202	 5.8448132e-01	 +3.4105456e-02 -3.6838268e-04	 9.79e-01 Accepted	 133	 273	
203	 5.8417316e-01	 +3.2791643e-02 -4.9545963e-04	 1.03e+00 Accepted	 128	 240	
204	 5.8419671e-01	 +3.3186018e-02 +2.5228568e-03	 1.55e+00 Accepted	 126	 298	
205	 5.8421444e-01	 +3.2013887e-02 +2.3371762e-03	 1.13e+00 Accepted	 135	 242	
206	 5.8407857e-01	 +3.1330528e-02 -3.4359858e-04	 7.98e-01 Accepted	 124	 256	
207	 5.8406180e-01	 +3.4049906e-02 -3.6829731e-04	 8.90e-01 Accepted	 124	 253	
208	 5.8418535e-01	 +3.2703410e-02 +4.8944341e-04	 9.20e-01 Accepted	 131	 292	
209	 5.8391801e-01	 +3.2784335e-02 -4.2245863e-05	 7.90e-01 Accepted	 134	 235	
210	 5.8388056e-01	 +3.4600911e-02 +2.3043914e-03	 1.18e+00 Accepted	 130	 303	
211	 5.8396707e-01	 +3.3453555e-02 +1.8473353e-03	 7.40e-01 Accepted	 143	 279	
212	 5.8405058e-01	 +3.1285100e-02 +1.1700455e-03	 1.52e+00 Accepted	 136	 339	
213	 5.8405058e-01	 +3.1285100e-02 +1.1700455e-03	 8.42e-01 Rejected	 145	 267	
214	 5.8389773e-01	 +3.3796449e-02 +6.7415741e-04	 5.67e-01 Accepted	 157	 305	
215	 5.8379076e-01	 +3.4659980e-02 +1.1117115e-03	 9.74e-01 Accepted	 148	 330	
216	 5.8383047e-01	 +3.4667181e-02 +5.0780811e-04	 8.26e-01 Accepted	 146	 257	
217	 5.8397340e-01	 +3.2122214e-02 -5.0733008e-04	 8.40e-01 Accepted	 127	 256	
218	 5.8393069e-01	 +3.2462770e-02 +2.1986070e-03	 9.51e-01 Accepted	 127	 284	
219	 5.8379923e-01	 +3.3811739e-02 +1.2611307e-03	 9.43e-01 Accepted	 134	 269	
220	 5.8380548e-01	 +3.3980821e-02 -1.8972255e-04	 1.38e+00 Accepted	 135	 306	
221	 5.8380548e-01	 +3.3980821e-02 -1.8972255e-04	 7.36e-01 Rejected	 142	 268	
222	 5.8383625e-01	 +3.3694369e-02 +4.3319117e-04	 1.01e+00 Accepted	 139	 247	
223	 5.8364346e-01	 +3.3140633e-02 +1.4602312e-03	 9.69e-01 Accepted	 127	 261	
224	 5.8369486e-01	 +3.2597213e-02 -8.1676233e-04	 1.05e+00 Accepted	 130	 259	
225	 5.8372305e-01	 +3.4820853e-02 +5.7309433e-04	 1.35e+00 Accepted	 129	 257	
226	 5.8367070e-01	 +3.1755751e-02 -5.7067298e-04	 1.38e+00 Accepted	 131	 331	
227	 5.8346523e-01	 +3.4686668e-02 -3.4884803e-04	 6.61e-01 Accepted	 141	 296	
228	 5.8346601e-01	 +3.5031436e-02 -1.9330232e-04	 1.02e+00 Accepted	 137	 302	
229	 5.8373159e-01	 +3.5874240e-02 +4.2072100e-04	 1.13e+00 Accepted	 138	 276	
230	 5.8353242e-01	 +3.6167340e-02 +1.2483101e-03	 7.41e-01 Accepted	 141	 330	
231	 5.8393126e-01	 +3.5909060e-02 +9.3008749e-04	 2.73e+00 Accepted	 146	 254	
232	 5.8415713e-01	 +3.4034596e-02 +7.4300355e-04	 1.09e+00 Accepted	 124	 241	
233	 5.8404945e-01	 +3.4903874e-02 -6.1394024e-04	 8.44e-01 Accepted	 129	 283	
234	 5.8380611e-01	 +3.4532771e-02 -1.7777750e-03	 7.59e-01 Accepted	 130	 251	
235	 5.8400947e-01	 +3.8262261e-02 +5.6186671e-04	 7.93e-01 Accepted	 129	 261	
236	 5.8407215e-01	 +3.6263932e-02 -3.7349847e-04	 7.45e-01 Accepted	 132	 300	
237	 5.8407215e-01	 +3.6263932e-02 -3.7349847e-04	 8.07e-01 Rejected	 143	 305	
238	 5.8404691e-01	 +3.5254897e-02 +4.9499364e-04	 1.49e+00 Accepted	 138	 255	
239	 5.8382315e-01	 +3.5333972e-02 +1.6598405e-03	 8.03e-01 Accepted	 130	 301	
240	 5.8343613e-01	 +3.4999673e-02 +7.8893460e-04	 6.76e-01 Accepted	 148	 321	
241	 5.8351212e-01	 +3.4900157e-02 -1.3914129e-03	 1.92e+00 Accepted	 153	 340	
242	 5.8341286e-01	 +3.6196703e-02 -7.1988220e-04	 8.13e-01 Accepted	 160	 342	
243	 5.8376131e-01	 +3.7471280e-02 -1.8991102e-05	 1.62e+00 Accepted	 148	 276	
244	 5.8381540e-01	 +3.7074373e-02 +4.3461149e-04	 9.34e-01 Accepted	 129	 252	
245	 5.8403894e-01	 +3.5743059e-02 -3.6983900e-04	 1.21e+00 Accepted	 128	 262	
246	 5.8403260e-01	 +3.5485864e-02 +7.8779590e-04	 1.13e+00 Accepted	 130	 261	
247	 5.8394070e-01	 +3.6158689e-02 +1.6222696e-03	 9.60e-01 Accepted	 135	 294	
248	 5.8394070e-01	 +3.6158689e-02 +1.6222696e-03	 6.81e-01 Rejected	 135	 288	
249	 5.8394070e-01	 +3.6158689e-02 +1.6222696e-03	 8.19e-01 Rejected	 133	 253	
250	 5.8399791e-01	 +3.7362287e-02 -5.2326614e-04	 9.00e-01 Accepted	 144	 281	
251	 5.8399791e-01	 +3.7362287e-02 -5.2326614e-04	 6.70e-01 Rejected	 139	 274	
252	 5.8397926e-01	 +3.5598549e-02 -8.3893107e-04	 1.42e+00 Accepted	 132	 260	
253	 5.8413392e-01	 +3.7062614e-02 -7.1747701e-04	 1.13e+00 Accepted	 128	 253	
254	 5.8398996e-01	 +3.7455839e-02 +7.4737930e-04	 1.03e+00 Accepted	 131	 278	
255	 5.8402004e-01	 +3.6111793e-02 +7.3522003e-04	 1.00e+00 Accepted	 130	 243	
256	 5.8402300e-01	 +3.8549655e-02 +5.9676077e-04	 1.01e+00 Accepted	 127	 286	
257	 5.8398560e-01	 +3.7464482e-02 +1.8210422e-04	 1.41e+00 Accepted	 136	 320	
258	 5.8399834e-01	 +3.7329434e-02 +5.2964955e-04	 9.89e-01 Accepted	 147	 293	
259	 5.8388729e-01	 +3.6688646e-02 +5.8682194e-04	 8.60e-01 Accepted	 134	 287	
260	 5.8388729e-01	 +3.6688646e-02 +5.8682194e-04	 6.08e-01 Rejected	 130	 250	
261	 5.8393063e-01	 +3.3839734e-02 -1.0732959e-03	 5.99e-01 Accepted	 132	 255	
262	 5.8394746e-01	 +3.6694308e-02 +6.4835944e-04	 1.01e+00 Accepted	 125	 232	
263	 5.8410049e-01	 +3.6420259e-02 -6.6084812e-04	 8.42e-01 Accepted	 123	 254	
264	 5.8408863e-01	 +3.6315389e-02 +4.2088339e-04	 9.98e-01 Accepted	 129	 283	
265	 5.8404841e-01	 +3.4215766e-02 -6.0128255e-04	 7.10e-01 Accepted	 126	 232	
266	 5.8407259e-01	 +3.5090694e-02 -5.7984165e-04	 6.50e-01 Accepted	 120	 258	
267	 5.8396722e-01	 +3.5183052e-02 -1.1138801e-03	 6.62e-01 Accepted	 129	 273	
268	 5.8390853e-01	 +3.3912696e-02 +1.2419835e-03	 8.54e-01 Accepted	 127	 259	
269	 5.8398858e-01	 +3.6838692e-02 -2.6073549e-03	 1.08e+00 Accepted	 130	 292	
270	 5.8408070e-01	 +3.7973115e-02 -1.1490262e-03	 1.00e+00 Accepted	 134	 252	
271	 5.8393325e-01	 +3.3411315e-02 +1.0302477e-03	 1.06e+00 Accepted	 135	 323	
272	 5.8393325e-01	 +3.3411315e-02 +1.0302477e-03	 6.75e-01 Rejected	 147	 318	
273	 5.8408355e-01	 +3.5882508e-02 +4.6884571e-04	 1.44e+00 Accepted	 139	 288	
274	 5.8415364e-01	 +3.3793443e-02 -1.3196048e-03	 1.30e+00 Accepted	 133	 244	
275	 5.8415284e-01	 +3.4002592e-02 -9.1131085e-04	 1.14e+00 Accepted	 125	 297	
276	 5.8415284e-01	 +3.4002592e-02 -9.1131085e-04	 6.86e-01 Rejected	 135	 282	
277	 5.8404026e-01	 +3.3287990e-02 -1.1815006e-03	 1.02e+00 Accepted	 134	 334	
278	 5.8405630e-01	 +3.3837706e-02 -2.2092833e-03	 8.65e-01 Accepted	 143	 294	
279	 5.8392706e-01	 +3.3277986e-02 -2.1500921e-03	 8.17e-01 Accepted	 133	 255	
280	 5.8385035e-01	 +3.4988446e-02 -9.4763728e-04	 6.19e-01 Accepted	 127	 296	
281	 5.8403757e-01	 +3.4729177e-02 +1.7085684e-05	 1.46e+00 Accepted	 134	 270	
282	 5.8419401e-01	 +3.5156581e-02 -1.6691543e-03	 1.50e+00 Accepted	 131	 265	
283	 5.8433624e-01	 +3.4435871e-02 -7.7221887e-04	 1.08e+00 Accepted	 131	 298	
284	 5.8423046e-01	 +3.3944675e-02 +1.1281045e-03	 1.05e+00 Accepted	 132	 263	
285	 5.8405960e-01	 +3.5157327e-02 +7.7154924e-04	 4.78e-01 Accepted	 125	 238	
286	 5.8412006e-01	 +3.6236316e-02 +3.2769409e-04	 9.54e-01 Accepted	 124	 270	
287	 5.8401069e-01	 +3.6406289e-02 +1.1223356e-03	 8.26e-01 Accepted	 130	 256	
288	 5.8413777e-01	 +3.5197928e-02 -6.4682816e-04	 1.50e+00 Accepted	 130	 311	
289	 5.8413777e-01	 +3.5197928e-02 -6.4682816e-04	 8.11e-01 Rejected	 146	 312	
290	 5.8413777e-01	 +3.5197928e-02 -6.4682816e-04	 6.82e-01 Rejected	 133	 253	
291	 5.8399246e-01	 +3.5511972e-02 -3.0573884e-04	 8.19e-01 Accepted	 135	 274	
292	 5.8410312e-01	 +3.6786686e-02 -4.3821839e-04	 1.34e+00 Accepted	 131	 324	
293	 5.8409372e-01	 +3.5825286e-02 +2.6675251e-04	 8.39e-01 Accepted	 146	 353	
294	 5.8393510e-01	 +3.5761290e-02 -1.4138238e-04	 9.22e-01 Accepted	 157	 335	
295	 5.8403012e-01	 +3.3316896e-02 -6.2897197e-04	 1.12e+00 Accepted	 146	 298	
296	 5.8385711e-01	 +3.6461607e-02 -1.2705927e-03	 9.44e-01 Accepted	 140	 310	
297	 5.8372509e-01	 +3.6529290e-02 -7.7931030e-05	 1.05e+00 Accepted	 147	 287	
298	 5.8394342e-01	 +3.6142036e-02 -9.7269656e-04	 1.78e+00 Accepted	 140	 315	
299	 5.8398235e-01	 +3.7003506e-02 -1.5569151e-03	 1.11e+00 Accepted	 133	 256	
300	 5.8411973e-01	 +3.5685961e-02 +1.2070786e-03	 1.33e+00 Accepted	 132	 297	
301	 5.8411973e-01	 +3.5685961e-02 +1.2070786e-03	 7.62e-01 Rejected	 141	 315	
302	 5.8420577e-01	 +3.5321187e-02 -1.6942407e-03	 1.05e+00 Accepted	 137	 275	
303	 5.8420577e-01	 +3.5321187e-02 -1.6942407e-03	 6.43e-01 Rejected	 135	 281	
304	 5.8434875e-01	 +3.8164208e-02 -1.0754774e-03	 1.37e+00 Accepted	 134	 281	
305	 5.8418620e-01	 +3.8422248e-02 +6.4879986e-04	 8.11e-01 Accepted	 128	 262	
306	 5.8414702e-01	 +3.8874823e-02 -8.8641798e-04	 1.21e+00 Accepted	 124	 241	
307	 5.8416815e-01	 +3.8328086e-02 -9.0500401e-04	 8.34e-01 Accepted	 123	 255	
308	 5.8411697e-01	 +3.7863717e-02 -8.6180120e-05	 7.41e-01 Accepted	 127	 266	
309	 5.8400358e-01	 +3.7027018e-02 +1.9996217e-04	 5.35e-01 Accepted	 133	 261	
310	 5.8387219e-01	 +3.7137639e-02 -7.7732498e-04	 8.30e-01 Accepted	 132	 278	
311	 5.8373157e-01	 +3.8242447e-02 -1.3943258e-03	 9.13e-01 Accepted	 134	 281	
312	 5.8393048e-01	 +3.8161551e-02 -1.6990745e-04	 8.75e-01 Accepted	 134	 332	
313	 5.8393048e-01	 +3.8161551e-02 -1.6990745e-04	 7.13e-01 Rejected	 140	 251	
314	 5.8409115e-01	 +3.7253455e-02 +5.6341380e-04	 1.22e+00 Accepted	 145	 279	
315	 5.8411222e-01	 +3.7979470e-02 +1.0509897e-03	 9.33e-01 Accepted	 132	 250	
316	 5.8374604e-01	 +3.4279966e-02 -1.8904019e-03	 6.24e-01 Accepted	 124	 247	
317	 5.8404960e-01	 +3.5609021e-02 +7.8569183e-04	 1.25e+00 Accepted	 128	 303	
318	 5.8400116e-01	 +3.3758063e-02 +2.3937553e-04	 1.02e+00 Accepted	 135	 277	
319	 5.8397532e-01	 +3.7605585e-02 -9.3828107e-05	 8.05e-01 Accepted	 133	 299	
320	 5.8400313e-01	 +3.6990451e-02 +2.6909049e-04	 9.72e-01 Accepted	 143	 318	
321	 5.8408029e-01	 +3.6235760e-02 +1.7386903e-04	 1.00e+00 Accepted	 142	 273	
322	 5.8408029e-01	 +3.6235760e-02 +1.7386903e-04	 8.60e-01 Rejected	 132	 267	
323	 5.8416934e-01	 +3.8366311e-02 +1.0089267e-03	 2.29e+00 Accepted	 135	 282	
324	 5.8436113e-01	 +3.8081110e-02 +8.7733705e-04	 1.67e+00 Accepted	 135	 263	
325	 5.8400678e-01	 +3.7494079e-02 +2.4983795e-03	 6.92e-01 Accepted	 136	 317	
326	 5.8390071e-01	 +3.7238743e-02 +1.9775512e-03	 1.07e+00 Accepted	 142	 317	
327	 5.8396347e-01	 +3.7746538e-02 +2.0072447e-03	 8.76e-01 Accepted	 134	 239	
328	 5.8403400e-01	 +3.7825942e-02 +1.9693087e-03	 1.43e+00 Accepted	 122	 243	
329	 5.8404109e-01	 +4.0016820e-02 +1.3161613e-03	 1.13e+00 Accepted	 129	 310	
330	 5.8379472e-01	 +3.7087092e-02 +1.1984309e-03	 4.77e-01 Accepted	 137	 228	
331	 5.8384524e-01	 +3.6940311e-02 -2.4341358e-04	 6.02e-01 Accepted	 125	 291	
332	 5.8392660e-01	 +3.5808016e-02 +1.3758198e-03	 8.56e-01 Accepted	 132	 251	
333	 5.8384790e-01	 +3.8443746e-02 +5.9339078e-04	 9.29e-01 Accepted	 125	 260	
334	 5.8387861e-01	 +3.8682490e-02 -6.8575369e-04	 1.11e+00 Accepted	 137	 327	
335	 5.8393072e-01	 +3.9417854e-02 +2.5442468e-03	 1.23e+00 Accepted	 152	 343	
336	 5.8418752e-01	 +3.7277668e-02 +1.2174450e-03	 1.03e+00 Accepted	 144	 269	
337	 5.8417665e-01	 +3.7041016e-02 +1.5008403e-03	 7.62e-01 Accepted	 131	 293	
338	 5.8412418e-01	 +3.8506346e-02 +1.5728929e-04	 1.02e+00 Accepted	 135	 294	
339	 5.8413305e-01	 +3.6968925e-02 -3.3984825e-05	 8.51e-01 Accepted	 137	 312	
340	 5.8391000e-01	 +3.8024956e-02 +5.0387405e-04	 1.23e+00 Accepted	 147	 323	
341	 5.8418084e-01	 +3.8298214e-02 -6.1877633e-04	 1.40e+00 Accepted	 152	 289	
342	 5.8412414e-01	 +3.6787674e-02 -7.0818157e-04	 9.74e-01 Accepted	 130	 243	
343	 5.8413044e-01	 +3.7281736e-02 -2.3570875e-05	 9.06e-01 Accepted	 132	 298	
344	 5.8397743e-01	 +3.5180549e-02 +1.2184245e-03	 8.08e-01 Accepted	 132	 267	
345	 5.8382168e-01	 +3.7139863e-02 -1.1447351e-03	 8.51e-01 Accepted	 127	 277	
346	 5.8393458e-01	 +3.6335639e-02 +2.0911068e-05	 9.42e-01 Accepted	 133	 289	
347	 5.8412663e-01	 +3.6679964e-02 +1.1391814e-03	 1.95e+00 Accepted	 130	 264	
348	 5.8444533e-01	 +3.5835615e-02 -9.1964578e-04	 1.15e+00 Accepted	 131	 292	
349	 5.8444533e-01	 +3.5835615e-02 -9.1964578e-04	 5.54e-01 Rejected	 139	 286	
350	 5.8444533e-01	 +3.5835615e-02 -9.1964578e-04	 6.42e-01 Rejected	 139	 292	
351	 5.8426455e-01	 +3.6273882e-02 -1.8485602e-03	 5.98e-01 Accepted	 138	 290	
352	 5.8426455e-01	 +3.6273882e-02 -1.8485602e-03	 8.26e-01 Rejected	 140	 283	
353	 5.8409135e-01	 +3.8388183e-02 +2.0797040e-04	 6.62e-01 Accepted	 143	 290	
354	 5.8409135e-01	 +3.8388183e-02 +2.0797040e-04	 6.50e-01 Rejected	 138	 310	
355	 5.8406527e-01	 +3.6978164e-02 -1.9687098e-03	 8.52e-01 Accepted	 136	 274	
356	 5.8402458e-01	 +3.7004868e-02 +8.4964665e-04	 1.25e+00 Accepted	 128	 250	
357	 5.8406847e-01	 +3.6032991e-02 +7.0933633e-04	 1.07e+00 Accepted	 126	 266	
358	 5.8406231e-01	 +3.6622605e-02 -6.0752938e-04	 9.75e-01 Accepted	 129	 261	
359	 5.8411209e-01	 +3.5443767e-02 +5.6453004e-04	 1.21e+00 Accepted	 129	 265	
360	 5.8431113e-01	 +3.8330186e-02 -6.8820413e-04	 2.10e+00 Accepted	 130	 246	
361	 5.8448072e-01	 +3.7061108e-02 -8.0488067e-04	 7.91e-01 Accepted	 124	 271	
362	 5.8432152e-01	 +3.5737360e-02 -6.4377566e-04	 8.91e-01 Accepted	 130	 289	
363	 5.8421531e-01	 +3.7061474e-02 -5.3360288e-04	 9.62e-01 Accepted	 130	 285	
364	 5.8456518e-01	 +3.7803761e-02 -9.9630705e-04	 1.44e+00 Accepted	 138	 321	
365	 5.8451755e-01	 +3.7619978e-02 +2.0838252e-04	 9.75e-01 Accepted	 138	 261	
366	 5.8451755e-01	 +3.7619978e-02 +2.0838252e-04	 4.85e-01 Rejected	 131	 274	
367	 5.8423174e-01	 +3.7621370e-02 -1.5619492e-03	 7.77e-01 Accepted	 125	 230	
368	 5.8408028e-01	 +3.7444845e-02 +1.2683812e-03	 7.13e-01 Accepted	 120	 262	
369	 5.8410047e-01	 +3.8401941e-02 -1.0769683e-04	 1.19e+00 Accepted	 131	 286	
370	 5.8410047e-01	 +3.8401941e-02 -1.0769683e-04	 6.42e-01 Rejected	 137	 260	
371	 5.8410047e-01	 +3.8401941e-02 -1.0769683e-04	 6.25e-01 Rejected	 135	 279	
372	 5.8407024e-01	 +3.9165371e-02 +1.3003473e-03	 1.03e+00 Accepted	 129	 243	
373	 5.8412472e-01	 +3.7288186e-02 +3.0423355e-04	 1.01e+00 Accepted	 126	 285	
374	 5.8395813e-01	 +3.6913436e-02 -2.0010517e-03	 7.33e-01 Accepted	 141	 366	
375	 5.8378402e-01	 +3.8109150e-02 -1.5995180e-03	 7.38e-01 Accepted	 152	 279	
376	 5.8395848e-01	 +3.6737779e-02 -1.3274095e-04	 1.13e+00 Accepted	 131	 299	
377	 5.8397114e-01	 +3.8663716e-02 +1.9228364e-03	 1.45e+00 Accepted	 142	 304	
378	 5.8397114e-01	 +3.8663716e-02 +1.9228364e-03	 9.25e-01 Rejected	 145	 333	
379	 5.8372784e-01	 +3.7612493e-02 -1.0781535e-03	 7.43e-01 Accepted	 132	 258	
380	 5.8378563e-01	 +3.8081589e-02 -4.0054909e-04	 1.03e+00 Accepted	 130	 304	
381	 5.8371991e-01	 +3.8517927e-02 -3.5122053e-04	 7.57e-01 Accepted	 132	 256	
382	 5.8391817e-01	 +3.7812423e-02 -1.0317493e-03	 1.02e+00 Accepted	 131	 245	
383	 5.8386174e-01	 +3.6993191e-02 -8.4228998e-04	 9.56e-01 Accepted	 125	 274	
384	 5.8418712e-01	 +3.6899517e-02 -7.6706131e-04	 1.74e+00 Accepted	 137	 313	
385	 5.8405460e-01	 +3.8373194e-02 -1.5041250e-04	 8.72e-01 Accepted	 133	 269	
386	 5.8394264e-01	 +3.5148552e-02 -1.9057981e-03	 8.04e-01 Accepted	 128	 248	
387	 5.8394264e-01	 +3.5148552e-02 -1.9057981e-03	 6.89e-01 Rejected	 127	 271	
388	 5.8392646e-01	 +3.6050509e-02 -1.6645938e-03	 7.28e-01 Accepted	 125	 261	
389	 5.8389124e-01	 +3.4618981e-02 -2.4833370e-03	 1.10e+00 Accepted	 124	 259	
390	 5.8359675e-01	 +3.6445571e-02 +4.5294483e-04	 5.45e-01 Accepted	 126	 285	
391	 5.8382386e-01	 +3.3606395e-02 -4.7965304e-04	 1.10e+00 Accepted	 137	 298	
392	 5.8394235e-01	 +3.3973198e-02 -9.6286516e-04	 1.36e+00 Accepted	 136	 265	
393	 5.8393570e-01	 +3.6173501e-02 +6.6301840e-04	 1.27e+00 Accepted	 128	 317	
394	 5.8390792e-01	 +3.6254919e-02 +2.2550809e-04	 9.05e-01 Accepted	 139	 319	
395	 5.8393319e-01	 +3.6698336e-02 +2.5973723e-03	 1.01e+00 Accepted	 140	 284	
396	 5.8380207e-01	 +3.4468970e-02 -5.0647221e-04	 1.11e+00 Accepted	 134	 286	
397	 5.8390685e-01	 +3.3850571e-02 -1.1722265e-04	 9.15e-01 Accepted	 136	 263	
398	 5.8397206e-01	 +3.5549033e-02 +1.0616981e-04	 9.36e-01 Accepted	 138	 336	
399	 5.8404852e-01	 +3.5220371e-02 +1.4095973e-03	 1.09e+00 Accepted	 151	 319	
400	 5.8406397e-01	 +3.2171061e-02 +5.9635390e-04	 8.44e-01 Accepted	 135	 270	
401	 5.8401553e-01	 +3.3809748e-02 +1.0176847e-03	 8.93e-01 Accepted	 131	 254	
402	 5.8422624e-01	 +3.4663294e-02 -6.3396503e-04	 1.75e+00 Accepted	 124	 245	
403	 5.8405329e-01	 +3.2921819e-02 +4.7978809e-04	 5.99e-01 Accepted	 123	 279	
404	 5.8390546e-01	 +3.4777067e-02 +1.3260451e-04	 1.03e+00 Accepted	 129	 255	
405	 5.8391943e-01	 +3.5116592e-02 -9.0500430e-04	 1.49e+00 Accepted	 125	 266	
406	 5.8388846e-01	 +3.4047818e-02 -1.9115800e-03	 8.78e-01 Accepted	 126	 280	
407	 5.8393552e-01	 +3.6847219e-02 -1.6256384e-03	 1.18e+00 Accepted	 132	 292	
408	 5.8393552e-01	 +3.6847219e-02 -1.6256384e-03	 6.49e-01 Rejected	 140	 325	
409	 5.8384501e-01	 +3.3402869e-02 -1.8664073e-03	 8.21e-01 Accepted	 136	 275	
410	 5.8393355e-01	 +3.4998670e-02 -2.1063985e-03	 1.57e+00 Accepted	 134	 330	
411	 5.8382638e-01	 +3.5219864e-02 +1.4502768e-03	 1.18e+00 Accepted	 152	 308	
412	 5.8400905e-01	 +3.6108934e-02 +2.8890013e-04	 7.84e-01 Accepted	 147	 314	
413	 5.8412002e-01	 +3.7816381e-02 +1.2080520e-03	 1.25e+00 Accepted	 150	 319	
414	 5.8410883e-01	 +3.6996317e-02 -1.2809361e-03	 1.52e+00 Accepted	 140	 251	
415	 5.8403415e-01	 +3.4871426e-02 +7.6743591e-04	 1.05e+00 Accepted	 125	 247	
416	 5.8403415e-01	 +3.4871426e-02 +7.6743591e-04	 9.00e-01 Rejected	 125	 260	
417	 5.8403415e-01	 +3.4871426e-02 +7.6743591e-04	 6.12e-01 Rejected	 128	 307	
418	 5.8413041e-01	 +3.3763392e-02 -1.1996211e-04	 7.44e-01 Accepted	 123	 251	
419	 5.8420658e-01	 +3.5276268e-02 +1.3590700e-03	 1.28e+00 Accepted	 123	 264	
420	 5.8425842e-01	 +3.6377257e-02 +5.8079838e-04	 8.62e-01 Accepted	 127	 255	
421	 5.8425842e-01	 +3.6377257e-02 +5.8079838e-04	 5.58e-01 Rejected	 130	 282	
422	 5.8425842e-01	 +3.6377257e-02 +5.8079838e-04	 6.80e-01 Rejected	 132	 316	
423	 5.8441190e-01	 +3.7475519e-02 +2.0036491e-03	 9.35e-01 Accepted	 129	 329	
424	 5.8425769e-01	 +3.6005519e-02 -3.1971316e-04	 7.00e-01 Accepted	 141	 293	
425	 5.8417055e-01	 +3.5107029e-02 +8.2188569e-04	 1.35e+00 Accepted	 134	 253	
426	 5.8422132e-01	 +3.3865993e-02 +1.7025831e-03	 1.03e+00 Accepted	 135	 355	
427	 5.8435355e-01	 +3.2358987e-02 +6.4205679e-04	 7.93e-01 Accepted	 152	 322	
428	 5.8459524e-01	 +3.2590344e-02 -2.0209391e-03	 1.57e+00 Accepted	 155	 347	
429	 5.8430247e-01	 +3.3411840e-02 +4.3460514e-04	 8.79e-01 Accepted	 143	 241	
430	 5.8410816e-01	 +3.4433798e-02 +3.3013831e-04	 7.07e-01 Accepted	 122	 245	
431	 5.8418079e-01	 +3.4220438e-02 -1.3697433e-03	 1.55e+00 Accepted	 130	 300	
432	 5.8424670e-01	 +3.3322845e-02 +1.7985433e-03	 8.23e-01 Accepted	 146	 335	
433	 5.8427875e-01	 +3.4932075e-02 +8.4855622e-05	 9.98e-01 Accepted	 150	 277	
434	 5.8436845e-01	 +3.4838592e-02 -6.2620310e-04	 1.70e+00 Accepted	 130	 279	
435	 5.8430774e-01	 +3.4030531e-02 -1.1384926e-03	 8.12e-01 Accepted	 128	 242	
436	 5.8435240e-01	 +3.3033757e-02 +1.3036102e-04	 9.82e-01 Accepted	 121	 239	
437	 5.8418131e-01	 +3.2185371e-02 +1.1438138e-03	 6.67e-01 Accepted	 121	 252	
438	 5.8405149e-01	 +3.2923770e-02 +3.9161362e-04	 9.39e-01 Accepted	 136	 342	
439	 5.8405149e-01	 +3.2923770e-02 +3.9161362e-04	 6.48e-01 Rejected	 152	 322	
440	 5.8412322e-01	 +3.3973510e-02 +3.0542951e-03	 1.35e+00 Accepted	 143	 250	
441	 5.8372418e-01	 +3.3240949e-02 -5.2713244e-04	 8.06e-01 Accepted	 123	 255	
442	 5.8349391e-01	 +3.4047644e-02 +1.0365803e-03	 7.10e-01 Accepted	 127	 251	
443	 5.8335868e-01	 +3.2287273e-02 +8.6866019e-04	 9.54e-01 Accepted	 124	 264	
444	 5.8317836e-01	 +3.3349077e-02 +2.2490426e-03	 7.90e-01 Accepted	 129	 262	
445	 5.8353192e-01	 +3.2982037e-02 +5.5407705e-04	 2.25e+00 Accepted	 139	 368	
446	 5.8350582e-01	 +3.2182751e-02 +1.8407808e-03	 1.14e+00 Accepted	 162	 328	
447	 5.8348386e-01	 +3.3407566e-02 +7.0436223e-04	 7.93e-01 Accepted	 139	 266	
448	 5.8340632e-01	 +3.4311382e-02 +7.9761668e-04	 8.25e-01 Accepted	 129	 272	
449	 5.8350922e-01	 +3.2993113e-02 +4.5374909e-04	 9.10e-01 Accepted	 133	 270	
450	 5.8366152e-01	 +3.6754967e-02 +3.2078056e-04	 7.62e-01 Accepted	 137	 310	
451	 5.8401523e-01	 +3.1869553e-02 -1.3349880e-03	 8.10e-01 Accepted	 141	 325	
452	 5.8404169e-01	 +3.4903665e-02 +1.7683836e-04	 1.07e+00 Accepted	 140	 269	
453	 5.8406727e-01	 +3.5388145e-02 -1.4686238e-03	 1.06e+00 Accepted	 132	 318	
454	 5.8421193e-01	 +3.2876980e-02 -1.5881928e-03	 1.39e+00 Accepted	 139	 265	
455	 5.8421193e-01	 +3.2876980e-02 -1.5881928e-03	 7.91e-01 Rejected	 128	 259	
456	 5.8431045e-01	 +3.5633986e-02 -3.0756420e-03	 1.10e+00 Accepted	 129	 257	
457	 5.8418459e-01	 +3.3824691e-02 -1.0009952e-03	 1.19e+00 Accepted	 126	 236	
458	 5.8418459e-01	 +3.3824691e-02 -1.0009952e-03	 3.83e-01 Rejected	 120	 240	
459	 5.8432033e-01	 +3.4539985e-02 +5.8698262e-04	 1.16e+00 Accepted	 122	 261	
460	 5.8407685e-01	 +3.4010963e-02 -7.5253626e-04	 7.70e-01 Accepted	 127	 242	
461	 5.8400344e-01	 +3.1325180e-02 +9.9258848e-04	 7.62e-01 Accepted	 130	 334	
462	 5.8408338e-01	 +3.3689945e-02 +7.7857410e-04	 8.80e-01 Accepted	 145	 289	
463	 5.8406949e-01	 +3.4093293e-02 -2.6095173e-04	 7.78e-01 Accepted	 129	 274	
464	 5.8406949e-01	 +3.4093293e-02 -2.6095173e-04	 7.29e-01 Rejected	 135	 322	
465	 5.8419819e-01	 +3.1687707e-02 -5.1289007e-04	 1.23e+00 Accepted	 132	 271	
466	 5.8423414e-01	 +3.4373435e-02 -1.6982431e-03	 1.10e+00 Accepted	 130	 268	
467	 5.8409328e-01	 +3.3963240e-02 -1.8805535e-04	 1.11e+00 Accepted	 130	 263	
468	 5.8398167e-01	 +3.2378120e-02 -6.3567420e-06	 1.49e+00 Accepted	 124	 228	
469	 5.8392995e-01	 +3.3127378e-02 +5.6493036e-04	 1.31e+00 Accepted	 124	 299	
470	 5.8403334e-01	 +3.0420529e-02 -1.6142455e-03	 1.24e+00 Accepted	 139	 315	
471	 5.8406411e-01	 +3.2564507e-02 +3.4579035e-04	 8.00e-01 Accepted	 137	 276	
472	 5.8406411e-01	 +3.2564507e-02 +3.4579035e-04	 6.14e-01 Rejected	 137	 295	
473	 5.8418495e-01	 +3.3211483e-02 +3.4411311e-04	 1.31e+00 Accepted	 130	 264	
474	 5.8413931e-01	 +3.3143484e-02 +1.0432548e-04	 8.47e-01 Accepted	 126	 256	
475	 5.8416836e-01	 +3.2111520e-02 -4.8895856e-04	 1.14e+00 Accepted	 128	 266	
476	 5.8421795e-01	 +3.3046652e-02 +8.3200315e-04	 1.03e+00 Accepted	 127	 255	
477	 5.8381734e-01	 +3.3096005e-02 +9.8879230e-04	 6.16e-01 Accepted	 129	 284	
478	 5.8401309e-01	 +3.2816807e-02 +2.4458415e-03	 1.10e+00 Accepted	 140	 346	
479	 5.8401309e-01	 +3.2816807e-02 +2.4458415e-03	 7.07e-01 Rejected	 155	 321	
480	 5.8374746e-01	 +3.3849645e-02 -1.2871489e-05	 8.15e-01 Accepted	 157	 327	
481	 5.8360850e-01	 +3.2699610e-02 +4.6718503e-04	 9.78e-01 Accepted	 149	 396	
482	 5.8359907e-01	 +3.1563831e-02 +6.2938804e-04	 1.22e+00 Accepted	 153	 292	
483	 5.8362514e-01	 +2.9881588e-02 -4.2449642e-05	 7.94e-01 Accepted	 137	 266	
484	 5.8391185e-01	 +3.1957784e-02 +1.4404896e-04	 1.39e+00 Accepted	 125	 246	
485	 5.8424068e-01	 +3.0271980e-02 +1.4084685e-03	 1.33e+00 Accepted	 125	 244	
486	 5.8404853e-01	 +3.0841150e-02 -1.5366919e-03	 9.10e-01 Accepted	 126	 298	
487	 5.8381178e-01	 +3.1880429e-02 -2.7199629e-04	 8.30e-01 Accepted	 139	 324	
488	 5.8383231e-01	 +3.1217269e-02 -1.4381169e-03	 1.22e+00 Accepted	 158	 383	
489	 5.8377436e-01	 +3.1991238e-02 +1.1080058e-03	 7.98e-01 Accepted	 162	 343	
490	 5.8381719e-01	 +3.3738829e-02 +1.3313110e-03	 8.48e-01 Accepted	 141	 268	
491	 5.8381719e-01	 +3.3738829e-02 +1.3313110e-03	 9.42e-01 Rejected	 126	 254	
492	 5.8381481e-01	 +3.2159202e-02 -1.1364910e-03	 1.08e+00 Accepted	 131	 291	
493	 5.8386675e-01	 +3.0863618e-02 -1.7519737e-04	 1.49e+00 Accepted	 135	 265	
494	 5.8384114e-01	 +3.2809238e-02 +7.4254399e-04	 7.79e-01 Accepted	 130	 301	
495	 5.8368560e-01	 +3.3449866e-02 -6.6347195e-04	 7.67e-01 Accepted	 134	 265	
496	 5.8351847e-01	 +3.3614098e-02 -7.2529216e-04	 6.95e-01 Accepted	 136	 362	
497	 5.8380987e-01	 +3.2353903e-02 +3.8366392e-04	 1.35e+00 Accepted	 145	 270	
498	 5.8380987e-01	 +3.2353903e-02 +3.8366392e-04	 6.48e-01 Rejected	 127	 245	
499	 5.8380987e-01	 +3.2353903e-02 +3.8366392e-04	 7.34e-01 Rejected	 127	 270	
500	 5.8380732e-01	 +3.2768552e-02 +3.2692963e-04	 8.58e-01 Accepted	 130	 295	
501	 5.8380732e-01	 +3.2768552e-02 +3.2692963e-04	 8.16e-01 Rejected	 142	 311	
502	 5.8411123e-01	 +3.5306595e-02 +4.4364342e-04	 1.45e+00 Accepted	 143	 317	
503	 5.8431275e-01	 +3.2667152e-02 -1.4116570e-03	 1.53e+00 Accepted	 142	 266	
504	 5.8431275e-01	 +3.2667152e-02 -1.4116570e-03	 5.22e-01 Rejected	 135	 331	
505	 5.8430331e-01	 +3.5582323e-02 +1.6031876e-04	 7.46e-01 Accepted	 127	 263	
506	 5.8419207e-01	 +3.6814568e-02 +6.6675901e-05	 9.30e-01 Accepted	 128	 265	
507	 5.8419789e-01	 +3.6081167e-02 +1.3194543e-03	 8.52e-01 Accepted	 130	 272	
508	 5.8419789e-01	 +3.6081167e-02 +1.3194543e-03	 5.61e-01 Rejected	 135	 332	
509	 5.8428087e-01	 +3.5369538e-02 +7.7045247e-04	 6.44e-01 Accepted	 131	 265	
510	 5.8404443e-01	 +3.5587298e-02 +1.1699746e-03	 1.01e+00 Accepted	 127	 249	
511	 5.8399246e-01	 +3.4406062e-02 +2.2049853e-03	 6.67e-01 Accepted	 124	 270	
512	 5.8407851e-01	 +3.6017904e-02 +1.1755235e-03	 1.20e+00 Accepted	 132	 268	
513	 5.8396565e-01	 +3.4453811e-02 +3.2382979e-04	 1.40e+00 Accepted	 130	 275	
514	 5.8423414e-01	 +3.5467537e-02 +2.1099954e-03	 1.48e+00 Accepted	 132	 304	
515	 5.8427645e-01	 +3.3524840e-02 +2.1682902e-03	 6.53e-01 Accepted	 139	 308	
516	 5.8418571e-01	 +3.6055849e-02 +5.3217785e-04	 9.02e-01 Accepted	 138	 277	
517	 5.8404697e-01	 +3.4004313e-02 +1.2253544e-03	 8.91e-01 Accepted	 128	 247	
518	 5.8426943e-01	 +3.3993327e-02 +1.9375907e-03	 1.40e+00 Accepted	 122	 246	
519	 5.8423180e-01	 +3.5210484e-02 +1.2234612e-04	 9.73e-01 Accepted	 130	 278	
520	 5.8417416e-01	 +3.3345006e-02 +1.4172307e-04	 1.25e+00 Accepted	 133	 303	
# Starting_type: CheckpointStart
# Trajectory_length / Number_of_MD_steps: 1 / 8
# 	 Plaquette	 Polyakov_Loop(re,im)	 Acc._Probability	 runtime_per_traj(s)	 CG_iterations	
521	 5.8414834e-01	 +3.2120991e-02 +1.7380882e-03	 9.05e-01 Accepted	 145	 323	
522	 5.8394372e-01	 +3.3221745e-02 +2.3562847e-03	 1.15e+00 Accepted	 139	 276	
523	 5.8419031e-01	 +3.4579697e-02 +2.5815546e-03	 9.70e-01 Accepted	 132	 253	
524	 5.8419031e-01	 +3.4579697e-02 +2.5815546e-03	 5.94e-01 Rejected	 124	 259	
525	 5.8393138e-01	 +3.4945693e-02 +6.0536348e-04	 8.96e-01 Accepted	 126	 276	
526	 5.8401113e-01	 +3.5057750e-02 +5.0251580e-04	 1.23e+00 Accepted	 137	 328	
527	 5.8390671e-01	 +3.4274526e-02 -1.0343860e-04	 7.56e-01 Accepted	 146	 291	
528	 5.8395345e-01	 +3.3719142e-02 -3.0292950e-04	 1.04e+00 Accepted	 131	 273	
529	 5.8385850e-01	 +3.4261372e-02 +9.1941064e-04	 8.83e-01 Accepted	 130	 256	
530	 5.8412505e-01	 +3.4721015e-02 +1.2743136e-03	 9.42e-01 Accepted	 127	 284	
531	 5.8404060e-01	 +3.4882755e-02 +1.1861345e-03	 1.61e+00 Accepted	 131	 256	
532	 5.8404271e-01	 +3.4665940e-02 -2.0660286e-04	 9.07e-01 Accepted	 128	 327	
533	 5.8406285e-01	 +3.5840186e-02 -1.3661755e-04	 6.39e-01 Accepted	 140	 279	
534	 5.8436544e-01	 +3.5057333e-02 -1.1555117e-03	 1.46e+00 Accepted	 131	 257	
535	 5.8412433e-01	 +3.3556203e-02 -9.5589529e-04	 7.42e-01 Accepted	 135	 331	
536	 5.8393288e-01	 +3.6591670e-02 -1.1622230e-03	 6.21e-01 Accepted	 142	 275	
537	 5.8390403e-01	 +3.4328950e-02 -2.1925386e-03	 8.79e-01 Accepted	 130	 310	
538	 5.8400668e-01	 +3.4509560e-02 -1.9151887e-04	 1.43e+00 Accepted	 143	 280	
539	 5.8386091e-01	 +3.3193687e-02 -7.5788778e-04	 7.57e-01 Accepted	 129	 275	
540	 5.8387626e-01	 +3.5487091e-02 +5.8128716e-04	 1.08e+00 Accepted	 134	 312	
541	 5.8398376e-01	 +3.6860177e-02 -1.7185909e-03	 1.13e+00 Accepted	 144	 254	
542	 5.8402387e-01	 +3.5391122e-02 +6.3831693e-04	 1.05e+00 Accepted	 124	 248	
543	 5.8395148e-01	 +3.3946337e-02 -1.0989535e-04	 7.28e-01 Accepted	 124	 255	
544	 5.8404410e-01	 +3.4138696e-02 -6.9499353e-04	 1.31e+00 Accepted	 132	 303	
545	 5.8407285e-01	 +3.5218635e-02 -2.1836314e-03	 7.86e-01 Accepted	 137	 253	
546	 5.8385787e-01	 +3.2861865e-02 -3.2215352e-04	 1.08e+00 Accepted	 126	 250	
547	 5.8382393e-01	 +3.5083092e-02 -7.6463677e-05	 9.60e-01 Accepted	 126	 262	
548	 5.8392142e-01	 +3.3323417e-02 +5.8931842e-05	 1.01e+00 Accepted	 130	 282	
549	 5.8388644e-01	 +3.4001743e-02 -1.0121658e-03	 8.93e-01 Accepted	 135	 257	
550	 5.8360341e-01	 +3.2698802e-02 +1.5179236e-04	 6.27e-01 Accepted	 132	 270	
551	 5.8368925e-01	 +3.0849045e-02 +3.6463974e-04	 1.31e+00 Accepted	 130	 291	
552	 5.8393054e-01	 +3.3238391e-02 -1.3122604e-03	 1.01e+00 Accepted	 132	 309	
553	 5.8389830e-01	 +3.4597482e-02 +4.6085679e-05	 1.09e+00 Accepted	 146	 312	
554	 5.8373382e-01	 +3.5869736e-02 +4.2025150e-04	 1.09e+00 Accepted	 138	 288	
555	 5.8400207e-01	 +3.4570308e-02 -2.3787511e-03	 1.75e+00 Accepted	 137	 263	
556	 5.8392342e-01	 +3.4128458e-02 -5.3464159e-04	 1.31e+00 Accepted	 130	 309	
557	 5.8386241e-01	 +3.4406633e-02 -2.5260117e-03	 7.51e-01 Accepted	 146	 330	
558	 5.8379967e-01	 +3.2994404e-02 -2.5317808e-03	 8.44e-01 Accepted	 141	 272	
559	 5.8405893e-01	 +3.4542351e-02 -8.3201110e-04	 1.91e+00 Accepted	 129	 267	
560	 5.8377579e-01	 +3.1453967e-02 -1.1028916e-03	 7.14e-01 Accepted	 125	 261	
561	 5.8399390e-01	 +3.3958284e-02 -2.1895878e-03	 1.02e+00 Accepted	 126	 260	
562	 5.8394091e-01	 +3.1465391e-02 -1.2327776e-03	 7.31e-01 Accepted	 125	 264	
563	 5.8410827e-01	 +3.4021348e-02 +8.1048918e-04	 1.75e+00 Accepted	 132	 265	
564	 5.8391947e-01	 +3.2387847e-02 -4.9878573e-04	 5.90e-01 Accepted	 134	 326	
565	 5.8395896e-01	 +3.1289288e-02 -4.9038428e-04	 1.24e+00 Accepted	 140	 323	
566	 5.8381558e-01	 +3.0252142e-02 -9.6503760e-04	 6.25e-01 Accepted	 138	 257	
567	 5.8384599e-01	 +3.0099988e-02 -2.9965402e-05	 1.22e+00 Accepted	 125	 251	
568	 5.8389289e-01	 +2.9612842e-02 +6.4576323e-04	 8.41e-01 Accepted	 127	 292	
569	 5.8388099e-01	 +3.0086821e-02 +1.1876218e-03	 1.11e+00 Accepted	 134	 260	
570	 5.8401197e-01	 +3.0257433e-02 +7.6944888e-04	 1.13e+00 Accepted	 133	 267	
571	 5.8361417e-01	 +2.9737814e-02 -1.0011340e-03	 5.88e-01 Accepted	 132	 288	
572	 5.8360270e-01	 +3.0468703e-02 -8.0812382e-04	 9.34e-01 Accepted	 134	 266	
573	 5.8380253e-01	 +2.9852048e-02 +4.6162847e-04	 1.42e+00 Accepted	 129	 286	
574	 5.8369903e-01	 +3.0171033e-02 -7.5208784e-04	 6.08e-01 Accepted	 134	 274	
575	 5.8393513e-01	 +3.2463461e-02 +1.1963165e-03	 1.61e+00 Accepted	 136	 298	
576	 5.8406523e-01	 +3.2155034e-02 +8.6631992e-04	 1.86e+00 Accepted	 134	 275	
577	 5.8410585e-01	 +3.2901452e-02 -1.1536772e-04	 9.16e-01 Accepted	 128	 238	
578	 5.8410118e-01	 +3.2158106e-02 -1.6138488e-03	 1.36e+00 Accepted	 131	 294	
579	 5.8399863e-01	 +3.2525798e-02 -8.9779107e-04	 8.83e-01 Accepted	 144	 313	
580	 5.8397730e-01	 +3.3842828e-02 +1.8288433e-03	 7.95e-01 Accepted	 145	 366	
581	 5.8398484e-01	 +3.2422990e-02 -2.8896655e-04	 7.53e-01 Accepted	 161	 388	
582	 5.8414977e-01	 +3.2635141e-02 +7.7379168e-04	 1.06e+00 Accepted	 153	 281	
583	 5.8424694e-01	 +3.1920289e-02 +1.3159485e-04	 1.59e+00 Accepted	 128	 245	
584	 5.8407405e-01	 +3.3713531e-02 -3.2412822e-03	 7.88e-01 Accepted	 135	 331	
585	 5.8413115e-01	 +3.3568826e-02 +3.7534430e-04	 1.28e+00 Accepted	 142	 274	
586	 5.8415693e-01	 +3.3516462e-02 +2.5466841e-03	 1.37e+00 Accepted	 133	 296	
587	 5.8431431e-01	 +3.0611009e-02 +8.9911009e-05	 1.11e+00 Accepted	 138	 265	
588	 5.8437916e-01	 +3.3016813e-02 +1.8683033e-04	 1.11e+00 Accepted	 132	 305	
589	 5.8430388e-01	 +3.0907919e-02 +1.3324306e-03	 1.04e+00 Accepted	 141	 260	
590	 5.8430388e-01	 +3.0907919e-02 +1.3324306e-03	 5.85e-01 Rejected	 129	 264	
591	 5.8419840e-01	 +3.2052425e-02 +1.1495307e-04	 6.17e-01 Accepted	 131	 267	
592	 5.8419840e-01	 +3.2052425e-02 +1.1495307e-04	 7.11e-01 Rejected	 127	 247	
593	 5.8447620e-01	 +3.2932772e-02 -5.5917195e-04	 1.26e+00 Accepted	 139	 337	
594	 5.8432349e-01	 +3.3340606e-02 +1.2023882e-04	 1.21e+00 Accepted	 141	 253	
595	 5.8442782e-01	 +3.1105973e-02 -1.1967857e-04	 1.32e+00 Accepted	 130	 252	
596	 5.8419912e-01	 +3.1863164e-02 +4.4422994e-05	 8.46e-01 Accepted	 127	 271	
597	 5.8412738e-01	 +3.3181837e-02 +1.7436835e-03	 8.94e-01 Accepted	 128	 268	
598	 5.8434227e-01	 +3.2804132e-02 +3.9321496e-04	 1.20e+00 Accepted	 129	 239	
599	 5.8422005e-01	 +3.3296669e-02 +7.5184720e-05	 8.20e-01 Accepted	 124	 260	
600	 5.8422005e-01	 +3.3296669e-02 +7.5184720e-05	 5.27e-01 Rejected	 131	 334	
601	 5.8379354e-01	 +3.1908439e-02 +6.9036561e-04	 5.68e-01 Accepted	 124	 248	
602	 5.8392646e-01	 +3.2816053e-02 +1.5491346e-03	 1.28e+00 Accepted	 125	 280	
603	 5.8396703e-01	 +3.3321642e-02 +1.6540528e-03	 2.07e+00 Accepted	 134	 277	
604	 5.8415599e-01	 +3.5657406e-02 +3.8306433e-04	 1.59e+00 Accepted	 140	 276	
605	 5.8403136e-01	 +3.4021307e-02 -3.6565609e-04	 1.05e+00 Accepted	 136	 279	
606	 5.8405434e-01	 +3.0395514e-02 -3.4806834e-04	 1.30e+00 Accepted	 136	 344	
607	 5.8409985e-01	 +3.1838946e-02 +4.0982928e-04	 1.36e+00 Accepted	 147	 244	
608	 5.8435920e-01	 +3.2113245e-02 +1.0488071e-03	 1.34e+00 Accepted	 122	 285	
609	 5.8403564e-01	 +3.2100849e-02 -1.0714496e-03	 8.18e-01 Accepted	 133	 253	
610	 5.8382434e-01	 +2.9526566e-02 +7.4773601e-04	 6.30e-01 Accepted	 142	 319	
611	 5.8359670e-01	 +3.1618110e-02 +4.7728614e-04	 5.62e-01 Accepted	 151	 384	
612	 5.8377364e-01	 +3.3064970e-02 -1.0935258e-03	 1.05e+00 Accepted	 158	 310	
613	 5.8359017e-01	 +3.1471308e-02 +2.1253993e-03	 9.48e-01 Accepted	 135	 249	
614	 5.8370589e-01	 +3.3214736e-02 +1.0770776e-03	 1.16e+00 Accepted	 131	 339	
615	 5.8383649e-01	 +3.1053342e-02 +6.6399493e-04	 1.02e+00 Accepted	 138	 252	
616	 5.8369872e-01	 +3.0368556e-02 +3.0407392e-04	 9.14e-01 Accepted	 125	 287	
617	 5.8359975e-01	 +3.2971083e-02 +1.2048328e-04	 1.00e+00 Accepted	 132	 297	
618	 5.8370708e-01	 +3.4182906e-02 +9.2713457e-04	 1.04e+00 Accepted	 131	 266	
619	 5.8397151e-01	 +3.2558806e-02 +5.8404340e-04	 1.62e+00 Accepted	 132	 354	
620	 5.8367152e-01	 +3.2919567e-02 +9.6829627e-04	 8.06e-01 Accepted	 165	 433	
621	 5.8388382e-01	 +3.3303470e-02 +1.2661207e-03	 9.12e-01 Accepted	 157	 266	
622	 5.8363593e-01	 +3.2176219e-02 +1.7872912e-04	 1.03e+00 Accepted	 128	 261	
623	 5.8385901e-01	 +3.5390181e-02 -2.1921629e-03	 1.26e+00 Accepted	 128	 294	
624	 5.8375065e-01	 +3.1594732e-02 +1.7689647e-04	 7.71e-01 Accepted	 139	 281	
625	 5.8391296e-01	 +3.3361863e-02 -5.6064172e-04	 1.37e+00 Accepted	 135	 257	
626	 5.8372356e-01	 +3.3790214e-02 -3.6554435e-04	 8.38e-01 Accepted	 137	 360	
627	 5.8376482e-01	 +3.5168310e-02 +1.6599351e-03	 7.15e-01 Accepted	 158	 327	
628	 5.8356810e-01	 +3.3939341e-02 -3.3583320e-04	 9.37e-01 Accepted	 139	 252	
629	 5.8356810e-01	 +3.3939341e-02 -3.3583320e-04	 7.39e-01 Rejected	 123	 249	
630	 5.8387567e-01	 +3.4124077e-02 -6.9226033e-04	 1.24e+00 Accepted	 124	 274	
631	 5.8386315e-01	 +3.3276263e-02 +9.2763246e-04	 6.24e-01 Accepted	 135	 297	
632	 5.8407256e-01	 +3.3932597e-02 -4.7020248e-04	 1.40e+00 Accepted	 132	 267	
633	 5.8402276e-01	 +3.4061856e-02 -5.3613991e-04	 9.57e-01 Accepted	 130	 254	
634	 5.8384101e-01	 +3.5961285e-02 -8.4612384e-04	 7.92e-01 Accepted	 126	 272	
635	 5.8407177e-01	 +3.6211789e-02 -1.8673401e-03	 1.40e+00 Accepted	 135	 282	
636	 5.8416370e-01	 +3.4670608e-02 -4.8085357e-04	 1.38e+00 Accepted	 136	 298	
637	 5.8416370e-01	 +3.4670608e-02 -4.8085357e-04	 6.08e-01 Rejected	 140	 310	
638	 5.8413936e-01	 +3.3323385e-02 +5.7895739e-04	 6.61e-01 Accepted	 136	 284	
639	 5.8412607e-01	 +3.4932987e-02 -1.2815068e-03	 6.83e-01 Accepted	 130	 243	
640	 5.8421272e-01	 +3.4237452e-02 -8.6595911e-04	 9.90e-01 Accepted	 125	 307	
641	 5.8386284e-01	 +3.4146083e-02 -4.6045626e-04	 5.81e-01 Accepted	 136	 276	
642	 5.8401507e-01	 +3.4600535e-02 -2.7218787e-04	 1.33e+00 Accepted	 131	 287	
643	 5.8401507e-01	 +3.4600535e-02 -2.7218787e-04	 4.85e-01 Rejected	 137	 277	
644	 5.8396740e-01	 +3.6431301e-02 -1.6121739e-03	 1.02e+00 Accepted	 140	 322	
645	 5.8432259e-01	 +3.5981993e-02 +1.9850373e-05	 1.52e+00 Accepted	 144	 281	
646	 5.8432259e-01	 +3.5981993e-02 +1.9850373e-05	 5.91e-01 Rejected	 133	 267	
647	 5.8404654e-01	 +3.4589660e-02 +1.0393126e-04	 6.65e-01 Accepted	 133	 252	
648	 5.8434343e-01	 +3.4920158e-02 -6.3537429e-04	 1.54e+00 Accepted	 127	 276	
649	 5.8451958e-01	 +3.4130810e-02 -1.0371107e-03	 1.76e+00 Accepted	 145	 345	
650	 5.8451958e-01	 +3.4130810e-02 -1.0371107e-03	 6.80e-01 Rejected	 159	 304	
651	 5.8428310e-01	 +3.5229651e-02 -1.9414811e-04	 6.03e-01 Accepted	 161	 421	
652	 5.8402611e-01	 +3.6782038e-02 -2.3352261e-03	 8.76e-01 Accepted	 171	 375	
653	 5.8393495e-01	 +3.4863654e-02 -6.7185754e-04	 1.25e+00 Accepted	 155	 301	
654	 5.8406558e-01	 +3.5037557e-02 -2.2973172e-03	 1.47e+00 Accepted	 143	 329	
655	 5.8390098e-01	 +3.3376034e-02 -2.7131145e-03	 6.45e-01 Accepted	 149	 355	
656	 5.8399690e-01	 +3.6105697e-02 -1.9341367e-03	 1.21e+00 Accepted	 144	 247	
657	 5.8395280e-01	 +3.4840570e-02 -1.4650232e-03	 1.09e+00 Accepted	 129	 322	
658	 5.8398222e-01	 +3.3277508e-02 -1.1891001e-03	 1.03e+00 Accepted	 148	 357	
659	 5.8375409e-01	 +3.3625169e-02 -4.6856510e-04	 8.23e-01 Accepted	 149	 241	
660	 5.8375305e-01	 +3.3660871e-02 -5.7856683e-04	 1.21e+00 Accepted	 121	 242	
661	 5.8374223e-01	 +3.2305936e-02 -1.2015296e-03	 7.54e-01 Accepted	 124	 287	
662	 5.8374992e-01	 +3.2546611e-02 +6.2552474e-04	 1.01e+00 Accepted	 135	 261	
663	 5.8366621e-01	 +3.4335294e-02 +3.8142764e-04	 6.49e-01 Accepted	 126	 262	
664	 5.8372572e-01	 +3.4905955e-02 +7.3073074e-04	 8.80e-01 Accepted	 127	 248	
665	 5.8389708e-01	 +3.3018361e-02 +5.6519436e-04	 9.90e-01 Accepted	 123	 267	
666	 5.8389708e-01	 +3.3018361e-02 +5.6519436e-04	 6.52e-01 Rejected	 126	 280	
667	 5.8394488e-01	 +3.3133148e-02 -2.4513963e-04	 1.14e+00 Accepted	 127	 248	
668	 5.8394488e-01	 +3.3133148e-02 -2.4513963e-04	 6.97e-01 Rejected	 124	 257	
669	 5.8404902e-01	 +3.1836404e-02 -1.2992293e-03	 8.52e-01 Accepted	 139	 337	
670	 5.8404902e-01	 +3.1836404e-02 -1.2992293e-03	 8.69e-01 Rejected	 143	 247	
671	 5.8391025e-01	 +3.2403215e-02 -6.5965437e-04	 7.47e-01 Accepted	 152	 332	
672	 5.8374048e-01	 +3.0901806e-02 +4.7050373e-04	 8.71e-01 Accepted	 145	 279	
673	 5.8356791e-01	 +3.1713416e-02 -1.0035528e-03	 7.07e-01 Accepted	 133	 280	
674	 5.8368138e-01	 +3.1889419e-02 -2.0634685e-03	 1.24e+00 Accepted	 133	 268	
675	 5.8390965e-01	 +3.2092675e-02 -2.2540480e-03	 1.49e+00 Accepted	 131	 271	
676	 5.8399292e-01	 +2.9572470e-02 +6.3061896e-04	 8.24e-01 Accepted	 128	 257	
677	 5.8399292e-01	 +2.9572470e-02 +6.3061896e-04	 7.94e-01 Rejected	 137	 379	
678	 5.8414143e-01	 +3.2506172e-02 +2.0648497e-03	 1.17e+00 Accepted	 131	 310	
679	 5.8414143e-01	 +3.2506172e-02 +2.0648497e-03	 7.56e-01 Rejected	 137	 252	
680	 5.8414143e-01	 +3.2506172e-02 +2.0648497e-03	 4.78e-01 Rejected	 143	 316	
681	 5.8421969e-01	 +3.3080124e-02 +1.7434400e-03	 9.45e-01 Accepted	 145	 270	
682	 5.8423231e-01	 +3.3704546e-02 +2.4701748e-04	 1.21e+00 Accepted	 139	 308	
683	 5.8415372e-01	 +3.3725416e-02 +9.6270332e-04	 8.78e-01 Accepted	 140	 265	
684	 5.8431041e-01	 +3.4615393e-02 -1.7181489e-04	 1.36e+00 Accepted	 127	 260	
685	 5.8415096e-01	 +3.3875561e-02 -1.4991183e-03	 9.13e-01 Accepted	 131	 316	
686	 5.8412329e-01	 +3.1742641e-02 -1.8411449e-04	 1.55e+00 Accepted	 133	 258	
687	 5.8438968e-01	 +3.1783596e-02 -1.0791934e-03	 1.25e+00 Accepted	 125	 282	
688	 5.8429678e-01	 +3.0667320e-02 -6.7736412e-04	 1.03e+00 Accepted	 134	 274	
689	 5.8441424e-01	 +3.3798330e-02 -1.1627083e-03	 8.07e-01 Accepted	 134	 295	
690	 5.8414360e-01	 +3.3128762e-02 -1.1335496e-04	 9.51e-01 Accepted	 133	 293	
691	 5.8414360e-01	 +3.3128762e-02 -1.1335496e-04	 7.10e-01 Rejected	 136	 287	
692	 5.8403248e-01	 +3.3204864e-02 -1.1071177e-04	 9.09e-01 Accepted	 141	 310	
693	 5.8403983e-01	 +3.0980267e-02 -1.4590474e-03	 1.27e+00 Accepted	 141	 294	
694	 5.8390152e-01	 +3.2707151e-02 +6.4475777e-04	 8.91e-01 Accepted	 134	 272	
695	 5.8387671e-01	 +3.5421011e-02 +1.0052564e-04	 1.10e+00 Accepted	 133	 291	
696	 5.8378734e-01	 +3.4528357e-02 -5.3620745e-04	 8.29e-01 Accepted	 146	 343	
697	 5.8410224e-01	 +3.4403667e-02 +2.0174642e-03	 1.44e+00 Accepted	 162	 349	
698	 5.8400719e-01	 +3.4897021e-02 -1.0039313e-03	 1.16e+00 Accepted	 145	 271	
699	 5.8387563e-01	 +3.3694866e-02 -3.7041995e-04	 7.43e-01 Accepted	 132	 351	
700	 5.8400981e-01	 +3.3992310e-02 -1.1637653e-03	 1.32e+00 Accepted	 152	 316	
701	 5.8391594e-01	 +3.4350900e-02 -9.9593335e-05	 8.18e-01 Accepted	 144	 340	
702	 5.8369208e-01	 +3.4615993e-02 +1.0310888e-03	 7.84e-01 Accepted	 153	 350	
703	 5.8351230e-01	 +3.3199258e-02 -3.5253199e-04	 9.21e-01 Accepted	 151	 276	
704	 5.8370016e-01	 +3.2040220e-02 -9.0594229e-04	 9.84e-01 Accepted	 131	 277	
705	 5.8361179e-01	 +3.3492633e-02 -5.5904168e-04	 9.56e-01 Accepted	 133	 269	
706	 5.8372486e-01	 +3.0351558e-02 +6.1338216e-04	 1.17e+00 Accepted	 128	 266	
707	 5.8396767e-01	 +3.1324697e-02 -5.9588751e-04	 1.67e+00 Accepted	 127	 267	
708	 5.8396767e-01	 +3.1324697e-02 -5.9588751e-04	 8.74e-01 Rejected	 139	 345	
709	 5.8389477e-01	 +3.1331335e-02 -1.8135877e-04	 1.20e+00 Accepted	 131	 288	
710	 5.8385152e-01	 +2.9615104e-02 +8.8957987e-04	 1.04e+00 Accepted	 142	 308	
711	 5.8406833e-01	 +3.4660294e-02 +3.9544714e-04	 1.52e+00 Accepted	 142	 274	
712	 5.8402564e-01	 +3.3783599e-02 -1.7313640e-04	 7.29e-01 Accepted	 131	 271	
713	 5.8410953e-01	 +3.1931401e-02 +1.0575201e-03	 1.14e+00 Accepted	 128	 291	
714	 5.8417387e-01	 +3.0195353e-02 +9.7651123e-04	 1.09e+00 Accepted	 144	 349	
715	 5.8420547e-01	 +3.2314429e-02 +3.0349919e-03	 8.99e-01 Accepted	 152	 302	
716	 5.8406048e-01	 +3.2719697e-02 -6.4766567e-04	 8.67e-01 Accepted	 141	 325	
717	 5.8406971e-01	 +3.4420302e-02 +7.5997214e-04	 1.04e+00 Accepted	 141	 292	
718	 5.8406251e-01	 +3.3140290e-02 +7.6849447e-04	 9.51e-01 Accepted	 151	 335	
719	 5.8407278e-01	 +3.3001948e-02 -7.3708046e-04	 1.16e+00 Accepted	 142	 259	
720	 5.8423606e-01	 +3.2241060e-02 +5.2113146e-05	 1.18e+00 Accepted	 125	 254	
721	 5.8423606e-01	 +3.2241060e-02 +5.2113146e-05	 7.33e-01 Rejected	 130	 302	
722	 5.8423606e-01	 +3.2241060e-02 +5.2113146e-05	 5.68e-01 Rejected	 133	 320	
723	 5.8424403e-01	 +3.0007667e-02 -5.5623136e-04	 9.95e-01 Accepted	 135	 311	
724	 5.8437641e-01	 +3.1752698e-02 -1.4116231e-04	 1.53e+00 Accepted	 141	 311	
725	 5.8437641e-01	 +3.1752698e-02 -1.4116231e-04	 5.43e-01 Rejected	 142	 320	
726	 5.8434264e-01	 +3.4155005e-02 -1.4043924e-03	 8.50e-01 Accepted	 142	 306	
727	 5.8421892e-01	 +3.3323267e-02 -1.9306842e-03	 1.02e+00 Accepted	 132	 258	
728	 5.8434463e-01	 +3.4425703e-02 -6.1083272e-04	 1.04e+00 Accepted	 127	 254	
729	 5.8444045e-01	 +3.3621841e-02 -1.7179936e-03	 1.39e+00 Accepted	 129	 258	
730	 5.8424194e-01	 +3.3609290e-02 +6.7641955e-04	 6.30e-01 Accepted	 127	 257	
731	 5.8437220e-01	 +3.4009491e-02 +2.8618330e-04	 1.78e+00 Accepted	 126	 236	
732	 5.8419673e-01	 +3.2108867e-02 -2.6008603e-04	 6.57e-01 Accepted	 121	 247	
733	 5.8398538e-01	 +3.3156940e-02 +5.4562148e-04	 1.20e+00 Accepted	 127	 264	
734	 5.8414351e-01	 +3.3506201e-02 -1.4911556e-03	 1.35e+00 Accepted	 132	 329	
735	 5.8406706e-01	 +3.1415837e-02 -6.5979347e-04	 1.17e+00 Accepted	 142	 279	
736	 5.8406706e-01	 +3.1415837e-02 -6.5979347e-04	 7.08e-01 Rejected	 130	 254	
737	 5.8423195e-01	 +3.0977722e-02 -2.2072102e-04	 1.47e+00 Accepted	 133	 275	
738	 5.8423195e-01	 +3.0977722e-02 -2.2072102e-04	 6.69e-01 Rejected	 130	 286	
739	 5.8417955e-01	 +3.1622380e-02 -2.4454600e-03	 6.53e-01 Accepted	 127	 250	
740	 5.8396416e-01	 +3.1597670e-02 -1.2442214e-03	 8.02e-01 Accepted	 130	 296	
741	 5.8389673e-01	 +3.0003634e-02 -1.5550460e-03	 8.47e-01 Accepted	 132	 265	
742	 5.8412094e-01	 +3.3100279e-02 -8.6139737e-04	 1.36e+00 Accepted	 133	 265	
743	 5.8412094e-01	 +3.3100279e-02 -8.6139737e-04	 8.09e-01 Rejected	 127	 257	
744	 5.8432621e-01	 +2.8958308e-02 -1.1181772e-03	 1.06e+00 Accepted	 137	 292	
745	 5.8439222e-01	 +3.0674130e-02 -5.7918363e-04	 1.06e+00 Accepted	 129	 241	
746	 5.8427154e-01	 +3.1216847e-02 -8.3132273e-04	 7.73e-01 Accepted	 125	 253	
747	 5.8421312e-01	 +3.0000632e-02 -1.3395161e-03	 8.94e-01 Accepted	 129	 303	
748	 5.8413818e-01	 +3.1096186e-02 -1.2359296e-03	 7.07e-01 Accepted	 135	 269	
749	 5.8424736e-01	 +2.9408704e-02 -1.8579423e-03	 9.47e-01 Accepted	 142	 306	
750	 5.8404269e-01	 +3.0239195e-02 -7.4820884e-04	 5.43e-01 Accepted	 138	 278	
751	 5.8403958e-01	 +2.9682033e-02 +7.1579457e-05	 9.29e-01 Accepted	 141	 429	
752	 5.8399335e-01	 +2.9426572e-02 -2.3905194e-03	 1.03e+00 Accepted	 173	 337	
753	 5.8405999e-01	 +3.0794037e-02 -2.9639725e-03	 1.34e+00 Accepted	 154	 382	
754	 5.8391433e-01	 +3.0818036e-02 -2.6146306e-04	 8.03e-01 Accepted	 156	 300	
755	 5.8401997e-01	 +3.3630832e-02 -6.9642110e-04	 2.00e+00 Accepted	 134	 229	
756	 5.8395080e-01	 +3.1556313e-02 -6.5372283e-04	 9.18e-01 Accepted	 121	 261	
757	 5.8394258e-01	 +3.2098023e-02 -1.0619046e-03	 1.08e+00 Accepted	 139	 325	
758	 5.8394258e-01	 +3.2098023e-02 -1.0619046e-03	 7.05e-01 Rejected	 136	 251	
759	 5.8404785e-01	 +3.0441447e-02 -1.1542890e-03	 9.42e-01 Accepted	 139	 269	
760	 5.8411082e-01	 +3.0396697e-02 -1.0945869e-03	 1.39e+00 Accepted	 127	 275	
761	 5.8423372e-01	 +3.3157302e-02 -1.8827341e-03	 1.12e+00 Accepted	 133	 274	
762	 5.8422588e-01	 +3.2602280e-02 -1.1656492e-03	 9.32e-01 Accepted	 129	 239	
763	 5.8428321e-01	 +3.3848612e-02 -8.2721374e-04	 1.42e+00 Accepted	 124	 243	
764	 5.8428321e-01	 +3.3848612e-02 -8.2721374e-04	 7.56e-01 Rejected	 137	 389	
765	 5.8427690e-01	 +3.1113020e-02 -1.4156796e-03	 8.59e-01 Accepted	 126	 277	
766	 5.8427690e-01	 +3.1113020e-02 -1.4156796e-03	 8.34e-01 Rejected	 138	 309	
767	 5.8416590e-01	 +3.4184954e-02 -9.0162429e-04	 1.15e+00 Accepted	 137	 306	
768	 5.8382876e-01	 +3.2141939e-02 +1.1951798e-03	 6.83e-01 Accepted	 135	 273	
769	 5.8390707e-01	 +2.9969625e-02 -9.8613359e-04	 1.17e+00 Accepted	 131	 290	
770	 5.8368357e-01	 +3.1554708e-02 -1.4505574e-05	 8.84e-01 Accepted	 141	 318	
771	 5.8385528e-01	 +3.4951020e-02 -2.3167704e-04	 1.33e+00 Accepted	 138	 297	
772	 5.8385528e-01	 +3.4951020e-02 -2.3167704e-04	 7.75e-01 Rejected	 140	 247	
773	 5.8370973e-01	 +3.3320810e-02 -7.4610233e-04	 6.02e-01 Accepted	 132	 253	
774	 5.8374814e-01	 +3.3872129e-02 +4.1666715e-05	 1.02e+00 Accepted	 129	 314	
775	 5.8380794e-01	 +3.3181702e-02 -1.2569516e-03	 1.39e+00 Accepted	 142	 287	
776	 5.8379349e-01	 +3.4040389e-02 +4.3256684e-04	 1.09e+00 Accepted	 130	 287	
777	 5.8374230e-01	 +3.0473643e-02 +1.8182186e-03	 9.08e-01 Accepted	 136	 337	
778	 5.8374230e-01	 +3.0473643e-02 +1.8182186e-03	 8.30e-01 Rejected	 144	 291	
779	 5.8363178e-01	 +3.0803037e-02 -7.4014300e-04	 9.85e-01 Accepted	 146	 307	
780	 5.8363178e-01	 +3.0803037e-02 -7.4014300e-04	 8.33e-01 Rejected	 139	 302	
781	 5.8359799e-01	 +3.1619504e-02 -9.0323249e-04	 1.23e+00 Accepted	 146	 347	
782	 5.8345508e-01	 +3.1851937e-02 +7.8551986e-04	 1.19e+00 Accepted	 151	 314	
783	 5.8349177e-01	 +3.1647202e-02 -2.1968254e-04	 9.23e-01 Accepted	 143	 268	
784	 5.8359839e-01	 +3.2607052e-02 -1.6372629e-03	 8.10e-01 Accepted	 139	 302	
785	 5.8376509e-01	 +3.1785074e-02 +2.0011899e-04	 1.32e+00 Accepted	 142	 300	
786	 5.8374404e-01	 +3.1579663e-02 +1.4624104e-04	 1.22e+00 Accepted	 136	 254	
787	 5.8400521e-01	 +3.2032802e-02 +4.7272849e-06	 1.30e+00 Accepted	 124	 258	
788	 5.8383874e-01	 +3.1329829e-02 +2.1052915e-04	 9.15e-01 Accepted	 134	 349	
789	 5.8389383e-01	 +3.1896708e-02 -7.0135701e-04	 8.66e-01 Accepted	 141	 295	
790	 5.8374697e-01	 +3.2119231e-02 -1.9155122e-04	 9.90e-01 Accepted	 135	 305	
791	 5.8378166e-01	 +3.1554843e-02 -2.3767938e-03	 1.10e+00 Accepted	 141	 280	
792	 5.8382275e-01	 +3.2704118e-02 -1.5984316e-03	 1.42e+00 Accepted	 139	 387	
793	 5.8379297e-01	 +3.0631279e-02 -8.1978134e-05	 9.08e-01 Accepted	 155	 330	
794	 5.8372433e-01	 +3.1980607e-02 +2.7866369e-03	 6.96e-01 Accepted	 139	 266	
795	 5.8363674e-01	 +3.0170424e-02 +1.3758496e-03	 8.62e-01 Accepted	 133	 316	
796	 5.8377354e-01	 +3.0620458e-02 +1.9914873e-03	 1.06e+00 Accepted	 142	 292	
797	 5.8365247e-01	 +3.0574915e-02 +3.2174265e-04	 1.06e+00 Accepted	 138	 292	
798	 5.8377615e-01	 +2.9163437e-02 -1.2144307e-03	 7.37e-01 Accepted	 133	 306	
799	 5.8383601e-01	 +2.8298197e-02 +1.0248897e-03	 1.35e+00 Accepted	 136	 255	
800	 5.8372840e-01	 +2.9812642e-02 -8.8307120e-04	 8.06e-01 Accepted	 127	 298	
801	 5.8375271e-01	 +3.0940092e-02 +1.9717529e-03	 7.67e-01 Accepted	 142	 364	
802	 5.8396450e-01	 +3.0377305e-02 -4.7589890e-04	 9.26e-01 Accepted	 154	 322	
803	 5.8411671e-01	 +2.9071670e-02 +3.8537155e-04	 1.28e+00 Accepted	 145	 252	
804	 5.8420782e-01	 +2.8652748e-02 -1.2103933e-03	 1.05e+00 Accepted	 131	 281	
805	 5.8390159e-01	 +2.6909818e-02 -1.2919821e-03	 6.97e-01 Accepted	 134	 319	
806	 5.8389494e-01	 +2.9033530e-02 +4.5384252e-04	 9.69e-01 Accepted	 134	 255	
807	 5.8392830e-01	 +3.0612528e-02 +1.2001384e-03	 9.15e-01 Accepted	 137	 332	
808	 5.8389549e-01	 +3.1103969e-02 +3.4702780e-04	 9.26e-01 Accepted	 145	 285	
809	 5.8395577e-01	 +3.0699365e-02 +1.1321290e-03	 9.78e-01 Accepted	 133	 292	
810	 5.8386825e-01	 +2.9651803e-02 -1.2659466e-04	 1.25e+00 Accepted	 136	 298	
811	 5.8400890e-01	 +2.9852691e-02 -3.6858912e-05	 1.34e+00 Accepted	 137	 321	
812	 5.8397128e-01	 +3.0123541e-02 -1.7520222e-03	 8.48e-01 Accepted	 150	 375	
813	 5.8397112e-01	 +3.1414632e-02 +1.9168480e-03	 7.08e-01 Accepted	 150	 266	
814	 5.8397112e-01	 +3.1414632e-02 +1.9168480e-03	 7.82e-01 Rejected	 130	 270	
815	 5.8406787e-01	 +3.2570539e-02 +1.2616784e-03	 1.11e+00 Accepted	 128	 264	
816	 5.8393181e-01	 +3.3362700e-02 +2.0784463e-03	 9.78e-01 Accepted	 133	 299	
817	 5.8387735e-01	 +3.3854076e-02 -2.6711350e-03	 5.69e-01 Accepted	 135	 274	
818	 5.8386860e-01	 +2.9078600e-02 +2.2496530e-03	 8.69e-01 Accepted	 131	 309	
819	 5.8399371e-01	 +2.9807842e-02 -1.9199449e-03	 1.02e+00 Accepted	 143	 295	
820	 5.8387580e-01	 +3.1053605e-02 -1.7660896e-03	 6.25e-01 Accepted	 140	 272	
821	 5.8383723e-01	 +3.1432578e-02 -1.4726619e-03	 1.43e+00 Accepted	 136	 314	
822	 5.8368305e-01	 +2.9868136e-02 -1.4697253e-03	 1.15e+00 Accepted	 149	 309	
823	 5.8369284e-01	 +3.0477793e-02 -2.8279247e-03	 1.16e+00 Accepted	 138	 257	
824	 5.8352389e-01	 +3.0075804e-02 -1.3296843e-03	 1.04e+00 Accepted	 125	 263	
825	 5.8373328e-01	 +2.9573219e-02 -3.6524875e-03	 1.17e+00 Accepted	 142	 378	
826	 5.8380365e-01	 +2.8014327e-02 -2.3731202e-03	 1.30e+00 Accepted	 160	 364	
827	 5.8388598e-01	 +2.8886141e-02 -1.3945557e-03	 1.29e+00 Accepted	 165	 315	
828	 5.8383223e-01	 +3.1377393e-02 -8.8266472e-04	 1.28e+00 Accepted	 136	 261	
829	 5.8370739e-01	 +3.1362165e-02 -6.4326703e-04	 7.82e-01 Accepted	 132	 307	
830	 5.8357611e-01	 +2.7404570e-02 -7.3548875e-04	 9.16e-01 Accepted	 141	 292	
831	 5.8350016e-01	 +3.0098184e-02 +2.1688562e-04	 9.26e-01 Accepted	 136	 306	
832	 5.8370692e-01	 +2.8291078e-02 -2.2138921e-03	 8.80e-01 Accepted	 136	 241	
833	 5.8374434e-01	 +3.2048474e-02 -1.1629446e-03	 9.93e-01 Accepted	 121	 235	
834	 5.8397033e-01	 +2.7970278e-02 -1.6672069e-03	 1.22e+00 Accepted	 126	 269	
835	 5.8394995e-01	 +2.9167233e-02 -1.1025674e-03	 8.56e-01 Accepted	 134	 305	
836	 5.8410502e-01	 +2.9902421e-02 -3.8026629e-04	 1.08e+00 Accepted	 145	 340	
# Starting_type: CheckpointStart
# Trajectory_length / Number_of_MD_steps: 1 / 8
# 	 Plaquette	 Polyakov_Loop(re,im)	 Acc._Probability	 runtime_per_traj(s)	 CG_iterations	
837	 5.8408691e-01	 +2.9660267e-02 -3.2648538e-03	 1.32e+00 Accepted	 163	 313	
838	 5.8406602e-01	 +3.0763350e-02 -4.6424458e-04	 1.03e+00 Accepted	 147	 236	
839	 5.8357521e-01	 +3.1775435e-02 +9.3011428e-04	 5.36e-01 Accepted	 129	 315	
840	 5.8361214e-01	 +2.9709473e-02 -2.1045150e-03	 1.13e+00 Accepted	 149	 331	
841	 5.8364150e-01	 +2.9350655e-02 -2.5900442e-04	 1.27e+00 Accepted	 157	 296	
842	 5.8361712e-01	 +3.0021003e-02 +1.1850300e-04	 8.25e-01 Accepted	 149	 384	
843	 5.8359000e-01	 +2.8581873e-02 -1.0463152e-03	 1.09e+00 Accepted	 171	 375	
844	 5.8359000e-01	 +2.8581873e-02 -1.0463152e-03	 5.65e-01 Rejected	 156	 255	
845	 5.8387468e-01	 +2.8106537e-02 -1.5519231e-03	 1.36e+00 Accepted	 161	 321	
846	 5.8384625e-01	 +2.8984412e-02 -8.2837229e-04	 8.89e-01 Accepted	 154	 351	
847	 5.8385299e-01	 +3.0898425e-02 -3.3771538e-04	 1.24e+00 Accepted	 152	 266	
848	 5.8387191e-01	 +3.2037291e-02 -1.0791767e-03	 1.06e+00 Accepted	 127	 250	
849	 5.8397608e-01	 +3.3975227e-02 -4.6201592e-04	 1.62e+00 Accepted	 125	 253	
850	 5.8422718e-01	 +3.1729247e-02 +2.5944209e-04	 1.69e+00 Accepted	 126	 247	
851	 5.8425675e-01	 +3.3146628e-02 -1.8365264e-03	 9.32e-01 Accepted	 127	 283	
852	 5.8409456e-01	 +3.1189720e-02 -1.2705500e-03	 7.92e-01 Accepted	 137	 315	
853	 5.8415104e-01	 +3.1622927e-02 -8.0558363e-04	 1.26e+00 Accepted	 148	 330	
854	 5.8415104e-01	 +3.1622927e-02 -8.0558363e-04	 5.60e-01 Rejected	 148	 290	
855	 5.8408390e-01	 +3.2201009e-02 -1.0264852e-03	 7.00e-01 Accepted	 142	 254	
856	 5.8423262e-01	 +3.2174567e-02 -1.3828916e-04	 8.52e-01 Accepted	 127	 247	
857	 5.8413169e-01	 +3.3609936e-02 +1.6580143e-03	 7.05e-01 Accepted	 130	 305	
858	 5.8426600e-01	 +3.4141589e-02 +7.1707590e-04	 1.19e+00 Accepted	 132	 258	
859	 5.8419610e-01	 +3.1766296e-02 -1.2458665e-03	 8.12e-01 Accepted	 129	 272	
860	 5.8399659e-01	 +3.2820550e-02 +1.3706470e-03	 4.95e-01 Accepted	 139	 315	
861	 5.8413577e-01	 +3.0744768e-02 +6.0113490e-04	 1.22e+00 Accepted	 142	 309	
862	 5.8413577e-01	 +3.0744768e-02 +6.0113490e-04	 6.16e-01 Rejected	 141	 249	
863	 5.8374139e-01	 +3.1855851e-02 -7.8404962e-04	 6.40e-01 Accepted	 149	 319	
864	 5.8344417e-01	 +3.2951081e-02 -8.7496348e-04	 8.06e-01 Accepted	 147	 297	
865	 5.8374675e-01	 +3.3079034e-02 +9.2363340e-04	 1.14e+00 Accepted	 141	 319	
866	 5.8353545e-01	 +3.1402234e-02 +2.8321732e-04	 6.77e-01 Accepted	 156	 405	
867	 5.8363938e-01	 +2.9736463e-02 +6.4449753e-04	 1.42e+00 Accepted	 158	 280	
868	 5.8362366e-01	 +3.2400618e-02 +1.0008876e-03	 1.04e+00 Accepted	 138	 293	
869	 5.8376558e-01	 +3.3546895e-02 +2.5139046e-03	 1.15e+00 Accepted	 132	 238	
870	 5.8390183e-01	 +3.0961452e-02 +9.8342582e-04	 9.50e-01 Accepted	 125	 302	
871	 5.8395019e-01	 +3.0351449e-02 -7.3117457e-04	 1.02e+00 Accepted	 141	 328	
872	 5.8409091e-01	 +3.2768782e-02 +3.3143734e-04	 1.21e+00 Accepted	 150	 303	
873	 5.8388771e-01	 +3.2321514e-02 +1.4535573e-03	 6.55e-01 Accepted	 135	 260	
874	 5.8378632e-01	 +3.3558102e-02 +1.2419239e-05	 1.04e+00 Accepted	 134	 291	
875	 5.8372208e-01	 +3.1537710e-02 -4.6784748e-04	 9.00e-01 Accepted	 144	 326	
876	 5.8389214e-01	 +3.3919729e-02 +7.6497624e-04	 1.03e+00 Accepted	 143	 270	
877	 5.8405327e-01	 +3.1270274e-02 +2.0857415e-04	 1.37e+00 Accepted	 132	 280	
878	 5.8405327e-01	 +3.1270274e-02 +2.0857415e-04	 7.10e-01 Rejected	 136	 297	
879	 5.8404812e-01	 +3.6198028e-02 +1.2263140e-03	 1.45e+00 Accepted	 138	 289	
880	 5.8404812e-01	 +3.6198028e-02 +1.2263140e-03	 5.17e-01 Rejected	 130	 237	
881	 5.8406403e-01	 +3.3660423e-02 +1.3160394e-03	 8.56e-01 Accepted	 135	 240	
882	 5.8413744e-01	 +3.3550842e-02 +4.9115697e-04	 1.24e+00 Accepted	 125	 285	
883	 5.8393987e-01	 +3.2110849e-02 -3.0792827e-04	 6.39e-01 Accepted	 131	 258	
884	 5.8406534e-01	 +3.3411912e-02 +3.1455084e-04	 1.69e+00 Accepted	 125	 286	
885	 5.8406534e-01	 +3.3411912e-02 +3.1455084e-04	 7.23e-01 Rejected	 145	 365	
886	 5.8407914e-01	 +3.4249647e-02 +1.8008935e-03	 1.16e+00 Accepted	 133	 276	
887	 5.8407914e-01	 +3.4249647e-02 +1.8008935e-03	 5.84e-01 Rejected	 140	 297	
888	 5.8424064e-01	 +3.4270630e-02 +8.1294388e-04	 1.15e+00 Accepted	 128	 259	
889	 5.8413594e-01	 +3.3761529e-02 -9.0334592e-04	 8.25e-01 Accepted	 124	 257	
890	 5.8428364e-01	 +3.5113323e-02 -1.8919366e-03	 1.05e+00 Accepted	 125	 259	
891	 5.8438502e-01	 +3.6193574e-02 -1.8902749e-03	 8.77e-01 Accepted	 126	 272	
892	 5.8415933e-01	 +3.5177553e-02 -1.0608181e-03	 6.98e-01 Accepted	 129	 275	
893	 5.8407761e-01	 +3.4566227e-02 +4.7309330e-04	 8.67e-01 Accepted	 138	 271	
894	 5.8418162e-01	 +3.7293782e-02 -2.4048791e-04	 1.07e+00 Accepted	 138	 303	
895	 5.8413044e-01	 +3.6493649e-02 -4.8587935e-04	 9.77e-01 Accepted	 140	 307	
896	 5.8388688e-01	 +3.6754132e-02 -1.0560036e-03	 1.05e+00 Accepted	 137	 265	
897	 5.8392965e-01	 +3.4544145e-02 -1.0418682e-03	 1.07e+00 Accepted	 133	 302	
898	 5.8392965e-01	 +3.4544145e-02 -1.0418682e-03	 7.57e-01 Rejected	 150	 326	
899	 5.8411381e-01	 +3.5764939e-02 -6.8169630e-04	 1.07e+00 Accepted	 146	 328	
900	 5.8414623e-01	 +3.3778370e-02 -2.4257009e-03	 7.99e-01 Accepted	 146	 329	
901	 5.8418253e-01	 +3.4571899e-02 -1.7550518e-03	 1.26e+00 Accepted	 139	 291	
902	 5.8413428e-01	 +3.5708312e-02 -9.2643866e-05	 8.32e-01 Accepted	 136	 277	
903	 5.8416098e-01	 +3.5323449e-02 -2.1945405e-03	 1.05e+00 Accepted	 142	 338	
904	 5.8411724e-01	 +3.4651842e-02 -2.1738759e-03	 1.08e+00 Accepted	 160	 384	
905	 5.8413731e-01	 +3.4467645e-02 -2.8246975e-03	 1.08e+00 Accepted	 161	 323	
906	 5.8391444e-01	 +3.4751101e-02 -2.4186942e-03	 9.09e-01 Accepted	 140	 300	
907	 5.8390725e-01	 +3.4846181e-02 -5.5436428e-04	 8.35e-01 Accepted	 146	 334	
908	 5.8401110e-01	 +3.6299059e-02 -9.6968923e-05	 8.23e-01 Accepted	 155	 307	
909	 5.8401247e-01	 +3.4952426e-02 -1.0079171e-03	 1.18e+00 Accepted	 147	 317	
910	 5.8401674e-01	 +3.5442702e-02 -2.4998233e-05	 1.42e+00 Accepted	 144	 307	
911	 5.8398528e-01	 +3.5868222e-02 -1.1104013e-03	 9.50e-01 Accepted	 143	 341	
912	 5.8390471e-01	 +3.6996180e-02 -2.3683961e-04	 8.14e-01 Accepted	 157	 323	
913	 5.8366482e-01	 +3.6531589e-02 -4.0192973e-04	 7.45e-01 Accepted	 146	 293	
914	 5.8347103e-01	 +3.3074449e-02 -2.1377886e-03	 8.13e-01 Accepted	 145	 322	
915	 5.8361313e-01	 +3.3829217e-02 +2.6504163e-04	 1.52e+00 Accepted	 143	 274	
916	 5.8398163e-01	 +3.5391493e-02 -2.8783543e-03	 1.88e+00 Accepted	 133	 258	
917	 5.8398163e-01	 +3.5391493e-02 -2.8783543e-03	 9.27e-01 Rejected	 129	 283	
918	 5.8374407e-01	 +3.4744788e-02 -1.6360330e-04	 8.20e-01 Accepted	 129	 318	
919	 5.8367697e-01	 +3.4688787e-02 +1.6973766e-03	 7.25e-01 Accepted	 143	 311	
920	 5.8390190e-01	 +3.6486895e-02 -1.1712164e-03	 1.17e+00 Accepted	 147	 323	
921	 5.8387096e-01	 +3.6244486e-02 -7.7069626e-04	 7.92e-01 Accepted	 144	 268	
922	 5.8387096e-01	 +3.6244486e-02 -7.7069626e-04	 8.95e-01 Rejected	 133	 269	
923	 5.8421330e-01	 +3.4488145e-02 -2.9152157e-04	 1.43e+00 Accepted	 135	 278	
924	 5.8381265e-01	 +3.5297405e-02 +9.6902580e-04	 5.78e-01 Accepted	 143	 400	
925	 5.8361576e-01	 +3.3607423e-02 +4.3233769e-05	 6.93e-01 Accepted	 151	 293	
926	 5.8377940e-01	 +3.5553719e-02 +1.1488259e-03	 8.27e-01 Accepted	 138	 302	
927	 5.8390603e-01	 +3.5494344e-02 +3.3475747e-04	 1.05e+00 Accepted	 150	 329	
928	 5.8364490e-01	 +3.3437489e-02 +5.2647681e-05	 7.07e-01 Accepted	 147	 259	
929	 5.8383070e-01	 +3.6682243e-02 -1.2117604e-03	 1.24e+00 Accepted	 136	 298	
930	 5.8396543e-01	 +3.4691876e-02 +2.2948141e-04	 1.53e+00 Accepted	 145	 305	
931	 5.8411071e-01	 +3.5984526e-02 +8.4781458e-05	 1.16e+00 Accepted	 141	 273	
932	 5.8411071e-01	 +3.5984526e-02 +8.4781458e-05	 6.17e-01 Rejected	 129	 243	
933	 5.8397312e-01	 +3.6183581e-02 -1.1404138e-03	 6.82e-01 Accepted	 133	 286	
934	 5.8384636e-01	 +3.5239779e-02 -1.4724245e-03	 6.64e-01 Accepted	 144	 345	
935	 5.8388310e-01	 +3.6098487e-02 +3.1866656e-05	 1.10e+00 Accepted	 151	 330	
936	 5.8388274e-01	 +3.6319933e-02 +2.8215690e-04	 7.01e-01 Accepted	 144	 277	
937	 5.8418969e-01	 +3.6989173e-02 -8.7617104e-04	 1.14e+00 Accepted	 132	 250	
938	 5.8425339e-01	 +3.5957397e-02 +2.5574733e-06	 9.74e-01 Accepted	 132	 314	
939	 5.8403819e-01	 +3.7432484e-02 +4.3966498e-05	 6.05e-01 Accepted	 135	 259	
940	 5.8412439e-01	 +3.9332074e-02 -4.6146687e-04	 8.87e-01 Accepted	 127	 251	
941	 5.8430401e-01	 +3.8353477e-02 -1.1571776e-03	 1.07e+00 Accepted	 129	 273	
942	 5.8404988e-01	 +3.5226053e-02 +1.0191637e-03	 5.22e-01 Accepted	 128	 246	
943	 5.8384777e-01	 +3.7550947e-02 -2.3475852e-04	 6.55e-01 Accepted	 129	 280	
944	 5.8403582e-01	 +3.6310767e-02 +1.2240270e-04	 1.30e+00 Accepted	 141	 284	
945	 5.8413178e-01	 +3.5927253e-02 +4.6396569e-04	 1.15e+00 Accepted	 136	 283	
946	 5.8411015e-01	 +3.6599460e-02 -1.0339000e-03	 7.33e-01 Accepted	 133	 264	
947	 5.8408515e-01	 +3.6413585e-02 -1.3800866e-04	 8.17e-01 Accepted	 128	 279	
948	 5.8408515e-01	 +3.6413585e-02 -1.3800866e-04	 8.18e-01 Rejected	 134	 242	
949	 5.8386994e-01	 +3.3397592e-02 +1.6732785e-03	 1.07e+00 Accepted	 130	 254	
950	 5.8399093e-01	 +3.5248479e-02 +1.3337925e-03	 1.10e+00 Accepted	 126	 279	
951	 5.8397840e-01	 +3.6378282e-02 -8.9729106e-04	 8.61e-01 Accepted	 129	 254	
952	 5.8384802e-01	 +3.4925348e-02 -6.8483998e-04	 8.32e-01 Accepted	 129	 276	
953	 5.8384922e-01	 +3.6735053e-02 -1.3623120e-03	 1.45e+00 Accepted	 131	 269	
954	 5.8423409e-01	 +3.7012363e-02 +1.5071878e-03	 1.87e+00 Accepted	 148	 357	
955	 5.8423409e-01	 +3.7012363e-02 +1.5071878e-03	 7.10e-01 Rejected	 153	 276	
956	 5.8442971e-01	 +3.6090437e-02 -2.9932127e-03	 1.08e+00 Accepted	 156	 329	
957	 5.8442675e-01	 +3.6805455e-02 +1.0528258e-04	 8.46e-01 Accepted	 146	 290	
958	 5.8442675e-01	 +3.6805455e-02 +1.0528258e-04	 7.12e-01 Rejected	 138	 269	
959	 5.8432881e-01	 +3.5464490e-02 +1.6623816e-03	 8.27e-01 Accepted	 147	 334	
960	 5.8430761e-01	 +3.3470417e-02 -5.1707475e-04	 8.93e-01 Accepted	 142	 294	
961	 5.8430761e-01	 +3.3470417e-02 -5.1707475e-04	 5.33e-01 Rejected	 137	 257	
962	 5.8429509e-01	 +3.3124995e-02 +9.0768190e-04	 8.09e-01 Accepted	 140	 282	
963	 5.8429509e-01	 +3.3124995e-02 +9.0768190e-04	 8.10e-01 Rejected	 133	 257	
964	 5.8429509e-01	 +3.3124995e-02 +9.0768190e-04	 8.26e-01 Rejected	 134	 305	
965	 5.8426697e-01	 +3.2090865e-02 -4.9283721e-04	 7.77e-01 Accepted	 139	 297	
966	 5.8416746e-01	 +3.3449440e-02 -1.4933656e-03	 1.20e+00 Accepted	 136	 262	
967	 5.8427053e-01	 +3.4973561e-02 +6.7418220e-05	 8.81e-01 Accepted	 131	 264	
968	 5.8437310e-01	 +3.6450056e-02 -3.0014982e-03	 1.38e+00 Accepted	 130	 239	
969	 5.8419945e-01	 +3.5576554e-02 -1.4527865e-03	 9.19e-01 Accepted	 130	 313	
970	 5.8419945e-01	 +3.5576554e-02 -1.4527865e-03	 5.15e-01 Rejected	 145	 307	
971	 5.8419705e-01	 +3.6632914e-02 -2.0337131e-03	 1.24e+00 Accepted	 155	 418	
972	 5.8399060e-01	 +3.5783612e-02 -9.7244457e-04	 8.32e-01 Accepted	 157	 262	
973	 5.8391330e-01	 +3.7614125e-02 -1.6204159e-03	 1.29e+00 Accepted	 132	 321	
974	 5.8392194e-01	 +3.5280302e-02 -2.0182295e-03	 8.43e-01 Accepted	 154	 360	
975	 5.8401192e-01	 +3.5844835e-02 -4.6253209e-06	 1.46e+00 Accepted	 167	 361	
976	 5.8410040e-01	 +3.2891055e-02 -1.1630925e-04	 1.46e+00 Accepted	 150	 236	
977	 5.8390949e-01	 +3.6966042e-02 -7.8515579e-04	 5.03e-01 Accepted	 123	 260	
978	 5.8393355e-01	 +3.4892964e-02 -1.5675456e-04	 9.00e-01 Accepted	 128	 280	
979	 5.8399572e-01	 +3.4945338e-02 +1.1837890e-04	 1.06e+00 Accepted	 131	 276	
980	 5.8398259e-01	 +3.5743836e-02 -3.2133294e-03	 1.09e+00 Accepted	 133	 293	
981	 5.8415967e-01	 +3.7870885e-02 -9.9004560e-04	 1.19e+00 Accepted	 139	 301	
982	 5.8415967e-01	 +3.7870885e-02 -9.9004560e-04	 9.49e-01 Rejected	 134	 262	
983	 5.8415967e-01	 +3.7870885e-02 -9.9004560e-04	 4.77e-01 Rejected	 134	 281	
984	 5.8413601e-01	 +3.4414930e-02 +5.4838461e-04	 7.55e-01 Accepted	 139	 305	
985	 5.8406037e-01	 +3.4388498e-02 +1.2444914e-03	 9.67e-01 Accepted	 140	 317	
986	 5.8409408e-01	 +3.4431834e-02 -6.3512753e-04	 1.08e+00 Accepted	 148	 332	
987	 5.8401047e-01	 +3.5276745e-02 -6.0194662e-04	 8.21e-01 Accepted	 148	 346	
988	 5.8412426e-01	 +3.3553308e-02 +1.4474391e-06	 9.87e-01 Accepted	 146	 239	
989	 5.8432122e-01	 +3.1684527e-02 -4.1086482e-04	 1.51e+00 Accepted	 123	 271	
990	 5.8423748e-01	 +3.3640772e-02 +1.2738654e-04	 7.97e-01 Accepted	 128	 246	
991	 5.8415593e-01	 +3.7006973e-02 +5.7607956e-04	 8.42e-01 Accepted	 127	 294	
992	 5.8406059e-01	 +3.5512800e-02 -2.7401786e-04	 8.91e-01 Accepted	 139	 300	
993	 5.8402063e-01	 +3.3308751e-02 -1.3604937e-03	 9.59e-01 Accepted	 142	 343	
994	 5.8380905e-01	 +3.5196501e-02 +2.1804620e-03	 8.43e-01 Accepted	 143	 270	
995	 5.8374619e-01	 +3.5737453e-02 -1.5323545e-03	 1.17e+00 Accepted	 137	 324	
996	 5.8382164e-01	 +3.3208754e-02 +3.6483184e-04	 1.10e+00 Accepted	 143	 263	
997	 5.8376370e-01	 +3.2223976e-02 +9.3488641e-05	 1.30e+00 Accepted	 129	 268	
998	 5.8391588e-01	 +3.3633677e-02 -1.8538648e-03	 9.21e-01 Accepted	 133	 303	
999	 5.8393155e-01	 +3.3318083e-02 -1.3588644e-04	 9.29e-01 Accepted	 140	 310	
1000	 5.8374921e-01	 +3.4206999e-02 +4.9213618e-04	 1.08e+00 Accepted	 145	 282	
1001	 5.8387963e-01	 +3.3667476e-02 -1.1789845e-03	 1.21e+00 Accepted	 130	 279	
1002	 5.8367606e-01	 +3.4141715e-02 -2.5891722e-03	 5.94e-01 Accepted	 134	 266	
1003	 5.8384308e-01	 +3.4283023e-02 -9.6392174e-04	 1.28e+00 Accepted	 131	 265	
1004	 5.8379446e-01	 +3.2669954e-02 -4.1462546e-04	 8.38e-01 Accepted	 135	 313	
1005	 5.8399397e-01	 +3.2002233e-02 -3.1352619e-04	 1.35e+00 Accepted	 142	 296	
1006	 5.8384157e-01	 +3.2856375e-02 +9.0691337e-04	 7.67e-01 Accepted	 142	 315	
1007	 5.8396394e-01	 +3.3579737e-02 +1.5755386e-03	 9.89e-01 Accepted	 146	 329	
1008	 5.8400924e-01	 +3.6219642e-02 +7.1933336e-04	 9.18e-01 Accepted	 149	 290	
1009	 5.8392640e-01	 +3.3522385e-02 -7.4426045e-04	 1.30e+00 Accepted	 149	 295	
1010	 5.8392640e-01	 +3.3522385e-02 -7.4426045e-04	 6.19e-01 Rejected	 136	 260	
1011	 5.8386776e-01	 +3.3064029e-02 -7.6167179e-05	 6.89e-01 Accepted	 136	 276	
1012	 5.8363173e-01	 +3.3834554e-02 -6.3273692e-04	 9.26e-01 Accepted	 130	 262	
1013	 5.8397547e-01	 +3.3859920e-02 +1.5087209e-04	 1.06e+00 Accepted	 127	 260	
1014	 5.8407374e-01	 +3.4192037e-02 -3.2768436e-04	 1.22e+00 Accepted	 130	 290	
1015	 5.8415257e-01	 +3.2676197e-02 +2.7166513e-03	 1.59e+00 Accepted	 129	 248	
1016	 5.8415257e-01	 +3.2676197e-02 +2.7166513e-03	 7.99e-01 Rejected	 142	 386	
1017	 5.8392383e-01	 +3.1672908e-02 -7.7959008e-04	 9.58e-01 Accepted	 129	 292	
1018	 5.8373790e-01	 +3.1872700e-02 -4.6802364e-04	 8.41e-01 Accepted	 132	 247	
1019	 5.8394324e-01	 +3.2236855e-02 +7.7267757e-04	 8.51e-01 Accepted	 131	 262	
1020	 5.8404965e-01	 +3.4152833e-02 +1.1877864e-03	 1.03e+00 Accepted	 128	 247	
1021	 5.8406482e-01	 +3.3847196e-02 -2.1156978e-04	 1.04e+00 Accepted	 131	 356	
1022	 5.8429213e-01	 +3.5963706e-02 +4.1822861e-05	 1.70e+00 Accepted	 145	 247	
1023	 5.8430492e-01	 +3.5915571e-02 +4.8059782e-05	 7.53e-01 Accepted	 129	 301	
1024	 5.8430833e-01	 +3.5602207e-02 -4.4216581e-04	 7.95e-01 Accepted	 142	 274	
1025	 5.8430833e-01	 +3.5602207e-02 -4.4216581e-04	 5.82e-01 Rejected	 132	 269	
1026	 5.8409487e-01	 +3.3315147e-02 +2.0102529e-04	 7.62e-01 Accepted	 131	 256	
1027	 5.8394706e-01	 +3.3457242e-02 -7.8229206e-05	 1.22e+00 Accepted	 129	 278	
1028	 5.8410106e-01	 +3.3872701e-02 -1.3944609e-03	 1.43e+00 Accepted	 127	 259	
1029	 5.8408500e-01	 +3.4135878e-02 +1.4817529e-03	 9.39e-01 Accepted	 124	 251	
1030	 5.8418490e-01	 +3.4670858e-02 +1.4530517e-03	 1.67e+00 Accepted	 130	 303	
1031	 5.8421095e-01	 +3.3396043e-02 -2.2778253e-05	 9.10e-01 Accepted	 145	 311	
1032	 5.8417476e-01	 +3.3681731e-02 -7.5942302e-04	 8.84e-01 Accepted	 151	 312	
1033	 5.8411093e-01	 +3.6411574e-02 +1.3976255e-03	 9.10e-01 Accepted	 141	 328	
1034	 5.8436932e-01	 +3.4417032e-02 +3.6231386e-04	 1.28e+00 Accepted	 146	 270	
1035	 5.8406844e-01	 +3.5965366e-02 +8.5238116e-04	 6.76e-01 Accepted	 136	 295	
1036	 5.8442395e-01	 +3.4129972e-02 +6.0647564e-05	 1.45e+00 Accepted	 144	 296	
1037	 5.8421855e-01	 +3.4534079e-02 +2.6034052e-03	 8.08e-01 Accepted	 141	 282	
1038	 5.8421855e-01	 +3.4534079e-02 +2.6034052e-03	 9.09e-01 Rejected	 133	 255	
1039	 5.8421855e-01	 +3.4534079e-02 +2.6034052e-03	 5.67e-01 Rejected	 136	 285	
1040	 5.8410888e-01	 +3.3740591e-02 +5.3346965e-04	 6.48e-01 Accepted	 134	 257	
1041	 5.8414978e-01	 +3.2483183e-02 +1.2394014e-03	 9.42e-01 Accepted	 136	 282	
1042	 5.8405622e-01	 +3.4612167e-02 +2.5917558e-03	 9.51e-01 Accepted	 138	 329	
1043	 5.8392900e-01	 +3.4099278e-02 +3.5745381e-04	 1.14e+00 Accepted	 145	 288	
1044	 5.8366819e-01	 +3.1253473e-02 -4.5123926e-04	 8.83e-01 Accepted	 142	 313	
1045	 5.8364269e-01	 +3.4571787e-02 -6.8887866e-04	 1.30e+00 Accepted	 158	 374	
1046	 5.8370433e-01	 +3.5570262e-02 +1.0896699e-04	 1.37e+00 Accepted	 161	 334	
1047	 5.8376704e-01	 +3.4245063e-02 -1.9817884e-03	 1.12e+00 Accepted	 163	 368	
1048	 5.8391118e-01	 +3.3671539e-02 -4.0723932e-04	 8.31e-01 Accepted	 156	 279	
1049	 5.8382919e-01	 +3.4885330e-02 -1.5690509e-03	 8.24e-01 Accepted	 138	 285	
1050	 5.8390455e-01	 +3.4231184e-02 +2.5204060e-04	 1.40e+00 Accepted	 134	 300	
1051	 5.8390455e-01	 +3.4231184e-02 +2.5204060e-04	 6.17e-01 Rejected	 150	 320	
1052	 5.8390455e-01	 +3.4231184e-02 +2.5204060e-04	 6.78e-01 Rejected	 138	 262	
1053	 5.8394713e-01	 +3.4489184e-02 -5.1638665e-04	 1.46e+00 Accepted	 152	 343	
1054	 5.8397785e-01	 +3.2988506e-02 +2.1415319e-03	 1.12e+00 Accepted	 149	 314	
1055	 5.8374606e-01	 +3.6182117e-02 +2.1619227e-03	 7.08e-01 Accepted	 141	 321	
1056	 5.8396714e-01	 +3.4955424e-02 -2.3467693e-04	 1.10e+00 Accepted	 155	 380	
1057	 5.8406002e-01	 +3.2656415e-02 -1.3735696e-04	 1.06e+00 Accepted	 160	 285	
1058	 5.8405653e-01	 +3.4639424e-02 +1.8539412e-04	 1.08e+00 Accepted	 132	 248	
1059	 5.8431757e-01	 +3.4551854e-02 -1.0316480e-03	 1.58e+00 Accepted	 127	 288	
1060	 5.8432279e-01	 +3.4038869e-02 -1.2485392e-03	 1.00e+00 Accepted	 135	 283	
1061	 5.8412154e-01	 +3.5253805e-02 -9.2046745e-04	 6.25e-01 Accepted	 137	 284	
1062	 5.8412154e-01	 +3.5253805e-02 -9.2046745e-04	 9.09e-01 Rejected	 132	 279	
1063	 5.8393658e-01	 +3.4894650e-02 +6.9331152e-04	 1.36e+00 Accepted	 133	 263	
1064	 5.8389752e-01	 +3.5840351e-02 -2.1724911e-03	 7.84e-01 Accepted	 150	 384	
1065	 5.8381466e-01	 +3.5021911e-02 -1.1202485e-03	 1.02e+00 Accepted	 168	 363	
1066	 5.8379939e-01	 +3.6522147e-02 -2.9214109e-05	 1.49e+00 Accepted	 146	 289	
1067	 5.8361596e-01	 +3.6006886e-02 -6.0995993e-04	 7.72e-01 Accepted	 136	 268	
1068	 5.8369704e-01	 +3.5139920e-02 +1.1006028e-04	 1.05e+00 Accepted	 135	 244	
1069	 5.8386831e-01	 +3.4401462e-02 -2.3468968e-04	 1.46e+00 Accepted	 133	 361	
1070	 5.8399813e-01	 +3.6358621e-02 +1.4889477e-03	 8.97e-01 Accepted	 162	 362	
1071	 5.8371525e-01	 +3.5168343e-02 +5.2275226e-04	 8.69e-01 Accepted	 155	 283	
1072	 5.8376611e-01	 +3.4676983e-02 +9.2284135e-04	 1.32e+00 Accepted	 145	 350	
1073	 5.8381901e-01	 +3.5277587e-02 -2.0288594e-03	 1.33e+00 Accepted	 151	 267	
1074	 5.8381759e-01	 +3.6047265e-02 -1.2898919e-04	 8.52e-01 Accepted	 129	 288	
1075	 5.8382095e-01	 +3.7531166e-02 -9.5026096e-04	 1.22e+00 Accepted	 131	 250	
1076	 5.8392189e-01	 +3.8120651e-02 -2.4971796e-03	 1.96e+00 Accepted	 126	 278	
1077	 5.8385502e-01	 +3.7528327e-02 +6.0744205e-04	 8.36e-01 Accepted	 134	 284	
1078	 5.8387955e-01	 +3.7285719e-02 +1.8419018e-04	 1.43e+00 Accepted	 137	 297	
1079	 5.8387955e-01	 +3.7285719e-02 +1.8419018e-04	 7.15e-01 Rejected	 136	 299	
1080	 5.8397973e-01	 +3.6477531e-02 -5.5802687e-04	 1.93e+00 Accepted	 149	 367	
1081	 5.8406298e-01	 +3.8432803e-02 +1.5517151e-03	 9.43e-01 Accepted	 159	 370	
1082	 5.8414302e-01	 +3.7349288e-02 +1.5726172e-04	 1.26e+00 Accepted	 153	 298	
1083	 5.8413218e-01	 +3.5351192e-02 +1.4136185e-04	 1.01e+00 Accepted	 147	 324	
1084	 5.8423600e-01	 +3.5135107e-02 -6.5627961e-04	 1.44e+00 Accepted	 145	 247	
1085	 5.8440915e-01	 +3.5972180e-02 -6.9872245e-04	 1.28e+00 Accepted	 129	 279	
1086	 5.8403975e-01	 +3.4343128e-02 -2.6213146e-03	 6.66e-01 Accepted	 136	 263	
1087	 5.8406047e-01	 +3.6108260e-02 -4.6880689e-04	 8.55e-01 Accepted	 138	 338	
1088	 5.8398133e-01	 +3.5958871e-02 +1.6502111e-03	 1.41e+00 Accepted	 148	 277	
1089	 5.8395585e-01	 +3.3302658e-02 -2.3295675e-03	 1.12e+00 Accepted	 133	 249	
1090	 5.8412175e-01	 +3.6721603e-02 +1.6316050e-03	 1.05e+00 Accepted	 127	 275	
1091	 5.8419935e-01	 +3.4180586e-02 -1.7688835e-03	 1.32e+00 Accepted	 134	 284	
1092	 5.8430821e-01	 +3.5983046e-02 -7.7372049e-04	 1.57e+00 Accepted	 144	 335	
1093	 5.8430821e-01	 +3.5983046e-02 -7.7372049e-04	 5.17e-01 Rejected	 156	 303	
1094	 5.8407526e-01	 +3.4207137e-02 +8.5362626e-04	 6.03e-01 Accepted	 144	 254	
1095	 5.8412736e-01	 +3.7459093e-02 -6.5504894e-04	 1.16e+00 Accepted	 134	 307	
1096	 5.8384205e-01	 +3.5159264e-02 -4.8669657e-07	 5.71e-01 Accepted	 135	 263	
