# Starting_type: ColdStart
# serial RNG seed: 	[62798 20369 27260 39191 60881]
# parallel RNG seed:	[47664 18421 59646 40020 608]
# Trajectory_length / Number_of_MD_steps: 1 / 8
# 	 Plaquette	 Polyakov_Loop(re,im)	 Acc._Probability	 runtime_per_traj(s)	 CG_iterations	
1	 8.0407876e-01	 +4.3223218e-01 -5.7867284e-04	 1.79e-65 Skipping	 184	 222	
2	 7.3031830e-01	 +2.5727572e-01 +5.6272151e-04	 7.33e-32 Skipping	 183	 214	
3	 6.8401238e-01	 +1.7684044e-01 +4.6207741e-04	 1.04e-21 Skipping	 179	 210	
4	 6.5096477e-01	 +1.2873306e-01 +4.7305225e-04	 5.75e-16 Skipping	 178	 207	
5	 6.2745869e-01	 +1.0162177e-01 -8.1718393e-05	 1.72e-11 Skipping	 176	 206	
6	 6.1014182e-01	 +8.4844936e-02 -1.3831829e-03	 1.23e-08 Skipping	 178	 213	
7	 5.9772872e-01	 +7.0676495e-02 +3.5345759e-04	 1.88e-06 Skipping	 182	 214	
8	 5.8874964e-01	 +6.2017504e-02 -1.2773860e-03	 5.14e-05 Skipping	 189	 260	
9	 5.8223859e-01	 +5.7462490e-02 +7.0329064e-04	 9.87e-04 Skipping	 212	 261	
10	 5.7768416e-01	 +5.1461990e-02 -3.9659902e-04	 8.53e-03 Skipping	 205	 273	
11	 5.7422376e-01	 +4.7955030e-02 +5.9934367e-04	 2.67e-02 Skipping	 214	 281	
12	 5.7160745e-01	 +4.5487265e-02 -4.3842740e-04	 6.63e-02 Skipping	 223	 342	
13	 5.6994821e-01	 +4.3533460e-02 +4.7715493e-04	 1.02e-01 Skipping	 253	 357	
14	 5.6850132e-01	 +3.8457931e-02 -1.8045578e-03	 2.12e-01 Skipping	 254	 335	
15	 5.6756589e-01	 +3.9172285e-02 +2.1786170e-04	 4.37e-01 Skipping	 252	 396	
16	 5.6670795e-01	 +3.6826269e-02 -1.9583455e-04	 3.77e-01 Skipping	 254	 298	
17	 5.6622721e-01	 +3.3700323e-02 -4.6186819e-04	 5.19e-01 Skipping	 236	 400	
18	 5.6575230e-01	 +3.3823637e-02 -1.2222265e-03	 5.64e-01 Skipping	 264	 361	
19	 5.6545994e-01	 +3.3622599e-02 +2.7463754e-04	 1.03e+00 Skipping	 260	 376	
20	 5.6519436e-01	 +3.3076823e-02 +2.2888342e-04	 8.43e-01 Skipping	 254	 322	
21	 5.6520180e-01	 +3.2389196e-02 -6.5651948e-04	 8.80e-01 Skipping	 246	 406	
22	 5.6492691e-01	 +3.1408646e-02 -7.7513743e-05	 8.56e-01 Skipping	 273	 398	
23	 5.6464133e-01	 +2.9874997e-02 -1.2695587e-03	 8.23e-01 Skipping	 273	 422	
24	 5.6467739e-01	 +2.9027716e-02 -3.5602811e-04	 1.36e+00 Skipping	 290	 449	
25	 5.6467847e-01	 +2.8075732e-02 -7.6130888e-04	 1.21e+00 Skipping	 286	 347	
26	 5.6415666e-01	 +2.9443063e-02 +1.4031189e-04	 3.72e-01 Skipping	 263	 449	
27	 5.6423370e-01	 +2.8578099e-02 -1.1963656e-03	 1.01e+00 Skipping	 295	 410	
28	 5.6416173e-01	 +3.0423333e-02 -3.7744699e-04	 1.20e+00 Skipping	 278	 423	
29	 5.6405338e-01	 +3.0272663e-02 +1.2881055e-03	 7.80e-01 Skipping	 276	 331	
30	 5.6420604e-01	 +2.7575329e-02 +1.7830034e-03	 1.02e+00 Skipping	 251	 331	
31	 5.6426802e-01	 +2.9786594e-02 -1.2847504e-03	 1.06e+00 Skipping	 256	 366	
32	 5.6430557e-01	 +2.6285315e-02 -1.8527227e-04	 8.74e-01 Skipping	 269	 399	
33	 5.6460857e-01	 +2.6054052e-02 +9.3171840e-04	 1.19e+00 Skipping	 281	 412	
34	 5.6427597e-01	 +2.6075107e-02 -1.0850906e-03	 8.78e-01 Skipping	 285	 436	
35	 5.6417534e-01	 +2.7227310e-02 -1.0534232e-03	 8.48e-01 Skipping	 278	 404	
36	 5.6435934e-01	 +2.5403600e-02 +6.8959170e-04	 1.46e+00 Skipping	 290	 424	
37	 5.6426227e-01	 +2.6037860e-02 -1.1442444e-03	 9.46e-01 Skipping	 286	 407	
38	 5.6406696e-01	 +2.5644068e-02 -3.5638180e-04	 1.09e+00 Skipping	 290	 434	
39	 5.6405643e-01	 +2.3426083e-02 -1.2345802e-04	 1.20e+00 Skipping	 300	 473	
40	 5.6409333e-01	 +2.5701045e-02 -1.5761178e-03	 9.31e-01 Skipping	 302	 401	
41	 5.6415883e-01	 +2.4653582e-02 -1.1324666e-03	 1.26e+00 Skipping	 289	 455	
42	 5.6428945e-01	 +2.3852300e-02 -1.0369285e-04	 1.48e+00 Skipping	 305	 479	
43	 5.6437142e-01	 +2.3905346e-02 -1.1131595e-03	 9.37e-01 Skipping	 309	 458	
44	 5.6384675e-01	 +2.3859499e-02 -1.2299469e-03	 9.55e-01 Skipping	 304	 452	
45	 5.6385924e-01	 +2.2510834e-02 -6.9008898e-04	 1.58e+00 Skipping	 291	 428	
46	 5.6399350e-01	 +2.4248946e-02 -2.1647331e-04	 1.33e+00 Skipping	 288	 435	
47	 5.6405258e-01	 +2.2573943e-02 -1.5649061e-03	 8.33e-01 Skipping	 296	 474	
48	 5.6390080e-01	 +2.1529035e-02 -5.2658370e-04	 8.55e-01 Skipping	 310	 471	
49	 5.6383532e-01	 +2.2816847e-02 -1.2546240e-04	 1.12e+00 Skipping	 313	 487	
50	 5.6370285e-01	 +2.2284663e-02 +2.4323773e-03	 8.81e-01 Skipping	 311	 455	
51	 5.6389826e-01	 +2.2905234e-02 +1.3999256e-03	 1.11e+00 Accepted	 303	 465	
52	 5.6402450e-01	 +2.0060015e-02 +1.8191427e-03	 1.14e+00 Accepted	 309	 459	
53	 5.6379834e-01	 +2.1394208e-02 -3.1062124e-04	 1.19e+00 Accepted	 313	 475	
54	 5.6390417e-01	 +2.0965047e-02 +6.8807707e-04	 1.30e+00 Accepted	 305	 431	
55	 5.6374639e-01	 +1.9950271e-02 +1.2995317e-03	 1.32e+00 Accepted	 294	 409	
56	 5.6358533e-01	 +1.9427685e-02 -1.1452647e-03	 6.76e-01 Accepted	 288	 473	
57	 5.6364721e-01	 +1.9118090e-02 +9.9148691e-05	 1.04e+00 Accepted	 300	 390	
58	 5.6393786e-01	 +2.1212881e-02 -3.0929345e-03	 1.18e+00 Accepted	 280	 481	
59	 5.6387205e-01	 +1.9364586e-02 -1.1744227e-03	 9.10e-01 Accepted	 311	 482	
60	 5.6393242e-01	 +1.9718425e-02 +7.9195682e-04	 9.81e-01 Accepted	 310	 446	
61	 5.6395070e-01	 +2.1109602e-02 +4.9096540e-05	 1.24e+00 Accepted	 288	 388	
62	 5.6385875e-01	 +2.0211500e-02 -9.0377300e-04	 6.54e-01 Accepted	 279	 473	
63	 5.6381545e-01	 +1.7399346e-02 +4.7006491e-04	 1.12e+00 Accepted	 300	 477	
64	 5.6394709e-01	 +1.6656883e-02 +1.0451890e-03	 1.69e+00 Accepted	 305	 460	
65	 5.6382916e-01	 +1.6598641e-02 -1.8748207e-04	 7.95e-01 Accepted	 306	 459	
66	 5.6385014e-01	 +1.9584971e-02 -9.4066652e-05	 1.03e+00 Accepted	 300	 459	
67	 5.6379935e-01	 +1.6713902e-02 -5.2793035e-04	 1.18e+00 Accepted	 302	 463	
68	 5.6366495e-01	 +1.7892277e-02 -4.5219932e-04	 9.94e-01 Accepted	 300	 451	
69	 5.6368058e-01	 +1.7310144e-02 +9.7145106e-04	 1.12e+00 Accepted	 304	 448	
70	 5.6375208e-01	 +1.5502913e-02 -9.3369758e-06	 9.82e-01 Accepted	 306	 482	
71	 5.6375208e-01	 +1.5502913e-02 -9.3369758e-06	 5.41e-01 Rejected	 302	 474	
72	 5.6361534e-01	 +1.6141599e-02 +7.7280622e-04	 8.15e-01 Accepted	 312	 482	
73	 5.6379593e-01	 +1.5207101e-02 +1.9848390e-04	 1.03e+00 Accepted	 311	 466	
74	 5.6355758e-01	 +1.6271724e-02 -1.1504559e-03	 8.68e-01 Accepted	 309	 485	
75	 5.6352033e-01	 +1.7589535e-02 -5.1051281e-04	 8.26e-01 Accepted	 312	 461	
76	 5.6338601e-01	 +1.9154233e-02 +7.8601497e-04	 7.53e-01 Accepted	 312	 468	
77	 5.6354446e-01	 +1.8000217e-02 +3.2467588e-03	 1.96e+00 Accepted	 307	 465	
78	 5.6353969e-01	 +1.6104231e-02 +3.4394196e-04	 1.03e+00 Accepted	 298	 409	
79	 5.6378701e-01	 +1.7166403e-02 -1.1213126e-04	 1.21e+00 Accepted	 282	 447	
80	 5.6399038e-01	 +1.7817843e-02 +5.4770036e-04	 1.58e+00 Accepted	 296	 478	
81	 5.6384362e-01	 +1.6991152e-02 +1.1764410e-03	 7.61e-01 Accepted	 315	 452	
82	 5.6366375e-01	 +1.8012841e-02 +1.2492876e-03	 5.88e-01 Accepted	 310	 473	
83	 5.6382681e-01	 +1.5674485e-02 +9.3651793e-04	 1.14e+00 Accepted	 310	 467	
84	 5.6371409e-01	 +1.5929950e-02 +8.3471827e-04	 9.39e-01 Accepted	 300	 405	
85	 5.6375623e-01	 +1.5556981e-02 +1.1058588e-03	 7.92e-01 Accepted	 291	 439	
86	 5.6389930e-01	 +1.6084613e-02 +1.2457809e-03	 1.09e+00 Accepted	 289	 389	
87	 5.6409328e-01	 +1.6535777e-02 -1.7873441e-04	 7.73e-01 Accepted	 291	 452	
88	 5.6396550e-01	 +1.5501321e-02 -1.7605259e-03	 1.13e+00 Accepted	 306	 458	
89	 5.6417610e-01	 +1.6129150e-02 +4.3358290e-04	 1.44e+00 Accepted	 291	 423	
90	 5.6417610e-01	 +1.6129150e-02 +4.3358290e-04	 5.76e-01 Rejected	 300	 487	
91	 5.6417610e-01	 +1.6129150e-02 +4.3358290e-04	 6.06e-01 Rejected	 296	 437	
92	 5.6417610e-01	 +1.6129150e-02 +4.3358290e-04	 6.98e-01 Rejected	 292	 481	
93	 5.6406326e-01	 +1.6886758e-02 +1.6218838e-04	 8.48e-01 Accepted	 303	 458	
94	 5.6415240e-01	 +1.7391296e-02 +1.1737762e-03	 8.92e-01 Accepted	 305	 423	
95	 5.6393345e-01	 +1.3740811e-02 +1.8391115e-03	 7.21e-01 Accepted	 305	 491	
96	 5.6394163e-01	 +1.8325693e-02 +6.0115548e-05	 1.07e+00 Accepted	 315	 427	
97	 5.6394163e-01	 +1.8325693e-02 +6.0115548e-05	 8.77e-01 Rejected	 290	 439	
98	 5.6394163e-01	 +1.8325693e-02 +6.0115548e-05	 8.68e-01 Rejected	 291	 451	
99	 5.6412741e-01	 +1.5627595e-02 +1.6571084e-04	 1.71e+00 Accepted	 303	 436	
100	 5.6387944e-01	 +1.6245354e-02 -2.1338079e-04	 1.15e+00 Accepted	 305	 479	
101	 5.6357635e-01	 +1.7267099e-02 -4.7291723e-04	 6.51e-01 Accepted	 317	 478	
102	 5.6361631e-01	 +1.6566806e-02 -2.3709450e-03	 1.11e+00 Accepted	 307	 447	
103	 5.6371928e-01	 +1.6789807e-02 -4.8190162e-04	 1.39e+00 Accepted	 305	 471	
104	 5.6379924e-01	 +1.5921949e-02 -8.7998965e-04	 1.08e+00 Accepted	 306	 449	
105	 5.6379924e-01	 +1.5921949e-02 -8.7998965e-04	 4.25e-01 Rejected	 301	 478	
106	 5.6379924e-01	 +1.5921949e-02 -8.7998965e-04	 5.02e-01 Rejected	 301	 420	
107	 5.6364689e-01	 +1.8084179e-02 +5.4905991e-04	 8.46e-01 Accepted	 288	 450	
108	 5.6350582e-01	 +1.7748529e-02 +3.5063075e-04	 9.22e-01 Accepted	 304	 449	
109	 5.6377926e-01	 +1.7770510e-02 +8.2320658e-04	 1.21e+00 Accepted	 306	 488	
110	 5.6364532e-01	 +1.6137437e-02 -4.3044700e-04	 9.90e-01 Accepted	 319	 490	
111	 5.6368298e-01	 +1.6780875e-02 -7.7829636e-04	 1.02e+00 Accepted	 308	 429	
112	 5.6361292e-01	 +1.4335341e-02 -1.2134159e-03	 8.18e-01 Accepted	 304	 481	
113	 5.6361292e-01	 +1.4335341e-02 -1.2134159e-03	 5.68e-01 Rejected	 312	 465	
114	 5.6334163e-01	 +1.5639172e-02 -4.2069395e-04	 8.40e-01 Accepted	 306	 426	
115	 5.6355288e-01	 +1.7437044e-02 +1.7412683e-03	 6.80e-01 Accepted	 290	 456	
116	 5.6364749e-01	 +1.6158168e-02 +5.8004163e-05	 1.27e+00 Accepted	 304	 466	
117	 5.6374966e-01	 +1.4528721e-02 +1.5344580e-03	 1.23e+00 Accepted	 296	 470	
118	 5.6372857e-01	 +1.4847134e-02 +1.0707714e-03	 1.15e+00 Accepted	 292	 436	
119	 5.6371946e-01	 +1.1964908e-02 +1.7098972e-04	 7.88e-01 Accepted	 287	 392	
120	 5.6364473e-01	 +1.5757091e-02 +2.0388240e-04	 8.67e-01 Accepted	 285	 471	
121	 5.6357107e-01	 +1.3540266e-02 -6.1871487e-04	 9.07e-01 Accepted	 298	 434	
122	 5.6354297e-01	 +1.1302946e-02 +1.2758542e-03	 8.24e-01 Accepted	 294	 479	
123	 5.6342028e-01	 +1.0908683e-02 +8.5958782e-04	 1.01e+00 Accepted	 300	 426	
124	 5.6344893e-01	 +1.2572700e-02 -1.9959489e-04	 1.61e+00 Accepted	 298	 457	
125	 5.6353247e-01	 +1.2731453e-02 +5.9083452e-04	 1.97e+00 Accepted	 295	 420	
126	 5.6355913e-01	 +1.4090083e-02 +5.3016868e-04	 7.46e-01 Accepted	 296	 464	
127	 5.6350585e-01	 +1.4231602e-02 +6.0332668e-04	 1.32e+00 Accepted	 292	 436	
128	 5.6371011e-01	 +1.2749041e-02 -4.9138514e-04	 9.43e-01 Accepted	 281	 422	
129	 5.6372405e-01	 +1.2418305e-02 -1.6301063e-03	 1.04e+00 Accepted	 292	 430	
130	 5.6380362e-01	 +1.2956379e-02 +6.6135586e-04	 1.20e+00 Accepted	 294	 423	
131	 5.6352969e-01	 +1.1187765e-02 +9.1481644e-04	 5.96e-01 Accepted	 296	 443	
132	 5.6379818e-01	 +1.0978673e-02 +2.0305444e-03	 1.06e+00 Accepted	 295	 443	
133	 5.6361332e-01	 +1.1388154e-02 +1.1943982e-03	 7.96e-01 Accepted	 291	 435	
134	 5.6379938e-01	 +1.0807689e-02 +4.8915415e-04	 1.57e+00 Accepted	 302	 477	
135	 5.6382056e-01	 +1.0369436e-02 +1.2865095e-03	 1.18e+00 Accepted	 309	 431	
136	 5.6388584e-01	 +1.1594597e-02 +1.0328940e-03	 9.55e-01 Accepted	 305	 464	
137	 5.6375877e-01	 +9.7649289e-03 +9.7231359e-04	 8.56e-01 Accepted	 306	 482	
138	 5.6364876e-01	 +9.6513501e-03 +1.3741412e-03	 6.93e-01 Accepted	 297	 442	
139	 5.6369645e-01	 +9.8992066e-03 +4.0674749e-04	 7.18e-01 Accepted	 289	 463	
140	 5.6375653e-01	 +8.3451508e-03 -6.4547484e-04	 1.33e+00 Accepted	 308	 479	
141	 5.6361058e-01	 +9.5237465e-03 -2.2612959e-03	 1.02e+00 Accepted	 313	 473	
142	 5.6361058e-01	 +9.5237465e-03 -2.2612959e-03	 5.65e-01 Rejected	 311	 485	
143	 5.6368013e-01	 +1.1152877e-02 -6.3883123e-04	 8.28e-01 Accepted	 314	 506	
144	 5.6357307e-01	 +1.1004721e-02 -1.7426087e-03	 8.23e-01 Accepted	 319	 466	
145	 5.6348420e-01	 +1.0362471e-02 -4.1734986e-04	 8.98e-01 Accepted	 314	 474	
146	 5.6363930e-01	 +1.1337090e-02 +8.8691449e-04	 1.01e+00 Accepted	 309	 462	
147	 5.6369267e-01	 +9.3765217e-03 -2.5025590e-03	 9.09e-01 Accepted	 308	 464	
148	 5.6369267e-01	 +9.3765217e-03 -2.5025590e-03	 7.71e-01 Rejected	 311	 473	
149	 5.6357941e-01	 +1.0700368e-02 -7.1017673e-04	 6.62e-01 Accepted	 312	 466	
150	 5.6362711e-01	 +9.1426855e-03 +4.9687041e-04	 9.11e-01 Accepted	 309	 458	
