# Starting_type: ColdStart
# serial RNG seed: 	[57655 88 8730 34865 14968]
# parallel RNG seed:	[39140 19432 52684 56780 44613]
# Trajectory_length / Number_of_MD_steps: 1 / 8
# 	 Plaquette	 Polyakov_Loop(re,im)	 Acc._Probability	 runtime_per_traj(s)	 CG_iterations	
1	 8.0293734e-01	 +4.2665286e-01 +4.1588959e-04	 2.09e-66 Skipping	 238	 373	
2	 7.2735246e-01	 +2.4639250e-01 -5.6697647e-04	 2.60e-32 Skipping	 269	 408	
3	 6.7883398e-01	 +1.6407926e-01 +1.7687518e-04	 7.21e-22 Skipping	 281	 435	
4	 6.4434147e-01	 +1.2061102e-01 +1.1598373e-03	 9.96e-16 Skipping	 291	 458	
5	 6.1900635e-01	 +9.5437327e-02 -4.2891849e-04	 8.11e-12 Skipping	 300	 479	
6	 6.0046251e-01	 +7.6213152e-02 +1.5312733e-03	 6.45e-09 Skipping	 310	 495	
7	 5.8687873e-01	 +6.4527173e-02 +2.5373871e-04	 2.45e-06 Skipping	 321	 518	
8	 5.7713726e-01	 +5.4377421e-02 -8.8936558e-04	 8.00e-05 Skipping	 330	 536	
9	 5.7000550e-01	 +4.8726030e-02 +6.0635146e-04	 9.50e-04 Skipping	 339	 569	
10	 5.6480131e-01	 +4.5862608e-02 +9.2796395e-04	 9.15e-03 Skipping	 354	 568	
11	 5.6122598e-01	 +4.1830565e-02 -6.8033547e-04	 4.14e-02 Skipping	 359	 584	
12	 5.5840785e-01	 +3.8922862e-02 -1.0827954e-03	 1.09e-01 Skipping	 367	 636	
13	 5.5634313e-01	 +3.4242761e-02 -8.9944512e-04	 3.11e-01 Skipping	 383	 618	
14	 5.5483179e-01	 +3.3207211e-02 -1.6709505e-03	 2.22e-01 Skipping	 395	 670	
15	 5.5370035e-01	 +3.1849910e-02 +1.8544815e-03	 3.07e-01 Skipping	 412	 732	
16	 5.5269503e-01	 +2.9218508e-02 +6.9495397e-04	 4.23e-01 Skipping	 437	 749	
17	 5.5188790e-01	 +2.7981837e-02 +3.4469702e-04	 4.26e-01 Skipping	 441	 715	
18	 5.5117435e-01	 +2.7679647e-02 -1.0914714e-03	 3.87e-01 Skipping	 427	 732	
19	 5.5062086e-01	 +2.6343559e-02 +1.0116434e-04	 7.58e-01 Skipping	 456	 843	
20	 5.5038216e-01	 +2.5749803e-02 +1.2512322e-04	 8.56e-01 Skipping	 465	 764	
21	 5.5023736e-01	 +2.3552789e-02 -6.0052213e-04	 1.39e+00 Skipping	 452	 811	
22	 5.4996349e-01	 +2.3742881e-02 -1.1246029e-03	 1.07e+00 Skipping	 473	 825	
23	 5.5001503e-01	 +2.2108482e-02 -3.0356274e-04	 7.41e-01 Skipping	 458	 761	
24	 5.5000903e-01	 +2.1051609e-02 -1.6480006e-03	 1.11e+00 Skipping	 447	 752	
25	 5.4974141e-01	 +2.1543451e-02 +1.6919117e-03	 5.00e-01 Skipping	 456	 801	
26	 5.4953049e-01	 +2.0490834e-02 -4.4369259e-06	 9.53e-01 Skipping	 483	 861	
27	 5.4920287e-01	 +2.0500032e-02 +2.2221887e-04	 9.12e-01 Skipping	 493	 823	
28	 5.4923833e-01	 +2.0630715e-02 -1.7862454e-04	 1.13e+00 Skipping	 471	 846	
29	 5.4925093e-01	 +2.0448106e-02 -2.2092239e-04	 1.05e+00 Skipping	 475	 852	
30	 5.4916759e-01	 +1.8649590e-02 +1.3518690e-03	 8.65e-01 Skipping	 485	 870	
31	 5.4907796e-01	 +1.6913384e-02 -1.0822629e-03	 5.34e-01 Skipping	 504	 903	
32	 5.4897825e-01	 +1.9478829e-02 +7.1566635e-04	 9.50e-01 Skipping	 502	 859	
33	 5.4910870e-01	 +1.7812753e-02 +2.8561933e-03	 6.20e-01 Skipping	 498	 860	
34	 5.4889618e-01	 +1.8376464e-02 +5.3435132e-04	 8.06e-01 Skipping	 498	 877	
35	 5.4900048e-01	 +1.7493760e-02 +2.3133323e-03	 9.38e-01 Skipping	 500	 875	
36	 5.4871727e-01	 +1.7139337e-02 +2.3271576e-04	 6.83e-01 Skipping	 501	 881	
37	 5.4836609e-01	 +1.7585168e-02 +1.0328682e-03	 6.53e-01 Skipping	 510	 915	
38	 5.4845555e-01	 +1.6765225e-02 -4.6947485e-04	 1.29e+00 Skipping	 537	 926	
39	 5.4873029e-01	 +1.4558343e-02 +4.1826961e-04	 9.94e-01 Skipping	 538	 895	
40	 5.4874055e-01	 +1.4859560e-02 +7.2005013e-04	 1.46e+00 Skipping	 515	 881	
41	 5.4838356e-01	 +1.4174596e-02 -2.6736196e-05	 9.21e-01 Skipping	 526	 973	
42	 5.4836381e-01	 +1.5744497e-02 +5.8761400e-04	 9.78e-01 Skipping	 553	 979	
43	 5.4825224e-01	 +1.7027436e-02 -2.0122566e-03	 6.25e-01 Skipping	 546	 976	
44	 5.4830128e-01	 +1.7048056e-02 -3.8733461e-04	 1.34e+00 Skipping	 539	 969	
45	 5.4839859e-01	 +1.4460654e-02 +7.0331396e-04	 1.14e+00 Skipping	 532	 896	
46	 5.4821181e-01	 +1.2898145e-02 -8.7317055e-04	 1.45e+00 Skipping	 531	 990	
47	 5.4812009e-01	 +1.2948530e-02 -1.0371438e-03	 6.33e-01 Skipping	 544	 931	
48	 5.4835831e-01	 +1.1663548e-02 -3.1504355e-05	 1.80e+00 Skipping	 524	 957	
49	 5.4813001e-01	 +1.2555866e-02 +1.1807773e-03	 6.78e-01 Skipping	 541	 939	
50	 5.4817579e-01	 +1.4321551e-02 +1.0551443e-03	 1.48e+00 Skipping	 534	 972	
51	 5.4806481e-01	 +1.1931120e-02 -2.9004705e-04	 7.58e-01 Accepted	 542	 948	
52	 5.4787935e-01	 +1.3403324e-02 +7.5089648e-04	 5.82e-01 Accepted	 535	 887	
53	 5.4817789e-01	 +1.2653034e-02 +1.8068964e-03	 2.38e+00 Accepted	 513	 904	
54	 5.4801196e-01	 +1.0698431e-02 +3.3058066e-04	 1.03e+00 Accepted	 535	 970	
55	 5.4806169e-01	 +1.1309738e-02 -2.1510233e-05	 1.17e+00 Accepted	 543	 953	
56	 5.4805555e-01	 +1.2338780e-02 +9.2600523e-04	 1.11e+00 Accepted	 531	 906	
57	 5.4805555e-01	 +1.2338780e-02 +9.2600523e-04	 4.14e-01 Rejected	 526	 969	
58	 5.4812104e-01	 +1.1176302e-02 +3.1178832e-04	 1.71e+00 Accepted	 533	 971	
59	 5.4821900e-01	 +1.1087992e-02 +3.8663059e-04	 9.37e-01 Accepted	 537	 943	
60	 5.4854461e-01	 +1.0898966e-02 +2.3806317e-04	 1.20e+00 Accepted	 515	 872	
61	 5.4849889e-01	 +1.2793851e-02 -7.4809324e-04	 8.42e-01 Accepted	 506	 913	
62	 5.4832144e-01	 +1.1777349e-02 +2.9267813e-04	 1.04e+00 Accepted	 520	 957	
63	 5.4832144e-01	 +1.1777349e-02 +2.9267813e-04	 6.38e-01 Rejected	 539	 970	
64	 5.4814296e-01	 +1.1537013e-02 -4.7166358e-04	 8.16e-01 Accepted	 522	 914	
65	 5.4834259e-01	 +1.1086019e-02 -5.6087336e-04	 1.03e+00 Accepted	 517	 912	
66	 5.4808118e-01	 +1.0445716e-02 -6.1715038e-04	 6.84e-01 Accepted	 524	 943	
67	 5.4816928e-01	 +1.1429485e-02 -5.3269284e-05	 7.54e-01 Accepted	 523	 920	
68	 5.4801050e-01	 +7.2164388e-03 -1.3561626e-03	 9.32e-01 Accepted	 520	 957	
69	 5.4801050e-01	 +7.2164388e-03 -1.3561626e-03	 5.04e-01 Rejected	 531	 919	
70	 5.4801050e-01	 +7.2164388e-03 -1.3561626e-03	 7.89e-01 Rejected	 532	 943	
71	 5.4810685e-01	 +9.7414334e-03 -8.7269481e-04	 7.39e-01 Accepted	 534	 965	
72	 5.4810685e-01	 +9.7414334e-03 -8.7269481e-04	 6.26e-01 Rejected	 520	 897	
73	 5.4805843e-01	 +9.1232599e-03 -1.6661305e-03	 1.13e+00 Accepted	 526	 959	
74	 5.4815875e-01	 +7.0021736e-03 +2.7217659e-04	 1.08e+00 Accepted	 528	 993	
75	 5.4830424e-01	 +1.1321398e-02 -7.4684123e-04	 1.11e+00 Accepted	 551	 1029	
76	 5.4790951e-01	 +8.4753403e-03 +4.8051832e-04	 6.83e-01 Accepted	 552	 959	
77	 5.4807685e-01	 +9.2714274e-03 +5.1785406e-04	 1.22e+00 Accepted	 550	 966	
78	 5.4793260e-01	 +7.5076829e-03 -5.1248507e-04	 8.41e-01 Accepted	 532	 938	
79	 5.4793260e-01	 +7.5076829e-03 -5.1248507e-04	 4.49e-01 Rejected	 527	 922	
80	 5.4784945e-01	 +7.8721147e-03 +5.9042449e-04	 1.78e+00 Accepted	 534	 970	
81	 5.4784945e-01	 +7.8721147e-03 +5.9042449e-04	 5.06e-01 Rejected	 538	 975	
82	 5.4798448e-01	 +8.9262289e-03 +6.8004074e-04	 9.37e-01 Accepted	 540	 959	
83	 5.4786762e-01	 +5.3116221e-03 -1.0078273e-03	 5.33e-01 Accepted	 533	 962	
84	 5.4790451e-01	 +7.2867354e-03 +5.3037775e-05	 1.22e+00 Accepted	 538	 938	
85	 5.4792600e-01	 +8.2085037e-03 +1.3162502e-03	 9.63e-01 Accepted	 543	 985	
86	 5.4809548e-01	 +7.8762467e-03 +2.0411893e-03	 1.11e+00 Accepted	 556	 1012	
87	 5.4803608e-01	 +8.2612935e-03 -1.7889183e-03	 9.02e-01 Accepted	 553	 974	
88	 5.4789126e-01	 +8.6478865e-03 -7.3123339e-05	 7.58e-01 Accepted	 544	 989	
89	 5.4799876e-01	 +6.6671676e-03 +1.8645877e-03	 2.30e+00 Accepted	 547	 968	
# Starting_type: CheckpointStart
# Trajectory_length / Number_of_MD_steps: 1 / 8
# 	 Plaquette	 Polyakov_Loop(re,im)	 Acc._Probability	 runtime_per_traj(s)	 CG_iterations	
89	 5.4799876e-01	 +6.6671676e-03 +1.8645877e-03	 2.30e+00 Accepted	 552	 968	
90	 5.4799876e-01	 +6.6671676e-03 +1.8645877e-03	 5.86e-01 Rejected	 539	 927	
91	 5.4788168e-01	 +6.2469272e-03 -6.2487729e-04	 1.03e+00 Accepted	 557	 1026	
92	 5.4788168e-01	 +6.2469272e-03 -6.2487729e-04	 5.78e-01 Rejected	 561	 1002	
93	 5.4788168e-01	 +6.2469272e-03 -6.2487729e-04	 6.23e-01 Rejected	 548	 949	
94	 5.4784739e-01	 +7.2617795e-03 -1.0151427e-04	 1.19e+00 Accepted	 557	 975	
95	 5.4775818e-01	 +7.0672060e-03 +6.4141736e-04	 5.56e-01 Accepted	 543	 926	
96	 5.4746309e-01	 +7.0934000e-03 +3.1535162e-04	 1.05e+00 Accepted	 534	 936	
97	 5.4752377e-01	 +5.8367647e-03 +1.3623022e-03	 9.73e-01 Accepted	 529	 963	
98	 5.4727161e-01	 +5.7582434e-03 +1.0700281e-03	 1.07e+00 Accepted	 548	 978	
99	 5.4727161e-01	 +5.7582434e-03 +1.0700281e-03	 6.35e-01 Rejected	 552	 1015	
100	 5.4754447e-01	 +6.3666008e-03 +2.5145766e-03	 6.14e-01 Accepted	 540	 920	
101	 5.4733545e-01	 +4.5847446e-03 +1.1731695e-03	 1.18e+00 Accepted	 525	 977	
102	 5.4756761e-01	 +6.1581096e-03 +1.4912867e-03	 2.04e+00 Accepted	 545	 964	
103	 5.4755509e-01	 +6.6431137e-03 -1.5475397e-03	 9.03e-01 Accepted	 544	 959	
104	 5.4743510e-01	 +5.0299103e-03 -1.5096472e-03	 1.04e+00 Accepted	 544	 962	
105	 5.4745666e-01	 +4.2954261e-03 -4.8360544e-04	 1.36e+00 Accepted	 538	 955	
106	 5.4754363e-01	 +5.8157722e-03 -8.3539411e-04	 1.38e+00 Accepted	 548	 973	
107	 5.4772047e-01	 +7.2450730e-03 -3.6914299e-04	 8.65e-01 Accepted	 551	 986	
108	 5.4749594e-01	 +4.6725140e-03 +3.5815183e-03	 8.08e-01 Accepted	 567	 990	
109	 5.4775579e-01	 +7.1972805e-03 +9.0698050e-04	 9.73e-01 Accepted	 556	 1008	
110	 5.4799203e-01	 +6.5910608e-03 -1.1520874e-03	 9.48e-01 Accepted	 563	 1005	
111	 5.4792109e-01	 +6.3671677e-03 -2.2263686e-04	 6.69e-01 Accepted	 549	 979	
112	 5.4805424e-01	 +5.1212847e-03 -3.0413837e-04	 6.46e-01 Accepted	 553	 982	
113	 5.4805424e-01	 +5.1212847e-03 -3.0413837e-04	 3.64e-01 Rejected	 543	 954	
114	 5.4805424e-01	 +5.1212847e-03 -3.0413837e-04	 6.24e-01 Rejected	 560	 1013	
115	 5.4778412e-01	 +2.5419679e-03 +2.5747576e-04	 4.94e-01 Accepted	 545	 946	
116	 5.4786225e-01	 +3.0115242e-03 +1.1896010e-03	 9.21e-01 Accepted	 545	 948	
117	 5.4786225e-01	 +3.0115242e-03 +1.1896010e-03	 9.01e-01 Rejected	 534	 926	
118	 5.4803926e-01	 +2.7231058e-03 +5.9378110e-04	 9.36e-01 Accepted	 548	 979	
119	 5.4799616e-01	 +3.9171300e-03 +6.0084115e-04	 1.19e+00 Accepted	 551	 1002	
120	 5.4806294e-01	 +3.4341102e-03 -1.8086122e-03	 1.31e+00 Accepted	 547	 964	
121	 5.4800479e-01	 +2.5775088e-03 +1.1905952e-03	 1.04e+00 Accepted	 548	 1023	
122	 5.4800479e-01	 +2.5775088e-03 +1.1905952e-03	 3.01e-01 Rejected	 552	 946	
123	 5.4786154e-01	 +4.8397487e-03 +2.4578748e-05	 1.52e+00 Accepted	 556	 956	
124	 5.4796907e-01	 +2.0173040e-03 +5.3153015e-04	 1.24e+00 Accepted	 545	 1000	
125	 5.4782471e-01	 +4.3861058e-03 -3.1191374e-04	 9.76e-01 Accepted	 552	 968	
126	 5.4784079e-01	 +4.7666956e-03 +4.2606819e-04	 9.54e-01 Accepted	 538	 961	
127	 5.4784079e-01	 +4.7666956e-03 +4.2606819e-04	 3.10e-01 Rejected	 540	 959	
128	 5.4768155e-01	 +2.9152536e-03 -7.6173424e-04	 9.21e-01 Accepted	 547	 1035	
129	 5.4768155e-01	 +2.9152536e-03 -7.6173424e-04	 6.56e-01 Rejected	 566	 1027	
130	 5.4755386e-01	 +4.3272344e-03 +9.9736511e-04	 9.44e-01 Accepted	 566	 1056	
131	 5.4754603e-01	 +3.3071149e-03 +1.5317407e-03	 5.85e-01 Accepted	 571	 1032	
132	 5.4715489e-01	 +3.3742770e-03 -6.8163352e-04	 6.83e-01 Accepted	 557	 959	
133	 5.4725202e-01	 +1.4969210e-03 -3.3434112e-04	 1.34e+00 Accepted	 545	 996	
134	 5.4721785e-01	 +2.6570027e-03 -1.4169609e-03	 1.06e+00 Accepted	 559	 1007	
135	 5.4729472e-01	 +2.3595522e-03 +3.5729435e-05	 1.36e+00 Accepted	 562	 1017	
136	 5.4738583e-01	 +2.4335367e-03 +1.5458586e-03	 9.57e-01 Accepted	 559	 982	
137	 5.4738583e-01	 +2.4335367e-03 +1.5458586e-03	 7.01e-01 Rejected	 548	 956	
138	 5.4730758e-01	 +4.2021511e-03 -2.3663978e-03	 9.83e-01 Accepted	 542	 975	
139	 5.4727487e-01	 +2.1403056e-03 -1.1701303e-03	 7.92e-01 Accepted	 547	 985	
140	 5.4745428e-01	 +3.9078302e-03 +8.1333814e-04	 1.79e+00 Accepted	 546	 961	
141	 5.4750906e-01	 +6.2064734e-03 +2.3166784e-04	 8.03e-01 Accepted	 543	 958	
142	 5.4731907e-01	 +3.6894558e-03 -8.1599461e-04	 5.15e-01 Accepted	 535	 971	
143	 5.4748581e-01	 +1.5816258e-03 -3.9541348e-04	 1.12e+00 Accepted	 537	 926	
144	 5.4745100e-01	 +7.0162356e-03 -9.1665336e-04	 1.72e+00 Accepted	 537	 976	
145	 5.4723117e-01	 +4.4755279e-03 -4.9142311e-04	 9.21e-01 Accepted	 540	 960	
146	 5.4725482e-01	 +4.8313986e-03 +9.4210663e-04	 1.20e+00 Accepted	 538	 958	
147	 5.4716456e-01	 +3.8619911e-03 +1.3926213e-04	 6.88e-01 Accepted	 546	 973	
148	 5.4716456e-01	 +3.8619911e-03 +1.3926213e-04	 6.40e-01 Rejected	 549	 977	
149	 5.4721333e-01	 +1.9136143e-03 +1.1714051e-03	 1.59e+00 Accepted	 549	 967	
150	 5.4744243e-01	 +8.2820203e-04 +6.9891924e-04	 1.06e+00 Accepted	 547	 986	
151	 5.4756651e-01	 +2.7496570e-03 +1.2824022e-03	 1.06e+00 Accepted	 554	 966	
152	 5.4734808e-01	 +2.3037474e-03 +3.2660798e-03	 1.37e+00 Accepted	 545	 966	
153	 5.4753497e-01	 +1.9059851e-03 +2.6454807e-03	 8.43e-01 Accepted	 545	 981	
154	 5.4737415e-01	 +1.5682788e-03 +2.1031148e-03	 1.06e+00 Accepted	 540	 943	
155	 5.4742803e-01	 +2.8375851e-03 +3.3294199e-03	 7.89e-01 Accepted	 533	 949	
156	 5.4724262e-01	 +1.9215277e-03 +2.3977945e-03	 1.59e+00 Accepted	 536	 928	
157	 5.4724262e-01	 +1.9215277e-03 +2.3977945e-03	 6.50e-01 Rejected	 522	 940	
158	 5.4686492e-01	 +3.0444249e-03 +1.3056631e-03	 5.06e-01 Accepted	 528	 937	
159	 5.4692854e-01	 +1.8024046e-03 +2.6779304e-03	 1.35e+00 Accepted	 533	 953	
160	 5.4698989e-01	 +3.9283646e-05 +8.5161601e-04	 1.87e+00 Accepted	 543	 983	
161	 5.4687345e-01	 +2.0937122e-03 -1.7528758e-03	 7.39e-01 Accepted	 544	 951	
162	 5.4700024e-01	 +2.7820089e-03 -6.8138750e-04	 8.72e-01 Accepted	 538	 941	
163	 5.4734881e-01	 +1.9992114e-03 -5.6568886e-04	 1.48e+00 Accepted	 542	 976	
164	 5.4717106e-01	 +2.0857876e-03 +1.2495135e-03	 6.88e-01 Accepted	 542	 986	
165	 5.4704638e-01	 +2.9793999e-03 -1.1472412e-03	 8.47e-01 Accepted	 540	 919	
166	 5.4682519e-01	 +2.5573355e-03 -2.1536601e-04	 1.68e+00 Accepted	 533	 998	
167	 5.4715649e-01	 +8.7709057e-04 +2.0884249e-03	 1.73e+00 Accepted	 554	 991	
# Starting_type: CheckpointStart
# Trajectory_length / Number_of_MD_steps: 1 / 8
# 	 Plaquette	 Polyakov_Loop(re,im)	 Acc._Probability	 runtime_per_traj(s)	 CG_iterations	
167	 5.4715649e-01	 +8.7709057e-04 +2.0884249e-03	 1.73e+00 Accepted	 557	 991	
168	 5.4715649e-01	 +8.7709057e-04 +2.0884249e-03	 6.19e-01 Rejected	 558	 1054	
169	 5.4721091e-01	 +1.5783496e-03 -1.8665910e-04	 8.75e-01 Accepted	 542	 979	
170	 5.4728564e-01	 -1.1083078e-04 +1.0426474e-03	 1.36e+00 Accepted	 538	 949	
171	 5.4727746e-01	 +1.4907748e-03 -1.2848966e-03	 1.04e+00 Accepted	 545	 1011	
172	 5.4727746e-01	 +1.4907748e-03 -1.2848966e-03	 6.96e-01 Rejected	 559	 1003	
173	 5.4732934e-01	 +3.9899342e-03 -1.0947723e-04	 8.19e-01 Accepted	 560	 978	
174	 5.4732934e-01	 +3.9899342e-03 -1.0947723e-04	 5.38e-01 Rejected	 541	 984	
175	 5.4733318e-01	 +1.6721281e-03 -1.0507334e-03	 7.45e-01 Accepted	 552	 995	
176	 5.4751412e-01	 +1.5007140e-03 -6.0444576e-04	 5.68e-01 Accepted	 565	 1046	
177	 5.4751412e-01	 +1.5007140e-03 -6.0444576e-04	 8.78e-01 Rejected	 563	 974	
178	 5.4729033e-01	 +1.3747537e-03 -1.8787254e-04	 1.75e+00 Accepted	 557	 980	
179	 5.4719863e-01	 +1.8303867e-03 -1.5256268e-03	 5.66e-01 Accepted	 545	 1006	
180	 5.4725479e-01	 +1.4451521e-04 +1.3608049e-03	 9.12e-01 Accepted	 551	 970	
181	 5.4725479e-01	 +1.4451521e-04 +1.3608049e-03	 6.30e-01 Rejected	 538	 952	
182	 5.4725479e-01	 +1.4451521e-04 +1.3608049e-03	 4.36e-01 Rejected	 540	 968	
183	 5.4725742e-01	 +3.0062558e-03 -6.2270668e-04	 1.19e+00 Accepted	 543	 964	
184	 5.4703304e-01	 +4.3315122e-03 +2.5892156e-03	 8.09e-01 Accepted	 540	 959	
185	 5.4693723e-01	 +2.6181477e-03 +1.0746798e-03	 6.73e-01 Accepted	 553	 1019	
186	 5.4720515e-01	 +3.6048732e-03 +1.1243561e-03	 1.00e+00 Accepted	 564	 971	
187	 5.4738027e-01	 +3.4100317e-03 +1.2987687e-04	 1.74e+00 Accepted	 540	 962	
188	 5.4738027e-01	 +3.4100317e-03 +1.2987687e-04	 7.84e-01 Rejected	 534	 976	
189	 5.4758942e-01	 +1.8264548e-03 +1.3940370e-04	 7.31e-01 Accepted	 543	 960	
190	 5.4733395e-01	 +2.7379073e-03 +1.4420293e-03	 9.21e-01 Accepted	 533	 956	
191	 5.4733395e-01	 +2.7379073e-03 +1.4420293e-03	 7.75e-01 Rejected	 537	 939	
192	 5.4733395e-01	 +2.7379073e-03 +1.4420293e-03	 4.39e-01 Rejected	 550	 1028	
193	 5.4762024e-01	 +4.5520444e-04 -9.3545857e-04	 1.54e+00 Accepted	 544	 989	
194	 5.4726775e-01	 +3.1564522e-04 +4.3555802e-04	 7.39e-01 Accepted	 548	 960	
195	 5.4711499e-01	 +1.4679688e-03 +2.1133150e-03	 9.60e-01 Accepted	 544	 976	
196	 5.4711499e-01	 +1.4679688e-03 +2.1133150e-03	 5.98e-01 Rejected	 563	 1050	
197	 5.4688300e-01	 +1.3654705e-03 +1.2417493e-04	 9.14e-01 Accepted	 556	 988	
198	 5.4679853e-01	 +2.2069727e-03 -1.2691930e-03	 1.11e+00 Accepted	 555	 986	
199	 5.4690140e-01	 +4.4961184e-04 -9.6454057e-04	 1.26e+00 Accepted	 561	 994	
200	 5.4690140e-01	 +4.4961184e-04 -9.6454057e-04	 5.99e-01 Rejected	 559	 1027	
201	 5.4686183e-01	 +1.7568737e-03 +1.6521563e-03	 1.22e+00 Accepted	 551	 977	
202	 5.4711098e-01	 +2.8534054e-03 -2.2365324e-04	 8.17e-01 Accepted	 552	 955	
203	 5.4721991e-01	 +2.4622242e-03 -1.8839239e-04	 1.02e+00 Accepted	 541	 961	
204	 5.4739052e-01	 +1.2182807e-03 -6.5450851e-04	 9.89e-01 Accepted	 541	 970	
205	 5.4739052e-01	 +1.2182807e-03 -6.5450851e-04	 4.29e-01 Rejected	 546	 992	
206	 5.4769902e-01	 +1.4612438e-03 -4.0684982e-06	 2.14e+00 Accepted	 555	 1007	
207	 5.4787363e-01	 +3.8148408e-03 -4.5407936e-04	 8.61e-01 Accepted	 566	 986	
208	 5.4757542e-01	 +4.2194985e-03 -4.4366029e-04	 3.54e-01 Accepted	 568	 1006	
209	 5.4748475e-01	 +1.7604895e-03 -2.2949940e-03	 1.00e+00 Accepted	 554	 1019	
210	 5.4748475e-01	 +1.7604895e-03 -2.2949940e-03	 6.03e-01 Rejected	 549	 928	
211	 5.4748475e-01	 +1.7604895e-03 -2.2949940e-03	 5.15e-01 Rejected	 554	 977	
212	 5.4740722e-01	 +3.1845147e-03 -1.0271162e-03	 8.98e-01 Accepted	 557	 982	
213	 5.4724197e-01	 +1.9200400e-03 -2.4494551e-04	 6.54e-01 Accepted	 541	 962	
214	 5.4724197e-01	 +1.9200400e-03 -2.4494551e-04	 4.88e-01 Rejected	 548	 992	
215	 5.4724197e-01	 +1.9200400e-03 -2.4494551e-04	 7.16e-01 Rejected	 547	 979	
216	 5.4752257e-01	 +1.8809886e-03 +1.6300911e-04	 1.29e+00 Accepted	 537	 929	
217	 5.4752257e-01	 +1.8809886e-03 +1.6300911e-04	 6.15e-01 Rejected	 538	 981	
218	 5.4756847e-01	 +1.6633124e-03 -1.4374752e-03	 1.13e+00 Accepted	 541	 954	
219	 5.4757965e-01	 +3.2833950e-03 -3.2488004e-04	 1.24e+00 Accepted	 542	 965	
220	 5.4757965e-01	 +3.2833950e-03 -3.2488004e-04	 8.19e-01 Rejected	 545	 986	
221	 5.4734867e-01	 +1.8799630e-03 +2.3055844e-04	 5.80e-01 Accepted	 553	 1031	
222	 5.4738046e-01	 +1.8060129e-03 -6.1838455e-04	 8.80e-01 Accepted	 559	 941	
223	 5.4725819e-01	 +3.8636631e-03 +5.3717933e-04	 4.56e-01 Accepted	 545	 1003	
224	 5.4725836e-01	 +2.4174951e-03 -2.6033136e-03	 9.14e-01 Accepted	 557	 970	
225	 5.4712490e-01	 +1.2443531e-03 -4.0039655e-05	 1.38e+00 Accepted	 534	 943	
226	 5.4709385e-01	 +3.4334545e-03 +5.1359918e-04	 2.02e+00 Accepted	 532	 971	
227	 5.4702283e-01	 +3.2236417e-03 +9.7557637e-04	 9.71e-01 Accepted	 542	 957	
228	 5.4702283e-01	 +3.2236417e-03 +9.7557637e-04	 9.39e-01 Rejected	 542	 1002	
229	 5.4695892e-01	 +2.3869466e-03 +5.4803908e-04	 8.95e-01 Accepted	 541	 966	
230	 5.4707295e-01	 +2.3922517e-03 -3.5707585e-04	 1.02e+00 Accepted	 546	 982	
231	 5.4711452e-01	 +3.1443958e-03 -8.8916802e-04	 1.03e+00 Accepted	 551	 1013	
232	 5.4705003e-01	 +1.8553580e-03 -3.0862474e-04	 7.87e-01 Accepted	 557	 975	
233	 5.4713449e-01	 +2.9693760e-03 -9.1816279e-04	 9.47e-01 Accepted	 549	 1025	
234	 5.4713449e-01	 +2.9693760e-03 -9.1816279e-04	 5.54e-01 Rejected	 558	 1000	
235	 5.4720561e-01	 +2.9998852e-03 +1.7678967e-04	 2.15e+00 Accepted	 561	 987	
236	 5.4731424e-01	 +1.4707012e-03 +4.5198984e-04	 1.60e+00 Accepted	 548	 980	
237	 5.4745866e-01	 +2.2474845e-03 +1.1851245e-03	 7.12e-01 Accepted	 562	 1066	
238	 5.4753591e-01	 +1.8145835e-03 +2.4705998e-03	 1.30e+00 Accepted	 578	 999	
239	 5.4740034e-01	 +1.0528080e-03 +7.4058108e-04	 1.16e+00 Accepted	 548	 946	
240	 5.4741238e-01	 +2.7623925e-03 +1.9196222e-03	 1.18e+00 Accepted	 545	 962	
241	 5.4739971e-01	 +1.4547214e-03 +1.3906445e-03	 9.10e-01 Accepted	 547	 955	
242	 5.4739971e-01	 +1.4547214e-03 +1.3906445e-03	 6.63e-01 Rejected	 539	 988	
243	 5.4723568e-01	 +8.3108941e-04 -7.4029043e-04	 1.77e+00 Accepted	 539	 970	
244	 5.4748783e-01	 +2.6877061e-03 +5.9810624e-04	 1.24e+00 Accepted	 539	 940	
# Starting_type: CheckpointStart
# Trajectory_length / Number_of_MD_steps: 1 / 8
# 	 Plaquette	 Polyakov_Loop(re,im)	 Acc._Probability	 runtime_per_traj(s)	 CG_iterations	
245	 5.4725721e-01	 +3.2295375e-03 +2.5909947e-04	 1.29e+00 Accepted	 541	 996	
246	 5.4732273e-01	 +2.6266517e-03 -8.8263966e-04	 1.39e+00 Accepted	 554	 960	
247	 5.4701177e-01	 +2.4082874e-03 -5.2972157e-04	 6.09e-01 Accepted	 545	 970	
248	 5.4723787e-01	 +2.3850863e-03 +1.6034623e-04	 1.34e+00 Accepted	 540	 980	
249	 5.4729274e-01	 +7.1955242e-04 +5.0664953e-04	 9.61e-01 Accepted	 550	 977	
250	 5.4719030e-01	 +1.7517040e-03 -7.6187520e-04	 5.57e-01 Accepted	 548	 976	
251	 5.4744733e-01	 +2.0117976e-03 +4.1027762e-04	 1.08e+00 Accepted	 544	 953	
252	 5.4753414e-01	 +7.6423186e-04 +1.1401670e-03	 1.40e+00 Accepted	 541	 957	
253	 5.4753414e-01	 +7.6423186e-04 +1.1401670e-03	 7.59e-01 Rejected	 534	 925	
254	 5.4726399e-01	 +2.0133927e-03 +5.0579634e-04	 1.39e+00 Accepted	 546	 1004	
255	 5.4693884e-01	 +9.3519349e-04 +9.4131988e-04	 9.50e-01 Accepted	 547	 991	
256	 5.4713973e-01	 +1.7416368e-03 +2.2861799e-03	 1.05e+00 Accepted	 543	 980	
257	 5.4713973e-01	 +1.7416368e-03 +2.2861799e-03	 9.24e-01 Rejected	 548	 977	
258	 5.4722529e-01	 +1.6352663e-03 +1.5648038e-04	 1.02e+00 Accepted	 546	 1030	
259	 5.4702056e-01	 +1.3344592e-03 +7.3696131e-04	 5.28e-01 Accepted	 558	 993	
260	 5.4709835e-01	 +4.3538629e-04 -2.5261771e-04	 8.65e-01 Accepted	 551	 990	
261	 5.4709835e-01	 +4.3538629e-04 -2.5261771e-04	 6.84e-01 Rejected	 550	 962	
262	 5.4716502e-01	 +1.8779301e-03 +1.7327862e-03	 1.40e+00 Accepted	 562	 1027	
263	 5.4716502e-01	 +1.8779301e-03 +1.7327862e-03	 4.07e-01 Rejected	 558	 972	
264	 5.4724716e-01	 +2.0379344e-03 +4.6136780e-04	 8.99e-01 Accepted	 562	 1005	
265	 5.4734194e-01	 -4.9446978e-04 +4.2847362e-04	 9.83e-01 Accepted	 554	 973	
266	 5.4734194e-01	 -4.9446978e-04 +4.2847362e-04	 6.64e-01 Rejected	 563	 1034	
267	 5.4718189e-01	 +1.4678497e-03 +6.4403862e-05	 8.59e-01 Accepted	 546	 994	
268	 5.4728645e-01	 +2.2021668e-03 +8.6863948e-04	 1.19e+00 Accepted	 551	 988	
269	 5.4728645e-01	 +2.2021668e-03 +8.6863948e-04	 6.48e-01 Rejected	 557	 1011	
270	 5.4753214e-01	 +9.9110713e-04 +5.6888697e-04	 2.15e+00 Accepted	 550	 974	
271	 5.4775058e-01	 -1.7923059e-03 -3.0431634e-04	 1.44e+00 Accepted	 558	 1010	
272	 5.4747631e-01	 -7.5649719e-04 +6.6850078e-04	 1.01e+00 Accepted	 554	 969	
273	 5.4753152e-01	 +8.8473215e-04 +1.0236872e-04	 1.20e+00 Accepted	 541	 982	
274	 5.4717269e-01	 +9.2344443e-04 -7.1472293e-04	 4.18e-01 Accepted	 556	 993	
275	 5.4705719e-01	 -2.4125622e-04 -3.6151105e-04	 8.95e-01 Accepted	 546	 932	
276	 5.4708750e-01	 +1.8558496e-03 -1.0444824e-04	 5.70e-01 Accepted	 530	 961	
277	 5.4718712e-01	 +5.7507606e-04 +1.3774718e-03	 1.31e+00 Accepted	 544	 943	
278	 5.4689371e-01	 +2.5561231e-03 +7.0412467e-04	 7.69e-01 Accepted	 549	 985	
279	 5.4662158e-01	 +2.4613098e-03 +1.3068248e-03	 9.32e-01 Accepted	 553	 992	
280	 5.4676574e-01	 +6.4675139e-04 +1.0884916e-03	 2.21e+00 Accepted	 546	 956	
281	 5.4676930e-01	 +1.9634143e-03 -1.4510330e-03	 1.36e+00 Accepted	 543	 967	
282	 5.4700988e-01	 +1.4093140e-03 -5.7170197e-04	 1.10e+00 Accepted	 549	 1005	
283	 5.4700105e-01	 +1.6672700e-05 +1.2334833e-03	 7.02e-01 Accepted	 553	 950	
284	 5.4706558e-01	 -1.3701222e-03 +1.1067147e-03	 9.59e-01 Accepted	 538	 968	
285	 5.4697714e-01	 -3.1276620e-04 +1.3258515e-03	 1.13e+00 Accepted	 540	 965	
286	 5.4697411e-01	 +2.2999333e-03 -7.8534794e-04	 8.17e-01 Accepted	 545	 969	
287	 5.4690447e-01	 +1.8429101e-03 +1.0564744e-03	 6.52e-01 Accepted	 552	 993	
288	 5.4723782e-01	 +3.7539598e-04 -2.3297351e-04	 2.15e+00 Accepted	 555	 1001	
289	 5.4696168e-01	 +1.7414879e-03 -1.4018401e-03	 7.42e-01 Accepted	 563	 981	
290	 5.4683585e-01	 +1.0255107e-04 -1.2520946e-03	 1.22e+00 Accepted	 552	 982	
291	 5.4655837e-01	 -6.7730364e-04 +3.7644548e-05	 1.81e+00 Accepted	 545	 978	
292	 5.4662799e-01	 +1.5066564e-04 +5.2098662e-04	 5.28e-01 Accepted	 541	 975	
293	 5.4683012e-01	 +1.8653845e-03 -1.0627366e-03	 1.50e+00 Accepted	 541	 955	
294	 5.4718034e-01	 +3.2332317e-03 +1.4046138e-04	 1.33e+00 Accepted	 536	 956	
295	 5.4705835e-01	 +1.5036336e-03 -2.0156241e-04	 5.75e-01 Accepted	 545	 999	
296	 5.4700834e-01	 +1.3923562e-03 +8.8572307e-04	 6.08e-01 Accepted	 556	 1012	
297	 5.4696929e-01	 +5.0177065e-04 -1.6939035e-03	 1.11e+00 Accepted	 563	 1005	
298	 5.4728465e-01	 +1.2086749e-03 -1.1253484e-03	 1.67e+00 Accepted	 562	 1019	
299	 5.4724669e-01	 +9.7007556e-04 -3.8255910e-04	 7.41e-01 Accepted	 560	 984	
300	 5.4728892e-01	 +7.1630268e-04 -1.5261178e-04	 1.32e+00 Accepted	 545	 936	
301	 5.4723546e-01	 +2.4049491e-03 +7.9410262e-04	 9.76e-01 Accepted	 551	 1032	
302	 5.4725224e-01	 +6.6604315e-04 -1.8028299e-04	 4.50e-01 Accepted	 573	 1026	
303	 5.4702553e-01	 +1.3861269e-03 +8.8340402e-04	 1.40e+00 Accepted	 564	 998	
304	 5.4702553e-01	 +1.3861269e-03 +8.8340402e-04	 5.22e-01 Rejected	 559	 1002	
305	 5.4691677e-01	 +1.3749257e-03 +1.5090966e-04	 1.23e+00 Accepted	 550	 957	
306	 5.4720367e-01	 +1.7247429e-03 +3.4867809e-03	 1.02e+00 Accepted	 548	 972	
307	 5.4747949e-01	 +2.0659095e-03 +1.4603509e-03	 1.65e+00 Accepted	 554	 991	
308	 5.4742430e-01	 +8.0292968e-04 +1.0770885e-03	 8.63e-01 Accepted	 555	 1016	
309	 5.4744781e-01	 +2.3095334e-03 -1.2546328e-03	 1.16e+00 Accepted	 559	 1027	
310	 5.4745378e-01	 +2.8447300e-03 +2.2839425e-04	 6.79e-01 Accepted	 559	 959	
311	 5.4761868e-01	 +3.4523401e-03 -1.1385339e-03	 2.32e+00 Accepted	 537	 951	
312	 5.4763578e-01	 +1.2714835e-03 -1.5377241e-03	 6.74e-01 Accepted	 538	 986	
313	 5.4778846e-01	 +8.8637596e-05 -5.3041907e-06	 9.76e-01 Accepted	 550	 948	
314	 5.4757746e-01	 +7.7821348e-04 -2.0354356e-03	 1.24e+00 Accepted	 556	 1021	
315	 5.4757746e-01	 +7.7821348e-04 -2.0354356e-03	 3.81e-01 Rejected	 563	 1018	
316	 5.4757746e-01	 +7.7821348e-04 -2.0354356e-03	 6.63e-01 Rejected	 562	 1013	
317	 5.4757746e-01	 +7.7821348e-04 -2.0354356e-03	 5.61e-01 Rejected	 563	 1012	
318	 5.4788750e-01	 +3.6950040e-03 -7.3603302e-04	 1.45e+00 Accepted	 561	 994	
319	 5.4784823e-01	 +2.6114646e-03 -1.1039704e-03	 6.52e-01 Accepted	 551	 962	
320	 5.4779102e-01	 +5.2658909e-04 +1.7418831e-05	 7.87e-01 Accepted	 547	 996	
321	 5.4767866e-01	 +3.1189462e-05 +8.1948734e-04	 1.02e+00 Accepted	 555	 965	
322	 5.4771540e-01	 -5.7804310e-04 +4.0575232e-04	 1.17e+00 Accepted	 538	 952	
# Starting_type: CheckpointStart
# Trajectory_length / Number_of_MD_steps: 1 / 8
# 	 Plaquette	 Polyakov_Loop(re,im)	 Acc._Probability	 runtime_per_traj(s)	 CG_iterations	
323	 5.4771540e-01	 -5.7804310e-04 +4.0575232e-04	 5.05e-01 Rejected	 360	 986	
324	 5.4785231e-01	 +1.0521320e-03 +3.0716035e-04	 2.18e+00 Accepted	 346	 957	
325	 5.4771375e-01	 +9.0974598e-04 +7.8750292e-04	 1.15e+00 Accepted	 356	 999	
326	 5.4755469e-01	 +1.5890618e-03 -5.2012980e-04	 6.81e-01 Accepted	 358	 973	
327	 5.4736258e-01	 +2.8985162e-03 -1.5386448e-03	 4.84e-01 Accepted	 355	 978	
328	 5.4736258e-01	 +2.8985162e-03 -1.5386448e-03	 6.36e-01 Rejected	 351	 993	
329	 5.4726078e-01	 +4.9573972e-03 -1.6324574e-03	 7.55e-01 Accepted	 354	 1008	
330	 5.4721182e-01	 +2.3499482e-03 +1.6285082e-04	 1.29e+00 Accepted	 358	 1021	
331	 5.4720549e-01	 +1.4830055e-03 +1.2442603e-04	 5.51e-01 Accepted	 359	 976	
332	 5.4737989e-01	 +9.1918249e-04 +4.2921893e-04	 1.03e+00 Accepted	 352	 979	
333	 5.4725136e-01	 +1.7965807e-03 -4.4140301e-04	 1.08e+00 Accepted	 350	 1006	
334	 5.4740401e-01	 +7.5703902e-04 -3.7718433e-04	 1.35e+00 Accepted	 351	 957	
335	 5.4723712e-01	 +2.9278382e-03 +3.0743214e-04	 5.41e-01 Accepted	 349	 1002	
336	 5.4714980e-01	 +1.0561460e-03 -1.4574658e-03	 1.02e+00 Accepted	 356	 976	
337	 5.4715618e-01	 +2.6565998e-03 +4.4770399e-04	 1.10e+00 Accepted	 354	 977	
338	 5.4715618e-01	 +2.6565998e-03 +4.4770399e-04	 6.86e-01 Rejected	 357	 1015	
339	 5.4716766e-01	 +2.0905000e-04 +1.3744563e-03	 1.08e+00 Accepted	 355	 968	
340	 5.4699869e-01	 +2.8901543e-03 -6.8057496e-04	 1.47e+00 Accepted	 352	 978	
341	 5.4681439e-01	 +1.3169104e-04 -3.1333584e-04	 6.50e-01 Accepted	 350	 957	
342	 5.4683219e-01	 +2.3422130e-03 -1.0210611e-03	 1.39e+00 Accepted	 343	 941	
343	 5.4683219e-01	 +2.3422130e-03 -1.0210611e-03	 7.38e-01 Rejected	 348	 980	
344	 5.4686167e-01	 +7.1145680e-04 -1.7194338e-03	 9.13e-01 Accepted	 346	 1023	
345	 5.4672414e-01	 +3.4577538e-03 -2.1328770e-03	 6.17e-01 Accepted	 361	 994	
346	 5.4660753e-01	 +1.0148215e-03 -1.1840142e-03	 1.53e+00 Accepted	 351	 961	
347	 5.4660753e-01	 +1.0148215e-03 -1.1840142e-03	 6.05e-01 Rejected	 345	 928	
348	 5.4674853e-01	 +1.8445923e-03 -4.4799331e-04	 9.58e-01 Accepted	 347	 931	
349	 5.4679499e-01	 +1.8411142e-03 -4.5685211e-04	 8.08e-01 Accepted	 345	 976	
350	 5.4683451e-01	 +1.8264486e-03 +5.4213608e-04	 1.58e+00 Accepted	 352	 967	
351	 5.4666599e-01	 +3.0804463e-03 -1.7501794e-03	 8.12e-01 Accepted	 360	 993	
352	 5.4689482e-01	 +9.5273596e-04 -1.7978324e-03	 1.91e+00 Accepted	 348	 946	
353	 5.4674492e-01	 +1.6297856e-03 -3.1660458e-04	 1.02e+00 Accepted	 342	 981	
354	 5.4682394e-01	 +1.8905769e-03 -3.7992684e-04	 1.06e+00 Accepted	 352	 979	
355	 5.4682851e-01	 +1.6432594e-03 -7.9954883e-04	 1.08e+00 Accepted	 354	 974	
356	 5.4709255e-01	 +1.8756192e-04 +1.8832556e-03	 1.69e+00 Accepted	 352	 985	
357	 5.4705394e-01	 -8.6712742e-04 +2.4428302e-03	 9.03e-01 Accepted	 350	 960	
358	 5.4708510e-01	 +2.1553360e-04 +1.8769748e-03	 8.04e-01 Accepted	 352	 976	
359	 5.4708510e-01	 +2.1553360e-04 +1.8769748e-03	 5.55e-01 Rejected	 347	 907	
360	 5.4717747e-01	 +7.4358220e-04 -1.6597904e-03	 7.88e-01 Accepted	 355	 957	
361	 5.4721862e-01	 -1.9455780e-03 +4.0725687e-04	 7.17e-01 Accepted	 357	 996	
362	 5.4714618e-01	 -7.8382845e-05 -1.5574970e-03	 9.79e-01 Accepted	 362	 992	
363	 5.4712685e-01	 +2.0295583e-04 -5.8491916e-04	 7.47e-01 Accepted	 357	 973	
364	 5.4716786e-01	 +3.9603511e-05 -1.7971707e-03	 7.91e-01 Accepted	 364	 1001	
365	 5.4704765e-01	 +9.4267750e-04 -1.9719016e-03	 4.43e-01 Accepted	 362	 989	
366	 5.4714087e-01	 +1.7467671e-03 -1.3287472e-03	 1.13e+00 Accepted	 353	 974	
367	 5.4693215e-01	 -1.0624072e-04 -5.3014762e-04	 9.70e-01 Accepted	 351	 992	
368	 5.4693215e-01	 -1.0624072e-04 -5.3014762e-04	 5.74e-01 Rejected	 361	 1010	
369	 5.4693331e-01	 -1.2100853e-03 -1.7581482e-03	 1.23e+00 Accepted	 354	 980	
370	 5.4704610e-01	 +7.5654813e-04 -5.3391309e-04	 1.31e+00 Accepted	 358	 981	
371	 5.4693299e-01	 +6.9917610e-04 +1.3387695e-03	 4.64e-01 Accepted	 357	 977	
372	 5.4688305e-01	 -4.0379598e-04 -3.0405747e-03	 7.42e-01 Accepted	 358	 996	
373	 5.4689921e-01	 +1.0129440e-03 -4.5645552e-04	 9.07e-01 Accepted	 359	 1016	
374	 5.4703336e-01	 -4.6836146e-04 -8.1137336e-04	 6.98e-01 Accepted	 360	 958	
375	 5.4691626e-01	 +1.1451332e-03 +9.3417213e-04	 7.78e-01 Accepted	 356	 995	
376	 5.4690293e-01	 +1.1180359e-03 -4.2215869e-05	 8.06e-01 Accepted	 369	 1003	
377	 5.4698749e-01	 +1.4787726e-03 +2.1997513e-03	 1.24e+00 Accepted	 366	 1038	
378	 5.4698749e-01	 +1.4787726e-03 +2.1997513e-03	 7.70e-01 Rejected	 368	 1006	
379	 5.4698749e-01	 +1.4787726e-03 +2.1997513e-03	 5.38e-01 Rejected	 370	 991	
380	 5.4682173e-01	 +8.5485732e-04 -1.3542364e-03	 1.06e+00 Accepted	 364	 994	
381	 5.4682173e-01	 +8.5485732e-04 -1.3542364e-03	 5.07e-01 Rejected	 367	 1063	
382	 5.4682173e-01	 +8.5485732e-04 -1.3542364e-03	 5.48e-01 Rejected	 354	 949	
383	 5.4702657e-01	 +6.4898301e-05 -4.0257250e-04	 1.16e+00 Accepted	 369	 1004	
384	 5.4707980e-01	 +4.9975829e-04 +1.5616417e-03	 8.51e-01 Accepted	 363	 1000	
385	 5.4715673e-01	 +4.3634082e-04 -2.1800721e-03	 2.27e+00 Accepted	 354	 976	
386	 5.4715673e-01	 +4.3634082e-04 -2.1800721e-03	 7.97e-01 Rejected	 357	 995	
387	 5.4666622e-01	 +1.8614888e-05 +5.0697861e-04	 6.91e-01 Accepted	 357	 963	
388	 5.4674835e-01	 -7.0998724e-04 -6.8293897e-04	 1.91e+00 Accepted	 347	 914	
389	 5.4720636e-01	 +7.2690724e-04 +2.3927615e-04	 1.29e+00 Accepted	 345	 942	
390	 5.4732171e-01	 +1.2829559e-03 -9.6968833e-04	 9.79e-01 Accepted	 352	 1005	
391	 5.4721857e-01	 +2.2308861e-03 -1.4984386e-04	 1.02e+00 Accepted	 368	 1004	
392	 5.4730937e-01	 +6.0587451e-04 -1.0624982e-04	 9.23e-01 Accepted	 354	 938	
393	 5.4725828e-01	 +1.5774432e-03 +1.7679973e-03	 8.41e-01 Accepted	 353	 1015	
394	 5.4720585e-01	 +2.1097813e-03 +3.1360540e-03	 1.38e+00 Accepted	 362	 995	
395	 5.4749808e-01	 +6.0166584e-05 +5.6704108e-04	 1.59e+00 Accepted	 359	 986	
396	 5.4729720e-01	 +2.3242019e-03 +1.1344782e-03	 1.02e+00 Accepted	 358	 949	
397	 5.4731605e-01	 +3.5382261e-03 +3.4811208e-04	 7.32e-01 Accepted	 352	 947	
398	 5.4754364e-01	 +1.0867430e-03 +1.0511946e-03	 1.16e+00 Accepted	 355	 990	
399	 5.4734173e-01	 +2.7831462e-03 +8.4719198e-04	 6.10e-01 Accepted	 359	 1022	
400	 5.4721578e-01	 +8.5994952e-04 +6.1136125e-04	 8.30e-01 Accepted	 361	 999	
401	 5.4738380e-01	 +2.1524177e-03 -3.2662317e-04	 1.01e+00 Accepted	 367	 1029	
402	 5.4738380e-01	 +2.1524177e-03 -3.2662317e-04	 7.16e-01 Rejected	 359	 944	
403	 5.4723076e-01	 +2.8625082e-03 -5.8850734e-04	 1.36e+00 Accepted	 363	 988	
404	 5.4727571e-01	 +2.4974689e-03 -6.6984917e-04	 8.88e-01 Accepted	 361	 1009	
405	 5.4717205e-01	 +9.5492529e-04 -4.1547736e-04	 2.29e+00 Accepted	 368	 986	
406	 5.4717205e-01	 +9.5492529e-04 -4.1547736e-04	 6.11e-01 Rejected	 355	 979	
407	 5.4703432e-01	 +1.4723649e-03 -8.0168661e-04	 6.55e-01 Accepted	 355	 1012	
408	 5.4703432e-01	 +1.4723649e-03 -8.0168661e-04	 8.33e-01 Rejected	 358	 946	
409	 5.4709159e-01	 -5.5426698e-04 -2.2044353e-05	 9.96e-01 Accepted	 362	 1014	
410	 5.4696157e-01	 +1.1611466e-03 -8.5734441e-04	 8.14e-01 Accepted	 361	 973	
411	 5.4705719e-01	 +1.5762348e-03 +5.6413439e-04	 1.44e+00 Accepted	 353	 1007	
412	 5.4717967e-01	 +1.1190820e-03 +2.8859888e-04	 7.26e-01 Accepted	 361	 989	
413	 5.4707687e-01	 +1.9269991e-03 +1.5870495e-03	 1.08e+00 Accepted	 356	 974	
414	 5.4717935e-01	 +5.1549248e-04 +3.1844217e-03	 1.65e+00 Accepted	 358	 1040	
415	 5.4717935e-01	 +5.1549248e-04 +3.1844217e-03	 8.42e-01 Rejected	 359	 952	
416	 5.4717935e-01	 +5.1549248e-04 +3.1844217e-03	 6.09e-01 Rejected	 367	 992	
417	 5.4703612e-01	 +1.7084048e-03 -4.9806205e-04	 1.13e+00 Accepted	 370	 979	
418	 5.4712895e-01	 +2.2708958e-03 +4.8699354e-04	 1.24e+00 Accepted	 360	 1001	
419	 5.4682272e-01	 -9.4873542e-04 +6.0157775e-04	 4.10e-01 Accepted	 358	 999	
420	 5.4685317e-01	 +1.7884627e-04 +6.8148564e-04	 8.65e-01 Accepted	 361	 1016	
421	 5.4685317e-01	 +1.7884627e-04 +6.8148564e-04	 5.80e-01 Rejected	 368	 1023	
422	 5.4687935e-01	 +1.8332876e-03 +1.6373869e-03	 7.45e-01 Accepted	 363	 946	
423	 5.4689113e-01	 +1.3283706e-04 -4.3024199e-04	 7.46e-01 Accepted	 346	 966	
424	 5.4667079e-01	 +8.3960021e-04 -3.0085328e-03	 1.18e+00 Accepted	 352	 978	
425	 5.4664196e-01	 +5.4089565e-04 +5.8019458e-04	 1.20e+00 Accepted	 361	 1001	
426	 5.4678486e-01	 +4.9681971e-04 -3.4683655e-04	 1.25e+00 Accepted	 364	 1001	
427	 5.4680394e-01	 +1.1370178e-03 +2.0376240e-03	 6.01e-01 Accepted	 360	 968	
428	 5.4731010e-01	 +2.1036491e-03 +2.9722216e-03	 9.85e-01 Accepted	 353	 983	
429	 5.4721830e-01	 +1.0479572e-03 +1.0790688e-03	 9.13e-01 Accepted	 353	 947	
430	 5.4712435e-01	 +1.4707148e-03 +2.4873498e-03	 8.19e-01 Accepted	 351	 957	
431	 5.4743144e-01	 +4.2859104e-04 +3.3997330e-03	 1.34e+00 Accepted	 356	 990	
432	 5.4754807e-01	 +6.4348315e-04 +4.2610916e-04	 2.26e+00 Accepted	 356	 968	
433	 5.4754807e-01	 +6.4348315e-04 +4.2610916e-04	 8.26e-01 Rejected	 356	 1015	
434	 5.4754807e-01	 +6.4348315e-04 +4.2610916e-04	 8.49e-01 Rejected	 351	 938	
435	 5.4731126e-01	 +2.6147813e-04 +6.7488054e-04	 6.97e-01 Accepted	 355	 976	
436	 5.4736057e-01	 +2.6136726e-03 +2.0455618e-04	 1.04e+00 Accepted	 355	 962	
437	 5.4742952e-01	 +2.4843970e-03 +2.7487842e-03	 8.26e-01 Accepted	 355	 961	
438	 5.4742276e-01	 +2.8945250e-03 +1.3644242e-03	 1.09e+00 Accepted	 350	 973	
439	 5.4742276e-01	 +2.8945250e-03 +1.3644242e-03	 6.42e-01 Rejected	 351	 954	
440	 5.4744703e-01	 +2.8475982e-04 +2.0269824e-03	 7.03e-01 Accepted	 357	 996	
441	 5.4736234e-01	 +1.9879198e-03 +2.3988935e-03	 1.02e+00 Accepted	 352	 946	
442	 5.4716760e-01	 +2.4350467e-03 +1.2409780e-03	 6.19e-01 Accepted	 345	 972	
443	 5.4718033e-01	 +1.0349287e-03 -8.6642786e-04	 8.10e-01 Accepted	 350	 974	
