# Starting_type: ColdStart
# serial RNG seed: 	[9580 42155 14254 53445 2135]
# parallel RNG seed:	[43874 13315 29605 40379 29075]
# Trajectory_length / Number_of_MD_steps: 0.1 / 10
# 	 Plaquette	 Polyakov_Loop(re,im)	 Acc._Probability	 runtime_per_traj(s)	 CG_iterations	
1	 9.3274381e-01	 +8.6673982e-01 -3.2488013e-05	 5.60e-01 Accepted	 163	 299	
2	 9.3274381e-01	 +8.6673982e-01 -3.2488013e-05	 6.51e-01 Rejected	 168	 309	
3	 8.8227882e-01	 +7.6559143e-01 +4.3108253e-05	 6.52e-01 Accepted	 168	 308	
4	 8.4302653e-01	 +6.8628737e-01 -2.2111902e-04	 7.21e-01 Accepted	 172	 316	
5	 8.4302653e-01	 +6.8628737e-01 -2.2111902e-04	 7.71e-01 Rejected	 175	 324	
6	 8.1161553e-01	 +6.2226379e-01 -4.8796989e-06	 7.71e-01 Accepted	 175	 324	
7	 7.8589784e-01	 +5.6985130e-01 +2.1464014e-05	 8.10e-01 Accepted	 177	 330	
8	 7.6450849e-01	 +5.2570757e-01 -4.9551270e-05	 8.41e-01 Accepted	 179	 333	
9	 7.4645133e-01	 +4.8869054e-01 -2.9829332e-04	 8.65e-01 Accepted	 181	 338	
10	 7.3103988e-01	 +4.5686950e-01 -4.3779145e-06	 8.85e-01 Accepted	 183	 342	
11	 7.1751864e-01	 +4.2943939e-01 +4.7232781e-04	 9.00e-01 Accepted	 184	 346	
12	 7.1751864e-01	 +4.2943939e-01 +4.7232781e-04	 9.14e-01 Rejected	 186	 350	
13	 7.0582920e-01	 +4.0452359e-01 +7.2292905e-05	 9.11e-01 Accepted	 185	 348	
14	 6.9554448e-01	 +3.8194058e-01 +2.9760198e-04	 9.23e-01 Accepted	 187	 352	
15	 6.8642280e-01	 +3.6275764e-01 -6.4547432e-05	 9.33e-01 Accepted	 188	 355	
16	 6.7825013e-01	 +3.4449657e-01 -3.5608368e-05	 9.40e-01 Accepted	 189	 357	
17	 6.7097095e-01	 +3.2935464e-01 +9.2775750e-05	 9.45e-01 Accepted	 190	 361	
18	 6.6443070e-01	 +3.1542950e-01 -5.1515387e-04	 9.51e-01 Accepted	 192	 364	
19	 6.5844199e-01	 +3.0290169e-01 -5.4008261e-04	 9.59e-01 Accepted	 191	 364	
20	 6.5298998e-01	 +2.9199789e-01 +3.5412636e-04	 9.60e-01 Accepted	 193	 367	
21	 6.4791767e-01	 +2.8065208e-01 -2.5864363e-04	 9.62e-01 Accepted	 193	 369	
22	 6.4334638e-01	 +2.7130569e-01 -5.4120402e-04	 9.66e-01 Accepted	 194	 372	
23	 6.3900314e-01	 +2.6101031e-01 +2.8967896e-04	 9.67e-01 Accepted	 195	 374	
24	 6.3900314e-01	 +2.6101031e-01 +2.8967896e-04	 9.71e-01 Rejected	 195	 375	
25	 6.3503576e-01	 +2.5242271e-01 +4.4211227e-04	 9.72e-01 Accepted	 194	 376	
26	 6.3133111e-01	 +2.4471275e-01 +1.3400760e-04	 9.73e-01 Accepted	 195	 377	
27	 6.2789032e-01	 +2.3796605e-01 -4.2229502e-05	 9.74e-01 Accepted	 197	 380	
28	 6.2789032e-01	 +2.3796605e-01 -4.2229502e-05	 9.77e-01 Rejected	 197	 382	
29	 6.2463657e-01	 +2.3117719e-01 +5.7543816e-04	 9.78e-01 Accepted	 197	 380	
30	 6.2180440e-01	 +2.2418387e-01 +1.8720271e-04	 9.80e-01 Accepted	 198	 383	
31	 6.1886381e-01	 +2.1780752e-01 +6.2349646e-04	 9.79e-01 Accepted	 199	 385	
32	 6.1625232e-01	 +2.1139177e-01 +1.2046484e-03	 9.79e-01 Accepted	 200	 386	
33	 6.1380707e-01	 +2.0490541e-01 +1.5311691e-03	 9.82e-01 Accepted	 200	 390	
34	 6.1134305e-01	 +1.9991389e-01 +1.5271846e-03	 9.84e-01 Accepted	 200	 391	
35	 6.0927767e-01	 +1.9588597e-01 +3.5933249e-04	 9.85e-01 Accepted	 200	 392	
36	 6.0724641e-01	 +1.9226174e-01 +1.0983984e-04	 9.86e-01 Accepted	 201	 394	
37	 6.0534155e-01	 +1.8764011e-01 +3.8381988e-04	 9.87e-01 Accepted	 202	 396	
38	 6.0338707e-01	 +1.8331640e-01 +1.6757927e-04	 9.87e-01 Accepted	 201	 396	
39	 6.0153004e-01	 +1.7846644e-01 +3.6234887e-04	 9.86e-01 Accepted	 203	 398	
40	 5.9983588e-01	 +1.7451003e-01 +7.2504679e-04	 9.88e-01 Accepted	 204	 399	
41	 5.9822174e-01	 +1.7175090e-01 -3.9683413e-05	 9.87e-01 Accepted	 204	 399	
42	 5.9655748e-01	 +1.6820091e-01 +4.4763810e-04	 9.89e-01 Accepted	 206	 403	
43	 5.9508109e-01	 +1.6434636e-01 -2.5656749e-04	 9.91e-01 Accepted	 206	 403	
44	 5.9366162e-01	 +1.6166488e-01 +1.1490891e-04	 9.90e-01 Accepted	 206	 406	
45	 5.9238480e-01	 +1.5907491e-01 +6.1797940e-04	 9.91e-01 Accepted	 207	 407	
46	 5.9104282e-01	 +1.5599804e-01 +5.7127036e-04	 9.88e-01 Accepted	 207	 408	
47	 5.8973589e-01	 +1.5334482e-01 +4.6907950e-04	 9.91e-01 Accepted	 208	 410	
48	 5.8851024e-01	 +1.5138330e-01 +9.9774958e-04	 9.90e-01 Accepted	 208	 410	
49	 5.8738709e-01	 +1.4969961e-01 +7.7024286e-04	 9.91e-01 Accepted	 209	 411	
50	 5.8632475e-01	 +1.4604668e-01 +9.9414647e-04	 9.94e-01 Accepted	 208	 410	
51	 5.8530751e-01	 +1.4408833e-01 +1.5592198e-03	 9.94e-01 Accepted	 208	 412	
52	 5.8429413e-01	 +1.4224665e-01 +1.9766706e-03	 9.95e-01 Accepted	 211	 414	
53	 5.8339352e-01	 +1.4018637e-01 +2.8722123e-03	 9.94e-01 Accepted	 211	 415	
54	 5.8238781e-01	 +1.3793969e-01 +2.9393936e-03	 9.93e-01 Accepted	 212	 418	
55	 5.8149366e-01	 +1.3608851e-01 +3.1319046e-03	 9.93e-01 Accepted	 211	 418	
56	 5.8058462e-01	 +1.3374011e-01 +1.8610353e-03	 9.96e-01 Accepted	 212	 420	
57	 5.7965746e-01	 +1.3234020e-01 +1.2136374e-03	 9.93e-01 Accepted	 211	 418	
58	 5.7884455e-01	 +1.3031321e-01 +5.2320802e-04	 9.93e-01 Accepted	 213	 422	
59	 5.7793820e-01	 +1.2804284e-01 +3.6302785e-05	 9.94e-01 Accepted	 213	 424	
60	 5.7714097e-01	 +1.2667854e-01 +4.1697020e-04	 9.96e-01 Accepted	 214	 426	
61	 5.7638922e-01	 +1.2457313e-01 +5.2633600e-04	 9.95e-01 Accepted	 215	 426	
62	 5.7555616e-01	 +1.2268311e-01 +1.2540488e-03	 9.93e-01 Accepted	 215	 428	
63	 5.7486622e-01	 +1.2159693e-01 +1.0135969e-03	 9.94e-01 Accepted	 215	 429	
64	 5.7414826e-01	 +1.2091071e-01 +1.0267384e-03	 9.94e-01 Accepted	 215	 428	
65	 5.7356648e-01	 +1.1885281e-01 +7.4069730e-04	 9.98e-01 Accepted	 215	 428	
66	 5.7302747e-01	 +1.1751117e-01 +1.3361186e-03	 9.97e-01 Accepted	 215	 430	
67	 5.7234807e-01	 +1.1573530e-01 +1.7384688e-03	 9.94e-01 Accepted	 216	 430	
68	 5.7187408e-01	 +1.1432854e-01 +7.7860094e-04	 9.98e-01 Accepted	 216	 430	
69	 5.7126829e-01	 +1.1308705e-01 +4.6361666e-04	 9.94e-01 Accepted	 217	 432	
70	 5.7074697e-01	 +1.1280031e-01 +4.2674426e-04	 9.95e-01 Accepted	 217	 433	
71	 5.7021210e-01	 +1.1209036e-01 +2.7633985e-04	 9.94e-01 Accepted	 215	 433	
72	 5.6962851e-01	 +1.1042976e-01 +6.9702209e-04	 9.98e-01 Accepted	 212	 434	
73	 5.6908297e-01	 +1.0914816e-01 +4.6080185e-04	 9.97e-01 Accepted	 213	 435	
74	 5.6858516e-01	 +1.0764628e-01 +8.0553113e-04	 9.98e-01 Accepted	 213	 437	
75	 5.6812491e-01	 +1.0664125e-01 +3.5180734e-05	 9.96e-01 Accepted	 214	 439	
76	 5.6782536e-01	 +1.0574056e-01 +4.1951911e-04	 1.00e+00 Accepted	 214	 439	
77	 5.6741834e-01	 +1.0463426e-01 +3.9862937e-04	 9.98e-01 Accepted	 215	 440	
78	 5.6693175e-01	 +1.0394877e-01 +3.4790804e-04	 9.96e-01 Accepted	 215	 441	
79	 5.6637960e-01	 +1.0270165e-01 +2.0884972e-04	 9.97e-01 Accepted	 216	 443	
80	 5.6584645e-01	 +1.0224798e-01 +6.5728495e-04	 9.96e-01 Accepted	 216	 444	
81	 5.6543641e-01	 +1.0072964e-01 +6.2286240e-04	 9.98e-01 Accepted	 216	 444	
82	 5.6499866e-01	 +9.9188331e-02 +3.3145880e-04	 9.97e-01 Accepted	 217	 445	
83	 5.6458849e-01	 +9.8644848e-02 +6.8680797e-04	 9.99e-01 Accepted	 217	 445	
84	 5.6410249e-01	 +9.7350261e-02 +9.6045610e-04	 9.96e-01 Accepted	 218	 447	
85	 5.6364667e-01	 +9.5628985e-02 +4.1139954e-04	 9.98e-01 Accepted	 219	 450	
86	 5.6324113e-01	 +9.5101724e-02 +1.3228003e-04	 9.99e-01 Accepted	 219	 448	
87	 5.6283201e-01	 +9.4468630e-02 -4.3912264e-05	 9.97e-01 Accepted	 218	 447	
88	 5.6253076e-01	 +9.3332278e-02 -1.1185027e-04	 1.00e+00 Accepted	 221	 451	
89	 5.6222125e-01	 +9.2578301e-02 +1.0158161e-03	 1.00e+00 Accepted	 220	 451	
90	 5.6179228e-01	 +9.2647679e-02 +1.2095942e-03	 9.96e-01 Accepted	 219	 452	
91	 5.6153537e-01	 +9.2352567e-02 +5.7177333e-04	 9.98e-01 Accepted	 220	 453	
92	 5.6127970e-01	 +9.2074760e-02 +7.3963717e-04	 9.97e-01 Accepted	 220	 454	
93	 5.6085655e-01	 +9.1013939e-02 +6.7602501e-04	 9.98e-01 Accepted	 221	 454	
94	 5.6046329e-01	 +9.0146352e-02 +1.8581393e-04	 9.98e-01 Accepted	 221	 455	
95	 5.6028512e-01	 +8.9251932e-02 -4.4151810e-05	 9.98e-01 Accepted	 221	 456	
96	 5.6001942e-01	 +8.8620889e-02 -1.8793231e-04	 9.98e-01 Accepted	 221	 456	
97	 5.5969327e-01	 +8.8110229e-02 +5.7502806e-04	 9.98e-01 Accepted	 222	 458	
98	 5.5946123e-01	 +8.7753585e-02 +2.2635599e-04	 9.97e-01 Accepted	 223	 459	
99	 5.5910317e-01	 +8.7158888e-02 +3.7043962e-04	 9.98e-01 Accepted	 222	 459	
100	 5.5886233e-01	 +8.5655458e-02 +3.3158916e-04	 1.00e+00 Accepted	 221	 460	
101	 5.5854044e-01	 +8.5612313e-02 +1.5579449e-05	 9.99e-01 Accepted	 223	 461	
102	 5.5827770e-01	 +8.3629119e-02 +2.0524544e-04	 1.00e+00 Accepted	 223	 462	
103	 5.5790682e-01	 +8.2756780e-02 -7.3163974e-06	 9.97e-01 Accepted	 223	 463	
104	 5.5764815e-01	 +8.2984122e-02 +4.8638501e-04	 1.00e+00 Accepted	 225	 463	
105	 5.5735687e-01	 +8.1973581e-02 +6.0229487e-04	 9.99e-01 Accepted	 225	 464	
106	 5.5709223e-01	 +8.0869067e-02 -4.8725001e-04	 9.99e-01 Accepted	 225	 465	
107	 5.5688589e-01	 +7.9867893e-02 -1.1109920e-03	 9.98e-01 Accepted	 226	 468	
108	 5.5688589e-01	 +7.9867893e-02 -1.1109920e-03	 9.98e-01 Rejected	 226	 468	
109	 5.5677355e-01	 +7.9309765e-02 -8.0139955e-04	 9.98e-01 Accepted	 226	 470	
110	 5.5659269e-01	 +7.8779457e-02 -1.0134927e-05	 9.98e-01 Accepted	 226	 470	
111	 5.5629578e-01	 +7.8126939e-02 -5.0526371e-04	 9.97e-01 Accepted	 227	 472	
112	 5.5614722e-01	 +7.8575071e-02 +4.0504241e-04	 9.99e-01 Accepted	 226	 470	
113	 5.5585286e-01	 +7.8665821e-02 +3.9978472e-04	 9.97e-01 Accepted	 228	 472	
114	 5.5551221e-01	 +7.7876231e-02 +2.2470361e-06	 9.98e-01 Accepted	 227	 473	
115	 5.5522123e-01	 +7.7672648e-02 -8.7147011e-04	 9.98e-01 Accepted	 228	 473	
116	 5.5500385e-01	 +7.7404321e-02 -2.9032725e-04	 9.99e-01 Accepted	 228	 473	
117	 5.5480428e-01	 +7.6721778e-02 -8.5453428e-04	 9.96e-01 Accepted	 229	 475	
118	 5.5449716e-01	 +7.6383968e-02 -9.5099773e-04	 9.97e-01 Accepted	 230	 476	
119	 5.5425802e-01	 +7.6281410e-02 -1.0298421e-03	 9.98e-01 Accepted	 229	 477	
120	 5.5400348e-01	 +7.4531718e-02 -1.3438599e-04	 9.97e-01 Accepted	 229	 477	
121	 5.5381368e-01	 +7.4637612e-02 -3.0936282e-04	 9.98e-01 Accepted	 230	 478	
122	 5.5362404e-01	 +7.4197166e-02 -4.2517530e-04	 9.98e-01 Accepted	 230	 478	
123	 5.5331085e-01	 +7.4179586e-02 -1.1538496e-03	 9.99e-01 Accepted	 230	 478	
124	 5.5304210e-01	 +7.3917380e-02 -1.3244825e-03	 9.97e-01 Accepted	 230	 480	
125	 5.5281402e-01	 +7.2778259e-02 -1.2078405e-03	 9.99e-01 Accepted	 231	 480	
126	 5.5269961e-01	 +7.2329272e-02 -1.6880984e-03	 1.00e+00 Accepted	 231	 479	
127	 5.5269761e-01	 +7.2578211e-02 -8.3847889e-04	 1.00e+00 Accepted	 231	 482	
128	 5.5248395e-01	 +7.1560195e-02 -1.4921425e-04	 9.99e-01 Accepted	 232	 483	
129	 5.5242958e-01	 +7.0573710e-02 +4.9884092e-04	 9.97e-01 Accepted	 231	 484	
130	 5.5230294e-01	 +7.0429036e-02 +4.5838382e-04	 1.00e+00 Accepted	 231	 484	
131	 5.5209753e-01	 +7.0031261e-02 +9.5175224e-04	 1.00e+00 Accepted	 232	 484	
132	 5.5190762e-01	 +6.9928591e-02 -9.0557776e-05	 9.98e-01 Accepted	 232	 485	
133	 5.5162278e-01	 +6.9474688e-02 -6.2516840e-04	 9.99e-01 Accepted	 233	 487	
134	 5.5140872e-01	 +6.9817977e-02 -9.6383286e-04	 9.99e-01 Accepted	 233	 486	
135	 5.5131453e-01	 +6.8808389e-02 -1.5029126e-03	 1.00e+00 Accepted	 234	 488	
136	 5.5112303e-01	 +6.8348117e-02 -1.3776676e-03	 9.96e-01 Accepted	 234	 488	
137	 5.5092300e-01	 +6.8355923e-02 -1.3025257e-03	 9.97e-01 Accepted	 233	 487	
138	 5.5074208e-01	 +6.8114727e-02 -1.2185696e-03	 1.00e+00 Accepted	 234	 490	
139	 5.5054930e-01	 +6.7798756e-02 -1.7599115e-03	 9.98e-01 Accepted	 235	 491	
140	 5.5030311e-01	 +6.8053589e-02 -1.7141909e-03	 9.99e-01 Accepted	 234	 489	
141	 5.5011438e-01	 +6.7452539e-02 -1.5178471e-03	 9.99e-01 Accepted	 235	 492	
142	 5.4990100e-01	 +6.6323965e-02 -1.2804361e-03	 1.00e+00 Accepted	 234	 491	
143	 5.4966256e-01	 +6.5792890e-02 -9.8866519e-04	 9.99e-01 Accepted	 235	 492	
144	 5.4965373e-01	 +6.6159111e-02 -4.5941246e-04	 1.00e+00 Accepted	 236	 494	
145	 5.4952533e-01	 +6.5922785e-02 +5.9704588e-04	 9.99e-01 Accepted	 235	 495	
146	 5.4936525e-01	 +6.5270228e-02 +2.5589656e-04	 9.99e-01 Accepted	 239	 504	
147	 5.4935134e-01	 +6.5464717e-02 -5.1651455e-04	 9.99e-01 Accepted	 239	 497	
148	 5.4915643e-01	 +6.4478677e-02 -5.6343079e-04	 9.99e-01 Accepted	 238	 498	
149	 5.4905920e-01	 +6.4174004e-02 -6.9492023e-04	 1.00e+00 Accepted	 238	 500	
150	 5.4885516e-01	 +6.4058138e-02 -3.9369308e-04	 9.99e-01 Accepted	 238	 498	
151	 5.4863741e-01	 +6.4166652e-02 +3.1402023e-05	 9.98e-01 Accepted	 238	 500	
152	 5.4856895e-01	 +6.2581616e-02 -5.3602797e-04	 9.99e-01 Accepted	 238	 500	
153	 5.4854746e-01	 +6.2669478e-02 -3.4844805e-04	 9.99e-01 Accepted	 239	 506	
154	 5.4838174e-01	 +6.2489693e-02 -3.8083652e-04	 9.98e-01 Accepted	 239	 504	
155	 5.4828419e-01	 +6.2580090e-02 -7.0925277e-04	 9.98e-01 Accepted	 240	 501	
156	 5.4817888e-01	 +6.2963763e-02 -1.2220274e-03	 9.97e-01 Accepted	 239	 502	
157	 5.4810657e-01	 +6.2380193e-02 -4.7005955e-04	 9.99e-01 Accepted	 241	 512	
158	 5.4803350e-01	 +6.1565777e-02 -1.0323974e-03	 1.00e+00 Accepted	 242	 503	
159	 5.4793079e-01	 +6.2238245e-02 -9.0931311e-04	 9.97e-01 Accepted	 237	 505	
160	 5.4776882e-01	 +6.1787381e-02 -9.7991015e-04	 9.99e-01 Accepted	 235	 503	
161	 5.4756605e-01	 +6.0982559e-02 -6.2495652e-04	 1.00e+00 Accepted	 236	 505	
162	 5.4738413e-01	 +6.1127495e-02 +5.8108842e-05	 9.96e-01 Accepted	 236	 504	
163	 5.4726072e-01	 +6.0680017e-02 +4.6950884e-04	 9.97e-01 Accepted	 236	 505	
164	 5.4716006e-01	 +6.0100946e-02 +2.2061356e-04	 9.99e-01 Accepted	 236	 504	
165	 5.4708098e-01	 +6.0929668e-02 +5.6337590e-04	 9.97e-01 Accepted	 237	 508	
166	 5.4707788e-01	 +6.1376840e-02 +1.3851090e-03	 9.98e-01 Accepted	 237	 508	
167	 5.4694249e-01	 +6.0440439e-02 +7.4193140e-04	 9.98e-01 Accepted	 238	 508	
168	 5.4669513e-01	 +5.8646702e-02 +2.7659779e-04	 9.99e-01 Accepted	 237	 507	
169	 5.4672810e-01	 +5.8059412e-02 +8.2172007e-04	 1.00e+00 Accepted	 237	 509	
170	 5.4653267e-01	 +5.8215760e-02 +8.1418667e-04	 9.97e-01 Accepted	 237	 510	
171	 5.4639711e-01	 +5.8085347e-02 -6.5895389e-05	 9.99e-01 Accepted	 238	 513	
172	 5.4630620e-01	 +5.7505828e-02 -1.0335598e-04	 9.99e-01 Accepted	 240	 511	
173	 5.4618570e-01	 +5.7551127e-02 -2.3117420e-04	 1.00e+00 Accepted	 240	 512	
174	 5.4614319e-01	 +5.6932567e-02 -8.2390629e-04	 9.98e-01 Accepted	 239	 511	
175	 5.4602157e-01	 +5.6639230e-02 -1.2492190e-04	 9.97e-01 Accepted	 239	 513	
