# Starting_type: HotStart
# serial RNG seed: 	[58196 3252 15796 64717 4811]
# parallel RNG seed:	[4060 14403 5510 9616 33677]
# Trajectory_length / Number_of_MD_steps: 1 / 8
# 	 Plaquette	 Polyakov_Loop(re,im)	 Acc._Probability	 runtime_per_traj(s)	 CG_iterations	
1	 2.1945374e-01	 +1.4867289e-03 -2.7124614e-04	 1.44e+57 Accepted	 355	 639	
2	 3.0559835e-01	 -8.1081789e-04 -1.2189745e-03	 2.51e+26 Accepted	 393	 648	
3	 3.5123892e-01	 +6.4579966e-04 +8.1990142e-05	 1.51e+15 Accepted	 396	 640	
4	 3.7876493e-01	 +1.0404583e-03 -2.0862192e-03	 5.72e+09 Accepted	 391	 633	
5	 3.9691989e-01	 -5.1299352e-04 -5.0873223e-04	 6.23e+06 Accepted	 388	 626	
6	 4.1008737e-01	 -1.6979548e-03 +1.0907749e-04	 1.92e+05 Accepted	 386	 623	
7	 4.2008877e-01	 +7.4720884e-04 +6.8672248e-04	 7.36e+03 Accepted	 384	 619	
8	 4.2761842e-01	 -5.6631015e-04 -2.3601774e-04	 1.50e+03 Accepted	 384	 617	
9	 4.3416362e-01	 -4.8856038e-05 -3.1462989e-04	 6.73e+02 Accepted	 382	 613	
10	 4.3938418e-01	 +4.5111265e-04 -1.7148245e-03	 1.91e+02 Accepted	 381	 612	
11	 4.4383340e-01	 +3.6476236e-04 +9.3385515e-04	 6.95e+01 Accepted	 379	 610	
12	 4.4791894e-01	 -1.4693653e-03 +7.0670414e-04	 3.82e+01 Accepted	 377	 608	
13	 4.5154402e-01	 +2.1641885e-04 +4.8720690e-04	 3.46e+01 Accepted	 378	 606	
14	 4.5470392e-01	 +5.6127911e-04 +6.3085906e-04	 1.14e+01 Accepted	 377	 604	
15	 4.5748146e-01	 +4.8748100e-04 -1.5672377e-03	 2.04e+01 Accepted	 377	 603	
16	 4.6005532e-01	 -3.5194022e-05 +1.4803936e-04	 2.08e+01 Accepted	 375	 603	
17	 4.6205362e-01	 -6.6969044e-04 -8.6497327e-04	 6.31e+00 Accepted	 375	 601	
18	 4.6443651e-01	 +1.4291025e-03 -2.4546667e-04	 8.61e+00 Accepted	 374	 599	
19	 4.6624448e-01	 -1.3416821e-03 +6.8648631e-04	 3.43e+00 Accepted	 373	 599	
20	 4.6800315e-01	 +1.9012813e-03 +5.4806691e-04	 5.10e+00 Accepted	 372	 597	
21	 4.6945360e-01	 -4.3185117e-04 +6.1589551e-04	 4.83e+00 Accepted	 372	 597	
22	 4.7100260e-01	 -4.7211588e-04 -1.8336000e-04	 5.10e+00 Accepted	 371	 597	
23	 4.7252739e-01	 +9.2044172e-04 +3.8908923e-06	 4.24e+00 Accepted	 371	 595	
24	 4.7396673e-01	 +1.0307081e-06 -1.3876265e-05	 5.18e+00 Accepted	 371	 595	
25	 4.7524270e-01	 +4.2920706e-04 +7.1548161e-04	 3.56e+00 Accepted	 371	 594	
26	 4.7623378e-01	 -9.3911796e-04 -9.2392125e-04	 2.72e+00 Accepted	 371	 594	
27	 4.7729173e-01	 -1.5173014e-03 +1.9460481e-04	 2.14e+00 Accepted	 371	 592	
28	 4.7820461e-01	 -1.2479788e-03 +1.5273305e-03	 1.74e+00 Accepted	 371	 593	
29	 4.7922936e-01	 +1.4767503e-03 +1.1724119e-03	 2.02e+00 Accepted	 368	 592	
30	 4.8028497e-01	 +1.7716362e-03 +6.9673009e-04	 2.48e+00 Accepted	 371	 592	
31	 4.8123843e-01	 +3.4240301e-04 +4.4153402e-04	 2.24e+00 Accepted	 369	 590	
32	 4.8237200e-01	 +1.3691064e-03 -3.3890159e-03	 3.68e+00 Accepted	 370	 590	
33	 4.8314558e-01	 -5.4030000e-04 +3.1083031e-04	 1.58e+00 Accepted	 369	 589	
34	 4.8419737e-01	 +1.2365393e-05 -9.6378329e-04	 6.36e+00 Accepted	 370	 588	
35	 4.8490531e-01	 +1.1903601e-03 -1.2172474e-03	 1.52e+00 Accepted	 368	 588	
36	 4.8572927e-01	 -1.5742451e-03 +2.6917694e-03	 3.36e+00 Accepted	 367	 587	
37	 4.8612540e-01	 +2.2656907e-04 +6.9328423e-05	 1.84e+00 Accepted	 368	 590	
38	 4.8676359e-01	 -9.3141502e-04 +9.9833500e-04	 1.34e+00 Accepted	 367	 587	
39	 4.8728460e-01	 -1.2230590e-03 +5.9973506e-04	 1.93e+00 Accepted	 366	 588	
40	 4.8806590e-01	 +5.8664428e-05 +8.5475290e-04	 2.20e+00 Accepted	 368	 586	
41	 4.8865026e-01	 +7.6756625e-04 -1.7138113e-03	 2.01e+00 Accepted	 367	 585	
42	 4.8908865e-01	 +9.1940854e-04 +1.1352474e-03	 1.55e+00 Accepted	 366	 586	
43	 4.8984006e-01	 -7.8664117e-04 -5.1999991e-04	 2.28e+00 Accepted	 366	 585	
44	 4.9034743e-01	 -9.0154201e-04 +1.3011653e-03	 2.01e+00 Accepted	 367	 586	
45	 4.9098177e-01	 +1.1778438e-03 +2.2624914e-04	 3.03e+00 Accepted	 366	 585	
46	 4.9161858e-01	 +2.0855121e-03 +1.4203693e-03	 1.77e+00 Accepted	 367	 588	
47	 4.9174618e-01	 +1.3167108e-03 -3.9039590e-04	 1.28e+00 Accepted	 367	 585	
48	 4.9215377e-01	 -9.2691370e-04 -2.3868331e-04	 1.34e+00 Accepted	 367	 584	
49	 4.9241637e-01	 -8.2510998e-05 -5.0132154e-04	 1.37e+00 Accepted	 367	 583	
50	 4.9278500e-01	 -1.3471422e-03 -1.1845218e-03	 1.79e+00 Accepted	 367	 585	
51	 4.9330094e-01	 +2.4607341e-03 -6.1199899e-04	 1.33e+00 Accepted	 367	 583	
52	 4.9330094e-01	 +2.4607341e-03 -6.1199899e-04	 6.91e-01 Rejected	 367	 585	
53	 4.9348721e-01	 +1.2136578e-03 +1.1552837e-03	 1.22e+00 Accepted	 363	 584	
54	 4.9415381e-01	 -1.0761771e-04 -2.9241159e-04	 2.92e+00 Accepted	 366	 583	
55	 4.9462350e-01	 -1.1750185e-04 +6.7941321e-04	 1.37e+00 Accepted	 365	 585	
56	 4.9490463e-01	 +1.4037200e-03 +1.0723009e-03	 1.98e+00 Accepted	 364	 583	
57	 4.9530189e-01	 -1.9420145e-03 -4.8053487e-04	 2.03e+00 Accepted	 367	 585	
58	 4.9572173e-01	 -4.9143301e-04 +2.8870725e-04	 2.33e+00 Accepted	 367	 582	
59	 4.9571258e-01	 +1.1455458e-03 +1.9109011e-03	 9.58e-01 Accepted	 364	 582	
60	 4.9616579e-01	 +1.3707025e-03 +1.6755388e-04	 1.60e+00 Accepted	 364	 582	
61	 4.9624698e-01	 -1.6733700e-05 -4.2664764e-04	 1.04e+00 Accepted	 363	 584	
62	 4.9681871e-01	 -4.4133928e-05 -1.5711065e-04	 1.52e+00 Accepted	 367	 582	
63	 4.9709900e-01	 -1.6560948e-04 -3.2161000e-04	 1.82e+00 Accepted	 367	 583	
64	 4.9755744e-01	 -7.7742720e-04 -6.5641237e-04	 1.21e+00 Accepted	 366	 582	
65	 4.9783278e-01	 -7.5159770e-05 -7.2157233e-04	 1.41e+00 Accepted	 365	 584	
66	 4.9799331e-01	 -2.1193469e-04 +6.4544295e-04	 9.35e-01 Accepted	 364	 584	
67	 4.9813910e-01	 -2.1673790e-03 -1.0769513e-03	 1.59e+00 Accepted	 365	 582	
68	 4.9839203e-01	 -1.5101702e-04 -6.6177736e-06	 2.76e+00 Accepted	 364	 584	
69	 4.9872113e-01	 +9.2393637e-04 +1.2934478e-03	 1.86e+00 Accepted	 365	 580	
70	 4.9917995e-01	 -1.7774657e-04 +3.4913468e-04	 1.71e+00 Accepted	 365	 582	
71	 4.9906040e-01	 -1.4005777e-04 -1.8302251e-03	 9.99e-01 Accepted	 365	 580	
72	 4.9922835e-01	 -1.0013084e-03 +9.6896846e-04	 1.37e+00 Accepted	 363	 582	
73	 4.9944683e-01	 -3.0143536e-04 +1.1521065e-03	 1.74e+00 Accepted	 364	 581	
74	 4.9957156e-01	 -7.8255908e-04 +2.1099438e-03	 9.97e-01 Accepted	 366	 581	
75	 4.9982007e-01	 +9.3323281e-04 -9.2677450e-04	 1.18e+00 Accepted	 364	 582	
76	 4.9990088e-01	 -5.4455226e-04 +1.0755836e-03	 1.36e+00 Accepted	 365	 580	
77	 4.9964583e-01	 +1.7087541e-03 -4.3618591e-04	 5.06e-01 Accepted	 362	 581	
78	 4.9992245e-01	 -1.2559404e-04 +5.7521582e-04	 9.90e-01 Accepted	 364	 584	
79	 4.9996176e-01	 -9.2324072e-04 -9.1123293e-04	 1.11e+00 Accepted	 364	 580	
80	 5.0020341e-01	 -2.8681825e-04 -1.3004932e-03	 1.42e+00 Accepted	 364	 578	
81	 5.0036742e-01	 +5.2290760e-04 -2.0993793e-03	 1.57e+00 Accepted	 364	 585	
82	 5.0065731e-01	 -6.5669295e-04 -4.4038475e-04	 1.60e+00 Accepted	 364	 582	
83	 5.0061482e-01	 -2.6424810e-03 +1.9294274e-03	 1.11e+00 Accepted	 365	 581	
84	 5.0079456e-01	 +2.1756096e-03 +1.7924215e-03	 1.05e+00 Accepted	 364	 581	
85	 5.0094605e-01	 -2.6740135e-04 +1.6884701e-04	 1.04e+00 Accepted	 363	 584	
86	 5.0129721e-01	 +6.4837342e-05 -1.4025276e-03	 1.31e+00 Accepted	 365	 579	
87	 5.0152898e-01	 +4.7242553e-04 +1.1347300e-03	 1.51e+00 Accepted	 363	 580	
88	 5.0181983e-01	 +6.8559755e-04 -1.4514110e-04	 1.63e+00 Accepted	 364	 579	
89	 5.0179414e-01	 +4.4249089e-04 +5.9086424e-05	 6.30e-01 Accepted	 364	 578	
90	 5.0195588e-01	 -4.1062775e-04 +1.8512332e-03	 1.21e+00 Accepted	 361	 579	
91	 5.0215522e-01	 -3.8220318e-04 +5.2063134e-04	 1.14e+00 Accepted	 363	 578	
92	 5.0215289e-01	 +8.8614672e-04 +6.2278770e-04	 1.11e+00 Accepted	 363	 580	
93	 5.0239456e-01	 -7.2071874e-04 -1.3555627e-03	 1.42e+00 Accepted	 362	 578	
94	 5.0273860e-01	 -1.0946520e-03 -2.5363599e-04	 1.01e+00 Accepted	 364	 578	
95	 5.0270329e-01	 -1.7165911e-03 +3.6080665e-04	 8.85e-01 Accepted	 362	 581	
96	 5.0278292e-01	 -1.2601645e-04 +6.1505376e-05	 1.13e+00 Accepted	 364	 582	
97	 5.0284658e-01	 +2.7470063e-04 -6.3043161e-04	 9.61e-01 Accepted	 363	 580	
98	 5.0283042e-01	 +7.1044213e-04 +1.2921865e-04	 1.08e+00 Accepted	 363	 577	
99	 5.0277411e-01	 +1.7131699e-03 +7.4414191e-04	 1.15e+00 Accepted	 361	 578	
100	 5.0262970e-01	 +2.6503639e-03 +2.2561786e-03	 9.99e-01 Accepted	 364	 580	
101	 5.0267387e-01	 +3.0150176e-03 +8.6987293e-04	 1.02e+00 Accepted	 363	 577	
102	 5.0267387e-01	 +3.0150176e-03 +8.6987293e-04	 7.57e-01 Rejected	 363	 578	
103	 5.0314601e-01	 -7.2494237e-04 +7.8612503e-04	 2.11e+00 Accepted	 363	 578	
104	 5.0333505e-01	 +1.5430858e-03 -1.9583816e-04	 1.35e+00 Accepted	 363	 579	
105	 5.0342057e-01	 +1.8693625e-03 +5.6462084e-04	 6.28e-01 Accepted	 364	 581	
106	 5.0313685e-01	 +4.6088294e-04 +8.8511127e-04	 6.35e-01 Accepted	 363	 579	
107	 5.0313685e-01	 +4.6088294e-04 +8.8511127e-04	 8.17e-01 Rejected	 362	 577	
108	 5.0356692e-01	 +2.9476657e-04 +8.8750472e-04	 1.53e+00 Accepted	 362	 578	
109	 5.0358236e-01	 -2.2558061e-04 -9.5140331e-04	 8.72e-01 Accepted	 363	 580	
110	 5.0382709e-01	 -5.3367511e-04 +3.0466826e-04	 8.62e-01 Accepted	 364	 579	
111	 5.0382709e-01	 -5.3367511e-04 +3.0466826e-04	 7.53e-01 Rejected	 361	 577	
112	 5.0382435e-01	 +1.1364080e-03 -1.3143643e-03	 1.46e+00 Accepted	 363	 580	
113	 5.0417399e-01	 +2.6684354e-03 +5.5615470e-04	 1.14e+00 Accepted	 364	 581	
114	 5.0444247e-01	 +5.7764356e-04 +9.6427729e-05	 1.76e+00 Accepted	 363	 582	
115	 5.0419547e-01	 -4.4736227e-04 +8.6907873e-04	 8.31e-01 Accepted	 361	 578	
116	 5.0425088e-01	 +1.2566418e-04 +3.2182225e-04	 1.07e+00 Accepted	 362	 578	
117	 5.0414672e-01	 -2.7205160e-03 -4.9520353e-04	 7.61e-01 Accepted	 362	 577	
