# Starting_type: HotStart
# serial RNG seed: 	[38132 33616 30904 34035 22526]
# parallel RNG seed:	[5137 1257 52037 64124 23922]
# Trajectory_length / Number_of_MD_steps: 1 / 8
# 	 Plaquette	 Polyakov_Loop(re,im)	 Acc._Probability	 runtime_per_traj(s)	 CG_iterations	
1	 2.4507912e-01	 -5.6106347e-05 +9.9598418e-04	 7.32e+95 Accepted	 359	 646	
2	 3.5858191e-01	 +8.6920067e-04 +1.1878403e-03	 1.47e+55 Accepted	 395	 638	
3	 4.3106868e-01	 +5.4017637e-04 +6.5547761e-04	 6.10e+39 Accepted	 388	 619	
4	 4.8506295e-01	 -2.6007518e-04 +1.0369722e-03	 5.17e+32 Accepted	 378	 600	
5	 5.2850455e-01	 -1.1013425e-03 +1.0076090e-03	 2.78e+27 Accepted	 371	 585	
6	 5.6332863e-01	 +9.3787614e-04 -8.2512196e-04	 1.52e+23 Accepted	 364	 576	
7	 5.9020377e-01	 +4.7543357e-04 +1.7833143e-04	 8.42e+17 Accepted	 360	 563	
8	 6.0980689e-01	 +1.0320298e-03 +5.2119163e-04	 1.32e+13 Accepted	 353	 554	
9	 6.2458740e-01	 +1.0631920e-03 -4.8282996e-04	 5.63e+09 Accepted	 351	 545	
10	 6.3531083e-01	 +1.6806298e-03 -2.4367797e-03	 1.14e+07 Accepted	 343	 530	
11	 6.4285073e-01	 +3.5839640e-03 +1.3939345e-03	 1.21e+05 Accepted	 338	 532	
12	 6.4853915e-01	 +2.0732482e-03 +2.5894319e-04	 5.58e+03 Accepted	 336	 516	
13	 6.5252205e-01	 +1.6440834e-03 +1.4361565e-03	 4.37e+02 Accepted	 330	 506	
14	 6.5550708e-01	 +5.4010809e-04 -9.3352392e-04	 1.13e+02 Accepted	 326	 497	
15	 6.5745857e-01	 +1.9927167e-03 +8.7932239e-05	 1.65e+01 Accepted	 321	 487	
16	 6.5926974e-01	 +1.2141725e-03 -2.7635224e-04	 1.31e+01 Accepted	 320	 487	
17	 6.6055520e-01	 +8.1827745e-04 -2.0259524e-03	 5.69e+00 Accepted	 313	 480	
18	 6.6171803e-01	 +8.3943196e-04 -4.4578205e-04	 5.88e+00 Accepted	 298	 433	
19	 6.6256923e-01	 +3.9253467e-04 -1.1889992e-03	 2.83e+00 Accepted	 294	 475	
20	 6.6308505e-01	 +7.2289665e-04 +6.7748522e-05	 3.42e+00 Accepted	 305	 470	
21	 6.6337523e-01	 +1.3395018e-03 -2.1352668e-03	 1.16e+00 Accepted	 297	 451	
22	 6.6385932e-01	 -2.1670307e-03 -2.4250818e-04	 1.39e+00 Accepted	 300	 459	
23	 6.6385932e-01	 -2.1670307e-03 -2.4250818e-04	 7.23e-01 Rejected	 292	 387	
24	 6.6399228e-01	 -2.3613100e-03 -4.3541087e-05	 7.18e-01 Accepted	 295	 401	
25	 6.6432730e-01	 +1.7607387e-03 -1.7453297e-03	 1.71e+00 Accepted	 259	 337	
26	 6.6459872e-01	 -2.6451538e-05 -1.7892163e-03	 7.85e-01 Accepted	 250	 335	
27	 6.6460151e-01	 -1.5420946e-03 +1.9014581e-03	 1.29e+00 Accepted	 229	 264	
28	 6.6490172e-01	 -2.4680349e-03 +1.9071438e-03	 1.97e+00 Accepted	 203	 251	
29	 6.6482909e-01	 -2.9030258e-03 -5.0423795e-04	 8.76e-01 Accepted	 207	 269	
30	 6.6496950e-01	 -2.4242858e-03 -8.0582198e-04	 9.71e-01 Accepted	 215	 301	
31	 6.6511138e-01	 -1.8630404e-03 +5.1161969e-04	 1.01e+00 Accepted	 213	 235	
32	 6.6516358e-01	 -2.7360406e-03 -2.3041360e-03	 9.90e-01 Accepted	 191	 233	
33	 6.6533520e-01	 -3.0734439e-04 -7.2694379e-04	 1.10e+00 Accepted	 192	 270	
34	 6.6547100e-01	 -4.7894725e-04 -4.1689983e-03	 9.80e-01 Accepted	 215	 278	
35	 6.6540113e-01	 -2.4713599e-03 -3.0207178e-03	 1.31e+00 Accepted	 208	 268	
36	 6.6535500e-01	 -5.0672869e-04 -2.6629145e-03	 1.15e+00 Accepted	 200	 233	
37	 6.6552307e-01	 +9.3026647e-04 -2.5831371e-03	 1.39e+00 Accepted	 196	 295	
38	 6.6547469e-01	 +2.2729784e-04 -2.1515058e-03	 9.58e-01 Accepted	 239	 344	
39	 6.6549230e-01	 +1.6109408e-03 -4.8091271e-04	 8.42e-01 Accepted	 236	 304	
40	 6.6538688e-01	 +1.2440051e-05 +1.1183754e-03	 1.00e+00 Accepted	 226	 297	
41	 6.6537765e-01	 +2.3459110e-03 +1.9443435e-03	 1.37e+00 Accepted	 222	 289	
42	 6.6537765e-01	 +2.3459110e-03 +1.9443435e-03	 8.95e-01 Rejected	 227	 359	
43	 6.6555013e-01	 +3.3672706e-03 -1.0154624e-03	 1.09e+00 Accepted	 230	 314	
44	 6.6551479e-01	 +4.0080153e-04 -1.9958827e-03	 9.36e-01 Accepted	 235	 342	
45	 6.6540463e-01	 -1.2270201e-03 -2.1854347e-03	 1.07e+00 Accepted	 218	 234	
46	 6.6555751e-01	 +3.1779764e-03 -4.6512926e-04	 1.31e+00 Accepted	 197	 311	
47	 6.6565359e-01	 +1.9044394e-03 -8.5031498e-04	 9.15e-01 Accepted	 227	 289	
48	 6.6556676e-01	 +4.3450483e-03 -1.7642300e-03	 1.22e+00 Accepted	 222	 292	
49	 6.6577977e-01	 +2.9446930e-03 -2.4269769e-03	 1.34e+00 Accepted	 212	 273	
50	 6.6587421e-01	 +3.9020460e-03 -9.6311987e-04	 1.24e+00 Accepted	 213	 284	
51	 6.6574291e-01	 +3.7291754e-03 -3.8914304e-03	 8.88e-01 Accepted	 215	 238	
52	 6.6570884e-01	 +4.8721875e-03 -4.3970874e-03	 6.48e-01 Accepted	 192	 235	
53	 6.6596238e-01	 +1.9340167e-03 -6.7496606e-04	 1.26e+00 Accepted	 190	 235	
54	 6.6591467e-01	 +1.5904119e-03 -6.5919314e-04	 1.48e+00 Accepted	 191	 235	
55	 6.6591467e-01	 +1.5904119e-03 -6.5919314e-04	 7.17e-01 Rejected	 190	 235	
56	 6.6585722e-01	 +4.0975984e-03 -1.6628954e-03	 7.54e-01 Accepted	 191	 241	
57	 6.6584879e-01	 +1.9299592e-03 -5.1599924e-03	 9.23e-01 Accepted	 215	 337	
58	 6.6580577e-01	 +2.5664438e-03 -4.5629416e-03	 1.06e+00 Accepted	 235	 303	
59	 6.6587862e-01	 +5.4563030e-03 -4.6910672e-03	 1.23e+00 Accepted	 213	 235	
60	 6.6569761e-01	 +4.7337597e-03 -4.6077314e-03	 7.68e-01 Accepted	 190	 235	
61	 6.6590912e-01	 +7.6391689e-03 -4.8844862e-03	 1.06e+00 Accepted	 194	 296	
62	 6.6591959e-01	 +4.2537556e-03 -5.5801616e-03	 1.13e+00 Accepted	 223	 280	
63	 6.6613939e-01	 +2.1769437e-03 -5.0884515e-03	 1.43e+00 Accepted	 218	 300	
64	 6.6613939e-01	 +2.1769437e-03 -5.0884515e-03	 8.45e-01 Rejected	 229	 280	
65	 6.6602064e-01	 +4.1891999e-03 -4.3182239e-03	 9.77e-01 Accepted	 233	 276	
66	 6.6611366e-01	 +4.0810846e-03 -3.0453747e-03	 8.84e-01 Accepted	 202	 235	
67	 6.6611366e-01	 +4.0810846e-03 -3.0453747e-03	 6.18e-01 Rejected	 193	 244	
68	 6.6609916e-01	 +3.6579177e-03 -3.4532582e-03	 1.22e+00 Accepted	 199	 278	
69	 6.6606647e-01	 +3.3917300e-03 -5.0384974e-03	 9.68e-01 Accepted	 203	 235	
70	 6.6594719e-01	 +6.1692881e-03 -4.2075242e-03	 1.02e+00 Accepted	 191	 235	
71	 6.6589827e-01	 +6.3100313e-03 -6.1411736e-03	 1.00e+00 Accepted	 190	 235	
72	 6.6602809e-01	 +7.1545573e-03 -5.0937486e-03	 9.53e-01 Accepted	 191	 235	
73	 6.6602809e-01	 +7.1545573e-03 -5.0937486e-03	 6.68e-01 Rejected	 190	 235	
74	 6.6594963e-01	 +6.6332677e-03 -3.0465451e-03	 1.36e+00 Accepted	 193	 248	
75	 6.6601399e-01	 +5.6147161e-03 -3.3353860e-03	 9.66e-01 Accepted	 199	 284	
76	 6.6603937e-01	 +6.5837296e-03 -3.8907468e-03	 8.02e-01 Accepted	 217	 259	
77	 6.6603937e-01	 +6.5837296e-03 -3.8907468e-03	 6.96e-01 Rejected	 218	 328	
78	 6.6609729e-01	 +5.9311643e-03 -9.7067537e-04	 7.90e-01 Accepted	 218	 335	
79	 6.6609729e-01	 +5.9311643e-03 -9.7067537e-04	 7.88e-01 Rejected	 238	 276	
80	 6.6609729e-01	 +5.9311643e-03 -9.7067537e-04	 3.97e-01 Rejected	 243	 351	
81	 6.6606072e-01	 +4.6786698e-03 -1.1885566e-03	 7.09e-01 Accepted	 245	 325	
82	 6.6596716e-01	 +5.9528303e-03 -1.5193642e-03	 1.07e+00 Accepted	 238	 274	
83	 6.6576782e-01	 +6.4859568e-03 -3.3804236e-03	 9.88e-01 Accepted	 201	 235	
84	 6.6577851e-01	 +8.9189899e-03 -3.6444163e-03	 6.97e-01 Accepted	 190	 235	
85	 6.6585993e-01	 +7.4321459e-03 -5.1808798e-03	 1.75e+00 Accepted	 190	 235	
86	 6.6589990e-01	 +9.3354379e-03 -4.4888706e-03	 2.01e+00 Accepted	 190	 235	
87	 6.6589990e-01	 +9.3354379e-03 -4.4888706e-03	 8.50e-01 Rejected	 190	 235	
88	 6.6585057e-01	 +9.4483639e-03 -4.7182667e-03	 5.90e-01 Accepted	 191	 235	
89	 6.6576887e-01	 +1.1740328e-02 -3.5043319e-03	 5.69e-01 Accepted	 190	 235	
90	 6.6579720e-01	 +9.5021669e-03 -3.6126960e-03	 1.32e+00 Accepted	 191	 235	
91	 6.6577347e-01	 +1.0354076e-02 -2.5629176e-03	 1.27e+00 Accepted	 189	 235	
92	 6.6597360e-01	 +6.2463487e-03 -5.4674226e-03	 7.79e-01 Accepted	 190	 235	
93	 6.6592115e-01	 +9.6875610e-03 -5.1851097e-03	 1.04e+00 Accepted	 190	 235	
94	 6.6592115e-01	 +9.6875610e-03 -5.1851097e-03	 6.37e-01 Rejected	 191	 235	
95	 6.6583781e-01	 +9.6712080e-03 -5.3654078e-03	 6.42e-01 Accepted	 190	 235	
96	 6.6569416e-01	 +8.0891102e-03 -5.6853283e-03	 1.00e+00 Accepted	 191	 235	
97	 6.6571904e-01	 +7.9675540e-03 -6.8351286e-03	 7.75e-01 Accepted	 190	 235	
98	 6.6571904e-01	 +7.9675540e-03 -6.8351286e-03	 7.93e-01 Rejected	 190	 235	
99	 6.6583019e-01	 +7.0153188e-03 -4.7693876e-03	 1.22e+00 Accepted	 190	 235	
100	 6.6594650e-01	 +7.7024272e-03 -6.1608795e-03	 1.31e+00 Accepted	 191	 235	
101	 6.6582992e-01	 +8.5619678e-03 -5.0173806e-03	 6.62e-01 Accepted	 195	 282	
102	 6.6609288e-01	 +7.3180484e-03 -5.6289769e-03	 1.58e+00 Accepted	 211	 269	
103	 6.6611497e-01	 +7.3682480e-03 -4.8084598e-03	 1.26e+00 Accepted	 212	 235	
104	 6.6585113e-01	 +7.3679218e-03 -5.2584924e-03	 6.25e-01 Accepted	 191	 235	
105	 6.6578904e-01	 +6.2565766e-03 -9.0007843e-03	 9.04e-01 Accepted	 190	 236	
106	 6.6599185e-01	 +7.2091808e-03 -7.1969323e-03	 1.07e+00 Accepted	 191	 235	
107	 6.6600711e-01	 +8.2029554e-03 -5.9323523e-03	 8.27e-01 Accepted	 190	 235	
108	 6.6617908e-01	 +4.8638045e-03 -6.3097192e-03	 1.07e+00 Accepted	 191	 235	
109	 6.6614223e-01	 +6.2574438e-03 -5.3663822e-03	 9.09e-01 Accepted	 190	 236	
110	 6.6608127e-01	 +6.8769682e-03 -5.2925224e-03	 6.39e-01 Accepted	 191	 235	
111	 6.6606748e-01	 +6.1517857e-03 -4.5176125e-03	 1.36e+00 Accepted	 190	 236	
112	 6.6617746e-01	 +3.7943351e-03 -5.0515426e-03	 1.36e+00 Accepted	 191	 235	
113	 6.6622657e-01	 +4.6146868e-03 -4.2981052e-03	 1.81e+00 Accepted	 190	 235	
114	 6.6607870e-01	 +6.0915041e-03 -5.7891450e-03	 8.17e-01 Accepted	 191	 236	
115	 6.6597959e-01	 +5.5728356e-03 -5.6844788e-03	 8.01e-01 Accepted	 190	 235	
116	 6.6592736e-01	 +5.2137094e-03 -5.7183446e-03	 9.39e-01 Accepted	 191	 235	
117	 6.6587227e-01	 +5.2055112e-03 -7.3104954e-03	 8.89e-01 Accepted	 190	 235	
118	 6.6609709e-01	 +5.6764810e-03 -5.4171359e-03	 1.13e+00 Accepted	 191	 237	
119	 6.6609709e-01	 +5.6764810e-03 -5.4171359e-03	 6.35e-01 Rejected	 190	 235	
120	 6.6598769e-01	 +7.0451507e-03 -4.7499757e-03	 1.14e+00 Accepted	 191	 235	
121	 6.6633744e-01	 +6.9820409e-03 -5.7825702e-03	 1.64e+00 Accepted	 190	 236	
122	 6.6612632e-01	 +7.1331153e-03 -3.9701243e-03	 7.74e-01 Accepted	 190	 236	
123	 6.6617635e-01	 +6.3041012e-03 -1.7118853e-03	 1.27e+00 Accepted	 190	 236	
124	 6.6621984e-01	 +4.8650266e-03 -6.1581155e-03	 1.24e+00 Accepted	 191	 235	
125	 6.6627131e-01	 +5.8505396e-03 -8.7719497e-03	 1.21e+00 Accepted	 191	 237	
126	 6.6619985e-01	 +4.2836346e-03 -7.6235288e-03	 1.06e+00 Accepted	 191	 236	
127	 6.6613950e-01	 +3.4147504e-03 -6.1015144e-03	 5.73e-01 Accepted	 190	 236	
128	 6.6599777e-01	 +1.2422583e-03 -7.1146056e-03	 1.03e+00 Accepted	 190	 236	
129	 6.6602853e-01	 +1.2060873e-03 -5.6776765e-03	 1.33e+00 Accepted	 195	 290	
130	 6.6607730e-01	 +1.8062207e-03 -9.6703082e-03	 9.16e-01 Accepted	 212	 237	
131	 6.6618350e-01	 +1.8628905e-03 -5.1702245e-03	 1.17e+00 Accepted	 190	 237	
132	 6.6618878e-01	 +2.9684148e-03 -6.4375115e-03	 5.10e-01 Accepted	 191	 235	
133	 6.6615922e-01	 +3.7900077e-03 -5.8660509e-03	 1.28e+00 Accepted	 191	 235	
134	 6.6613271e-01	 +4.0702768e-03 -8.4569556e-03	 8.91e-01 Accepted	 191	 237	
135	 6.6613510e-01	 +1.9421837e-03 -4.1320923e-03	 9.46e-01 Accepted	 190	 236	
136	 6.6613510e-01	 +1.9421837e-03 -4.1320923e-03	 5.94e-01 Rejected	 191	 236	
137	 6.6601178e-01	 +3.9170183e-03 -4.3371107e-03	 9.12e-01 Accepted	 190	 235	
138	 6.6596728e-01	 +3.2963312e-03 -5.7431297e-03	 1.23e+00 Accepted	 191	 237	
139	 6.6590598e-01	 +3.4908386e-03 -5.6606316e-03	 1.12e+00 Accepted	 191	 236	
140	 6.6590634e-01	 +7.1109311e-03 -5.7125353e-03	 8.87e-01 Accepted	 191	 236	
141	 6.6606740e-01	 +3.6840873e-03 -7.4983548e-03	 1.29e+00 Accepted	 191	 236	
142	 6.6608770e-01	 +5.4629038e-03 -8.2255958e-03	 7.72e-01 Accepted	 191	 236	
143	 6.6609487e-01	 +3.0806945e-03 -7.6974767e-03	 1.32e+00 Accepted	 191	 236	
144	 6.6602441e-01	 +5.3432237e-03 -6.7970115e-03	 9.63e-01 Accepted	 191	 237	
145	 6.6617709e-01	 +6.3885843e-03 -7.2651214e-03	 8.23e-01 Accepted	 191	 236	
146	 6.6618139e-01	 +6.6173660e-03 -5.8765404e-03	 1.10e+00 Accepted	 191	 236	
147	 6.6596343e-01	 +3.6971288e-03 -6.5911577e-03	 8.23e-01 Accepted	 191	 237	
148	 6.6600192e-01	 +4.6830834e-03 -8.9109795e-03	 6.07e-01 Accepted	 191	 236	
149	 6.6613964e-01	 +6.2460515e-03 -6.8392362e-03	 1.39e+00 Accepted	 190	 237	
150	 6.6601828e-01	 +5.1632640e-03 -6.6565971e-03	 1.38e+00 Accepted	 191	 235	
151	 6.6588634e-01	 +6.9888604e-03 -6.5174174e-03	 1.28e+00 Accepted	 190	 236	
152	 6.6590871e-01	 +5.3180982e-03 -8.7378768e-03	 1.10e+00 Accepted	 191	 237	
153	 6.6590871e-01	 +5.3180982e-03 -8.7378768e-03	 7.26e-01 Rejected	 191	 236	
154	 6.6598017e-01	 +7.2423148e-03 -5.7787171e-03	 1.19e+00 Accepted	 191	 236	
155	 6.6602873e-01	 +8.6351093e-03 -5.2931247e-03	 9.85e-01 Accepted	 190	 236	
156	 6.6623171e-01	 +9.4159604e-03 -4.8403765e-03	 1.60e+00 Accepted	 191	 236	
157	 6.6619480e-01	 +1.0446871e-02 -5.0557681e-03	 9.05e-01 Accepted	 190	 235	
158	 6.6598490e-01	 +1.0177816e-02 -5.1673121e-03	 1.01e+00 Accepted	 191	 235	
159	 6.6623553e-01	 +9.8643917e-03 -2.4520342e-03	 1.35e+00 Accepted	 191	 237	
160	 6.6623553e-01	 +9.8643917e-03 -2.4520342e-03	 7.99e-01 Rejected	 191	 237	
161	 6.6623553e-01	 +9.8643917e-03 -2.4520342e-03	 4.84e-01 Rejected	 191	 236	
162	 6.6617784e-01	 +1.0718298e-02 -4.4805611e-03	 1.24e+00 Accepted	 191	 235	
163	 6.6626874e-01	 +9.7230195e-03 -4.1302935e-03	 1.08e+00 Accepted	 190	 235	
164	 6.6643613e-01	 +1.1437532e-02 -2.7245030e-03	 1.37e+00 Accepted	 191	 236	
165	 6.6630966e-01	 +9.3001235e-03 -3.5900633e-03	 6.11e-01 Accepted	 190	 236	
166	 6.6630966e-01	 +9.3001235e-03 -3.5900633e-03	 9.43e-01 Rejected	 190	 235	
167	 6.6632806e-01	 +9.7567316e-03 -4.8884435e-03	 7.45e-01 Accepted	 190	 235	
168	 6.6617502e-01	 +1.0717846e-02 -6.2694392e-03	 7.72e-01 Accepted	 191	 235	
169	 6.6617502e-01	 +1.0717846e-02 -6.2694392e-03	 7.53e-01 Rejected	 191	 237	
170	 6.6626013e-01	 +7.6598814e-03 -6.4661753e-03	 1.23e+00 Accepted	 191	 236	
171	 6.6625527e-01	 +8.1296822e-03 -7.3387215e-03	 7.72e-01 Accepted	 190	 236	
172	 6.6625527e-01	 +8.1296822e-03 -7.3387215e-03	 7.75e-01 Rejected	 191	 236	
173	 6.6603673e-01	 +9.0073372e-03 -6.0139137e-03	 8.21e-01 Accepted	 191	 236	
174	 6.6601947e-01	 +8.2092538e-03 -7.0536724e-03	 1.20e+00 Accepted	 191	 236	
175	 6.6605725e-01	 +5.9652748e-03 -9.5812922e-03	 9.99e-01 Accepted	 191	 235	
176	 6.6603605e-01	 +4.6039868e-03 -7.4577276e-03	 1.01e+00 Accepted	 191	 237	
177	 6.6608830e-01	 +6.9654084e-03 -1.0380432e-02	 1.20e+00 Accepted	 191	 237	
178	 6.6629917e-01	 +6.5867769e-03 -8.5388325e-03	 1.41e+00 Accepted	 191	 236	
179	 6.6647034e-01	 +7.3432495e-03 -7.3805298e-03	 1.51e+00 Accepted	 190	 236	
180	 6.6619729e-01	 +7.7147669e-03 -7.9345263e-03	 1.03e+00 Accepted	 192	 237	
181	 6.6619729e-01	 +7.7147669e-03 -7.9345263e-03	 7.84e-01 Rejected	 191	 236	
182	 6.6623455e-01	 +6.6439626e-03 -1.0040607e-02	 8.61e-01 Accepted	 191	 237	
183	 6.6620644e-01	 +6.6604170e-03 -8.2292786e-03	 9.81e-01 Accepted	 191	 236	
184	 6.6627455e-01	 +8.7072701e-03 -7.5292460e-03	 1.58e+00 Accepted	 191	 236	
185	 6.6628869e-01	 +7.6099562e-03 -3.2584889e-03	 8.38e-01 Accepted	 191	 236	
186	 6.6618373e-01	 +8.9994043e-03 -2.6849917e-03	 6.13e-01 Accepted	 191	 236	
187	 6.6616013e-01	 +6.3897337e-03 -3.4882357e-03	 9.30e-01 Accepted	 191	 236	
188	 6.6625033e-01	 +9.7861912e-03 -3.9536406e-03	 8.67e-01 Accepted	 190	 236	
189	 6.6623920e-01	 +7.0561894e-03 -6.7777801e-03	 1.01e+00 Accepted	 190	 237	
190	 6.6601715e-01	 +7.0219361e-03 -6.6394806e-03	 6.92e-01 Accepted	 191	 236	
191	 6.6610966e-01	 +7.3615354e-03 -8.1164189e-03	 1.17e+00 Accepted	 191	 236	
192	 6.6637980e-01	 +6.5502821e-03 -6.0831770e-03	 1.27e+00 Accepted	 191	 236	
193	 6.6643532e-01	 +7.3707250e-03 -9.7594003e-03	 9.53e-01 Accepted	 191	 236	
194	 6.6635830e-01	 +6.4144746e-03 -8.1605657e-03	 7.99e-01 Accepted	 191	 235	
195	 6.6633525e-01	 +5.1473062e-03 -6.8119653e-03	 8.93e-01 Accepted	 191	 236	
196	 6.6624646e-01	 +6.9884050e-03 -5.1803547e-03	 9.18e-01 Accepted	 191	 236	
197	 6.6613980e-01	 +9.0309451e-03 -4.8396942e-03	 8.76e-01 Accepted	 191	 237	
198	 6.6618007e-01	 +5.7289732e-03 -4.2907246e-03	 9.42e-01 Accepted	 192	 237	
199	 6.6618007e-01	 +5.7289732e-03 -4.2907246e-03	 7.88e-01 Rejected	 191	 236	
200	 6.6602224e-01	 +5.5254059e-03 -3.7012035e-03	 8.84e-01 Accepted	 191	 236	
# Starting_type: CheckpointStart
# Trajectory_length / Number_of_MD_steps: 1 / 8
# 	 Plaquette	 Polyakov_Loop(re,im)	 Acc._Probability	 runtime_per_traj(s)	 CG_iterations	
201	 6.6610265e-01	 +4.4337382e-03 -2.0043580e-03	 8.83e-01 Accepted	 192	 236	
202	 6.6614271e-01	 +4.7975804e-03 -3.2339708e-03	 1.13e+00 Accepted	 191	 236	
203	 6.6610241e-01	 +5.8413631e-03 -2.0752049e-03	 9.86e-01 Accepted	 191	 236	
204	 6.6609162e-01	 +5.1074421e-03 -2.0521276e-03	 9.47e-01 Accepted	 191	 237	
205	 6.6614665e-01	 +1.7901539e-03 -1.9299343e-04	 1.01e+00 Accepted	 191	 236	
206	 6.6611944e-01	 +3.4536746e-03 -3.6827839e-03	 6.94e-01 Accepted	 191	 237	
207	 6.6597859e-01	 +2.4644275e-03 -8.7372991e-04	 8.86e-01 Accepted	 191	 236	
208	 6.6617381e-01	 +4.8173422e-03 -7.0984808e-04	 1.21e+00 Accepted	 191	 237	
209	 6.6609192e-01	 +7.1477327e-03 -4.1099991e-04	 1.55e+00 Accepted	 191	 236	
210	 6.6619712e-01	 +6.1833634e-03 +1.6966993e-03	 9.96e-01 Accepted	 192	 236	
211	 6.6601451e-01	 +5.5876898e-03 -3.1073003e-04	 7.51e-01 Accepted	 191	 236	
212	 6.6612378e-01	 +4.9962903e-03 +3.6167214e-04	 1.36e+00 Accepted	 191	 236	
213	 6.6625067e-01	 +3.1178045e-03 -8.8715343e-05	 1.14e+00 Accepted	 191	 236	
214	 6.6629178e-01	 +4.4914693e-03 -1.0600118e-03	 1.02e+00 Accepted	 191	 236	
215	 6.6608182e-01	 +4.5969867e-03 -2.0323532e-03	 8.28e-01 Accepted	 191	 235	
216	 6.6619200e-01	 +1.4728167e-03 -1.5420742e-03	 8.78e-01 Accepted	 191	 237	
217	 6.6621376e-01	 +4.5908510e-03 -2.8992285e-03	 1.15e+00 Accepted	 191	 235	
218	 6.6621376e-01	 +4.5908510e-03 -2.8992285e-03	 6.29e-01 Rejected	 192	 237	
219	 6.6615891e-01	 +5.7488316e-03 -2.5343902e-03	 8.30e-01 Accepted	 191	 236	
220	 6.6619849e-01	 +4.4399272e-03 -2.9601245e-04	 1.26e+00 Accepted	 191	 236	
221	 6.6610587e-01	 +3.9919873e-03 -1.9084117e-03	 8.10e-01 Accepted	 192	 237	
222	 6.6609662e-01	 +3.3879521e-03 -4.6780752e-05	 1.55e+00 Accepted	 191	 236	
223	 6.6608821e-01	 +2.1300027e-03 -2.0914399e-03	 1.35e+00 Accepted	 191	 236	
224	 6.6614764e-01	 +2.9289713e-03 -2.4185035e-03	 1.20e+00 Accepted	 191	 236	
225	 6.6634009e-01	 +1.3206757e-06 -4.2258616e-04	 1.33e+00 Accepted	 191	 237	
226	 6.6621709e-01	 +4.1617558e-03 -1.4479670e-03	 8.73e-01 Accepted	 192	 236	
227	 6.6652924e-01	 +4.2748584e-03 +4.2465769e-04	 1.87e+00 Accepted	 191	 236	
228	 6.6654380e-01	 +5.8410341e-03 +2.5626093e-03	 1.04e+00 Accepted	 191	 236	
229	 6.6633249e-01	 +7.1547300e-03 +2.1791313e-03	 6.68e-01 Accepted	 191	 236	
230	 6.6631258e-01	 +7.3381823e-03 +1.2840127e-03	 8.36e-01 Accepted	 191	 237	
231	 6.6616107e-01	 +7.9979425e-03 +9.6377094e-04	 8.50e-01 Accepted	 190	 236	
232	 6.6614976e-01	 +6.4244768e-03 +1.0859774e-03	 9.66e-01 Accepted	 192	 237	
233	 6.6618958e-01	 +7.7848231e-03 -6.0710115e-04	 7.69e-01 Accepted	 191	 235	
234	 6.6604458e-01	 +9.3143971e-03 +4.2468049e-04	 8.45e-01 Accepted	 192	 237	
235	 6.6620521e-01	 +8.3066631e-03 +1.0877982e-03	 1.50e+00 Accepted	 191	 236	
236	 6.6616675e-01	 +6.0921070e-03 -1.9195038e-03	 8.04e-01 Accepted	 191	 235	
237	 6.6615017e-01	 +4.2307939e-03 +5.9202676e-04	 1.28e+00 Accepted	 190	 237	
238	 6.6607874e-01	 +5.2328780e-03 +2.0430645e-03	 7.25e-01 Accepted	 191	 237	
239	 6.6624373e-01	 +8.5004128e-03 +1.2868397e-03	 1.23e+00 Accepted	 191	 235	
240	 6.6621233e-01	 +8.4361759e-03 -1.6463495e-04	 8.21e-01 Accepted	 191	 243	
241	 6.6631711e-01	 +6.5510283e-03 +7.1504579e-04	 8.17e-01 Accepted	 206	 288	
242	 6.6635777e-01	 +1.1061015e-02 -7.5012473e-04	 1.04e+00 Accepted	 205	 235	
243	 6.6627730e-01	 +1.2174244e-02 +8.0039747e-04	 1.34e+00 Accepted	 191	 236	
244	 6.6619936e-01	 +1.2181791e-02 +1.4653462e-04	 6.48e-01 Accepted	 191	 235	
245	 6.6620244e-01	 +1.2952089e-02 +5.4024259e-04	 8.80e-01 Accepted	 191	 235	
246	 6.6629045e-01	 +1.5400489e-02 +7.8556256e-05	 1.62e+00 Accepted	 191	 235	
247	 6.6651818e-01	 +1.3218372e-02 -7.7417602e-04	 1.85e+00 Accepted	 191	 235	
248	 6.6634829e-01	 +1.5413886e-02 -1.1614755e-03	 9.16e-01 Accepted	 191	 236	
249	 6.6634829e-01	 +1.5413886e-02 -1.1614755e-03	 7.37e-01 Rejected	 190	 235	
250	 6.6632477e-01	 +1.8442314e-02 +5.4475330e-04	 7.95e-01 Accepted	 191	 235	
251	 6.6630974e-01	 +1.6032171e-02 -3.6181831e-04	 7.95e-01 Accepted	 191	 235	
252	 6.6619601e-01	 +1.8144679e-02 +1.2471894e-03	 8.36e-01 Accepted	 191	 235	
253	 6.6630298e-01	 +1.5238346e-02 -1.6280615e-03	 1.36e+00 Accepted	 191	 236	
254	 6.6643074e-01	 +1.4680959e-02 -2.5804081e-03	 1.09e+00 Accepted	 190	 236	
255	 6.6634793e-01	 +1.3986451e-02 -1.4466251e-03	 7.28e-01 Accepted	 191	 236	
256	 6.6634793e-01	 +1.3986451e-02 -1.4466251e-03	 7.07e-01 Rejected	 191	 235	
257	 6.6634793e-01	 +1.3986451e-02 -1.4466251e-03	 9.68e-01 Rejected	 191	 236	
258	 6.6634769e-01	 +1.9479536e-02 -3.2083447e-03	 1.34e+00 Accepted	 191	 235	
259	 6.6628523e-01	 +1.9278042e-02 -8.2320986e-04	 1.07e+00 Accepted	 191	 236	
260	 6.6628523e-01	 +1.9278042e-02 -8.2320986e-04	 5.07e-01 Rejected	 191	 236	
261	 6.6628523e-01	 +1.9278042e-02 -8.2320986e-04	 8.42e-01 Rejected	 190	 235	
262	 6.6632788e-01	 +1.8429811e-02 -2.0660883e-03	 1.33e+00 Accepted	 191	 235	
263	 6.6643041e-01	 +1.7335911e-02 -4.2650877e-03	 1.09e+00 Accepted	 191	 236	
264	 6.6653394e-01	 +1.7395524e-02 -2.7914555e-03	 9.10e-01 Accepted	 190	 235	
265	 6.6648197e-01	 +1.7748402e-02 -2.2442533e-03	 1.00e+00 Accepted	 190	 235	
266	 6.6637362e-01	 +1.6244332e-02 -1.7904349e-03	 8.62e-01 Accepted	 191	 236	
267	 6.6613473e-01	 +1.5432229e-02 +2.4700166e-04	 6.40e-01 Accepted	 191	 235	
268	 6.6616020e-01	 +1.7948912e-02 -2.8336334e-03	 9.78e-01 Accepted	 191	 235	
269	 6.6614825e-01	 +1.8393564e-02 -3.2948386e-03	 8.71e-01 Accepted	 190	 235	
270	 6.6618976e-01	 +1.6904827e-02 -2.2381450e-04	 1.37e+00 Accepted	 191	 235	
271	 6.6613215e-01	 +1.6042458e-02 -1.0769799e-03	 1.01e+00 Accepted	 190	 235	
272	 6.6615777e-01	 +1.8707720e-02 -3.6947788e-03	 1.19e+00 Accepted	 191	 236	
273	 6.6633553e-01	 +1.9437236e-02 +1.1437234e-03	 9.34e-01 Accepted	 191	 235	
274	 6.6647802e-01	 +1.9478487e-02 +8.5362959e-04	 1.15e+00 Accepted	 191	 235	
275	 6.6647655e-01	 +1.5740546e-02 -5.6282948e-04	 1.33e+00 Accepted	 191	 235	
276	 6.6642673e-01	 +1.6249705e-02 +2.2187197e-03	 1.16e+00 Accepted	 191	 235	
277	 6.6640357e-01	 +1.5574119e-02 -7.6811050e-04	 8.60e-01 Accepted	 191	 236	
278	 6.6630582e-01	 +1.5826755e-02 -1.9481557e-04	 8.99e-01 Accepted	 191	 236	
279	 6.6629280e-01	 +1.6167408e-02 +2.6900792e-03	 1.07e+00 Accepted	 191	 235	
280	 6.6618545e-01	 +1.4147162e-02 +1.5355870e-03	 7.89e-01 Accepted	 191	 235	
281	 6.6621959e-01	 +1.6459902e-02 +2.5650211e-03	 7.17e-01 Accepted	 190	 235	
282	 6.6631260e-01	 +1.5180857e-02 +2.9215603e-03	 1.03e+00 Accepted	 192	 236	
283	 6.6631938e-01	 +1.5034337e-02 +4.6225677e-03	 1.29e+00 Accepted	 191	 235	
284	 6.6631938e-01	 +1.5034337e-02 +4.6225677e-03	 8.26e-01 Rejected	 191	 235	
285	 6.6620688e-01	 +1.2597968e-02 +3.7612121e-03	 7.03e-01 Accepted	 191	 236	
286	 6.6620551e-01	 +1.3533444e-02 +4.2109588e-03	 8.09e-01 Accepted	 191	 235	
287	 6.6634391e-01	 +1.3530308e-02 +7.3639099e-03	 7.91e-01 Accepted	 191	 236	
288	 6.6619692e-01	 +1.4299768e-02 +7.4441736e-03	 8.47e-01 Accepted	 192	 235	
289	 6.6615767e-01	 +1.6134131e-02 +3.9759795e-03	 1.24e+00 Accepted	 191	 236	
290	 6.6616394e-01	 +1.6547940e-02 +3.6631376e-03	 1.11e+00 Accepted	 191	 235	
291	 6.6619812e-01	 +1.5375535e-02 +5.5469590e-03	 7.27e-01 Accepted	 191	 236	
292	 6.6609208e-01	 +1.4382451e-02 +5.4004859e-03	 8.52e-01 Accepted	 192	 235	
293	 6.6609208e-01	 +1.4382451e-02 +5.4004859e-03	 7.88e-01 Rejected	 190	 235	
294	 6.6600619e-01	 +1.4260086e-02 +3.5606053e-03	 7.57e-01 Accepted	 191	 235	
295	 6.6594923e-01	 +1.2971601e-02 +5.5570141e-03	 9.45e-01 Accepted	 191	 236	
296	 6.6598142e-01	 +1.4749351e-02 +4.4211247e-03	 1.23e+00 Accepted	 191	 235	
297	 6.6610086e-01	 +1.6409003e-02 +6.7981869e-03	 1.36e+00 Accepted	 190	 235	
298	 6.6629535e-01	 +1.5777734e-02 +6.2327087e-03	 1.50e+00 Accepted	 191	 236	
299	 6.6641911e-01	 +1.4475614e-02 +7.1434465e-03	 1.44e+00 Accepted	 191	 236	
300	 6.6633199e-01	 +1.2835328e-02 +4.5158941e-03	 1.24e+00 Accepted	 191	 236	
301	 6.6619648e-01	 +1.2556153e-02 +4.5138407e-03	 1.12e+00 Accepted	 191	 236	
302	 6.6622846e-01	 +1.1681233e-02 +5.5701539e-03	 9.64e-01 Accepted	 191	 236	
303	 6.6622846e-01	 +1.1681233e-02 +5.5701539e-03	 7.34e-01 Rejected	 191	 235	
304	 6.6612638e-01	 +1.0967042e-02 +7.5347735e-03	 1.18e+00 Accepted	 192	 235	
305	 6.6612638e-01	 +1.0967042e-02 +7.5347735e-03	 8.05e-01 Rejected	 191	 235	
306	 6.6613575e-01	 +1.2651781e-02 +5.3308980e-03	 7.20e-01 Accepted	 191	 236	
307	 6.6635251e-01	 +1.2641599e-02 +7.7174034e-03	 9.44e-01 Accepted	 191	 236	
308	 6.6613121e-01	 +1.2528224e-02 +6.5275989e-03	 8.86e-01 Accepted	 191	 236	
309	 6.6612061e-01	 +1.3946483e-02 +6.4600052e-03	 8.03e-01 Accepted	 191	 237	
310	 6.6608491e-01	 +1.4623836e-02 +7.2041794e-03	 6.74e-01 Accepted	 191	 235	
311	 6.6615786e-01	 +1.5091443e-02 +6.9549069e-03	 1.44e+00 Accepted	 191	 236	
312	 6.6613254e-01	 +1.3806368e-02 +7.0880547e-03	 8.45e-01 Accepted	 191	 236	
313	 6.6630199e-01	 +1.3678995e-02 +4.5438000e-03	 1.43e+00 Accepted	 191	 235	
314	 6.6630199e-01	 +1.3678995e-02 +4.5438000e-03	 9.04e-01 Rejected	 192	 236	
315	 6.6618874e-01	 +1.1567846e-02 +4.3082132e-03	 8.94e-01 Accepted	 191	 236	
316	 6.6616949e-01	 +1.3141603e-02 +5.1074262e-03	 1.10e+00 Accepted	 192	 236	
317	 6.6603897e-01	 +1.3587394e-02 +6.8197710e-03	 1.00e+00 Accepted	 191	 236	
318	 6.6615225e-01	 +1.7014079e-02 +7.3573698e-03	 1.15e+00 Accepted	 191	 236	
319	 6.6606022e-01	 +1.6921849e-02 +6.8209025e-03	 8.39e-01 Accepted	 190	 236	
320	 6.6609538e-01	 +1.5137230e-02 +5.4128773e-03	 8.06e-01 Accepted	 192	 236	
321	 6.6609538e-01	 +1.5137230e-02 +5.4128773e-03	 6.58e-01 Rejected	 191	 236	
322	 6.6608066e-01	 +1.4577356e-02 +8.2083042e-03	 1.24e+00 Accepted	 191	 236	
323	 6.6601857e-01	 +1.5910194e-02 +7.7753364e-03	 7.25e-01 Accepted	 191	 235	
324	 6.6603987e-01	 +1.5050213e-02 +6.2080318e-03	 1.23e+00 Accepted	 191	 236	
325	 6.6610556e-01	 +1.2406881e-02 +8.8876012e-03	 8.85e-01 Accepted	 191	 236	
326	 6.6630471e-01	 +1.2334042e-02 +7.6517130e-03	 1.77e+00 Accepted	 191	 236	
327	 6.6620705e-01	 +1.3301768e-02 +7.9148617e-03	 7.61e-01 Accepted	 191	 235	
328	 6.6628812e-01	 +1.6064892e-02 +5.1214621e-03	 9.60e-01 Accepted	 191	 235	
329	 6.6625434e-01	 +1.5612246e-02 +7.5767543e-03	 5.41e-01 Accepted	 191	 236	
330	 6.6639942e-01	 +1.7837601e-02 +6.8518491e-03	 1.49e+00 Accepted	 192	 236	
331	 6.6605223e-01	 +1.7368221e-02 +5.3800883e-03	 5.68e-01 Accepted	 191	 235	
332	 6.6614862e-01	 +1.5724999e-02 +4.6713125e-03	 1.55e+00 Accepted	 191	 236	
333	 6.6601032e-01	 +1.6171502e-02 +7.2461985e-03	 4.98e-01 Accepted	 191	 235	
334	 6.6610938e-01	 +1.4002036e-02 +5.8667484e-03	 1.28e+00 Accepted	 191	 236	
335	 6.6620521e-01	 +1.5141663e-02 +8.0864337e-03	 1.25e+00 Accepted	 191	 236	
336	 6.6620521e-01	 +1.5141663e-02 +8.0864337e-03	 7.16e-01 Rejected	 192	 236	
337	 6.6619673e-01	 +1.6724125e-02 +9.8572335e-03	 9.96e-01 Accepted	 191	 236	
338	 6.6607758e-01	 +1.4431342e-02 +7.4002031e-03	 1.09e+00 Accepted	 191	 236	
339	 6.6639102e-01	 +1.6157800e-02 +5.0261137e-03	 1.25e+00 Accepted	 191	 235	
340	 6.6619296e-01	 +1.4073101e-02 +4.7713696e-03	 7.08e-01 Accepted	 191	 236	
341	 6.6607671e-01	 +1.7412577e-02 +6.5389844e-03	 7.02e-01 Accepted	 190	 235	
342	 6.6623967e-01	 +1.9355354e-02 +6.3923310e-03	 9.43e-01 Accepted	 192	 236	
343	 6.6602059e-01	 +1.6720085e-02 +5.2035976e-03	 1.33e+00 Accepted	 191	 236	
344	 6.6599880e-01	 +1.7934445e-02 +7.2603868e-03	 1.20e+00 Accepted	 191	 236	
345	 6.6614350e-01	 +1.4268980e-02 +8.1423114e-03	 1.03e+00 Accepted	 191	 235	
346	 6.6606489e-01	 +1.5362005e-02 +7.5003537e-03	 8.29e-01 Accepted	 191	 236	
347	 6.6606489e-01	 +1.5362005e-02 +7.5003537e-03	 8.12e-01 Rejected	 190	 236	
348	 6.6614845e-01	 +1.7473441e-02 +6.4235411e-03	 8.73e-01 Accepted	 192	 236	
349	 6.6631268e-01	 +1.7773118e-02 +6.6655348e-03	 1.13e+00 Accepted	 191	 236	
350	 6.6607390e-01	 +1.8256765e-02 +8.0663836e-03	 9.43e-01 Accepted	 191	 235	
351	 6.6613739e-01	 +1.9555720e-02 +9.0462940e-03	 9.65e-01 Accepted	 191	 236	
352	 6.6612938e-01	 +1.8738465e-02 +7.9646755e-03	 9.10e-01 Accepted	 192	 236	
353	 6.6614300e-01	 +1.8380733e-02 +8.4461865e-03	 1.06e+00 Accepted	 190	 235	
354	 6.6618442e-01	 +1.8423191e-02 +8.5831548e-03	 8.48e-01 Accepted	 192	 236	
355	 6.6599883e-01	 +1.8103715e-02 +8.8678798e-03	 1.28e+00 Accepted	 191	 236	
356	 6.6621866e-01	 +1.6451378e-02 +1.2911517e-02	 1.35e+00 Accepted	 191	 236	
357	 6.6639557e-01	 +1.6440148e-02 +9.5959074e-03	 1.46e+00 Accepted	 191	 235	
358	 6.6619627e-01	 +1.3515705e-02 +6.3932633e-03	 6.18e-01 Accepted	 191	 236	
359	 6.6643150e-01	 +1.8532796e-02 +7.3821898e-03	 1.27e+00 Accepted	 190	 236	
360	 6.6604836e-01	 +1.7269647e-02 +9.0812066e-03	 6.68e-01 Accepted	 191	 235	
361	 6.6622858e-01	 +1.7165024e-02 +8.3936790e-03	 1.53e+00 Accepted	 191	 236	
362	 6.6623336e-01	 +1.5045834e-02 +1.1117876e-02	 1.09e+00 Accepted	 191	 236	
363	 6.6611632e-01	 +1.6044664e-02 +1.1289369e-02	 7.44e-01 Accepted	 191	 235	
364	 6.6611632e-01	 +1.6044664e-02 +1.1289369e-02	 6.71e-01 Rejected	 192	 236	
365	 6.6611632e-01	 +1.6044664e-02 +1.1289369e-02	 7.55e-01 Rejected	 190	 235	
366	 6.6615044e-01	 +1.8475729e-02 +1.1341496e-02	 1.09e+00 Accepted	 191	 236	
367	 6.6604143e-01	 +1.7671342e-02 +9.2740332e-03	 1.15e+00 Accepted	 191	 236	
368	 6.6613588e-01	 +1.5377223e-02 +1.1384874e-02	 1.10e+00 Accepted	 191	 236	
369	 6.6613588e-01	 +1.5377223e-02 +1.1384874e-02	 6.42e-01 Rejected	 191	 236	
370	 6.6611537e-01	 +1.5618777e-02 +1.1878683e-02	 5.89e-01 Accepted	 191	 235	
371	 6.6629362e-01	 +1.5260133e-02 +9.7173145e-03	 1.06e+00 Accepted	 191	 236	
372	 6.6629362e-01	 +1.5260133e-02 +9.7173145e-03	 7.12e-01 Rejected	 192	 236	
373	 6.6624635e-01	 +1.5191421e-02 +1.0296380e-02	 9.55e-01 Accepted	 191	 235	
374	 6.6612843e-01	 +1.7703869e-02 +1.1042600e-02	 8.83e-01 Accepted	 191	 235	
375	 6.6600973e-01	 +1.6912886e-02 +8.8962505e-03	 7.19e-01 Accepted	 191	 236	
376	 6.6611456e-01	 +1.5989684e-02 +6.9051990e-03	 1.19e+00 Accepted	 191	 235	
377	 6.6609618e-01	 +1.7051996e-02 +7.2632860e-03	 9.89e-01 Accepted	 191	 236	
378	 6.6609618e-01	 +1.7051996e-02 +7.2632860e-03	 6.82e-01 Rejected	 191	 236	
379	 6.6594988e-01	 +1.8642195e-02 +7.4625636e-03	 7.42e-01 Accepted	 191	 235	
380	 6.6607406e-01	 +1.6505615e-02 +6.0736128e-03	 1.17e+00 Accepted	 191	 234	
381	 6.6615501e-01	 +1.8656204e-02 +6.0029988e-03	 1.31e+00 Accepted	 191	 236	
382	 6.6616959e-01	 +1.6341112e-02 +4.0622861e-03	 1.49e+00 Accepted	 191	 235	
383	 6.6624445e-01	 +1.9350295e-02 +3.0310495e-03	 7.64e-01 Accepted	 191	 236	
384	 6.6607623e-01	 +1.6010021e-02 +2.5493707e-03	 7.08e-01 Accepted	 192	 236	
385	 6.6612560e-01	 +1.6447779e-02 -2.8284127e-05	 1.26e+00 Accepted	 191	 236	
386	 6.6606989e-01	 +1.8177892e-02 +1.6110020e-03	 8.68e-01 Accepted	 191	 236	
387	 6.6606536e-01	 +2.1736976e-02 +1.0492556e-03	 1.04e+00 Accepted	 191	 234	
388	 6.6591720e-01	 +1.9824186e-02 -2.3481876e-04	 9.65e-01 Accepted	 191	 236	
389	 6.6613228e-01	 +2.0349294e-02 -3.4579515e-05	 1.68e+00 Accepted	 191	 236	
390	 6.6589658e-01	 +2.0872547e-02 -1.7296357e-03	 7.76e-01 Accepted	 191	 234	
391	 6.6590227e-01	 +2.0985245e-02 +1.6563755e-03	 8.97e-01 Accepted	 191	 235	
392	 6.6585124e-01	 +2.3178580e-02 +2.7197252e-03	 8.56e-01 Accepted	 191	 236	
393	 6.6612752e-01	 +2.5527992e-02 +9.1138961e-04	 1.86e+00 Accepted	 191	 234	
394	 6.6617834e-01	 +2.3191681e-02 +2.6453971e-03	 9.95e-01 Accepted	 191	 234	
395	 6.6624377e-01	 +2.5190722e-02 +3.8425133e-04	 7.61e-01 Accepted	 190	 234	
396	 6.6624114e-01	 +2.6820409e-02 +4.3791013e-04	 9.93e-01 Accepted	 191	 235	
397	 6.6619719e-01	 +2.6485535e-02 +8.2123817e-04	 8.99e-01 Accepted	 190	 235	
398	 6.6607538e-01	 +2.6911360e-02 +5.4071869e-04	 9.94e-01 Accepted	 191	 236	
399	 6.6622183e-01	 +2.6271785e-02 +4.6152294e-03	 1.24e+00 Accepted	 191	 235	
400	 6.6610189e-01	 +2.6059156e-02 +4.0213377e-03	 1.32e+00 Accepted	 191	 234	
401	 6.6604663e-01	 +2.5327753e-02 +6.3564291e-03	 7.72e-01 Accepted	 190	 234	
402	 6.6607140e-01	 +2.7541627e-02 +9.3354103e-04	 8.85e-01 Accepted	 190	 234	
403	 6.6602505e-01	 +2.5224509e-02 +2.2113359e-03	 8.27e-01 Accepted	 190	 234	
404	 6.6602505e-01	 +2.5224509e-02 +2.2113359e-03	 7.57e-01 Rejected	 191	 234	
405	 6.6601304e-01	 +2.5826803e-02 +5.2094677e-03	 9.51e-01 Accepted	 191	 235	
406	 6.6621642e-01	 +2.8311876e-02 +3.5858782e-03	 1.18e+00 Accepted	 191	 234	
407	 6.6601214e-01	 +2.6974432e-02 +4.2041196e-03	 7.48e-01 Accepted	 190	 235	
408	 6.6614163e-01	 +2.8895172e-02 +5.9617719e-03	 9.56e-01 Accepted	 190	 235	
409	 6.6611237e-01	 +3.0242295e-02 +5.4833675e-03	 1.05e+00 Accepted	 190	 234	
410	 6.6615022e-01	 +3.0000620e-02 +4.6728863e-03	 1.20e+00 Accepted	 191	 234	
411	 6.6599046e-01	 +2.9858829e-02 +6.4594000e-03	 8.83e-01 Accepted	 191	 235	
412	 6.6606382e-01	 +3.0694970e-02 +3.4470536e-03	 1.19e+00 Accepted	 190	 234	
413	 6.6602039e-01	 +3.1351813e-02 +2.1498459e-03	 8.78e-01 Accepted	 190	 234	
414	 6.6616027e-01	 +3.0603475e-02 +2.5520488e-03	 7.63e-01 Accepted	 190	 234	
415	 6.6630828e-01	 +2.8602743e-02 +1.9289175e-03	 9.33e-01 Accepted	 191	 234	
416	 6.6625572e-01	 +3.0673347e-02 -1.1691961e-04	 1.22e+00 Accepted	 191	 234	
417	 6.6635077e-01	 +3.2129859e-02 +1.9787077e-04	 1.18e+00 Accepted	 190	 234	
418	 6.6631209e-01	 +3.1983497e-02 +2.4950836e-03	 1.03e+00 Accepted	 191	 234	
419	 6.6638841e-01	 +3.0780222e-02 -9.8956646e-04	 9.68e-01 Accepted	 191	 235	
420	 6.6620251e-01	 +3.0981345e-02 -1.6994963e-04	 7.05e-01 Accepted	 191	 234	
421	 6.6608999e-01	 +3.2126983e-02 -2.1242215e-03	 7.19e-01 Accepted	 190	 234	
422	 6.6609609e-01	 +3.3272476e-02 +6.3243254e-04	 1.09e+00 Accepted	 190	 234	
423	 6.6608528e-01	 +3.5880964e-02 -1.2003621e-03	 1.22e+00 Accepted	 190	 234	
424	 6.6608528e-01	 +3.5880964e-02 -1.2003621e-03	 6.85e-01 Rejected	 190	 234	
425	 6.6622022e-01	 +3.4063751e-02 -2.0285894e-03	 1.17e+00 Accepted	 190	 234	
# Starting_type: CheckpointStart
# Trajectory_length / Number_of_MD_steps: 1 / 8
# 	 Plaquette	 Polyakov_Loop(re,im)	 Acc._Probability	 runtime_per_traj(s)	 CG_iterations	
425	 6.6622022e-01	 +3.4063751e-02 -2.0285894e-03	 1.17e+00 Accepted	 191	 234	
426	 6.6637108e-01	 +3.4446235e-02 -2.5944548e-03	 1.02e+00 Accepted	 190	 234	
427	 6.6632897e-01	 +3.3485624e-02 +4.0006684e-04	 1.26e+00 Accepted	 190	 234	
428	 6.6641586e-01	 +3.5187028e-02 +1.6695357e-05	 1.03e+00 Accepted	 190	 234	
429	 6.6641298e-01	 +3.5485580e-02 +2.5781372e-03	 7.87e-01 Accepted	 189	 234	
430	 6.6645756e-01	 +3.5304233e-02 +1.2591296e-03	 1.08e+00 Accepted	 190	 234	
431	 6.6635460e-01	 +3.2821740e-02 +1.6383740e-04	 7.76e-01 Accepted	 190	 234	
432	 6.6631753e-01	 +3.5518881e-02 +3.0359880e-03	 1.04e+00 Accepted	 191	 234	
433	 6.6613229e-01	 +3.1277683e-02 +1.5281962e-03	 7.70e-01 Accepted	 190	 234	
434	 6.6610837e-01	 +3.2774250e-02 -5.1403452e-04	 9.31e-01 Accepted	 190	 234	
435	 6.6622382e-01	 +3.5768701e-02 +8.6988636e-04	 1.31e+00 Accepted	 190	 234	
436	 6.6621281e-01	 +3.2229026e-02 +2.0262973e-03	 1.44e+00 Accepted	 190	 234	
437	 6.6623039e-01	 +3.3586637e-02 +6.8706165e-04	 1.19e+00 Accepted	 190	 234	
438	 6.6644435e-01	 +3.7711487e-02 +1.4831053e-03	 1.10e+00 Accepted	 190	 234	
439	 6.6617249e-01	 +3.6325162e-02 +4.8486394e-03	 5.06e-01 Accepted	 189	 234	
440	 6.6651468e-01	 +3.7584340e-02 +3.3153215e-03	 1.67e+00 Accepted	 190	 234	
441	 6.6628382e-01	 +3.5798027e-02 +1.8301687e-03	 9.67e-01 Accepted	 190	 234	
442	 6.6624114e-01	 +3.4459943e-02 +2.9873914e-03	 1.07e+00 Accepted	 191	 234	
443	 6.6644443e-01	 +3.5124411e-02 +1.3725653e-03	 1.59e+00 Accepted	 190	 234	
444	 6.6636221e-01	 +3.6781577e-02 +5.0283114e-04	 1.08e+00 Accepted	 190	 234	
445	 6.6645609e-01	 +3.7017181e-02 +2.2178705e-03	 1.10e+00 Accepted	 190	 234	
446	 6.6644119e-01	 +3.8165317e-02 -2.9052082e-04	 7.44e-01 Accepted	 190	 234	
447	 6.6652143e-01	 +3.7800864e-02 +1.2669198e-04	 8.59e-01 Accepted	 190	 234	
448	 6.6648382e-01	 +3.9292897e-02 +2.1660744e-03	 7.47e-01 Accepted	 190	 234	
449	 6.6622859e-01	 +3.8417596e-02 +3.2372176e-03	 5.18e-01 Accepted	 190	 235	
450	 6.6605035e-01	 +3.7953469e-02 +2.0448247e-03	 9.40e-01 Accepted	 190	 234	
451	 6.6613581e-01	 +4.0499398e-02 +3.8582606e-03	 8.60e-01 Accepted	 189	 233	
452	 6.6601477e-01	 +4.0389412e-02 +3.0794246e-03	 8.08e-01 Accepted	 190	 234	
453	 6.6601477e-01	 +4.0389412e-02 +3.0794246e-03	 7.46e-01 Rejected	 189	 234	
454	 6.6620290e-01	 +4.0666320e-02 -9.5923871e-04	 1.29e+00 Accepted	 190	 234	
455	 6.6628235e-01	 +4.1655424e-02 +6.2858222e-04	 9.62e-01 Accepted	 190	 234	
456	 6.6597343e-01	 +4.1306983e-02 -1.0271027e-03	 8.35e-01 Accepted	 190	 233	
457	 6.6608199e-01	 +4.0323197e-02 -1.2405257e-03	 1.06e+00 Accepted	 189	 234	
458	 6.6618963e-01	 +4.4844079e-02 +1.1975121e-03	 9.23e-01 Accepted	 190	 234	
459	 6.6649606e-01	 +4.4419457e-02 -6.3636912e-04	 1.40e+00 Accepted	 189	 234	
460	 6.6634965e-01	 +4.4240486e-02 +7.4681874e-04	 9.06e-01 Accepted	 190	 234	
461	 6.6619658e-01	 +4.4867734e-02 -1.6736479e-03	 8.67e-01 Accepted	 190	 234	
462	 6.6601395e-01	 +4.3967864e-02 -1.4140315e-03	 6.59e-01 Accepted	 190	 234	
463	 6.6603654e-01	 +4.3473443e-02 -1.9621892e-03	 9.69e-01 Accepted	 190	 234	
464	 6.6618008e-01	 +4.1845853e-02 -2.4057311e-03	 1.03e+00 Accepted	 190	 234	
465	 6.6614304e-01	 +4.1016454e-02 +1.5826479e-04	 8.68e-01 Accepted	 190	 234	
466	 6.6603638e-01	 +4.3673067e-02 -7.5562158e-04	 9.16e-01 Accepted	 190	 234	
467	 6.6596492e-01	 +4.3016377e-02 -1.0517140e-03	 1.03e+00 Accepted	 189	 234	
468	 6.6602110e-01	 +4.2825284e-02 -7.0157056e-04	 8.18e-01 Accepted	 190	 234	
469	 6.6598060e-01	 +4.4573022e-02 -6.9822016e-04	 9.46e-01 Accepted	 189	 234	
470	 6.6619294e-01	 +4.3240555e-02 +1.2337936e-04	 1.52e+00 Accepted	 190	 234	
471	 6.6610245e-01	 +4.2043088e-02 -3.0490220e-04	 1.18e+00 Accepted	 189	 234	
472	 6.6600800e-01	 +4.4499928e-02 +2.5023115e-03	 8.41e-01 Accepted	 190	 234	
473	 6.6610415e-01	 +4.3159208e-02 +6.7766540e-04	 1.03e+00 Accepted	 189	 234	
474	 6.6613314e-01	 +4.2383089e-02 +5.2239493e-04	 8.51e-01 Accepted	 190	 234	
475	 6.6612390e-01	 +4.5420315e-02 +2.0637863e-03	 9.42e-01 Accepted	 190	 234	
476	 6.6594391e-01	 +4.5533184e-02 +6.3915519e-04	 7.58e-01 Accepted	 190	 234	
477	 6.6616951e-01	 +4.3908825e-02 +2.9660620e-03	 1.20e+00 Accepted	 190	 234	
478	 6.6626681e-01	 +4.4711880e-02 +1.6131191e-03	 1.02e+00 Accepted	 190	 234	
479	 6.6641409e-01	 +4.5584759e-02 -3.0435433e-04	 1.33e+00 Accepted	 190	 234	
480	 6.6638987e-01	 +4.7065727e-02 -2.7855956e-03	 1.00e+00 Accepted	 190	 234	
481	 6.6614916e-01	 +4.8322673e-02 -1.9868266e-03	 8.20e-01 Accepted	 190	 234	
482	 6.6625306e-01	 +4.7603345e-02 +7.6008804e-04	 1.07e+00 Accepted	 190	 234	
483	 6.6619923e-01	 +4.4012307e-02 -1.3312684e-03	 1.16e+00 Accepted	 190	 235	
484	 6.6613234e-01	 +4.5307902e-02 -3.8589652e-05	 8.82e-01 Accepted	 190	 234	
485	 6.6613234e-01	 +4.5307902e-02 -3.8589652e-05	 7.71e-01 Rejected	 189	 234	
486	 6.6646021e-01	 +4.5379033e-02 -1.3037373e-03	 1.72e+00 Accepted	 190	 234	
487	 6.6624263e-01	 +4.4042642e-02 +6.2015890e-06	 7.37e-01 Accepted	 190	 234	
488	 6.6625529e-01	 +4.7494150e-02 +2.2490078e-03	 9.10e-01 Accepted	 190	 234	
489	 6.6625529e-01	 +4.7494150e-02 +2.2490078e-03	 4.90e-01 Rejected	 189	 234	
490	 6.6617077e-01	 +4.8289514e-02 -1.1106490e-03	 9.06e-01 Accepted	 190	 234	
491	 6.6617077e-01	 +4.8289514e-02 -1.1106490e-03	 7.15e-01 Rejected	 189	 234	
492	 6.6621413e-01	 +4.6827577e-02 -2.2857982e-03	 1.07e+00 Accepted	 190	 234	
493	 6.6614978e-01	 +4.6181804e-02 -3.4854302e-03	 9.98e-01 Accepted	 190	 234	
494	 6.6615768e-01	 +4.5492792e-02 -2.4340384e-03	 1.02e+00 Accepted	 190	 234	
495	 6.6610532e-01	 +4.5046247e-02 -2.0127421e-03	 1.08e+00 Accepted	 190	 233	
496	 6.6602888e-01	 +4.8749329e-02 -2.6914548e-03	 1.18e+00 Accepted	 190	 233	
497	 6.6613864e-01	 +4.9083424e-02 -3.1660353e-03	 1.53e+00 Accepted	 189	 232	
498	 6.6604108e-01	 +4.8003816e-02 -3.2319743e-03	 8.34e-01 Accepted	 190	 234	
499	 6.6604108e-01	 +4.8003816e-02 -3.2319743e-03	 7.34e-01 Rejected	 189	 234	
500	 6.6620941e-01	 +4.7282978e-02 -4.6928550e-03	 8.77e-01 Accepted	 190	 234	
501	 6.6610849e-01	 +4.5067032e-02 -1.6630240e-03	 1.06e+00 Accepted	 190	 234	
502	 6.6593889e-01	 +4.5914880e-02 -5.4283946e-03	 4.35e-01 Accepted	 190	 234	
503	 6.6613132e-01	 +4.3800908e-02 -5.9100095e-03	 2.00e+00 Accepted	 190	 234	
504	 6.6600803e-01	 +4.4436187e-02 -3.3560416e-03	 1.06e+00 Accepted	 190	 233	
505	 6.6605575e-01	 +4.5472194e-02 -3.0893576e-03	 1.10e+00 Accepted	 189	 234	
506	 6.6624255e-01	 +4.4342954e-02 -4.6873030e-03	 1.22e+00 Accepted	 190	 234	
507	 6.6624934e-01	 +4.5636259e-02 -4.8033922e-03	 8.22e-01 Accepted	 190	 233	
508	 6.6616676e-01	 +4.7677806e-02 -1.5942763e-03	 9.95e-01 Accepted	 190	 234	
509	 6.6623204e-01	 +4.7602713e-02 -3.1922350e-03	 1.05e+00 Accepted	 189	 234	
510	 6.6611333e-01	 +4.6252618e-02 -4.0667139e-03	 1.07e+00 Accepted	 190	 232	
511	 6.6613292e-01	 +4.6058570e-02 -3.1924890e-03	 1.19e+00 Accepted	 189	 234	
512	 6.6611772e-01	 +4.6851087e-02 -3.0827838e-03	 1.08e+00 Accepted	 190	 233	
513	 6.6609742e-01	 +5.2389713e-02 -2.8820915e-03	 1.36e+00 Accepted	 189	 233	
514	 6.6613048e-01	 +5.2372658e-02 -4.3479590e-03	 9.01e-01 Accepted	 190	 234	
515	 6.6608290e-01	 +5.2172607e-02 -3.9051561e-03	 8.95e-01 Accepted	 189	 233	
516	 6.6594409e-01	 +5.3300976e-02 -2.1541812e-03	 9.54e-01 Accepted	 190	 234	
517	 6.6629012e-01	 +5.0821094e-02 -2.7771723e-03	 1.59e+00 Accepted	 190	 234	
518	 6.6631278e-01	 +5.2332404e-02 -1.4526040e-03	 6.21e-01 Accepted	 190	 233	
519	 6.6625659e-01	 +5.0561894e-02 -2.2889124e-03	 1.15e+00 Accepted	 189	 233	
520	 6.6636109e-01	 +5.1613481e-02 -2.3248717e-03	 9.80e-01 Accepted	 191	 234	
521	 6.6636109e-01	 +5.1613481e-02 -2.3248717e-03	 7.86e-01 Rejected	 190	 233	
522	 6.6635581e-01	 +5.0432106e-02 -8.5029260e-04	 9.25e-01 Accepted	 190	 234	
523	 6.6610274e-01	 +5.2136736e-02 -8.2046553e-04	 6.83e-01 Accepted	 190	 234	
524	 6.6618024e-01	 +4.9995014e-02 -2.0927974e-04	 9.44e-01 Accepted	 190	 234	
525	 6.6621795e-01	 +4.9939327e-02 +1.9109088e-03	 1.61e+00 Accepted	 189	 233	
526	 6.6634150e-01	 +5.0232002e-02 -2.7130077e-04	 1.34e+00 Accepted	 190	 234	
527	 6.6637032e-01	 +4.9583500e-02 -1.8816585e-03	 1.14e+00 Accepted	 189	 234	
528	 6.6637509e-01	 +5.1024111e-02 -3.9629262e-03	 7.72e-01 Accepted	 190	 234	
529	 6.6620803e-01	 +4.8135428e-02 -3.1889432e-03	 8.21e-01 Accepted	 190	 234	
530	 6.6626258e-01	 +4.8001087e-02 +3.6136960e-04	 9.21e-01 Accepted	 190	 235	
531	 6.6627569e-01	 +5.0277533e-02 +3.2169266e-04	 8.22e-01 Accepted	 190	 234	
532	 6.6627569e-01	 +5.0277533e-02 +3.2169266e-04	 8.23e-01 Rejected	 190	 233	
533	 6.6626628e-01	 +5.2069468e-02 +2.9777915e-03	 7.89e-01 Accepted	 190	 234	
534	 6.6622401e-01	 +5.5609057e-02 -1.0145633e-03	 1.12e+00 Accepted	 189	 234	
535	 6.6626119e-01	 +5.0750807e-02 +6.2120411e-04	 8.70e-01 Accepted	 189	 234	
536	 6.6620876e-01	 +4.8870529e-02 +1.0445319e-04	 1.06e+00 Accepted	 190	 234	
537	 6.6639586e-01	 +5.0866508e-02 +2.9701154e-03	 1.47e+00 Accepted	 190	 234	
538	 6.6602925e-01	 +4.9952855e-02 +5.5292329e-03	 6.91e-01 Accepted	 190	 234	
539	 6.6616019e-01	 +5.1010397e-02 +2.0777854e-03	 1.38e+00 Accepted	 189	 234	
540	 6.6616019e-01	 +5.1010397e-02 +2.0777854e-03	 8.61e-01 Rejected	 190	 234	
541	 6.6603447e-01	 +5.2082012e-02 +3.6010185e-03	 5.48e-01 Accepted	 189	 234	
542	 6.6586634e-01	 +5.1248341e-02 +4.8788425e-03	 5.63e-01 Accepted	 190	 234	
543	 6.6600357e-01	 +5.3162009e-02 +3.4943995e-03	 8.47e-01 Accepted	 189	 232	
544	 6.6597123e-01	 +5.2383460e-02 +2.2808053e-03	 1.37e+00 Accepted	 190	 234	
545	 6.6609145e-01	 +5.3922430e-02 +3.5261800e-03	 1.30e+00 Accepted	 189	 233	
546	 6.6613288e-01	 +5.1487381e-02 +3.1638312e-03	 9.76e-01 Accepted	 190	 233	
547	 6.6617577e-01	 +5.1799682e-02 +2.7541635e-04	 1.12e+00 Accepted	 190	 234	
548	 6.6619315e-01	 +5.5694795e-02 +2.6362534e-03	 9.39e-01 Accepted	 190	 234	
549	 6.6619315e-01	 +5.5694795e-02 +2.6362534e-03	 6.27e-01 Rejected	 190	 234	
550	 6.6605522e-01	 +5.5944273e-02 +2.8484975e-03	 1.16e+00 Accepted	 190	 233	
551	 6.6625699e-01	 +5.6499206e-02 +6.3175214e-04	 1.25e+00 Accepted	 190	 234	
552	 6.6640545e-01	 +5.8745969e-02 +5.8613884e-04	 1.40e+00 Accepted	 190	 234	
553	 6.6611642e-01	 +5.5414139e-02 -1.2843667e-03	 5.78e-01 Accepted	 189	 233	
554	 6.6617004e-01	 +5.8117375e-02 -5.4239928e-04	 1.26e+00 Accepted	 190	 234	
555	 6.6628894e-01	 +5.7848050e-02 +1.2822629e-03	 9.36e-01 Accepted	 189	 234	
556	 6.6631920e-01	 +5.8202492e-02 -7.3547408e-04	 1.30e+00 Accepted	 190	 233	
557	 6.6642134e-01	 +5.6753832e-02 +1.5601677e-03	 1.22e+00 Accepted	 189	 234	
558	 6.6657061e-01	 +5.6987001e-02 +7.5394919e-04	 1.11e+00 Accepted	 190	 234	
559	 6.6627923e-01	 +5.4858505e-02 +2.7035653e-03	 9.11e-01 Accepted	 189	 234	
560	 6.6617420e-01	 +5.7128962e-02 -1.4605976e-04	 1.08e+00 Accepted	 190	 233	
561	 6.6614470e-01	 +5.6500284e-02 +2.9344330e-04	 6.10e-01 Accepted	 189	 233	
562	 6.6614470e-01	 +5.6500284e-02 +2.9344330e-04	 7.27e-01 Rejected	 190	 233	
563	 6.6613139e-01	 +5.7017429e-02 +3.4779331e-04	 6.14e-01 Accepted	 189	 232	
564	 6.6618123e-01	 +5.6751608e-02 +4.4487179e-04	 9.73e-01 Accepted	 190	 232	
565	 6.6600128e-01	 +5.9385748e-02 +5.0457221e-04	 9.10e-01 Accepted	 189	 232	
566	 6.6611000e-01	 +5.7501863e-02 -1.1863711e-03	 1.02e+00 Accepted	 189	 233	
567	 6.6623418e-01	 +6.1086803e-02 +9.0495974e-04	 1.12e+00 Accepted	 189	 232	
568	 6.6614800e-01	 +6.1970938e-02 +2.6376282e-03	 6.55e-01 Accepted	 191	 233	
569	 6.6611670e-01	 +5.9482963e-02 -2.1381910e-04	 1.22e+00 Accepted	 189	 232	
570	 6.6612675e-01	 +6.1373671e-02 -8.8126201e-04	 8.63e-01 Accepted	 190	 232	
571	 6.6619472e-01	 +6.0161654e-02 -1.2258614e-03	 1.15e+00 Accepted	 189	 233	
572	 6.6630187e-01	 +6.1136554e-02 +1.4588602e-03	 1.05e+00 Accepted	 189	 233	
573	 6.6634891e-01	 +6.0806742e-02 -3.3223249e-05	 8.55e-01 Accepted	 189	 232	
574	 6.6608024e-01	 +6.1244083e-02 +7.1279018e-04	 6.65e-01 Accepted	 190	 232	
575	 6.6601701e-01	 +5.9245714e-02 +9.1772684e-04	 1.05e+00 Accepted	 189	 232	
576	 6.6594822e-01	 +5.9005792e-02 +1.4723754e-03	 6.12e-01 Accepted	 189	 233	
577	 6.6606594e-01	 +6.1212174e-02 +9.9625462e-04	 1.45e+00 Accepted	 189	 232	
578	 6.6606594e-01	 +6.1212174e-02 +9.9625462e-04	 6.20e-01 Rejected	 189	 233	
579	 6.6622959e-01	 +6.0404510e-02 -1.3470128e-03	 9.27e-01 Accepted	 189	 233	
580	 6.6618698e-01	 +6.3453665e-02 -1.6249050e-03	 1.45e+00 Accepted	 189	 232	
581	 6.6619982e-01	 +6.0027698e-02 -7.1908550e-04	 8.12e-01 Accepted	 188	 232	
582	 6.6628070e-01	 +6.0256921e-02 -2.4221641e-03	 1.06e+00 Accepted	 189	 232	
583	 6.6634650e-01	 +6.1686409e-02 -1.4982213e-03	 9.61e-01 Accepted	 189	 233	
584	 6.6623294e-01	 +5.9077171e-02 -2.1508284e-03	 8.24e-01 Accepted	 190	 233	
585	 6.6628244e-01	 +5.8037503e-02 -2.1463755e-03	 1.09e+00 Accepted	 189	 232	
586	 6.6629411e-01	 +5.9135631e-02 -1.2653184e-03	 8.42e-01 Accepted	 190	 232	
587	 6.6626732e-01	 +6.1155155e-02 -1.6436255e-03	 9.21e-01 Accepted	 189	 232	
588	 6.6624249e-01	 +6.2976586e-02 -3.2798204e-03	 9.80e-01 Accepted	 190	 232	
589	 6.6617318e-01	 +6.2003418e-02 -1.0821625e-03	 7.98e-01 Accepted	 189	 232	
590	 6.6627650e-01	 +6.2843699e-02 -1.5773579e-03	 7.38e-01 Accepted	 189	 232	
591	 6.6635432e-01	 +6.1655482e-02 -3.5427436e-03	 1.04e+00 Accepted	 189	 232	
592	 6.6626892e-01	 +6.3253251e-02 +2.3512838e-03	 8.37e-01 Accepted	 189	 232	
593	 6.6604585e-01	 +6.4055111e-02 +2.1277473e-04	 8.45e-01 Accepted	 189	 232	
594	 6.6611880e-01	 +6.2920972e-02 +1.1985674e-04	 1.01e+00 Accepted	 189	 232	
595	 6.6610307e-01	 +6.0007547e-02 +4.7417092e-04	 7.96e-01 Accepted	 188	 232	
596	 6.6602412e-01	 +6.2292167e-02 -2.2394258e-03	 9.12e-01 Accepted	 189	 232	
597	 6.6612235e-01	 +6.3241848e-02 -1.1035189e-03	 1.27e+00 Accepted	 188	 232	
598	 6.6616546e-01	 +6.4232397e-02 -4.6065563e-04	 1.16e+00 Accepted	 189	 232	
599	 6.6599071e-01	 +6.3959587e-02 -2.5778302e-04	 1.02e+00 Accepted	 188	 232	
600	 6.6600986e-01	 +6.8032882e-02 +1.3293308e-03	 8.96e-01 Accepted	 189	 232	
601	 6.6596756e-01	 +6.5151892e-02 -3.8238949e-04	 9.16e-01 Accepted	 189	 232	
602	 6.6614706e-01	 +6.7392393e-02 -6.8888994e-04	 1.29e+00 Accepted	 189	 232	
603	 6.6624394e-01	 +6.6478989e-02 +5.3205148e-05	 1.14e+00 Accepted	 188	 232	
604	 6.6612200e-01	 +6.5569112e-02 +8.4790586e-05	 7.04e-01 Accepted	 189	 232	
605	 6.6591987e-01	 +6.4530466e-02 +6.1544547e-04	 6.03e-01 Accepted	 188	 232	
606	 6.6609808e-01	 +6.8133563e-02 -3.4025273e-04	 1.37e+00 Accepted	 189	 232	
607	 6.6609867e-01	 +6.7040048e-02 -9.1719483e-04	 1.15e+00 Accepted	 189	 232	
608	 6.6589919e-01	 +6.5990067e-02 -7.3809216e-04	 9.11e-01 Accepted	 188	 232	
609	 6.6612054e-01	 +6.8102690e-02 +6.9732173e-04	 1.67e+00 Accepted	 189	 233	
610	 6.6613067e-01	 +6.5459775e-02 -4.4567877e-04	 1.25e+00 Accepted	 189	 232	
611	 6.6625262e-01	 +6.5119123e-02 +4.0320344e-04	 1.11e+00 Accepted	 188	 232	
612	 6.6613595e-01	 +6.4851951e-02 +1.3381891e-03	 6.75e-01 Accepted	 189	 232	
613	 6.6614065e-01	 +6.5190632e-02 -3.0337231e-03	 1.21e+00 Accepted	 189	 232	
614	 6.6602461e-01	 +6.5502658e-02 -1.9738741e-03	 9.47e-01 Accepted	 189	 232	
615	 6.6619716e-01	 +6.3025160e-02 -7.4456137e-04	 1.18e+00 Accepted	 189	 232	
616	 6.6621391e-01	 +6.5280125e-02 -1.1896655e-03	 8.28e-01 Accepted	 189	 232	
617	 6.6602248e-01	 +6.7281075e-02 -2.9065827e-03	 9.55e-01 Accepted	 189	 232	
618	 6.6611829e-01	 +6.7141524e-02 -1.6347286e-03	 9.74e-01 Accepted	 189	 232	
619	 6.6618273e-01	 +6.5238006e-02 -2.4309509e-03	 1.54e+00 Accepted	 188	 232	
620	 6.6618273e-01	 +6.5238006e-02 -2.4309509e-03	 7.51e-01 Rejected	 189	 232	
621	 6.6633691e-01	 +6.6002809e-02 -1.9859143e-03	 1.60e+00 Accepted	 189	 233	
622	 6.6622430e-01	 +6.3640629e-02 -1.3180335e-03	 7.16e-01 Accepted	 189	 231	
623	 6.6622430e-01	 +6.3640629e-02 -1.3180335e-03	 7.43e-01 Rejected	 189	 232	
624	 6.6624033e-01	 +6.2381737e-02 -2.7233549e-03	 7.56e-01 Accepted	 189	 232	
625	 6.6602250e-01	 +6.4863536e-02 -4.9453763e-04	 7.77e-01 Accepted	 189	 232	
626	 6.6623851e-01	 +6.4951714e-02 -1.0033624e-03	 1.80e+00 Accepted	 190	 232	
627	 6.6616442e-01	 +6.6572221e-02 -2.8219473e-03	 6.97e-01 Accepted	 189	 232	
628	 6.6603602e-01	 +6.7349551e-02 -2.7118306e-03	 5.94e-01 Accepted	 189	 232	
629	 6.6605086e-01	 +7.0804115e-02 -1.8696749e-03	 9.84e-01 Accepted	 189	 232	
630	 6.6619905e-01	 +6.4827022e-02 -2.0153494e-03	 1.24e+00 Accepted	 189	 232	
631	 6.6629545e-01	 +6.7400637e-02 -3.6729869e-03	 9.81e-01 Accepted	 189	 231	
632	 6.6604930e-01	 +6.9716465e-02 -1.6751799e-03	 6.38e-01 Accepted	 189	 232	
633	 6.6605849e-01	 +7.0181692e-02 -1.5645264e-03	 9.50e-01 Accepted	 189	 232	
634	 6.6604977e-01	 +6.7790067e-02 -2.5759725e-03	 1.15e+00 Accepted	 189	 232	
635	 6.6615109e-01	 +6.9175276e-02 -3.5314240e-03	 1.14e+00 Accepted	 189	 232	
636	 6.6615109e-01	 +6.9175276e-02 -3.5314240e-03	 6.76e-01 Rejected	 189	 233	
637	 6.6602462e-01	 +6.9377178e-02 -3.2120186e-03	 9.09e-01 Accepted	 189	 232	
638	 6.6612565e-01	 +7.0168792e-02 -3.7555510e-03	 2.03e+00 Accepted	 189	 232	
639	 6.6620280e-01	 +6.9772770e-02 -3.6691499e-04	 9.27e-01 Accepted	 189	 232	
640	 6.6620280e-01	 +6.9772770e-02 -3.6691499e-04	 7.00e-01 Rejected	 190	 232	
641	 6.6603313e-01	 +7.1762771e-02 -1.8999246e-03	 1.01e+00 Accepted	 189	 232	
642	 6.6623510e-01	 +6.9718093e-02 +1.7169674e-04	 1.51e+00 Accepted	 189	 232	
643	 6.6622887e-01	 +6.7169147e-02 -2.4527349e-03	 8.67e-01 Accepted	 188	 232	
644	 6.6620502e-01	 +6.7934903e-02 -2.2017550e-03	 1.05e+00 Accepted	 189	 232	
645	 6.6613251e-01	 +6.7365581e-02 -1.2000875e-03	 1.02e+00 Accepted	 188	 232	
646	 6.6621424e-01	 +6.7573534e-02 +2.2611429e-04	 1.02e+00 Accepted	 189	 232	
647	 6.6622527e-01	 +6.9418537e-02 -1.6251354e-03	 8.90e-01 Accepted	 189	 232	
648	 6.6620981e-01	 +7.0770501e-02 +9.8511234e-04	 1.49e+00 Accepted	 189	 231	
649	 6.6630255e-01	 +7.2487665e-02 -5.4423226e-04	 1.08e+00 Accepted	 188	 231	
650	 6.6616162e-01	 +7.5184113e-02 -3.4365266e-03	 8.16e-01 Accepted	 188	 231	
651	 6.6620508e-01	 +7.4631896e-02 -8.9558901e-04	 1.15e+00 Accepted	 189	 232	
