# Starting_type: ColdStart
# serial RNG seed: 	[50440 53786 45481 61281 17285]
# parallel RNG seed:	[53436 24124 44224 29488 8514]
# Trajectory_length / Number_of_MD_steps: 1 / 8
# 	 Plaquette	 Polyakov_Loop(re,im)	 Acc._Probability	 runtime_per_traj(s)	 CG_iterations	
1	 8.0461086e-01	 +4.3812152e-01 -6.1320417e-04	 4.44e-68 Skipping	 237	 370	
2	 7.3138873e-01	 +2.6270101e-01 +9.2731957e-04	 2.83e-32 Skipping	 266	 407	
3	 6.8619569e-01	 +1.8219337e-01 -5.3048237e-04	 1.15e-21 Skipping	 279	 433	
4	 6.5412837e-01	 +1.3174568e-01 -7.2561240e-05	 2.12e-15 Skipping	 288	 453	
5	 6.3153418e-01	 +1.0733018e-01 +5.0003776e-04	 3.01e-11 Skipping	 298	 470	
6	 6.1500079e-01	 +9.0324750e-02 +1.5776411e-03	 2.63e-08 Skipping	 308	 488	
7	 6.0315923e-01	 +7.6968302e-02 +3.0082738e-04	 3.50e-06 Skipping	 313	 504	
8	 5.9473362e-01	 +6.8469784e-02 -5.2648765e-06	 2.04e-04 Skipping	 320	 519	
9	 5.8859424e-01	 +6.1646306e-02 -1.9575451e-03	 2.40e-03 Skipping	 328	 526	
10	 5.8419975e-01	 +5.7564089e-02 +4.1427875e-04	 9.08e-03 Skipping	 330	 539	
11	 5.8097235e-01	 +5.6119646e-02 -2.8987867e-03	 5.22e-02 Skipping	 342	 550	
12	 5.7844922e-01	 +5.3030830e-02 -1.5930776e-03	 1.18e-01 Skipping	 347	 572	
13	 5.7693755e-01	 +4.9673287e-02 +2.0927540e-04	 3.41e-01 Skipping	 359	 588	
14	 5.7563617e-01	 +4.7764995e-02 +2.9879993e-04	 3.98e-01 Skipping	 362	 617	
15	 5.7506922e-01	 +4.5930437e-02 +2.4974367e-03	 7.65e-01 Skipping	 386	 664	
16	 5.7431510e-01	 +4.3152745e-02 -3.0352744e-04	 2.41e-01 Skipping	 402	 658	
17	 5.7384799e-01	 +4.3682606e-02 -2.8064809e-05	 4.37e-01 Skipping	 396	 604	
18	 5.7327149e-01	 +4.2368365e-02 -3.4195476e-04	 5.28e-01 Skipping	 370	 610	
19	 5.7292137e-01	 +4.1247182e-02 -5.5843224e-04	 6.12e-01 Skipping	 375	 606	
20	 5.7294349e-01	 +4.1152517e-02 -2.0606155e-03	 1.30e+00 Skipping	 372	 627	
21	 5.7260587e-01	 +3.9582567e-02 -9.7982471e-04	 8.52e-01 Skipping	 389	 637	
22	 5.7249150e-01	 +3.8637197e-02 -1.7477906e-03	 5.34e-01 Skipping	 393	 658	
23	 5.7261665e-01	 +3.6860712e-02 -3.5841506e-04	 9.70e-01 Skipping	 399	 703	
24	 5.7236412e-01	 +3.8085453e-02 +4.1683505e-04	 6.23e-01 Skipping	 409	 652	
25	 5.7224461e-01	 +3.6354351e-02 +1.3276694e-03	 5.99e-01 Skipping	 388	 629	
26	 5.7215671e-01	 +3.8841353e-02 -8.2789121e-04	 7.76e-01 Skipping	 382	 628	
27	 5.7216066e-01	 +3.8522196e-02 +6.8130824e-04	 1.02e+00 Skipping	 385	 660	
28	 5.7225733e-01	 +3.5973821e-02 -6.4743405e-04	 1.21e+00 Skipping	 394	 616	
29	 5.7223701e-01	 +3.6903137e-02 +3.6904771e-04	 6.59e-01 Skipping	 380	 653	
30	 5.7240494e-01	 +3.7222934e-02 -5.5006674e-04	 1.11e+00 Skipping	 389	 632	
31	 5.7215918e-01	 +3.7392475e-02 +5.5956049e-04	 8.98e-01 Skipping	 385	 648	
32	 5.7215336e-01	 +3.6828873e-02 +1.0461770e-03	 1.44e+00 Skipping	 389	 627	
33	 5.7185418e-01	 +3.6191243e-02 -1.5887246e-03	 4.81e-01 Skipping	 382	 630	
34	 5.7193589e-01	 +3.4780306e-02 -1.6032341e-03	 6.79e-01 Skipping	 386	 631	
35	 5.7218662e-01	 +3.5290060e-02 +1.5508563e-03	 1.34e+00 Skipping	 388	 664	
36	 5.7228597e-01	 +3.7176202e-02 -1.2808060e-03	 1.02e+00 Skipping	 393	 643	
37	 5.7200210e-01	 +3.4830642e-02 +1.5627394e-04	 6.06e-01 Skipping	 396	 693	
38	 5.7219711e-01	 +3.3865771e-02 +8.0383102e-04	 1.55e+00 Skipping	 404	 654	
39	 5.7197167e-01	 +3.4595549e-02 -5.1943339e-04	 5.85e-01 Skipping	 400	 723	
40	 5.7170953e-01	 +3.5712204e-02 -9.4853526e-04	 9.63e-01 Skipping	 413	 656	
41	 5.7174970e-01	 +3.5076147e-02 +3.7326884e-04	 9.54e-01 Skipping	 389	 648	
42	 5.7184297e-01	 +3.3229124e-02 +4.3441058e-04	 1.85e+00 Skipping	 387	 639	
43	 5.7137668e-01	 +3.4848093e-02 -7.0989876e-04	 4.48e-01 Skipping	 386	 642	
44	 5.7187693e-01	 +3.2362215e-02 -3.8859797e-04	 1.62e+00 Skipping	 389	 654	
45	 5.7174986e-01	 +3.3670531e-02 -3.1299567e-05	 7.84e-01 Skipping	 397	 661	
46	 5.7173456e-01	 +3.3371589e-02 -5.5693099e-04	 9.88e-01 Skipping	 396	 670	
47	 5.7173696e-01	 +3.3496597e-02 +4.4945599e-05	 7.93e-01 Skipping	 406	 668	
48	 5.7210848e-01	 +3.3790863e-02 -1.1486199e-04	 1.59e+00 Skipping	 402	 682	
49	 5.7209645e-01	 +3.5680129e-02 -6.1074186e-04	 7.74e-01 Skipping	 411	 676	
50	 5.7198485e-01	 +3.4593617e-02 +8.2587360e-04	 6.62e-01 Skipping	 417	 747	
51	 5.7198485e-01	 +3.4593617e-02 +8.2587360e-04	 6.53e-01 Rejected	 438	 688	
52	 5.7178598e-01	 +3.3109688e-02 -2.8975097e-03	 1.44e+00 Accepted	 430	 718	
53	 5.7203749e-01	 +3.3787707e-02 -2.3037074e-03	 1.43e+00 Accepted	 417	 703	
54	 5.7223869e-01	 +3.2480187e-02 -1.0667250e-03	 1.48e+00 Accepted	 414	 776	
55	 5.7223869e-01	 +3.2480187e-02 -1.0667250e-03	 4.13e-01 Rejected	 444	 686	
56	 5.7213109e-01	 +3.1542843e-02 -3.4623777e-04	 7.44e-01 Accepted	 453	 760	
57	 5.7204863e-01	 +3.2981516e-02 +7.4176033e-04	 1.02e+00 Accepted	 424	 691	
58	 5.7204863e-01	 +3.2981516e-02 +7.4176033e-04	 7.79e-01 Rejected	 411	 707	
59	 5.7187328e-01	 +3.3362082e-02 -1.0002980e-03	 5.99e-01 Accepted	 407	 686	
60	 5.7187328e-01	 +3.3362082e-02 -1.0002980e-03	 7.09e-01 Rejected	 410	 690	
61	 5.7170618e-01	 +3.1497207e-02 +1.8691334e-04	 8.48e-01 Accepted	 409	 679	
62	 5.7183536e-01	 +3.2539914e-02 +2.1482548e-03	 9.90e-01 Accepted	 409	 706	
63	 5.7189131e-01	 +3.2742997e-02 -5.8841299e-04	 1.17e+00 Accepted	 414	 707	
64	 5.7189131e-01	 +3.2742997e-02 -5.8841299e-04	 4.98e-01 Rejected	 422	 722	
65	 5.7168986e-01	 +3.3978288e-02 +1.2262844e-03	 4.50e-01 Accepted	 416	 698	
66	 5.7149684e-01	 +3.3045228e-02 -1.2723496e-03	 8.85e-01 Accepted	 424	 779	
67	 5.7158551e-01	 +3.2736354e-02 -1.5848827e-04	 7.27e-01 Accepted	 443	 709	
68	 5.7167584e-01	 +3.0359211e-02 -1.0928874e-03	 7.83e-01 Accepted	 429	 754	
69	 5.7191348e-01	 +2.9810345e-02 -7.4658246e-04	 1.02e+00 Accepted	 446	 753	
70	 5.7191020e-01	 +3.2305094e-02 -7.5736104e-04	 9.70e-01 Accepted	 438	 747	
71	 5.7193700e-01	 +2.7949672e-02 -1.9974778e-03	 9.81e-01 Accepted	 429	 696	
72	 5.7193700e-01	 +2.7949672e-02 -1.9974778e-03	 8.91e-01 Rejected	 415	 699	
73	 5.7180918e-01	 +3.0580466e-02 -1.3156370e-04	 7.50e-01 Accepted	 418	 708	
74	 5.7194176e-01	 +2.7414494e-02 -1.8088436e-04	 1.39e+00 Accepted	 427	 716	
75	 5.7183180e-01	 +2.9044029e-02 -1.7417989e-04	 5.85e-01 Accepted	 419	 713	
76	 5.7189056e-01	 +2.5905247e-02 +7.0643099e-04	 1.35e+00 Accepted	 426	 724	
77	 5.7199830e-01	 +2.9880168e-02 +1.1552062e-03	 8.95e-01 Accepted	 423	 710	
78	 5.7202786e-01	 +2.8388496e-02 -7.7177172e-06	 1.12e+00 Accepted	 421	 709	
79	 5.7202786e-01	 +2.8388496e-02 -7.7177172e-06	 7.65e-01 Rejected	 416	 709	
80	 5.7179922e-01	 +2.9754459e-02 +1.1701287e-03	 7.85e-01 Accepted	 417	 719	
81	 5.7179922e-01	 +2.9754459e-02 +1.1701287e-03	 3.66e-01 Rejected	 432	 755	
82	 5.7179922e-01	 +2.9754459e-02 +1.1701287e-03	 6.74e-01 Rejected	 425	 710	
83	 5.7179922e-01	 +2.9754459e-02 +1.1701287e-03	 8.14e-01 Rejected	 436	 769	
84	 5.7179922e-01	 +2.9754459e-02 +1.1701287e-03	 5.68e-01 Rejected	 426	 765	
85	 5.7179922e-01	 +2.9754459e-02 +1.1701287e-03	 6.51e-01 Rejected	 422	 705	
86	 5.7195289e-01	 +2.8861548e-02 +1.6771874e-04	 9.25e-01 Accepted	 428	 724	
87	 5.7177698e-01	 +2.8444751e-02 +7.2335870e-04	 1.13e+00 Accepted	 425	 710	
88	 5.7174398e-01	 +2.8355919e-02 +6.2650758e-04	 1.29e+00 Accepted	 422	 713	
89	 5.7174398e-01	 +2.8355919e-02 +6.2650758e-04	 5.61e-01 Rejected	 419	 713	
90	 5.7160066e-01	 +2.8074666e-02 +1.0218298e-03	 1.09e+00 Accepted	 430	 771	
91	 5.7157445e-01	 +3.0744244e-02 +1.0399795e-03	 1.11e+00 Accepted	 434	 732	
92	 5.7154092e-01	 +2.9892760e-02 -6.3521468e-04	 8.00e-01 Accepted	 437	 764	
93	 5.7154569e-01	 +2.8599094e-02 +1.9709361e-04	 9.45e-01 Accepted	 454	 779	
94	 5.7152878e-01	 +2.9342685e-02 +2.8479809e-03	 4.07e-01 Accepted	 446	 747	
95	 5.7151048e-01	 +2.8684735e-02 +1.1658524e-03	 5.35e-01 Accepted	 434	 737	
96	 5.7143888e-01	 +2.8614898e-02 -2.2789522e-03	 1.44e+00 Accepted	 435	 740	
97	 5.7139429e-01	 +2.9961583e-02 +2.3257072e-03	 7.65e-01 Accepted	 429	 732	
98	 5.7158786e-01	 +2.7517815e-02 +2.1403081e-04	 1.03e+00 Accepted	 429	 725	
99	 5.7142243e-01	 +2.6594481e-02 +2.6961963e-03	 7.93e-01 Accepted	 421	 728	
100	 5.7148190e-01	 +2.6018082e-02 +3.5761482e-03	 1.61e+00 Accepted	 418	 726	
101	 5.7161400e-01	 +2.7175888e-02 +9.9596205e-05	 1.40e+00 Accepted	 425	 737	
102	 5.7163042e-01	 +2.9052400e-02 +1.1075552e-03	 1.00e+00 Accepted	 434	 730	
103	 5.7144046e-01	 +2.8920819e-02 +1.7069084e-03	 1.01e+00 Accepted	 429	 726	
104	 5.7172148e-01	 +2.9361380e-02 +2.4230205e-03	 1.82e+00 Accepted	 423	 733	
105	 5.7163526e-01	 +2.7586993e-02 +1.1389516e-03	 6.18e-01 Accepted	 424	 733	
106	 5.7182971e-01	 +3.0514997e-02 +1.3417462e-03	 1.92e+00 Accepted	 428	 734	
107	 5.7182971e-01	 +3.0514997e-02 +1.3417462e-03	 4.35e-01 Rejected	 427	 742	
# Starting_type: CheckpointStart
# Trajectory_length / Number_of_MD_steps: 1 / 8
# 	 Plaquette	 Polyakov_Loop(re,im)	 Acc._Probability	 runtime_per_traj(s)	 CG_iterations	
107	 5.7182971e-01	 +3.0514997e-02 +1.3417462e-03	 4.35e-01 Rejected	 286	 742	
108	 5.7199200e-01	 +2.7854623e-02 +1.1851575e-04	 6.72e-01 Accepted	 270	 741	
109	 5.7183472e-01	 +2.6616861e-02 +7.9742058e-04	 7.63e-01 Accepted	 273	 733	
110	 5.7175880e-01	 +2.6996746e-02 -7.0312128e-04	 1.31e+00 Accepted	 272	 740	
111	 5.7192443e-01	 +2.5862254e-02 +1.5903920e-03	 1.01e+00 Accepted	 275	 736	
112	 5.7187656e-01	 +2.6115806e-02 +2.6362780e-03	 1.51e+00 Accepted	 271	 732	
113	 5.7178985e-01	 +2.4138960e-02 +1.4337003e-03	 5.64e-01 Accepted	 270	 749	
114	 5.7202829e-01	 +2.7942129e-02 -8.4726188e-05	 1.52e+00 Accepted	 273	 720	
115	 5.7209597e-01	 +2.6714095e-02 +7.0685365e-05	 8.39e-01 Accepted	 270	 759	
116	 5.7185301e-01	 +2.8857607e-02 -1.0870479e-03	 9.33e-01 Accepted	 278	 748	
117	 5.7184502e-01	 +2.6225372e-02 +2.2025370e-04	 1.17e+00 Accepted	 277	 763	
118	 5.7194156e-01	 +2.6817447e-02 +1.0090405e-04	 1.23e+00 Accepted	 282	 812	
119	 5.7217161e-01	 +2.4616071e-02 +1.6084051e-03	 9.08e-01 Accepted	 282	 734	
120	 5.7189108e-01	 +2.5531751e-02 -7.5593400e-05	 6.69e-01 Accepted	 270	 729	
121	 5.7188038e-01	 +2.5019749e-02 +5.4125717e-04	 1.49e+00 Accepted	 270	 735	
122	 5.7165764e-01	 +2.5389225e-02 +1.2675463e-04	 7.30e-01 Accepted	 271	 725	
123	 5.7176308e-01	 +2.4877191e-02 +4.0323855e-05	 1.18e+00 Accepted	 268	 723	
124	 5.7194328e-01	 +2.7238316e-02 -4.1182779e-04	 2.11e+00 Accepted	 270	 735	
125	 5.7194294e-01	 +2.8397609e-02 +5.8818389e-04	 8.77e-01 Accepted	 272	 738	
126	 5.7199667e-01	 +2.6853489e-02 +2.3173218e-04	 9.43e-01 Accepted	 275	 783	
127	 5.7204357e-01	 +2.5787399e-02 -4.9773823e-04	 1.44e+00 Accepted	 292	 804	
128	 5.7192815e-01	 +2.5453266e-02 -1.1411129e-03	 1.08e+00 Accepted	 284	 770	
129	 5.7170081e-01	 +2.5314146e-02 -3.1279864e-04	 1.08e+00 Accepted	 280	 757	
130	 5.7155891e-01	 +2.6319565e-02 -3.4555868e-04	 4.50e-01 Accepted	 273	 735	
131	 5.7151055e-01	 +2.7889869e-02 -1.4996333e-03	 9.35e-01 Accepted	 270	 735	
132	 5.7146016e-01	 +2.7943526e-02 +1.0185285e-04	 1.02e+00 Accepted	 270	 730	
133	 5.7134081e-01	 +2.6199678e-02 +5.1292762e-04	 6.64e-01 Accepted	 272	 729	
134	 5.7125949e-01	 +2.8562968e-02 +4.9991579e-04	 7.70e-01 Accepted	 272	 738	
135	 5.7146478e-01	 +2.6534582e-02 +1.2334396e-03	 1.47e+00 Accepted	 270	 718	
136	 5.7150110e-01	 +2.7400057e-02 -9.3772621e-04	 6.66e-01 Accepted	 269	 733	
137	 5.7167974e-01	 +2.9606490e-02 -1.0477707e-03	 1.62e+00 Accepted	 275	 759	
138	 5.7163655e-01	 +2.7233227e-02 -2.6709314e-03	 1.38e+00 Accepted	 278	 756	
139	 5.7190775e-01	 +2.4493704e-02 +1.1531911e-03	 1.37e+00 Accepted	 278	 725	
140	 5.7178728e-01	 +2.6198370e-02 -7.8125324e-04	 1.06e+00 Accepted	 270	 732	
141	 5.7178728e-01	 +2.6198370e-02 -7.8125324e-04	 8.06e-01 Rejected	 272	 751	
142	 5.7178728e-01	 +2.6198370e-02 -7.8125324e-04	 8.59e-01 Rejected	 273	 746	
143	 5.7205864e-01	 +2.6951731e-02 -6.9999429e-04	 2.62e+00 Accepted	 269	 724	
144	 5.7205864e-01	 +2.6951731e-02 -6.9999429e-04	 5.76e-01 Rejected	 271	 727	
145	 5.7216053e-01	 +2.4127520e-02 -5.0309302e-04	 1.28e+00 Accepted	 272	 732	
146	 5.7184897e-01	 +2.5894786e-02 +9.8093541e-04	 1.12e+00 Accepted	 269	 725	
147	 5.7194753e-01	 +2.5389628e-02 +9.6126181e-04	 1.95e+00 Accepted	 267	 727	
148	 5.7175678e-01	 +2.5537024e-02 -1.0989321e-03	 1.43e+00 Accepted	 269	 730	
149	 5.7179597e-01	 +2.7893726e-02 +9.8355604e-05	 8.07e-01 Accepted	 269	 725	
150	 5.7184087e-01	 +2.5861771e-02 +1.5602476e-03	 1.02e+00 Accepted	 268	 725	
151	 5.7192990e-01	 +2.6401120e-02 +1.6645694e-03	 1.85e+00 Accepted	 269	 734	
152	 5.7201816e-01	 +2.5828606e-02 +7.0265602e-04	 1.12e+00 Accepted	 273	 731	
153	 5.7166999e-01	 +2.7572550e-02 +1.1428232e-03	 1.07e+00 Accepted	 267	 725	
154	 5.7190845e-01	 +2.8030571e-02 -2.7569239e-03	 1.15e+00 Accepted	 267	 728	
155	 5.7152900e-01	 +2.8433516e-02 +1.2217704e-03	 7.23e-01 Accepted	 270	 728	
156	 5.7173448e-01	 +2.7646057e-02 -1.5592897e-03	 1.03e+00 Accepted	 271	 730	
157	 5.7173448e-01	 +2.7646057e-02 -1.5592897e-03	 7.13e-01 Rejected	 269	 727	
158	 5.7176179e-01	 +3.0449714e-02 -3.3871433e-05	 1.23e+00 Accepted	 268	 727	
159	 5.7199922e-01	 +2.7530376e-02 +7.4080662e-04	 8.08e-01 Accepted	 271	 742	
160	 5.7191176e-01	 +2.6347944e-02 +1.0332602e-03	 6.09e-01 Accepted	 274	 726	
161	 5.7184748e-01	 +2.9064814e-02 +1.4937507e-03	 6.57e-01 Accepted	 276	 768	
162	 5.7185421e-01	 +2.4946339e-02 -2.9522780e-04	 8.35e-01 Accepted	 276	 726	
163	 5.7192193e-01	 +2.6324361e-02 +9.9838044e-04	 1.99e+00 Accepted	 268	 724	
164	 5.7189917e-01	 +2.7455354e-02 +1.0905106e-03	 7.00e-01 Accepted	 267	 726	
165	 5.7203444e-01	 +2.4993517e-02 +8.4520016e-04	 1.33e+00 Accepted	 270	 726	
166	 5.7187008e-01	 +2.5466757e-02 +1.0900749e-03	 8.09e-01 Accepted	 270	 756	
167	 5.7187494e-01	 +2.6628448e-02 +9.6312414e-04	 7.53e-01 Accepted	 277	 729	
168	 5.7176234e-01	 +2.6098727e-02 -3.1521787e-04	 6.21e-01 Accepted	 270	 746	
169	 5.7178259e-01	 +2.5584241e-02 -8.0511389e-04	 1.20e+00 Accepted	 274	 740	
170	 5.7178259e-01	 +2.5584241e-02 -8.0511389e-04	 6.99e-01 Rejected	 272	 716	
171	 5.7181782e-01	 +2.3769925e-02 -2.8757055e-04	 1.64e+00 Accepted	 273	 734	
172	 5.7181706e-01	 +2.7512490e-02 +7.8956506e-04	 1.10e+00 Accepted	 284	 811	
173	 5.7192772e-01	 +2.5961839e-02 -4.8458423e-04	 1.42e+00 Accepted	 293	 789	
174	 5.7198843e-01	 +2.8616551e-02 -3.8672385e-04	 7.71e-01 Accepted	 284	 781	
175	 5.7194722e-01	 +2.6578852e-02 +7.4115629e-04	 7.49e-01 Accepted	 293	 801	
176	 5.7176394e-01	 +2.6075653e-02 -1.0180829e-04	 1.04e+00 Accepted	 293	 840	
177	 5.7179548e-01	 +2.7867330e-02 +1.4419526e-03	 6.57e-01 Accepted	 298	 797	
178	 5.7178330e-01	 +2.8037001e-02 +9.9018299e-04	 9.05e-01 Accepted	 294	 781	
179	 5.7159202e-01	 +2.6598782e-02 +4.6793991e-04	 5.62e-01 Accepted	 292	 791	
180	 5.7177954e-01	 +2.7533999e-02 +6.5094135e-04	 1.75e+00 Accepted	 295	 791	
181	 5.7177954e-01	 +2.7533999e-02 +6.5094135e-04	 8.84e-01 Rejected	 291	 769	
182	 5.7162747e-01	 +2.5695800e-02 +1.4368593e-03	 4.60e-01 Accepted	 291	 796	
183	 5.7162406e-01	 +2.6486320e-02 +7.3916770e-04	 9.80e-01 Accepted	 291	 796	
184	 5.7166949e-01	 +2.5711070e-02 -3.3034634e-04	 1.07e+00 Accepted	 288	 757	
185	 5.7157329e-01	 +2.5779264e-02 -1.0938915e-03	 7.81e-01 Accepted	 281	 745	
186	 5.7155913e-01	 +2.6600580e-02 +1.2646687e-03	 8.21e-01 Accepted	 278	 767	
187	 5.7175141e-01	 +2.5699370e-02 +1.6863450e-03	 1.10e+00 Accepted	 282	 768	
188	 5.7175141e-01	 +2.5699370e-02 +1.6863450e-03	 5.44e-01 Rejected	 290	 780	
189	 5.7203117e-01	 +2.5161960e-02 +2.3666682e-04	 1.69e+00 Accepted	 290	 836	
190	 5.7191477e-01	 +2.4775106e-02 +8.2652998e-04	 8.23e-01 Accepted	 315	 834	
191	 5.7187874e-01	 +2.7765441e-02 +6.7847616e-04	 1.35e+00 Accepted	 299	 806	
192	 5.7160268e-01	 +2.6063213e-02 -2.0610986e-04	 9.49e-01 Accepted	 284	 725	
193	 5.7160591e-01	 +2.5299610e-02 -1.8588489e-03	 8.38e-01 Accepted	 269	 730	
194	 5.7151117e-01	 +2.5197236e-02 -2.0086811e-04	 8.11e-01 Accepted	 277	 795	
195	 5.7180817e-01	 +2.5139052e-02 +3.5734516e-04	 9.28e-01 Accepted	 291	 752	
196	 5.7180817e-01	 +2.5139052e-02 +3.5734516e-04	 5.68e-01 Rejected	 284	 798	
197	 5.7173291e-01	 +2.3909087e-02 +1.6171600e-03	 6.36e-01 Accepted	 280	 768	
198	 5.7180996e-01	 +2.3740533e-02 +2.9641372e-03	 1.41e+00 Accepted	 288	 774	
199	 5.7180996e-01	 +2.3740533e-02 +2.9641372e-03	 4.00e-01 Rejected	 287	 757	
200	 5.7180996e-01	 +2.3740533e-02 +2.9641372e-03	 5.73e-01 Rejected	 285	 757	
201	 5.7161428e-01	 +2.3079182e-02 +1.8031376e-03	 6.39e-01 Accepted	 286	 773	
202	 5.7156854e-01	 +2.6008232e-02 +9.4777475e-04	 7.56e-01 Accepted	 282	 761	
203	 5.7159156e-01	 +2.4486299e-02 -6.3300030e-04	 9.02e-01 Accepted	 278	 739	
204	 5.7152665e-01	 +2.4781902e-02 -1.0115267e-04	 8.05e-01 Accepted	 276	 747	
205	 5.7144295e-01	 +2.6127373e-02 -1.7045978e-03	 6.49e-01 Accepted	 275	 738	
206	 5.7168120e-01	 +2.3892735e-02 -2.5633065e-04	 1.39e+00 Accepted	 273	 747	
207	 5.7163478e-01	 +2.4558879e-02 -5.7438889e-04	 1.09e+00 Accepted	 274	 727	
208	 5.7160988e-01	 +2.2362649e-02 +2.5740891e-04	 1.01e+00 Accepted	 268	 724	
209	 5.7148172e-01	 +2.5645520e-02 +7.1246669e-04	 6.58e-01 Accepted	 274	 734	
210	 5.7155899e-01	 +2.5127664e-02 -5.8687875e-04	 1.26e+00 Accepted	 276	 741	
211	 5.7153485e-01	 +2.4724978e-02 +6.9728214e-04	 6.49e-01 Accepted	 273	 731	
212	 5.7170009e-01	 +2.4745843e-02 -7.3444403e-04	 6.98e-01 Accepted	 275	 750	
213	 5.7175094e-01	 +2.5065051e-02 +1.0020971e-03	 6.79e-01 Accepted	 278	 752	
214	 5.7159684e-01	 +2.4434574e-02 +3.8591808e-04	 6.54e-01 Accepted	 279	 757	
215	 5.7165414e-01	 +2.4230350e-02 -4.7014397e-04	 1.11e+00 Accepted	 279	 758	
216	 5.7166325e-01	 +2.4859659e-02 +1.2212318e-03	 1.03e+00 Accepted	 281	 773	
217	 5.7179215e-01	 +2.6567035e-02 -4.8122263e-04	 1.09e+00 Accepted	 284	 764	
218	 5.7179951e-01	 +2.6117239e-02 -1.5579146e-03	 7.95e-01 Accepted	 285	 794	
219	 5.7152045e-01	 +2.5589229e-02 +3.3930110e-05	 8.21e-01 Accepted	 292	 792	
220	 5.7152045e-01	 +2.5589229e-02 +3.3930110e-05	 6.86e-01 Rejected	 286	 736	
221	 5.7178329e-01	 +2.3217200e-02 +1.2358246e-03	 7.47e-01 Accepted	 292	 796	
222	 5.7193201e-01	 +2.5161286e-02 -9.8969925e-04	 1.30e+00 Accepted	 282	 735	
223	 5.7194012e-01	 +2.4946643e-02 -9.3169357e-04	 1.41e+00 Accepted	 273	 741	
224	 5.7182411e-01	 +2.4912146e-02 +1.0084149e-03	 4.17e-01 Accepted	 271	 730	
225	 5.7183406e-01	 +2.6026025e-02 +2.4549259e-03	 9.73e-01 Accepted	 275	 733	
226	 5.7214766e-01	 +2.2754026e-02 +3.6839411e-04	 1.06e+00 Accepted	 285	 857	
227	 5.7199083e-01	 +2.5323858e-02 +2.1184289e-04	 5.72e-01 Accepted	 307	 815	
228	 5.7198133e-01	 +2.2527607e-02 +1.8411087e-03	 1.66e+00 Accepted	 296	 789	
229	 5.7198133e-01	 +2.2527607e-02 +1.8411087e-03	 8.50e-01 Rejected	 289	 794	
230	 5.7167236e-01	 +2.4460014e-02 +6.0333236e-04	 6.16e-01 Accepted	 282	 740	
231	 5.7180444e-01	 +2.3166232e-02 +1.2649345e-04	 8.09e-01 Accepted	 281	 801	
232	 5.7175697e-01	 +2.3057937e-02 +1.3478767e-03	 1.65e+00 Accepted	 288	 788	
233	 5.7155542e-01	 +2.6160278e-02 +1.6593764e-03	 1.14e+00 Accepted	 283	 775	
234	 5.7146261e-01	 +2.4658335e-02 +6.7464725e-04	 1.02e+00 Accepted	 279	 749	
235	 5.7159791e-01	 +2.6107587e-02 -4.0239793e-04	 1.40e+00 Accepted	 275	 771	
236	 5.7158701e-01	 +2.4608806e-02 +3.4869352e-04	 6.99e-01 Accepted	 280	 757	
237	 5.7173508e-01	 +2.4468730e-02 -6.8623843e-04	 1.39e+00 Accepted	 284	 758	
238	 5.7168923e-01	 +2.4728808e-02 +2.8910710e-04	 5.88e-01 Accepted	 281	 822	
239	 5.7172761e-01	 +2.5171190e-02 +8.3759750e-04	 1.51e+00 Accepted	 297	 753	
240	 5.7177301e-01	 +2.2982555e-02 -4.1338919e-04	 1.02e+00 Accepted	 284	 735	
241	 5.7158222e-01	 +2.4600313e-02 +9.4050888e-04	 6.65e-01 Accepted	 278	 750	
242	 5.7165903e-01	 +2.4896153e-02 -1.5930702e-03	 1.29e+00 Accepted	 275	 734	
243	 5.7160519e-01	 +2.4023291e-02 +1.3164385e-03	 4.57e-01 Accepted	 271	 757	
244	 5.7167316e-01	 +2.4976859e-02 -3.7687459e-04	 1.24e+00 Accepted	 277	 732	
245	 5.7158540e-01	 +2.4317288e-02 +7.9386007e-04	 1.11e+00 Accepted	 274	 751	
246	 5.7147475e-01	 +2.2622453e-02 +1.7303760e-03	 9.75e-01 Accepted	 280	 779	
247	 5.7161873e-01	 +2.2072120e-02 +1.8548718e-03	 8.19e-01 Accepted	 285	 773	
248	 5.7157893e-01	 +2.3643150e-02 +2.3232891e-04	 6.74e-01 Accepted	 282	 775	
249	 5.7148553e-01	 +2.2185678e-02 +8.6073508e-04	 4.72e-01 Accepted	 282	 769	
250	 5.7170771e-01	 +2.3738121e-02 +7.0052291e-04	 8.63e-01 Accepted	 283	 794	
251	 5.7170771e-01	 +2.3738121e-02 +7.0052291e-04	 9.55e-01 Rejected	 290	 787	
252	 5.7174806e-01	 +2.4558185e-02 -9.7722220e-04	 1.21e+00 Accepted	 287	 756	
253	 5.7158283e-01	 +2.5007995e-02 -7.0381775e-04	 8.56e-01 Accepted	 278	 759	
254	 5.7178167e-01	 +2.4651339e-02 -4.0523375e-04	 1.64e+00 Accepted	 282	 785	
255	 5.7180905e-01	 +2.4994998e-02 +2.1921729e-03	 1.58e+00 Accepted	 289	 832	
256	 5.7180905e-01	 +2.4994998e-02 +2.1921729e-03	 3.79e-01 Rejected	 294	 796	
257	 5.7202270e-01	 +2.6036603e-02 -5.1390936e-05	 1.25e+00 Accepted	 289	 760	
258	 5.7182543e-01	 +2.5093982e-02 -1.7062373e-04	 9.06e-01 Accepted	 277	 732	
259	 5.7188507e-01	 +2.5679389e-02 +1.5353161e-03	 1.56e+00 Accepted	 268	 729	
260	 5.7206822e-01	 +2.4383745e-02 -1.1615781e-03	 2.42e+00 Accepted	 269	 727	
# Starting_type: CheckpointStart
# Trajectory_length / Number_of_MD_steps: 1 / 8
# 	 Plaquette	 Polyakov_Loop(re,im)	 Acc._Probability	 runtime_per_traj(s)	 CG_iterations	
261	 5.7218785e-01	 +2.4260767e-02 +2.2629841e-03	 1.12e+00 Accepted	 444	 811	
262	 5.7207781e-01	 +2.6348074e-02 +9.9692289e-04	 1.04e+00 Accepted	 449	 730	
263	 5.7192667e-01	 +2.3177168e-02 +9.8117649e-04	 1.20e+00 Accepted	 423	 727	
264	 5.7193347e-01	 +2.5926498e-02 -3.3204637e-05	 1.47e+00 Accepted	 425	 726	
265	 5.7212287e-01	 +2.5676526e-02 -9.4934805e-04	 6.99e-01 Accepted	 423	 709	
266	 5.7194554e-01	 +2.4296561e-02 +9.5020147e-04	 7.01e-01 Accepted	 425	 741	
267	 5.7212798e-01	 +2.3562903e-02 +1.5407710e-05	 1.09e+00 Accepted	 427	 707	
268	 5.7210451e-01	 +2.4593914e-02 +2.3299886e-03	 9.02e-01 Accepted	 420	 721	
269	 5.7203021e-01	 +2.2884304e-02 -1.5193390e-03	 1.30e+00 Accepted	 417	 708	
270	 5.7207819e-01	 +2.4976098e-02 -8.5536249e-04	 8.10e-01 Accepted	 426	 755	
271	 5.7181860e-01	 +2.5226168e-02 -8.4779685e-04	 7.11e-01 Accepted	 438	 727	
272	 5.7169616e-01	 +2.3028398e-02 +4.8943479e-04	 1.51e+00 Accepted	 433	 743	
273	 5.7170395e-01	 +2.3820278e-02 +2.5429744e-03	 1.29e+00 Accepted	 424	 708	
274	 5.7154983e-01	 +2.5567229e-02 -2.4447356e-04	 1.02e+00 Accepted	 422	 723	
275	 5.7132065e-01	 +2.7064320e-02 -8.2515382e-04	 1.35e+00 Accepted	 427	 736	
276	 5.7156323e-01	 +2.4990963e-02 +1.0061668e-03	 1.05e+00 Accepted	 429	 731	
277	 5.7170523e-01	 +2.6809496e-02 +4.4713337e-04	 1.61e+00 Accepted	 423	 705	
278	 5.7181823e-01	 +2.6371558e-02 -6.0982492e-04	 1.26e+00 Accepted	 414	 705	
279	 5.7160512e-01	 +2.4889666e-02 +7.9077970e-04	 1.06e+00 Accepted	 417	 742	
280	 5.7160512e-01	 +2.4889666e-02 +7.9077970e-04	 7.05e-01 Rejected	 422	 699	
281	 5.7159339e-01	 +2.5153879e-02 -9.5332003e-04	 8.85e-01 Accepted	 423	 701	
282	 5.7181098e-01	 +2.3729948e-02 +3.3813764e-04	 1.07e+00 Accepted	 411	 699	
283	 5.7168970e-01	 +2.6619070e-02 +1.2563346e-03	 1.36e+00 Accepted	 415	 706	
284	 5.7186770e-01	 +2.5869529e-02 +9.8537163e-04	 1.11e+00 Accepted	 418	 709	
285	 5.7186770e-01	 +2.5869529e-02 +9.8537163e-04	 6.43e-01 Rejected	 420	 703	
286	 5.7193022e-01	 +2.5111050e-02 +5.7987300e-04	 9.66e-01 Accepted	 422	 705	
287	 5.7193022e-01	 +2.5111050e-02 +5.7987300e-04	 9.17e-01 Rejected	 420	 703	
288	 5.7202111e-01	 +2.5064709e-02 +4.6639996e-04	 8.49e-01 Accepted	 430	 757	
289	 5.7202111e-01	 +2.5064709e-02 +4.6639996e-04	 3.98e-01 Rejected	 430	 702	
290	 5.7183923e-01	 +2.7172700e-02 +1.2708211e-03	 6.45e-01 Accepted	 438	 742	
291	 5.7178360e-01	 +2.6569087e-02 -6.8194414e-04	 1.39e+00 Accepted	 436	 742	
292	 5.7160276e-01	 +2.7051551e-02 +1.5502666e-04	 8.80e-01 Accepted	 439	 770	
293	 5.7165772e-01	 +2.5494462e-02 -4.2378454e-04	 1.33e+00 Accepted	 447	 748	
294	 5.7148850e-01	 +2.7064390e-02 -8.0510204e-06	 6.29e-01 Accepted	 443	 737	
295	 5.7139095e-01	 +2.7986632e-02 +9.7456810e-05	 1.27e+00 Accepted	 432	 721	
296	 5.7131532e-01	 +2.5989823e-02 +3.0140727e-04	 6.69e-01 Accepted	 421	 732	
297	 5.7163234e-01	 +2.4785398e-02 +2.7350413e-04	 1.21e+00 Accepted	 431	 776	
298	 5.7154572e-01	 +2.5054888e-02 +6.6469324e-04	 1.35e+00 Accepted	 438	 733	
299	 5.7173082e-01	 +2.5748305e-02 +2.5002531e-04	 1.62e+00 Accepted	 422	 736	
300	 5.7188649e-01	 +2.7756766e-02 -1.5716426e-03	 7.82e-01 Accepted	 436	 737	
301	 5.7188649e-01	 +2.7756766e-02 -1.5716426e-03	 8.07e-01 Rejected	 438	 733	
302	 5.7191674e-01	 +2.6538258e-02 +3.8839773e-04	 5.31e-01 Accepted	 429	 725	
303	 5.7167218e-01	 +2.4969843e-02 -1.2104405e-03	 8.27e-01 Accepted	 425	 728	
304	 5.7167218e-01	 +2.4969843e-02 -1.2104405e-03	 5.02e-01 Rejected	 427	 731	
305	 5.7167218e-01	 +2.4969843e-02 -1.2104405e-03	 8.87e-01 Rejected	 428	 738	
306	 5.7175138e-01	 +2.7005806e-02 +7.0811331e-05	 1.29e+00 Accepted	 425	 717	
307	 5.7172012e-01	 +2.6076853e-02 +1.0651556e-03	 1.12e+00 Accepted	 420	 728	
308	 5.7173273e-01	 +2.4804433e-02 +5.8321107e-04	 6.84e-01 Accepted	 430	 742	
309	 5.7184848e-01	 +2.8227459e-02 +9.1802276e-04	 7.40e-01 Accepted	 434	 732	
310	 5.7167194e-01	 +2.6769982e-02 -9.6658494e-04	 8.54e-01 Accepted	 426	 723	
311	 5.7158323e-01	 +2.7224442e-02 -9.1336641e-04	 1.19e+00 Accepted	 423	 718	
312	 5.7172915e-01	 +2.7684466e-02 -1.6247003e-04	 1.07e+00 Accepted	 424	 721	
313	 5.7164942e-01	 +2.7334730e-02 +9.2655030e-04	 9.69e-01 Accepted	 424	 718	
314	 5.7138320e-01	 +2.6506919e-02 -4.6689066e-04	 1.21e+00 Accepted	 426	 745	
315	 5.7145292e-01	 +2.9213047e-02 +5.5610727e-04	 1.34e+00 Accepted	 429	 731	
316	 5.7144586e-01	 +2.7240765e-02 -1.2618294e-04	 6.11e-01 Accepted	 434	 816	
317	 5.7175171e-01	 +2.6530597e-02 -5.0275110e-04	 1.11e+00 Accepted	 472	 813	
318	 5.7187700e-01	 +2.7058214e-02 +1.2097449e-03	 1.68e+00 Accepted	 452	 730	
319	 5.7199688e-01	 +2.6947566e-02 -1.4428823e-03	 2.11e+00 Accepted	 432	 769	
320	 5.7204411e-01	 +2.7859276e-02 -1.5139187e-03	 7.76e-01 Accepted	 440	 728	
321	 5.7217856e-01	 +2.9948167e-02 -1.3652626e-04	 7.23e-01 Accepted	 433	 771	
322	 5.7222570e-01	 +2.8142394e-02 +6.2985315e-04	 1.15e+00 Accepted	 439	 742	
323	 5.7212804e-01	 +2.8301036e-02 -1.3792414e-04	 8.21e-01 Accepted	 431	 731	
324	 5.7212804e-01	 +2.8301036e-02 -1.3792414e-04	 6.82e-01 Rejected	 428	 734	
325	 5.7213336e-01	 +2.7337094e-02 -2.9981067e-03	 1.49e+00 Accepted	 428	 729	
326	 5.7194475e-01	 +2.8266276e-02 -4.9915309e-04	 8.53e-01 Accepted	 427	 724	
327	 5.7192235e-01	 +2.9351090e-02 -1.8029031e-04	 1.12e+00 Accepted	 419	 722	
328	 5.7212501e-01	 +2.6854157e-02 +1.0080805e-04	 1.34e+00 Accepted	 424	 716	
329	 5.7223231e-01	 +2.8294834e-02 +1.8126563e-03	 7.30e-01 Accepted	 428	 744	
330	 5.7189575e-01	 +2.5805299e-02 +7.0294094e-04	 7.47e-01 Accepted	 432	 725	
331	 5.7192906e-01	 +2.7432318e-02 +4.4350397e-04	 1.19e+00 Accepted	 430	 718	
332	 5.7193983e-01	 +2.7768529e-02 +2.4186433e-03	 7.29e-01 Accepted	 427	 747	
333	 5.7205979e-01	 +2.9559360e-02 +3.8264990e-04	 1.07e+00 Accepted	 441	 749	
334	 5.7203041e-01	 +2.9087896e-02 -1.6877678e-03	 9.26e-01 Accepted	 431	 752	
335	 5.7185364e-01	 +2.5916528e-02 +1.1556406e-03	 9.63e-01 Accepted	 437	 764	
336	 5.7182725e-01	 +2.7728221e-02 -3.5399856e-04	 6.78e-01 Accepted	 438	 740	
337	 5.7209830e-01	 +2.7840819e-02 -1.0559994e-03	 9.11e-01 Accepted	 434	 777	
338	 5.7185964e-01	 +2.8728397e-02 -2.1263743e-03	 5.55e-01 Accepted	 442	 711	
339	 5.7147989e-01	 +3.0108809e-02 +9.5892559e-04	 9.34e-01 Accepted	 416	 713	
340	 5.7166426e-01	 +2.6671186e-02 +3.3969336e-04	 9.20e-01 Accepted	 423	 739	
341	 5.7166426e-01	 +2.6671186e-02 +3.3969336e-04	 7.75e-01 Rejected	 429	 712	
342	 5.7182525e-01	 +2.6585301e-02 -1.7436634e-04	 1.34e+00 Accepted	 435	 749	
343	 5.7157110e-01	 +2.7765893e-02 -2.9914274e-03	 8.72e-01 Accepted	 434	 743	
344	 5.7165698e-01	 +2.5591876e-02 +9.2556038e-05	 1.79e+00 Accepted	 435	 740	
345	 5.7144497e-01	 +2.5336249e-02 +3.6819401e-04	 5.70e-01 Accepted	 426	 751	
346	 5.7146540e-01	 +2.5360148e-02 -6.3930101e-04	 1.17e+00 Accepted	 436	 732	
347	 5.7186720e-01	 +2.4509663e-02 -2.8594722e-05	 1.32e+00 Accepted	 428	 713	
348	 5.7214164e-01	 +2.4267663e-02 -1.3152599e-04	 1.76e+00 Accepted	 418	 709	
349	 5.7217308e-01	 +2.5305217e-02 +4.5726359e-04	 7.46e-01 Accepted	 419	 719	
350	 5.7207836e-01	 +2.4948832e-02 +1.1714110e-04	 5.35e-01 Accepted	 421	 713	
351	 5.7191685e-01	 +2.6856466e-02 -1.6202065e-03	 1.04e+00 Accepted	 417	 704	
352	 5.7200939e-01	 +2.4864933e-02 -2.9871222e-03	 1.91e+00 Accepted	 419	 714	
353	 5.7172655e-01	 +2.6154027e-02 -4.5103990e-04	 6.82e-01 Accepted	 417	 710	
354	 5.7195147e-01	 +2.7347049e-02 -1.2605479e-03	 1.83e+00 Accepted	 417	 710	
355	 5.7161547e-01	 +2.4849974e-02 -1.6535341e-03	 6.09e-01 Accepted	 415	 704	
356	 5.7129342e-01	 +2.2981110e-02 -5.7351730e-04	 8.33e-01 Accepted	 415	 704	
357	 5.7165427e-01	 +2.3277320e-02 -1.5612270e-03	 1.59e+00 Accepted	 422	 788	
358	 5.7169715e-01	 +2.4069605e-02 -9.0903798e-04	 1.31e+00 Accepted	 439	 717	
359	 5.7167381e-01	 +2.5273944e-02 +4.8648904e-04	 1.09e+00 Accepted	 427	 718	
360	 5.7178333e-01	 +2.6569432e-02 +3.0280767e-04	 1.19e+00 Accepted	 426	 731	
# Starting_type: CheckpointStart
# Trajectory_length / Number_of_MD_steps: 1 / 8
# 	 Plaquette	 Polyakov_Loop(re,im)	 Acc._Probability	 runtime_per_traj(s)	 CG_iterations	
361	 5.7182388e-01	 +2.3104444e-02 -9.2048044e-04	 1.13e+00 Accepted	 428	 715	
362	 5.7149788e-01	 +2.7368527e-02 +1.5248355e-03	 3.64e-01 Accepted	 425	 718	
363	 5.7161795e-01	 +2.5019851e-02 +7.6554702e-05	 1.35e+00 Accepted	 420	 717	
364	 5.7172836e-01	 +2.5556236e-02 +9.3101523e-04	 1.10e+00 Accepted	 418	 713	
365	 5.7176706e-01	 +2.4454025e-02 +6.9968914e-04	 6.86e-01 Accepted	 423	 731	
366	 5.7176706e-01	 +2.4454025e-02 +6.9968914e-04	 5.09e-01 Rejected	 425	 718	
367	 5.7175340e-01	 +2.4752841e-02 -8.6413095e-04	 7.25e-01 Accepted	 426	 722	
368	 5.7168566e-01	 +2.4568237e-02 +1.2943724e-03	 1.36e+00 Accepted	 420	 709	
369	 5.7149599e-01	 +2.3822048e-02 -1.1009927e-03	 1.44e+00 Accepted	 437	 760	
370	 5.7164951e-01	 +2.4119287e-02 +7.1457252e-04	 8.92e-01 Accepted	 443	 788	
371	 5.7214690e-01	 +2.5677335e-02 -1.3242025e-04	 1.77e+00 Accepted	 455	 757	
372	 5.7214690e-01	 +2.5677335e-02 -1.3242025e-04	 3.94e-01 Rejected	 441	 751	
373	 5.7202909e-01	 +2.5525179e-02 +2.8049709e-04	 9.31e-01 Accepted	 436	 726	
374	 5.7193017e-01	 +2.6232945e-02 +4.2935536e-04	 1.35e+00 Accepted	 426	 730	
375	 5.7216207e-01	 +2.6976162e-02 +9.2113009e-04	 1.09e+00 Accepted	 434	 743	
376	 5.7218611e-01	 +2.6227266e-02 -1.8981817e-04	 1.30e+00 Accepted	 438	 750	
377	 5.7221739e-01	 +2.5462063e-02 +3.3317398e-04	 1.09e+00 Accepted	 441	 760	
378	 5.7207231e-01	 +2.7137182e-02 +1.1497197e-03	 1.11e+00 Accepted	 436	 751	
379	 5.7204013e-01	 +2.5726796e-02 -8.7405643e-04	 1.01e+00 Accepted	 434	 721	
380	 5.7200992e-01	 +2.6203347e-02 +3.2007769e-04	 1.29e+00 Accepted	 429	 717	
381	 5.7176421e-01	 +2.4095260e-02 +4.8371789e-04	 7.27e-01 Accepted	 437	 761	
382	 5.7197092e-01	 +2.5669644e-02 -6.6881555e-04	 8.34e-01 Accepted	 438	 727	
383	 5.7197092e-01	 +2.5669644e-02 -6.6881555e-04	 8.79e-01 Rejected	 430	 733	
384	 5.7181015e-01	 +2.7676926e-02 +1.1704019e-03	 4.89e-01 Accepted	 431	 724	
385	 5.7181015e-01	 +2.7676926e-02 +1.1704019e-03	 5.56e-01 Rejected	 421	 720	
386	 5.7184056e-01	 +2.6867065e-02 +1.9703247e-03	 1.06e+00 Accepted	 425	 733	
387	 5.7173488e-01	 +2.6471479e-02 +2.1855791e-03	 6.65e-01 Accepted	 425	 740	
388	 5.7132815e-01	 +2.6128642e-02 -2.5343797e-04	 4.60e-01 Accepted	 439	 748	
389	 5.7145014e-01	 +2.5554618e-02 -9.0543395e-04	 8.42e-01 Accepted	 443	 772	
390	 5.7157676e-01	 +2.6929732e-02 +2.3192968e-03	 8.99e-01 Accepted	 446	 745	
391	 5.7126856e-01	 +2.6007632e-02 +1.9483307e-03	 7.19e-01 Accepted	 449	 830	
392	 5.7145140e-01	 +2.3973164e-02 +1.9138011e-04	 1.41e+00 Accepted	 473	 781	
393	 5.7176991e-01	 +2.8286353e-02 -2.8528631e-04	 9.73e-01 Accepted	 445	 750	
394	 5.7170836e-01	 +2.5484127e-02 -1.7311521e-03	 1.04e+00 Accepted	 433	 730	
395	 5.7167387e-01	 +2.5161459e-02 -1.1338138e-05	 1.15e+00 Accepted	 425	 735	
396	 5.7166570e-01	 +2.5681297e-02 -2.0159777e-03	 7.88e-01 Accepted	 424	 722	
397	 5.7157812e-01	 +2.3734689e-02 -1.4214024e-03	 9.34e-01 Accepted	 427	 756	
398	 5.7144603e-01	 +2.4990200e-02 -8.2697268e-04	 6.08e-01 Accepted	 449	 766	
399	 5.7156531e-01	 +2.5512130e-02 -1.3954974e-03	 7.92e-01 Accepted	 452	 763	
400	 5.7158270e-01	 +2.3743778e-02 -1.9785869e-04	 1.31e+00 Accepted	 443	 731	
401	 5.7125412e-01	 +2.3881305e-02 +1.8450168e-04	 6.86e-01 Accepted	 425	 731	
402	 5.7122946e-01	 +2.3131022e-02 -2.2540514e-03	 1.21e+00 Accepted	 432	 748	
403	 5.7125062e-01	 +2.4587177e-02 +6.1372061e-04	 1.08e+00 Accepted	 439	 735	
404	 5.7159855e-01	 +2.4265716e-02 +2.9947457e-04	 1.42e+00 Accepted	 432	 763	
405	 5.7203207e-01	 +2.6352340e-02 -2.1601216e-03	 1.25e+00 Accepted	 441	 740	
406	 5.7212332e-01	 +2.3500926e-02 +1.1492132e-04	 1.44e+00 Accepted	 440	 751	
407	 5.7204086e-01	 +2.4999281e-02 -1.3271855e-03	 8.90e-01 Accepted	 435	 765	
408	 5.7196932e-01	 +2.2259509e-02 -6.8669476e-04	 9.16e-01 Accepted	 450	 735	
409	 5.7196932e-01	 +2.2259509e-02 -6.8669476e-04	 5.77e-01 Rejected	 430	 736	
410	 5.7212426e-01	 +2.3589100e-02 -5.3550618e-04	 1.38e+00 Accepted	 438	 792	
411	 5.7212426e-01	 +2.3589100e-02 -5.3550618e-04	 8.93e-01 Rejected	 446	 758	
412	 5.7189811e-01	 +2.3494732e-02 -5.8608992e-04	 7.05e-01 Accepted	 460	 794	
413	 5.7189811e-01	 +2.3494732e-02 -5.8608992e-04	 7.91e-01 Rejected	 449	 746	
414	 5.7186669e-01	 +2.5537500e-02 +1.2253057e-03	 1.27e+00 Accepted	 455	 781	
415	 5.7187783e-01	 +2.4238744e-02 -5.7879136e-04	 6.21e-01 Accepted	 448	 768	
416	 5.7168142e-01	 +2.4959063e-02 -1.0196377e-03	 8.72e-01 Accepted	 446	 768	
417	 5.7163519e-01	 +2.4937048e-02 -1.5756657e-03	 8.72e-01 Accepted	 444	 789	
418	 5.7163519e-01	 +2.4937048e-02 -1.5756657e-03	 9.29e-01 Rejected	 442	 732	
419	 5.7146265e-01	 +2.4687216e-02 -1.5089025e-03	 4.74e-01 Accepted	 447	 758	
420	 5.7170646e-01	 +2.3835362e-02 -1.1889830e-03	 1.09e+00 Accepted	 436	 724	
421	 5.7170646e-01	 +2.3835362e-02 -1.1889830e-03	 6.80e-01 Rejected	 431	 756	
422	 5.7170501e-01	 +2.4152660e-02 -6.8855482e-04	 1.43e+00 Accepted	 426	 747	
423	 5.7188056e-01	 +2.4156263e-02 -3.0461965e-04	 1.27e+00 Accepted	 429	 729	
424	 5.7194296e-01	 +2.5159603e-02 -1.2524197e-03	 1.24e+00 Accepted	 424	 730	
425	 5.7194426e-01	 +2.7142012e-02 -1.0249102e-03	 1.88e+00 Accepted	 430	 725	
426	 5.7171430e-01	 +2.4514715e-02 -2.0844377e-05	 9.76e-01 Accepted	 420	 727	
427	 5.7164911e-01	 +2.4083599e-02 +2.2739896e-04	 9.60e-01 Accepted	 436	 795	
428	 5.7164911e-01	 +2.4083599e-02 +2.2739896e-04	 4.52e-01 Rejected	 459	 766	
429	 5.7140307e-01	 +2.4702755e-02 +7.5414271e-04	 8.87e-01 Accepted	 437	 730	
430	 5.7157428e-01	 +2.6291095e-02 -1.5519961e-04	 9.59e-01 Accepted	 445	 798	
431	 5.7169350e-01	 +2.6136418e-02 -9.9232573e-05	 8.29e-01 Accepted	 455	 753	
432	 5.7176850e-01	 +2.5122744e-02 -1.7644793e-03	 8.19e-01 Accepted	 432	 724	
433	 5.7176850e-01	 +2.5122744e-02 -1.7644793e-03	 7.83e-01 Rejected	 427	 738	
434	 5.7174947e-01	 +2.7899666e-02 -1.1348725e-03	 7.75e-01 Accepted	 421	 715	
435	 5.7190961e-01	 +2.6553256e-02 -5.2177977e-04	 8.48e-01 Accepted	 423	 717	
436	 5.7176721e-01	 +2.7597448e-02 +1.6409591e-04	 9.42e-01 Accepted	 422	 714	
437	 5.7173682e-01	 +2.9182425e-02 +2.9893960e-04	 1.52e+00 Accepted	 423	 726	
438	 5.7187781e-01	 +2.9269961e-02 +2.9563678e-03	 9.37e-01 Accepted	 426	 731	
439	 5.7162181e-01	 +3.0263768e-02 +1.2285339e-03	 1.15e+00 Accepted	 428	 740	
440	 5.7173155e-01	 +2.8994060e-02 +5.5125065e-05	 9.52e-01 Accepted	 423	 724	
441	 5.7173155e-01	 +2.8994060e-02 +5.5125065e-05	 4.98e-01 Rejected	 417	 708	
442	 5.7155212e-01	 +2.9537589e-02 +1.5458928e-03	 8.07e-01 Accepted	 419	 722	
443	 5.7171166e-01	 +3.0928030e-02 +1.4030420e-03	 1.50e+00 Accepted	 424	 730	
444	 5.7172717e-01	 +2.7808859e-02 -1.7560071e-04	 1.41e+00 Accepted	 421	 716	
445	 5.7163824e-01	 +2.8678026e-02 -9.3424703e-05	 1.49e+00 Accepted	 426	 758	
446	 5.7150598e-01	 +3.1831421e-02 -1.0109476e-03	 8.05e-01 Accepted	 430	 714	
447	 5.7150598e-01	 +3.1831421e-02 -1.0109476e-03	 7.65e-01 Rejected	 423	 739	
448	 5.7164605e-01	 +2.8147453e-02 +7.2960706e-04	 1.05e+00 Accepted	 428	 750	
449	 5.7154770e-01	 +2.8396453e-02 -2.1121842e-03	 1.11e+00 Accepted	 433	 742	
450	 5.7186773e-01	 +2.8531435e-02 -1.5994918e-03	 1.82e+00 Accepted	 423	 704	
451	 5.7200491e-01	 +2.8877652e-02 +4.5774802e-04	 1.17e+00 Accepted	 417	 709	
452	 5.7177673e-01	 +2.8751371e-02 -1.3714378e-03	 6.49e-01 Accepted	 415	 702	
453	 5.7177673e-01	 +2.8751371e-02 -1.3714378e-03	 4.81e-01 Rejected	 414	 716	
454	 5.7177673e-01	 +2.8751371e-02 -1.3714378e-03	 4.89e-01 Rejected	 426	 746	
455	 5.7198358e-01	 +3.0112028e-02 +6.7995919e-04	 1.74e+00 Accepted	 424	 790	
456	 5.7217145e-01	 +2.8893014e-02 +1.3504345e-03	 7.14e-01 Accepted	 442	 722	
457	 5.7187372e-01	 +2.9236171e-02 +9.4267350e-05	 6.71e-01 Accepted	 433	 795	
458	 5.7187372e-01	 +2.9236171e-02 +9.4267350e-05	 6.55e-01 Rejected	 444	 726	
459	 5.7201889e-01	 +2.7455849e-02 +1.4400908e-03	 1.11e+00 Accepted	 449	 720	
# Starting_type: CheckpointStart
# Trajectory_length / Number_of_MD_steps: 1 / 8
# 	 Plaquette	 Polyakov_Loop(re,im)	 Acc._Probability	 runtime_per_traj(s)	 CG_iterations	
459	 5.7201889e-01	 +2.7455849e-02 +1.4400908e-03	 1.11e+00 Accepted	 292	 720	
460	 5.7208317e-01	 +2.8153862e-02 -2.1773294e-03	 7.83e-01 Accepted	 273	 738	
461	 5.7187968e-01	 +2.5780895e-02 +1.4887553e-03	 6.51e-01 Accepted	 271	 707	
462	 5.7196655e-01	 +2.6284758e-02 +3.1399798e-04	 1.22e+00 Accepted	 267	 713	
463	 5.7178168e-01	 +2.6978798e-02 -1.4282632e-04	 3.02e-01 Accepted	 266	 713	
464	 5.7172314e-01	 +2.8853633e-02 +9.8840237e-05	 9.04e-01 Accepted	 266	 719	
465	 5.7204825e-01	 +2.8184767e-02 -3.4678817e-04	 1.07e+00 Accepted	 270	 711	
466	 5.7196928e-01	 +2.8001028e-02 -2.0038976e-03	 1.75e+00 Accepted	 267	 712	
467	 5.7210385e-01	 +3.0075202e-02 -1.3873574e-03	 1.24e+00 Accepted	 270	 719	
468	 5.7213691e-01	 +2.7090662e-02 -1.8066677e-03	 8.66e-01 Accepted	 269	 733	
469	 5.7213691e-01	 +2.7090662e-02 -1.8066677e-03	 6.69e-01 Rejected	 276	 745	
470	 5.7191831e-01	 +2.7354877e-02 -4.2929523e-04	 7.63e-01 Accepted	 273	 721	
471	 5.7191831e-01	 +2.7354877e-02 -4.2929523e-04	 3.58e-01 Rejected	 268	 721	
472	 5.7191831e-01	 +2.7354877e-02 -4.2929523e-04	 6.70e-01 Rejected	 270	 742	
473	 5.7191831e-01	 +2.7354877e-02 -4.2929523e-04	 7.36e-01 Rejected	 268	 719	
474	 5.7189091e-01	 +2.4958497e-02 +4.8501162e-05	 1.11e+00 Accepted	 268	 719	
475	 5.7228360e-01	 +2.6439137e-02 +1.7408080e-03	 1.23e+00 Accepted	 271	 718	
476	 5.7234237e-01	 +2.5748193e-02 -9.6836430e-04	 1.59e+00 Accepted	 267	 712	
477	 5.7187953e-01	 +2.7784579e-02 +2.4077053e-03	 4.46e-01 Accepted	 271	 714	
478	 5.7197444e-01	 +2.8874433e-02 +2.1149242e-04	 6.90e-01 Accepted	 270	 714	
479	 5.7202771e-01	 +2.6736828e-02 +1.4566805e-03	 7.28e-01 Accepted	 271	 727	
480	 5.7200470e-01	 +2.7278623e-02 +1.3180587e-04	 8.61e-01 Accepted	 274	 731	
481	 5.7197932e-01	 +2.7931526e-02 -1.9864691e-04	 1.14e+00 Accepted	 274	 732	
482	 5.7184190e-01	 +2.6798777e-02 -1.7047277e-03	 1.06e+00 Accepted	 274	 725	
483	 5.7161900e-01	 +2.7415568e-02 -1.2552091e-04	 1.03e+00 Accepted	 276	 813	
484	 5.7163282e-01	 +2.6753174e-02 +8.1610008e-04	 1.18e+00 Accepted	 301	 801	
485	 5.7165076e-01	 +2.6248450e-02 +8.9827791e-04	 1.43e+00 Accepted	 290	 792	
486	 5.7180973e-01	 +2.6401915e-02 -8.6213678e-04	 1.03e+00 Accepted	 296	 814	
487	 5.7180973e-01	 +2.6401915e-02 -8.6213678e-04	 4.74e-01 Rejected	 298	 778	
488	 5.7191186e-01	 +2.7395391e-02 -1.5721150e-03	 1.58e+00 Accepted	 309	 871	
489	 5.7196313e-01	 +2.7058625e-02 -1.5837333e-03	 9.84e-01 Accepted	 311	 761	
490	 5.7175884e-01	 +2.4941655e-02 -7.6305387e-04	 6.17e-01 Accepted	 284	 755	
491	 5.7175884e-01	 +2.4941655e-02 -7.6305387e-04	 3.59e-01 Rejected	 282	 773	
492	 5.7175884e-01	 +2.4941655e-02 -7.6305387e-04	 6.25e-01 Rejected	 277	 744	
493	 5.7187724e-01	 +2.4867011e-02 -3.1472236e-04	 1.62e+00 Accepted	 273	 745	
494	 5.7191980e-01	 +2.6711693e-02 +8.5716601e-05	 9.83e-01 Accepted	 272	 748	
495	 5.7174420e-01	 +2.6453519e-02 -4.5039278e-04	 6.43e-01 Accepted	 277	 784	
496	 5.7170199e-01	 +2.7164992e-02 -1.1126605e-03	 6.50e-01 Accepted	 281	 755	
497	 5.7194602e-01	 +2.6921785e-02 -1.2813551e-03	 1.06e+00 Accepted	 274	 743	
498	 5.7174632e-01	 +2.6276749e-02 +1.1123178e-03	 1.04e+00 Accepted	 275	 763	
499	 5.7190228e-01	 +2.4940385e-02 -8.5262314e-04	 2.10e+00 Accepted	 280	 771	
500	 5.7195024e-01	 +2.3992828e-02 -8.4789817e-04	 1.18e+00 Accepted	 278	 755	
501	 5.7183177e-01	 +2.6104598e-02 -4.4712740e-04	 1.05e+00 Accepted	 281	 778	
502	 5.7202224e-01	 +2.5929968e-02 +8.1241807e-05	 1.26e+00 Accepted	 282	 767	
503	 5.7172780e-01	 +2.4434498e-02 +3.7361648e-05	 7.46e-01 Accepted	 275	 766	
504	 5.7172780e-01	 +2.4434498e-02 +3.7361648e-05	 5.95e-01 Rejected	 277	 750	
505	 5.7189942e-01	 +2.4360812e-02 -2.5737735e-04	 2.26e+00 Accepted	 276	 766	
506	 5.7181439e-01	 +2.6067629e-02 -4.3745207e-05	 1.11e+00 Accepted	 280	 743	
507	 5.7172020e-01	 +2.5166858e-02 -6.1547734e-04	 1.19e+00 Accepted	 270	 740	
508	 5.7166955e-01	 +2.5316457e-02 -9.1140543e-04	 9.52e-01 Accepted	 270	 742	
509	 5.7166621e-01	 +2.5101487e-02 -3.0854619e-03	 1.43e+00 Accepted	 277	 792	
510	 5.7162544e-01	 +2.4224608e-02 -1.2646654e-03	 6.30e-01 Accepted	 293	 820	
511	 5.7162183e-01	 +2.4373498e-02 -1.0343099e-03	 1.00e+00 Accepted	 299	 846	
512	 5.7178466e-01	 +2.5930961e-02 +4.2305654e-04	 1.69e+00 Accepted	 303	 831	
513	 5.7149754e-01	 +2.3959962e-02 -1.4653531e-03	 8.78e-01 Accepted	 293	 747	
514	 5.7149754e-01	 +2.3959962e-02 -1.4653531e-03	 7.41e-01 Rejected	 278	 795	
515	 5.7147961e-01	 +2.4600914e-02 +4.2174925e-04	 1.09e+00 Accepted	 275	 762	
516	 5.7170728e-01	 +2.5737395e-02 +2.0532540e-04	 9.56e-01 Accepted	 278	 750	
517	 5.7182622e-01	 +2.5571865e-02 -1.6329379e-03	 8.27e-01 Accepted	 277	 779	
518	 5.7188476e-01	 +2.5290777e-02 -1.1737916e-03	 7.97e-01 Accepted	 275	 758	
519	 5.7191361e-01	 +2.4590962e-02 +5.0139702e-04	 1.49e+00 Accepted	 281	 758	
520	 5.7191361e-01	 +2.4590962e-02 +5.0139702e-04	 4.80e-01 Rejected	 275	 745	
521	 5.7191079e-01	 +2.5555368e-02 +1.1026101e-04	 1.04e+00 Accepted	 275	 749	
522	 5.7180665e-01	 +2.5868178e-02 +1.0472456e-04	 6.43e-01 Accepted	 273	 735	
523	 5.7180665e-01	 +2.5868178e-02 +1.0472456e-04	 8.34e-01 Rejected	 269	 756	
524	 5.7166081e-01	 +2.4674893e-02 +6.6214701e-05	 8.41e-01 Accepted	 269	 731	
525	 5.7179780e-01	 +2.4041749e-02 +6.1941339e-04	 7.32e-01 Accepted	 271	 741	
526	 5.7191014e-01	 +2.4424561e-02 -1.5628523e-03	 1.67e+00 Accepted	 271	 723	
527	 5.7197621e-01	 +2.5575812e-02 -2.6999542e-04	 1.01e+00 Accepted	 271	 748	
528	 5.7197621e-01	 +2.5575812e-02 -2.6999542e-04	 7.71e-01 Rejected	 270	 736	
529	 5.7168344e-01	 +2.4887799e-02 -2.0935356e-03	 7.62e-01 Accepted	 271	 737	
530	 5.7167107e-01	 +2.5440968e-02 -7.3057199e-04	 1.15e+00 Accepted	 269	 733	
531	 5.7161247e-01	 +2.6253613e-02 -1.1695194e-04	 1.01e+00 Accepted	 271	 760	
532	 5.7157028e-01	 +2.6196585e-02 -9.3842630e-04	 6.17e-01 Accepted	 272	 724	
533	 5.7156637e-01	 +2.7540856e-02 -8.8358150e-04	 9.72e-01 Accepted	 267	 718	
534	 5.7156212e-01	 +2.5622915e-02 -1.8429298e-03	 7.58e-01 Accepted	 265	 714	
535	 5.7173279e-01	 +2.6451256e-02 -1.7476103e-03	 1.07e+00 Accepted	 265	 710	
536	 5.7173994e-01	 +2.7072667e-02 -1.0350734e-03	 1.06e+00 Accepted	 263	 713	
537	 5.7168515e-01	 +2.6966926e-02 +3.4897174e-05	 1.39e+00 Accepted	 266	 723	
538	 5.7168515e-01	 +2.6966926e-02 +3.4897174e-05	 4.75e-01 Rejected	 277	 742	
539	 5.7168515e-01	 +2.6966926e-02 +3.4897174e-05	 7.83e-01 Rejected	 266	 722	
540	 5.7197828e-01	 +2.5748516e-02 -5.3185445e-04	 1.32e+00 Accepted	 267	 730	
541	 5.7197828e-01	 +2.5748516e-02 -5.3185445e-04	 5.17e-01 Rejected	 274	 760	
542	 5.7202710e-01	 +2.6920411e-02 -1.2810543e-03	 7.78e-01 Accepted	 276	 796	
543	 5.7208151e-01	 +2.6203817e-02 -2.5438026e-03	 1.21e+00 Accepted	 287	 778	
544	 5.7174289e-01	 +2.6135866e-02 -1.5232975e-03	 6.80e-01 Accepted	 291	 833	
545	 5.7190559e-01	 +2.7402005e-02 -4.4593607e-04	 8.43e-01 Accepted	 293	 810	
546	 5.7161110e-01	 +2.6950841e-02 -1.1683025e-03	 9.55e-01 Accepted	 285	 765	
547	 5.7176400e-01	 +2.4573763e-02 +3.3158002e-04	 1.54e+00 Accepted	 279	 746	
548	 5.7211700e-01	 +2.6108892e-02 -1.3920871e-03	 1.29e+00 Accepted	 271	 727	
549	 5.7207231e-01	 +2.7275229e-02 +4.0720461e-04	 1.24e+00 Accepted	 269	 729	
550	 5.7244145e-01	 +2.5036754e-02 +2.5915163e-05	 1.20e+00 Accepted	 268	 727	
551	 5.7244145e-01	 +2.5036754e-02 +2.5915163e-05	 6.26e-01 Rejected	 267	 724	
552	 5.7229795e-01	 +2.6061257e-02 -8.0178682e-04	 8.51e-01 Accepted	 266	 726	
553	 5.7229795e-01	 +2.6061257e-02 -8.0178682e-04	 7.58e-01 Rejected	 267	 727	
554	 5.7216409e-01	 +2.8579480e-02 -2.6081337e-05	 9.16e-01 Accepted	 267	 748	
555	 5.7210494e-01	 +2.5258264e-02 -1.0454319e-03	 6.02e-01 Accepted	 281	 763	
556	 5.7217712e-01	 +2.5869263e-02 -5.8530246e-04	 1.12e+00 Accepted	 282	 790	
557	 5.7230019e-01	 +2.7014752e-02 -3.5499128e-04	 1.15e+00 Accepted	 281	 741	
558	 5.7213765e-01	 +2.6101382e-02 -4.3136799e-05	 7.08e-01 Accepted	 274	 732	
559	 5.7213765e-01	 +2.6101382e-02 -4.3136799e-05	 4.09e-01 Rejected	 277	 761	
560	 5.7206688e-01	 +2.8900829e-02 +8.9446574e-04	 1.23e+00 Accepted	 273	 756	
561	 5.7210402e-01	 +2.7454948e-02 -6.6096111e-04	 9.03e-01 Accepted	 273	 714	
562	 5.7194211e-01	 +2.4683193e-02 -9.6479194e-04	 1.24e+00 Accepted	 269	 717	
563	 5.7162888e-01	 +2.5675819e-02 +3.0938127e-04	 8.25e-01 Accepted	 271	 729	
564	 5.7174401e-01	 +2.5943519e-02 +7.0669036e-04	 9.54e-01 Accepted	 269	 732	
565	 5.7176900e-01	 +2.8245654e-02 -1.8542374e-03	 1.38e+00 Accepted	 271	 722	
566	 5.7155772e-01	 +2.7842647e-02 -1.0932709e-03	 1.30e+00 Accepted	 271	 742	
567	 5.7174240e-01	 +2.7355758e-02 -6.9889944e-04	 1.10e+00 Accepted	 274	 752	
568	 5.7173739e-01	 +2.5689306e-02 -1.5740058e-03	 7.13e-01 Accepted	 276	 754	
569	 5.7156636e-01	 +2.6401180e-02 -2.5307037e-04	 9.10e-01 Accepted	 275	 751	
570	 5.7175899e-01	 +2.7834493e-02 -3.9461917e-04	 1.19e+00 Accepted	 277	 743	
571	 5.7155939e-01	 +2.7175826e-02 -3.1579176e-03	 7.83e-01 Accepted	 275	 734	
572	 5.7162535e-01	 +2.4653175e-02 -9.3781822e-04	 1.22e+00 Accepted	 276	 725	
573	 5.7162535e-01	 +2.4653175e-02 -9.3781822e-04	 6.45e-01 Rejected	 271	 741	
574	 5.7180910e-01	 +2.4468120e-02 -2.1527117e-03	 1.28e+00 Accepted	 268	 725	
575	 5.7172951e-01	 +2.5707176e-02 -9.2745607e-04	 1.25e+00 Accepted	 271	 719	
576	 5.7164430e-01	 +2.7800253e-02 -1.9755403e-04	 1.45e+00 Accepted	 268	 715	
577	 5.7152787e-01	 +2.8983893e-02 -4.7511337e-04	 4.58e-01 Accepted	 269	 730	
578	 5.7153916e-01	 +2.7585079e-02 +1.7120141e-03	 9.60e-01 Accepted	 276	 720	
579	 5.7175783e-01	 +2.6824567e-02 +2.4742702e-03	 1.33e+00 Accepted	 271	 717	
580	 5.7175783e-01	 +2.6824567e-02 +2.4742702e-03	 9.45e-01 Rejected	 273	 722	
581	 5.7165733e-01	 +2.5170665e-02 +2.4901025e-03	 5.79e-01 Accepted	 275	 723	
582	 5.7179822e-01	 +2.7983116e-02 +1.5840876e-03	 1.10e+00 Accepted	 274	 726	
583	 5.7186329e-01	 +2.7938454e-02 -1.8552321e-03	 9.29e-01 Accepted	 289	 734	
584	 5.7207868e-01	 +2.8364219e-02 -5.1533704e-04	 1.04e+00 Accepted	 295	 721	
585	 5.7225120e-01	 +2.7958266e-02 -1.6017010e-04	 1.15e+00 Accepted	 284	 724	
586	 5.7225120e-01	 +2.7958266e-02 -1.6017010e-04	 6.18e-01 Rejected	 293	 849	
587	 5.7238466e-01	 +2.8312507e-02 -6.7030420e-04	 1.34e+00 Accepted	 287	 715	
588	 5.7238466e-01	 +2.8312507e-02 -6.7030420e-04	 6.78e-01 Rejected	 291	 718	
589	 5.7221674e-01	 +2.9585209e-02 -7.1809554e-04	 1.19e+00 Accepted	 287	 742	
590	 5.7221674e-01	 +2.9585209e-02 -7.1809554e-04	 6.07e-01 Rejected	 292	 747	
591	 5.7230200e-01	 +2.9715415e-02 +5.4972983e-04	 9.00e-01 Accepted	 292	 729	
592	 5.7212588e-01	 +2.9708448e-02 -4.8412025e-04	 6.88e-01 Accepted	 290	 710	
593	 5.7204379e-01	 +2.8351021e-02 +1.0715021e-04	 1.07e+00 Accepted	 280	 714	
594	 5.7180614e-01	 +2.8318471e-02 -1.1200551e-03	 8.73e-01 Accepted	 273	 701	
595	 5.7180619e-01	 +2.8374368e-02 -2.4006951e-04	 8.51e-01 Accepted	 283	 733	
596	 5.7199128e-01	 +2.8722916e-02 +2.2367866e-04	 1.38e+00 Accepted	 295	 797	
597	 5.7191522e-01	 +2.7672205e-02 -9.2063779e-04	 1.11e+00 Accepted	 304	 727	
598	 5.7181438e-01	 +2.8161940e-02 -1.3620468e-04	 7.59e-01 Accepted	 288	 731	
599	 5.7181438e-01	 +2.8161940e-02 -1.3620468e-04	 7.91e-01 Rejected	 270	 720	
600	 5.7182251e-01	 +2.8901007e-02 -4.8007758e-05	 7.95e-01 Accepted	 280	 736	
601	 5.7184482e-01	 +2.7905840e-02 +8.6363324e-04	 6.68e-01 Accepted	 274	 703	
602	 5.7183165e-01	 +2.9937631e-02 +3.1829893e-03	 8.08e-01 Accepted	 263	 693	
603	 5.7181510e-01	 +2.8232264e-02 +1.0365862e-03	 1.45e+00 Accepted	 260	 703	
604	 5.7191463e-01	 +2.9516589e-02 +3.9312409e-04	 7.83e-01 Accepted	 265	 745	
605	 5.7197689e-01	 +2.9129277e-02 -9.7004763e-04	 1.29e+00 Accepted	 275	 752	
606	 5.7200029e-01	 +2.6574916e-02 -4.5750825e-04	 1.32e+00 Accepted	 275	 739	
607	 5.7174581e-01	 +2.7354811e-02 +2.2449720e-03	 9.10e-01 Accepted	 281	 727	
608	 5.7174581e-01	 +2.7354811e-02 +2.2449720e-03	 5.15e-01 Rejected	 271	 724	
609	 5.7148926e-01	 +2.6698919e-02 +1.5547393e-03	 9.99e-01 Accepted	 273	 741	
610	 5.7164490e-01	 +2.9261271e-02 -1.3495684e-03	 1.81e+00 Accepted	 281	 796	
611	 5.7173477e-01	 +2.6582535e-02 +3.8347360e-04	 8.59e-01 Accepted	 278	 725	
612	 5.7162386e-01	 +2.6313553e-02 +1.6334588e-04	 5.48e-01 Accepted	 267	 738	
613	 5.7170610e-01	 +2.6204948e-02 -1.8936423e-04	 9.69e-01 Accepted	 268	 718	
614	 5.7192034e-01	 +2.6991117e-02 -5.0812787e-04	 1.04e+00 Accepted	 269	 717	
# Starting_type: CheckpointStart
# Trajectory_length / Number_of_MD_steps: 1 / 8
# 	 Plaquette	 Polyakov_Loop(re,im)	 Acc._Probability	 runtime_per_traj(s)	 CG_iterations	
615	 5.7192034e-01	 +2.6991117e-02 -5.0812787e-04	 6.90e-01 Rejected	 278	 719	
616	 5.7187838e-01	 +2.6043288e-02 -8.3974002e-04	 1.02e+00 Accepted	 270	 708	
617	 5.7202752e-01	 +2.8481480e-02 +8.1327482e-04	 8.85e-01 Accepted	 272	 796	
618	 5.7196975e-01	 +3.0623640e-02 +7.2387279e-04	 7.51e-01 Accepted	 291	 745	
619	 5.7189744e-01	 +2.8124948e-02 +1.1628696e-03	 7.75e-01 Accepted	 274	 713	
620	 5.7187650e-01	 +2.5850907e-02 +1.2031152e-03	 1.72e+00 Accepted	 265	 701	
621	 5.7187650e-01	 +2.5850907e-02 +1.2031152e-03	 8.65e-01 Rejected	 262	 705	
622	 5.7187650e-01	 +2.5850907e-02 +1.2031152e-03	 7.34e-01 Rejected	 267	 789	
623	 5.7187650e-01	 +2.5850907e-02 +1.2031152e-03	 8.85e-01 Rejected	 267	 771	
624	 5.7187650e-01	 +2.5850907e-02 +1.2031152e-03	 5.55e-01 Rejected	 261	 710	
625	 5.7179121e-01	 +2.6432716e-02 +9.7566487e-04	 4.84e-01 Accepted	 262	 719	
626	 5.7179121e-01	 +2.6432716e-02 +9.7566487e-04	 5.00e-01 Rejected	 271	 757	
627	 5.7189797e-01	 +2.8337828e-02 +1.5021564e-03	 1.02e+00 Accepted	 272	 779	
628	 5.7171978e-01	 +2.7536494e-02 +2.7895041e-04	 8.01e-01 Accepted	 278	 734	
629	 5.7197136e-01	 +2.6737466e-02 +1.5386976e-03	 1.26e+00 Accepted	 270	 758	
630	 5.7188605e-01	 +2.8657769e-02 -1.6463548e-03	 9.19e-01 Accepted	 271	 715	
631	 5.7188605e-01	 +2.8657769e-02 -1.6463548e-03	 8.72e-01 Rejected	 264	 718	
632	 5.7180059e-01	 +2.8067956e-02 -8.0138556e-05	 1.46e+00 Accepted	 266	 717	
633	 5.7191588e-01	 +2.6621091e-02 +3.4989590e-04	 1.11e+00 Accepted	 266	 729	
634	 5.7195807e-01	 +2.6761688e-02 +1.5300868e-03	 7.58e-01 Accepted	 269	 734	
635	 5.7192444e-01	 +2.6400379e-02 -3.6670406e-04	 1.34e+00 Accepted	 264	 731	
636	 5.7191101e-01	 +2.6633025e-02 -1.0858167e-04	 1.19e+00 Accepted	 269	 722	
637	 5.7187123e-01	 +2.6287217e-02 -1.2448956e-03	 9.51e-01 Accepted	 264	 721	
638	 5.7204539e-01	 +2.7663599e-02 +1.5118111e-03	 9.72e-01 Accepted	 265	 742	
639	 5.7194737e-01	 +2.5828241e-02 -2.7043971e-04	 9.95e-01 Accepted	 270	 721	
640	 5.7171039e-01	 +2.6641565e-02 +6.6283702e-04	 1.04e+00 Accepted	 269	 735	
641	 5.7159926e-01	 +2.5442826e-02 +2.6981937e-03	 7.61e-01 Accepted	 267	 740	
642	 5.7157072e-01	 +2.7994887e-02 +5.5459916e-04	 7.84e-01 Accepted	 274	 769	
643	 5.7160312e-01	 +2.6409221e-02 +6.9928561e-05	 1.02e+00 Accepted	 278	 735	
644	 5.7172650e-01	 +2.6228830e-02 +1.4997004e-03	 9.64e-01 Accepted	 266	 713	
645	 5.7177217e-01	 +2.7587406e-02 -7.8713199e-04	 8.17e-01 Accepted	 268	 725	
646	 5.7159928e-01	 +2.5336025e-02 +1.4214759e-03	 1.00e+00 Accepted	 269	 716	
647	 5.7141083e-01	 +2.5792490e-02 -2.0387745e-03	 1.38e+00 Accepted	 264	 714	
648	 5.7143150e-01	 +2.4331773e-02 +8.1752128e-04	 6.44e-01 Accepted	 267	 751	
649	 5.7155488e-01	 +2.4885133e-02 +1.0170771e-03	 7.82e-01 Accepted	 268	 727	
650	 5.7167769e-01	 +2.5336798e-02 +8.3794741e-04	 6.93e-01 Accepted	 272	 743	
651	 5.7165800e-01	 +2.4311158e-02 -9.0249374e-04	 7.21e-01 Accepted	 273	 763	
652	 5.7177824e-01	 +2.4413241e-02 -1.7670365e-03	 8.28e-01 Accepted	 279	 766	
653	 5.7182190e-01	 +2.3906237e-02 +1.3445748e-03	 1.10e+00 Accepted	 274	 708	
654	 5.7172868e-01	 +2.5655872e-02 +8.8596375e-04	 1.08e+00 Accepted	 266	 741	
655	 5.7174427e-01	 +2.6088248e-02 +3.9700018e-04	 1.18e+00 Accepted	 272	 728	
656	 5.7178908e-01	 +2.3271580e-02 +4.7871496e-04	 1.10e+00 Accepted	 269	 731	
657	 5.7159257e-01	 +2.4517927e-02 -1.2671942e-03	 8.93e-01 Accepted	 265	 712	
658	 5.7143150e-01	 +2.5940979e-02 +1.2906967e-03	 1.06e+00 Accepted	 263	 716	
659	 5.7148338e-01	 +2.7522706e-02 +1.0838296e-03	 5.72e-01 Accepted	 265	 758	
660	 5.7170969e-01	 +2.4614568e-02 +8.6945470e-04	 1.55e+00 Accepted	 277	 736	
661	 5.7143370e-01	 +2.5849181e-02 +1.8073714e-03	 1.31e+00 Accepted	 274	 741	
662	 5.7144930e-01	 +2.7277396e-02 -1.0278097e-03	 1.37e+00 Accepted	 269	 735	
663	 5.7178384e-01	 +2.5118141e-02 -5.1926912e-04	 7.04e-01 Accepted	 284	 815	
664	 5.7184523e-01	 +2.5104450e-02 -1.0215330e-03	 5.14e-01 Accepted	 292	 815	
665	 5.7196584e-01	 +2.4755020e-02 -1.7013204e-03	 1.47e+00 Accepted	 286	 754	
666	 5.7179989e-01	 +2.6116451e-02 +3.4423398e-05	 1.12e+00 Accepted	 282	 749	
667	 5.7179955e-01	 +2.7926248e-02 +2.5549030e-04	 2.01e+00 Accepted	 271	 728	
668	 5.7179955e-01	 +2.7926248e-02 +2.5549030e-04	 8.94e-01 Rejected	 270	 745	
669	 5.7191186e-01	 +2.6158190e-02 -1.3912942e-03	 1.12e+00 Accepted	 268	 724	
670	 5.7189381e-01	 +2.8088680e-02 -2.1797464e-03	 1.45e+00 Accepted	 269	 732	
671	 5.7201506e-01	 +2.5991163e-02 +2.9366214e-04	 9.60e-01 Accepted	 270	 743	
672	 5.7200215e-01	 +2.4693766e-02 -6.8956241e-04	 8.78e-01 Accepted	 270	 731	
673	 5.7182916e-01	 +2.4073101e-02 -8.1107853e-04	 1.21e+00 Accepted	 266	 726	
674	 5.7197103e-01	 +2.6241014e-02 -4.1407199e-04	 7.81e-01 Accepted	 266	 723	
675	 5.7197103e-01	 +2.6241014e-02 -4.1407199e-04	 8.10e-01 Rejected	 264	 719	
676	 5.7184265e-01	 +2.6204245e-02 -2.2521044e-03	 7.05e-01 Accepted	 264	 726	
677	 5.7215523e-01	 +2.6719340e-02 +1.4842068e-03	 1.51e+00 Accepted	 265	 724	
678	 5.7225281e-01	 +2.3657320e-02 -2.5831989e-04	 7.59e-01 Accepted	 266	 725	
679	 5.7194419e-01	 +2.6081621e-02 +1.6938301e-03	 3.61e-01 Accepted	 265	 723	
680	 5.7206226e-01	 +2.6113586e-02 -1.6947457e-03	 1.09e+00 Accepted	 268	 720	
681	 5.7222155e-01	 +2.7193630e-02 +1.2854951e-03	 1.56e+00 Accepted	 273	 784	
682	 5.7210456e-01	 +2.6556866e-02 -4.4414660e-04	 8.82e-01 Accepted	 281	 733	
683	 5.7204282e-01	 +2.6119253e-02 -1.4651447e-03	 6.54e-01 Accepted	 265	 719	
684	 5.7229220e-01	 +2.4596361e-02 -2.7042568e-06	 9.68e-01 Accepted	 265	 735	
685	 5.7231739e-01	 +2.5957722e-02 -6.6862341e-04	 7.59e-01 Accepted	 265	 721	
686	 5.7205609e-01	 +2.5045923e-02 -7.5491756e-04	 1.00e+00 Accepted	 266	 717	
687	 5.7192802e-01	 +2.4131090e-02 -1.1921264e-03	 1.03e+00 Accepted	 267	 716	
688	 5.7186669e-01	 +2.4256529e-02 -1.2726548e-03	 1.08e+00 Accepted	 267	 727	
689	 5.7176084e-01	 +2.4167329e-02 +2.1816004e-04	 1.36e+00 Accepted	 268	 726	
690	 5.7184660e-01	 +2.5090878e-02 +5.8460192e-04	 9.55e-01 Accepted	 275	 843	
691	 5.7175897e-01	 +2.2891542e-02 +2.8525032e-04	 7.66e-01 Accepted	 296	 758	
692	 5.7201031e-01	 +2.4997040e-02 +1.8537983e-03	 1.71e+00 Accepted	 279	 762	
693	 5.7201031e-01	 +2.4997040e-02 +1.8537983e-03	 6.19e-01 Rejected	 280	 756	
694	 5.7201031e-01	 +2.4997040e-02 +1.8537983e-03	 5.49e-01 Rejected	 281	 765	
695	 5.7200545e-01	 +2.7022746e-02 +4.8440361e-03	 9.83e-01 Accepted	 286	 805	
696	 5.7200545e-01	 +2.7022746e-02 +4.8440361e-03	 5.19e-01 Rejected	 286	 773	
697	 5.7189024e-01	 +2.7116564e-02 +1.9297760e-03	 7.44e-01 Accepted	 284	 791	
698	 5.7189024e-01	 +2.7116564e-02 +1.9297760e-03	 7.38e-01 Rejected	 283	 762	
699	 5.7198859e-01	 +2.5869242e-02 -3.2610270e-04	 8.84e-01 Accepted	 280	 741	
700	 5.7204766e-01	 +2.5355779e-02 +1.9995755e-03	 1.57e+00 Accepted	 270	 726	
701	 5.7193503e-01	 +2.5041630e-02 +1.0457721e-03	 1.04e+00 Accepted	 263	 716	
702	 5.7173998e-01	 +2.7665380e-02 +1.2908984e-03	 1.07e+00 Accepted	 265	 737	
703	 5.7195432e-01	 +2.5824379e-02 +2.4369581e-03	 1.71e+00 Accepted	 272	 721	
704	 5.7178994e-01	 +2.3517944e-02 +8.3139376e-04	 9.64e-01 Accepted	 278	 809	
705	 5.7170844e-01	 +2.3659497e-02 +1.8684931e-04	 7.30e-01 Accepted	 281	 722	
706	 5.7169527e-01	 +2.5776156e-02 +2.7529522e-03	 8.67e-01 Accepted	 265	 729	
707	 5.7168976e-01	 +2.4346377e-02 +2.4788677e-03	 1.82e+00 Accepted	 267	 727	
708	 5.7178024e-01	 +2.3599415e-02 +3.1225638e-03	 1.38e+00 Accepted	 267	 735	
709	 5.7197316e-01	 +2.4075011e-02 +1.0712788e-03	 1.23e+00 Accepted	 267	 728	
710	 5.7211877e-01	 +2.4489594e-02 +3.4131308e-03	 9.93e-01 Accepted	 268	 730	
711	 5.7209829e-01	 +2.6242545e-02 +5.0255920e-04	 1.17e+00 Accepted	 267	 731	
712	 5.7195446e-01	 +2.4147731e-02 +7.8287444e-04	 7.29e-01 Accepted	 268	 736	
713	 5.7172318e-01	 +2.5578469e-02 +1.0302615e-03	 8.49e-01 Accepted	 269	 740	
714	 5.7165886e-01	 +2.6775826e-02 -1.8475987e-03	 8.30e-01 Accepted	 270	 727	
715	 5.7176892e-01	 +2.7063605e-02 -1.1493961e-03	 1.07e+00 Accepted	 268	 741	
716	 5.7159942e-01	 +2.4833316e-02 -4.9695163e-04	 7.35e-01 Accepted	 266	 726	
717	 5.7159137e-01	 +2.4430688e-02 -1.0746093e-03	 9.27e-01 Accepted	 267	 728	
718	 5.7162811e-01	 +2.5314560e-02 +8.2792729e-04	 9.80e-01 Accepted	 272	 762	
719	 5.7167322e-01	 +2.4850005e-02 +7.9655266e-04	 7.97e-01 Accepted	 277	 740	
720	 5.7185557e-01	 +2.5178099e-02 +2.0144375e-05	 7.15e-01 Accepted	 272	 738	
721	 5.7201334e-01	 +2.4754956e-02 +2.2898838e-03	 1.10e+00 Accepted	 269	 742	
722	 5.7178879e-01	 +2.6235352e-02 +1.7283518e-03	 1.21e+00 Accepted	 273	 739	
723	 5.7178879e-01	 +2.6235352e-02 +1.7283518e-03	 6.02e-01 Rejected	 272	 741	
724	 5.7165800e-01	 +2.4115450e-02 +8.4588613e-04	 1.06e+00 Accepted	 270	 731	
725	 5.7152386e-01	 +2.4569728e-02 +1.6058434e-03	 5.81e-01 Accepted	 270	 752	
726	 5.7170852e-01	 +2.5309197e-02 +1.5594645e-03	 9.77e-01 Accepted	 273	 763	
727	 5.7174670e-01	 +2.4893120e-02 +1.5167564e-03	 9.49e-01 Accepted	 279	 764	
728	 5.7159991e-01	 +2.4915540e-02 +2.9766512e-03	 5.94e-01 Accepted	 276	 733	
729	 5.7153680e-01	 +2.5332874e-02 +1.8508156e-03	 8.17e-01 Accepted	 271	 733	
730	 5.7183071e-01	 +2.4537076e-02 +1.0034273e-03	 1.27e+00 Accepted	 268	 732	
731	 5.7210585e-01	 +2.5353695e-02 +1.8837230e-03	 1.11e+00 Accepted	 268	 722	
732	 5.7215115e-01	 +2.6523871e-02 -8.8171683e-04	 1.59e+00 Accepted	 268	 726	
733	 5.7206253e-01	 +2.6067927e-02 +3.2455118e-03	 1.11e+00 Accepted	 268	 735	
734	 5.7206253e-01	 +2.6067927e-02 +3.2455118e-03	 7.13e-01 Rejected	 270	 739	
735	 5.7206633e-01	 +2.7128326e-02 +1.9216639e-03	 1.15e+00 Accepted	 268	 729	
736	 5.7169208e-01	 +2.7116678e-02 +1.2905693e-04	 1.19e+00 Accepted	 269	 741	
737	 5.7160284e-01	 +2.3628544e-02 +9.1943576e-04	 1.17e+00 Accepted	 268	 727	
738	 5.7164224e-01	 +2.4364510e-02 +1.1622654e-03	 1.52e+00 Accepted	 270	 741	
739	 5.7152872e-01	 +2.4191903e-02 +1.3253314e-03	 7.67e-01 Accepted	 273	 736	
740	 5.7141086e-01	 +2.4416696e-02 -2.6202822e-04	 9.69e-01 Accepted	 270	 769	
741	 5.7146912e-01	 +2.5304550e-02 +9.5071301e-04	 1.22e+00 Accepted	 273	 747	
742	 5.7146912e-01	 +2.5304550e-02 +9.5071301e-04	 8.52e-01 Rejected	 274	 737	
743	 5.7140737e-01	 +2.3151750e-02 -1.7608520e-03	 8.18e-01 Accepted	 277	 767	
744	 5.7140737e-01	 +2.3151750e-02 -1.7608520e-03	 9.28e-01 Rejected	 278	 754	
745	 5.7152621e-01	 +2.6434251e-02 -8.7340096e-04	 1.75e+00 Accepted	 278	 735	
746	 5.7165316e-01	 +2.4534524e-02 +2.1531473e-04	 8.12e-01 Accepted	 266	 749	
747	 5.7139915e-01	 +2.3952661e-02 +7.1344296e-04	 6.71e-01 Accepted	 269	 733	
748	 5.7147881e-01	 +2.4016236e-02 -9.2271820e-04	 1.14e+00 Accepted	 278	 805	
749	 5.7162600e-01	 +2.4960687e-02 +3.2292815e-04	 1.02e+00 Accepted	 288	 773	
750	 5.7190007e-01	 +2.5542420e-02 +5.6658598e-04	 1.38e+00 Accepted	 278	 758	
751	 5.7195909e-01	 +2.4882454e-02 +2.6038803e-04	 1.16e+00 Accepted	 276	 751	
752	 5.7183092e-01	 +2.2917732e-02 +2.2747659e-03	 7.21e-01 Accepted	 276	 766	
753	 5.7183090e-01	 +2.5353798e-02 -1.2892577e-03	 4.53e-01 Accepted	 275	 748	
754	 5.7187497e-01	 +2.5057347e-02 +1.1319119e-03	 9.79e-01 Accepted	 274	 736	
755	 5.7178103e-01	 +2.7639825e-02 +1.9211109e-03	 8.46e-01 Accepted	 274	 742	
756	 5.7164820e-01	 +2.5568364e-02 +5.2497635e-05	 7.30e-01 Accepted	 269	 758	
757	 5.7146052e-01	 +2.7963478e-02 +1.7032732e-03	 9.05e-01 Accepted	 270	 731	
758	 5.7147327e-01	 +2.6373698e-02 -1.9565404e-04	 1.49e+00 Accepted	 267	 734	
759	 5.7144579e-01	 +2.5884857e-02 +8.1144549e-04	 8.82e-01 Accepted	 267	 739	
760	 5.7176479e-01	 +2.4751257e-02 -1.3531429e-05	 1.40e+00 Accepted	 267	 727	
761	 5.7176479e-01	 +2.4751257e-02 -1.3531429e-05	 3.70e-01 Rejected	 267	 728	
762	 5.7171365e-01	 +2.5564530e-02 +1.1736476e-03	 8.15e-01 Accepted	 268	 734	
763	 5.7173644e-01	 +2.3983129e-02 -4.4203454e-04	 1.35e+00 Accepted	 268	 745	
764	 5.7158374e-01	 +2.4136910e-02 +2.0886221e-03	 9.04e-01 Accepted	 274	 756	
765	 5.7153160e-01	 +2.4077503e-02 +8.5622935e-04	 1.17e+00 Accepted	 271	 730	
766	 5.7138416e-01	 +2.4208585e-02 +2.4016419e-04	 9.21e-01 Accepted	 269	 745	
767	 5.7142857e-01	 +2.3469658e-02 -3.8746468e-04	 1.64e+00 Accepted	 274	 749	
768	 5.7158253e-01	 +2.4541399e-02 -1.5142161e-03	 8.44e-01 Accepted	 271	 747	
769	 5.7153048e-01	 +2.2500129e-02 +1.4032451e-04	 7.48e-01 Accepted	 275	 748	
770	 5.7137998e-01	 +2.4224391e-02 -1.0869048e-03	 7.30e-01 Accepted	 277	 746	
771	 5.7113447e-01	 +2.3047706e-02 +2.8882056e-05	 4.94e-01 Accepted	 273	 736	
772	 5.7113447e-01	 +2.3047706e-02 +2.8882056e-05	 7.55e-01 Rejected	 272	 736	
773	 5.7117892e-01	 +2.4790269e-02 +1.4416895e-03	 1.45e+00 Accepted	 272	 745	
