# Starting_type: HotStart
# serial RNG seed: 	[19150 7229 12315 24471 37598]
# parallel RNG seed:	[13049 22589 33838 6582 9620]
# Trajectory_length / Number_of_MD_steps: 1 / 8
# 	 Plaquette	 Polyakov_Loop(re,im)	 Acc._Probability	 runtime_per_traj(s)	 CG_iterations	
1	 2.3406729e-01	 -1.3374286e-03 +2.2640264e-03	 3.59e+76 Accepted	 357	 645	
2	 3.3557994e-01	 +7.2625669e-04 +4.0056877e-04	 2.24e+40 Accepted	 394	 643	
3	 3.9541979e-01	 -1.0943044e-04 +9.1677132e-04	 3.47e+26 Accepted	 391	 628	
4	 4.3719243e-01	 +8.3160040e-04 +4.3522493e-05	 1.38e+20 Accepted	 385	 615	
5	 4.6978912e-01	 +1.3844686e-03 -1.4259383e-04	 2.18e+16 Accepted	 380	 603	
6	 4.9674183e-01	 +6.1098073e-06 -1.6204387e-03	 1.48e+14 Accepted	 373	 593	
7	 5.1958941e-01	 +1.7037123e-03 -9.5209846e-04	 2.98e+12 Accepted	 368	 584	
8	 5.3904232e-01	 +3.5514266e-04 -1.4511108e-03	 8.08e+10 Accepted	 364	 575	
9	 5.5551851e-01	 +8.1649027e-05 -4.0144706e-04	 1.51e+09 Accepted	 361	 574	
10	 5.6886600e-01	 +9.2963307e-04 -1.0810224e-03	 3.59e+07 Accepted	 358	 562	
11	 5.7950437e-01	 +6.4195004e-04 +4.2073685e-04	 1.26e+06 Accepted	 355	 562	
12	 5.8802855e-01	 +1.2924220e-03 +2.3884843e-04	 5.06e+04 Accepted	 351	 550	
13	 5.9465493e-01	 -1.2331336e-03 -2.3815392e-04	 4.52e+03 Accepted	 347	 545	
14	 6.0001865e-01	 +1.7033599e-04 +3.7627631e-04	 1.09e+03 Accepted	 346	 533	
15	 6.0387112e-01	 -6.9026226e-04 +1.8810931e-04	 1.43e+02 Accepted	 339	 528	
16	 6.0668287e-01	 -2.2319599e-04 -1.3130177e-04	 3.87e+01 Accepted	 339	 530	
17	 6.0920856e-01	 +1.1592021e-03 +3.0763957e-03	 1.72e+01 Accepted	 336	 519	
18	 6.1102412e-01	 -8.0699714e-04 +1.3225494e-03	 1.23e+01 Accepted	 332	 500	
19	 6.1246680e-01	 +3.6794210e-05 +1.8340418e-03	 4.61e+00 Accepted	 322	 494	
20	 6.1352940e-01	 +8.5164717e-04 +1.2306280e-03	 4.55e+00 Accepted	 325	 502	
21	 6.1459554e-01	 -2.8866607e-05 +2.9504319e-03	 3.08e+00 Accepted	 322	 484	
22	 6.1527183e-01	 +4.4043961e-04 +3.3087477e-03	 3.13e+00 Accepted	 316	 485	
23	 6.1600415e-01	 +1.4446913e-03 +2.4500351e-03	 2.36e+00 Accepted	 313	 490	
24	 6.1650103e-01	 +6.0145317e-04 +1.8257943e-03	 2.32e+00 Accepted	 316	 474	
25	 6.1674025e-01	 +2.1812216e-03 +2.7485510e-04	 1.48e+00 Accepted	 312	 471	
26	 6.1724523e-01	 +4.9104810e-04 +9.4045034e-04	 2.45e+00 Accepted	 310	 454	
27	 6.1761699e-01	 +7.8170559e-04 -2.3063619e-04	 2.04e+00 Accepted	 300	 442	
28	 6.1773224e-01	 +8.2800830e-04 +1.0642983e-03	 1.26e+00 Accepted	 301	 453	
29	 6.1790857e-01	 +2.4812832e-03 +1.4539932e-03	 1.40e+00 Accepted	 299	 461	
30	 6.1806700e-01	 +1.4658993e-03 +1.4938699e-03	 1.18e+00 Accepted	 301	 387	
31	 6.1831453e-01	 -9.0436068e-04 -1.8820013e-03	 1.18e+00 Accepted	 278	 425	
32	 6.1853633e-01	 -4.0486398e-04 -1.8336570e-03	 1.75e+00 Accepted	 285	 390	
33	 6.1859146e-01	 +3.3405637e-04 -6.4814500e-04	 7.80e-01 Accepted	 282	 385	
34	 6.1859146e-01	 +3.3405637e-04 -6.4814500e-04	 7.76e-01 Rejected	 261	 381	
35	 6.1861153e-01	 +1.1823642e-03 -2.6620006e-04	 1.05e+00 Accepted	 261	 352	
36	 6.1883518e-01	 +1.8845389e-03 +3.1785993e-03	 1.79e+00 Accepted	 247	 323	
37	 6.1878379e-01	 +2.6148495e-03 +1.3548946e-03	 7.37e-01 Accepted	 233	 338	
38	 6.1889816e-01	 +2.9698294e-03 -7.8091513e-04	 1.28e+00 Accepted	 247	 364	
39	 6.1906013e-01	 +1.9969748e-03 -1.1117442e-03	 1.05e+00 Accepted	 249	 352	
40	 6.1897159e-01	 +3.5408044e-03 -1.8293518e-03	 8.52e-01 Accepted	 252	 391	
41	 6.1905736e-01	 +2.6106942e-03 -1.5554506e-03	 1.18e+00 Accepted	 278	 399	
42	 6.1932349e-01	 +3.0517905e-03 -1.3216468e-03	 8.75e-01 Accepted	 241	 250	
43	 6.1946033e-01	 +3.2126619e-03 -1.9183082e-03	 1.30e+00 Accepted	 214	 299	
44	 6.1936539e-01	 +3.1888221e-03 -1.2193720e-03	 9.17e-01 Accepted	 236	 351	
45	 6.1928343e-01	 +6.0705625e-03 -1.2367057e-03	 9.13e-01 Accepted	 250	 349	
46	 6.1947390e-01	 +4.8116725e-03 +5.5518923e-04	 1.28e+00 Accepted	 263	 402	
47	 6.1949732e-01	 +4.4471018e-03 -1.5237681e-03	 7.92e-01 Accepted	 242	 234	
48	 6.1958906e-01	 +6.0056801e-03 -1.0443158e-03	 1.54e+00 Accepted	 215	 323	
49	 6.1973282e-01	 +5.6681842e-03 -3.0170639e-03	 1.20e+00 Accepted	 216	 228	
50	 6.1986670e-01	 +6.5716052e-03 -3.3103766e-03	 1.50e+00 Accepted	 191	 237	
51	 6.1970601e-01	 +5.9232667e-03 +4.7717028e-04	 9.62e-01 Accepted	 200	 274	
52	 6.1985204e-01	 +7.1460352e-03 -3.1414316e-03	 1.36e+00 Accepted	 207	 227	
53	 6.1965650e-01	 +7.1419378e-03 -1.4015554e-03	 7.15e-01 Accepted	 193	 274	
54	 6.1973690e-01	 +5.7600180e-03 -1.4646293e-03	 9.94e-01 Accepted	 205	 237	
55	 6.1987281e-01	 +4.3993435e-03 -2.1981200e-03	 1.12e+00 Accepted	 201	 227	
56	 6.2002916e-01	 +5.6242255e-03 -1.2048828e-03	 1.11e+00 Accepted	 188	 223	
57	 6.1982336e-01	 +6.2619999e-03 -3.3373628e-03	 9.61e-01 Accepted	 187	 229	
58	 6.1983185e-01	 +7.2147891e-03 -2.9714566e-03	 7.85e-01 Accepted	 187	 223	
59	 6.1977313e-01	 +5.9540637e-03 -3.9819998e-03	 9.30e-01 Accepted	 185	 223	
60	 6.1979803e-01	 +7.1550518e-03 -2.8269313e-03	 1.41e+00 Accepted	 187	 225	
61	 6.1984863e-01	 +7.0019084e-03 -6.1368833e-04	 7.42e-01 Accepted	 186	 223	
62	 6.1992410e-01	 +6.4106275e-03 -1.5996216e-03	 1.11e+00 Accepted	 185	 223	
63	 6.1999676e-01	 +5.5178163e-03 -1.0042211e-03	 1.08e+00 Accepted	 185	 223	
64	 6.1991110e-01	 +5.0639455e-03 -1.7434220e-03	 1.16e+00 Accepted	 185	 223	
65	 6.1968829e-01	 +6.1996752e-03 -1.5612321e-03	 8.69e-01 Accepted	 186	 224	
66	 6.1968827e-01	 +5.9549879e-03 -1.2039055e-03	 1.06e+00 Accepted	 186	 235	
67	 6.1991895e-01	 +8.6857707e-03 -5.9673920e-04	 1.55e+00 Accepted	 188	 226	
68	 6.1979485e-01	 +5.8829121e-03 -8.3776811e-04	 1.26e+00 Accepted	 186	 224	
69	 6.1969852e-01	 +7.0377821e-03 -1.1965346e-03	 7.79e-01 Accepted	 191	 269	
70	 6.1969852e-01	 +7.0377821e-03 -1.1965346e-03	 8.86e-01 Rejected	 210	 272	
71	 6.1975413e-01	 +6.0501355e-03 -1.5255817e-03	 1.06e+00 Accepted	 213	 262	
72	 6.1975413e-01	 +6.0501355e-03 -1.5255817e-03	 4.39e-01 Rejected	 201	 223	
73	 6.1955483e-01	 +4.5224931e-03 -2.3787542e-03	 7.14e-01 Accepted	 201	 228	
74	 6.1983596e-01	 +3.7227561e-03 -1.3034207e-03	 1.54e+00 Accepted	 202	 291	
75	 6.1991346e-01	 +4.3217649e-03 -2.6362366e-03	 1.44e+00 Accepted	 212	 230	
76	 6.1995697e-01	 +5.9902234e-03 -1.4067072e-03	 1.32e+00 Accepted	 189	 224	
77	 6.1986568e-01	 +3.4812487e-03 -7.4483551e-04	 1.12e+00 Accepted	 187	 224	
78	 6.1989373e-01	 +2.4207418e-03 -7.1163896e-04	 1.14e+00 Accepted	 185	 223	
79	 6.1983358e-01	 +3.2195819e-03 -2.4150684e-04	 1.24e+00 Accepted	 188	 268	
80	 6.2001224e-01	 +3.5687443e-03 -7.4892924e-04	 1.37e+00 Accepted	 209	 223	
81	 6.2021671e-01	 +5.4134700e-03 -2.1729290e-03	 8.33e-01 Accepted	 189	 223	
82	 6.2020637e-01	 +3.2498760e-03 -1.1574171e-03	 1.19e+00 Accepted	 185	 223	
83	 6.2031470e-01	 +5.9420745e-03 -6.7830616e-05	 1.50e+00 Accepted	 184	 223	
84	 6.2008768e-01	 +5.8547504e-03 -7.5692463e-05	 4.88e-01 Accepted	 186	 223	
85	 6.2018170e-01	 +3.5893522e-03 -1.5615952e-03	 1.47e+00 Accepted	 185	 223	
86	 6.2018170e-01	 +3.5893522e-03 -1.5615952e-03	 4.79e-01 Rejected	 185	 223	
87	 6.2014832e-01	 +4.2808346e-03 -1.3398793e-03	 1.00e+00 Accepted	 185	 223	
88	 6.2014832e-01	 +4.2808346e-03 -1.3398793e-03	 6.97e-01 Rejected	 186	 223	
89	 6.2009245e-01	 +2.6069287e-03 -1.8395572e-03	 1.23e+00 Accepted	 185	 225	
90	 6.1991858e-01	 +6.0265713e-03 -2.5182344e-03	 6.79e-01 Accepted	 189	 223	
91	 6.1984045e-01	 +3.7692582e-03 -1.2064889e-03	 1.04e+00 Accepted	 185	 224	
92	 6.1991052e-01	 +6.7002480e-03 -1.0529061e-03	 1.21e+00 Accepted	 186	 227	
93	 6.2010432e-01	 +4.1546798e-03 -3.0468100e-03	 1.42e+00 Accepted	 187	 223	
94	 6.1993830e-01	 +5.3014590e-03 -1.8166435e-04	 9.11e-01 Accepted	 186	 223	
95	 6.1993830e-01	 +5.3014590e-03 -1.8166435e-04	 7.10e-01 Rejected	 186	 224	
96	 6.1988334e-01	 +3.2592121e-03 -1.1989946e-03	 1.20e+00 Accepted	 187	 225	
97	 6.1993302e-01	 +2.7347374e-03 -2.3041325e-03	 1.34e+00 Accepted	 186	 224	
98	 6.1987538e-01	 +3.8815301e-03 -2.9541615e-03	 7.31e-01 Accepted	 186	 224	
99	 6.1996254e-01	 +4.6764672e-03 -1.5334605e-03	 9.93e-01 Accepted	 185	 223	
100	 6.2007537e-01	 +6.3595236e-03 -1.7250357e-03	 1.56e+00 Accepted	 186	 223	
101	 6.2011931e-01	 +3.1231610e-03 -1.2411412e-03	 1.37e+00 Accepted	 185	 224	
102	 6.2013576e-01	 +4.3264851e-03 -3.6681518e-03	 1.26e+00 Accepted	 186	 224	
103	 6.2019414e-01	 +5.5574722e-03 -1.7792420e-03	 1.39e+00 Accepted	 185	 223	
104	 6.2006856e-01	 +5.7705622e-03 -1.6963173e-03	 6.38e-01 Accepted	 185	 224	
105	 6.2010602e-01	 +8.0317332e-03 -6.4083524e-04	 1.02e+00 Accepted	 185	 224	
106	 6.2025634e-01	 +3.9121257e-03 -1.3794931e-03	 8.65e-01 Accepted	 186	 224	
107	 6.2029953e-01	 +7.4688274e-03 -9.1001487e-04	 8.89e-01 Accepted	 185	 224	
108	 6.2039418e-01	 +6.4699501e-03 -1.7464114e-03	 1.22e+00 Accepted	 186	 224	
109	 6.2021119e-01	 +5.9796390e-03 -8.8680017e-04	 7.91e-01 Accepted	 185	 224	
110	 6.2036294e-01	 +5.4795387e-03 -2.1045336e-04	 1.13e+00 Accepted	 185	 224	
111	 6.2030355e-01	 +6.2044196e-03 -3.8345592e-04	 1.23e+00 Accepted	 187	 224	
112	 6.2023042e-01	 +8.3634755e-03 -1.9675325e-03	 8.78e-01 Accepted	 186	 224	
113	 6.2023042e-01	 +8.3634755e-03 -1.9675325e-03	 5.78e-01 Rejected	 186	 225	
114	 6.2019789e-01	 +3.8856595e-03 -2.8949134e-03	 1.19e+00 Accepted	 185	 224	
115	 6.1987301e-01	 +6.7286152e-03 -3.0405139e-03	 8.61e-01 Accepted	 186	 224	
116	 6.2001797e-01	 +5.5525886e-03 -1.7838045e-03	 1.18e+00 Accepted	 186	 224	
117	 6.2008350e-01	 +5.7929832e-03 -7.2325762e-04	 1.08e+00 Accepted	 185	 224	
118	 6.2019101e-01	 +7.3882694e-03 -4.9732476e-03	 9.28e-01 Accepted	 186	 223	
119	 6.2008514e-01	 +6.5629942e-03 -2.1493856e-03	 7.41e-01 Accepted	 186	 224	
120	 6.2014160e-01	 +9.2260905e-03 -1.9239880e-03	 8.45e-01 Accepted	 185	 224	
121	 6.1989976e-01	 +1.1011466e-02 -2.7529222e-03	 1.11e+00 Accepted	 185	 224	
122	 6.2010846e-01	 +7.9609653e-03 -3.2679488e-03	 9.98e-01 Accepted	 186	 224	
123	 6.2009401e-01	 +6.5871621e-03 +4.7663253e-06	 9.27e-01 Accepted	 186	 232	
124	 6.2013714e-01	 +6.3857706e-03 -1.1320986e-03	 1.35e+00 Accepted	 188	 224	
125	 6.2013714e-01	 +6.3857706e-03 -1.1320986e-03	 8.65e-01 Rejected	 186	 227	
126	 6.2024518e-01	 +7.1002396e-03 -2.0992857e-03	 1.10e+00 Accepted	 186	 227	
127	 6.2032920e-01	 +4.7313675e-03 -2.0919878e-03	 9.87e-01 Accepted	 195	 282	
128	 6.2029870e-01	 +6.6927153e-03 -1.9403179e-03	 9.00e-01 Accepted	 217	 288	
129	 6.2038215e-01	 +6.6365494e-03 -6.5884626e-03	 1.07e+00 Accepted	 207	 224	
130	 6.2038215e-01	 +6.6365494e-03 -6.5884626e-03	 5.93e-01 Rejected	 185	 224	
131	 6.2062608e-01	 +8.8808790e-03 -1.9428914e-03	 1.53e+00 Accepted	 185	 224	
132	 6.2043750e-01	 +8.0618597e-03 -3.4165113e-03	 6.25e-01 Accepted	 186	 224	
133	 6.2053279e-01	 +8.5630627e-03 -2.0850574e-03	 1.00e+00 Accepted	 185	 224	
134	 6.2030428e-01	 +8.1626937e-03 -3.3768743e-03	 1.31e+00 Accepted	 185	 223	
135	 6.2028069e-01	 +7.9930753e-03 -1.9642790e-03	 1.01e+00 Accepted	 186	 228	
136	 6.2007060e-01	 +7.1870121e-03 -1.6967889e-03	 5.12e-01 Accepted	 190	 224	
137	 6.1996574e-01	 +7.7489732e-03 -2.0822747e-03	 5.63e-01 Accepted	 185	 224	
138	 6.1989080e-01	 +6.6765291e-03 -1.2275917e-03	 9.07e-01 Accepted	 186	 224	
139	 6.1989080e-01	 +6.6765291e-03 -1.2275917e-03	 9.32e-01 Rejected	 185	 224	
140	 6.1986224e-01	 +6.7120864e-03 -4.3022314e-03	 8.76e-01 Accepted	 186	 224	
141	 6.1991414e-01	 +8.1531110e-03 -2.0966198e-03	 1.43e+00 Accepted	 186	 224	
142	 6.1996922e-01	 +8.2129044e-03 -1.4012108e-03	 1.09e+00 Accepted	 186	 224	
143	 6.2006825e-01	 +6.9588806e-03 -5.5588042e-03	 9.64e-01 Accepted	 185	 223	
144	 6.2005554e-01	 +8.2748556e-03 -3.5062767e-03	 1.09e+00 Accepted	 186	 224	
145	 6.2007943e-01	 +6.8493521e-03 -3.0803110e-03	 8.63e-01 Accepted	 185	 223	
146	 6.2027941e-01	 +5.7947481e-03 -3.6106427e-03	 1.15e+00 Accepted	 185	 224	
147	 6.2031028e-01	 +8.1047636e-03 -2.4446882e-03	 1.01e+00 Accepted	 185	 224	
148	 6.2046315e-01	 +5.2955077e-03 -1.5540812e-03	 1.19e+00 Accepted	 185	 224	
149	 6.2010745e-01	 +4.8046113e-03 -2.2283775e-03	 4.69e-01 Accepted	 185	 224	
150	 6.2012438e-01	 +5.6564696e-03 +4.0541569e-04	 9.58e-01 Accepted	 186	 224	
151	 6.2040457e-01	 +5.3042336e-03 -3.4136904e-03	 8.36e-01 Accepted	 186	 224	
152	 6.2021679e-01	 +5.4948290e-03 -1.7114101e-03	 5.13e-01 Accepted	 185	 224	
153	 6.2013135e-01	 +3.1685286e-03 -4.5040993e-03	 1.09e+00 Accepted	 185	 228	
154	 6.2013135e-01	 +3.1685286e-03 -4.5040993e-03	 6.60e-01 Rejected	 188	 224	
155	 6.2013135e-01	 +3.1685286e-03 -4.5040993e-03	 7.05e-01 Rejected	 187	 228	
156	 6.2014399e-01	 +4.7887300e-03 -8.8080293e-06	 5.21e-01 Accepted	 187	 224	
157	 6.2014399e-01	 +4.7887300e-03 -8.8080293e-06	 6.93e-01 Rejected	 185	 224	
158	 6.2000624e-01	 +3.7224272e-03 -1.5555626e-03	 1.07e+00 Accepted	 187	 224	
159	 6.2034168e-01	 +6.0414445e-03 -3.5454378e-03	 2.11e+00 Accepted	 185	 225	
160	 6.2021264e-01	 +7.3650024e-03 -2.2193613e-03	 1.08e+00 Accepted	 186	 224	
161	 6.2024497e-01	 +7.3615466e-03 -4.5801026e-03	 1.46e+00 Accepted	 185	 224	
162	 6.2037217e-01	 +1.0045933e-02 -1.7919203e-03	 1.47e+00 Accepted	 185	 224	
163	 6.2049332e-01	 +8.9608629e-03 -2.7534051e-05	 7.50e-01 Accepted	 185	 224	
164	 6.2029930e-01	 +8.3566443e-03 -8.6130609e-04	 1.42e+00 Accepted	 186	 224	
165	 6.2017163e-01	 +7.2024392e-03 -2.6657458e-03	 8.66e-01 Accepted	 185	 224	
166	 6.2017163e-01	 +7.2024392e-03 -2.6657458e-03	 8.21e-01 Rejected	 187	 224	
167	 6.2037497e-01	 +7.7220469e-03 -1.0470440e-03	 1.47e+00 Accepted	 185	 224	
168	 6.2052196e-01	 +8.5709830e-03 -3.9795804e-03	 1.12e+00 Accepted	 186	 224	
169	 6.2040730e-01	 +7.4183762e-03 -3.1059830e-03	 8.98e-01 Accepted	 185	 224	
170	 6.2040730e-01	 +7.4183762e-03 -3.1059830e-03	 8.12e-01 Rejected	 186	 224	
171	 6.2021338e-01	 +8.6153850e-03 -3.1745305e-03	 7.24e-01 Accepted	 186	 224	
172	 6.2019741e-01	 +7.3051495e-03 -3.2735264e-03	 6.39e-01 Accepted	 185	 224	
173	 6.2009348e-01	 +8.4913129e-03 -1.0912362e-03	 1.02e+00 Accepted	 185	 224	
174	 6.2017483e-01	 +7.1446873e-03 -3.2400055e-03	 1.36e+00 Accepted	 185	 224	
175	 6.2020219e-01	 +7.9311654e-03 -2.9062660e-03	 9.69e-01 Accepted	 185	 223	
176	 6.2026442e-01	 +9.3384552e-03 -2.9997396e-03	 9.57e-01 Accepted	 186	 224	
177	 6.2019313e-01	 +8.9783487e-03 -1.8946876e-03	 9.24e-01 Accepted	 185	 224	
178	 6.2032210e-01	 +1.0846644e-02 -1.2917854e-03	 1.36e+00 Accepted	 186	 224	
179	 6.2035716e-01	 +7.0141887e-03 -1.7922776e-03	 1.16e+00 Accepted	 185	 224	
180	 6.2009903e-01	 +8.4115462e-03 -2.2356815e-03	 7.60e-01 Accepted	 187	 224	
181	 6.2003976e-01	 +9.0750092e-03 -3.5299696e-03	 9.93e-01 Accepted	 186	 224	
182	 6.2025863e-01	 +1.1623279e-02 -2.5149314e-03	 1.20e+00 Accepted	 186	 224	
183	 6.2031207e-01	 +8.9982652e-03 -3.1552197e-03	 8.64e-01 Accepted	 185	 224	
184	 6.2023933e-01	 +1.0732976e-02 -3.5097517e-03	 6.07e-01 Accepted	 185	 224	
185	 6.2030470e-01	 +9.8332948e-03 -4.6826781e-03	 9.48e-01 Accepted	 186	 224	
186	 6.2009753e-01	 +1.1785855e-02 -1.1178476e-03	 7.83e-01 Accepted	 185	 224	
187	 6.2000720e-01	 +1.2006227e-02 -1.1000014e-03	 9.75e-01 Accepted	 185	 224	
188	 6.2018812e-01	 +1.2416624e-02 -2.0159831e-03	 1.15e+00 Accepted	 185	 224	
189	 6.2014773e-01	 +1.3002645e-02 -3.2080929e-03	 9.04e-01 Accepted	 186	 224	
190	 6.2014773e-01	 +1.3002645e-02 -3.2080929e-03	 4.79e-01 Rejected	 186	 224	
191	 6.2014773e-01	 +1.3002645e-02 -3.2080929e-03	 8.48e-01 Rejected	 185	 224	
192	 6.2009988e-01	 +1.2389995e-02 -2.8510948e-03	 6.42e-01 Accepted	 185	 224	
193	 6.2000310e-01	 +1.1363938e-02 -1.8629833e-03	 1.13e+00 Accepted	 185	 224	
194	 6.1997971e-01	 +1.0272498e-02 -6.1705828e-03	 8.16e-01 Accepted	 186	 228	
195	 6.2016809e-01	 +1.2392443e-02 -3.9622251e-03	 1.16e+00 Accepted	 188	 223	
196	 6.2008050e-01	 +1.4593183e-02 -1.7768596e-03	 1.09e+00 Accepted	 186	 224	
197	 6.2004806e-01	 +1.4857401e-02 -3.0432181e-03	 1.23e+00 Accepted	 185	 223	
198	 6.2004527e-01	 +1.5569988e-02 -4.1665262e-03	 8.13e-01 Accepted	 185	 223	
199	 6.2019297e-01	 +1.4793654e-02 -4.4648933e-03	 1.11e+00 Accepted	 185	 224	
# Starting_type: CheckpointStart
# Trajectory_length / Number_of_MD_steps: 1 / 8
# 	 Plaquette	 Polyakov_Loop(re,im)	 Acc._Probability	 runtime_per_traj(s)	 CG_iterations	
199	 6.2019297e-01	 +1.4793654e-02 -4.4648933e-03	 1.11e+00 Accepted	 187	 224	
200	 6.2016586e-01	 +1.4618316e-02 -3.9993115e-03	 9.00e-01 Accepted	 185	 223	
201	 6.2018957e-01	 +1.5148568e-02 -4.4236508e-03	 5.74e-01 Accepted	 185	 224	
202	 6.2027309e-01	 +1.6002704e-02 -5.0771274e-03	 1.30e+00 Accepted	 187	 223	
203	 6.2035616e-01	 +1.4908684e-02 -2.5724756e-03	 1.31e+00 Accepted	 185	 223	
204	 6.2033663e-01	 +1.4414906e-02 -3.8874691e-03	 1.07e+00 Accepted	 185	 224	
205	 6.2028922e-01	 +1.4101803e-02 -4.2393941e-03	 1.30e+00 Accepted	 185	 228	
206	 6.2028922e-01	 +1.4101803e-02 -4.2393941e-03	 6.83e-01 Rejected	 202	 291	
207	 6.2032117e-01	 +1.4045895e-02 -3.9314400e-03	 1.12e+00 Accepted	 186	 230	
208	 6.2032117e-01	 +1.4045895e-02 -3.9314400e-03	 6.44e-01 Rejected	 200	 280	
209	 6.2026535e-01	 +1.2600896e-02 -4.2448448e-03	 1.01e+00 Accepted	 186	 224	
210	 6.2024089e-01	 +1.2851369e-02 -4.8047732e-03	 9.79e-01 Accepted	 186	 224	
211	 6.2024089e-01	 +1.2851369e-02 -4.8047732e-03	 4.49e-01 Rejected	 185	 224	
212	 6.2023441e-01	 +1.3605043e-02 -5.4066718e-04	 9.43e-01 Accepted	 185	 224	
213	 6.2024676e-01	 +1.2291600e-02 -8.8055820e-04	 9.43e-01 Accepted	 185	 224	
214	 6.2028570e-01	 +1.4072104e-02 -1.9171988e-04	 1.12e+00 Accepted	 185	 224	
215	 6.2027493e-01	 +1.2642340e-02 -3.2921552e-03	 1.03e+00 Accepted	 185	 224	
216	 6.2035075e-01	 +1.1809401e-02 -1.7507092e-03	 1.14e+00 Accepted	 185	 224	
217	 6.2053264e-01	 +1.2666510e-02 -2.1393111e-03	 9.50e-01 Accepted	 185	 225	
218	 6.2048114e-01	 +1.3385981e-02 -5.5876716e-03	 9.10e-01 Accepted	 199	 273	
219	 6.2043516e-01	 +1.4999634e-02 -4.1450971e-03	 1.01e+00 Accepted	 203	 223	
220	 6.2052797e-01	 +1.6877196e-02 -3.0498871e-03	 1.10e+00 Accepted	 185	 223	
221	 6.2051496e-01	 +1.6045505e-02 -3.5718702e-03	 7.66e-01 Accepted	 185	 223	
222	 6.2040775e-01	 +1.4625872e-02 -2.8708352e-03	 9.25e-01 Accepted	 186	 223	
223	 6.2055511e-01	 +1.3885123e-02 -4.2369547e-03	 1.87e+00 Accepted	 185	 224	
224	 6.2055511e-01	 +1.3885123e-02 -4.2369547e-03	 8.11e-01 Rejected	 187	 228	
225	 6.2021167e-01	 +1.2903194e-02 -3.0353593e-03	 6.85e-01 Accepted	 185	 223	
226	 6.2021167e-01	 +1.2903194e-02 -3.0353593e-03	 8.30e-01 Rejected	 185	 223	
227	 6.2017253e-01	 +1.3012510e-02 -2.8742832e-03	 9.17e-01 Accepted	 185	 224	
228	 6.1998825e-01	 +1.3848086e-02 -1.3973668e-03	 8.30e-01 Accepted	 187	 223	
229	 6.2012354e-01	 +1.4096861e-02 -3.5437267e-03	 1.61e+00 Accepted	 184	 223	
230	 6.2006611e-01	 +1.6832437e-02 -3.7271835e-03	 8.18e-01 Accepted	 185	 223	
231	 6.2024874e-01	 +1.3637313e-02 -1.3081666e-03	 1.50e+00 Accepted	 185	 224	
232	 6.2016611e-01	 +1.2662615e-02 -4.1717256e-03	 7.21e-01 Accepted	 186	 223	
233	 6.2007697e-01	 +1.2123887e-02 -3.8788072e-03	 8.15e-01 Accepted	 184	 229	
234	 6.2020886e-01	 +1.6060103e-02 -5.1563955e-03	 1.16e+00 Accepted	 187	 223	
235	 6.2027385e-01	 +1.4866409e-02 -4.1412217e-03	 9.01e-01 Accepted	 186	 248	
236	 6.2027714e-01	 +1.4890790e-02 -5.1799814e-03	 1.41e+00 Accepted	 191	 223	
237	 6.2028284e-01	 +1.3942702e-02 -2.5897102e-03	 1.19e+00 Accepted	 185	 223	
238	 6.2029206e-01	 +1.3617661e-02 -5.0844323e-03	 1.27e+00 Accepted	 185	 224	
239	 6.2039613e-01	 +1.4450939e-02 -5.3494027e-03	 1.19e+00 Accepted	 185	 231	
240	 6.2040395e-01	 +1.1534324e-02 -2.9702446e-03	 1.13e+00 Accepted	 189	 224	
241	 6.2053632e-01	 +1.4497544e-02 -4.6472485e-03	 1.21e+00 Accepted	 185	 224	
242	 6.2043186e-01	 +1.4152522e-02 -3.5642060e-03	 9.71e-01 Accepted	 185	 224	
243	 6.2041685e-01	 +1.4570624e-02 -2.9634627e-03	 8.66e-01 Accepted	 185	 224	
244	 6.2024953e-01	 +1.2500739e-02 -6.4219229e-04	 9.79e-01 Accepted	 186	 224	
245	 6.2025694e-01	 +1.2797369e-02 -2.6814602e-03	 1.36e+00 Accepted	 184	 223	
246	 6.2037680e-01	 +1.1802851e-02 -2.3908032e-03	 1.26e+00 Accepted	 185	 223	
247	 6.2037680e-01	 +1.1802851e-02 -2.3908032e-03	 5.53e-01 Rejected	 184	 223	
248	 6.2063403e-01	 +1.3196249e-02 -3.6447961e-03	 1.79e+00 Accepted	 188	 224	
249	 6.2063403e-01	 +1.3196249e-02 -3.6447961e-03	 7.32e-01 Rejected	 185	 223	
250	 6.2035562e-01	 +1.0893170e-02 -3.8518146e-03	 6.49e-01 Accepted	 184	 223	
251	 6.2033324e-01	 +1.1492259e-02 -3.3664842e-03	 1.04e+00 Accepted	 184	 224	
252	 6.2033324e-01	 +1.1492259e-02 -3.3664842e-03	 4.48e-01 Rejected	 185	 223	
253	 6.2033324e-01	 +1.1492259e-02 -3.3664842e-03	 5.63e-01 Rejected	 185	 224	
254	 6.2022298e-01	 +1.0716414e-02 -1.7851092e-03	 5.54e-01 Accepted	 185	 224	
255	 6.2026647e-01	 +1.1298578e-02 -5.5917094e-03	 1.30e+00 Accepted	 186	 228	
256	 6.2017191e-01	 +1.1673235e-02 -5.1261807e-03	 8.85e-01 Accepted	 189	 227	
257	 6.2023555e-01	 +1.0135003e-02 -4.3768377e-03	 9.94e-01 Accepted	 186	 223	
258	 6.2022849e-01	 +1.1265143e-02 -3.4349500e-03	 9.52e-01 Accepted	 185	 223	
259	 6.2048665e-01	 +9.9581048e-03 -3.5887443e-03	 1.34e+00 Accepted	 184	 223	
260	 6.2055574e-01	 +1.0774268e-02 -4.3058613e-03	 1.02e+00 Accepted	 185	 224	
261	 6.2062123e-01	 +9.9233317e-03 -2.9461801e-03	 9.24e-01 Accepted	 185	 224	
262	 6.2040047e-01	 +1.1115546e-02 -5.3087858e-03	 8.98e-01 Accepted	 186	 237	
263	 6.2039232e-01	 +1.2313089e-02 -3.3581043e-03	 8.06e-01 Accepted	 190	 223	
264	 6.2051903e-01	 +1.0999722e-02 -4.4916823e-03	 9.17e-01 Accepted	 186	 224	
265	 6.2044545e-01	 +1.1725819e-02 -4.1877226e-03	 6.82e-01 Accepted	 185	 224	
266	 6.2040069e-01	 +1.0846189e-02 -6.7761705e-03	 1.23e+00 Accepted	 185	 223	
267	 6.2040069e-01	 +1.0846189e-02 -6.7761705e-03	 6.71e-01 Rejected	 185	 225	
268	 6.2040069e-01	 +1.0846189e-02 -6.7761705e-03	 6.51e-01 Rejected	 185	 226	
269	 6.2043098e-01	 +9.7527381e-03 -4.4056792e-03	 9.59e-01 Accepted	 184	 224	
270	 6.2057753e-01	 +1.2293271e-02 -4.2669349e-03	 1.27e+00 Accepted	 185	 224	
271	 6.2046805e-01	 +1.0037844e-02 -6.2874578e-03	 7.76e-01 Accepted	 185	 224	
272	 6.2026743e-01	 +1.0823928e-02 -4.3268340e-03	 6.16e-01 Accepted	 186	 223	
273	 6.2037015e-01	 +1.1330591e-02 -6.8801740e-03	 1.14e+00 Accepted	 185	 224	
274	 6.2044487e-01	 +1.0385048e-02 -6.8720514e-03	 1.20e+00 Accepted	 185	 224	
275	 6.2009486e-01	 +9.8895704e-03 -6.0987767e-03	 7.29e-01 Accepted	 185	 224	
276	 6.1998198e-01	 +1.0983319e-02 -6.8665592e-03	 1.24e+00 Accepted	 186	 224	
277	 6.2007814e-01	 +1.0551249e-02 -8.2899643e-03	 8.24e-01 Accepted	 185	 223	
278	 6.2017576e-01	 +1.2219981e-02 -4.3932371e-03	 8.22e-01 Accepted	 186	 224	
279	 6.1995939e-01	 +1.1156045e-02 -4.2387873e-03	 7.16e-01 Accepted	 184	 224	
280	 6.2025132e-01	 +1.1299323e-02 -6.9273514e-04	 1.02e+00 Accepted	 185	 223	
281	 6.2016397e-01	 +1.1009804e-02 -3.2333350e-03	 1.49e+00 Accepted	 185	 223	
282	 6.2022898e-01	 +8.9589987e-03 -2.8070878e-03	 1.21e+00 Accepted	 185	 224	
283	 6.2028666e-01	 +1.1689295e-02 -5.9023063e-03	 8.38e-01 Accepted	 184	 224	
284	 6.2029314e-01	 +1.0909046e-02 -4.5054219e-03	 1.14e+00 Accepted	 186	 224	
285	 6.2044287e-01	 +8.3962135e-03 -7.2251002e-03	 1.32e+00 Accepted	 185	 224	
286	 6.2036080e-01	 +9.9708764e-03 -4.9985196e-03	 6.69e-01 Accepted	 185	 223	
287	 6.2048186e-01	 +9.3916763e-03 -9.9012040e-03	 1.17e+00 Accepted	 185	 224	
288	 6.2052036e-01	 +9.5087283e-03 -8.4697350e-03	 1.37e+00 Accepted	 185	 224	
289	 6.2038122e-01	 +1.2980617e-02 -7.9118769e-03	 9.49e-01 Accepted	 185	 224	
290	 6.2033355e-01	 +1.1716182e-02 -7.6005635e-03	 6.52e-01 Accepted	 185	 223	
291	 6.2020155e-01	 +1.0846951e-02 -7.1389593e-03	 8.01e-01 Accepted	 185	 223	
292	 6.2011202e-01	 +1.1867448e-02 -6.1164573e-03	 9.58e-01 Accepted	 187	 238	
293	 6.2016435e-01	 +1.3987926e-02 -6.0031888e-03	 1.39e+00 Accepted	 192	 224	
294	 6.2041395e-01	 +1.2365286e-02 -5.8877239e-03	 1.70e+00 Accepted	 188	 224	
295	 6.2043508e-01	 +1.0057651e-02 -5.0597116e-03	 7.93e-01 Accepted	 185	 224	
296	 6.2025290e-01	 +1.0776283e-02 -5.8748717e-03	 7.05e-01 Accepted	 185	 223	
297	 6.2021471e-01	 +1.0292315e-02 -3.3111745e-03	 1.16e+00 Accepted	 185	 223	
298	 6.2019963e-01	 +1.1453759e-02 -5.6214210e-03	 1.23e+00 Accepted	 185	 224	
299	 6.2043685e-01	 +1.0566617e-02 -3.1175862e-03	 1.72e+00 Accepted	 185	 224	
300	 6.2023634e-01	 +1.2133097e-02 -5.3146851e-03	 1.03e+00 Accepted	 185	 223	
301	 6.2023634e-01	 +1.2133097e-02 -5.3146851e-03	 7.99e-01 Rejected	 185	 223	
302	 6.2027254e-01	 +1.1323203e-02 -5.1902691e-03	 8.87e-01 Accepted	 186	 224	
303	 6.2021747e-01	 +1.1933702e-02 -5.5126585e-03	 7.55e-01 Accepted	 185	 224	
304	 6.2023860e-01	 +1.1299275e-02 -4.9869137e-03	 8.81e-01 Accepted	 186	 224	
305	 6.2022927e-01	 +1.0304204e-02 -4.6408992e-03	 1.39e+00 Accepted	 185	 229	
306	 6.2019998e-01	 +1.2648403e-02 -4.7971039e-03	 1.02e+00 Accepted	 187	 223	
307	 6.2024331e-01	 +1.2513438e-02 -4.4578836e-03	 8.65e-01 Accepted	 185	 223	
308	 6.2020043e-01	 +1.2218085e-02 -4.8989481e-03	 8.80e-01 Accepted	 185	 223	
309	 6.2016395e-01	 +1.2305935e-02 -3.6202071e-03	 1.15e+00 Accepted	 185	 224	
310	 6.2016529e-01	 +1.1999661e-02 -5.4089078e-03	 6.21e-01 Accepted	 186	 223	
311	 6.1996666e-01	 +1.2395610e-02 -5.8681457e-03	 1.12e+00 Accepted	 186	 224	
312	 6.2010928e-01	 +1.1985052e-02 -3.4189372e-03	 1.43e+00 Accepted	 186	 224	
313	 6.2021376e-01	 +1.3341600e-02 -4.2279963e-03	 9.38e-01 Accepted	 185	 224	
314	 6.2030494e-01	 +1.4148911e-02 -5.2411136e-03	 1.01e+00 Accepted	 185	 224	
315	 6.2033326e-01	 +1.3898796e-02 -3.9893505e-03	 9.87e-01 Accepted	 185	 224	
316	 6.2025259e-01	 +1.2950547e-02 -5.8277765e-03	 7.16e-01 Accepted	 185	 223	
317	 6.2012302e-01	 +1.3508280e-02 -5.6092539e-03	 6.81e-01 Accepted	 186	 224	
318	 6.2020907e-01	 +1.3465929e-02 -3.3664932e-03	 1.16e+00 Accepted	 186	 224	
319	 6.2016319e-01	 +1.3922510e-02 -2.2759424e-03	 1.32e+00 Accepted	 185	 223	
320	 6.2032528e-01	 +1.1986291e-02 -4.8964110e-03	 1.11e+00 Accepted	 185	 224	
321	 6.2066296e-01	 +1.4149916e-02 -4.2907416e-03	 1.28e+00 Accepted	 186	 224	
322	 6.2043928e-01	 +1.1290681e-02 -3.8103851e-03	 6.78e-01 Accepted	 186	 236	
323	 6.2031806e-01	 +1.2066292e-02 -3.4493997e-03	 1.10e+00 Accepted	 189	 224	
324	 6.2042217e-01	 +1.1705277e-02 -5.3723328e-03	 8.80e-01 Accepted	 186	 230	
325	 6.2046207e-01	 +9.9092409e-03 -3.5171412e-03	 9.72e-01 Accepted	 192	 224	
326	 6.2030323e-01	 +8.4038085e-03 -4.3548180e-03	 6.91e-01 Accepted	 185	 224	
327	 6.2006790e-01	 +1.0531371e-02 -5.5135806e-03	 8.53e-01 Accepted	 185	 224	
328	 6.2014832e-01	 +1.2626256e-02 -5.5550740e-03	 1.06e+00 Accepted	 185	 223	
329	 6.2024920e-01	 +1.3544425e-02 -2.5645116e-03	 9.91e-01 Accepted	 184	 224	
330	 6.2030064e-01	 +1.1446270e-02 -2.4861371e-03	 1.04e+00 Accepted	 185	 224	
331	 6.2030064e-01	 +1.1446270e-02 -2.4861371e-03	 7.51e-01 Rejected	 184	 223	
332	 6.2030064e-01	 +1.1446270e-02 -2.4861371e-03	 8.96e-01 Rejected	 185	 223	
333	 6.2031569e-01	 +1.4611094e-02 -5.4027930e-03	 1.25e+00 Accepted	 185	 224	
334	 6.2038278e-01	 +1.3740233e-02 -5.5215162e-03	 7.25e-01 Accepted	 185	 224	
335	 6.2039154e-01	 +1.6098042e-02 -3.1840562e-03	 8.57e-01 Accepted	 184	 224	
336	 6.2031458e-01	 +1.4198105e-02 -4.7530636e-03	 1.00e+00 Accepted	 185	 224	
337	 6.2022159e-01	 +1.0787462e-02 -2.9888588e-03	 6.59e-01 Accepted	 185	 224	
338	 6.2034360e-01	 +1.1396155e-02 -2.7903619e-03	 9.48e-01 Accepted	 185	 223	
339	 6.2038735e-01	 +1.0876027e-02 -3.0775220e-03	 1.14e+00 Accepted	 185	 224	
340	 6.2002003e-01	 +1.0405444e-02 -1.5614423e-03	 6.63e-01 Accepted	 186	 224	
341	 6.2009018e-01	 +1.2030297e-02 -4.1079770e-03	 7.42e-01 Accepted	 185	 225	
342	 6.2004993e-01	 +1.2088550e-02 -4.2943585e-03	 7.50e-01 Accepted	 185	 224	
343	 6.2011178e-01	 +1.1993269e-02 -5.4387904e-03	 1.38e+00 Accepted	 185	 224	
344	 6.2018152e-01	 +1.3980891e-02 -5.3351219e-03	 8.34e-01 Accepted	 186	 223	
345	 6.2018152e-01	 +1.3980891e-02 -5.3351219e-03	 9.91e-01 Rejected	 186	 223	
346	 6.2034180e-01	 +1.4150960e-02 -2.5869724e-03	 1.28e+00 Accepted	 186	 224	
347	 6.2020652e-01	 +1.5793952e-02 -1.3384642e-03	 9.88e-01 Accepted	 184	 223	
348	 6.2020652e-01	 +1.5793952e-02 -1.3384642e-03	 6.61e-01 Rejected	 185	 223	
349	 6.2038658e-01	 +1.5305641e-02 -2.9762677e-03	 1.26e+00 Accepted	 184	 223	
350	 6.2034340e-01	 +1.8010202e-02 -3.6028638e-03	 1.08e+00 Accepted	 185	 223	
351	 6.2036051e-01	 +1.6350063e-02 -1.7074346e-03	 1.14e+00 Accepted	 184	 224	
352	 6.2039816e-01	 +1.5715372e-02 -3.6016378e-03	 8.86e-01 Accepted	 185	 224	
353	 6.2033349e-01	 +1.6758195e-02 -1.3717451e-03	 1.13e+00 Accepted	 184	 224	
354	 6.2030670e-01	 +1.8699235e-02 -5.2888491e-04	 9.76e-01 Accepted	 185	 224	
355	 6.2010436e-01	 +1.6818515e-02 -1.9214121e-03	 8.08e-01 Accepted	 184	 223	
356	 6.2030716e-01	 +1.6982326e-02 -1.5475636e-03	 1.46e+00 Accepted	 186	 224	
357	 6.2030716e-01	 +1.6982326e-02 -1.5475636e-03	 4.95e-01 Rejected	 184	 223	
358	 6.2031499e-01	 +1.7185511e-02 +3.0690275e-05	 1.02e+00 Accepted	 185	 223	
359	 6.2041309e-01	 +1.5899282e-02 +2.6018968e-04	 1.19e+00 Accepted	 184	 223	
360	 6.2046062e-01	 +1.5831898e-02 +5.5777253e-04	 1.55e+00 Accepted	 185	 223	
361	 6.2039465e-01	 +1.6466410e-02 -1.2799869e-03	 1.07e+00 Accepted	 184	 223	
362	 6.2031338e-01	 +1.8042112e-02 -2.9792401e-03	 8.64e-01 Accepted	 185	 223	
363	 6.2017440e-01	 +2.0626060e-02 -2.1293546e-03	 1.02e+00 Accepted	 184	 223	
364	 6.2004391e-01	 +2.0008120e-02 -3.6704335e-03	 6.34e-01 Accepted	 184	 223	
365	 6.2030133e-01	 +1.8457597e-02 -3.3365505e-03	 1.15e+00 Accepted	 184	 223	
366	 6.2052892e-01	 +1.7463967e-02 -2.9878564e-03	 1.65e+00 Accepted	 185	 223	
367	 6.2060432e-01	 +2.0732197e-02 -1.2537789e-03	 1.20e+00 Accepted	 185	 223	
368	 6.2037451e-01	 +1.9659377e-02 -2.4161188e-03	 6.95e-01 Accepted	 186	 223	
369	 6.2041880e-01	 +1.8450477e-02 -3.4296292e-03	 9.61e-01 Accepted	 185	 223	
370	 6.2048192e-01	 +1.8473570e-02 -2.5551078e-03	 1.03e+00 Accepted	 185	 224	
371	 6.2041328e-01	 +1.5546948e-02 -2.4761046e-03	 1.03e+00 Accepted	 185	 243	
372	 6.2046237e-01	 +1.6992255e-02 -2.0831421e-03	 1.49e+00 Accepted	 190	 223	
373	 6.2046237e-01	 +1.6992255e-02 -2.0831421e-03	 7.24e-01 Rejected	 184	 223	
374	 6.2047895e-01	 +1.8847181e-02 -2.2070658e-03	 1.12e+00 Accepted	 185	 223	
375	 6.2038168e-01	 +2.0485716e-02 -2.0263161e-03	 9.22e-01 Accepted	 185	 224	
376	 6.2045346e-01	 +1.8155284e-02 -3.2542056e-03	 9.94e-01 Accepted	 185	 223	
377	 6.2023082e-01	 +1.7701826e-02 -1.5454685e-03	 7.73e-01 Accepted	 184	 223	
378	 6.2016280e-01	 +1.8087294e-02 -2.4011603e-03	 1.37e+00 Accepted	 185	 223	
379	 6.2002410e-01	 +1.9143091e-02 -3.4417107e-03	 9.85e-01 Accepted	 185	 223	
380	 6.2012827e-01	 +1.9599110e-02 -5.1030948e-03	 1.29e+00 Accepted	 185	 223	
381	 6.2020692e-01	 +1.6345850e-02 -3.8533387e-03	 1.18e+00 Accepted	 185	 223	
382	 6.1999142e-01	 +1.8521327e-02 -4.4232325e-03	 7.75e-01 Accepted	 185	 223	
383	 6.2030475e-01	 +1.7414051e-02 -5.8142002e-03	 1.58e+00 Accepted	 184	 223	
384	 6.2051591e-01	 +2.0036259e-02 -6.3265106e-03	 1.34e+00 Accepted	 185	 223	
385	 6.2024800e-01	 +2.0518955e-02 -2.9859263e-03	 8.77e-01 Accepted	 186	 224	
386	 6.2024829e-01	 +1.8801006e-02 -1.0221661e-03	 1.35e+00 Accepted	 185	 223	
387	 6.2024829e-01	 +1.8801006e-02 -1.0221661e-03	 7.63e-01 Rejected	 184	 223	
388	 6.2034474e-01	 +1.9160204e-02 -3.4824690e-03	 9.53e-01 Accepted	 185	 223	
389	 6.2035048e-01	 +1.9344191e-02 -3.4632067e-03	 1.04e+00 Accepted	 184	 224	
390	 6.2040826e-01	 +2.0904645e-02 -5.4530563e-03	 8.83e-01 Accepted	 186	 224	
391	 6.2032303e-01	 +2.1832507e-02 -4.4727324e-03	 7.88e-01 Accepted	 184	 223	
392	 6.2021139e-01	 +2.0081162e-02 -1.7524030e-03	 9.60e-01 Accepted	 186	 226	
393	 6.2024789e-01	 +2.1668317e-02 -3.8102513e-03	 1.33e+00 Accepted	 185	 224	
394	 6.2008502e-01	 +2.2555329e-02 -2.1797166e-03	 8.88e-01 Accepted	 185	 223	
395	 6.2009840e-01	 +2.3292350e-02 -2.7288144e-03	 1.22e+00 Accepted	 184	 223	
396	 6.1998617e-01	 +2.3226833e-02 -3.4515109e-03	 8.10e-01 Accepted	 185	 224	
397	 6.2022715e-01	 +2.3018747e-02 -2.9769281e-03	 1.22e+00 Accepted	 184	 223	
398	 6.1999195e-01	 +2.3375953e-02 -2.2627299e-03	 9.74e-01 Accepted	 185	 224	
399	 6.2027953e-01	 +2.4576477e-02 +3.3771219e-04	 1.70e+00 Accepted	 184	 223	
400	 6.2034782e-01	 +2.3771309e-02 +1.5625495e-05	 1.30e+00 Accepted	 185	 224	
401	 6.2023284e-01	 +2.5755091e-02 -1.3137339e-03	 5.83e-01 Accepted	 185	 223	
402	 6.2017644e-01	 +2.4753871e-02 -2.9598165e-03	 8.38e-01 Accepted	 184	 223	
403	 6.2017644e-01	 +2.4753871e-02 -2.9598165e-03	 8.67e-01 Rejected	 184	 223	
404	 6.2019041e-01	 +2.3355111e-02 -1.4467553e-03	 1.33e+00 Accepted	 185	 223	
405	 6.2023213e-01	 +2.5493967e-02 -5.4652007e-03	 1.17e+00 Accepted	 184	 223	
406	 6.2015227e-01	 +2.6079558e-02 -3.3822687e-03	 8.78e-01 Accepted	 186	 227	
407	 6.2029275e-01	 +2.5097153e-02 -4.3074697e-03	 1.64e+00 Accepted	 186	 223	
408	 6.2009846e-01	 +2.6115101e-02 -4.4646432e-03	 7.49e-01 Accepted	 185	 223	
409	 6.2036696e-01	 +2.5548011e-02 -3.8366392e-03	 1.55e+00 Accepted	 185	 223	
410	 6.2044670e-01	 +2.6143847e-02 -8.6160856e-04	 1.31e+00 Accepted	 185	 223	
411	 6.2054036e-01	 +2.7185508e-02 -4.8699518e-03	 1.03e+00 Accepted	 184	 223	
412	 6.2039505e-01	 +2.6872779e-02 -4.1459507e-03	 1.03e+00 Accepted	 185	 223	
413	 6.2034975e-01	 +2.3552466e-02 -4.8436990e-03	 1.03e+00 Accepted	 184	 223	
414	 6.2021495e-01	 +2.7165710e-02 -4.6135789e-03	 8.07e-01 Accepted	 184	 223	
415	 6.2030697e-01	 +2.6294844e-02 -4.8724486e-03	 8.80e-01 Accepted	 184	 223	
416	 6.2026148e-01	 +2.8953046e-02 -4.9989542e-03	 1.07e+00 Accepted	 184	 223	
417	 6.2045862e-01	 +2.9162652e-02 -4.9522193e-03	 1.42e+00 Accepted	 185	 223	
418	 6.2052464e-01	 +2.8315176e-02 -4.1675853e-03	 1.44e+00 Accepted	 184	 222	
419	 6.2028534e-01	 +3.1314682e-02 -3.2323158e-03	 1.07e+00 Accepted	 183	 221	
420	 6.2039605e-01	 +2.9828378e-02 -2.1076425e-03	 1.66e+00 Accepted	 185	 223	
421	 6.2048250e-01	 +3.1185667e-02 -5.4241115e-03	 6.89e-01 Accepted	 183	 222	
422	 6.2026384e-01	 +2.9664905e-02 -4.0046669e-03	 6.02e-01 Accepted	 185	 227	
423	 6.2043796e-01	 +2.8930107e-02 -6.6593108e-03	 1.35e+00 Accepted	 185	 222	
424	 6.2055035e-01	 +2.9975587e-02 -3.8848188e-03	 1.36e+00 Accepted	 184	 222	
425	 6.2055035e-01	 +2.9975587e-02 -3.8848188e-03	 6.67e-01 Rejected	 184	 223	
426	 6.2031735e-01	 +2.9292562e-02 -4.8001414e-03	 6.52e-01 Accepted	 185	 223	
427	 6.2037360e-01	 +3.1704739e-02 -5.4074357e-03	 1.18e+00 Accepted	 184	 222	
428	 6.2039327e-01	 +3.0706462e-02 -4.1306778e-03	 1.56e+00 Accepted	 185	 222	
429	 6.2040225e-01	 +3.0972245e-02 -4.3785248e-03	 1.13e+00 Accepted	 184	 222	
430	 6.2018024e-01	 +2.8993098e-02 -5.1544213e-03	 7.27e-01 Accepted	 185	 221	
# Starting_type: CheckpointStart
# Trajectory_length / Number_of_MD_steps: 1 / 8
# 	 Plaquette	 Polyakov_Loop(re,im)	 Acc._Probability	 runtime_per_traj(s)	 CG_iterations	
431	 6.2036221e-01	 +3.2985306e-02 -2.6163325e-03	 1.52e+00 Accepted	 185	 222	
432	 6.2035523e-01	 +3.4007499e-02 -2.6244308e-03	 9.73e-01 Accepted	 184	 223	
433	 6.2044623e-01	 +3.6347303e-02 -2.2915395e-03	 8.83e-01 Accepted	 184	 221	
434	 6.2044623e-01	 +3.6347303e-02 -2.2915395e-03	 7.48e-01 Rejected	 183	 224	
435	 6.2042868e-01	 +3.5889799e-02 -3.9601547e-03	 9.54e-01 Accepted	 183	 221	
436	 6.2032348e-01	 +3.5008143e-02 -2.5591284e-03	 9.75e-01 Accepted	 185	 222	
437	 6.2053869e-01	 +3.5418285e-02 -3.4242636e-03	 1.24e+00 Accepted	 183	 221	
438	 6.2039976e-01	 +3.7228733e-02 -2.4994458e-03	 5.58e-01 Accepted	 184	 221	
439	 6.2023146e-01	 +3.7491457e-02 -6.0301185e-04	 9.25e-01 Accepted	 184	 222	
440	 6.2042548e-01	 +3.6958295e-02 -2.8784831e-03	 9.84e-01 Accepted	 184	 223	
441	 6.2030175e-01	 +3.9100646e-02 -9.6708658e-04	 1.21e+00 Accepted	 183	 222	
442	 6.2031998e-01	 +3.7708270e-02 -3.6360821e-03	 8.53e-01 Accepted	 184	 221	
443	 6.2040639e-01	 +3.6957504e-02 -6.0901346e-03	 1.11e+00 Accepted	 183	 222	
444	 6.2037110e-01	 +3.7763094e-02 -3.0469171e-03	 1.02e+00 Accepted	 184	 222	
445	 6.2060638e-01	 +3.8947649e-02 -3.6441840e-03	 1.25e+00 Accepted	 184	 222	
446	 6.2057355e-01	 +3.8280979e-02 -2.9703693e-03	 8.38e-01 Accepted	 184	 222	
447	 6.2047357e-01	 +3.8783651e-02 -4.2621020e-03	 6.91e-01 Accepted	 184	 221	
448	 6.2026437e-01	 +3.7416104e-02 -2.7527857e-03	 1.04e+00 Accepted	 184	 222	
449	 6.2026437e-01	 +3.7416104e-02 -2.7527857e-03	 7.76e-01 Rejected	 183	 222	
450	 6.2042548e-01	 +3.9256480e-02 -2.1663838e-03	 1.56e+00 Accepted	 183	 222	
451	 6.2045706e-01	 +3.7965326e-02 -1.9200535e-03	 9.72e-01 Accepted	 183	 222	
452	 6.2044940e-01	 +3.8460215e-02 -1.6535415e-03	 1.39e+00 Accepted	 184	 221	
453	 6.2044940e-01	 +3.8460215e-02 -1.6535415e-03	 6.49e-01 Rejected	 184	 221	
454	 6.2046035e-01	 +3.7182335e-02 -2.6541638e-03	 8.64e-01 Accepted	 185	 221	
455	 6.2056374e-01	 +3.9503848e-02 -1.9353682e-03	 8.94e-01 Accepted	 183	 222	
456	 6.2052613e-01	 +3.7707475e-02 -1.3861523e-03	 1.60e+00 Accepted	 184	 222	
457	 6.2013243e-01	 +3.7514094e-02 -3.6604326e-04	 7.29e-01 Accepted	 183	 221	
458	 6.2033161e-01	 +4.2509364e-02 -9.0435872e-06	 1.60e+00 Accepted	 184	 221	
459	 6.2032433e-01	 +4.1820462e-02 -2.1957242e-03	 9.97e-01 Accepted	 184	 222	
460	 6.2022280e-01	 +4.1268682e-02 -8.0954081e-04	 8.98e-01 Accepted	 184	 222	
461	 6.2051086e-01	 +4.0365471e-02 -2.7548967e-03	 1.96e+00 Accepted	 184	 222	
462	 6.2051086e-01	 +4.0365471e-02 -2.7548967e-03	 6.93e-01 Rejected	 184	 221	
463	 6.2040053e-01	 +4.0018931e-02 -2.2162532e-03	 1.04e+00 Accepted	 184	 222	
464	 6.2047326e-01	 +3.9546079e-02 -7.2068206e-04	 9.52e-01 Accepted	 185	 222	
465	 6.2047326e-01	 +3.9546079e-02 -7.2068206e-04	 9.25e-01 Rejected	 184	 222	
466	 6.2053747e-01	 +4.0866528e-02 +3.6964682e-04	 8.93e-01 Accepted	 185	 221	
467	 6.2051522e-01	 +4.0753070e-02 -9.3509025e-04	 1.34e+00 Accepted	 183	 221	
468	 6.2065339e-01	 +3.9245363e-02 -4.5568975e-03	 9.14e-01 Accepted	 183	 222	
469	 6.2046811e-01	 +4.0748640e-02 -8.8124031e-04	 8.00e-01 Accepted	 185	 235	
470	 6.2052310e-01	 +4.2676899e-02 -2.4725737e-03	 8.31e-01 Accepted	 188	 222	
471	 6.2056256e-01	 +4.1243423e-02 -2.6510812e-03	 1.26e+00 Accepted	 184	 221	
472	 6.2050975e-01	 +4.0104484e-02 -1.7153161e-03	 9.93e-01 Accepted	 184	 222	
473	 6.2050975e-01	 +4.0104484e-02 -1.7153161e-03	 7.91e-01 Rejected	 183	 221	
474	 6.2057529e-01	 +3.9006132e-02 -7.9406251e-04	 1.03e+00 Accepted	 184	 221	
475	 6.2039584e-01	 +3.9707269e-02 -1.8957730e-03	 6.84e-01 Accepted	 183	 221	
476	 6.2041555e-01	 +4.2338043e-02 -3.6871521e-04	 1.10e+00 Accepted	 184	 221	
477	 6.2049440e-01	 +4.1689674e-02 -2.7794186e-03	 1.42e+00 Accepted	 183	 222	
478	 6.2045712e-01	 +4.2390434e-02 +1.6088555e-03	 1.02e+00 Accepted	 184	 222	
479	 6.2040421e-01	 +4.2469045e-02 +1.0431332e-03	 1.38e+00 Accepted	 183	 221	
480	 6.2038080e-01	 +4.3519976e-02 +2.4636964e-03	 1.28e+00 Accepted	 183	 221	
481	 6.2033763e-01	 +4.2616714e-02 -1.9207479e-03	 1.00e+00 Accepted	 184	 221	
482	 6.2034199e-01	 +4.3090352e-02 -1.5267349e-03	 8.12e-01 Accepted	 184	 221	
483	 6.2035603e-01	 +4.3298096e-02 +2.6983734e-04	 1.11e+00 Accepted	 183	 222	
484	 6.2024108e-01	 +4.2757452e-02 +1.0258067e-03	 8.21e-01 Accepted	 184	 221	
485	 6.2025745e-01	 +4.2675135e-02 +2.4612209e-04	 1.00e+00 Accepted	 183	 222	
486	 6.2004558e-01	 +4.1891062e-02 +6.7867545e-04	 8.27e-01 Accepted	 184	 221	
487	 6.2019407e-01	 +4.4570354e-02 +2.1459169e-03	 1.26e+00 Accepted	 183	 221	
488	 6.2033547e-01	 +4.2580944e-02 +1.2075932e-03	 1.87e+00 Accepted	 185	 221	
489	 6.2030444e-01	 +4.3957812e-02 -9.4442792e-04	 1.55e+00 Accepted	 184	 222	
490	 6.2030444e-01	 +4.3957812e-02 -9.4442792e-04	 8.54e-01 Rejected	 184	 220	
491	 6.2046815e-01	 +4.4196587e-02 +2.8680926e-03	 9.23e-01 Accepted	 183	 221	
492	 6.2035165e-01	 +4.5310786e-02 +3.0274564e-04	 9.72e-01 Accepted	 183	 221	
493	 6.2052075e-01	 +4.7448881e-02 -6.5132007e-04	 1.32e+00 Accepted	 183	 221	
494	 6.2065318e-01	 +4.3674795e-02 +6.7307561e-04	 1.55e+00 Accepted	 184	 221	
495	 6.2057506e-01	 +4.5421226e-02 +9.9257161e-04	 1.16e+00 Accepted	 183	 221	
496	 6.2049786e-01	 +4.6455238e-02 +9.9693912e-05	 9.82e-01 Accepted	 184	 221	
497	 6.2028171e-01	 +4.7312601e-02 +3.6746860e-04	 8.43e-01 Accepted	 183	 221	
498	 6.2025477e-01	 +4.5358733e-02 +7.1168930e-04	 1.05e+00 Accepted	 184	 221	
499	 6.2047673e-01	 +4.7401779e-02 +5.1034019e-04	 1.34e+00 Accepted	 184	 220	
500	 6.2028725e-01	 +4.7159689e-02 +2.1420087e-04	 1.13e+00 Accepted	 185	 226	
501	 6.2034142e-01	 +4.6619817e-02 +1.8726756e-03	 1.04e+00 Accepted	 185	 221	
502	 6.2033380e-01	 +4.9119086e-02 -9.5315447e-04	 8.00e-01 Accepted	 183	 221	
503	 6.2043093e-01	 +4.6999848e-02 -1.2715891e-04	 9.43e-01 Accepted	 183	 221	
504	 6.2036364e-01	 +4.8319975e-02 -2.0136725e-03	 8.57e-01 Accepted	 184	 221	
505	 6.2014222e-01	 +4.7449897e-02 -8.3094506e-04	 8.76e-01 Accepted	 183	 220	
506	 6.2048729e-01	 +4.7342902e-02 -1.4429497e-03	 8.57e-01 Accepted	 184	 221	
507	 6.2031782e-01	 +4.9304164e-02 +6.0975717e-04	 1.01e+00 Accepted	 184	 220	
508	 6.2036958e-01	 +4.7750933e-02 -2.4147705e-03	 1.07e+00 Accepted	 184	 221	
509	 6.2030074e-01	 +5.1188744e-02 -3.1011808e-03	 6.98e-01 Accepted	 183	 220	
510	 6.2018274e-01	 +4.7001886e-02 -1.0792759e-03	 6.53e-01 Accepted	 184	 221	
511	 6.2022565e-01	 +4.7904695e-02 -1.4412207e-03	 9.97e-01 Accepted	 183	 221	
512	 6.2042926e-01	 +4.8107662e-02 -2.7278646e-03	 1.32e+00 Accepted	 184	 221	
513	 6.2025391e-01	 +5.0384252e-02 -4.1210722e-03	 7.94e-01 Accepted	 183	 220	
514	 6.2037921e-01	 +4.9537955e-02 -2.0542838e-03	 1.06e+00 Accepted	 183	 221	
515	 6.2041403e-01	 +4.8522069e-02 -4.0452464e-03	 1.23e+00 Accepted	 183	 223	
516	 6.2053248e-01	 +4.9390153e-02 -2.2071381e-03	 8.99e-01 Accepted	 185	 220	
517	 6.2048457e-01	 +5.0627614e-02 -2.0671841e-03	 9.50e-01 Accepted	 183	 220	
518	 6.2053374e-01	 +4.9912390e-02 -2.3921967e-03	 9.62e-01 Accepted	 184	 220	
519	 6.2073838e-01	 +5.0252458e-02 -5.0207099e-04	 1.85e+00 Accepted	 182	 220	
520	 6.2051011e-01	 +5.1559578e-02 -2.7238650e-03	 5.99e-01 Accepted	 183	 220	
521	 6.2056395e-01	 +5.2890684e-02 -1.1840186e-03	 9.91e-01 Accepted	 183	 220	
522	 6.2045631e-01	 +5.3112800e-02 -7.3071205e-04	 8.76e-01 Accepted	 184	 220	
523	 6.2038184e-01	 +5.1025858e-02 -2.4701816e-03	 1.07e+00 Accepted	 184	 221	
524	 6.2037986e-01	 +5.0560925e-02 -1.5600336e-03	 7.57e-01 Accepted	 184	 221	
525	 6.2034456e-01	 +5.0666004e-02 +4.7682516e-04	 8.05e-01 Accepted	 183	 220	
526	 6.2025438e-01	 +5.0650868e-02 -1.5234080e-03	 9.49e-01 Accepted	 183	 229	
527	 6.2015139e-01	 +5.0569620e-02 +1.4395154e-04	 1.20e+00 Accepted	 186	 220	
528	 6.2015139e-01	 +5.0569620e-02 +1.4395154e-04	 5.61e-01 Rejected	 184	 220	
529	 6.1985391e-01	 +5.0342690e-02 -1.8828513e-03	 6.20e-01 Accepted	 183	 220	
530	 6.1996259e-01	 +4.8746391e-02 -2.2505220e-03	 1.35e+00 Accepted	 183	 220	
531	 6.2012810e-01	 +5.0288197e-02 +1.5064950e-05	 1.14e+00 Accepted	 183	 220	
532	 6.2020768e-01	 +5.2214535e-02 -2.1309115e-03	 1.07e+00 Accepted	 184	 220	
533	 6.2012232e-01	 +5.4103151e-02 -2.6732628e-03	 1.09e+00 Accepted	 182	 220	
534	 6.2017651e-01	 +5.2667387e-02 -3.9684966e-04	 1.32e+00 Accepted	 184	 220	
535	 6.2009450e-01	 +5.4085380e-02 -3.5020817e-03	 8.58e-01 Accepted	 182	 220	
536	 6.2005917e-01	 +5.3430585e-02 -2.1887021e-03	 6.84e-01 Accepted	 183	 221	
537	 6.2062080e-01	 +5.6195650e-02 +2.5357252e-04	 3.80e+00 Accepted	 183	 221	
538	 6.2046337e-01	 +5.4214748e-02 -3.3884128e-04	 8.03e-01 Accepted	 183	 220	
539	 6.2032135e-01	 +5.3874424e-02 +1.7144743e-03	 5.99e-01 Accepted	 183	 220	
540	 6.2017352e-01	 +5.5221400e-02 -2.5638502e-03	 8.22e-01 Accepted	 184	 221	
541	 6.2026626e-01	 +5.5028073e-02 -1.1057852e-03	 1.12e+00 Accepted	 183	 226	
542	 6.2031136e-01	 +5.9807438e-02 -2.9016700e-03	 1.11e+00 Accepted	 185	 221	
543	 6.2048073e-01	 +5.6720102e-02 -1.4088205e-03	 1.42e+00 Accepted	 183	 221	
544	 6.2030272e-01	 +5.3944737e-02 -3.7222686e-03	 1.42e+00 Accepted	 184	 220	
545	 6.2038676e-01	 +5.7243784e-02 -6.7773624e-04	 8.56e-01 Accepted	 182	 220	
546	 6.2026974e-01	 +5.7300735e-02 -1.0284210e-03	 7.28e-01 Accepted	 184	 228	
547	 6.2023116e-01	 +5.3801985e-02 -8.7939891e-04	 8.00e-01 Accepted	 185	 220	
548	 6.2038757e-01	 +5.7341153e-02 +1.2314454e-03	 1.32e+00 Accepted	 183	 220	
549	 6.2041476e-01	 +5.7337601e-02 +2.8120609e-04	 9.97e-01 Accepted	 182	 220	
550	 6.2038354e-01	 +5.4975623e-02 -8.2546752e-04	 1.06e+00 Accepted	 184	 220	
551	 6.2037596e-01	 +5.3388277e-02 -6.6912474e-04	 1.41e+00 Accepted	 183	 220	
552	 6.2027456e-01	 +5.5100670e-02 -5.3989447e-04	 9.77e-01 Accepted	 184	 220	
553	 6.2039608e-01	 +5.7830651e-02 -7.6006529e-04	 1.45e+00 Accepted	 183	 223	
554	 6.2070140e-01	 +5.7905796e-02 -9.9437277e-04	 1.54e+00 Accepted	 185	 220	
555	 6.2049690e-01	 +5.5333834e-02 -2.9502106e-03	 7.20e-01 Accepted	 183	 220	
556	 6.2055492e-01	 +5.4169111e-02 +3.0843524e-04	 1.07e+00 Accepted	 189	 220	
557	 6.2066881e-01	 +5.6179078e-02 +8.7756566e-04	 1.18e+00 Accepted	 183	 219	
558	 6.2044765e-01	 +5.4909501e-02 -1.3610913e-04	 8.67e-01 Accepted	 183	 220	
559	 6.2033854e-01	 +5.3324361e-02 -2.2318540e-03	 8.35e-01 Accepted	 183	 220	
560	 6.2040340e-01	 +5.7191014e-02 -2.4827790e-03	 1.22e+00 Accepted	 184	 220	
561	 6.2040340e-01	 +5.7191014e-02 -2.4827790e-03	 8.83e-01 Rejected	 182	 220	
562	 6.2028497e-01	 +5.7109334e-02 -1.8326712e-03	 9.33e-01 Accepted	 183	 220	
563	 6.2030869e-01	 +5.6871135e-02 +2.5147321e-05	 9.01e-01 Accepted	 183	 220	
564	 6.2037839e-01	 +5.4403672e-02 -2.0165817e-03	 1.31e+00 Accepted	 183	 220	
565	 6.2022018e-01	 +5.6385680e-02 -9.0275693e-04	 7.06e-01 Accepted	 182	 220	
566	 6.2021997e-01	 +5.7007192e-02 -3.6928462e-04	 8.42e-01 Accepted	 184	 224	
567	 6.2025544e-01	 +5.8270915e-02 -6.0768358e-04	 1.12e+00 Accepted	 183	 219	
568	 6.2056686e-01	 +5.6064516e-02 +5.2356894e-04	 9.34e-01 Accepted	 183	 219	
569	 6.2044655e-01	 +5.5967334e-02 -3.1433619e-04	 8.85e-01 Accepted	 183	 219	
570	 6.2026006e-01	 +5.8104390e-02 +7.6543661e-05	 8.65e-01 Accepted	 182	 219	
571	 6.2030142e-01	 +5.6882513e-02 +4.4816279e-04	 1.19e+00 Accepted	 181	 219	
572	 6.2011984e-01	 +5.5725860e-02 +1.3955005e-04	 7.52e-01 Accepted	 182	 219	
573	 6.2024175e-01	 +5.6535845e-02 -2.1266888e-03	 1.14e+00 Accepted	 182	 218	
574	 6.2038880e-01	 +5.6544529e-02 -2.5223753e-04	 1.15e+00 Accepted	 183	 220	
575	 6.2033547e-01	 +5.6327825e-02 +7.1066455e-04	 1.29e+00 Accepted	 182	 220	
576	 6.2021724e-01	 +5.7753577e-02 +6.4078542e-04	 8.24e-01 Accepted	 182	 218	
577	 6.2032993e-01	 +5.5576800e-02 +2.6671124e-03	 1.61e+00 Accepted	 183	 220	
578	 6.2028972e-01	 +5.5712932e-02 +1.3115178e-04	 8.66e-01 Accepted	 183	 219	
579	 6.2028972e-01	 +5.5712932e-02 +1.3115178e-04	 8.44e-01 Rejected	 182	 220	
580	 6.2026506e-01	 +5.6184361e-02 +9.1668964e-04	 8.70e-01 Accepted	 183	 220	
581	 6.2011897e-01	 +5.4094436e-02 +1.5073159e-04	 1.22e+00 Accepted	 182	 218	
582	 6.2022064e-01	 +5.5046759e-02 -2.1343476e-04	 1.21e+00 Accepted	 183	 224	
583	 6.2033068e-01	 +5.4108621e-02 +2.0464403e-03	 1.22e+00 Accepted	 185	 218	
584	 6.2024932e-01	 +5.5738518e-02 +1.1744732e-03	 8.95e-01 Accepted	 182	 219	
585	 6.2022158e-01	 +5.6591975e-02 +2.7231864e-03	 1.52e+00 Accepted	 183	 218	
586	 6.2027839e-01	 +5.5072501e-02 +1.1248004e-03	 1.13e+00 Accepted	 182	 218	
587	 6.2024942e-01	 +5.7388804e-02 +1.1408100e-03	 8.77e-01 Accepted	 181	 218	
588	 6.2043978e-01	 +5.7534608e-02 +3.2202445e-03	 1.27e+00 Accepted	 182	 218	
589	 6.2030944e-01	 +5.9471937e-02 +2.1812755e-03	 5.94e-01 Accepted	 182	 218	
590	 6.2025390e-01	 +5.9046243e-02 +7.3988239e-04	 1.22e+00 Accepted	 183	 218	
591	 6.2032500e-01	 +5.7962399e-02 -1.1827214e-03	 1.08e+00 Accepted	 182	 218	
592	 6.2039270e-01	 +5.8596649e-02 +4.2005335e-03	 1.10e+00 Accepted	 183	 219	
593	 6.2039593e-01	 +6.0971551e-02 +5.2192254e-08	 9.80e-01 Accepted	 183	 218	
594	 6.2046098e-01	 +5.7590481e-02 +2.2246404e-03	 1.11e+00 Accepted	 183	 219	
595	 6.2031963e-01	 +5.9576753e-02 +1.7426021e-03	 9.12e-01 Accepted	 183	 220	
596	 6.2041786e-01	 +5.6148166e-02 +1.7025255e-03	 1.20e+00 Accepted	 183	 218	
597	 6.2036885e-01	 +5.9533597e-02 +6.9673596e-04	 8.57e-01 Accepted	 182	 218	
598	 6.2030726e-01	 +5.9487453e-02 +1.5261260e-03	 1.77e+00 Accepted	 182	 218	
599	 6.2054013e-01	 +5.6836330e-02 +2.0708618e-03	 1.98e+00 Accepted	 182	 219	
600	 6.2035602e-01	 +6.1168920e-02 +1.5110485e-03	 8.21e-01 Accepted	 182	 218	
601	 6.2052536e-01	 +6.1323329e-02 +1.3271664e-03	 1.32e+00 Accepted	 182	 218	
602	 6.2054610e-01	 +6.1510152e-02 +3.2925340e-04	 8.66e-01 Accepted	 183	 218	
603	 6.2043167e-01	 +6.1569366e-02 -3.0386772e-04	 6.47e-01 Accepted	 182	 218	
604	 6.2043167e-01	 +6.1569366e-02 -3.0386772e-04	 8.72e-01 Rejected	 183	 218	
605	 6.2033463e-01	 +6.4000275e-02 +1.2902252e-04	 7.80e-01 Accepted	 184	 229	
606	 6.2018447e-01	 +6.3837722e-02 +4.1556133e-04	 8.15e-01 Accepted	 185	 218	
607	 6.2022520e-01	 +6.1002936e-02 -2.3950857e-03	 1.36e+00 Accepted	 183	 219	
608	 6.2038060e-01	 +6.1634496e-02 -5.5790472e-04	 1.83e+00 Accepted	 183	 218	
609	 6.2040930e-01	 +6.4391629e-02 +2.4263530e-03	 7.52e-01 Accepted	 182	 224	
610	 6.2053708e-01	 +6.1977832e-02 +1.3212867e-03	 1.57e+00 Accepted	 185	 217	
611	 6.2069988e-01	 +6.4903782e-02 +4.1019042e-04	 1.25e+00 Accepted	 182	 222	
612	 6.2075018e-01	 +6.6084681e-02 +4.8716809e-04	 1.07e+00 Accepted	 183	 216	
613	 6.2042663e-01	 +6.3993402e-02 +1.9277121e-03	 7.12e-01 Accepted	 182	 223	
614	 6.2038695e-01	 +6.4845857e-02 +1.1534059e-03	 9.56e-01 Accepted	 185	 216	
615	 6.2018881e-01	 +6.3341072e-02 +1.7834838e-04	 6.30e-01 Accepted	 181	 216	
616	 6.2042647e-01	 +6.2431916e-02 +1.7840110e-03	 1.55e+00 Accepted	 182	 220	
617	 6.2042647e-01	 +6.2431916e-02 +1.7840110e-03	 6.36e-01 Rejected	 183	 216	
618	 6.2042647e-01	 +6.2431916e-02 +1.7840110e-03	 7.10e-01 Rejected	 184	 216	
619	 6.2023467e-01	 +6.2839712e-02 +2.4242444e-05	 7.18e-01 Accepted	 182	 217	
620	 6.2023160e-01	 +6.2376023e-02 +2.4467194e-03	 1.15e+00 Accepted	 182	 216	
621	 6.2043071e-01	 +6.3621376e-02 +8.2864407e-04	 1.44e+00 Accepted	 181	 217	
622	 6.2029014e-01	 +6.4187097e-02 +1.7784997e-03	 8.36e-01 Accepted	 182	 217	
623	 6.2032378e-01	 +6.6426509e-02 +1.3151172e-03	 9.87e-01 Accepted	 181	 216	
624	 6.2020062e-01	 +6.6114485e-02 +9.2033471e-04	 1.10e+00 Accepted	 182	 216	
625	 6.2016169e-01	 +6.5856932e-02 +1.8361991e-04	 1.12e+00 Accepted	 182	 218	
626	 6.2021948e-01	 +6.5530633e-02 +2.3228017e-03	 1.39e+00 Accepted	 183	 217	
627	 6.2039694e-01	 +6.5530888e-02 +2.1604011e-03	 1.94e+00 Accepted	 181	 217	
628	 6.2042795e-01	 +6.3624935e-02 +3.9854847e-03	 1.21e+00 Accepted	 182	 217	
629	 6.2041851e-01	 +6.4030336e-02 +4.6792924e-04	 1.24e+00 Accepted	 181	 217	
630	 6.2041137e-01	 +6.3666171e-02 +4.0773936e-04	 7.38e-01 Accepted	 183	 221	
631	 6.2025915e-01	 +6.4251463e-02 -9.5320054e-05	 1.13e+00 Accepted	 184	 219	
632	 6.2023225e-01	 +6.3389114e-02 +2.0242639e-03	 1.15e+00 Accepted	 184	 216	
633	 6.2005885e-01	 +6.4794980e-02 +1.4149423e-04	 9.01e-01 Accepted	 182	 217	
634	 6.2014689e-01	 +6.2582520e-02 +8.2665144e-04	 7.74e-01 Accepted	 182	 217	
635	 6.2017672e-01	 +6.2844089e-02 -1.1297590e-03	 1.11e+00 Accepted	 182	 217	
636	 6.2045527e-01	 +6.1233216e-02 -2.6133734e-03	 1.61e+00 Accepted	 182	 217	
637	 6.2045527e-01	 +6.1233216e-02 -2.6133734e-03	 7.86e-01 Rejected	 182	 216	
638	 6.2045527e-01	 +6.1233216e-02 -2.6133734e-03	 7.91e-01 Rejected	 182	 217	
639	 6.2045527e-01	 +6.1233216e-02 -2.6133734e-03	 7.44e-01 Rejected	 182	 218	
640	 6.2049942e-01	 +6.4365378e-02 -9.6042759e-04	 1.14e+00 Accepted	 182	 217	
641	 6.2037425e-01	 +6.4200043e-02 -8.2282222e-04	 1.09e+00 Accepted	 182	 216	
642	 6.2053072e-01	 +6.7133044e-02 -5.6668671e-04	 7.81e-01 Accepted	 182	 216	
643	 6.2052595e-01	 +6.6650071e-02 -1.5669550e-03	 1.02e+00 Accepted	 181	 216	
644	 6.2036583e-01	 +6.4226616e-02 +2.7829245e-04	 9.32e-01 Accepted	 181	 216	
645	 6.2036890e-01	 +6.2762308e-02 +6.6386756e-04	 1.16e+00 Accepted	 181	 216	
646	 6.2036890e-01	 +6.2762308e-02 +6.6386756e-04	 9.03e-01 Rejected	 182	 217	
647	 6.2045653e-01	 +6.5102611e-02 -1.1016959e-03	 1.05e+00 Accepted	 182	 217	
648	 6.2005757e-01	 +6.4836319e-02 -5.6057333e-04	 6.50e-01 Accepted	 182	 225	
649	 6.2038663e-01	 +6.5447138e-02 +7.5358920e-04	 1.25e+00 Accepted	 185	 217	
650	 6.2033442e-01	 +6.8067186e-02 -3.8193621e-03	 9.61e-01 Accepted	 181	 216	
651	 6.2039161e-01	 +6.3036911e-02 -6.8035423e-05	 9.55e-01 Accepted	 181	 217	
652	 6.2026005e-01	 +6.5656548e-02 -1.8918744e-04	 1.03e+00 Accepted	 182	 219	
653	 6.2024454e-01	 +6.5922822e-02 -7.7664323e-04	 9.56e-01 Accepted	 182	 217	
654	 6.2024454e-01	 +6.5922822e-02 -7.7664323e-04	 6.44e-01 Rejected	 182	 217	
655	 6.2040892e-01	 +6.4012976e-02 +7.2043199e-04	 9.52e-01 Accepted	 182	 218	
656	 6.2040892e-01	 +6.4012976e-02 +7.2043199e-04	 7.54e-01 Rejected	 182	 217	
657	 6.2015652e-01	 +6.4222540e-02 +5.7440849e-05	 6.39e-01 Accepted	 181	 217	
658	 6.2008377e-01	 +6.4872847e-02 -1.2250749e-03	 8.95e-01 Accepted	 181	 216	
659	 6.2024230e-01	 +6.7587680e-02 +1.2646038e-03	 1.26e+00 Accepted	 181	 217	
660	 6.2032300e-01	 +6.5218088e-02 +1.4086538e-03	 1.17e+00 Accepted	 181	 217	
661	 6.2049509e-01	 +6.6479389e-02 -9.1773610e-04	 2.84e+00 Accepted	 181	 217	
662	 6.2049509e-01	 +6.6479389e-02 -9.1773610e-04	 8.33e-01 Rejected	 183	 216	
663	 6.2060011e-01	 +6.6149513e-02 +1.6949691e-03	 8.87e-01 Accepted	 182	 217	
664	 6.2060109e-01	 +6.4909587e-02 +1.0643908e-03	 1.12e+00 Accepted	 182	 217	
