# Starting_type: ColdStart
# serial RNG seed: 	[23737 38069 27127 6307 48841]
# parallel RNG seed:	[39197 22365 45161 44687 21403]
# Trajectory_length / Number_of_MD_steps: 1 / 8
# 	 Plaquette	 Polyakov_Loop(re,im)	 Acc._Probability	 runtime_per_traj(s)	 CG_iterations	
1	 8.1027233e-01	 +4.5228648e-01 +5.7456036e-04	 5.75e-69 Skipping	 183	 223	
2	 7.4134753e-01	 +2.8918528e-01 -2.2443449e-04	 1.17e-31 Skipping	 183	 216	
3	 7.0132047e-01	 +2.0932127e-01 -3.7280420e-04	 1.85e-20 Skipping	 179	 211	
4	 6.7459492e-01	 +1.6338514e-01 +1.6855741e-03	 1.90e-14 Skipping	 178	 210	
5	 6.5598155e-01	 +1.3501578e-01 -1.1873684e-03	 4.12e-10 Skipping	 177	 208	
6	 6.4299044e-01	 +1.1911629e-01 +6.4949088e-05	 1.57e-07 Skipping	 177	 207	
7	 6.3337679e-01	 +1.0683581e-01 +2.9821795e-04	 9.83e-06 Skipping	 178	 207	
8	 6.2678365e-01	 +9.8562001e-02 +1.5709086e-03	 3.07e-04 Skipping	 177	 207	
9	 6.2242713e-01	 +9.0200216e-02 +2.3936325e-03	 4.17e-03 Skipping	 177	 208	
10	 6.1910981e-01	 +8.9404077e-02 -4.1677988e-04	 2.06e-02 Skipping	 178	 208	
11	 6.1655623e-01	 +8.3291034e-02 -9.7300468e-04	 5.08e-02 Skipping	 178	 208	
12	 6.1484019e-01	 +8.2538174e-02 +1.6417462e-04	 1.13e-01 Skipping	 177	 208	
13	 6.1387246e-01	 +7.9997909e-02 +7.3310686e-05	 3.42e-01 Skipping	 179	 214	
14	 6.1323410e-01	 +7.7696417e-02 -1.5124237e-04	 3.95e-01 Skipping	 180	 208	
15	 6.1251272e-01	 +7.5299344e-02 -8.5669314e-04	 3.35e-01 Skipping	 178	 208	
16	 6.1210181e-01	 +7.3885248e-02 -3.0699638e-04	 4.93e-01 Skipping	 178	 208	
17	 6.1179298e-01	 +7.2625343e-02 -6.2689867e-04	 7.92e-01 Skipping	 178	 209	
18	 6.1157420e-01	 +7.3716392e-02 -1.8735135e-04	 8.12e-01 Skipping	 179	 209	
19	 6.1151234e-01	 +7.3355339e-02 +3.5664455e-04	 8.64e-01 Skipping	 179	 211	
20	 6.1136174e-01	 +7.1105005e-02 +3.3587617e-04	 5.65e-01 Skipping	 180	 209	
21	 6.1128699e-01	 +7.0745318e-02 +1.2005581e-04	 1.00e+00 Skipping	 178	 210	
22	 6.1115195e-01	 +7.4240877e-02 -1.3283251e-04	 8.80e-01 Skipping	 180	 210	
23	 6.1092702e-01	 +6.9150767e-02 -1.3688930e-04	 1.07e+00 Skipping	 182	 209	
24	 6.1101838e-01	 +7.3877624e-02 +4.5547761e-04	 1.01e+00 Skipping	 180	 214	
25	 6.1116360e-01	 +7.1809238e-02 +2.3854927e-03	 1.28e+00 Skipping	 180	 225	
26	 6.1116315e-01	 +6.8021537e-02 +1.5731395e-03	 8.47e-01 Skipping	 183	 211	
27	 6.1129409e-01	 +6.9238349e-02 -1.1933820e-03	 1.23e+00 Skipping	 179	 210	
28	 6.1114355e-01	 +6.9400361e-02 +1.8606666e-03	 1.05e+00 Skipping	 180	 211	
29	 6.1093136e-01	 +6.8099770e-02 -1.0315366e-03	 7.65e-01 Skipping	 179	 211	
30	 6.1113241e-01	 +6.7869458e-02 -2.8842736e-04	 9.97e-01 Skipping	 179	 210	
31	 6.1104915e-01	 +6.8099141e-02 +7.2373280e-04	 7.47e-01 Skipping	 179	 212	
32	 6.1116480e-01	 +6.8277453e-02 +1.0271012e-03	 1.16e+00 Skipping	 180	 211	
33	 6.1110659e-01	 +6.9334168e-02 +1.3640775e-03	 1.14e+00 Skipping	 182	 211	
34	 6.1103771e-01	 +6.7342587e-02 +5.4003118e-04	 6.77e-01 Skipping	 181	 216	
35	 6.1123241e-01	 +6.8515129e-02 +1.4104253e-03	 1.83e+00 Skipping	 183	 211	
36	 6.1122715e-01	 +6.9844310e-02 +1.9542060e-04	 1.25e+00 Skipping	 179	 211	
37	 6.1141832e-01	 +6.6826726e-02 -1.1048711e-03	 1.55e+00 Skipping	 182	 242	
38	 6.1137431e-01	 +6.6600154e-02 -1.4781514e-03	 1.32e+00 Skipping	 189	 211	
39	 6.1122140e-01	 +6.6266701e-02 -7.3366408e-04	 9.84e-01 Skipping	 179	 211	
40	 6.1116781e-01	 +6.7262391e-02 -3.4831437e-04	 9.16e-01 Skipping	 180	 211	
41	 6.1143757e-01	 +6.6228925e-02 +6.5658167e-04	 1.10e+00 Skipping	 179	 211	
42	 6.1118093e-01	 +6.5280243e-02 +1.1800751e-03	 7.41e-01 Skipping	 183	 219	
43	 6.1098998e-01	 +6.8204875e-02 -1.7953619e-03	 7.32e-01 Skipping	 181	 213	
44	 6.1095307e-01	 +6.7421316e-02 -6.5762040e-04	 9.21e-01 Skipping	 180	 211	
45	 6.1105357e-01	 +6.7604203e-02 -2.4079185e-04	 1.11e+00 Skipping	 179	 211	
46	 6.1101133e-01	 +6.4871069e-02 +1.0445799e-03	 1.02e+00 Skipping	 179	 211	
47	 6.1116605e-01	 +6.5512434e-02 +1.5085036e-05	 1.06e+00 Skipping	 179	 218	
48	 6.1113718e-01	 +6.5627782e-02 +1.7798468e-03	 8.67e-01 Skipping	 181	 219	
49	 6.1091054e-01	 +6.6647000e-02 -1.5843672e-03	 5.17e-01 Skipping	 183	 215	
50	 6.1084625e-01	 +6.3201247e-02 +8.4227376e-04	 7.04e-01 Skipping	 181	 211	
51	 6.1062442e-01	 +6.5180707e-02 -3.4706683e-03	 8.64e-01 Accepted	 179	 211	
52	 6.1072622e-01	 +6.1894735e-02 +7.2977130e-04	 9.60e-01 Accepted	 188	 239	
53	 6.1058686e-01	 +6.2799012e-02 -5.9593972e-05	 7.47e-01 Accepted	 186	 214	
54	 6.1074435e-01	 +6.1465475e-02 +5.8918549e-04	 1.04e+00 Accepted	 181	 212	
55	 6.1056585e-01	 +6.2677729e-02 +7.5897929e-04	 7.84e-01 Accepted	 179	 213	
56	 6.1056585e-01	 +6.2677729e-02 +7.5897929e-04	 9.13e-01 Rejected	 181	 213	
57	 6.1059908e-01	 +6.3576594e-02 +4.5238895e-04	 1.40e+00 Accepted	 179	 212	
58	 6.1073747e-01	 +6.4005081e-02 -5.3586518e-04	 1.01e+00 Accepted	 180	 212	
59	 6.1080443e-01	 +6.1773048e-02 -1.0722498e-03	 1.09e+00 Accepted	 179	 216	
60	 6.1094111e-01	 +6.3069434e-02 +1.3951235e-03	 1.01e+00 Accepted	 180	 211	
61	 6.1111953e-01	 +6.0982208e-02 -3.3683807e-04	 7.73e-01 Accepted	 180	 212	
62	 6.1098460e-01	 +6.3860132e-02 +1.6395679e-03	 7.96e-01 Accepted	 180	 212	
63	 6.1098460e-01	 +6.3860132e-02 +1.6395679e-03	 7.98e-01 Rejected	 179	 211	
64	 6.1087706e-01	 +6.5382677e-02 +9.7378658e-04	 1.07e+00 Accepted	 180	 212	
65	 6.1089559e-01	 +6.4266211e-02 -2.9955649e-04	 8.93e-01 Accepted	 179	 213	
66	 6.1103091e-01	 +6.4945794e-02 -9.9451058e-05	 8.81e-01 Accepted	 181	 212	
67	 6.1093047e-01	 +6.2790708e-02 -1.5384256e-03	 7.92e-01 Accepted	 184	 212	
68	 6.1095457e-01	 +6.1690112e-02 -7.7389765e-04	 8.68e-01 Accepted	 179	 212	
69	 6.1103974e-01	 +6.0290918e-02 +5.6739667e-04	 1.33e+00 Accepted	 180	 216	
70	 6.1097188e-01	 +6.2838640e-02 +1.4606786e-03	 9.46e-01 Accepted	 181	 227	
71	 6.1098314e-01	 +6.1495931e-02 +3.7445539e-04	 1.05e+00 Accepted	 182	 211	
72	 6.1117693e-01	 +6.1881368e-02 +4.4770851e-04	 1.31e+00 Accepted	 180	 224	
73	 6.1108008e-01	 +6.1963882e-02 +1.4786726e-04	 9.21e-01 Accepted	 182	 212	
74	 6.1082352e-01	 +6.0625548e-02 +1.7760195e-04	 1.11e+00 Accepted	 181	 222	
75	 6.1107924e-01	 +6.1929569e-02 -1.0783206e-04	 1.94e+00 Accepted	 183	 212	
76	 6.1107924e-01	 +6.1929569e-02 -1.0783206e-04	 7.10e-01 Rejected	 182	 215	
77	 6.1112275e-01	 +6.0309795e-02 +9.8510606e-04	 1.21e+00 Accepted	 180	 222	
78	 6.1112275e-01	 +6.0309795e-02 +9.8510606e-04	 8.35e-01 Rejected	 183	 213	
79	 6.1090271e-01	 +6.2195408e-02 +8.0541651e-04	 6.95e-01 Accepted	 182	 212	
80	 6.1077893e-01	 +6.3486831e-02 +4.1288962e-04	 8.37e-01 Accepted	 181	 215	
81	 6.1078838e-01	 +6.2972444e-02 +1.0797921e-03	 1.09e+00 Accepted	 181	 213	
82	 6.1085189e-01	 +5.9557097e-02 +1.6360823e-03	 9.83e-01 Accepted	 181	 216	
83	 6.1110861e-01	 +6.3646126e-02 -1.0698116e-04	 1.25e+00 Accepted	 181	 215	
84	 6.1111655e-01	 +6.0166677e-02 +4.3584981e-04	 1.16e+00 Accepted	 186	 218	
85	 6.1119337e-01	 +6.2734180e-02 -1.0771937e-03	 9.55e-01 Accepted	 181	 211	
86	 6.1112528e-01	 +6.2247990e-02 -9.4230776e-04	 1.20e+00 Accepted	 181	 215	
87	 6.1093289e-01	 +6.2310620e-02 +2.5279303e-04	 7.01e-01 Accepted	 181	 233	
88	 6.1097802e-01	 +6.3621364e-02 +2.3178687e-03	 7.01e-01 Accepted	 188	 212	
89	 6.1092724e-01	 +6.2032867e-02 +8.3503163e-04	 1.08e+00 Accepted	 179	 211	
90	 6.1106432e-01	 +6.3437333e-02 -1.4336350e-03	 1.10e+00 Accepted	 180	 214	
91	 6.1108243e-01	 +6.1640934e-02 -4.5968176e-04	 1.01e+00 Accepted	 182	 214	
92	 6.1092565e-01	 +6.2903894e-02 -8.4771292e-05	 9.29e-01 Accepted	 181	 213	
93	 6.1084686e-01	 +6.4468464e-02 -1.3677533e-03	 7.67e-01 Accepted	 180	 212	
94	 6.1113872e-01	 +6.3789792e-02 -2.1339486e-04	 1.66e+00 Accepted	 180	 212	
95	 6.1113872e-01	 +6.3789792e-02 -2.1339486e-04	 6.41e-01 Rejected	 180	 220	
96	 6.1104026e-01	 +6.3912392e-02 -4.1754522e-04	 7.71e-01 Accepted	 183	 216	
97	 6.1091606e-01	 +6.4136553e-02 +5.5154242e-04	 1.14e+00 Accepted	 180	 213	
98	 6.1058837e-01	 +6.5290807e-02 +1.1190129e-03	 6.08e-01 Accepted	 184	 216	
99	 6.1057924e-01	 +6.1934332e-02 -9.0212371e-04	 7.39e-01 Accepted	 182	 214	
100	 6.1088612e-01	 +6.3603103e-02 -4.5814669e-04	 1.87e+00 Accepted	 182	 212	
101	 6.1110916e-01	 +6.3934337e-02 -2.9643268e-03	 1.51e+00 Accepted	 179	 212	
102	 6.1117659e-01	 +6.4187966e-02 -1.9259071e-03	 1.12e+00 Accepted	 186	 249	
103	 6.1095550e-01	 +6.2058506e-02 -1.9070427e-03	 7.69e-01 Accepted	 198	 212	
104	 6.1095550e-01	 +6.2058506e-02 -1.9070427e-03	 6.40e-01 Rejected	 179	 211	
105	 6.1077675e-01	 +6.0664034e-02 -1.5675681e-03	 7.52e-01 Accepted	 179	 213	
106	 6.1077874e-01	 +6.4288218e-02 -5.5210303e-04	 8.85e-01 Accepted	 179	 211	
107	 6.1095488e-01	 +6.1766772e-02 -1.8315349e-03	 1.22e+00 Accepted	 179	 215	
108	 6.1107625e-01	 +6.2382137e-02 -4.1397969e-04	 1.09e+00 Accepted	 181	 217	
109	 6.1086130e-01	 +6.1983992e-02 -5.2305562e-04	 7.52e-01 Accepted	 185	 213	
110	 6.1095832e-01	 +6.2896056e-02 -6.3486490e-04	 1.57e+00 Accepted	 188	 251	
111	 6.1096423e-01	 +6.2949034e-02 -4.1372292e-04	 9.09e-01 Accepted	 190	 214	
112	 6.1111269e-01	 +6.4435315e-02 -1.2505245e-04	 9.32e-01 Accepted	 180	 211	
113	 6.1111269e-01	 +6.4435315e-02 -1.2505245e-04	 9.13e-01 Rejected	 179	 211	
114	 6.1099964e-01	 +6.1473270e-02 +2.3482958e-04	 9.26e-01 Accepted	 179	 211	
115	 6.1086399e-01	 +6.3245469e-02 -7.7707698e-04	 9.90e-01 Accepted	 181	 211	
116	 6.1083814e-01	 +6.3258483e-02 +1.0473559e-03	 8.41e-01 Accepted	 180	 220	
117	 6.1094058e-01	 +6.4515503e-02 +3.9593582e-04	 7.70e-01 Accepted	 185	 215	
118	 6.1122024e-01	 +6.3897126e-02 -6.9470878e-04	 1.41e+00 Accepted	 180	 211	
119	 6.1115604e-01	 +6.5224145e-02 -1.3342931e-04	 8.30e-01 Accepted	 179	 211	
120	 6.1118866e-01	 +6.4038951e-02 +7.7730015e-04	 7.27e-01 Accepted	 179	 216	
121	 6.1131604e-01	 +6.5783093e-02 -1.4193370e-03	 9.49e-01 Accepted	 180	 214	
122	 6.1110528e-01	 +6.3011178e-02 +6.8518357e-04	 7.92e-01 Accepted	 180	 211	
123	 6.1122776e-01	 +6.1619657e-02 +5.9362695e-04	 1.88e+00 Accepted	 179	 216	
124	 6.1101230e-01	 +6.4606578e-02 -1.0941281e-03	 6.50e-01 Accepted	 181	 211	
125	 6.1110386e-01	 +6.2597221e-02 -2.2231045e-03	 1.33e+00 Accepted	 179	 211	
126	 6.1095556e-01	 +6.1483679e-02 +6.8476674e-04	 6.12e-01 Accepted	 180	 211	
127	 6.1108344e-01	 +6.3127864e-02 +1.7843827e-04	 1.32e+00 Accepted	 180	 214	
128	 6.1090065e-01	 +6.1195053e-02 -4.4293716e-04	 6.94e-01 Accepted	 184	 231	
129	 6.1111495e-01	 +6.3275589e-02 +2.8925691e-04	 1.29e+00 Accepted	 186	 226	
130	 6.1098414e-01	 +6.1729591e-02 +1.0609695e-04	 8.19e-01 Accepted	 183	 212	
131	 6.1093440e-01	 +6.2709349e-02 +3.5005257e-04	 1.04e+00 Accepted	 180	 214	
132	 6.1111393e-01	 +6.3277113e-02 -9.0614949e-04	 1.11e+00 Accepted	 181	 217	
133	 6.1111393e-01	 +6.3277113e-02 -9.0614949e-04	 5.56e-01 Rejected	 181	 212	
134	 6.1118889e-01	 +6.2997277e-02 -2.5012471e-04	 1.42e+00 Accepted	 181	 213	
135	 6.1110027e-01	 +6.3526275e-02 -2.1851066e-04	 1.01e+00 Accepted	 180	 212	
136	 6.1075231e-01	 +6.3542620e-02 -1.2249475e-03	 6.26e-01 Accepted	 180	 218	
137	 6.1098760e-01	 +6.2593865e-02 +1.2780975e-03	 1.33e+00 Accepted	 182	 222	
138	 6.1098760e-01	 +6.2593865e-02 +1.2780975e-03	 7.86e-01 Rejected	 186	 218	
139	 6.1108290e-01	 +6.2025048e-02 -6.6217405e-04	 1.01e+00 Accepted	 183	 214	
140	 6.1108290e-01	 +6.2025048e-02 -6.6217405e-04	 8.02e-01 Rejected	 181	 225	
141	 6.1107867e-01	 +6.2726282e-02 -5.2041866e-04	 1.10e+00 Accepted	 180	 215	
142	 6.1130492e-01	 +6.2926871e-02 -1.4076481e-03	 6.48e-01 Accepted	 181	 214	
143	 6.1127920e-01	 +6.2258704e-02 +1.1195294e-04	 1.05e+00 Accepted	 180	 215	
144	 6.1106404e-01	 +6.1507510e-02 -6.6753443e-04	 7.05e-01 Accepted	 181	 217	
145	 6.1120756e-01	 +6.1700407e-02 +3.1925966e-04	 1.15e+00 Accepted	 181	 213	
146	 6.1120756e-01	 +6.1700407e-02 +3.1925966e-04	 8.80e-01 Rejected	 180	 212	
147	 6.1120756e-01	 +6.1700407e-02 +3.1925966e-04	 8.65e-01 Rejected	 179	 212	
148	 6.1125669e-01	 +6.2658272e-02 -1.8342242e-03	 8.97e-01 Accepted	 180	 221	
149	 6.1110621e-01	 +6.3869228e-02 -6.8740376e-04	 9.28e-01 Accepted	 181	 217	
150	 6.1114251e-01	 +6.2904073e-02 +5.5670543e-04	 9.89e-01 Accepted	 181	 213	
151	 6.1093205e-01	 +6.3979975e-02 -9.5956407e-04	 8.86e-01 Accepted	 189	 255	
152	 6.1113026e-01	 +6.2455492e-02 +1.5408083e-03	 1.27e+00 Accepted	 196	 222	
153	 6.1096498e-01	 +6.2628071e-02 +4.7262442e-04	 8.70e-01 Accepted	 183	 213	
154	 6.1096498e-01	 +6.2628071e-02 +4.7262442e-04	 6.10e-01 Rejected	 180	 211	
155	 6.1093853e-01	 +6.2364790e-02 -1.8592563e-03	 1.50e+00 Accepted	 180	 212	
156	 6.1111124e-01	 +6.3097553e-02 +3.9079472e-04	 8.57e-01 Accepted	 179	 213	
157	 6.1113919e-01	 +6.1750992e-02 -1.7179509e-03	 9.70e-01 Accepted	 180	 212	
158	 6.1113919e-01	 +6.1750992e-02 -1.7179509e-03	 4.30e-01 Rejected	 179	 213	
159	 6.1105930e-01	 +6.2927225e-02 +1.0445992e-03	 9.42e-01 Accepted	 179	 217	
160	 6.1105073e-01	 +6.3578214e-02 +1.1250150e-03	 1.36e+00 Accepted	 181	 220	
161	 6.1115439e-01	 +6.3092006e-02 +1.5197333e-03	 7.64e-01 Accepted	 187	 227	
162	 6.1127638e-01	 +6.3136950e-02 -3.4038706e-04	 1.13e+00 Accepted	 184	 212	
163	 6.1099729e-01	 +6.2361510e-02 -8.0685875e-04	 1.06e+00 Accepted	 181	 214	
164	 6.1089830e-01	 +6.2527159e-02 -2.4600997e-04	 8.37e-01 Accepted	 181	 213	
165	 6.1083495e-01	 +6.0876662e-02 -8.4606492e-04	 1.12e+00 Accepted	 180	 213	
166	 6.1100539e-01	 +6.1694281e-02 +6.4186675e-04	 1.45e+00 Accepted	 180	 213	
167	 6.1102300e-01	 +6.0673251e-02 +8.3231597e-04	 6.88e-01 Accepted	 180	 212	
168	 6.1099599e-01	 +5.9203401e-02 -2.9095823e-03	 8.69e-01 Accepted	 179	 212	
169	 6.1102173e-01	 +6.2736115e-02 -1.4071759e-03	 1.11e+00 Accepted	 179	 211	
170	 6.1093957e-01	 +6.2318658e-02 -4.6375778e-04	 6.54e-01 Accepted	 180	 213	
171	 6.1118334e-01	 +6.2157864e-02 -1.4440701e-03	 9.42e-01 Accepted	 180	 213	
172	 6.1102616e-01	 +6.3792485e-02 +4.6978611e-04	 1.10e+00 Accepted	 180	 212	
173	 6.1110243e-01	 +6.0521333e-02 -6.2975338e-04	 1.28e+00 Accepted	 180	 215	
174	 6.1082799e-01	 +6.0512206e-02 -4.7591742e-04	 5.11e-01 Accepted	 182	 212	
175	 6.1101081e-01	 +6.1722045e-02 -3.3816646e-04	 1.47e+00 Accepted	 179	 211	
176	 6.1102332e-01	 +6.1253224e-02 -1.2155526e-03	 1.03e+00 Accepted	 183	 213	
177	 6.1112392e-01	 +6.5953583e-02 -6.9924554e-04	 1.12e+00 Accepted	 181	 211	
178	 6.1101271e-01	 +6.2055040e-02 -3.3499475e-04	 1.29e+00 Accepted	 182	 226	
179	 6.1110912e-01	 +6.5310441e-02 +7.8287577e-04	 1.24e+00 Accepted	 182	 214	
180	 6.1113496e-01	 +6.2275061e-02 -1.4725496e-03	 7.19e-01 Accepted	 181	 211	
181	 6.1121212e-01	 +6.5755154e-02 +1.3886636e-04	 9.43e-01 Accepted	 179	 212	
182	 6.1104688e-01	 +6.1822759e-02 -2.8369486e-04	 1.03e+00 Accepted	 180	 216	
183	 6.1119927e-01	 +6.0336109e-02 -2.4998342e-04	 9.25e-01 Accepted	 182	 216	
184	 6.1136276e-01	 +6.3805335e-02 -7.6688422e-04	 1.04e+00 Accepted	 182	 214	
185	 6.1130138e-01	 +6.2337184e-02 +9.9161266e-05	 6.64e-01 Accepted	 181	 213	
186	 6.1130138e-01	 +6.2337184e-02 +9.9161266e-05	 5.70e-01 Rejected	 180	 219	
187	 6.1120344e-01	 +6.2388795e-02 -5.3985894e-04	 6.12e-01 Accepted	 180	 216	
188	 6.1120344e-01	 +6.2388795e-02 -5.3985894e-04	 7.15e-01 Rejected	 181	 213	
189	 6.1120344e-01	 +6.2388795e-02 -5.3985894e-04	 5.76e-01 Rejected	 185	 226	
190	 6.1133017e-01	 +6.2609418e-02 -2.3447901e-03	 1.02e+00 Accepted	 181	 213	
191	 6.1133017e-01	 +6.2609418e-02 -2.3447901e-03	 7.26e-01 Rejected	 180	 216	
192	 6.1140668e-01	 +6.2160863e-02 -1.0061202e-03	 8.84e-01 Accepted	 182	 220	
193	 6.1132175e-01	 +6.0102608e-02 -8.8940145e-04	 8.46e-01 Accepted	 182	 214	
194	 6.1113369e-01	 +6.0324723e-02 +1.3005539e-03	 6.46e-01 Accepted	 180	 212	
195	 6.1104539e-01	 +5.9394256e-02 +6.9504613e-04	 9.33e-01 Accepted	 180	 215	
196	 6.1113282e-01	 +5.9673247e-02 +7.5860998e-04	 8.02e-01 Accepted	 182	 213	
197	 6.1097583e-01	 +5.9394210e-02 +2.1689393e-03	 6.74e-01 Accepted	 181	 215	
198	 6.1105833e-01	 +6.0959616e-02 -5.2435860e-04	 1.40e+00 Accepted	 182	 213	
199	 6.1115036e-01	 +6.1496167e-02 -3.2719046e-04	 9.81e-01 Accepted	 180	 213	
200	 6.1104709e-01	 +6.2861579e-02 -6.7482309e-04	 9.63e-01 Accepted	 180	 214	
201	 6.1102913e-01	 +6.2453245e-02 +1.9529939e-03	 1.08e+00 Accepted	 180	 213	
202	 6.1114863e-01	 +6.0635608e-02 -1.1860314e-03	 6.72e-01 Accepted	 180	 213	
203	 6.1097074e-01	 +5.9546340e-02 +1.3524093e-03	 8.97e-01 Accepted	 179	 213	
204	 6.1106290e-01	 +6.2026518e-02 +6.0903015e-04	 1.35e+00 Accepted	 180	 213	
205	 6.1097091e-01	 +6.2104584e-02 -9.2422668e-05	 9.20e-01 Accepted	 181	 214	
206	 6.1106678e-01	 +5.8649645e-02 +1.2285047e-03	 8.42e-01 Accepted	 180	 215	
207	 6.1093078e-01	 +5.9450705e-02 +1.1129281e-03	 7.65e-01 Accepted	 184	 248	
208	 6.1099076e-01	 +6.1090086e-02 -3.8549238e-04	 1.26e+00 Accepted	 190	 213	
209	 6.1114611e-01	 +5.9532611e-02 -1.6179572e-03	 7.82e-01 Accepted	 182	 239	
210	 6.1111395e-01	 +6.0289158e-02 -1.3884176e-03	 1.36e+00 Accepted	 189	 215	
211	 6.1124363e-01	 +5.8944292e-02 -7.3424945e-04	 9.67e-01 Accepted	 181	 213	
212	 6.1108456e-01	 +5.8288681e-02 -2.0608711e-03	 8.59e-01 Accepted	 181	 213	
213	 6.1108456e-01	 +5.8288681e-02 -2.0608711e-03	 7.10e-01 Rejected	 180	 231	
214	 6.1103791e-01	 +5.8944488e-02 -8.8033910e-04	 1.04e+00 Accepted	 180	 213	
215	 6.1113355e-01	 +6.2467162e-02 -2.0486550e-03	 1.28e+00 Accepted	 179	 213	
216	 6.1101731e-01	 +6.1202872e-02 -9.9227676e-04	 9.79e-01 Accepted	 180	 213	
217	 6.1101731e-01	 +6.1202872e-02 -9.9227676e-04	 7.69e-01 Rejected	 180	 213	
218	 6.1101731e-01	 +6.1202872e-02 -9.9227676e-04	 5.20e-01 Rejected	 180	 218	
219	 6.1105041e-01	 +6.0845639e-02 +6.5739535e-04	 6.00e-01 Accepted	 180	 213	
220	 6.1114382e-01	 +6.1098433e-02 +8.8923081e-04	 8.20e-01 Accepted	 180	 213	
221	 6.1109359e-01	 +6.1626293e-02 -1.2163736e-04	 7.36e-01 Accepted	 182	 213	
222	 6.1110824e-01	 +6.2236732e-02 +6.7919711e-04	 8.68e-01 Accepted	 181	 218	
223	 6.1144737e-01	 +6.0393775e-02 +9.0010638e-04	 1.17e+00 Accepted	 184	 213	
224	 6.1149843e-01	 +6.1477955e-02 +1.0818675e-03	 1.15e+00 Accepted	 181	 213	
225	 6.1114150e-01	 +6.1121057e-02 +7.0905233e-04	 9.23e-01 Accepted	 179	 213	
226	 6.1129902e-01	 +6.2000146e-02 +8.4976399e-04	 1.07e+00 Accepted	 180	 221	
227	 6.1135511e-01	 +5.9173477e-02 -1.6604212e-03	 1.57e+00 Accepted	 187	 244	
228	 6.1130007e-01	 +6.0690759e-02 -6.1148221e-04	 7.90e-01 Accepted	 191	 215	
229	 6.1130007e-01	 +6.0690759e-02 -6.1148221e-04	 7.07e-01 Rejected	 181	 213	
230	 6.1123409e-01	 +6.1073483e-02 -1.2689816e-03	 8.55e-01 Accepted	 182	 214	
231	 6.1108250e-01	 +6.2780534e-02 -4.7994251e-04	 7.24e-01 Accepted	 185	 242	
232	 6.1108231e-01	 +6.1862950e-02 +1.7495564e-03	 8.94e-01 Accepted	 196	 213	
233	 6.1116741e-01	 +6.1354989e-02 +7.4523704e-04	 1.02e+00 Accepted	 181	 221	
234	 6.1092576e-01	 +6.0590996e-02 -7.9581722e-04	 8.70e-01 Accepted	 183	 211	
235	 6.1129812e-01	 +6.2981976e-02 -3.9624238e-04	 1.46e+00 Accepted	 181	 229	
236	 6.1127779e-01	 +6.2595342e-02 -3.4684205e-04	 1.07e+00 Accepted	 190	 213	
237	 6.1113579e-01	 +6.1024070e-02 -1.0746812e-03	 8.14e-01 Accepted	 179	 213	
# Starting_type: CheckpointStart
# Trajectory_length / Number_of_MD_steps: 1 / 8
# 	 Plaquette	 Polyakov_Loop(re,im)	 Acc._Probability	 runtime_per_traj(s)	 CG_iterations	
237	 6.1113579e-01	 +6.1024070e-02 -1.0746812e-03	 8.14e-01 Accepted	 181	 213	
238	 6.1113579e-01	 +6.1024070e-02 -1.0746812e-03	 5.70e-01 Rejected	 180	 213	
239	 6.1109477e-01	 +6.1051198e-02 -1.3013695e-04	 7.97e-01 Accepted	 180	 213	
240	 6.1111366e-01	 +6.0571827e-02 +1.2557767e-03	 9.75e-01 Accepted	 180	 213	
241	 6.1106127e-01	 +5.7708568e-02 +3.7486474e-04	 9.71e-01 Accepted	 181	 232	
242	 6.1115141e-01	 +6.0862408e-02 +9.3429134e-04	 9.41e-01 Accepted	 185	 214	
243	 6.1095074e-01	 +6.0509137e-02 -1.0272324e-04	 7.11e-01 Accepted	 181	 224	
244	 6.1104521e-01	 +5.9930270e-02 +3.5816435e-04	 1.19e+00 Accepted	 184	 213	
245	 6.1112474e-01	 +6.1954112e-02 +1.9093436e-05	 1.08e+00 Accepted	 181	 214	
246	 6.1126268e-01	 +5.8172856e-02 -1.4093186e-03	 1.47e+00 Accepted	 180	 213	
247	 6.1126268e-01	 +5.8172856e-02 -1.4093186e-03	 6.27e-01 Rejected	 180	 213	
248	 6.1105594e-01	 +5.8394771e-02 -1.4665818e-04	 1.13e+00 Accepted	 182	 214	
249	 6.1113592e-01	 +6.1974495e-02 +3.7650432e-04	 1.04e+00 Accepted	 182	 215	
250	 6.1112890e-01	 +6.1730801e-02 -7.6115196e-04	 8.89e-01 Accepted	 182	 213	
251	 6.1099373e-01	 +6.0674230e-02 -8.7245932e-05	 8.65e-01 Accepted	 181	 225	
252	 6.1088617e-01	 +6.1558518e-02 -6.7245956e-04	 6.97e-01 Accepted	 185	 213	
253	 6.1105192e-01	 +6.1865342e-02 -2.1726045e-03	 1.15e+00 Accepted	 183	 213	
254	 6.1110294e-01	 +6.1420958e-02 -2.6830824e-04	 8.18e-01 Accepted	 180	 216	
255	 6.1130963e-01	 +6.0061976e-02 -7.8460440e-04	 1.29e+00 Accepted	 181	 213	
256	 6.1129003e-01	 +6.0879187e-02 -7.3653516e-04	 9.60e-01 Accepted	 181	 213	
257	 6.1129003e-01	 +6.0879187e-02 -7.3653516e-04	 8.47e-01 Rejected	 181	 213	
258	 6.1101311e-01	 +5.9778033e-02 +1.3294411e-04	 3.95e-01 Accepted	 180	 213	
259	 6.1101311e-01	 +5.9778033e-02 +1.3294411e-04	 8.92e-01 Rejected	 182	 227	
260	 6.1116738e-01	 +6.1407487e-02 -7.2433352e-04	 1.77e+00 Accepted	 186	 214	
261	 6.1116878e-01	 +6.3514876e-02 +6.5186482e-04	 1.12e+00 Accepted	 181	 212	
262	 6.1119161e-01	 +5.9589069e-02 +3.1296199e-04	 8.60e-01 Accepted	 181	 215	
263	 6.1117935e-01	 +5.8485823e-02 +1.5221213e-03	 1.12e+00 Accepted	 182	 213	
264	 6.1101306e-01	 +6.0553050e-02 +9.5027259e-04	 9.16e-01 Accepted	 181	 213	
265	 6.1099227e-01	 +6.1920428e-02 +1.3103558e-03	 9.33e-01 Accepted	 181	 220	
266	 6.1099227e-01	 +6.1920428e-02 +1.3103558e-03	 5.04e-01 Rejected	 187	 213	
267	 6.1102857e-01	 +6.1522885e-02 +9.7639361e-04	 7.97e-01 Accepted	 183	 216	
268	 6.1115183e-01	 +6.1358259e-02 -1.3994478e-03	 1.82e+00 Accepted	 181	 213	
269	 6.1115183e-01	 +6.1358259e-02 -1.3994478e-03	 5.29e-01 Rejected	 179	 211	
270	 6.1110271e-01	 +6.1690300e-02 -3.1084997e-04	 7.57e-01 Accepted	 180	 217	
271	 6.1123624e-01	 +6.1800985e-02 -1.3691878e-03	 1.22e+00 Accepted	 181	 212	
272	 6.1112973e-01	 +6.2594263e-02 +9.4939542e-04	 1.03e+00 Accepted	 181	 213	
273	 6.1112973e-01	 +6.2594263e-02 +9.4939542e-04	 5.41e-01 Rejected	 181	 219	
274	 6.1091034e-01	 +6.0291895e-02 +2.5769065e-03	 7.06e-01 Accepted	 180	 216	
275	 6.1111765e-01	 +6.0891240e-02 -2.7005809e-04	 1.48e+00 Accepted	 181	 213	
276	 6.1111765e-01	 +6.0891240e-02 -2.7005809e-04	 6.26e-01 Rejected	 181	 213	
277	 6.1088830e-01	 +6.2648465e-02 -1.4970335e-03	 7.60e-01 Accepted	 180	 213	
278	 6.1085129e-01	 +6.0917994e-02 -1.6343529e-03	 8.86e-01 Accepted	 182	 217	
279	 6.1085981e-01	 +6.1855108e-02 +9.7878851e-05	 8.27e-01 Accepted	 183	 221	
280	 6.1085981e-01	 +6.1855108e-02 +9.7878851e-05	 9.82e-01 Rejected	 183	 213	
281	 6.1072643e-01	 +6.1163123e-02 +5.7856866e-04	 9.72e-01 Accepted	 182	 215	
282	 6.1059346e-01	 +6.0763433e-02 -1.4771820e-03	 5.57e-01 Accepted	 181	 213	
283	 6.1063432e-01	 +5.9430112e-02 -2.7585194e-03	 1.26e+00 Accepted	 179	 212	
284	 6.1075500e-01	 +6.0545812e-02 -1.4857130e-03	 1.11e+00 Accepted	 181	 213	
285	 6.1075500e-01	 +6.0545812e-02 -1.4857130e-03	 9.01e-01 Rejected	 179	 213	
286	 6.1073548e-01	 +5.9037401e-02 -7.1174932e-04	 1.12e+00 Accepted	 180	 215	
287	 6.1088751e-01	 +6.3074140e-02 -1.0883842e-04	 1.04e+00 Accepted	 180	 212	
288	 6.1101089e-01	 +6.3377751e-02 -2.4795591e-03	 1.10e+00 Accepted	 180	 213	
289	 6.1081470e-01	 +6.3730697e-02 -1.0432638e-03	 7.37e-01 Accepted	 180	 213	
290	 6.1103309e-01	 +6.0240899e-02 +3.1937336e-04	 1.34e+00 Accepted	 180	 211	
291	 6.1078824e-01	 +6.4074152e-02 -2.1403296e-03	 7.15e-01 Accepted	 180	 212	
292	 6.1089507e-01	 +6.2998325e-02 -8.2806304e-04	 1.18e+00 Accepted	 181	 213	
293	 6.1089507e-01	 +6.2998325e-02 -8.2806304e-04	 6.97e-01 Rejected	 180	 212	
294	 6.1080850e-01	 +6.1283897e-02 -1.6541688e-03	 8.23e-01 Accepted	 181	 213	
295	 6.1083346e-01	 +6.2993755e-02 +6.1247801e-04	 8.70e-01 Accepted	 180	 218	
296	 6.1107925e-01	 +6.3649837e-02 -3.4740146e-04	 1.63e+00 Accepted	 183	 212	
297	 6.1105223e-01	 +6.1074124e-02 -4.7751429e-04	 1.18e+00 Accepted	 181	 212	
298	 6.1105223e-01	 +6.1074124e-02 -4.7751429e-04	 6.95e-01 Rejected	 181	 212	
299	 6.1099461e-01	 +6.1479243e-02 -8.7842692e-04	 9.59e-01 Accepted	 181	 216	
300	 6.1108183e-01	 +6.2247825e-02 +6.3631076e-04	 1.16e+00 Accepted	 194	 270	
301	 6.1112591e-01	 +6.2039898e-02 -5.4996333e-06	 8.92e-01 Accepted	 198	 212	
302	 6.1109986e-01	 +6.0063376e-02 +1.1062462e-03	 6.81e-01 Accepted	 180	 213	
303	 6.1106952e-01	 +6.2003483e-02 -1.1042466e-03	 8.52e-01 Accepted	 182	 213	
304	 6.1107724e-01	 +6.2941465e-02 +7.0793727e-05	 1.01e+00 Accepted	 180	 212	
305	 6.1086656e-01	 +6.4133611e-02 +5.9766064e-04	 9.54e-01 Accepted	 180	 213	
306	 6.1074743e-01	 +6.0637777e-02 +4.8675549e-04	 7.14e-01 Accepted	 180	 213	
307	 6.1074743e-01	 +6.0637777e-02 +4.8675549e-04	 6.37e-01 Rejected	 181	 224	
308	 6.1080140e-01	 +6.3376032e-02 -6.0918208e-04	 1.24e+00 Accepted	 181	 213	
309	 6.1090132e-01	 +6.1952714e-02 -4.3903191e-04	 8.29e-01 Accepted	 180	 211	
310	 6.1132623e-01	 +6.3732801e-02 -7.3266050e-04	 1.62e+00 Accepted	 180	 211	
311	 6.1102403e-01	 +6.3296144e-02 -4.7986594e-04	 5.38e-01 Accepted	 180	 217	
312	 6.1101171e-01	 +6.3406451e-02 -3.3390251e-04	 1.09e+00 Accepted	 182	 213	
313	 6.1100301e-01	 +6.1075716e-02 +2.7752459e-04	 1.10e+00 Accepted	 180	 212	
314	 6.1090492e-01	 +6.1276779e-02 -9.2532403e-04	 6.68e-01 Accepted	 183	 216	
315	 6.1090492e-01	 +6.1276779e-02 -9.2532403e-04	 7.50e-01 Rejected	 181	 212	
316	 6.1090424e-01	 +6.0965353e-02 +1.8843319e-04	 8.42e-01 Accepted	 181	 211	
317	 6.1104878e-01	 +5.9007966e-02 +3.8375085e-04	 1.13e+00 Accepted	 180	 218	
318	 6.1112238e-01	 +6.2849246e-02 +1.4212160e-03	 9.16e-01 Accepted	 182	 213	
319	 6.1122142e-01	 +5.9470670e-02 -7.4989647e-04	 1.52e+00 Accepted	 180	 213	
320	 6.1084998e-01	 +5.9500801e-02 -6.5826638e-05	 6.12e-01 Accepted	 181	 216	
321	 6.1076882e-01	 +5.9788432e-02 -5.1526655e-05	 9.22e-01 Accepted	 181	 213	
322	 6.1069892e-01	 +6.0976487e-02 -4.0315127e-04	 1.24e+00 Accepted	 181	 214	
323	 6.1074424e-01	 +6.1659123e-02 +1.2309960e-03	 8.35e-01 Accepted	 183	 213	
324	 6.1091344e-01	 +6.3686262e-02 +5.2557569e-04	 1.03e+00 Accepted	 180	 211	
325	 6.1080782e-01	 +6.0820744e-02 +1.4708793e-03	 1.04e+00 Accepted	 186	 230	
326	 6.1094528e-01	 +6.2686330e-02 -1.0607382e-03	 8.94e-01 Accepted	 184	 211	
327	 6.1085365e-01	 +6.0673093e-02 -1.2076354e-03	 7.38e-01 Accepted	 184	 238	
328	 6.1073593e-01	 +6.2185685e-02 +2.0297950e-04	 7.37e-01 Accepted	 188	 212	
329	 6.1072310e-01	 +6.1770601e-02 -1.1882911e-03	 9.14e-01 Accepted	 180	 214	
330	 6.1074900e-01	 +6.1275549e-02 +4.9552534e-04	 9.24e-01 Accepted	 181	 213	
331	 6.1110217e-01	 +6.3824904e-02 -2.3936004e-04	 1.87e+00 Accepted	 185	 219	
332	 6.1117335e-01	 +6.2472391e-02 -2.4253927e-03	 1.19e+00 Accepted	 182	 211	
333	 6.1116185e-01	 +6.6788713e-02 -4.1252665e-04	 1.11e+00 Accepted	 183	 215	
334	 6.1115316e-01	 +6.2282719e-02 +1.9963170e-03	 1.44e+00 Accepted	 184	 213	
335	 6.1115316e-01	 +6.2282719e-02 +1.9963170e-03	 8.42e-01 Rejected	 180	 211	
336	 6.1097352e-01	 +6.2300864e-02 +1.8290687e-04	 8.25e-01 Accepted	 181	 211	
337	 6.1097946e-01	 +6.5132485e-02 -1.2026178e-03	 1.23e+00 Accepted	 185	 213	
338	 6.1104456e-01	 +6.0684334e-02 -3.1940286e-04	 1.29e+00 Accepted	 180	 213	
339	 6.1108497e-01	 +6.2514268e-02 +1.0762446e-03	 1.19e+00 Accepted	 181	 244	
340	 6.1119101e-01	 +6.2431104e-02 +2.6684684e-04	 1.50e+00 Accepted	 192	 212	
341	 6.1089034e-01	 +6.3789739e-02 -7.7212089e-04	 5.23e-01 Accepted	 180	 214	
342	 6.1109700e-01	 +6.4234877e-02 -6.0705245e-04	 1.69e+00 Accepted	 180	 212	
343	 6.1092903e-01	 +6.3869273e-02 +1.2706047e-03	 7.62e-01 Accepted	 180	 212	
344	 6.1093374e-01	 +6.4428867e-02 +7.4201175e-04	 7.75e-01 Accepted	 181	 216	
345	 6.1115191e-01	 +6.4054592e-02 -6.0009307e-04	 1.94e+00 Accepted	 184	 252	
346	 6.1138066e-01	 +6.2510404e-02 -9.0130970e-04	 1.01e+00 Accepted	 190	 213	
347	 6.1099691e-01	 +6.4912293e-02 +1.4737518e-03	 6.97e-01 Accepted	 179	 214	
348	 6.1083633e-01	 +6.2423542e-02 -8.5426853e-04	 9.67e-01 Accepted	 181	 212	
349	 6.1114283e-01	 +6.4999168e-02 -1.2911165e-03	 1.25e+00 Accepted	 179	 211	
350	 6.1112396e-01	 +6.4840745e-02 -1.2798807e-03	 9.24e-01 Accepted	 179	 211	
351	 6.1110394e-01	 +6.2522996e-02 -1.0286836e-03	 7.52e-01 Accepted	 179	 211	
352	 6.1129358e-01	 +6.2916281e-02 +2.7363475e-06	 1.29e+00 Accepted	 179	 211	
353	 6.1122110e-01	 +6.3023166e-02 -1.0784379e-03	 6.32e-01 Accepted	 179	 211	
354	 6.1130535e-01	 +6.3175441e-02 -7.6139987e-04	 8.62e-01 Accepted	 180	 212	
355	 6.1101868e-01	 +6.1619943e-02 -2.4937073e-04	 6.27e-01 Accepted	 181	 218	
356	 6.1096639e-01	 +6.5088281e-02 +1.2765316e-03	 8.76e-01 Accepted	 183	 218	
357	 6.1109985e-01	 +6.5202713e-02 +2.3054074e-04	 1.27e+00 Accepted	 182	 211	
358	 6.1085344e-01	 +6.0250127e-02 +7.9287105e-04	 7.32e-01 Accepted	 180	 212	
359	 6.1083714e-01	 +6.2789815e-02 +5.0773988e-04	 8.06e-01 Accepted	 180	 211	
360	 6.1085577e-01	 +6.2497092e-02 +8.2646115e-04	 1.48e+00 Accepted	 180	 212	
361	 6.1099134e-01	 +6.2407935e-02 +1.5958654e-03	 1.03e+00 Accepted	 181	 213	
362	 6.1101261e-01	 +6.3106455e-02 +7.8918598e-06	 1.13e+00 Accepted	 180	 212	
363	 6.1118168e-01	 +6.1935214e-02 +1.2846379e-03	 1.16e+00 Accepted	 179	 212	
364	 6.1118168e-01	 +6.1935214e-02 +1.2846379e-03	 6.35e-01 Rejected	 179	 212	
365	 6.1118168e-01	 +6.1935214e-02 +1.2846379e-03	 6.58e-01 Rejected	 180	 215	
366	 6.1095206e-01	 +6.2575347e-02 -9.2518104e-04	 8.69e-01 Accepted	 179	 211	
367	 6.1095206e-01	 +6.2575347e-02 -9.2518104e-04	 8.47e-01 Rejected	 179	 212	
368	 6.1100831e-01	 +6.1425188e-02 -4.7960820e-04	 1.37e+00 Accepted	 180	 214	
369	 6.1129261e-01	 +6.3833592e-02 -8.1614394e-04	 1.11e+00 Accepted	 180	 213	
370	 6.1136290e-01	 +6.4047039e-02 -3.8396977e-04	 7.99e-01 Accepted	 180	 212	
371	 6.1109066e-01	 +6.2447467e-02 +2.0175990e-05	 6.60e-01 Accepted	 181	 227	
372	 6.1111813e-01	 +6.3663719e-02 +6.3998734e-04	 1.11e+00 Accepted	 183	 212	
373	 6.1108263e-01	 +6.4870438e-02 +3.0391677e-04	 6.39e-01 Accepted	 180	 211	
374	 6.1108263e-01	 +6.4870438e-02 +3.0391677e-04	 8.35e-01 Rejected	 180	 213	
375	 6.1142401e-01	 +6.5850078e-02 -1.0255729e-03	 1.04e+00 Accepted	 179	 216	
376	 6.1105310e-01	 +6.5338063e-02 +9.6250432e-04	 7.10e-01 Accepted	 181	 211	
377	 6.1116503e-01	 +6.7445173e-02 +1.5827960e-04	 1.31e+00 Accepted	 179	 213	
378	 6.1110159e-01	 +6.5442417e-02 -2.7739677e-04	 1.09e+00 Accepted	 181	 211	
379	 6.1117470e-01	 +6.2894157e-02 +6.2571634e-04	 1.04e+00 Accepted	 180	 220	
380	 6.1098485e-01	 +6.6388172e-02 +1.6388723e-03	 9.99e-01 Accepted	 182	 214	
381	 6.1106365e-01	 +6.6214581e-02 +3.2931921e-04	 1.03e+00 Accepted	 180	 211	
382	 6.1086400e-01	 +6.7054653e-02 +4.6837197e-04	 9.81e-01 Accepted	 180	 211	
383	 6.1094195e-01	 +6.6056864e-02 -4.0150502e-04	 1.36e+00 Accepted	 179	 211	
384	 6.1084080e-01	 +6.6692289e-02 -1.2180788e-03	 1.10e+00 Accepted	 181	 212	
385	 6.1071903e-01	 +6.7739002e-02 -5.3727509e-04	 6.36e-01 Accepted	 186	 262	
386	 6.1095984e-01	 +6.6876237e-02 +2.1847056e-03	 1.05e+00 Accepted	 201	 211	
387	 6.1111319e-01	 +6.6322082e-02 -6.9308896e-04	 1.24e+00 Accepted	 180	 220	
388	 6.1111319e-01	 +6.6322082e-02 -6.9308896e-04	 8.10e-01 Rejected	 183	 211	
389	 6.1111319e-01	 +6.6322082e-02 -6.9308896e-04	 8.35e-01 Rejected	 182	 211	
390	 6.1098702e-01	 +6.6787051e-02 +3.4959134e-05	 9.89e-01 Accepted	 182	 210	
391	 6.1098702e-01	 +6.6787051e-02 +3.4959134e-05	 6.95e-01 Rejected	 180	 213	
392	 6.1102427e-01	 +6.5512815e-02 -2.2717284e-04	 7.35e-01 Accepted	 183	 230	
393	 6.1120144e-01	 +6.5208056e-02 -2.3631073e-03	 1.86e+00 Accepted	 187	 232	
394	 6.1092408e-01	 +6.3409095e-02 -1.2001487e-03	 9.19e-01 Accepted	 189	 221	
395	 6.1087442e-01	 +6.6115613e-02 -1.3799590e-03	 7.10e-01 Accepted	 182	 211	
396	 6.1114979e-01	 +6.4414449e-02 -5.1430140e-04	 1.02e+00 Accepted	 182	 241	
397	 6.1126971e-01	 +6.5446922e-02 -1.8566347e-04	 1.54e+00 Accepted	 192	 211	
398	 6.1111110e-01	 +6.6227073e-02 -7.2423196e-04	 6.65e-01 Accepted	 180	 214	
399	 6.1108061e-01	 +6.4425134e-02 +1.5346869e-03	 9.42e-01 Accepted	 179	 212	
400	 6.1108625e-01	 +6.3866646e-02 +6.7076757e-04	 9.69e-01 Accepted	 180	 212	
401	 6.1107295e-01	 +6.2080830e-02 +1.2785985e-03	 1.29e+00 Accepted	 179	 212	
402	 6.1107295e-01	 +6.2080830e-02 +1.2785985e-03	 7.79e-01 Rejected	 180	 211	
403	 6.1113231e-01	 +6.1549014e-02 +9.5247114e-04	 1.02e+00 Accepted	 179	 211	
404	 6.1121223e-01	 +6.5130126e-02 +1.3395537e-03	 1.91e+00 Accepted	 180	 211	
405	 6.1121223e-01	 +6.5130126e-02 +1.3395537e-03	 6.82e-01 Rejected	 179	 212	
406	 6.1113919e-01	 +6.4669943e-02 +6.0894984e-04	 6.48e-01 Accepted	 181	 214	
407	 6.1104535e-01	 +6.4936701e-02 +1.2828429e-03	 8.15e-01 Accepted	 181	 211	
408	 6.1104535e-01	 +6.4936701e-02 +1.2828429e-03	 8.32e-01 Rejected	 180	 213	
409	 6.1083370e-01	 +6.0902124e-02 -3.4471795e-04	 9.93e-01 Accepted	 180	 211	
410	 6.1097018e-01	 +6.1428618e-02 -1.1854272e-03	 1.22e+00 Accepted	 180	 213	
411	 6.1111013e-01	 +6.3023283e-02 -5.8911210e-06	 1.11e+00 Accepted	 180	 212	
412	 6.1108058e-01	 +6.2999042e-02 +6.5425422e-05	 1.23e+00 Accepted	 180	 212	
413	 6.1098000e-01	 +6.5081988e-02 +2.7709912e-04	 8.33e-01 Accepted	 179	 211	
414	 6.1098000e-01	 +6.5081988e-02 +2.7709912e-04	 5.32e-01 Rejected	 185	 258	
415	 6.1090775e-01	 +6.1493402e-02 -7.6909695e-05	 8.72e-01 Accepted	 179	 211	
416	 6.1090775e-01	 +6.1493402e-02 -7.6909695e-05	 8.15e-01 Rejected	 180	 211	
417	 6.1090775e-01	 +6.1493402e-02 -7.6909695e-05	 8.12e-01 Rejected	 180	 220	
418	 6.1071816e-01	 +6.4511556e-02 -1.5746024e-03	 8.87e-01 Accepted	 180	 212	
419	 6.1089751e-01	 +6.2908488e-02 -4.8737023e-04	 1.36e+00 Accepted	 179	 212	
420	 6.1089751e-01	 +6.2908488e-02 -4.8737023e-04	 8.31e-01 Rejected	 181	 212	
421	 6.1097099e-01	 +6.2502879e-02 +1.1499847e-04	 1.36e+00 Accepted	 180	 212	
422	 6.1107002e-01	 +6.4246071e-02 -7.4916896e-04	 9.36e-01 Accepted	 180	 212	
423	 6.1119248e-01	 +6.3653658e-02 -1.1484391e-03	 1.77e+00 Accepted	 181	 219	
424	 6.1119248e-01	 +6.3653658e-02 -1.1484391e-03	 5.47e-01 Rejected	 181	 212	
425	 6.1096585e-01	 +6.2074727e-02 -2.0568709e-04	 9.52e-01 Accepted	 182	 211	
426	 6.1096585e-01	 +6.2074727e-02 -2.0568709e-04	 6.99e-01 Rejected	 180	 212	
427	 6.1133011e-01	 +6.2055543e-02 -8.5121695e-04	 1.24e+00 Accepted	 180	 213	
428	 6.1120976e-01	 +6.5533127e-02 -2.4546967e-04	 1.03e+00 Accepted	 180	 212	
429	 6.1113250e-01	 +6.4867527e-02 +1.1297293e-03	 6.68e-01 Accepted	 180	 212	
430	 6.1116438e-01	 +6.3224630e-02 -7.4600861e-04	 7.93e-01 Accepted	 180	 212	
431	 6.1118900e-01	 +6.3923047e-02 +1.8551489e-04	 1.07e+00 Accepted	 179	 211	
432	 6.1114322e-01	 +6.3715571e-02 +1.2135683e-03	 5.23e-01 Accepted	 180	 211	
433	 6.1114322e-01	 +6.3715571e-02 +1.2135683e-03	 6.68e-01 Rejected	 180	 211	
434	 6.1105006e-01	 +6.3766312e-02 +1.8210942e-03	 8.55e-01 Accepted	 179	 211	
435	 6.1105523e-01	 +6.2382808e-02 -3.2837144e-04	 8.63e-01 Accepted	 185	 219	
436	 6.1100894e-01	 +6.3109489e-02 +5.1352784e-04	 1.29e+00 Accepted	 184	 212	
437	 6.1107277e-01	 +6.5790134e-02 +3.4421299e-04	 8.98e-01 Accepted	 181	 211	
438	 6.1105398e-01	 +6.5741920e-02 +1.1953499e-03	 8.03e-01 Accepted	 181	 213	
439	 6.1099193e-01	 +6.7408682e-02 +1.4216549e-03	 1.09e+00 Accepted	 184	 211	
440	 6.1106061e-01	 +6.6117535e-02 +1.6984943e-03	 9.50e-01 Accepted	 182	 214	
441	 6.1102219e-01	 +6.4056091e-02 -6.4763543e-04	 9.86e-01 Accepted	 181	 215	
442	 6.1096516e-01	 +6.7859011e-02 +4.1469907e-05	 8.93e-01 Accepted	 181	 214	
443	 6.1091826e-01	 +6.5780272e-02 -1.5013740e-03	 1.05e+00 Accepted	 181	 219	
444	 6.1103804e-01	 +6.4130610e-02 -1.1492247e-04	 1.50e+00 Accepted	 184	 213	
445	 6.1122781e-01	 +6.4997608e-02 -2.5378237e-03	 7.44e-01 Accepted	 181	 215	
446	 6.1119994e-01	 +6.4755427e-02 -2.2893065e-04	 1.10e+00 Accepted	 181	 211	
447	 6.1119994e-01	 +6.4755427e-02 -2.2893065e-04	 9.23e-01 Rejected	 179	 211	
448	 6.1118408e-01	 +6.2421136e-02 -2.5297666e-04	 9.89e-01 Accepted	 181	 216	
449	 6.1102577e-01	 +6.4958817e-02 -4.0935771e-04	 8.64e-01 Accepted	 181	 211	
450	 6.1098568e-01	 +6.2673077e-02 -9.6105011e-04	 1.22e+00 Accepted	 183	 252	
451	 6.1098568e-01	 +6.2673077e-02 -9.6105011e-04	 8.56e-01 Rejected	 196	 225	
452	 6.1108220e-01	 +6.3805361e-02 -1.1670200e-03	 1.20e+00 Accepted	 193	 218	
453	 6.1120681e-01	 +6.2885532e-02 +7.3758403e-06	 6.95e-01 Accepted	 183	 211	
454	 6.1126827e-01	 +6.3432478e-02 -1.9942661e-03	 7.50e-01 Accepted	 180	 219	
455	 6.1115077e-01	 +6.3973674e-02 +1.3504113e-03	 7.63e-01 Accepted	 182	 214	
456	 6.1115077e-01	 +6.3973674e-02 +1.3504113e-03	 6.94e-01 Rejected	 190	 247	
457	 6.1115077e-01	 +6.3973674e-02 +1.3504113e-03	 7.05e-01 Rejected	 182	 230	
458	 6.1091748e-01	 +6.4167796e-02 +6.7575076e-04	 6.43e-01 Accepted	 183	 222	
459	 6.1102893e-01	 +6.2288764e-02 +6.6982034e-04	 1.45e+00 Accepted	 183	 211	
460	 6.1105696e-01	 +6.3153055e-02 +1.1495052e-04	 1.03e+00 Accepted	 179	 211	
461	 6.1105322e-01	 +6.5559060e-02 +8.0008336e-05	 1.03e+00 Accepted	 180	 212	
462	 6.1092863e-01	 +6.3571243e-02 +1.1852358e-03	 8.75e-01 Accepted	 180	 212	
463	 6.1065492e-01	 +6.3638888e-02 +2.0558474e-03	 5.07e-01 Accepted	 180	 229	
464	 6.1085451e-01	 +6.4866595e-02 +5.3961424e-04	 6.88e-01 Accepted	 186	 229	
465	 6.1085286e-01	 +6.4664145e-02 +8.1966451e-04	 9.74e-01 Accepted	 185	 216	
466	 6.1112018e-01	 +6.1036115e-02 +1.6375400e-03	 1.38e+00 Accepted	 181	 213	
467	 6.1114557e-01	 +6.1369166e-02 -2.5841386e-04	 6.18e-01 Accepted	 180	 213	
468	 6.1132096e-01	 +6.2576906e-02 -5.7036718e-04	 1.54e+00 Accepted	 181	 213	
469	 6.1127079e-01	 +6.3390594e-02 +6.4096705e-04	 1.16e+00 Accepted	 182	 224	
470	 6.1121394e-01	 +6.5008196e-02 +4.0027551e-04	 9.79e-01 Accepted	 184	 217	
471	 6.1127015e-01	 +6.3163951e-02 +1.2619369e-03	 8.99e-01 Accepted	 182	 212	
472	 6.1130602e-01	 +6.2744315e-02 -2.3355459e-04	 8.94e-01 Accepted	 181	 211	
473	 6.1109712e-01	 +6.2376420e-02 +4.8636424e-04	 7.36e-01 Accepted	 180	 213	
# Starting_type: CheckpointStart
# Trajectory_length / Number_of_MD_steps: 1 / 8
# 	 Plaquette	 Polyakov_Loop(re,im)	 Acc._Probability	 runtime_per_traj(s)	 CG_iterations	
473	 6.1109712e-01	 +6.2376420e-02 +4.8636424e-04	 7.36e-01 Accepted	 182	 213	
474	 6.1106204e-01	 +6.4948478e-02 -7.2625135e-04	 7.38e-01 Accepted	 181	 213	
475	 6.1084907e-01	 +6.4272883e-02 +5.5505109e-06	 8.14e-01 Accepted	 181	 214	
476	 6.1077649e-01	 +6.4071872e-02 -8.3797182e-04	 1.13e+00 Accepted	 182	 213	
477	 6.1077270e-01	 +6.0605361e-02 +3.7477572e-05	 1.08e+00 Accepted	 181	 211	
478	 6.1053365e-01	 +6.2697733e-02 +1.0572663e-03	 9.80e-01 Accepted	 180	 215	
479	 6.1070427e-01	 +6.2437160e-02 -5.3512624e-04	 1.64e+00 Accepted	 181	 213	
480	 6.1093085e-01	 +6.2804325e-02 -2.2329927e-03	 1.48e+00 Accepted	 181	 212	
481	 6.1085393e-01	 +6.3613280e-02 -4.9514504e-04	 8.49e-01 Accepted	 181	 217	
482	 6.1098893e-01	 +6.4221760e-02 -1.8463805e-04	 1.39e+00 Accepted	 181	 214	
483	 6.1095379e-01	 +6.3662671e-02 -3.0345552e-04	 8.79e-01 Accepted	 181	 215	
484	 6.1068022e-01	 +6.4647733e-02 +7.3007466e-04	 7.64e-01 Accepted	 181	 212	
485	 6.1091037e-01	 +6.4788653e-02 +1.2671221e-03	 1.66e+00 Accepted	 181	 215	
486	 6.1097983e-01	 +6.2565192e-02 +1.5072416e-03	 1.03e+00 Accepted	 181	 213	
487	 6.1102788e-01	 +6.3827642e-02 +9.9801368e-04	 1.17e+00 Accepted	 181	 218	
488	 6.1120116e-01	 +6.5054409e-02 -1.8565960e-04	 1.08e+00 Accepted	 181	 212	
489	 6.1109971e-01	 +6.2972792e-02 -6.2148321e-04	 1.59e+00 Accepted	 181	 233	
490	 6.1109201e-01	 +6.4709905e-02 +1.3099294e-03	 7.90e-01 Accepted	 186	 213	
491	 6.1095207e-01	 +6.2053398e-02 +7.6636307e-04	 1.04e+00 Accepted	 182	 238	
492	 6.1082299e-01	 +6.3449561e-02 +9.8028570e-04	 1.15e+00 Accepted	 188	 211	
493	 6.1082299e-01	 +6.3449561e-02 +9.8028570e-04	 6.85e-01 Rejected	 181	 222	
494	 6.1087793e-01	 +6.4502888e-02 -1.9118762e-03	 1.14e+00 Accepted	 180	 213	
495	 6.1087793e-01	 +6.4502888e-02 -1.9118762e-03	 6.68e-01 Rejected	 180	 211	
496	 6.1078890e-01	 +6.5181223e-02 -1.2855516e-04	 8.40e-01 Accepted	 180	 212	
497	 6.1092889e-01	 +6.6897353e-02 +5.7844570e-04	 1.35e+00 Accepted	 180	 213	
498	 6.1090600e-01	 +6.5121748e-02 +9.8576222e-04	 1.21e+00 Accepted	 180	 215	
499	 6.1086919e-01	 +6.6782415e-02 -8.0200674e-04	 8.97e-01 Accepted	 180	 215	
500	 6.1086919e-01	 +6.6782415e-02 -8.0200674e-04	 7.55e-01 Rejected	 181	 213	
501	 6.1096870e-01	 +6.6311644e-02 -1.9300407e-03	 1.13e+00 Accepted	 181	 212	
502	 6.1077656e-01	 +6.8233708e-02 +2.3509319e-04	 6.37e-01 Accepted	 180	 212	
503	 6.1089338e-01	 +6.8276673e-02 +7.6354316e-04	 1.24e+00 Accepted	 179	 214	
504	 6.1089703e-01	 +6.7598450e-02 +5.8226091e-04	 7.81e-01 Accepted	 180	 211	
505	 6.1086203e-01	 +6.5353361e-02 -2.2342141e-03	 1.19e+00 Accepted	 180	 211	
506	 6.1086203e-01	 +6.5353361e-02 -2.2342141e-03	 8.54e-01 Rejected	 185	 234	
507	 6.1091135e-01	 +6.5869371e-02 +3.1829785e-04	 8.73e-01 Accepted	 180	 211	
508	 6.1106621e-01	 +6.8193893e-02 +9.4877363e-04	 1.39e+00 Accepted	 181	 211	
509	 6.1102973e-01	 +6.5699523e-02 -7.0862023e-04	 1.25e+00 Accepted	 182	 244	
510	 6.1102973e-01	 +6.5699523e-02 -7.0862023e-04	 6.36e-01 Rejected	 190	 214	
511	 6.1107211e-01	 +6.7402119e-02 -3.6211233e-04	 9.99e-01 Accepted	 189	 215	
512	 6.1102634e-01	 +6.5207011e-02 +1.1381373e-03	 9.14e-01 Accepted	 182	 229	
513	 6.1106285e-01	 +6.4473294e-02 +2.5443200e-03	 1.02e+00 Accepted	 190	 212	
514	 6.1098850e-01	 +6.3723734e-02 -5.0099197e-04	 8.89e-01 Accepted	 181	 211	
515	 6.1092892e-01	 +6.2683668e-02 +4.2353012e-05	 5.98e-01 Accepted	 180	 212	
516	 6.1105406e-01	 +6.3849843e-02 -9.7562950e-04	 1.52e+00 Accepted	 180	 212	
517	 6.1114888e-01	 +6.5988453e-02 -2.8335619e-04	 9.00e-01 Accepted	 181	 213	
518	 6.1114888e-01	 +6.5988453e-02 -2.8335619e-04	 9.09e-01 Rejected	 181	 219	
519	 6.1101864e-01	 +6.2903662e-02 +1.3347389e-03	 1.08e+00 Accepted	 182	 235	
520	 6.1079844e-01	 +6.3998516e-02 +6.3552405e-04	 6.96e-01 Accepted	 188	 213	
521	 6.1096488e-01	 +6.3740414e-02 -2.2682324e-06	 1.60e+00 Accepted	 181	 213	
522	 6.1098508e-01	 +6.2495502e-02 +1.2488632e-04	 1.24e+00 Accepted	 180	 212	
523	 6.1098508e-01	 +6.2495502e-02 +1.2488632e-04	 9.25e-01 Rejected	 180	 211	
524	 6.1106997e-01	 +6.4843762e-02 +1.2496091e-03	 1.17e+00 Accepted	 181	 220	
525	 6.1124127e-01	 +6.3950313e-02 -6.2804616e-05	 1.04e+00 Accepted	 183	 213	
526	 6.1107186e-01	 +6.1803511e-02 +1.7868344e-03	 1.16e+00 Accepted	 181	 213	
527	 6.1085236e-01	 +6.3380636e-02 -3.8205767e-04	 1.23e+00 Accepted	 181	 224	
528	 6.1110600e-01	 +6.5505685e-02 -1.4644653e-03	 7.61e-01 Accepted	 183	 212	
529	 6.1099440e-01	 +6.5313857e-02 -7.6412876e-04	 1.07e+00 Accepted	 180	 211	
530	 6.1095057e-01	 +6.1231722e-02 -6.4027009e-04	 7.81e-01 Accepted	 180	 211	
531	 6.1077719e-01	 +6.1325950e-02 +8.1993125e-04	 9.28e-01 Accepted	 179	 212	
532	 6.1082168e-01	 +5.9940742e-02 -6.4899199e-04	 1.03e+00 Accepted	 180	 211	
533	 6.1079370e-01	 +6.2353898e-02 +9.7171971e-04	 9.34e-01 Accepted	 179	 212	
534	 6.1084510e-01	 +6.3041145e-02 +3.9957920e-04	 1.30e+00 Accepted	 180	 211	
535	 6.1077128e-01	 +6.4588370e-02 +1.1501777e-03	 9.40e-01 Accepted	 180	 211	
536	 6.1068796e-01	 +6.2526826e-02 -9.6758697e-04	 1.03e+00 Accepted	 179	 213	
537	 6.1091388e-01	 +6.2787337e-02 +3.1819744e-04	 1.21e+00 Accepted	 179	 212	
538	 6.1105119e-01	 +6.2992742e-02 +4.4378277e-04	 1.56e+00 Accepted	 183	 217	
539	 6.1119657e-01	 +6.3495281e-02 -1.4612621e-03	 1.34e+00 Accepted	 181	 211	
540	 6.1116479e-01	 +6.2512686e-02 -2.0074372e-04	 7.99e-01 Accepted	 180	 211	
541	 6.1103956e-01	 +6.3805560e-02 -2.2494605e-05	 7.83e-01 Accepted	 179	 218	
542	 6.1073623e-01	 +6.1024983e-02 -1.5324903e-05	 6.77e-01 Accepted	 183	 222	
543	 6.1073971e-01	 +6.0812883e-02 -2.9287750e-04	 1.01e+00 Accepted	 183	 212	
544	 6.1084860e-01	 +6.1818130e-02 +5.0272649e-04	 1.14e+00 Accepted	 188	 233	
545	 6.1099265e-01	 +6.2682466e-02 +1.4102563e-03	 1.32e+00 Accepted	 186	 213	
546	 6.1123294e-01	 +6.1341064e-02 +4.6436003e-04	 1.33e+00 Accepted	 182	 218	
547	 6.1112267e-01	 +6.1767257e-02 +1.0371411e-03	 6.61e-01 Accepted	 181	 213	
548	 6.1127096e-01	 +6.1702138e-02 +2.6311217e-04	 1.19e+00 Accepted	 181	 212	
549	 6.1118724e-01	 +5.9701839e-02 +1.9801611e-03	 9.41e-01 Accepted	 180	 216	
550	 6.1117917e-01	 +6.0958230e-02 -6.4095723e-04	 7.89e-01 Accepted	 181	 213	
551	 6.1113546e-01	 +5.9747872e-02 +4.8764478e-04	 8.30e-01 Accepted	 180	 218	
552	 6.1096771e-01	 +6.0991331e-02 +1.6876770e-03	 1.12e+00 Accepted	 183	 222	
553	 6.1093828e-01	 +6.0086994e-02 +1.9481158e-03	 1.17e+00 Accepted	 184	 214	
554	 6.1109402e-01	 +5.6627402e-02 +2.2991678e-03	 1.13e+00 Accepted	 181	 214	
555	 6.1112666e-01	 +5.7733590e-02 +2.8893479e-04	 1.08e+00 Accepted	 181	 213	
556	 6.1112666e-01	 +5.7733590e-02 +2.8893479e-04	 7.83e-01 Rejected	 181	 213	
557	 6.1112666e-01	 +5.7733590e-02 +2.8893479e-04	 7.86e-01 Rejected	 181	 213	
558	 6.1104681e-01	 +5.7582358e-02 +2.0454733e-03	 7.72e-01 Accepted	 184	 224	
559	 6.1114772e-01	 +6.0916979e-02 +1.1511761e-03	 1.77e+00 Accepted	 184	 213	
560	 6.1104738e-01	 +5.9394343e-02 -3.3161221e-05	 6.42e-01 Accepted	 181	 212	
561	 6.1118201e-01	 +5.8602935e-02 -8.0679448e-04	 1.42e+00 Accepted	 181	 222	
562	 6.1119300e-01	 +5.9088428e-02 -8.4696546e-04	 9.30e-01 Accepted	 184	 213	
563	 6.1110245e-01	 +6.1105010e-02 +3.2781215e-04	 6.47e-01 Accepted	 181	 213	
564	 6.1107260e-01	 +6.1698379e-02 -8.9727932e-04	 8.78e-01 Accepted	 182	 220	
565	 6.1120660e-01	 +6.0905871e-02 +6.9174930e-04	 9.05e-01 Accepted	 182	 213	
566	 6.1106996e-01	 +5.9232293e-02 -1.0873108e-03	 9.75e-01 Accepted	 181	 212	
567	 6.1111843e-01	 +6.0503318e-02 +7.7683497e-04	 1.04e+00 Accepted	 179	 213	
568	 6.1105417e-01	 +5.9364281e-02 +4.2088788e-04	 8.28e-01 Accepted	 182	 212	
569	 6.1119457e-01	 +5.9792999e-02 +9.8108090e-04	 1.53e+00 Accepted	 180	 221	
570	 6.1119320e-01	 +5.9237865e-02 -4.1889696e-04	 6.72e-01 Accepted	 186	 231	
571	 6.1119395e-01	 +5.9530842e-02 +9.9945033e-04	 7.74e-01 Accepted	 188	 232	
572	 6.1119395e-01	 +5.9530842e-02 +9.9945033e-04	 9.26e-01 Rejected	 186	 213	
573	 6.1121634e-01	 +5.8399255e-02 +2.5716848e-03	 1.32e+00 Accepted	 186	 213	
574	 6.1103731e-01	 +6.0803357e-02 +2.6054039e-04	 6.22e-01 Accepted	 181	 216	
575	 6.1122956e-01	 +6.0759700e-02 -1.1494320e-03	 1.69e+00 Accepted	 182	 213	
576	 6.1092921e-01	 +6.1923983e-02 -1.6715440e-03	 7.34e-01 Accepted	 181	 213	
577	 6.1119971e-01	 +6.1648545e-02 -1.5266262e-03	 1.23e+00 Accepted	 180	 211	
578	 6.1119971e-01	 +6.1648545e-02 -1.5266262e-03	 7.92e-01 Rejected	 181	 212	
579	 6.1118160e-01	 +6.1516946e-02 -1.3227018e-04	 8.87e-01 Accepted	 180	 212	
580	 6.1120587e-01	 +6.1496731e-02 -1.1025403e-03	 9.43e-01 Accepted	 180	 211	
581	 6.1117475e-01	 +6.1058134e-02 -1.1271039e-03	 5.09e-01 Accepted	 180	 212	
582	 6.1113673e-01	 +6.4093717e-02 +5.7114973e-04	 1.28e+00 Accepted	 180	 211	
583	 6.1108389e-01	 +6.1139194e-02 +4.0527354e-04	 9.58e-01 Accepted	 179	 211	
584	 6.1100586e-01	 +6.1410472e-02 +3.0471337e-03	 1.37e+00 Accepted	 182	 221	
585	 6.1106623e-01	 +6.2078952e-02 +6.8147868e-04	 1.17e+00 Accepted	 183	 213	
586	 6.1106623e-01	 +6.2078952e-02 +6.8147868e-04	 8.11e-01 Rejected	 182	 229	
587	 6.1072730e-01	 +6.3067653e-02 +1.2328999e-03	 5.33e-01 Accepted	 184	 218	
588	 6.1072730e-01	 +6.3067653e-02 +1.2328999e-03	 8.17e-01 Rejected	 182	 212	
589	 6.1068610e-01	 +5.9566900e-02 -8.0224220e-04	 9.01e-01 Accepted	 182	 216	
590	 6.1077220e-01	 +6.3048681e-02 +7.3290143e-05	 1.11e+00 Accepted	 184	 217	
591	 6.1111136e-01	 +6.3079927e-02 -2.1540816e-03	 1.05e+00 Accepted	 183	 213	
592	 6.1108563e-01	 +6.0937122e-02 -1.2129467e-03	 1.19e+00 Accepted	 181	 219	
593	 6.1108563e-01	 +6.0937122e-02 -1.2129467e-03	 8.09e-01 Rejected	 186	 213	
594	 6.1097181e-01	 +6.1435159e-02 -1.5419843e-03	 1.14e+00 Accepted	 183	 216	
595	 6.1104235e-01	 +6.2758057e-02 -1.0601159e-03	 1.13e+00 Accepted	 181	 212	
596	 6.1107487e-01	 +6.3026153e-02 -1.8120586e-03	 1.05e+00 Accepted	 181	 216	
597	 6.1125576e-01	 +6.1872845e-02 -3.7733492e-04	 1.93e+00 Accepted	 186	 238	
598	 6.1125576e-01	 +6.1872845e-02 -3.7733492e-04	 7.11e-01 Rejected	 188	 222	
599	 6.1125576e-01	 +6.1872845e-02 -3.7733492e-04	 8.92e-01 Rejected	 187	 213	
600	 6.1114342e-01	 +6.1320742e-02 -5.2134085e-04	 9.23e-01 Accepted	 200	 261	
601	 6.1098819e-01	 +6.2496121e-02 -1.2291271e-03	 1.30e+00 Accepted	 193	 212	
602	 6.1080602e-01	 +6.0310037e-02 -4.7877951e-04	 8.78e-01 Accepted	 180	 212	
603	 6.1090751e-01	 +6.2147348e-02 +1.7376681e-03	 1.25e+00 Accepted	 184	 213	
604	 6.1089272e-01	 +6.1460153e-02 -3.8325761e-04	 1.27e+00 Accepted	 181	 212	
605	 6.1082725e-01	 +6.2005358e-02 +4.3423223e-04	 1.15e+00 Accepted	 184	 224	
606	 6.1101057e-01	 +6.3404941e-02 +6.9456834e-04	 1.20e+00 Accepted	 184	 212	
607	 6.1096696e-01	 +6.0071413e-02 +1.5780847e-04	 9.45e-01 Accepted	 181	 215	
608	 6.1122687e-01	 +6.3189626e-02 -8.2292924e-04	 1.51e+00 Accepted	 188	 214	
609	 6.1130408e-01	 +6.3015400e-02 -1.5931523e-04	 1.15e+00 Accepted	 181	 212	
610	 6.1117910e-01	 +6.1772623e-02 +1.1689728e-03	 9.80e-01 Accepted	 180	 216	
611	 6.1149618e-01	 +6.2071185e-02 +8.2017790e-04	 1.46e+00 Accepted	 181	 217	
612	 6.1122796e-01	 +6.4252431e-02 -8.3630177e-06	 9.11e-01 Accepted	 182	 211	
613	 6.1122796e-01	 +6.4252431e-02 -8.3630177e-06	 5.50e-01 Rejected	 180	 212	
614	 6.1113210e-01	 +6.4451443e-02 +4.8565540e-04	 1.13e+00 Accepted	 180	 211	
615	 6.1116642e-01	 +6.3413197e-02 -8.7770262e-04	 1.00e+00 Accepted	 180	 212	
616	 6.1131353e-01	 +6.5760105e-02 -7.4172216e-04	 1.26e+00 Accepted	 180	 211	
617	 6.1135916e-01	 +6.5041439e-02 -1.6583875e-04	 9.73e-01 Accepted	 180	 212	
618	 6.1123449e-01	 +6.4001139e-02 +3.8790733e-04	 6.60e-01 Accepted	 181	 213	
619	 6.1117108e-01	 +6.6537840e-02 -1.9058732e-04	 1.33e+00 Accepted	 180	 212	
620	 6.1117108e-01	 +6.6537840e-02 -1.9058732e-04	 7.35e-01 Rejected	 180	 211	
621	 6.1095269e-01	 +6.2386028e-02 -1.7348798e-05	 1.17e+00 Accepted	 182	 234	
622	 6.1112834e-01	 +5.9502122e-02 +6.5717077e-05	 1.06e+00 Accepted	 187	 211	
623	 6.1099810e-01	 +6.2470900e-02 -1.0482819e-03	 9.50e-01 Accepted	 181	 213	
624	 6.1073608e-01	 +6.5950046e-02 -5.6803605e-04	 9.59e-01 Accepted	 181	 212	
625	 6.1087085e-01	 +6.1518376e-02 -9.1294104e-04	 9.23e-01 Accepted	 181	 212	
626	 6.1089393e-01	 +6.3062015e-02 -1.5006892e-03	 1.12e+00 Accepted	 183	 212	
627	 6.1089393e-01	 +6.3062015e-02 -1.5006892e-03	 6.63e-01 Rejected	 179	 212	
628	 6.1119741e-01	 +6.2200244e-02 -1.8281631e-05	 1.12e+00 Accepted	 180	 212	
629	 6.1119893e-01	 +6.5062822e-02 +1.1115767e-03	 9.75e-01 Accepted	 181	 212	
630	 6.1122076e-01	 +6.4811911e-02 -5.9711718e-04	 9.36e-01 Accepted	 182	 212	
631	 6.1122076e-01	 +6.4811911e-02 -5.9711718e-04	 4.42e-01 Rejected	 182	 230	
632	 6.1103343e-01	 +6.5653222e-02 -1.0130237e-03	 5.73e-01 Accepted	 181	 212	
633	 6.1111512e-01	 +6.2675257e-02 +1.4723044e-05	 9.53e-01 Accepted	 181	 219	
634	 6.1115804e-01	 +6.4171650e-02 -1.5322828e-03	 1.25e+00 Accepted	 184	 212	
635	 6.1136150e-01	 +6.2545139e-02 +1.1745960e-03	 1.46e+00 Accepted	 183	 230	
636	 6.1136150e-01	 +6.2545139e-02 +1.1745960e-03	 3.91e-01 Rejected	 186	 239	
637	 6.1121062e-01	 +6.7874524e-02 +2.3745529e-03	 9.17e-01 Accepted	 185	 226	
638	 6.1115294e-01	 +6.2716269e-02 -8.5278464e-04	 6.85e-01 Accepted	 185	 218	
639	 6.1115294e-01	 +6.2716269e-02 -8.5278464e-04	 7.96e-01 Rejected	 182	 212	
640	 6.1125676e-01	 +6.4870542e-02 +1.1217033e-03	 1.04e+00 Accepted	 184	 212	
641	 6.1123137e-01	 +6.7479595e-02 -1.8842660e-03	 7.54e-01 Accepted	 181	 214	
642	 6.1119245e-01	 +6.4567210e-02 -1.1503525e-03	 1.13e+00 Accepted	 181	 211	
643	 6.1096827e-01	 +6.3493213e-02 -1.6379116e-03	 9.23e-01 Accepted	 180	 211	
644	 6.1096958e-01	 +6.4965050e-02 -2.4361908e-05	 6.79e-01 Accepted	 180	 212	
645	 6.1097299e-01	 +6.5279341e-02 +3.5159712e-04	 9.08e-01 Accepted	 180	 211	
646	 6.1096675e-01	 +6.3568370e-02 -3.3937845e-04	 1.02e+00 Accepted	 181	 213	
647	 6.1104307e-01	 +6.5850691e-02 -7.3211316e-05	 1.19e+00 Accepted	 181	 211	
648	 6.1086681e-01	 +6.6213195e-02 -3.4029618e-04	 7.09e-01 Accepted	 181	 211	
649	 6.1082055e-01	 +6.7329212e-02 -3.4046418e-04	 1.13e+00 Accepted	 180	 211	
650	 6.1083082e-01	 +6.5985811e-02 +2.1034144e-04	 9.39e-01 Accepted	 180	 214	
651	 6.1091558e-01	 +6.5808863e-02 +1.0213673e-03	 1.46e+00 Accepted	 181	 213	
652	 6.1088363e-01	 +6.3041710e-02 +7.6466576e-04	 8.29e-01 Accepted	 183	 219	
653	 6.1087866e-01	 +6.4111194e-02 +4.7234795e-04	 8.21e-01 Accepted	 184	 211	
654	 6.1094453e-01	 +6.4032070e-02 +1.9073750e-04	 8.93e-01 Accepted	 180	 211	
655	 6.1103981e-01	 +6.5760332e-02 +1.1749470e-03	 1.14e+00 Accepted	 179	 211	
656	 6.1104571e-01	 +6.4442791e-02 +1.3409759e-03	 9.32e-01 Accepted	 182	 217	
657	 6.1098049e-01	 +6.4190560e-02 +4.5622058e-04	 1.11e+00 Accepted	 181	 213	
658	 6.1109491e-01	 +6.5427730e-02 +4.7370826e-04	 8.77e-01 Accepted	 180	 214	
659	 6.1096982e-01	 +6.5454632e-02 +4.5429549e-04	 1.09e+00 Accepted	 181	 211	
660	 6.1087124e-01	 +6.5242540e-02 -9.1930022e-05	 1.01e+00 Accepted	 180	 215	
661	 6.1105723e-01	 +6.5057516e-02 +1.1653073e-03	 1.27e+00 Accepted	 182	 231	
662	 6.1110748e-01	 +6.3856958e-02 +9.2943451e-04	 1.41e+00 Accepted	 187	 222	
663	 6.1114128e-01	 +6.2586124e-02 +2.0649914e-03	 1.29e+00 Accepted	 184	 211	
664	 6.1109473e-01	 +6.2912695e-02 +7.6965397e-04	 8.33e-01 Accepted	 180	 224	
665	 6.1080812e-01	 +6.4686000e-02 -3.8110808e-04	 4.97e-01 Accepted	 192	 217	
666	 6.1064380e-01	 +6.3130998e-02 +1.4370427e-03	 1.14e+00 Accepted	 182	 213	
667	 6.1085132e-01	 +6.3664549e-02 +2.4014750e-03	 1.02e+00 Accepted	 181	 212	
668	 6.1094661e-01	 +6.0887801e-02 +1.7993097e-04	 1.19e+00 Accepted	 181	 212	
669	 6.1096184e-01	 +6.4079378e-02 +1.0732170e-03	 8.59e-01 Accepted	 181	 215	
670	 6.1074898e-01	 +6.2416703e-02 -5.1255173e-04	 6.73e-01 Accepted	 182	 211	
671	 6.1092995e-01	 +6.7400483e-02 -5.5857723e-04	 1.02e+00 Accepted	 180	 212	
672	 6.1097771e-01	 +6.6072183e-02 -6.4260501e-04	 7.38e-01 Accepted	 180	 212	
673	 6.1112229e-01	 +6.3050064e-02 -9.4825829e-04	 1.03e+00 Accepted	 180	 212	
674	 6.1113814e-01	 +6.6373788e-02 -4.3541668e-04	 1.09e+00 Accepted	 185	 216	
675	 6.1113052e-01	 +6.5734360e-02 -7.7952045e-04	 1.17e+00 Accepted	 182	 218	
676	 6.1118306e-01	 +6.4685208e-02 +9.7144520e-04	 1.04e+00 Accepted	 182	 211	
677	 6.1120929e-01	 +6.2343267e-02 -1.8533558e-05	 1.15e+00 Accepted	 181	 217	
678	 6.1122450e-01	 +6.3660795e-02 -3.3501202e-04	 8.67e-01 Accepted	 182	 213	
679	 6.1132237e-01	 +6.2802573e-02 +1.3489015e-03	 1.25e+00 Accepted	 181	 211	
680	 6.1132237e-01	 +6.2802573e-02 +1.3489015e-03	 6.64e-01 Rejected	 180	 212	
681	 6.1132237e-01	 +6.2802573e-02 +1.3489015e-03	 5.30e-01 Rejected	 180	 212	
682	 6.1132844e-01	 +6.5134412e-02 -6.5777788e-04	 1.03e+00 Accepted	 182	 221	
683	 6.1131070e-01	 +6.4405306e-02 +1.3175755e-03	 9.63e-01 Accepted	 182	 211	
684	 6.1116207e-01	 +6.7734613e-02 -2.1220238e-04	 1.04e+00 Accepted	 180	 213	
685	 6.1083271e-01	 +6.3627682e-02 +4.8508006e-04	 4.29e-01 Accepted	 180	 211	
686	 6.1078207e-01	 +6.5336286e-02 -4.7952932e-04	 8.63e-01 Accepted	 181	 227	
687	 6.1100044e-01	 +6.4553413e-02 +3.4085604e-04	 1.64e+00 Accepted	 186	 212	
688	 6.1112287e-01	 +6.3151165e-02 -8.9508550e-04	 1.27e+00 Accepted	 181	 212	
689	 6.1110369e-01	 +6.2952887e-02 -6.8307105e-05	 1.10e+00 Accepted	 180	 212	
690	 6.1111153e-01	 +6.5749803e-02 -9.5948642e-04	 1.13e+00 Accepted	 180	 211	
691	 6.1115190e-01	 +6.7792319e-02 -1.5154622e-04	 1.02e+00 Accepted	 184	 212	
692	 6.1113169e-01	 +6.7349705e-02 -2.8478188e-04	 9.14e-01 Accepted	 180	 211	
693	 6.1118510e-01	 +6.5633437e-02 -1.4921863e-03	 1.82e+00 Accepted	 181	 227	
694	 6.1111672e-01	 +6.5716934e-02 -5.2460596e-05	 8.91e-01 Accepted	 185	 214	
695	 6.1134883e-01	 +6.5512772e-02 +3.7751497e-04	 1.43e+00 Accepted	 180	 211	
696	 6.1106878e-01	 +6.6159317e-02 -2.8991303e-04	 7.86e-01 Accepted	 181	 228	
697	 6.1117330e-01	 +6.6801417e-02 -1.5939022e-03	 1.67e+00 Accepted	 183	 211	
698	 6.1133223e-01	 +6.5736186e-02 -1.0138301e-03	 1.65e+00 Accepted	 179	 211	
699	 6.1111988e-01	 +6.6068554e-02 +3.0521557e-03	 7.83e-01 Accepted	 183	 216	
700	 6.1129449e-01	 +6.6445039e-02 +7.5805164e-04	 1.17e+00 Accepted	 182	 211	
701	 6.1121570e-01	 +6.4831453e-02 +7.6684535e-04	 1.07e+00 Accepted	 181	 211	
702	 6.1097465e-01	 +6.4614864e-02 +8.4641376e-04	 1.02e+00 Accepted	 181	 213	
703	 6.1110404e-01	 +6.5197717e-02 -1.5989139e-04	 8.12e-01 Accepted	 181	 213	
704	 6.1106965e-01	 +6.5087472e-02 -5.7582063e-05	 8.34e-01 Accepted	 183	 212	
705	 6.1087069e-01	 +6.3707607e-02 -5.4306325e-04	 8.28e-01 Accepted	 180	 211	
706	 6.1103969e-01	 +6.2321054e-02 +9.3905906e-04	 1.12e+00 Accepted	 182	 217	
707	 6.1103969e-01	 +6.2321054e-02 +9.3905906e-04	 8.36e-01 Rejected	 182	 213	
708	 6.1118458e-01	 +6.0590477e-02 -4.5784984e-04	 1.06e+00 Accepted	 182	 213	
709	 6.1114027e-01	 +6.3334282e-02 -2.4676838e-03	 1.65e+00 Accepted	 180	 213	
