# Starting_type: ColdStart
# serial RNG seed: 	[44558 64938 59635 354 46320]
# parallel RNG seed:	[30238 15481 54371 20712 50484]
# Trajectory_length / Number_of_MD_steps: 1 / 8
# 	 Plaquette	 Polyakov_Loop(re,im)	 Acc._Probability	 runtime_per_traj(s)	 CG_iterations	
1	 8.0822306e-01	 +4.4530801e-01 +6.4053031e-04	 7.45e-71 Skipping	 237	 368	
2	 7.3847423e-01	 +2.8266398e-01 +3.0102477e-04	 8.10e-32 Skipping	 265	 400	
3	 6.9699107e-01	 +2.0063005e-01 -4.4521430e-04	 6.48e-21 Skipping	 279	 425	
4	 6.6923649e-01	 +1.5812381e-01 -3.9647283e-04	 1.16e-14 Skipping	 288	 440	
5	 6.4954251e-01	 +1.2960812e-01 +3.7222194e-04	 9.83e-11 Skipping	 293	 457	
6	 6.3556875e-01	 +1.1285542e-01 -1.6908696e-03	 9.67e-08 Skipping	 301	 472	
7	 6.2567100e-01	 +9.9968074e-02 -5.2771807e-04	 1.15e-05 Skipping	 308	 485	
8	 6.1867169e-01	 +9.1813132e-02 +5.0776919e-04	 3.93e-04 Skipping	 311	 488	
9	 6.1379749e-01	 +8.4201893e-02 +7.2002570e-04	 6.08e-03 Skipping	 314	 499	
10	 6.1010788e-01	 +8.1049951e-02 +1.8181519e-03	 1.36e-02 Skipping	 317	 503	
11	 6.0753630e-01	 +7.5734993e-02 +1.1652840e-05	 3.67e-02 Skipping	 320	 513	
12	 6.0596133e-01	 +7.5600216e-02 +5.4011238e-04	 1.37e-01 Skipping	 324	 515	
13	 6.0457740e-01	 +7.3534004e-02 -3.8278452e-04	 1.41e-01 Skipping	 325	 519	
14	 6.0365216e-01	 +7.2087016e-02 +8.8155131e-04	 4.30e-01 Skipping	 327	 529	
15	 6.0291364e-01	 +6.9308561e-02 -1.4249899e-03	 3.12e-01 Skipping	 333	 535	
16	 6.0254065e-01	 +6.8362392e-02 -9.3098322e-04	 5.50e-01 Skipping	 334	 532	
17	 6.0215382e-01	 +6.5580985e-02 -2.0326792e-03	 1.11e+00 Skipping	 332	 534	
18	 6.0200158e-01	 +6.8492513e-02 +1.9482815e-03	 3.88e-01 Skipping	 335	 541	
19	 6.0200819e-01	 +6.7340985e-02 -7.4911389e-04	 1.30e+00 Skipping	 337	 541	
20	 6.0185144e-01	 +6.4497005e-02 +4.7912588e-04	 9.24e-01 Skipping	 337	 541	
21	 6.0199565e-01	 +6.2507945e-02 +1.5698694e-03	 1.55e+00 Skipping	 336	 536	
22	 6.0172040e-01	 +6.3572408e-02 -1.6998298e-04	 9.23e-01 Skipping	 336	 541	
23	 6.0178913e-01	 +6.3551183e-02 +4.9979838e-04	 1.47e+00 Skipping	 337	 542	
24	 6.0140900e-01	 +6.3371943e-02 -1.7939613e-03	 7.93e-01 Skipping	 338	 539	
25	 6.0110783e-01	 +6.1999587e-02 -4.0695892e-04	 7.59e-01 Skipping	 336	 543	
26	 6.0124414e-01	 +6.2292469e-02 +1.1919968e-04	 1.32e+00 Skipping	 339	 544	
27	 6.0128794e-01	 +6.0484459e-02 -5.2808730e-04	 1.05e+00 Skipping	 338	 549	
28	 6.0125786e-01	 +6.2444074e-02 -2.2175027e-03	 8.36e-01 Skipping	 342	 551	
29	 6.0155429e-01	 +5.9679779e-02 -8.6903041e-04	 2.55e+00 Skipping	 343	 555	
30	 6.0128416e-01	 +6.1947810e-02 -5.5642857e-04	 6.79e-01 Skipping	 342	 547	
31	 6.0147798e-01	 +6.2470812e-02 -1.1459502e-03	 9.61e-01 Skipping	 342	 557	
32	 6.0151140e-01	 +6.4031272e-02 -5.4745087e-04	 1.03e+00 Skipping	 345	 556	
33	 6.0149600e-01	 +6.1506316e-02 -1.8872868e-04	 1.07e+00 Skipping	 345	 556	
34	 6.0164000e-01	 +6.0818952e-02 +7.8448953e-05	 9.42e-01 Skipping	 344	 551	
35	 6.0142080e-01	 +5.9433226e-02 -1.3493412e-03	 8.67e-01 Skipping	 344	 565	
36	 6.0134883e-01	 +6.0601798e-02 -1.0070165e-03	 6.78e-01 Skipping	 346	 560	
37	 6.0155509e-01	 +6.0084501e-02 -1.2918617e-03	 9.19e-01 Skipping	 346	 555	
38	 6.0176386e-01	 +5.9662397e-02 -1.7971236e-03	 1.22e+00 Skipping	 347	 565	
39	 6.0161569e-01	 +5.9410626e-02 -2.1131061e-03	 5.71e-01 Skipping	 350	 576	
40	 6.0161640e-01	 +5.9407688e-02 -1.3915349e-03	 6.82e-01 Skipping	 356	 582	
41	 6.0137682e-01	 +5.8487080e-02 +1.1554737e-04	 9.16e-01 Skipping	 357	 579	
42	 6.0135372e-01	 +5.9357516e-02 -1.4392726e-03	 8.17e-01 Skipping	 355	 570	
43	 6.0173636e-01	 +5.8775546e-02 +7.1589770e-04	 1.01e+00 Skipping	 349	 560	
44	 6.0166989e-01	 +5.7347445e-02 -5.0530631e-05	 5.58e-01 Skipping	 346	 560	
45	 6.0149376e-01	 +5.8248401e-02 -9.8214199e-04	 8.39e-01 Skipping	 347	 565	
46	 6.0159527e-01	 +5.5416701e-02 +6.1322335e-05	 6.51e-01 Skipping	 346	 563	
47	 6.0126837e-01	 +5.5995620e-02 +3.4555371e-04	 6.16e-01 Skipping	 347	 562	
48	 6.0134765e-01	 +5.6315448e-02 +8.8583868e-05	 4.80e-01 Skipping	 346	 556	
49	 6.0147529e-01	 +5.8166364e-02 +1.6521301e-04	 8.70e-01 Skipping	 343	 558	
50	 6.0149739e-01	 +5.7519644e-02 +1.9097000e-03	 1.76e+00 Skipping	 346	 562	
51	 6.0152548e-01	 +5.7921989e-02 +9.4548197e-04	 8.85e-01 Accepted	 344	 559	
52	 6.0152548e-01	 +5.7921989e-02 +9.4548197e-04	 7.85e-01 Rejected	 344	 558	
53	 6.0148448e-01	 +5.6530117e-02 +2.0409521e-03	 1.06e+00 Accepted	 345	 559	
54	 6.0143749e-01	 +5.5942273e-02 +1.0407058e-03	 9.62e-01 Accepted	 347	 561	
55	 6.0112985e-01	 +5.5221237e-02 +4.1337122e-04	 1.13e+00 Accepted	 346	 567	
56	 6.0115661e-01	 +5.5861956e-02 +1.6828070e-03	 9.69e-01 Accepted	 348	 569	
57	 6.0122552e-01	 +5.6493909e-02 +2.0919989e-03	 1.28e+00 Accepted	 347	 564	
58	 6.0105842e-01	 +5.6819210e-02 +9.4716003e-04	 1.12e+00 Accepted	 349	 571	
59	 6.0105842e-01	 +5.6819210e-02 +9.4716003e-04	 7.29e-01 Rejected	 350	 565	
60	 6.0111137e-01	 +5.7801003e-02 +1.5122181e-03	 1.55e+00 Accepted	 351	 569	
61	 6.0120865e-01	 +5.7428950e-02 -1.0530715e-03	 1.17e+00 Accepted	 350	 563	
62	 6.0139858e-01	 +5.6934621e-02 -1.0141513e-04	 1.39e+00 Accepted	 346	 555	
63	 6.0151791e-01	 +5.7481259e-02 -3.4012692e-05	 1.20e+00 Accepted	 344	 555	
64	 6.0135659e-01	 +5.6966741e-02 -9.5149327e-04	 9.90e-01 Accepted	 344	 550	
65	 6.0131659e-01	 +5.9341409e-02 -1.0836157e-04	 9.74e-01 Accepted	 340	 549	
66	 6.0131073e-01	 +6.0935078e-02 +5.4050959e-04	 1.15e+00 Accepted	 340	 552	
67	 6.0129350e-01	 +5.9322521e-02 +7.8914302e-04	 5.19e-01 Accepted	 343	 560	
68	 6.0129350e-01	 +5.9322521e-02 +7.8914302e-04	 5.61e-01 Rejected	 347	 559	
69	 6.0131552e-01	 +5.7710644e-02 +7.3569631e-04	 9.62e-01 Accepted	 347	 561	
70	 6.0132344e-01	 +5.8250518e-02 -1.1232386e-03	 7.56e-01 Accepted	 346	 566	
71	 6.0152713e-01	 +5.9924812e-02 -5.8435470e-04	 1.97e+00 Accepted	 349	 564	
72	 6.0152713e-01	 +5.9924812e-02 -5.8435470e-04	 6.13e-01 Rejected	 347	 565	
73	 6.0147941e-01	 +5.7915304e-02 -8.2353483e-04	 1.09e+00 Accepted	 351	 573	
74	 6.0147941e-01	 +5.7915304e-02 -8.2353483e-04	 5.04e-01 Rejected	 351	 566	
75	 6.0157228e-01	 +5.8590911e-02 +8.1151387e-04	 1.13e+00 Accepted	 351	 565	
76	 6.0158643e-01	 +5.7493973e-02 +8.1599425e-04	 9.33e-01 Accepted	 347	 559	
77	 6.0173039e-01	 +5.6343257e-02 +1.2305617e-03	 1.25e+00 Accepted	 345	 560	
78	 6.0144368e-01	 +5.6510279e-02 -2.3122172e-04	 5.87e-01 Accepted	 345	 560	
79	 6.0149733e-01	 +6.1111316e-02 +8.0652499e-04	 8.09e-01 Accepted	 343	 566	
80	 6.0149733e-01	 +6.1111316e-02 +8.0652499e-04	 5.98e-01 Rejected	 348	 566	
81	 6.0135905e-01	 +5.9521533e-02 +7.2948908e-05	 9.35e-01 Accepted	 347	 562	
82	 6.0140912e-01	 +5.7234318e-02 +1.9950804e-04	 7.12e-01 Accepted	 346	 556	
83	 6.0145531e-01	 +6.0340856e-02 -5.3427202e-04	 9.53e-01 Accepted	 345	 558	
84	 6.0148842e-01	 +6.0058509e-02 -2.2418167e-04	 9.43e-01 Accepted	 345	 562	
85	 6.0162669e-01	 +5.8487655e-02 +1.0752477e-03	 1.28e+00 Accepted	 347	 568	
86	 6.0165374e-01	 +5.7461930e-02 +5.8395402e-05	 1.08e+00 Accepted	 349	 571	
87	 6.0165374e-01	 +5.7461930e-02 +5.8395402e-05	 8.04e-01 Rejected	 352	 567	
88	 6.0165374e-01	 +5.7461930e-02 +5.8395402e-05	 5.61e-01 Rejected	 352	 565	
89	 6.0176907e-01	 +5.8688616e-02 +1.7152886e-03	 1.19e+00 Accepted	 352	 571	
90	 6.0176907e-01	 +5.8688616e-02 +1.7152886e-03	 6.28e-01 Rejected	 350	 572	
91	 6.0173722e-01	 +5.8802708e-02 -2.3800420e-04	 1.02e+00 Accepted	 349	 563	
92	 6.0200147e-01	 +5.8293021e-02 -6.0309686e-04	 1.15e+00 Accepted	 348	 564	
93	 6.0148127e-01	 +5.5487168e-02 +1.2558852e-03	 4.76e-01 Accepted	 351	 573	
94	 6.0176389e-01	 +5.5573880e-02 -5.3804639e-04	 1.83e+00 Accepted	 353	 574	
95	 6.0168797e-01	 +5.6811099e-02 -6.7273673e-04	 9.43e-01 Accepted	 353	 578	
96	 6.0151936e-01	 +5.6938237e-02 +1.4242868e-03	 9.94e-01 Accepted	 356	 582	
97	 6.0171686e-01	 +5.7938820e-02 -2.7274105e-04	 8.83e-01 Accepted	 356	 583	
98	 6.0171686e-01	 +5.7938820e-02 -2.7274105e-04	 8.47e-01 Rejected	 360	 593	
99	 6.0157894e-01	 +5.7704937e-02 +2.7759217e-03	 1.22e+00 Accepted	 358	 585	
100	 6.0157894e-01	 +5.7704937e-02 +2.7759217e-03	 6.01e-01 Rejected	 355	 579	
101	 6.0157894e-01	 +5.7704937e-02 +2.7759217e-03	 5.43e-01 Rejected	 355	 579	
102	 6.0131379e-01	 +5.7082402e-02 -9.0743329e-05	 5.93e-01 Accepted	 355	 584	
103	 6.0164693e-01	 +5.9813436e-02 +1.3847203e-03	 2.66e+00 Accepted	 355	 576	
104	 6.0165723e-01	 +5.8603374e-02 +1.7416971e-03	 1.63e+00 Accepted	 354	 575	
105	 6.0157547e-01	 +5.7618705e-02 +1.1389580e-03	 1.04e+00 Accepted	 352	 572	
106	 6.0173418e-01	 +5.8097759e-02 -3.4376820e-05	 1.38e+00 Accepted	 354	 573	
107	 6.0196726e-01	 +5.4805421e-02 +1.0054996e-03	 1.13e+00 Accepted	 352	 580	
108	 6.0197163e-01	 +5.4640595e-02 +1.8982279e-03	 1.19e+00 Accepted	 352	 568	
109	 6.0200460e-01	 +5.6259574e-02 -5.9265457e-04	 1.16e+00 Accepted	 351	 574	
110	 6.0188817e-01	 +5.5473659e-02 +1.0609791e-03	 6.75e-01 Accepted	 352	 577	
111	 6.0188817e-01	 +5.5473659e-02 +1.0609791e-03	 7.29e-01 Rejected	 356	 579	
112	 6.0172961e-01	 +5.6030192e-02 +1.7997524e-03	 7.34e-01 Accepted	 355	 578	
113	 6.0166507e-01	 +5.6738403e-02 -6.0623945e-05	 1.74e+00 Accepted	 354	 579	
114	 6.0156772e-01	 +5.6921031e-02 -5.5155001e-04	 7.10e-01 Accepted	 353	 577	
115	 6.0138008e-01	 +5.6160705e-02 -1.0030742e-03	 6.48e-01 Accepted	 356	 578	
116	 6.0134248e-01	 +5.5842717e-02 -5.2185431e-05	 9.54e-01 Accepted	 355	 577	
117	 6.0136376e-01	 +5.6144589e-02 -4.2446272e-04	 1.61e+00 Accepted	 352	 566	
118	 6.0128203e-01	 +5.2223505e-02 -5.3480190e-04	 8.28e-01 Accepted	 349	 566	
119	 6.0117002e-01	 +5.8822406e-02 +2.4995863e-04	 1.26e+00 Accepted	 348	 567	
120	 6.0105996e-01	 +5.6218122e-02 +5.0861844e-04	 7.45e-01 Accepted	 352	 565	
121	 6.0140523e-01	 +5.6141134e-02 -2.6957507e-04	 2.25e+00 Accepted	 350	 568	
122	 6.0160840e-01	 +5.5316646e-02 -4.8871290e-04	 8.53e-01 Accepted	 348	 558	
123	 6.0147632e-01	 +5.6351680e-02 -5.7464271e-04	 9.09e-01 Accepted	 347	 566	
124	 6.0157386e-01	 +5.6936081e-02 -1.2481102e-03	 1.17e+00 Accepted	 348	 566	
125	 6.0167182e-01	 +5.7227650e-02 -2.3776109e-03	 9.96e-01 Accepted	 349	 566	
126	 6.0153533e-01	 +5.5144208e-02 +4.2478701e-04	 9.34e-01 Accepted	 349	 571	
# Starting_type: CheckpointStart
# Trajectory_length / Number_of_MD_steps: 1 / 8
# 	 Plaquette	 Polyakov_Loop(re,im)	 Acc._Probability	 runtime_per_traj(s)	 CG_iterations	
127	 6.0161481e-01	 +5.7222432e-02 +4.2650915e-04	 1.41e+00 Accepted	 353	 574	
128	 6.0149857e-01	 +5.5774693e-02 +6.8475110e-04	 7.86e-01 Accepted	 354	 579	
129	 6.0165977e-01	 +5.7113766e-02 -1.6928526e-03	 2.21e+00 Accepted	 357	 582	
130	 6.0165977e-01	 +5.7113766e-02 -1.6928526e-03	 8.15e-01 Rejected	 358	 585	
131	 6.0160551e-01	 +5.6896088e-02 -9.8327290e-04	 7.84e-01 Accepted	 355	 573	
132	 6.0146580e-01	 +5.6081986e-02 +5.2544009e-04	 8.60e-01 Accepted	 350	 567	
133	 6.0146580e-01	 +5.6081986e-02 +5.2544009e-04	 7.38e-01 Rejected	 349	 567	
134	 6.0161632e-01	 +5.7339049e-02 +3.1396271e-05	 5.44e-01 Accepted	 348	 561	
135	 6.0158032e-01	 +5.6222955e-02 +4.5255088e-04	 8.60e-01 Accepted	 347	 568	
136	 6.0158032e-01	 +5.6222955e-02 +4.5255088e-04	 6.31e-01 Rejected	 348	 572	
137	 6.0158032e-01	 +5.6222955e-02 +4.5255088e-04	 4.53e-01 Rejected	 347	 565	
138	 6.0158032e-01	 +5.6222955e-02 +4.5255088e-04	 6.89e-01 Rejected	 349	 564	
139	 6.0150108e-01	 +5.6081216e-02 +8.8509765e-04	 4.63e-01 Accepted	 350	 566	
140	 6.0150108e-01	 +5.6081216e-02 +8.8509765e-04	 7.50e-01 Rejected	 348	 567	
141	 6.0114229e-01	 +5.6749998e-02 +1.1945395e-03	 9.99e-01 Accepted	 348	 563	
142	 6.0153126e-01	 +5.7655915e-02 +1.5562400e-03	 1.96e+00 Accepted	 348	 568	
143	 6.0162832e-01	 +5.7167256e-02 +5.1805604e-04	 8.99e-01 Accepted	 346	 562	
144	 6.0155255e-01	 +5.8756990e-02 +5.5254545e-04	 1.10e+00 Accepted	 344	 560	
145	 6.0155255e-01	 +5.8756990e-02 +5.5254545e-04	 6.19e-01 Rejected	 346	 560	
146	 6.0150012e-01	 +5.6314784e-02 +2.6469436e-03	 9.24e-01 Accepted	 346	 567	
147	 6.0141134e-01	 +5.4218987e-02 -1.6716916e-03	 7.35e-01 Accepted	 347	 568	
148	 6.0142503e-01	 +5.4860255e-02 +9.5791094e-04	 1.08e+00 Accepted	 350	 566	
149	 6.0142793e-01	 +5.4873370e-02 +1.1500266e-03	 8.36e-01 Accepted	 346	 564	
150	 6.0142793e-01	 +5.4873370e-02 +1.1500266e-03	 6.75e-01 Rejected	 350	 570	
151	 6.0154025e-01	 +5.6616055e-02 +6.8822483e-04	 9.78e-01 Accepted	 351	 576	
152	 6.0125935e-01	 +5.5286732e-02 +1.3963228e-03	 7.69e-01 Accepted	 354	 575	
153	 6.0131239e-01	 +5.6744072e-02 -4.0887638e-04	 7.49e-01 Accepted	 350	 567	
154	 6.0129790e-01	 +5.6996218e-02 -8.5306808e-04	 1.82e+00 Accepted	 346	 562	
155	 6.0115638e-01	 +5.6423886e-02 +1.8631737e-03	 5.20e-01 Accepted	 347	 566	
156	 6.0119385e-01	 +5.8126740e-02 +1.3796594e-03	 1.54e+00 Accepted	 348	 564	
157	 6.0126927e-01	 +5.7094242e-02 +7.7575441e-04	 6.66e-01 Accepted	 346	 563	
158	 6.0126927e-01	 +5.7094242e-02 +7.7575441e-04	 4.88e-01 Rejected	 346	 557	
159	 6.0151551e-01	 +5.7709832e-02 +2.4352122e-03	 1.11e+00 Accepted	 346	 560	
160	 6.0187988e-01	 +5.8736329e-02 -1.0301896e-03	 1.15e+00 Accepted	 346	 567	
161	 6.0187988e-01	 +5.8736329e-02 -1.0301896e-03	 7.76e-01 Rejected	 348	 560	
162	 6.0189296e-01	 +5.8136069e-02 -1.2711227e-03	 1.29e+00 Accepted	 348	 562	
163	 6.0189296e-01	 +5.8136069e-02 -1.2711227e-03	 6.48e-01 Rejected	 346	 560	
164	 6.0170519e-01	 +5.4776656e-02 -1.7885496e-03	 7.22e-01 Accepted	 345	 566	
165	 6.0155355e-01	 +5.7164116e-02 -1.3600944e-03	 5.07e-01 Accepted	 345	 563	
166	 6.0134525e-01	 +5.8266134e-02 +2.6740350e-04	 3.57e-01 Accepted	 348	 562	
167	 6.0150687e-01	 +5.7797203e-02 +1.0590699e-04	 1.04e+00 Accepted	 345	 559	
168	 6.0138230e-01	 +5.5092475e-02 +3.6552326e-04	 7.29e-01 Accepted	 344	 563	
169	 6.0131976e-01	 +5.7286653e-02 +4.0958195e-04	 7.71e-01 Accepted	 346	 564	
170	 6.0122881e-01	 +5.8231030e-02 +5.1728435e-04	 6.82e-01 Accepted	 349	 572	
171	 6.0112860e-01	 +5.5978920e-02 -1.0230710e-03	 7.61e-01 Accepted	 350	 572	
172	 6.0125675e-01	 +5.6367098e-02 -3.0592720e-05	 1.27e+00 Accepted	 350	 569	
173	 6.0129918e-01	 +5.3981157e-02 +3.6240107e-04	 7.75e-01 Accepted	 350	 569	
174	 6.0123328e-01	 +5.6458863e-02 +7.3732754e-04	 1.43e+00 Accepted	 351	 563	
175	 6.0123328e-01	 +5.6458863e-02 +7.3732754e-04	 8.37e-01 Rejected	 348	 570	
176	 6.0126265e-01	 +5.5027249e-02 +4.6158256e-04	 1.13e+00 Accepted	 349	 567	
177	 6.0124545e-01	 +5.7379390e-02 +6.2303434e-04	 6.21e-01 Accepted	 348	 571	
178	 6.0117056e-01	 +5.6499390e-02 +9.8230007e-04	 1.25e+00 Accepted	 350	 567	
179	 6.0147983e-01	 +5.7709796e-02 -4.4975952e-04	 1.49e+00 Accepted	 346	 564	
180	 6.0143376e-01	 +5.6217674e-02 -2.7970289e-04	 8.31e-01 Accepted	 350	 566	
181	 6.0143379e-01	 +5.6161996e-02 +1.4296487e-03	 1.38e+00 Accepted	 348	 567	
182	 6.0123536e-01	 +5.7038368e-02 +1.3165684e-03	 8.72e-01 Accepted	 349	 563	
183	 6.0143933e-01	 +5.6336998e-02 +1.6123855e-03	 1.23e+00 Accepted	 345	 562	
184	 6.0143933e-01	 +5.6336998e-02 +1.6123855e-03	 7.46e-01 Rejected	 346	 568	
185	 6.0113796e-01	 +5.7091948e-02 -4.3983920e-04	 5.90e-01 Accepted	 345	 568	
186	 6.0113796e-01	 +5.7091948e-02 -4.3983920e-04	 9.82e-01 Rejected	 348	 569	
187	 6.0137236e-01	 +5.4829953e-02 -1.8963866e-03	 1.33e+00 Accepted	 348	 569	
188	 6.0141160e-01	 +5.6213699e-02 -1.0269500e-03	 1.03e+00 Accepted	 347	 565	
189	 6.0131871e-01	 +5.5844115e-02 +4.4373062e-04	 7.54e-01 Accepted	 345	 566	
190	 6.0144313e-01	 +5.2696264e-02 -1.7999366e-03	 1.88e+00 Accepted	 346	 563	
191	 6.0129974e-01	 +5.5531014e-02 +5.0401243e-04	 1.00e+00 Accepted	 347	 564	
192	 6.0123877e-01	 +5.4584281e-02 +3.9770435e-04	 6.33e-01 Accepted	 347	 563	
193	 6.0142954e-01	 +5.5394362e-02 +2.5551996e-04	 1.14e+00 Accepted	 348	 565	
194	 6.0157540e-01	 +5.5182058e-02 +3.6204579e-04	 1.01e+00 Accepted	 348	 570	
195	 6.0158664e-01	 +5.4690361e-02 +8.6603143e-04	 7.25e-01 Accepted	 346	 567	
196	 6.0158664e-01	 +5.4690361e-02 +8.6603143e-04	 4.53e-01 Rejected	 348	 567	
197	 6.0151364e-01	 +5.5009149e-02 +8.3924868e-04	 1.20e+00 Accepted	 348	 570	
198	 6.0160683e-01	 +5.2067913e-02 -1.4234563e-04	 8.92e-01 Accepted	 350	 564	
199	 6.0169479e-01	 +5.6471923e-02 -3.5668039e-04	 5.57e-01 Accepted	 349	 567	
200	 6.0143265e-01	 +5.5135803e-02 -1.1827288e-03	 9.09e-01 Accepted	 349	 567	
201	 6.0150163e-01	 +5.7576765e-02 +8.6136168e-04	 9.86e-01 Accepted	 348	 565	
202	 6.0158604e-01	 +5.7253194e-02 +5.6648892e-04	 1.10e+00 Accepted	 349	 567	
203	 6.0153757e-01	 +5.8520828e-02 +1.1734875e-03	 9.84e-01 Accepted	 346	 557	
204	 6.0151186e-01	 +5.6645409e-02 +1.4459634e-03	 9.80e-01 Accepted	 343	 560	
205	 6.0142874e-01	 +5.8085841e-02 +7.0700167e-04	 1.90e+00 Accepted	 346	 558	
206	 6.0125402e-01	 +5.7040502e-02 -2.3303948e-05	 7.72e-01 Accepted	 345	 561	
207	 6.0134226e-01	 +5.6956383e-02 +1.2632016e-03	 1.28e+00 Accepted	 346	 560	
208	 6.0133255e-01	 +5.9891744e-02 +1.1163108e-03	 9.79e-01 Accepted	 346	 563	
209	 6.0139307e-01	 +5.8841915e-02 +1.6101385e-04	 1.63e+00 Accepted	 345	 555	
210	 6.0137849e-01	 +5.8655152e-02 +8.0882495e-04	 1.03e+00 Accepted	 346	 570	
211	 6.0118466e-01	 +5.7852610e-02 +1.3207784e-03	 6.68e-01 Accepted	 347	 563	
212	 6.0110668e-01	 +5.6189603e-02 +3.3271507e-04	 1.16e+00 Accepted	 345	 562	
213	 6.0121043e-01	 +5.7834735e-02 -1.2128470e-06	 8.29e-01 Accepted	 347	 569	
214	 6.0133130e-01	 +5.9292521e-02 -2.4595388e-04	 2.12e+00 Accepted	 350	 568	
215	 6.0146458e-01	 +5.9867640e-02 -3.7827315e-04	 6.95e-01 Accepted	 347	 562	
216	 6.0166529e-01	 +5.8101965e-02 +5.7783839e-04	 1.61e+00 Accepted	 346	 554	
217	 6.0159330e-01	 +5.8788304e-02 -3.4269758e-04	 4.97e-01 Accepted	 341	 558	
218	 6.0143209e-01	 +5.7596908e-02 -1.3620502e-04	 8.83e-01 Accepted	 344	 553	
219	 6.0143209e-01	 +5.7596908e-02 -1.3620502e-04	 8.89e-01 Rejected	 344	 563	
220	 6.0162340e-01	 +5.5614455e-02 +4.6083659e-04	 1.48e+00 Accepted	 344	 559	
221	 6.0162340e-01	 +5.5614455e-02 +4.6083659e-04	 5.19e-01 Rejected	 342	 557	
222	 6.0162340e-01	 +5.5614455e-02 +4.6083659e-04	 7.87e-01 Rejected	 345	 559	
223	 6.0164625e-01	 +5.6444374e-02 +1.5539367e-03	 8.89e-01 Accepted	 343	 557	
224	 6.0143963e-01	 +5.7313160e-02 -1.7212238e-04	 6.13e-01 Accepted	 344	 558	
225	 6.0149697e-01	 +5.7480034e-02 -9.6390456e-04	 9.69e-01 Accepted	 343	 560	
226	 6.0149697e-01	 +5.7480034e-02 -9.6390456e-04	 6.91e-01 Rejected	 343	 560	
227	 6.0149697e-01	 +5.7480034e-02 -9.6390456e-04	 7.58e-01 Rejected	 346	 567	
228	 6.0157829e-01	 +5.7377586e-02 -2.2885207e-03	 1.53e+00 Accepted	 348	 566	
229	 6.0124842e-01	 +5.9064911e-02 -6.1474718e-04	 8.79e-01 Accepted	 347	 567	
230	 6.0125788e-01	 +5.7652278e-02 +4.2445331e-04	 1.06e+00 Accepted	 348	 560	
231	 6.0163497e-01	 +5.9505281e-02 +1.9368780e-03	 1.42e+00 Accepted	 346	 568	
232	 6.0145831e-01	 +5.7973906e-02 -4.1214923e-04	 8.29e-01 Accepted	 349	 572	
233	 6.0143423e-01	 +5.8777618e-02 +1.9967421e-04	 1.17e+00 Accepted	 348	 564	
234	 6.0142612e-01	 +5.7530420e-02 -8.1071345e-04	 1.26e+00 Accepted	 348	 557	
235	 6.0140631e-01	 +5.8588110e-02 +3.1749139e-04	 8.54e-01 Accepted	 346	 558	
236	 6.0160875e-01	 +5.8310386e-02 +1.4136255e-03	 1.33e+00 Accepted	 346	 563	
237	 6.0151681e-01	 +5.7045679e-02 +1.2517424e-03	 6.20e-01 Accepted	 344	 562	
238	 6.0152289e-01	 +5.6565491e-02 -1.1250558e-04	 8.38e-01 Accepted	 345	 556	
239	 6.0135235e-01	 +5.7880739e-02 -2.9930581e-04	 1.38e+00 Accepted	 343	 556	
240	 6.0156612e-01	 +5.5603697e-02 +5.6796136e-04	 1.20e+00 Accepted	 345	 561	
241	 6.0156612e-01	 +5.5603697e-02 +5.6796136e-04	 5.32e-01 Rejected	 344	 561	
242	 6.0164629e-01	 +5.7402084e-02 -1.1785262e-04	 1.31e+00 Accepted	 345	 557	
243	 6.0139228e-01	 +5.8406943e-02 +3.4494477e-04	 1.19e+00 Accepted	 343	 556	
244	 6.0166856e-01	 +5.8481237e-02 -1.1326632e-04	 2.04e+00 Accepted	 344	 559	
245	 6.0166856e-01	 +5.8481237e-02 -1.1326632e-04	 6.24e-01 Rejected	 346	 561	
246	 6.0166856e-01	 +5.8481237e-02 -1.1326632e-04	 6.40e-01 Rejected	 345	 561	
247	 6.0171083e-01	 +5.8920042e-02 +1.6442754e-03	 8.73e-01 Accepted	 345	 566	
248	 6.0171083e-01	 +5.8920042e-02 +1.6442754e-03	 6.52e-01 Rejected	 346	 560	
249	 6.0154617e-01	 +6.0057412e-02 -2.1815848e-03	 6.33e-01 Accepted	 346	 561	
250	 6.0154617e-01	 +6.0057412e-02 -2.1815848e-03	 4.30e-01 Rejected	 346	 567	
# Starting_type: CheckpointStart
# Trajectory_length / Number_of_MD_steps: 1 / 8
# 	 Plaquette	 Polyakov_Loop(re,im)	 Acc._Probability	 runtime_per_traj(s)	 CG_iterations	
251	 6.0129537e-01	 +5.8862102e-02 -2.1034824e-03	 7.11e-01 Accepted	 346	 554	
252	 6.0137685e-01	 +6.1975023e-02 -9.6839218e-04	 1.73e+00 Accepted	 341	 557	
253	 6.0154651e-01	 +6.0758973e-02 -7.0718327e-04	 1.49e+00 Accepted	 341	 555	
254	 6.0153011e-01	 +5.9393259e-02 -8.8938309e-04	 6.51e-01 Accepted	 342	 550	
255	 6.0153011e-01	 +5.9393259e-02 -8.8938309e-04	 7.33e-01 Rejected	 343	 578	
256	 6.0148077e-01	 +6.0351842e-02 +1.2045299e-03	 1.59e+00 Accepted	 340	 554	
257	 6.0143645e-01	 +6.1255842e-02 -1.2208716e-03	 1.34e+00 Accepted	 342	 554	
258	 6.0172496e-01	 +6.0521546e-02 -9.2740243e-04	 1.26e+00 Accepted	 341	 549	
259	 6.0155179e-01	 +5.9690698e-02 -2.1946337e-03	 1.15e+00 Accepted	 339	 552	
260	 6.0175291e-01	 +5.9570360e-02 -4.0293693e-04	 1.39e+00 Accepted	 341	 553	
261	 6.0158798e-01	 +6.0561816e-02 -9.6580998e-04	 9.74e-01 Accepted	 343	 563	
262	 6.0158798e-01	 +6.0561816e-02 -9.6580998e-04	 5.08e-01 Rejected	 344	 558	
263	 6.0169244e-01	 +5.8897075e-02 -1.5197622e-03	 1.04e+00 Accepted	 344	 560	
264	 6.0145603e-01	 +6.1780322e-02 -4.1018528e-04	 6.95e-01 Accepted	 345	 556	
265	 6.0125741e-01	 +5.8007767e-02 -1.6163385e-03	 1.01e+00 Accepted	 343	 560	
266	 6.0132666e-01	 +5.9252359e-02 -2.1282898e-03	 1.49e+00 Accepted	 344	 562	
267	 6.0143657e-01	 +5.7496506e-02 -1.0846819e-04	 1.01e+00 Accepted	 346	 561	
268	 6.0135224e-01	 +5.9258044e-02 +6.6077693e-04	 1.01e+00 Accepted	 346	 564	
269	 6.0134887e-01	 +5.6514279e-02 +5.0075597e-05	 3.32e-01 Accepted	 345	 560	
270	 6.0134887e-01	 +5.6514279e-02 +5.0075597e-05	 5.06e-01 Rejected	 346	 568	
271	 6.0137586e-01	 +5.5532588e-02 +1.3906690e-03	 9.61e-01 Accepted	 346	 571	
272	 6.0136951e-01	 +5.6618363e-02 -9.7914760e-04	 6.22e-01 Accepted	 348	 570	
273	 6.0141896e-01	 +5.6834582e-02 +5.7787637e-04	 6.70e-01 Accepted	 349	 566	
274	 6.0158976e-01	 +5.8626277e-02 +2.6655337e-04	 1.90e+00 Accepted	 349	 565	
275	 6.0145320e-01	 +5.7310487e-02 +4.6712113e-04	 8.88e-01 Accepted	 347	 567	
276	 6.0154823e-01	 +5.6896465e-02 -4.9826654e-04	 8.39e-01 Accepted	 351	 566	
277	 6.0160516e-01	 +5.6974274e-02 +6.5613581e-05	 8.33e-01 Accepted	 346	 570	
278	 6.0145880e-01	 +5.7756102e-02 +1.4981118e-03	 1.19e+00 Accepted	 348	 575	
279	 6.0148317e-01	 +5.9701427e-02 -2.6870912e-04	 6.10e-01 Accepted	 348	 569	
280	 6.0140173e-01	 +5.8557481e-02 -8.0774567e-05	 9.43e-01 Accepted	 347	 560	
281	 6.0137749e-01	 +5.7361044e-02 +4.3452130e-04	 1.15e+00 Accepted	 343	 553	
282	 6.0132280e-01	 +5.7011909e-02 -7.2679947e-04	 1.74e+00 Accepted	 344	 566	
283	 6.0155505e-01	 +5.7333984e-02 +1.4534618e-04	 1.77e+00 Accepted	 345	 560	
284	 6.0155505e-01	 +5.7333984e-02 +1.4534618e-04	 5.82e-01 Rejected	 344	 562	
285	 6.0142292e-01	 +5.8160007e-02 +2.0377512e-04	 8.09e-01 Accepted	 344	 558	
286	 6.0147567e-01	 +5.6305238e-02 -2.9804719e-03	 1.38e+00 Accepted	 344	 559	
287	 6.0140372e-01	 +5.7469682e-02 +2.8195041e-04	 1.10e+00 Accepted	 343	 559	
288	 6.0140372e-01	 +5.7469682e-02 +2.8195041e-04	 4.46e-01 Rejected	 344	 558	
289	 6.0140271e-01	 +5.5685293e-02 -1.2122563e-03	 1.32e+00 Accepted	 344	 563	
290	 6.0138354e-01	 +5.5110110e-02 -2.7237584e-04	 8.47e-01 Accepted	 345	 566	
291	 6.0138354e-01	 +5.5110110e-02 -2.7237584e-04	 6.61e-01 Rejected	 346	 563	
292	 6.0131810e-01	 +5.6607892e-02 -7.1551047e-04	 8.96e-01 Accepted	 344	 563	
293	 6.0134107e-01	 +5.5694868e-02 -1.2724984e-03	 9.30e-01 Accepted	 348	 569	
294	 6.0135786e-01	 +5.5456696e-02 +1.1097310e-03	 1.35e+00 Accepted	 346	 569	
295	 6.0135786e-01	 +5.5456696e-02 +1.1097310e-03	 6.58e-01 Rejected	 349	 566	
296	 6.0128510e-01	 +5.5523584e-02 +2.9956372e-04	 1.26e+00 Accepted	 348	 573	
297	 6.0142259e-01	 +5.5704013e-02 +3.2911274e-04	 1.61e+00 Accepted	 349	 568	
298	 6.0155033e-01	 +5.6503876e-02 -1.7534620e-04	 8.71e-01 Accepted	 350	 588	
299	 6.0161391e-01	 +5.5949898e-02 -4.1570734e-04	 1.23e+00 Accepted	 356	 568	
300	 6.0157960e-01	 +5.6063637e-02 -3.6283091e-04	 1.29e+00 Accepted	 347	 568	
301	 6.0140109e-01	 +5.6114851e-02 -1.2699976e-03	 1.10e+00 Accepted	 349	 578	
302	 6.0115465e-01	 +5.6758839e-02 +2.3705294e-04	 1.20e+00 Accepted	 350	 569	
303	 6.0118191e-01	 +5.6806944e-02 +1.4962734e-03	 1.32e+00 Accepted	 347	 570	
304	 6.0130872e-01	 +5.5724665e-02 +5.3833140e-04	 6.96e-01 Accepted	 353	 576	
305	 6.0130872e-01	 +5.5724665e-02 +5.3833140e-04	 5.90e-01 Rejected	 351	 570	
306	 6.0138932e-01	 +5.5679266e-02 -7.0822234e-04	 9.69e-01 Accepted	 352	 580	
307	 6.0138932e-01	 +5.5679266e-02 -7.0822234e-04	 8.04e-01 Rejected	 353	 582	
308	 6.0152742e-01	 +5.7181169e-02 +8.1825010e-05	 1.45e+00 Accepted	 352	 570	
309	 6.0152742e-01	 +5.7181169e-02 +8.1825010e-05	 5.23e-01 Rejected	 350	 571	
310	 6.0135623e-01	 +5.3945015e-02 +1.7791941e-04	 4.61e-01 Accepted	 349	 570	
311	 6.0142070e-01	 +5.6390788e-02 +1.8385650e-04	 1.56e+00 Accepted	 349	 568	
312	 6.0140490e-01	 +5.2702856e-02 +4.4962875e-04	 1.09e+00 Accepted	 348	 569	
313	 6.0142209e-01	 +5.8549155e-02 -8.9241764e-04	 1.06e+00 Accepted	 348	 563	
314	 6.0138227e-01	 +5.7613286e-02 -1.0416939e-03	 6.49e-01 Accepted	 346	 566	
315	 6.0150787e-01	 +5.7357641e-02 +4.4898679e-04	 9.71e-01 Accepted	 348	 573	
316	 6.0157214e-01	 +6.1542793e-02 -1.1444166e-03	 1.01e+00 Accepted	 349	 577	
317	 6.0120092e-01	 +5.8352674e-02 -1.5264116e-03	 5.98e-01 Accepted	 349	 566	
318	 6.0103549e-01	 +5.7525772e-02 -4.8080509e-04	 7.72e-01 Accepted	 346	 564	
319	 6.0127289e-01	 +5.7451054e-02 -6.4657305e-04	 7.09e-01 Accepted	 346	 562	
320	 6.0144919e-01	 +5.8329480e-02 +1.1223713e-03	 9.38e-01 Accepted	 345	 557	
321	 6.0156778e-01	 +5.6203936e-02 -4.3754742e-04	 1.41e+00 Accepted	 346	 568	
322	 6.0144739e-01	 +5.4727503e-02 +1.2375254e-03	 8.76e-01 Accepted	 349	 575	
323	 6.0145423e-01	 +5.6335313e-02 +1.9565132e-03	 1.18e+00 Accepted	 352	 573	
324	 6.0139840e-01	 +5.4914914e-02 -5.9962198e-04	 6.87e-01 Accepted	 353	 580	
325	 6.0130601e-01	 +5.6315218e-02 +2.3151012e-05	 4.58e-01 Accepted	 352	 576	
326	 6.0149298e-01	 +5.7219977e-02 +1.3788313e-03	 7.74e-01 Accepted	 351	 569	
327	 6.0149298e-01	 +5.7219977e-02 +1.3788313e-03	 6.96e-01 Rejected	 347	 565	
328	 6.0132427e-01	 +5.6105074e-02 -7.8402031e-05	 1.06e+00 Accepted	 348	 562	
329	 6.0149747e-01	 +5.5782360e-02 -6.4656497e-04	 1.59e+00 Accepted	 346	 565	
330	 6.0145027e-01	 +5.6931879e-02 -1.3988734e-03	 8.44e-01 Accepted	 345	 557	
331	 6.0130766e-01	 +5.3912136e-02 -1.2292477e-03	 7.89e-01 Accepted	 342	 560	
332	 6.0117289e-01	 +5.7121917e-02 +7.1465889e-04	 9.47e-01 Accepted	 343	 560	
333	 6.0126438e-01	 +5.6965688e-02 -7.7734994e-04	 1.17e+00 Accepted	 345	 562	
334	 6.0141318e-01	 +5.5893712e-02 +1.1811730e-03	 1.42e+00 Accepted	 346	 571	
335	 6.0139641e-01	 +6.0322475e-02 +4.6137930e-05	 1.44e+00 Accepted	 350	 576	
336	 6.0139251e-01	 +5.4849033e-02 +4.5538411e-04	 7.18e-01 Accepted	 353	 575	
337	 6.0127181e-01	 +5.7207128e-02 -1.5674394e-03	 7.61e-01 Accepted	 353	 579	
338	 6.0127007e-01	 +5.8778548e-02 -1.0277220e-03	 1.53e+00 Accepted	 352	 578	
339	 6.0146940e-01	 +5.7438876e-02 +1.0437768e-03	 9.83e-01 Accepted	 352	 577	
340	 6.0136974e-01	 +5.7035682e-02 +2.4133037e-03	 1.14e+00 Accepted	 356	 593	
341	 6.0141619e-01	 +5.4786005e-02 -2.4702171e-04	 1.06e+00 Accepted	 354	 582	
342	 6.0129045e-01	 +5.7078060e-02 +1.9955710e-03	 6.89e-01 Accepted	 355	 590	
343	 6.0106650e-01	 +5.5987012e-02 +2.3624793e-04	 5.83e-01 Accepted	 358	 596	
344	 6.0129952e-01	 +5.7052212e-02 +1.0809580e-03	 1.31e+00 Accepted	 361	 585	
345	 6.0103816e-01	 +5.9447017e-02 -7.6191018e-04	 6.17e-01 Accepted	 355	 580	
346	 6.0131777e-01	 +5.9868853e-02 +9.7957619e-04	 1.28e+00 Accepted	 355	 579	
347	 6.0123771e-01	 +5.6897176e-02 -1.7085416e-03	 8.63e-01 Accepted	 353	 581	
348	 6.0123771e-01	 +5.6897176e-02 -1.7085416e-03	 7.62e-01 Rejected	 354	 587	
349	 6.0137048e-01	 +5.6574553e-02 +4.8336208e-04	 1.49e+00 Accepted	 354	 572	
350	 6.0143814e-01	 +5.7336675e-02 +6.8459032e-04	 1.44e+00 Accepted	 353	 580	
351	 6.0157324e-01	 +5.7667441e-02 +5.2214888e-04	 1.04e+00 Accepted	 356	 578	
352	 6.0164744e-01	 +5.8284076e-02 +7.2249798e-04	 1.54e+00 Accepted	 353	 579	
353	 6.0164744e-01	 +5.8284076e-02 +7.2249798e-04	 6.60e-01 Rejected	 353	 577	
354	 6.0156491e-01	 +5.9445895e-02 -6.1678116e-04	 1.12e+00 Accepted	 352	 576	
355	 6.0143883e-01	 +5.9975569e-02 +2.1454920e-03	 4.24e-01 Accepted	 352	 576	
356	 6.0139225e-01	 +5.8142162e-02 +1.4984821e-04	 1.22e+00 Accepted	 351	 570	
357	 6.0116833e-01	 +6.0096739e-02 -1.9523658e-03	 9.38e-01 Accepted	 346	 557	
358	 6.0093992e-01	 +5.6712854e-02 -1.6581530e-04	 9.18e-01 Accepted	 343	 559	
359	 6.0112985e-01	 +5.6041526e-02 +1.1361626e-05	 1.45e+00 Accepted	 343	 561	
360	 6.0133227e-01	 +5.6612854e-02 -3.3410680e-04	 1.82e+00 Accepted	 348	 576	
361	 6.0132642e-01	 +5.5329902e-02 +1.0245182e-03	 8.54e-01 Accepted	 355	 568	
362	 6.0132642e-01	 +5.5329902e-02 +1.0245182e-03	 7.33e-01 Rejected	 349	 567	
363	 6.0121439e-01	 +5.4827898e-02 +5.1989066e-04	 1.06e+00 Accepted	 350	 577	
364	 6.0127486e-01	 +5.5489099e-02 +1.0444545e-03	 9.96e-01 Accepted	 351	 572	
365	 6.0126132e-01	 +5.4981325e-02 +2.3799266e-03	 1.13e+00 Accepted	 349	 575	
366	 6.0130560e-01	 +5.8255506e-02 -3.2558143e-04	 8.18e-01 Accepted	 354	 586	
367	 6.0135204e-01	 +5.8695005e-02 +1.3734890e-03	 7.66e-01 Accepted	 356	 584	
368	 6.0156567e-01	 +5.6106397e-02 +8.0475733e-04	 2.07e+00 Accepted	 355	 582	
369	 6.0158426e-01	 +5.4612408e-02 +2.3912230e-04	 1.19e+00 Accepted	 352	 566	
370	 6.0157305e-01	 +5.7841176e-02 -1.4077204e-04	 9.42e-01 Accepted	 347	 561	
371	 6.0132690e-01	 +5.6882316e-02 +8.4785219e-04	 9.53e-01 Accepted	 346	 569	
372	 6.0131560e-01	 +5.8119752e-02 +4.0017658e-04	 1.59e+00 Accepted	 350	 581	
373	 6.0151220e-01	 +5.3895715e-02 +1.2481940e-03	 1.31e+00 Accepted	 355	 583	
# Starting_type: CheckpointStart
# Trajectory_length / Number_of_MD_steps: 1 / 8
# 	 Plaquette	 Polyakov_Loop(re,im)	 Acc._Probability	 runtime_per_traj(s)	 CG_iterations	
373	 6.0151220e-01	 +5.3895715e-02 +1.2481940e-03	 1.31e+00 Accepted	 358	 583	
374	 6.0151220e-01	 +5.3895715e-02 +1.2481940e-03	 7.64e-01 Rejected	 357	 586	
375	 6.0131254e-01	 +5.4364484e-02 -2.7041847e-04	 7.69e-01 Accepted	 356	 585	
376	 6.0137526e-01	 +5.4027381e-02 -4.2343367e-04	 1.32e+00 Accepted	 354	 576	
377	 6.0158638e-01	 +5.3386683e-02 +1.1730316e-03	 1.08e+00 Accepted	 353	 579	
378	 6.0155655e-01	 +5.3032735e-02 -9.1526529e-04	 1.07e+00 Accepted	 353	 573	
379	 6.0142717e-01	 +5.5063094e-02 +2.5044000e-05	 1.00e+00 Accepted	 353	 574	
380	 6.0141453e-01	 +5.3776068e-02 +5.4335319e-04	 7.59e-01 Accepted	 352	 575	
381	 6.0155390e-01	 +5.3699263e-02 -7.2611329e-05	 1.15e+00 Accepted	 352	 578	
382	 6.0161605e-01	 +5.3823650e-02 -8.9083972e-04	 1.03e+00 Accepted	 352	 569	
383	 6.0161605e-01	 +5.3823650e-02 -8.9083972e-04	 6.99e-01 Rejected	 347	 572	
384	 6.0163265e-01	 +5.6120188e-02 +1.6483510e-03	 7.69e-01 Accepted	 349	 566	
385	 6.0165716e-01	 +5.5961954e-02 -2.0257923e-03	 8.83e-01 Accepted	 349	 572	
386	 6.0138855e-01	 +5.6935199e-02 +4.2192152e-04	 1.17e+00 Accepted	 350	 573	
387	 6.0148284e-01	 +5.7144808e-02 -9.8959214e-04	 9.48e-01 Accepted	 352	 584	
388	 6.0134784e-01	 +5.7620522e-02 -6.6209063e-04	 8.29e-01 Accepted	 355	 578	
389	 6.0131668e-01	 +5.4825923e-02 +1.5358627e-03	 1.03e+00 Accepted	 352	 579	
390	 6.0146296e-01	 +5.5732087e-02 +3.1585959e-04	 8.81e-01 Accepted	 355	 574	
391	 6.0147920e-01	 +5.6199571e-02 -1.4412572e-05	 9.91e-01 Accepted	 352	 569	
392	 6.0137917e-01	 +5.4755073e-02 +1.2807312e-03	 7.64e-01 Accepted	 350	 570	
393	 6.0157218e-01	 +5.5333279e-02 +1.5799141e-03	 1.90e+00 Accepted	 349	 569	
394	 6.0150065e-01	 +5.8116585e-02 +2.9086992e-03	 1.14e+00 Accepted	 348	 564	
395	 6.0150985e-01	 +5.8602051e-02 +1.0059332e-03	 1.04e+00 Accepted	 347	 572	
396	 6.0135167e-01	 +5.5323440e-02 -1.6246773e-03	 8.97e-01 Accepted	 351	 568	
397	 6.0116200e-01	 +5.5878616e-02 -7.5591928e-04	 9.07e-01 Accepted	 350	 573	
398	 6.0140572e-01	 +5.6857021e-02 +1.3555033e-03	 1.15e+00 Accepted	 350	 571	
399	 6.0140572e-01	 +5.6857021e-02 +1.3555033e-03	 9.81e-01 Rejected	 352	 575	
400	 6.0134518e-01	 +5.7359647e-02 +1.6136642e-05	 1.34e+00 Accepted	 350	 577	
401	 6.0118510e-01	 +5.7799014e-02 -8.2192175e-04	 1.27e+00 Accepted	 353	 579	
402	 6.0109544e-01	 +5.7506067e-02 +8.0191002e-05	 1.09e+00 Accepted	 351	 566	
403	 6.0119014e-01	 +5.8326662e-02 -1.0855838e-03	 5.97e-01 Accepted	 349	 570	
404	 6.0132224e-01	 +5.7203098e-02 +6.1942590e-04	 9.38e-01 Accepted	 353	 575	
405	 6.0128001e-01	 +6.0031720e-02 +9.6098253e-04	 7.84e-01 Accepted	 354	 575	
406	 6.0154277e-01	 +5.9496630e-02 +9.6566096e-04	 1.29e+00 Accepted	 353	 570	
407	 6.0138647e-01	 +5.7579927e-02 +3.0568498e-04	 9.05e-01 Accepted	 350	 571	
408	 6.0130115e-01	 +5.7661829e-02 +4.6752135e-04	 1.07e+00 Accepted	 351	 572	
409	 6.0147218e-01	 +5.7877818e-02 +2.0151785e-03	 1.57e+00 Accepted	 351	 569	
410	 6.0171133e-01	 +5.7595865e-02 -3.5700283e-05	 1.38e+00 Accepted	 348	 570	
411	 6.0153623e-01	 +5.9052927e-02 +1.6127215e-03	 1.05e+00 Accepted	 347	 561	
412	 6.0153623e-01	 +5.9052927e-02 +1.6127215e-03	 4.42e-01 Rejected	 345	 557	
413	 6.0136987e-01	 +5.7952246e-02 -4.0481327e-04	 6.11e-01 Accepted	 345	 566	
414	 6.0147937e-01	 +5.7098748e-02 -2.2093099e-04	 1.29e+00 Accepted	 346	 563	
415	 6.0164922e-01	 +5.6996842e-02 +2.3148120e-03	 1.52e+00 Accepted	 346	 564	
416	 6.0161887e-01	 +5.7802638e-02 +7.2235575e-04	 6.93e-01 Accepted	 348	 573	
417	 6.0151473e-01	 +5.9037016e-02 -1.1246550e-05	 7.27e-01 Accepted	 351	 565	
418	 6.0153103e-01	 +5.7343544e-02 +7.8736124e-04	 1.25e+00 Accepted	 348	 568	
419	 6.0152192e-01	 +5.6686446e-02 +8.8877768e-05	 6.97e-01 Accepted	 350	 569	
420	 6.0109772e-01	 +5.7357670e-02 +1.8220630e-03	 6.59e-01 Accepted	 351	 570	
421	 6.0134736e-01	 +5.8586932e-02 -5.6733379e-04	 1.50e+00 Accepted	 351	 579	
422	 6.0129458e-01	 +5.7293328e-02 +5.8225799e-04	 1.30e+00 Accepted	 354	 573	
423	 6.0138545e-01	 +5.7193187e-02 -2.1933607e-04	 9.88e-01 Accepted	 351	 574	
424	 6.0119821e-01	 +5.7226503e-02 +8.0173353e-05	 8.65e-01 Accepted	 349	 561	
425	 6.0120926e-01	 +5.6057161e-02 -5.2909091e-04	 1.14e+00 Accepted	 348	 565	
426	 6.0141927e-01	 +5.8203270e-02 -1.6604165e-04	 7.97e-01 Accepted	 349	 576	
427	 6.0130856e-01	 +5.7424139e-02 +1.0412803e-04	 1.42e+00 Accepted	 353	 575	
428	 6.0144483e-01	 +5.8458293e-02 +2.6624151e-04	 8.09e-01 Accepted	 352	 572	
429	 6.0143555e-01	 +5.6567486e-02 -3.2684197e-03	 1.29e+00 Accepted	 350	 571	
430	 6.0156367e-01	 +5.7698163e-02 -7.6809982e-04	 1.22e+00 Accepted	 352	 573	
431	 6.0138078e-01	 +5.7288571e-02 -1.7895530e-03	 4.52e-01 Accepted	 350	 564	
432	 6.0138963e-01	 +5.7211405e-02 +1.6135275e-03	 9.46e-01 Accepted	 348	 565	
433	 6.0151586e-01	 +5.6126489e-02 +3.0980189e-04	 1.27e+00 Accepted	 351	 583	
434	 6.0131240e-01	 +5.8736008e-02 +6.1064020e-05	 8.22e-01 Accepted	 351	 567	
435	 6.0127319e-01	 +5.7143322e-02 +4.7836535e-04	 1.01e+00 Accepted	 348	 564	
436	 6.0132032e-01	 +5.9042339e-02 +2.6945224e-04	 7.04e-01 Accepted	 349	 566	
437	 6.0127766e-01	 +5.9434970e-02 +8.9374649e-04	 1.84e+00 Accepted	 347	 559	
438	 6.0136612e-01	 +5.7457443e-02 -8.2948863e-04	 9.81e-01 Accepted	 348	 572	
439	 6.0145622e-01	 +5.7018369e-02 -1.0457413e-04	 1.82e+00 Accepted	 349	 562	
440	 6.0153361e-01	 +5.9627598e-02 -4.6274359e-04	 1.57e+00 Accepted	 348	 568	
441	 6.0147836e-01	 +6.0303237e-02 -6.0948544e-04	 6.22e-01 Accepted	 350	 560	
442	 6.0159266e-01	 +5.7644498e-02 +6.2947732e-04	 6.97e-01 Accepted	 344	 558	
443	 6.0155920e-01	 +5.9263782e-02 -3.9327554e-04	 1.36e+00 Accepted	 344	 554	
444	 6.0154864e-01	 +6.0497830e-02 -1.4240558e-03	 9.91e-01 Accepted	 344	 557	
445	 6.0168990e-01	 +5.8661821e-02 -3.1531503e-03	 1.21e+00 Accepted	 344	 561	
446	 6.0132399e-01	 +5.8602118e-02 +6.9523113e-04	 7.24e-01 Accepted	 349	 577	
447	 6.0148166e-01	 +6.0232250e-02 +1.7556956e-03	 1.11e+00 Accepted	 358	 560	
448	 6.0153706e-01	 +5.9050842e-02 -9.6848866e-04	 7.68e-01 Accepted	 348	 565	
449	 6.0152873e-01	 +5.9298138e-02 -7.6290542e-04	 1.36e+00 Accepted	 347	 571	
450	 6.0136952e-01	 +5.8927264e-02 -1.1125237e-04	 1.27e+00 Accepted	 349	 566	
451	 6.0167592e-01	 +5.7591196e-02 -1.0303347e-03	 1.80e+00 Accepted	 348	 564	
452	 6.0164824e-01	 +5.7083263e-02 -2.6818414e-04	 7.19e-01 Accepted	 349	 568	
453	 6.0146376e-01	 +5.7829663e-02 -9.8662227e-04	 5.53e-01 Accepted	 356	 577	
454	 6.0141157e-01	 +5.6836799e-02 +8.4556548e-04	 9.90e-01 Accepted	 352	 576	
455	 6.0129133e-01	 +5.9058638e-02 -1.2394319e-03	 8.18e-01 Accepted	 351	 567	
456	 6.0135636e-01	 +5.8717428e-02 -7.5031697e-04	 1.01e+00 Accepted	 348	 566	
457	 6.0135636e-01	 +5.8717428e-02 -7.5031697e-04	 6.99e-01 Rejected	 347	 561	
458	 6.0124136e-01	 +5.8663024e-02 +6.6983282e-04	 6.00e-01 Accepted	 347	 564	
459	 6.0143850e-01	 +5.9563754e-02 +1.1387816e-04	 1.46e+00 Accepted	 347	 558	
460	 6.0162399e-01	 +5.9933212e-02 -1.0632032e-03	 1.20e+00 Accepted	 345	 560	
461	 6.0174644e-01	 +5.8477805e-02 -1.8911193e-04	 1.16e+00 Accepted	 346	 559	
462	 6.0127602e-01	 +5.7652357e-02 +7.3285552e-04	 5.42e-01 Accepted	 346	 564	
463	 6.0127602e-01	 +5.7652357e-02 +7.3285552e-04	 3.59e-01 Rejected	 348	 562	
464	 6.0148406e-01	 +5.8586960e-02 +1.7264876e-04	 1.59e+00 Accepted	 345	 558	
465	 6.0158656e-01	 +5.9311771e-02 -1.0866042e-03	 1.01e+00 Accepted	 344	 557	
466	 6.0180281e-01	 +5.9545643e-02 -2.4537276e-04	 9.90e-01 Accepted	 345	 555	
467	 6.0167133e-01	 +6.0886760e-02 -7.6146464e-04	 8.84e-01 Accepted	 343	 554	
468	 6.0145038e-01	 +6.0183070e-02 -6.9270299e-04	 7.07e-01 Accepted	 342	 560	
469	 6.0143023e-01	 +5.8709609e-02 +2.7956196e-03	 8.28e-01 Accepted	 345	 557	
470	 6.0144087e-01	 +5.8416697e-02 +1.0120155e-03	 4.86e-01 Accepted	 344	 554	
471	 6.0150345e-01	 +5.7358564e-02 +1.4481962e-04	 6.11e-01 Accepted	 344	 558	
472	 6.0157016e-01	 +5.7486995e-02 +2.9476813e-04	 1.45e+00 Accepted	 346	 561	
473	 6.0153922e-01	 +5.9640182e-02 +1.7522245e-03	 1.23e+00 Accepted	 347	 564	
474	 6.0153922e-01	 +5.9640182e-02 +1.7522245e-03	 5.96e-01 Rejected	 345	 556	
475	 6.0138560e-01	 +5.7814594e-02 -2.4462804e-03	 7.27e-01 Accepted	 349	 568	
476	 6.0117310e-01	 +5.8026902e-02 +1.4110403e-03	 4.48e-01 Accepted	 352	 570	
477	 6.0151258e-01	 +5.7575857e-02 +1.3564460e-03	 1.10e+00 Accepted	 346	 557	
478	 6.0160455e-01	 +5.9757728e-02 +3.0927316e-03	 1.40e+00 Accepted	 345	 560	
479	 6.0144686e-01	 +5.8312119e-02 +7.5729873e-04	 1.77e+00 Accepted	 346	 567	
480	 6.0133515e-01	 +5.7206171e-02 +1.9759004e-04	 1.14e+00 Accepted	 347	 566	
481	 6.0145367e-01	 +5.5824884e-02 +8.3860848e-04	 9.77e-01 Accepted	 348	 562	
482	 6.0135574e-01	 +5.5170862e-02 -5.2450559e-05	 1.04e+00 Accepted	 347	 567	
483	 6.0150667e-01	 +5.6089644e-02 +5.4058824e-04	 8.49e-01 Accepted	 350	 573	
484	 6.0164488e-01	 +5.7600881e-02 +1.1129316e-03	 1.10e+00 Accepted	 352	 570	
485	 6.0153306e-01	 +5.7510176e-02 -3.8295994e-04	 7.45e-01 Accepted	 350	 572	
486	 6.0141859e-01	 +5.5660105e-02 -4.6725524e-04	 4.48e-01 Accepted	 352	 574	
487	 6.0122182e-01	 +5.6302549e-02 +6.1377778e-04	 1.19e+00 Accepted	 354	 581	
488	 6.0121271e-01	 +5.5524629e-02 +1.0319141e-03	 7.43e-01 Accepted	 356	 574	
489	 6.0130872e-01	 +5.4196782e-02 -7.3085804e-04	 1.19e+00 Accepted	 353	 580	
490	 6.0157166e-01	 +5.4847481e-02 -5.1936055e-04	 1.59e+00 Accepted	 356	 581	
491	 6.0140430e-01	 +5.5194244e-02 +2.4488699e-04	 1.05e+00 Accepted	 355	 579	
492	 6.0113063e-01	 +5.7650859e-02 +3.7067580e-04	 1.00e+00 Accepted	 354	 576	
493	 6.0113063e-01	 +5.7650859e-02 +3.7067580e-04	 8.59e-01 Rejected	 353	 576	
494	 6.0109358e-01	 +5.3852353e-02 -1.6888896e-04	 1.13e+00 Accepted	 352	 562	
495	 6.0114819e-01	 +5.6837205e-02 -4.5467716e-04	 9.09e-01 Accepted	 345	 559	
# Starting_type: CheckpointStart
# Trajectory_length / Number_of_MD_steps: 1 / 8
# 	 Plaquette	 Polyakov_Loop(re,im)	 Acc._Probability	 runtime_per_traj(s)	 CG_iterations	
495	 6.0114819e-01	 +5.6837205e-02 -4.5467716e-04	 9.09e-01 Accepted	 221	 559	
496	 6.0099245e-01	 +5.8490045e-02 -3.1976002e-04	 3.19e-01 Accepted	 218	 558	
497	 6.0127608e-01	 +5.9141291e-02 -8.0015756e-04	 2.27e+00 Accepted	 220	 561	
498	 6.0125019e-01	 +6.0196931e-02 -9.7934004e-04	 1.50e+00 Accepted	 217	 564	
499	 6.0132277e-01	 +5.9599021e-02 -3.1189954e-04	 1.22e+00 Accepted	 217	 560	
500	 6.0134440e-01	 +5.7864876e-02 -1.7975426e-03	 1.20e+00 Accepted	 219	 574	
501	 6.0130596e-01	 +5.8011802e-02 +6.9081699e-04	 7.28e-01 Accepted	 219	 554	
502	 6.0130596e-01	 +5.8011802e-02 +6.9081699e-04	 6.69e-01 Rejected	 213	 556	
503	 6.0124970e-01	 +5.9343443e-02 -8.8278261e-04	 9.07e-01 Accepted	 213	 556	
504	 6.0127572e-01	 +5.5080641e-02 -1.6483965e-03	 1.55e+00 Accepted	 215	 554	
505	 6.0132526e-01	 +5.4779581e-02 +3.5057861e-04	 1.10e+00 Accepted	 216	 565	
506	 6.0127234e-01	 +5.5112984e-02 -1.0022552e-03	 8.19e-01 Accepted	 218	 560	
507	 6.0127234e-01	 +5.5112984e-02 -1.0022552e-03	 6.35e-01 Rejected	 216	 558	
508	 6.0149609e-01	 +5.6587300e-02 +3.8402700e-04	 1.86e+00 Accepted	 218	 572	
509	 6.0138312e-01	 +5.7092578e-02 +5.1407614e-04	 8.42e-01 Accepted	 220	 574	
510	 6.0157921e-01	 +5.5981559e-02 +9.7361030e-04	 1.70e+00 Accepted	 218	 566	
511	 6.0137275e-01	 +5.5601132e-02 +2.8852829e-04	 8.48e-01 Accepted	 217	 569	
512	 6.0140309e-01	 +5.7047294e-02 +1.7327186e-03	 3.84e-01 Accepted	 217	 563	
513	 6.0140309e-01	 +5.7047294e-02 +1.7327186e-03	 8.27e-01 Rejected	 217	 574	
514	 6.0147427e-01	 +5.9345514e-02 +1.1999729e-03	 1.25e+00 Accepted	 216	 565	
515	 6.0125034e-01	 +5.6555445e-02 +3.8411839e-04	 8.62e-01 Accepted	 218	 565	
516	 6.0123634e-01	 +5.8938880e-02 +9.8816867e-04	 1.46e+00 Accepted	 219	 563	
517	 6.0123634e-01	 +5.8938880e-02 +9.8816867e-04	 8.77e-01 Rejected	 217	 562	
518	 6.0106385e-01	 +5.7726579e-02 +3.7713095e-04	 6.87e-01 Accepted	 217	 570	
519	 6.0140609e-01	 +5.6326263e-02 +7.9720802e-04	 1.51e+00 Accepted	 219	 566	
520	 6.0161554e-01	 +5.7389037e-02 -3.1970559e-04	 1.24e+00 Accepted	 218	 563	
521	 6.0160312e-01	 +5.5858636e-02 -5.9635520e-05	 1.28e+00 Accepted	 218	 574	
522	 6.0188556e-01	 +5.6950942e-02 +7.4142861e-04	 1.10e+00 Accepted	 220	 571	
523	 6.0188556e-01	 +5.6950942e-02 +7.4142861e-04	 7.52e-01 Rejected	 219	 573	
524	 6.0170714e-01	 +5.8912757e-02 +6.5774509e-04	 8.22e-01 Accepted	 219	 572	
525	 6.0161486e-01	 +5.8898280e-02 -1.1829573e-03	 1.97e+00 Accepted	 220	 571	
526	 6.0170193e-01	 +5.7448250e-02 +1.2743401e-03	 1.33e+00 Accepted	 217	 563	
527	 6.0165493e-01	 +5.6929218e-02 +9.7786510e-04	 1.71e+00 Accepted	 219	 580	
528	 6.0178369e-01	 +5.6389754e-02 +7.7736579e-04	 1.09e+00 Accepted	 221	 570	
529	 6.0178369e-01	 +5.6389754e-02 +7.7736579e-04	 5.31e-01 Rejected	 221	 584	
530	 6.0179595e-01	 +5.8208896e-02 +7.3560749e-04	 1.43e+00 Accepted	 220	 573	
531	 6.0184813e-01	 +5.8868592e-02 -4.6453921e-04	 1.24e+00 Accepted	 219	 568	
532	 6.0172410e-01	 +5.6393146e-02 +1.0543255e-03	 8.76e-01 Accepted	 219	 576	
533	 6.0176037e-01	 +6.0705984e-02 +1.1946182e-03	 1.58e+00 Accepted	 220	 577	
534	 6.0163680e-01	 +5.9690394e-02 +1.8012917e-03	 9.78e-01 Accepted	 220	 572	
535	 6.0172984e-01	 +5.8823921e-02 -1.1186120e-05	 1.08e+00 Accepted	 222	 586	
536	 6.0172984e-01	 +5.8823921e-02 -1.1186120e-05	 7.67e-01 Rejected	 223	 582	
537	 6.0192685e-01	 +5.9545754e-02 -1.2967258e-04	 1.02e+00 Accepted	 223	 586	
538	 6.0162327e-01	 +5.9011208e-02 +4.0939434e-05	 7.57e-01 Accepted	 225	 587	
539	 6.0133833e-01	 +5.8821689e-02 -1.0054515e-03	 5.86e-01 Accepted	 224	 580	
540	 6.0161133e-01	 +6.0642391e-02 +6.9335760e-04	 1.40e+00 Accepted	 224	 580	
541	 6.0155159e-01	 +5.9886728e-02 -1.3675296e-03	 9.93e-01 Accepted	 222	 573	
542	 6.0137874e-01	 +6.0354325e-02 +2.1331264e-04	 1.15e+00 Accepted	 220	 569	
543	 6.0144320e-01	 +6.0308393e-02 -2.3283872e-05	 9.41e-01 Accepted	 219	 563	
544	 6.0134232e-01	 +6.0832039e-02 +1.1235240e-03	 7.31e-01 Accepted	 215	 554	
545	 6.0140787e-01	 +5.9975824e-02 -8.2477335e-05	 1.36e+00 Accepted	 214	 556	
546	 6.0141887e-01	 +5.9196921e-02 -5.4697408e-04	 1.14e+00 Accepted	 216	 554	
547	 6.0138099e-01	 +5.6767365e-02 -1.1739758e-04	 1.76e+00 Accepted	 216	 569	
548	 6.0129360e-01	 +5.7896966e-02 -4.8256693e-05	 9.80e-01 Accepted	 219	 566	
549	 6.0134520e-01	 +5.6184390e-02 -5.3809537e-04	 1.20e+00 Accepted	 219	 568	
550	 6.0125112e-01	 +5.6573057e-02 +5.1053833e-04	 1.34e+00 Accepted	 218	 571	
551	 6.0131938e-01	 +5.7797587e-02 +1.2276208e-03	 4.77e-01 Accepted	 219	 570	
552	 6.0131938e-01	 +5.7797587e-02 +1.2276208e-03	 7.50e-01 Rejected	 219	 569	
553	 6.0140693e-01	 +5.6581970e-02 +8.1065460e-05	 1.87e+00 Accepted	 219	 566	
554	 6.0139958e-01	 +5.6171802e-02 -3.8002070e-04	 9.84e-01 Accepted	 218	 563	
555	 6.0164950e-01	 +5.7757222e-02 -1.1292292e-04	 1.72e+00 Accepted	 217	 563	
556	 6.0161642e-01	 +5.7764722e-02 -4.7161458e-05	 1.06e+00 Accepted	 217	 562	
557	 6.0182180e-01	 +5.8330602e-02 +1.3887763e-03	 9.03e-01 Accepted	 216	 558	
558	 6.0198798e-01	 +5.7458945e-02 -5.3233208e-04	 8.06e-01 Accepted	 216	 561	
559	 6.0198798e-01	 +5.7458945e-02 -5.3233208e-04	 8.16e-01 Rejected	 216	 558	
560	 6.0175808e-01	 +6.0038269e-02 -1.1021531e-03	 6.88e-01 Accepted	 215	 561	
561	 6.0175808e-01	 +6.0038269e-02 -1.1021531e-03	 4.86e-01 Rejected	 216	 561	
562	 6.0175808e-01	 +6.0038269e-02 -1.1021531e-03	 7.19e-01 Rejected	 216	 559	
563	 6.0175808e-01	 +6.0038269e-02 -1.1021531e-03	 6.04e-01 Rejected	 216	 556	
564	 6.0189486e-01	 +5.7197406e-02 +5.0992375e-06	 1.28e+00 Accepted	 217	 563	
565	 6.0207464e-01	 +5.7896081e-02 +1.8334414e-03	 1.19e+00 Accepted	 217	 561	
566	 6.0179833e-01	 +5.6961115e-02 +1.0975776e-03	 4.50e-01 Accepted	 216	 564	
567	 6.0174645e-01	 +5.5284454e-02 -1.3317663e-03	 8.25e-01 Accepted	 217	 559	
568	 6.0171867e-01	 +5.8242432e-02 +2.7038262e-04	 8.20e-01 Accepted	 215	 557	
569	 6.0171420e-01	 +5.7416965e-02 -1.5500490e-03	 6.70e-01 Accepted	 217	 571	
570	 6.0171420e-01	 +5.7416965e-02 -1.5500490e-03	 7.46e-01 Rejected	 220	 565	
571	 6.0181879e-01	 +5.6315042e-02 +1.3620690e-03	 1.38e+00 Accepted	 219	 562	
572	 6.0191008e-01	 +5.4271056e-02 +5.8771375e-04	 8.16e-01 Accepted	 218	 562	
573	 6.0175038e-01	 +5.7100508e-02 -5.1582801e-04	 6.66e-01 Accepted	 218	 568	
574	 6.0168097e-01	 +5.6717375e-02 +8.1999852e-04	 5.57e-01 Accepted	 218	 563	
575	 6.0168097e-01	 +5.6717375e-02 +8.1999852e-04	 7.85e-01 Rejected	 217	 560	
576	 6.0162000e-01	 +5.7085039e-02 +9.1899732e-04	 1.23e+00 Accepted	 217	 568	
577	 6.0144245e-01	 +5.6172736e-02 +7.1343208e-06	 1.07e+00 Accepted	 219	 567	
578	 6.0139840e-01	 +5.6801361e-02 -1.2425353e-03	 1.36e+00 Accepted	 218	 565	
579	 6.0134443e-01	 +5.3817544e-02 -2.6982737e-03	 9.03e-01 Accepted	 218	 562	
580	 6.0132129e-01	 +5.7209703e-02 +4.9515468e-05	 9.14e-01 Accepted	 218	 566	
581	 6.0137372e-01	 +5.8551471e-02 -1.3438667e-04	 7.42e-01 Accepted	 218	 569	
582	 6.0131603e-01	 +5.8398249e-02 -1.9430274e-03	 5.08e-01 Accepted	 216	 560	
583	 6.0148947e-01	 +6.0345249e-02 +2.6897336e-04	 1.24e+00 Accepted	 216	 559	
584	 6.0150488e-01	 +5.8974917e-02 -7.6004950e-04	 5.48e-01 Accepted	 217	 560	
585	 6.0152999e-01	 +5.6203742e-02 -1.3690617e-03	 1.66e+00 Accepted	 216	 564	
586	 6.0152799e-01	 +5.5694404e-02 +9.2808202e-06	 1.09e+00 Accepted	 217	 562	
587	 6.0156348e-01	 +5.5473009e-02 +2.5134777e-04	 6.00e-01 Accepted	 216	 555	
588	 6.0148537e-01	 +5.7168805e-02 -1.6282286e-03	 8.52e-01 Accepted	 216	 562	
589	 6.0142575e-01	 +5.5768989e-02 -1.2318554e-04	 6.14e-01 Accepted	 218	 561	
590	 6.0135289e-01	 +5.7565952e-02 -1.4273862e-04	 1.25e+00 Accepted	 216	 559	
591	 6.0135289e-01	 +5.7565952e-02 -1.4273862e-04	 6.53e-01 Rejected	 218	 564	
592	 6.0146458e-01	 +5.7682240e-02 -7.6537944e-04	 1.78e+00 Accepted	 218	 565	
593	 6.0146458e-01	 +5.7682240e-02 -7.6537944e-04	 3.74e-01 Rejected	 217	 566	
594	 6.0156329e-01	 +5.9012799e-02 +1.2186060e-03	 8.93e-01 Accepted	 216	 565	
595	 6.0157283e-01	 +5.7184786e-02 -1.3375425e-03	 5.03e-01 Accepted	 220	 573	
596	 6.0157283e-01	 +5.7184786e-02 -1.3375425e-03	 5.17e-01 Rejected	 220	 573	
597	 6.0162202e-01	 +5.8031508e-02 +3.0455777e-04	 1.38e+00 Accepted	 220	 581	
598	 6.0162202e-01	 +5.8031508e-02 +3.0455777e-04	 6.96e-01 Rejected	 224	 583	
599	 6.0164952e-01	 +5.7412258e-02 +5.9634032e-04	 1.14e+00 Accepted	 222	 578	
600	 6.0167141e-01	 +5.7538839e-02 +1.3299968e-03	 8.67e-01 Accepted	 223	 580	
601	 6.0151152e-01	 +5.9453737e-02 -8.5875206e-04	 5.46e-01 Accepted	 221	 565	
602	 6.0131639e-01	 +5.6874106e-02 -3.7618388e-04	 5.57e-01 Accepted	 222	 575	
603	 6.0132057e-01	 +5.7807638e-02 +1.0873424e-04	 1.05e+00 Accepted	 222	 566	
604	 6.0127149e-01	 +5.6366971e-02 +2.5985205e-03	 1.15e+00 Accepted	 218	 574	
605	 6.0127149e-01	 +5.6366971e-02 +2.5985205e-03	 7.04e-01 Rejected	 221	 569	
606	 6.0127149e-01	 +5.6366971e-02 +2.5985205e-03	 4.94e-01 Rejected	 222	 580	
607	 6.0140664e-01	 +5.7911571e-02 +1.7007307e-04	 6.56e-01 Accepted	 222	 572	
608	 6.0117480e-01	 +5.9492507e-02 +8.7500485e-04	 1.22e+00 Accepted	 218	 570	
609	 6.0134424e-01	 +5.7512865e-02 -2.5172883e-04	 1.02e+00 Accepted	 220	 576	
610	 6.0134424e-01	 +5.7512865e-02 -2.5172883e-04	 8.87e-01 Rejected	 219	 571	
611	 6.0144311e-01	 +5.7851289e-02 +5.8888557e-05	 9.66e-01 Accepted	 220	 568	
612	 6.0127423e-01	 +5.7804868e-02 -1.1698330e-03	 6.04e-01 Accepted	 219	 574	
613	 6.0124672e-01	 +5.5092683e-02 +5.5671612e-04	 8.78e-01 Accepted	 221	 573	
614	 6.0136066e-01	 +5.5737958e-02 +8.7839547e-04	 1.46e+00 Accepted	 219	 572	
615	 6.0139732e-01	 +5.5724389e-02 -4.9781475e-04	 7.20e-01 Accepted	 223	 616	
616	 6.0149923e-01	 +5.4744242e-02 +5.8351554e-04	 1.03e+00 Accepted	 231	 567	
617	 6.0149923e-01	 +5.4744242e-02 +5.8351554e-04	 7.14e-01 Rejected	 220	 582	
618	 6.0149923e-01	 +5.4744242e-02 +5.8351554e-04	 5.70e-01 Rejected	 218	 567	
619	 6.0141449e-01	 +5.6074342e-02 +8.3803370e-04	 1.00e+00 Accepted	 218	 566	
620	 6.0147950e-01	 +5.4718224e-02 +5.7111020e-04	 1.10e+00 Accepted	 220	 574	
621	 6.0147950e-01	 +5.4718224e-02 +5.7111020e-04	 6.11e-01 Rejected	 220	 572	
622	 6.0163978e-01	 +5.5087584e-02 -5.1914589e-04	 1.41e+00 Accepted	 220	 567	
623	 6.0163978e-01	 +5.5087584e-02 -5.1914589e-04	 8.49e-01 Rejected	 219	 565	
624	 6.0139034e-01	 +5.7230781e-02 -1.7448756e-04	 9.36e-01 Accepted	 219	 568	
625	 6.0145224e-01	 +5.9092193e-02 -6.5181248e-04	 1.06e+00 Accepted	 218	 562	
626	 6.0138522e-01	 +5.6832145e-02 +9.5722780e-04	 6.59e-01 Accepted	 217	 568	
627	 6.0135511e-01	 +5.8457208e-02 +1.6668324e-03	 9.32e-01 Accepted	 219	 572	
628	 6.0154224e-01	 +5.6105300e-02 +7.6995180e-04	 1.07e+00 Accepted	 221	 573	
629	 6.0154224e-01	 +5.6105300e-02 +7.6995180e-04	 5.16e-01 Rejected	 221	 570	
630	 6.0168231e-01	 +5.6908989e-02 -4.7165213e-04	 1.91e+00 Accepted	 221	 569	
631	 6.0168231e-01	 +5.6908989e-02 -4.7165213e-04	 7.59e-01 Rejected	 220	 577	
632	 6.0175282e-01	 +5.5284930e-02 -1.9197388e-03	 5.42e-01 Accepted	 220	 570	
633	 6.0187695e-01	 +5.7706186e-02 +1.8426855e-03	 1.64e+00 Accepted	 219	 571	
634	 6.0187695e-01	 +5.7706186e-02 +1.8426855e-03	 6.87e-01 Rejected	 220	 572	
635	 6.0189460e-01	 +5.9040507e-02 -1.5329815e-04	 1.30e+00 Accepted	 218	 572	
636	 6.0189460e-01	 +5.9040507e-02 -1.5329815e-04	 5.08e-01 Rejected	 219	 562	
637	 6.0207683e-01	 +5.6034895e-02 -4.9132604e-04	 1.12e+00 Accepted	 219	 562	
638	 6.0183776e-01	 +5.6712241e-02 +9.4595388e-04	 8.81e-01 Accepted	 217	 564	
639	 6.0177669e-01	 +5.7455341e-02 +9.0120522e-04	 1.14e+00 Accepted	 217	 573	
640	 6.0177669e-01	 +5.7455341e-02 +9.0120522e-04	 7.07e-01 Rejected	 219	 564	
641	 6.0179855e-01	 +5.6321319e-02 +1.6364802e-03	 8.71e-01 Accepted	 219	 578	
642	 6.0162312e-01	 +5.8396667e-02 +2.2461981e-03	 4.94e-01 Accepted	 221	 575	
643	 6.0158451e-01	 +5.5946334e-02 -1.4603735e-03	 9.71e-01 Accepted	 219	 563	
644	 6.0167107e-01	 +5.7150313e-02 -1.9908709e-03	 1.46e+00 Accepted	 219	 572	
645	 6.0153771e-01	 +5.5844280e-02 -6.2961471e-04	 6.32e-01 Accepted	 218	 566	
646	 6.0155853e-01	 +5.7827840e-02 -2.3945120e-03	 9.74e-01 Accepted	 218	 566	
647	 6.0159196e-01	 +5.7438816e-02 -1.8348624e-03	 9.15e-01 Accepted	 218	 567	
648	 6.0171918e-01	 +5.7129177e-02 +4.5831414e-04	 2.37e+00 Accepted	 218	 566	
649	 6.0179324e-01	 +5.4153364e-02 -5.7054953e-04	 1.82e+00 Accepted	 216	 558	
650	 6.0166592e-01	 +5.5281471e-02 +2.4833250e-04	 9.47e-01 Accepted	 216	 567	
651	 6.0166592e-01	 +5.5281471e-02 +2.4833250e-04	 5.60e-01 Rejected	 217	 566	
652	 6.0188497e-01	 +5.6699714e-02 +1.9029547e-04	 8.34e-01 Accepted	 219	 571	
653	 6.0172785e-01	 +5.3443800e-02 -2.2018916e-04	 5.83e-01 Accepted	 220	 576	
654	 6.0149848e-01	 +5.5793452e-02 -1.5946689e-03	 5.42e-01 Accepted	 219	 559	
655	 6.0144842e-01	 +5.6400446e-02 -2.2938242e-04	 1.06e+00 Accepted	 217	 564	
656	 6.0135764e-01	 +5.5171712e-02 -1.5481432e-03	 6.68e-01 Accepted	 217	 562	
657	 6.0139426e-01	 +5.5352017e-02 +2.0116337e-03	 8.95e-01 Accepted	 217	 562	
658	 6.0127090e-01	 +5.4508992e-02 +1.0249704e-03	 1.71e+00 Accepted	 217	 563	
659	 6.0120623e-01	 +5.7356256e-02 +4.6094486e-04	 6.47e-01 Accepted	 218	 566	
660	 6.0138347e-01	 +5.7996031e-02 +9.8943235e-04	 9.36e-01 Accepted	 218	 566	
661	 6.0148220e-01	 +5.7158663e-02 -6.3090503e-04	 9.87e-01 Accepted	 217	 562	
662	 6.0133659e-01	 +5.6421794e-02 -1.6711341e-04	 1.10e+00 Accepted	 216	 566	
663	 6.0125626e-01	 +5.7372363e-02 -1.8776490e-03	 8.49e-01 Accepted	 218	 557	
664	 6.0151102e-01	 +5.8928580e-02 -3.7169581e-04	 1.86e+00 Accepted	 215	 559	
665	 6.0151102e-01	 +5.8928580e-02 -3.7169581e-04	 6.03e-01 Rejected	 216	 565	
666	 6.0158050e-01	 +5.5228787e-02 -1.8067266e-03	 1.41e+00 Accepted	 215	 555	
667	 6.0165569e-01	 +5.6652171e-02 -2.3680580e-04	 9.99e-01 Accepted	 215	 558	
668	 6.0165569e-01	 +5.6652171e-02 -2.3680580e-04	 4.68e-01 Rejected	 218	 565	
669	 6.0159681e-01	 +5.7641489e-02 +2.3622400e-05	 8.85e-01 Accepted	 216	 556	
670	 6.0159681e-01	 +5.7641489e-02 +2.3622400e-05	 5.81e-01 Rejected	 216	 570	
671	 6.0152936e-01	 +5.5859173e-02 -5.2912615e-04	 9.26e-01 Accepted	 214	 562	
672	 6.0144020e-01	 +5.4933197e-02 +4.0245957e-05	 5.52e-01 Accepted	 217	 565	
673	 6.0151136e-01	 +5.7119574e-02 +7.9760708e-04	 1.16e+00 Accepted	 217	 560	
674	 6.0142303e-01	 +5.9195840e-02 +8.4106010e-05	 7.69e-01 Accepted	 216	 566	
675	 6.0146638e-01	 +5.8981289e-02 -1.7542915e-03	 4.96e-01 Accepted	 217	 565	
676	 6.0150614e-01	 +5.6878731e-02 -5.8107179e-04	 9.17e-01 Accepted	 218	 567	
677	 6.0145815e-01	 +5.4340528e-02 -7.9901233e-04	 8.69e-01 Accepted	 218	 573	
678	 6.0160633e-01	 +5.7769892e-02 +1.7978374e-03	 2.18e+00 Accepted	 218	 561	
679	 6.0160633e-01	 +5.7769892e-02 +1.7978374e-03	 7.40e-01 Rejected	 216	 563	
680	 6.0150080e-01	 +5.7780158e-02 +3.0002176e-04	 6.04e-01 Accepted	 215	 560	
681	 6.0149684e-01	 +5.7709299e-02 +3.8464903e-04	 1.30e+00 Accepted	 215	 561	
682	 6.0141093e-01	 +5.8561427e-02 +7.7541711e-04	 6.89e-01 Accepted	 215	 564	
683	 6.0142307e-01	 +5.7691720e-02 +8.6087947e-04	 1.16e+00 Accepted	 217	 568	
684	 6.0149350e-01	 +5.3807229e-02 +1.7832769e-04	 5.76e-01 Accepted	 218	 574	
685	 6.0136786e-01	 +5.5835711e-02 +1.2438261e-05	 8.07e-01 Accepted	 220	 575	
686	 6.0134089e-01	 +5.6131469e-02 -1.1408505e-03	 8.28e-01 Accepted	 221	 585	
687	 6.0128634e-01	 +5.9740463e-02 +2.3957512e-05	 9.38e-01 Accepted	 223	 576	
688	 6.0125572e-01	 +5.7689442e-02 +1.4906308e-03	 7.33e-01 Accepted	 220	 578	
689	 6.0125572e-01	 +5.7689442e-02 +1.4906308e-03	 8.35e-01 Rejected	 220	 581	
690	 6.0107748e-01	 +5.8376630e-02 -7.3365387e-04	 8.96e-01 Accepted	 220	 569	
691	 6.0113771e-01	 +5.6691363e-02 -5.5480273e-04	 7.39e-01 Accepted	 218	 564	
