# Starting_type: HotStart
# serial RNG seed: 	[10686 47186 46689 62646 28190]
# parallel RNG seed:	[996 14440 54190 25418 42283]
# Trajectory_length / Number_of_MD_steps: 1 / 8
# 	 Plaquette	 Polyakov_Loop(re,im)	 Acc._Probability	 runtime_per_traj(s)	 CG_iterations	
1	 2.2985049e-01	 -9.5730750e-05 +7.3406651e-04	 3.07e+76 Accepted	 432	 915	
2	 3.2638164e-01	 +7.7633396e-04 +3.8221846e-04	 2.08e+42 Accepted	 565	 1101	
3	 3.8177149e-01	 +7.6439443e-04 +3.1640898e-04	 1.50e+26 Accepted	 618	 1165	
4	 4.1901905e-01	 +7.9267537e-04 -3.3921768e-04	 1.70e+18 Accepted	 636	 1186	
5	 4.4721544e-01	 +1.3072720e-03 +1.2511148e-03	 1.20e+13 Accepted	 640	 1190	
6	 4.7014017e-01	 -8.0134608e-04 +1.2428340e-03	 1.16e+11 Accepted	 642	 1184	
7	 4.8988106e-01	 -1.7667178e-04 -5.2658687e-05	 3.66e+08 Accepted	 640	 1174	
8	 5.0706265e-01	 -7.0811418e-04 +4.1095360e-04	 6.32e+07 Accepted	 636	 1159	
9	 5.2223363e-01	 -5.7117497e-04 +1.1006513e-03	 7.16e+06 Accepted	 630	 1157	
10	 5.3556901e-01	 +4.6365231e-04 +1.3621220e-03	 7.27e+05 Accepted	 624	 1134	
11	 5.4728594e-01	 +1.0132270e-03 -3.4917543e-04	 8.93e+04 Accepted	 617	 1133	
12	 5.5690165e-01	 -2.0417345e-03 -4.6373975e-04	 1.40e+04 Accepted	 615	 1120	
13	 5.6481772e-01	 -1.1936986e-04 -6.7732532e-04	 3.28e+03 Accepted	 602	 1093	
14	 5.7159703e-01	 -1.6358409e-03 -5.2926307e-04	 1.89e+03 Accepted	 599	 1091	
15	 5.7708264e-01	 +1.9425370e-03 +6.9835813e-04	 2.73e+02 Accepted	 591	 1051	
16	 5.8127054e-01	 -2.3787287e-04 -1.0496785e-05	 4.75e+01 Accepted	 585	 1047	
17	 5.8485743e-01	 -2.4241477e-05 -9.3082788e-05	 3.56e+01 Accepted	 581	 1027	
18	 5.8760552e-01	 -4.1683999e-04 +1.8727932e-04	 3.74e+01 Accepted	 567	 1010	
19	 5.9006122e-01	 +3.5789507e-04 +1.9328464e-03	 1.11e+01 Accepted	 556	 984	
20	 5.9157075e-01	 -2.5303668e-03 -4.0479504e-04	 3.49e+00 Accepted	 556	 1011	
21	 5.9303242e-01	 -4.1304904e-04 +3.5384492e-04	 2.87e+00 Accepted	 553	 981	
22	 5.9406392e-01	 -2.7073375e-03 -1.9766912e-03	 2.38e+00 Accepted	 549	 942	
23	 5.9531824e-01	 +1.8100454e-03 -1.1943214e-03	 3.22e+00 Accepted	 536	 983	
24	 5.9625621e-01	 +8.2869867e-05 -2.6055896e-03	 1.77e+00 Accepted	 539	 950	
25	 5.9688209e-01	 +1.3475895e-03 -4.9543710e-04	 1.71e+00 Accepted	 538	 954	
26	 5.9743730e-01	 -5.0332561e-04 -3.4943303e-04	 1.38e+00 Accepted	 532	 953	
27	 5.9781327e-01	 +2.9598131e-04 +1.0066309e-03	 2.47e+00 Accepted	 519	 879	
28	 5.9781192e-01	 +8.4389179e-04 -8.7913605e-04	 1.17e+00 Accepted	 503	 890	
29	 5.9809414e-01	 +7.8317230e-04 -2.4751457e-04	 1.84e+00 Accepted	 509	 886	
30	 5.9845439e-01	 +1.8677486e-03 +9.6785504e-04	 1.40e+00 Accepted	 513	 943	
31	 5.9873681e-01	 +1.9429203e-03 +6.6731288e-04	 1.22e+00 Accepted	 529	 908	
32	 5.9877310e-01	 +1.4074791e-03 +4.5189682e-04	 1.59e+00 Accepted	 505	 876	
33	 5.9929509e-01	 +3.1477761e-03 -1.6157843e-03	 2.04e+00 Accepted	 500	 897	
34	 5.9951325e-01	 +1.5815794e-03 +1.0485776e-03	 1.11e+00 Accepted	 498	 862	
35	 5.9971224e-01	 +5.1981779e-04 +1.0050116e-04	 1.53e+00 Accepted	 492	 863	
36	 5.9969293e-01	 +3.8145834e-03 -1.1071752e-03	 8.21e-01 Accepted	 484	 839	
37	 5.9984814e-01	 +3.4773808e-03 +9.7998851e-04	 1.25e+00 Accepted	 482	 889	
38	 6.0006182e-01	 +3.5227640e-03 +1.6479032e-03	 9.10e-01 Accepted	 501	 862	
39	 5.9995016e-01	 +3.4422344e-03 -1.7686026e-04	 1.32e+00 Accepted	 481	 798	
40	 6.0016596e-01	 +2.4465776e-03 -2.0757505e-03	 9.75e-01 Accepted	 470	 807	
41	 6.0040207e-01	 +2.5275339e-03 -3.2827757e-03	 1.10e+00 Accepted	 454	 782	
42	 6.0040207e-01	 +2.5275339e-03 -3.2827757e-03	 5.18e-01 Rejected	 459	 828	
43	 6.0040207e-01	 +2.5275339e-03 -3.2827757e-03	 5.87e-01 Rejected	 449	 787	
44	 6.0036347e-01	 +3.0691899e-03 -8.7658158e-04	 1.36e+00 Accepted	 452	 800	
45	 6.0039623e-01	 +3.6881920e-03 -1.7700863e-03	 8.80e-01 Accepted	 447	 775	
46	 6.0017614e-01	 +1.2352794e-03 -1.3135878e-03	 3.90e-01 Accepted	 443	 806	
47	 6.0048607e-01	 +2.7195482e-03 +6.5703829e-05	 1.71e+00 Accepted	 453	 767	
48	 6.0047599e-01	 +1.4437113e-03 -9.9378982e-05	 7.95e-01 Accepted	 442	 789	
49	 6.0060019e-01	 +1.5485223e-03 -1.2981434e-04	 8.41e-01 Accepted	 453	 798	
50	 6.0041123e-01	 +2.4524519e-03 +2.9258688e-03	 9.40e-01 Accepted	 455	 804	
51	 6.0034370e-01	 +3.3222034e-03 +2.3049859e-03	 9.79e-01 Accepted	 456	 787	
52	 6.0036396e-01	 +1.8507021e-03 +8.1309323e-04	 1.12e+00 Accepted	 445	 808	
53	 6.0028906e-01	 +3.1493607e-03 +3.4631851e-03	 9.30e-01 Accepted	 462	 776	
54	 6.0047122e-01	 +3.0395606e-03 +3.0344928e-04	 1.28e+00 Accepted	 440	 792	
55	 6.0056195e-01	 +6.2950646e-03 +2.7243988e-03	 9.33e-01 Accepted	 448	 798	
56	 6.0044441e-01	 +4.1284729e-03 +1.0433805e-03	 1.24e+00 Accepted	 449	 765	
57	 6.0037222e-01	 +4.8333874e-03 +2.5430266e-03	 9.05e-01 Accepted	 449	 802	
58	 6.0019909e-01	 +2.8941073e-03 +3.0761398e-03	 8.11e-01 Accepted	 454	 791	
59	 6.0017788e-01	 +4.5766450e-03 +2.0683114e-03	 1.47e+00 Accepted	 451	 785	
60	 6.0061022e-01	 +2.2426875e-03 +1.2534003e-03	 1.05e+00 Accepted	 447	 783	
61	 6.0040241e-01	 +1.9050606e-03 +2.8344368e-03	 6.58e-01 Accepted	 452	 801	
62	 6.0046297e-01	 +2.4699371e-03 +4.6824999e-03	 1.52e+00 Accepted	 451	 800	
63	 6.0076165e-01	 +4.8161475e-03 +8.0453324e-04	 1.57e+00 Accepted	 452	 767	
64	 6.0078603e-01	 +4.6080514e-03 +3.7722445e-03	 1.14e+00 Accepted	 440	 749	
65	 6.0076849e-01	 +3.6992531e-03 +3.5853755e-03	 9.27e-01 Accepted	 434	 759	
66	 6.0096056e-01	 +3.4693780e-03 +5.2165450e-03	 1.34e+00 Accepted	 437	 792	
67	 6.0107238e-01	 +4.5648332e-03 +4.7024639e-03	 1.16e+00 Accepted	 446	 754	
68	 6.0101042e-01	 +3.1973614e-03 +2.9716719e-03	 9.72e-01 Accepted	 434	 749	
69	 6.0101042e-01	 +3.1973614e-03 +2.9716719e-03	 5.97e-01 Rejected	 431	 764	
70	 6.0083427e-01	 +3.2216629e-03 +1.0321333e-03	 1.26e+00 Accepted	 429	 751	
71	 6.0076400e-01	 +2.8273152e-03 +3.4138223e-03	 8.78e-01 Accepted	 427	 750	
72	 6.0091680e-01	 +3.4439493e-03 +1.9409547e-03	 8.73e-01 Accepted	 435	 756	
73	 6.0100209e-01	 +3.1341807e-03 +4.7270216e-03	 6.37e-01 Accepted	 432	 760	
74	 6.0105169e-01	 +3.7245736e-03 +2.4407325e-03	 9.37e-01 Accepted	 431	 749	
75	 6.0105169e-01	 +3.7245736e-03 +2.4407325e-03	 5.04e-01 Rejected	 430	 754	
76	 6.0103459e-01	 +4.2930437e-03 +4.3366796e-03	 1.06e+00 Accepted	 433	 767	
77	 6.0105232e-01	 +4.6786314e-03 +1.9872792e-03	 9.73e-01 Accepted	 434	 748	
78	 6.0103117e-01	 +3.6578233e-03 +2.9436732e-03	 6.63e-01 Accepted	 429	 756	
79	 6.0103298e-01	 +2.7827162e-03 +4.0812815e-03	 7.58e-01 Accepted	 431	 768	
80	 6.0103974e-01	 +4.9544474e-03 +2.0319701e-03	 1.28e+00 Accepted	 442	 784	
81	 6.0109076e-01	 +4.3235837e-03 +2.0352783e-03	 8.42e-01 Accepted	 443	 782	
82	 6.0113045e-01	 +1.8353278e-03 +3.4297678e-03	 1.03e+00 Accepted	 441	 782	
83	 6.0105084e-01	 +4.7621732e-03 +3.9626570e-03	 7.26e-01 Accepted	 440	 776	
84	 6.0097966e-01	 +2.8157365e-03 +7.7792525e-04	 1.15e+00 Accepted	 444	 773	
85	 6.0095207e-01	 +5.2355243e-03 +4.1700724e-03	 6.39e-01 Accepted	 438	 753	
86	 6.0090427e-01	 +4.0473298e-03 +2.7104787e-03	 7.34e-01 Accepted	 434	 758	
87	 6.0099836e-01	 +4.7633023e-03 +2.1470298e-03	 8.14e-01 Accepted	 433	 768	
# Starting_type: CheckpointStart
# Trajectory_length / Number_of_MD_steps: 1 / 8
# 	 Plaquette	 Polyakov_Loop(re,im)	 Acc._Probability	 runtime_per_traj(s)	 CG_iterations	
87	 6.0099836e-01	 +4.7633023e-03 +2.1470298e-03	 8.14e-01 Accepted	 434	 768	
88	 6.0093288e-01	 +6.3294991e-03 +1.2126454e-03	 1.25e+00 Accepted	 434	 779	
89	 6.0091774e-01	 +6.1516369e-03 +1.3681474e-03	 1.03e+00 Accepted	 443	 781	
90	 6.0091774e-01	 +6.1516369e-03 +1.3681474e-03	 5.06e-01 Rejected	 447	 767	
91	 6.0095738e-01	 +4.8546655e-03 +5.8220486e-04	 7.72e-01 Accepted	 451	 796	
92	 6.0097417e-01	 +8.1280268e-03 +1.0744223e-03	 8.59e-01 Accepted	 443	 769	
93	 6.0093047e-01	 +6.4731249e-03 +7.2113332e-04	 7.92e-01 Accepted	 435	 775	
94	 6.0093047e-01	 +6.4731249e-03 +7.2113332e-04	 6.35e-01 Rejected	 435	 754	
95	 6.0091872e-01	 +4.6212002e-03 -2.0411817e-04	 1.03e+00 Accepted	 441	 793	
96	 6.0095429e-01	 +5.7223548e-03 +2.2854323e-04	 9.85e-01 Accepted	 447	 793	
97	 6.0118943e-01	 +7.3111325e-03 +1.2293779e-03	 1.25e+00 Accepted	 441	 762	
98	 6.0118502e-01	 +5.2726840e-03 -7.9961897e-05	 1.29e+00 Accepted	 434	 753	
99	 6.0090104e-01	 +5.5585340e-03 +1.9379980e-04	 7.37e-01 Accepted	 430	 745	
100	 6.0098001e-01	 +6.8047364e-03 +1.0923730e-03	 1.82e+00 Accepted	 431	 747	
101	 6.0106034e-01	 +4.4670004e-03 -9.1667649e-04	 8.56e-01 Accepted	 433	 747	
102	 6.0109530e-01	 +6.3222231e-03 +3.6759856e-04	 7.06e-01 Accepted	 430	 747	
103	 6.0106428e-01	 +7.4651784e-03 +1.3609418e-03	 8.83e-01 Accepted	 426	 746	
104	 6.0113950e-01	 +5.5635909e-03 -1.2811649e-03	 1.11e+00 Accepted	 425	 742	
105	 6.0101907e-01	 +6.7152645e-03 +1.7710932e-04	 1.17e+00 Accepted	 425	 743	
106	 6.0119632e-01	 +7.4207532e-03 +6.5683873e-04	 1.21e+00 Accepted	 429	 745	
107	 6.0116489e-01	 +7.1877881e-03 +2.0620328e-03	 9.53e-01 Accepted	 426	 742	
108	 6.0106821e-01	 +1.0132804e-02 -3.2923978e-04	 1.16e+00 Accepted	 427	 743	
109	 6.0110402e-01	 +6.6035564e-03 -8.6513685e-04	 1.26e+00 Accepted	 427	 746	
110	 6.0116513e-01	 +7.0563397e-03 -5.2683434e-04	 9.72e-01 Accepted	 427	 745	
111	 6.0113115e-01	 +6.7624096e-03 -2.3777981e-04	 7.41e-01 Accepted	 426	 745	
112	 6.0122946e-01	 +6.1543739e-03 -1.4992983e-03	 9.97e-01 Accepted	 428	 743	
113	 6.0122946e-01	 +6.1543739e-03 -1.4992983e-03	 6.64e-01 Rejected	 427	 743	
114	 6.0133660e-01	 +8.0875767e-03 +1.4449531e-03	 1.05e+00 Accepted	 427	 742	
115	 6.0130450e-01	 +8.4078176e-03 +1.2602404e-03	 9.48e-01 Accepted	 426	 746	
116	 6.0117503e-01	 +7.0119544e-03 +9.0323901e-04	 1.20e+00 Accepted	 427	 746	
117	 6.0117503e-01	 +7.0119544e-03 +9.0323901e-04	 7.16e-01 Rejected	 427	 742	
118	 6.0130237e-01	 +7.5751091e-03 +1.3603368e-03	 1.43e+00 Accepted	 427	 742	
119	 6.0114804e-01	 +8.6220168e-03 +2.8510720e-04	 7.95e-01 Accepted	 424	 744	
120	 6.0117423e-01	 +9.1571270e-03 -3.7111755e-04	 1.34e+00 Accepted	 426	 746	
121	 6.0094294e-01	 +9.2582542e-03 +2.0253908e-04	 1.06e+00 Accepted	 427	 744	
122	 6.0126516e-01	 +8.9506158e-03 +7.1579372e-04	 1.51e+00 Accepted	 427	 750	
123	 6.0114032e-01	 +9.7452339e-03 -1.6221915e-03	 5.76e-01 Accepted	 427	 742	
124	 6.0113156e-01	 +1.1307339e-02 +7.1519420e-04	 1.18e+00 Accepted	 426	 743	
125	 6.0103974e-01	 +6.6357482e-03 +6.1903706e-04	 1.15e+00 Accepted	 424	 740	
126	 6.0103974e-01	 +6.6357482e-03 +6.1903706e-04	 7.61e-01 Rejected	 427	 746	
127	 6.0114197e-01	 +8.7031277e-03 -7.0066900e-05	 2.01e+00 Accepted	 426	 746	
128	 6.0123885e-01	 +5.6083503e-03 +6.1419976e-04	 1.23e+00 Accepted	 428	 745	
129	 6.0146843e-01	 +6.2533775e-03 +1.6863356e-03	 1.31e+00 Accepted	 425	 745	
130	 6.0150584e-01	 +6.9063305e-03 +1.2749283e-03	 1.59e+00 Accepted	 426	 745	
131	 6.0127311e-01	 +5.8163644e-03 +3.6839765e-04	 1.22e+00 Accepted	 425	 751	
132	 6.0129951e-01	 +5.5655775e-03 +8.4571926e-04	 1.89e+00 Accepted	 432	 744	
133	 6.0120811e-01	 +7.2779184e-03 +1.3949344e-03	 3.45e-01 Accepted	 424	 743	
134	 6.0106215e-01	 +9.8334564e-03 -9.2735313e-04	 8.34e-01 Accepted	 426	 743	
135	 6.0110339e-01	 +7.8246227e-03 -2.0217026e-04	 1.24e+00 Accepted	 427	 741	
136	 6.0101344e-01	 +9.7246074e-03 -1.1051870e-03	 7.97e-01 Accepted	 425	 742	
137	 6.0100167e-01	 +8.8646077e-03 +1.2471367e-03	 8.30e-01 Accepted	 424	 743	
138	 6.0100167e-01	 +8.8646077e-03 +1.2471367e-03	 6.74e-01 Rejected	 425	 741	
139	 6.0110217e-01	 +9.6801017e-03 +9.2156923e-04	 1.43e+00 Accepted	 424	 744	
140	 6.0106472e-01	 +9.2032704e-03 +2.0241593e-03	 1.56e+00 Accepted	 426	 748	
141	 6.0106472e-01	 +9.2032704e-03 +2.0241593e-03	 6.70e-01 Rejected	 426	 746	
142	 6.0107385e-01	 +8.9243812e-03 +2.5388605e-05	 5.13e-01 Accepted	 429	 745	
143	 6.0113026e-01	 +9.2904151e-03 +8.3340533e-04	 7.06e-01 Accepted	 425	 741	
144	 6.0138098e-01	 +1.0125244e-02 -9.6137152e-04	 1.13e+00 Accepted	 425	 745	
145	 6.0122504e-01	 +8.0454534e-03 +9.8444696e-05	 7.24e-01 Accepted	 424	 741	
146	 6.0132072e-01	 +8.4531676e-03 -3.1045143e-04	 1.49e+00 Accepted	 425	 746	
147	 6.0096414e-01	 +1.0059231e-02 -6.8223344e-04	 1.31e+00 Accepted	 431	 758	
148	 6.0092449e-01	 +8.9095207e-03 +1.3871396e-03	 5.83e-01 Accepted	 436	 753	
149	 6.0083497e-01	 +7.3241738e-03 -2.5827191e-03	 6.11e-01 Accepted	 432	 744	
150	 6.0096770e-01	 +1.0104340e-02 -2.4832536e-03	 1.37e+00 Accepted	 424	 740	
151	 6.0096770e-01	 +1.0104340e-02 -2.4832536e-03	 5.94e-01 Rejected	 428	 760	
152	 6.0072435e-01	 +9.4606469e-03 -4.8107851e-04	 5.76e-01 Accepted	 428	 743	
153	 6.0076283e-01	 +8.8403658e-03 -3.0105589e-04	 1.89e+00 Accepted	 426	 747	
154	 6.0076283e-01	 +8.8403658e-03 -3.0105589e-04	 8.91e-01 Rejected	 425	 735	
155	 6.0106159e-01	 +9.1370585e-03 -1.8886333e-03	 1.44e+00 Accepted	 423	 743	
156	 6.0106783e-01	 +7.4276035e-03 -1.5375117e-03	 9.80e-01 Accepted	 424	 745	
157	 6.0111503e-01	 +9.5533712e-03 -3.4536072e-04	 1.81e+00 Accepted	 425	 743	
158	 6.0111709e-01	 +9.9306513e-03 -5.6530838e-04	 9.93e-01 Accepted	 424	 739	
159	 6.0122695e-01	 +1.1008842e-02 -3.0560454e-04	 7.67e-01 Accepted	 423	 741	
160	 6.0116664e-01	 +9.4631689e-03 +1.7818468e-03	 7.85e-01 Accepted	 425	 742	
161	 6.0136899e-01	 +9.2751787e-03 +8.0071359e-04	 1.05e+00 Accepted	 424	 740	
162	 6.0139247e-01	 +9.2236138e-03 -7.3417494e-04	 7.19e-01 Accepted	 426	 739	
163	 6.0150323e-01	 +1.1054239e-02 -2.5056362e-04	 9.81e-01 Accepted	 424	 742	
164	 6.0131903e-01	 +9.3536327e-03 +1.6874869e-04	 1.42e+00 Accepted	 425	 741	
165	 6.0123707e-01	 +1.0036412e-02 -1.8593548e-03	 8.50e-01 Accepted	 424	 740	
166	 6.0112559e-01	 +1.0386766e-02 -1.1628141e-03	 8.24e-01 Accepted	 425	 741	
167	 6.0121195e-01	 +1.0599396e-02 -1.1297077e-03	 1.67e+00 Accepted	 425	 739	
168	 6.0114118e-01	 +1.2227562e-02 -2.5251617e-04	 1.68e+00 Accepted	 428	 741	
169	 6.0097854e-01	 +1.1687074e-02 +1.2889432e-04	 6.74e-01 Accepted	 424	 739	
170	 6.0103793e-01	 +1.1853159e-02 +8.3717104e-04	 1.09e+00 Accepted	 424	 740	
171	 6.0129573e-01	 +1.2076502e-02 +7.6090038e-05	 1.39e+00 Accepted	 426	 738	
172	 6.0139027e-01	 +1.1651279e-02 -9.9267202e-04	 1.35e+00 Accepted	 423	 738	
173	 6.0130897e-01	 +1.2153516e-02 +5.5947502e-04	 1.12e+00 Accepted	 424	 737	
174	 6.0117142e-01	 +1.4855249e-02 -1.5114137e-03	 8.47e-01 Accepted	 427	 740	
175	 6.0117971e-01	 +1.1963655e-02 -2.2553079e-03	 6.52e-01 Accepted	 424	 739	
176	 6.0112150e-01	 +1.4457318e-02 -2.4508612e-03	 1.39e+00 Accepted	 424	 737	
177	 6.0124291e-01	 +1.5730468e-02 -2.2364679e-03	 5.94e-01 Accepted	 425	 737	
178	 6.0139165e-01	 +1.5453196e-02 -2.7750158e-03	 1.31e+00 Accepted	 424	 740	
179	 6.0139165e-01	 +1.5453196e-02 -2.7750158e-03	 5.43e-01 Rejected	 422	 741	
180	 6.0135622e-01	 +1.3996037e-02 -9.8044570e-04	 7.78e-01 Accepted	 422	 733	
181	 6.0150836e-01	 +1.5245718e-02 -1.3505386e-05	 8.27e-01 Accepted	 422	 736	
182	 6.0139447e-01	 +1.5712924e-02 -1.0494563e-03	 9.75e-01 Accepted	 424	 736	
183	 6.0139447e-01	 +1.5712924e-02 -1.0494563e-03	 7.53e-01 Rejected	 425	 745	
184	 6.0134416e-01	 +1.4758776e-02 -1.3369392e-03	 1.12e+00 Accepted	 423	 738	
185	 6.0129850e-01	 +1.4941454e-02 -8.0315658e-05	 9.24e-01 Accepted	 421	 738	
186	 6.0136454e-01	 +1.2862950e-02 -4.3877680e-04	 9.69e-01 Accepted	 424	 734	
187	 6.0132941e-01	 +1.5346243e-02 -1.3730042e-03	 5.91e-01 Accepted	 425	 742	
# Starting_type: CheckpointStart
# Trajectory_length / Number_of_MD_steps: 1 / 8
# 	 Plaquette	 Polyakov_Loop(re,im)	 Acc._Probability	 runtime_per_traj(s)	 CG_iterations	
187	 6.0132941e-01	 +1.5346243e-02 -1.3730042e-03	 5.91e-01 Accepted	 427	 742	
188	 6.0141071e-01	 +1.4314086e-02 -1.0915175e-03	 1.19e+00 Accepted	 428	 743	
189	 6.0133083e-01	 +1.3494516e-02 +5.6731367e-04	 9.07e-01 Accepted	 428	 741	
190	 6.0113593e-01	 +1.5321885e-02 +5.3257007e-04	 6.78e-01 Accepted	 425	 742	
191	 6.0125067e-01	 +1.4946054e-02 -1.9686983e-03	 9.73e-01 Accepted	 424	 737	
192	 6.0129700e-01	 +1.4434833e-02 -1.6631351e-03	 1.13e+00 Accepted	 424	 741	
193	 6.0129700e-01	 +1.4434833e-02 -1.6631351e-03	 6.50e-01 Rejected	 424	 741	
194	 6.0150728e-01	 +1.6195340e-02 +8.8590105e-04	 1.37e+00 Accepted	 426	 742	
195	 6.0131041e-01	 +1.4620513e-02 +7.1529693e-04	 4.68e-01 Accepted	 424	 741	
196	 6.0131041e-01	 +1.4620513e-02 +7.1529693e-04	 6.38e-01 Rejected	 424	 739	
197	 6.0138163e-01	 +1.7117590e-02 -2.0656192e-03	 1.60e+00 Accepted	 422	 737	
198	 6.0138163e-01	 +1.7117590e-02 -2.0656192e-03	 6.60e-01 Rejected	 425	 738	
199	 6.0123321e-01	 +1.5552593e-02 -8.3143455e-04	 6.32e-01 Accepted	 423	 739	
200	 6.0123321e-01	 +1.5552593e-02 -8.3143455e-04	 7.11e-01 Rejected	 428	 742	
201	 6.0119635e-01	 +1.4889886e-02 +5.8739193e-04	 1.07e+00 Accepted	 424	 738	
202	 6.0119635e-01	 +1.4889886e-02 +5.8739193e-04	 7.14e-01 Rejected	 427	 741	
203	 6.0136732e-01	 +1.5334296e-02 -3.2018422e-03	 1.62e+00 Accepted	 426	 739	
204	 6.0139511e-01	 +1.4275910e-02 -2.0696256e-03	 1.02e+00 Accepted	 426	 740	
205	 6.0141262e-01	 +1.4256060e-02 -3.7128681e-03	 7.27e-01 Accepted	 424	 739	
206	 6.0121297e-01	 +1.3821187e-02 -2.2248641e-03	 8.29e-01 Accepted	 426	 739	
207	 6.0108651e-01	 +1.4592104e-02 -1.0342716e-03	 6.03e-01 Accepted	 424	 740	
208	 6.0120518e-01	 +1.6209731e-02 -2.9575772e-03	 1.29e+00 Accepted	 425	 735	
209	 6.0125868e-01	 +1.5655548e-02 -2.3359967e-03	 1.07e+00 Accepted	 427	 743	
210	 6.0125868e-01	 +1.5655548e-02 -2.3359967e-03	 5.11e-01 Rejected	 425	 739	
211	 6.0144707e-01	 +1.6546296e-02 +1.2764937e-04	 1.17e+00 Accepted	 425	 741	
212	 6.0135870e-01	 +1.5454154e-02 -1.1417479e-03	 9.33e-01 Accepted	 426	 740	
213	 6.0133910e-01	 +1.4102648e-02 -5.8875988e-04	 1.51e+00 Accepted	 427	 737	
214	 6.0104760e-01	 +1.7525426e-02 -7.6441810e-04	 8.53e-01 Accepted	 424	 740	
215	 6.0114709e-01	 +1.7444603e-02 -7.3902877e-04	 1.02e+00 Accepted	 426	 750	
216	 6.0114709e-01	 +1.7444603e-02 -7.3902877e-04	 8.27e-01 Rejected	 427	 742	
217	 6.0124508e-01	 +1.6936665e-02 +7.5125355e-04	 7.11e-01 Accepted	 423	 736	
218	 6.0135449e-01	 +1.5474206e-02 +5.2747116e-05	 9.07e-01 Accepted	 427	 754	
219	 6.0137256e-01	 +1.6644717e-02 +2.0320949e-03	 1.81e+00 Accepted	 428	 741	
220	 6.0139367e-01	 +1.7570573e-02 +3.7853023e-04	 7.21e-01 Accepted	 426	 744	
221	 6.0111184e-01	 +1.7335290e-02 +6.6714190e-04	 5.17e-01 Accepted	 426	 743	
222	 6.0122989e-01	 +1.6014515e-02 +1.9262603e-04	 1.19e+00 Accepted	 428	 735	
223	 6.0137332e-01	 +1.7403136e-02 +1.8086987e-03	 9.76e-01 Accepted	 422	 738	
224	 6.0136218e-01	 +1.7896504e-02 +3.1369648e-03	 1.08e+00 Accepted	 423	 735	
225	 6.0132855e-01	 +1.6853112e-02 +1.2789994e-03	 8.53e-01 Accepted	 421	 742	
226	 6.0130518e-01	 +1.8105376e-02 +1.5348611e-03	 1.62e+00 Accepted	 426	 740	
227	 6.0117058e-01	 +1.6316296e-02 -1.4794852e-04	 7.45e-01 Accepted	 421	 739	
228	 6.0140296e-01	 +1.6277155e-02 +3.1529732e-04	 1.06e+00 Accepted	 422	 736	
229	 6.0107550e-01	 +1.8087272e-02 +1.5233871e-03	 1.10e+00 Accepted	 423	 732	
230	 6.0105194e-01	 +1.6515236e-02 +2.3804931e-03	 8.04e-01 Accepted	 423	 736	
231	 6.0117883e-01	 +1.8602348e-02 +2.1841431e-03	 1.32e+00 Accepted	 423	 735	
232	 6.0133532e-01	 +2.0392552e-02 +2.6744579e-03	 1.49e+00 Accepted	 423	 733	
233	 6.0124950e-01	 +1.9729646e-02 +3.2908677e-03	 8.23e-01 Accepted	 420	 735	
234	 6.0101536e-01	 +1.8299142e-02 +7.7055734e-04	 5.24e-01 Accepted	 420	 737	
235	 6.0097204e-01	 +1.9845434e-02 +1.2450694e-03	 9.49e-01 Accepted	 422	 735	
236	 6.0097204e-01	 +1.9845434e-02 +1.2450694e-03	 8.22e-01 Rejected	 423	 734	
237	 6.0097758e-01	 +2.1224087e-02 +2.2215313e-03	 8.66e-01 Accepted	 423	 738	
238	 6.0101899e-01	 +2.1002800e-02 +2.1879699e-03	 1.19e+00 Accepted	 422	 735	
239	 6.0111395e-01	 +1.9436561e-02 +5.6685258e-04	 1.64e+00 Accepted	 422	 738	
240	 6.0131539e-01	 +1.8674278e-02 +2.7046861e-03	 1.86e+00 Accepted	 423	 734	
241	 6.0146096e-01	 +2.0573928e-02 +1.0921323e-03	 9.69e-01 Accepted	 421	 732	
242	 6.0146096e-01	 +2.0573928e-02 +1.0921323e-03	 4.89e-01 Rejected	 424	 738	
243	 6.0135337e-01	 +2.2057501e-02 +2.1586092e-03	 1.20e+00 Accepted	 423	 738	
244	 6.0162168e-01	 +2.0284967e-02 +2.4372281e-03	 1.50e+00 Accepted	 424	 735	
245	 6.0132570e-01	 +2.0058362e-02 +2.6205518e-03	 7.44e-01 Accepted	 423	 739	
246	 6.0112332e-01	 +1.8905292e-02 +1.7333690e-03	 8.33e-01 Accepted	 423	 739	
247	 6.0114133e-01	 +1.8769781e-02 +2.6691491e-03	 9.20e-01 Accepted	 421	 731	
248	 6.0135543e-01	 +2.0904768e-02 +2.3869352e-03	 1.38e+00 Accepted	 421	 734	
249	 6.0132189e-01	 +1.9281908e-02 +3.8063966e-03	 1.20e+00 Accepted	 427	 756	
250	 6.0123827e-01	 +1.8608255e-02 +1.3603581e-03	 6.39e-01 Accepted	 437	 757	
251	 6.0107757e-01	 +1.8069744e-02 +1.0090280e-03	 8.97e-01 Accepted	 436	 753	
252	 6.0118343e-01	 +1.9620988e-02 +7.2616670e-04	 1.30e+00 Accepted	 430	 757	
253	 6.0136421e-01	 +1.7428996e-02 +1.4609295e-03	 1.27e+00 Accepted	 434	 738	
254	 6.0132519e-01	 +1.9651556e-02 +1.5673108e-03	 1.21e+00 Accepted	 422	 735	
255	 6.0151372e-01	 +1.9301188e-02 +1.5725951e-03	 1.96e+00 Accepted	 420	 735	
256	 6.0148621e-01	 +2.1498128e-02 +2.0840755e-03	 9.85e-01 Accepted	 422	 734	
257	 6.0141162e-01	 +2.0424738e-02 +2.2986661e-03	 8.23e-01 Accepted	 424	 734	
258	 6.0145978e-01	 +2.1708837e-02 +5.5852581e-03	 8.65e-01 Accepted	 422	 732	
259	 6.0103114e-01	 +2.2649699e-02 +2.9836507e-03	 4.99e-01 Accepted	 425	 743	
260	 6.0103114e-01	 +2.2649699e-02 +2.9836507e-03	 7.47e-01 Rejected	 425	 734	
261	 6.0118082e-01	 +2.1888332e-02 +3.7890553e-03	 1.17e+00 Accepted	 425	 739	
262	 6.0107477e-01	 +1.9626707e-02 +3.1899681e-03	 1.10e+00 Accepted	 423	 731	
263	 6.0094436e-01	 +2.1623839e-02 +3.0493026e-03	 8.12e-01 Accepted	 421	 735	
264	 6.0094436e-01	 +2.1623839e-02 +3.0493026e-03	 5.00e-01 Rejected	 422	 735	
265	 6.0108288e-01	 +2.0456708e-02 +3.2210056e-03	 9.91e-01 Accepted	 422	 735	
266	 6.0116225e-01	 +2.2351703e-02 +1.4965455e-03	 9.23e-01 Accepted	 421	 734	
267	 6.0138203e-01	 +2.1341648e-02 +4.0246949e-03	 1.01e+00 Accepted	 417	 730	
268	 6.0137109e-01	 +2.3818647e-02 +3.6481762e-03	 6.96e-01 Accepted	 423	 734	
269	 6.0114876e-01	 +2.3373862e-02 +1.9939591e-03	 7.80e-01 Accepted	 420	 735	
270	 6.0107561e-01	 +2.3524070e-02 +2.0352183e-03	 8.31e-01 Accepted	 421	 731	
271	 6.0126084e-01	 +2.3761962e-02 +2.1234252e-03	 1.17e+00 Accepted	 420	 736	
272	 6.0122938e-01	 +2.3421326e-02 +1.8624140e-05	 8.69e-01 Accepted	 419	 732	
273	 6.0127252e-01	 +2.2509076e-02 +1.9189681e-03	 9.44e-01 Accepted	 423	 731	
274	 6.0109969e-01	 +2.1735315e-02 +3.4092739e-03	 5.90e-01 Accepted	 420	 735	
275	 6.0115452e-01	 +2.3610259e-02 +2.4439335e-03	 1.53e+00 Accepted	 421	 734	
276	 6.0111506e-01	 +2.3189481e-02 +1.8148831e-03	 8.94e-01 Accepted	 421	 730	
277	 6.0127287e-01	 +2.6729638e-02 +3.8480300e-03	 1.28e+00 Accepted	 421	 732	
278	 6.0097164e-01	 +2.6532380e-02 +4.4303550e-03	 1.02e+00 Accepted	 420	 732	
279	 6.0097216e-01	 +2.7191083e-02 +3.5359839e-03	 6.84e-01 Accepted	 418	 729	
280	 6.0097216e-01	 +2.7191083e-02 +3.5359839e-03	 7.69e-01 Rejected	 419	 723	
281	 6.0117180e-01	 +2.6669060e-02 +2.1431043e-03	 8.85e-01 Accepted	 418	 727	
282	 6.0123831e-01	 +2.6330163e-02 +3.3576722e-03	 1.31e+00 Accepted	 418	 725	
283	 6.0135060e-01	 +2.5406766e-02 +3.5792129e-03	 1.27e+00 Accepted	 420	 737	
284	 6.0128420e-01	 +2.5859238e-02 +4.2781006e-03	 5.54e-01 Accepted	 424	 732	
285	 6.0111777e-01	 +2.7154272e-02 +1.1687095e-03	 1.42e+00 Accepted	 423	 753	
286	 6.0101771e-01	 +2.6795678e-02 +1.5282003e-03	 1.04e+00 Accepted	 426	 725	
287	 6.0109704e-01	 +2.5981218e-02 -6.3108447e-04	 1.00e+00 Accepted	 418	 724	
# Starting_type: CheckpointStart
# Trajectory_length / Number_of_MD_steps: 1 / 8
# 	 Plaquette	 Polyakov_Loop(re,im)	 Acc._Probability	 runtime_per_traj(s)	 CG_iterations	
287	 6.0109704e-01	 +2.5981218e-02 -6.3108447e-04	 1.00e+00 Accepted	 419	 724	
288	 6.0109704e-01	 +2.5981218e-02 -6.3108447e-04	 5.01e-01 Rejected	 420	 755	
289	 6.0112236e-01	 +2.8115997e-02 +4.0335181e-03	 1.27e+00 Accepted	 421	 748	
290	 6.0096559e-01	 +2.7413701e-02 +1.8501120e-03	 1.09e+00 Accepted	 427	 751	
291	 6.0106586e-01	 +2.5948423e-02 +9.9598495e-04	 9.53e-01 Accepted	 428	 742	
292	 6.0139957e-01	 +2.6654257e-02 +3.0418079e-03	 1.39e+00 Accepted	 424	 739	
293	 6.0142365e-01	 +2.5737782e-02 +3.8099333e-03	 6.70e-01 Accepted	 423	 717	
294	 6.0146599e-01	 +2.6642549e-02 +2.8454538e-03	 1.26e+00 Accepted	 425	 745	
295	 6.0131032e-01	 +2.6060249e-02 +4.0005415e-03	 9.35e-01 Accepted	 421	 709	
296	 6.0127851e-01	 +2.8295251e-02 +3.6049473e-03	 1.15e+00 Accepted	 413	 719	
297	 6.0130932e-01	 +2.8063583e-02 +2.7147718e-03	 9.61e-01 Accepted	 414	 716	
298	 6.0144447e-01	 +3.0317395e-02 +2.9036695e-03	 1.36e+00 Accepted	 412	 712	
299	 6.0137040e-01	 +2.9272519e-02 +4.2121835e-03	 1.38e+00 Accepted	 414	 720	
300	 6.0127576e-01	 +2.9632284e-02 +5.3476234e-03	 4.88e-01 Accepted	 414	 720	
301	 6.0114256e-01	 +2.8912539e-02 +5.0222125e-03	 1.07e+00 Accepted	 412	 716	
302	 6.0099513e-01	 +2.8554293e-02 +4.8171080e-03	 9.36e-01 Accepted	 413	 716	
303	 6.0113047e-01	 +3.0334784e-02 +4.0718196e-03	 1.24e+00 Accepted	 411	 712	
304	 6.0120582e-01	 +2.7966984e-02 +2.7035603e-03	 1.23e+00 Accepted	 411	 714	
305	 6.0141341e-01	 +2.9162484e-02 +4.7436463e-03	 1.26e+00 Accepted	 413	 716	
306	 6.0133843e-01	 +3.1139619e-02 +3.4749037e-03	 1.20e+00 Accepted	 412	 723	
307	 6.0133824e-01	 +3.1075475e-02 +2.9250518e-03	 9.84e-01 Accepted	 413	 711	
308	 6.0138978e-01	 +2.9352911e-02 +2.9669977e-03	 5.78e-01 Accepted	 410	 710	
309	 6.0129295e-01	 +2.8772036e-02 +3.2199997e-03	 6.47e-01 Accepted	 411	 714	
310	 6.0129295e-01	 +2.8772036e-02 +3.2199997e-03	 5.53e-01 Rejected	 412	 709	
311	 6.0100427e-01	 +2.8908210e-02 +4.2940467e-04	 6.55e-01 Accepted	 412	 721	
312	 6.0112961e-01	 +2.9693774e-02 +4.6106432e-03	 1.15e+00 Accepted	 409	 714	
313	 6.0118298e-01	 +3.0707626e-02 +4.9178982e-03	 1.35e+00 Accepted	 408	 702	
314	 6.0109618e-01	 +3.1783806e-02 +3.9326201e-03	 1.26e+00 Accepted	 409	 702	
315	 6.0129413e-01	 +3.1026599e-02 +4.5160103e-03	 1.29e+00 Accepted	 410	 727	
316	 6.0127237e-01	 +3.1135647e-02 +3.6496550e-03	 1.37e+00 Accepted	 415	 723	
317	 6.0127237e-01	 +3.1135647e-02 +3.6496550e-03	 2.98e-01 Rejected	 415	 707	
318	 6.0118255e-01	 +3.3316774e-02 +3.4505271e-03	 7.29e-01 Accepted	 415	 724	
319	 6.0116000e-01	 +3.1323904e-02 +4.5372327e-03	 6.25e-01 Accepted	 415	 719	
320	 6.0116000e-01	 +3.1323904e-02 +4.5372327e-03	 4.87e-01 Rejected	 410	 696	
321	 6.0113559e-01	 +3.2815630e-02 +5.4502902e-03	 7.09e-01 Accepted	 407	 701	
322	 6.0128109e-01	 +3.2356158e-02 +1.6565741e-03	 1.04e+00 Accepted	 406	 693	
323	 6.0106449e-01	 +3.3661269e-02 +4.2130948e-03	 9.61e-01 Accepted	 403	 695	
324	 6.0122185e-01	 +3.1592714e-02 +5.3797247e-03	 1.57e+00 Accepted	 403	 693	
325	 6.0124249e-01	 +3.1759967e-02 +5.4979212e-03	 1.26e+00 Accepted	 404	 719	
326	 6.0140839e-01	 +3.2538182e-02 +6.5620734e-03	 1.32e+00 Accepted	 409	 711	
327	 6.0140839e-01	 +3.2538182e-02 +6.5620734e-03	 5.69e-01 Rejected	 410	 727	
328	 6.0119156e-01	 +3.4345290e-02 +5.8933281e-03	 8.41e-01 Accepted	 408	 702	
329	 6.0143365e-01	 +3.2135462e-02 +2.2874690e-03	 9.69e-01 Accepted	 407	 707	
330	 6.0143365e-01	 +3.2135462e-02 +2.2874690e-03	 8.06e-01 Rejected	 408	 718	
331	 6.0134372e-01	 +3.3269683e-02 +5.0598781e-03	 9.22e-01 Accepted	 407	 702	
332	 6.0143793e-01	 +3.2061179e-02 +4.1231645e-03	 1.25e+00 Accepted	 408	 709	
333	 6.0144109e-01	 +3.5277950e-02 +6.7276749e-03	 9.70e-01 Accepted	 408	 698	
334	 6.0164546e-01	 +3.2246151e-02 +5.6111879e-03	 1.18e+00 Accepted	 405	 700	
335	 6.0145470e-01	 +3.2775369e-02 +4.2890946e-03	 5.76e-01 Accepted	 405	 704	
336	 6.0134390e-01	 +3.2564919e-02 +3.7133149e-03	 8.01e-01 Accepted	 408	 703	
337	 6.0101350e-01	 +3.3802790e-02 +2.9617065e-03	 5.15e-01 Accepted	 406	 700	
338	 6.0101350e-01	 +3.3802790e-02 +2.9617065e-03	 6.20e-01 Rejected	 407	 698	
339	 6.0097329e-01	 +3.1399007e-02 +2.1365430e-03	 8.51e-01 Accepted	 405	 699	
340	 6.0090331e-01	 +3.2624499e-02 +1.5522724e-03	 8.06e-01 Accepted	 404	 696	
341	 6.0072970e-01	 +3.3781166e-02 +8.2584277e-04	 7.94e-01 Accepted	 402	 700	
342	 6.0099856e-01	 +3.3966482e-02 +2.6574131e-03	 1.36e+00 Accepted	 405	 697	
343	 6.0109720e-01	 +3.4918897e-02 +3.0842892e-03	 8.15e-01 Accepted	 404	 702	
344	 6.0112014e-01	 +3.5049164e-02 +3.4981756e-03	 1.19e+00 Accepted	 402	 694	
345	 6.0112190e-01	 +3.3380669e-02 +5.2023838e-03	 1.65e+00 Accepted	 402	 689	
346	 6.0137969e-01	 +3.5304287e-02 +3.2213183e-03	 1.69e+00 Accepted	 405	 697	
347	 6.0147895e-01	 +3.4887969e-02 +3.9102452e-03	 1.42e+00 Accepted	 405	 696	
348	 6.0135786e-01	 +3.3935067e-02 +3.1659736e-03	 9.57e-01 Accepted	 403	 697	
349	 6.0096757e-01	 +3.4744053e-02 +2.2999420e-03	 7.08e-01 Accepted	 400	 689	
350	 6.0096757e-01	 +3.4744053e-02 +2.2999420e-03	 8.29e-01 Rejected	 401	 690	
351	 6.0109541e-01	 +3.5682624e-02 +4.5803834e-03	 9.00e-01 Accepted	 401	 691	
352	 6.0121815e-01	 +3.4492229e-02 +3.3928323e-03	 6.04e-01 Accepted	 407	 711	
353	 6.0116535e-01	 +3.3624105e-02 +5.8843834e-03	 1.04e+00 Accepted	 412	 729	
354	 6.0140681e-01	 +3.3226251e-02 +4.0969022e-03	 1.02e+00 Accepted	 425	 730	
355	 6.0125796e-01	 +3.1936961e-02 +4.3176597e-03	 1.31e+00 Accepted	 410	 692	
356	 6.0108257e-01	 +3.3275084e-02 +3.5429409e-03	 7.54e-01 Accepted	 401	 693	
357	 6.0120629e-01	 +3.6586649e-02 +4.5443065e-03	 1.15e+00 Accepted	 401	 701	
358	 6.0120629e-01	 +3.6586649e-02 +4.5443065e-03	 3.84e-01 Rejected	 402	 689	
359	 6.0126603e-01	 +3.4565514e-02 +5.1324547e-03	 1.30e+00 Accepted	 402	 694	
360	 6.0129091e-01	 +3.6392830e-02 +4.3129930e-03	 9.57e-01 Accepted	 403	 699	
361	 6.0120836e-01	 +3.2148700e-02 +1.5876552e-03	 1.33e+00 Accepted	 401	 684	
362	 6.0114866e-01	 +3.5810182e-02 +2.3679321e-03	 8.16e-01 Accepted	 402	 683	
363	 6.0110310e-01	 +3.4974522e-02 +4.6184405e-03	 1.18e+00 Accepted	 401	 685	
364	 6.0112493e-01	 +3.7628987e-02 +4.0677156e-03	 1.47e+00 Accepted	 399	 685	
365	 6.0109725e-01	 +3.6227869e-02 +4.5211655e-03	 1.42e+00 Accepted	 396	 680	
366	 6.0109725e-01	 +3.6227869e-02 +4.5211655e-03	 5.33e-01 Rejected	 395	 681	
367	 6.0110485e-01	 +3.7610289e-02 +3.0851612e-03	 1.20e+00 Accepted	 395	 681	
368	 6.0110485e-01	 +3.7610289e-02 +3.0851612e-03	 6.54e-01 Rejected	 396	 680	
369	 6.0106039e-01	 +4.0026621e-02 +2.3171922e-03	 7.88e-01 Accepted	 399	 707	
370	 6.0105052e-01	 +3.9390953e-02 +3.2404900e-03	 1.32e+00 Accepted	 404	 690	
371	 6.0134676e-01	 +3.7256239e-02 +3.4774238e-03	 1.10e+00 Accepted	 400	 681	
372	 6.0147579e-01	 +3.8816751e-02 +2.9030990e-03	 8.87e-01 Accepted	 396	 688	
373	 6.0147579e-01	 +3.8816751e-02 +2.9030990e-03	 6.39e-01 Rejected	 399	 684	
374	 6.0151076e-01	 +3.7545122e-02 +1.6002353e-03	 1.31e+00 Accepted	 396	 700	
375	 6.0156479e-01	 +3.5152173e-02 +2.4792166e-03	 1.50e+00 Accepted	 402	 696	
376	 6.0151992e-01	 +3.4259772e-02 +9.5646867e-04	 1.18e+00 Accepted	 401	 689	
377	 6.0121459e-01	 +3.6914334e-02 +2.6146201e-03	 1.19e+00 Accepted	 403	 708	
378	 6.0132573e-01	 +3.6052358e-02 +1.7540640e-03	 1.73e+00 Accepted	 406	 693	
379	 6.0144256e-01	 +3.3569743e-02 +4.5215781e-03	 7.34e-01 Accepted	 406	 709	
380	 6.0155832e-01	 +3.4208972e-02 +2.5622355e-03	 1.82e+00 Accepted	 410	 712	
381	 6.0151080e-01	 +3.6152733e-02 +1.3181992e-03	 1.06e+00 Accepted	 413	 729	
382	 6.0135150e-01	 +3.6719560e-02 +3.5159766e-03	 7.06e-01 Accepted	 417	 710	
383	 6.0143033e-01	 +3.5677154e-02 +3.1726458e-03	 1.31e+00 Accepted	 404	 704	
384	 6.0128229e-01	 +4.0722841e-02 +1.6193437e-03	 6.71e-01 Accepted	 403	 685	
385	 6.0126215e-01	 +3.8014648e-02 +4.1290902e-03	 1.70e+00 Accepted	 399	 685	
386	 6.0146836e-01	 +3.9933468e-02 +3.7393542e-03	 1.23e+00 Accepted	 399	 690	
387	 6.0175473e-01	 +3.7819742e-02 +1.3795988e-03	 2.17e+00 Accepted	 404	 709	
388	 6.0169187e-01	 +3.8256892e-02 +7.4083573e-04	 9.28e-01 Accepted	 409	 718	
389	 6.0167203e-01	 +3.7323312e-02 +2.1743756e-03	 7.07e-01 Accepted	 414	 720	
390	 6.0154128e-01	 +3.9685008e-02 +3.4815022e-03	 4.65e-01 Accepted	 412	 688	
391	 6.0146790e-01	 +3.7993126e-02 +4.6226617e-03	 1.15e+00 Accepted	 405	 710	
# Starting_type: CheckpointStart
# Trajectory_length / Number_of_MD_steps: 1 / 8
# 	 Plaquette	 Polyakov_Loop(re,im)	 Acc._Probability	 runtime_per_traj(s)	 CG_iterations	
391	 6.0146790e-01	 +3.7993126e-02 +4.6226617e-03	 1.15e+00 Accepted	 265	 710	
392	 6.0135077e-01	 +3.7330388e-02 +4.3220021e-03	 8.45e-01 Accepted	 253	 690	
393	 6.0136518e-01	 +3.8673076e-02 +2.0573721e-03	 1.27e+00 Accepted	 252	 697	
394	 6.0113379e-01	 +3.9992700e-02 +4.8338649e-03	 1.16e+00 Accepted	 253	 690	
395	 6.0105424e-01	 +4.1995129e-02 +3.5466647e-03	 1.84e+00 Accepted	 253	 693	
396	 6.0105424e-01	 +4.1995129e-02 +3.5466647e-03	 8.36e-01 Rejected	 254	 713	
397	 6.0114499e-01	 +4.0674482e-02 +3.3566052e-03	 1.15e+00 Accepted	 253	 696	
398	 6.0127019e-01	 +4.1582212e-02 +3.0287069e-03	 7.56e-01 Accepted	 254	 692	
399	 6.0130259e-01	 +3.9437104e-02 +3.0975201e-03	 7.84e-01 Accepted	 252	 688	
400	 6.0113483e-01	 +4.0382247e-02 +1.8408261e-03	 1.35e+00 Accepted	 253	 693	
401	 6.0119778e-01	 +4.0795164e-02 +3.7075926e-03	 8.98e-01 Accepted	 253	 695	
402	 6.0096303e-01	 +4.0608746e-02 +5.8567176e-04	 7.73e-01 Accepted	 253	 699	
403	 6.0099989e-01	 +3.9193670e-02 +1.3719521e-03	 1.20e+00 Accepted	 255	 694	
404	 6.0106276e-01	 +3.9830764e-02 +2.0219050e-03	 5.77e-01 Accepted	 253	 696	
405	 6.0106276e-01	 +3.9830764e-02 +2.0219050e-03	 7.94e-01 Rejected	 255	 692	
406	 6.0109963e-01	 +3.9086431e-02 +2.7072749e-03	 1.33e+00 Accepted	 254	 696	
407	 6.0109963e-01	 +3.9086431e-02 +2.7072749e-03	 5.61e-01 Rejected	 254	 692	
408	 6.0104230e-01	 +4.0052004e-02 +2.9386654e-03	 9.99e-01 Accepted	 256	 718	
409	 6.0112059e-01	 +3.9746490e-02 +4.7944623e-03	 8.26e-01 Accepted	 257	 693	
410	 6.0140291e-01	 +4.3137146e-02 +2.2738229e-03	 7.33e-01 Accepted	 251	 692	
411	 6.0130848e-01	 +3.9899764e-02 +3.5719128e-03	 5.56e-01 Accepted	 252	 705	
412	 6.0155697e-01	 +4.1148435e-02 -2.3125030e-04	 1.12e+00 Accepted	 254	 697	
413	 6.0155697e-01	 +4.1148435e-02 -2.3125030e-04	 5.46e-01 Rejected	 254	 689	
414	 6.0151730e-01	 +3.8665826e-02 +1.2045065e-03	 9.33e-01 Accepted	 254	 692	
415	 6.0139693e-01	 +4.1597787e-02 +1.1217179e-03	 9.92e-01 Accepted	 255	 717	
416	 6.0137225e-01	 +4.2332373e-02 -8.1237315e-04	 6.74e-01 Accepted	 256	 694	
417	 6.0157305e-01	 +4.2658612e-02 +2.4870913e-03	 1.75e+00 Accepted	 253	 698	
418	 6.0158011e-01	 +4.2112280e-02 +1.1199366e-03	 7.70e-01 Accepted	 253	 693	
419	 6.0156364e-01	 +3.9051896e-02 +2.7198169e-03	 9.84e-01 Accepted	 254	 704	
420	 6.0151581e-01	 +4.0238508e-02 +5.3069416e-04	 6.20e-01 Accepted	 259	 724	
421	 6.0151581e-01	 +4.0238508e-02 +5.3069416e-04	 6.96e-01 Rejected	 262	 725	
422	 6.0140048e-01	 +4.1083641e-02 +2.7046286e-03	 5.86e-01 Accepted	 258	 690	
423	 6.0140048e-01	 +4.1083641e-02 +2.7046286e-03	 6.19e-01 Rejected	 250	 681	
424	 6.0148804e-01	 +4.0835670e-02 +2.0350958e-03	 7.89e-01 Accepted	 253	 691	
425	 6.0116849e-01	 +4.3107870e-02 +1.2728335e-03	 1.11e+00 Accepted	 255	 703	
426	 6.0132460e-01	 +4.1085725e-02 +2.2400089e-03	 1.54e+00 Accepted	 254	 700	
427	 6.0125311e-01	 +4.1731677e-02 +2.0694174e-03	 5.11e-01 Accepted	 256	 717	
428	 6.0120660e-01	 +4.1553554e-02 +2.7805365e-03	 1.17e+00 Accepted	 261	 712	
429	 6.0133515e-01	 +4.1005533e-02 -7.1455188e-05	 1.02e+00 Accepted	 257	 687	
430	 6.0114096e-01	 +4.0131759e-02 +2.6928792e-04	 8.63e-01 Accepted	 252	 687	
431	 6.0125936e-01	 +4.1849241e-02 +3.9092414e-04	 1.07e+00 Accepted	 253	 699	
432	 6.0151797e-01	 +4.1135758e-02 +1.2158995e-03	 1.07e+00 Accepted	 251	 683	
433	 6.0151813e-01	 +4.5210798e-02 +1.9010376e-03	 9.91e-01 Accepted	 251	 683	
434	 6.0155043e-01	 +4.3953229e-02 +1.0942986e-03	 8.48e-01 Accepted	 249	 680	
435	 6.0135450e-01	 +4.4434170e-02 +1.4710983e-03	 5.22e-01 Accepted	 249	 679	
436	 6.0144926e-01	 +4.2416402e-02 +3.6629852e-03	 9.23e-01 Accepted	 248	 677	
437	 6.0128079e-01	 +4.1279689e-02 +4.3365467e-04	 7.31e-01 Accepted	 249	 679	
438	 6.0129848e-01	 +4.3491515e-02 +6.7309132e-04	 7.36e-01 Accepted	 248	 674	
439	 6.0120558e-01	 +4.3159991e-02 +9.8218902e-04	 9.37e-01 Accepted	 248	 674	
440	 6.0124690e-01	 +4.1061188e-02 +2.9789622e-03	 8.88e-01 Accepted	 248	 677	
441	 6.0117788e-01	 +4.3583245e-02 -8.7661670e-04	 1.94e+00 Accepted	 248	 680	
442	 6.0094909e-01	 +4.3414096e-02 +4.1578311e-03	 5.06e-01 Accepted	 251	 681	
443	 6.0101513e-01	 +4.3625728e-02 -8.9551892e-06	 6.78e-01 Accepted	 249	 678	
444	 6.0120670e-01	 +4.2968311e-02 +3.3107542e-03	 8.66e-01 Accepted	 250	 688	
445	 6.0132303e-01	 +4.3074949e-02 +1.7057328e-03	 7.05e-01 Accepted	 251	 681	
446	 6.0137435e-01	 +4.2124738e-02 +2.3665367e-03	 1.28e+00 Accepted	 249	 681	
447	 6.0130722e-01	 +4.4271158e-02 +1.6719152e-03	 1.30e+00 Accepted	 249	 681	
448	 6.0129037e-01	 +4.5020547e-02 -4.6728619e-04	 1.68e+00 Accepted	 248	 676	
449	 6.0124884e-01	 +4.2882910e-02 +1.5496454e-03	 7.86e-01 Accepted	 248	 677	
450	 6.0113482e-01	 +4.3816716e-02 -2.3794516e-04	 7.51e-01 Accepted	 247	 670	
451	 6.0124729e-01	 +4.3836240e-02 +1.1299009e-03	 2.11e+00 Accepted	 247	 673	
452	 6.0137942e-01	 +4.4258746e-02 -1.3235217e-03	 9.20e-01 Accepted	 248	 670	
453	 6.0152572e-01	 +4.2347530e-02 -5.9914411e-06	 7.57e-01 Accepted	 248	 678	
454	 6.0152644e-01	 +4.3258907e-02 -9.0161138e-04	 1.07e+00 Accepted	 249	 679	
455	 6.0137347e-01	 +4.2587637e-02 +2.8636357e-04	 9.35e-01 Accepted	 251	 685	
456	 6.0139296e-01	 +4.1596032e-02 -1.2751458e-04	 9.40e-01 Accepted	 251	 685	
457	 6.0129812e-01	 +4.2552481e-02 -1.0380327e-03	 6.24e-01 Accepted	 251	 684	
458	 6.0136815e-01	 +4.2385179e-02 +7.9923062e-04	 1.23e+00 Accepted	 251	 683	
459	 6.0137596e-01	 +4.4472007e-02 +6.4468127e-04	 5.99e-01 Accepted	 250	 688	
460	 6.0140878e-01	 +4.2819668e-02 -8.0663559e-04	 1.03e+00 Accepted	 253	 688	
461	 6.0140878e-01	 +4.2819668e-02 -8.0663559e-04	 6.14e-01 Rejected	 252	 684	
462	 6.0149352e-01	 +3.9282669e-02 -8.0079136e-04	 9.18e-01 Accepted	 251	 689	
463	 6.0159749e-01	 +4.2599200e-02 +6.6006558e-04	 7.94e-01 Accepted	 253	 710	
464	 6.0154157e-01	 +4.1967627e-02 +1.5901795e-03	 1.25e+00 Accepted	 253	 682	
465	 6.0169017e-01	 +4.3934835e-02 -9.9603730e-04	 1.82e+00 Accepted	 249	 680	
466	 6.0169017e-01	 +4.3934835e-02 -9.9603730e-04	 6.44e-01 Rejected	 249	 685	
467	 6.0147107e-01	 +4.2599888e-02 +4.1374690e-04	 1.39e+00 Accepted	 248	 680	
468	 6.0168788e-01	 +4.1470976e-02 +1.4278455e-03	 1.29e+00 Accepted	 250	 675	
469	 6.0160816e-01	 +4.3897033e-02 -5.7696907e-05	 1.01e+00 Accepted	 248	 681	
470	 6.0136110e-01	 +4.3141318e-02 +1.1815348e-03	 6.47e-01 Accepted	 249	 682	
471	 6.0136110e-01	 +4.3141318e-02 +1.1815348e-03	 6.09e-01 Rejected	 249	 683	
472	 6.0136110e-01	 +4.3141318e-02 +1.1815348e-03	 7.93e-01 Rejected	 250	 695	
473	 6.0136110e-01	 +4.3141318e-02 +1.1815348e-03	 6.36e-01 Rejected	 249	 684	
474	 6.0138080e-01	 +4.2906954e-02 +3.8769283e-04	 1.21e+00 Accepted	 248	 680	
475	 6.0140778e-01	 +4.3466787e-02 -1.1940389e-04	 9.41e-01 Accepted	 251	 697	
476	 6.0153773e-01	 +4.3098290e-02 -5.6253362e-04	 1.81e+00 Accepted	 254	 703	
477	 6.0154325e-01	 +4.2045851e-02 +1.8671290e-03	 1.12e+00 Accepted	 253	 690	
478	 6.0142930e-01	 +4.3456717e-02 -6.7603160e-05	 7.29e-01 Accepted	 252	 693	
479	 6.0130456e-01	 +4.5019643e-02 +2.5658375e-03	 7.44e-01 Accepted	 254	 713	
480	 6.0130083e-01	 +4.3754103e-02 +4.7816226e-04	 1.14e+00 Accepted	 259	 694	
481	 6.0114767e-01	 +4.4427967e-02 +9.6485501e-04	 8.53e-01 Accepted	 255	 691	
482	 6.0126281e-01	 +4.5051270e-02 +4.9280848e-04	 1.34e+00 Accepted	 255	 691	
483	 6.0126281e-01	 +4.5051270e-02 +4.9280848e-04	 8.02e-01 Rejected	 254	 689	
484	 6.0110813e-01	 +4.3970736e-02 +2.1462614e-03	 9.41e-01 Accepted	 253	 698	
485	 6.0138520e-01	 +4.3647654e-02 +2.6249634e-03	 1.19e+00 Accepted	 255	 696	
486	 6.0127317e-01	 +4.5960362e-02 +1.1851635e-03	 1.53e+00 Accepted	 256	 706	
487	 6.0133948e-01	 +4.5406153e-02 +7.8159529e-04	 7.82e-01 Accepted	 261	 713	
488	 6.0142616e-01	 +4.5105923e-02 +1.8016590e-03	 1.07e+00 Accepted	 258	 661	
489	 6.0147624e-01	 +4.8153690e-02 +1.7683220e-03	 8.89e-01 Accepted	 246	 663	
490	 6.0145251e-01	 +4.6987919e-02 -7.8915692e-04	 1.36e+00 Accepted	 246	 670	
491	 6.0144638e-01	 +4.8911963e-02 +2.6342904e-03	 7.46e-01 Accepted	 246	 665	
492	 6.0142976e-01	 +4.6469383e-02 +6.2114673e-04	 9.81e-01 Accepted	 246	 677	
493	 6.0126988e-01	 +4.6925964e-02 +2.3496976e-04	 7.49e-01 Accepted	 246	 675	
494	 6.0118191e-01	 +4.8300542e-02 -1.7012344e-03	 1.19e+00 Accepted	 245	 669	
495	 6.0108498e-01	 +4.7778243e-02 -1.9797888e-03	 9.47e-01 Accepted	 247	 667	
496	 6.0123631e-01	 +4.5795567e-02 -1.8121857e-03	 1.09e+00 Accepted	 246	 667	
497	 6.0130817e-01	 +4.8593265e-02 -1.0312318e-03	 8.15e-01 Accepted	 245	 658	
498	 6.0134507e-01	 +4.7718823e-02 +1.0732410e-03	 7.63e-01 Accepted	 246	 669	
499	 6.0134167e-01	 +4.8809458e-02 -1.6028762e-03	 8.27e-01 Accepted	 245	 659	
500	 6.0133430e-01	 +4.5465998e-02 +3.4878030e-04	 1.13e+00 Accepted	 244	 658	
501	 6.0156718e-01	 +4.9575093e-02 -4.0361610e-05	 1.35e+00 Accepted	 244	 660	
502	 6.0141761e-01	 +4.8468841e-02 -8.3754996e-04	 6.84e-01 Accepted	 243	 651	
503	 6.0133231e-01	 +4.8864242e-02 -4.5923548e-05	 1.81e+00 Accepted	 243	 653	
504	 6.0131158e-01	 +4.7286754e-02 +1.9958861e-03	 8.16e-01 Accepted	 242	 651	
505	 6.0127095e-01	 +4.7590699e-02 +4.8801804e-04	 7.31e-01 Accepted	 241	 650	
506	 6.0127095e-01	 +4.7590699e-02 +4.8801804e-04	 6.97e-01 Rejected	 244	 662	
507	 6.0146510e-01	 +4.9019914e-02 +3.2694754e-05	 1.53e+00 Accepted	 246	 677	
508	 6.0138796e-01	 +4.7943960e-02 +2.7012008e-04	 8.67e-01 Accepted	 247	 666	
509	 6.0134513e-01	 +4.6844336e-02 -1.9402987e-04	 6.93e-01 Accepted	 246	 674	
510	 6.0132590e-01	 +4.8412670e-02 -7.7501233e-04	 1.15e+00 Accepted	 247	 679	
511	 6.0143846e-01	 +4.6029585e-02 +1.6457222e-03	 1.69e+00 Accepted	 247	 675	
512	 6.0142881e-01	 +4.4769024e-02 +5.4239353e-04	 9.82e-01 Accepted	 246	 679	
513	 6.0142629e-01	 +4.5508636e-02 +1.0287169e-03	 1.08e+00 Accepted	 248	 673	
514	 6.0143942e-01	 +4.9517765e-02 +2.2041155e-03	 1.07e+00 Accepted	 249	 668	
515	 6.0119154e-01	 +4.7128744e-02 -1.5480647e-04	 6.22e-01 Accepted	 249	 680	
516	 6.0129877e-01	 +4.6236510e-02 -4.3405086e-04	 6.17e-01 Accepted	 250	 685	
517	 6.0130136e-01	 +4.7923684e-02 -1.1054049e-03	 6.40e-01 Accepted	 254	 683	
518	 6.0167395e-01	 +5.0257142e-02 -1.7043450e-03	 1.11e+00 Accepted	 253	 679	
519	 6.0152461e-01	 +5.0665217e-02 -6.8886161e-04	 6.49e-01 Accepted	 252	 682	
520	 6.0173872e-01	 +5.0204728e-02 -4.8244159e-04	 2.32e+00 Accepted	 251	 685	
521	 6.0159206e-01	 +4.9753439e-02 +7.6095707e-04	 5.68e-01 Accepted	 250	 699	
522	 6.0153401e-01	 +4.6642403e-02 +8.2493934e-04	 8.17e-01 Accepted	 251	 675	
523	 6.0166961e-01	 +4.9419292e-02 +1.0105622e-03	 1.19e+00 Accepted	 248	 685	
524	 6.0140616e-01	 +4.6886298e-02 +6.9925998e-04	 8.50e-01 Accepted	 251	 684	
525	 6.0133194e-01	 +4.7495225e-02 -6.2876973e-04	 8.86e-01 Accepted	 251	 697	
526	 6.0117692e-01	 +4.4477782e-02 +8.7852642e-04	 8.39e-01 Accepted	 251	 671	
527	 6.0134438e-01	 +4.6284587e-02 +7.5279048e-04	 1.76e+00 Accepted	 246	 672	
528	 6.0130976e-01	 +4.7565065e-02 +2.0073943e-03	 1.81e+00 Accepted	 248	 672	
529	 6.0138777e-01	 +4.7786281e-02 -1.8508635e-03	 1.11e+00 Accepted	 247	 680	
530	 6.0130797e-01	 +4.6891069e-02 -3.2638507e-04	 7.58e-01 Accepted	 248	 665	
531	 6.0127759e-01	 +4.7485560e-02 -8.3995347e-04	 9.70e-01 Accepted	 243	 662	
532	 6.0135011e-01	 +4.7542461e-02 +1.2354630e-03	 6.40e-01 Accepted	 244	 672	
533	 6.0135011e-01	 +4.7542461e-02 +1.2354630e-03	 6.03e-01 Rejected	 246	 691	
534	 6.0135244e-01	 +4.7848389e-02 +7.7331575e-04	 6.93e-01 Accepted	 243	 664	
535	 6.0127301e-01	 +4.8807895e-02 -1.1662018e-03	 6.74e-01 Accepted	 241	 650	
536	 6.0129755e-01	 +4.8225719e-02 -7.0184133e-04	 4.80e-01 Accepted	 241	 659	
537	 6.0125370e-01	 +5.1139011e-02 +5.6961887e-04	 1.02e+00 Accepted	 244	 673	
538	 6.0134658e-01	 +4.9554822e-02 +1.9844953e-03	 1.94e+00 Accepted	 247	 692	
539	 6.0142577e-01	 +4.9969608e-02 +3.0642844e-03	 1.12e+00 Accepted	 253	 712	
540	 6.0144122e-01	 +4.9172155e-02 +1.7148247e-03	 1.13e+00 Accepted	 250	 665	
541	 6.0141243e-01	 +4.6496860e-02 +3.8010411e-04	 1.39e+00 Accepted	 244	 667	
542	 6.0133954e-01	 +4.8809380e-02 +1.3020662e-03	 7.29e-01 Accepted	 245	 687	
543	 6.0130293e-01	 +4.8580076e-02 +1.5494147e-03	 7.71e-01 Accepted	 250	 701	
544	 6.0132476e-01	 +4.7998398e-02 -2.0091285e-04	 9.06e-01 Accepted	 255	 685	
545	 6.0159257e-01	 +5.0723959e-02 +7.8951816e-04	 1.23e+00 Accepted	 254	 673	
546	 6.0143343e-01	 +4.8061551e-02 -1.4752478e-03	 1.18e+00 Accepted	 247	 662	
547	 6.0162834e-01	 +4.8122217e-02 +3.7111214e-04	 1.76e+00 Accepted	 243	 671	
548	 6.0135669e-01	 +5.0647518e-02 -2.9866182e-05	 5.61e-01 Accepted	 244	 667	
549	 6.0141499e-01	 +5.1604468e-02 +1.4101525e-03	 1.76e+00 Accepted	 244	 664	
550	 6.0134520e-01	 +5.1306965e-02 -1.3106718e-03	 1.08e+00 Accepted	 241	 653	
551	 6.0127321e-01	 +5.0402201e-02 +3.4388996e-04	 5.50e-01 Accepted	 245	 667	
552	 6.0119322e-01	 +4.9749113e-02 +2.4636292e-04	 9.33e-01 Accepted	 244	 653	
553	 6.0138402e-01	 +5.0208727e-02 -1.6489315e-03	 9.19e-01 Accepted	 238	 636	
554	 6.0137724e-01	 +4.9841209e-02 -7.4597665e-04	 7.45e-01 Accepted	 239	 655	
555	 6.0149258e-01	 +4.7279865e-02 -7.7705666e-04	 5.39e-01 Accepted	 240	 645	
556	 6.0146009e-01	 +4.9438646e-02 -5.6911071e-04	 8.89e-01 Accepted	 239	 645	
557	 6.0125510e-01	 +5.0129907e-02 -1.7746834e-04	 7.76e-01 Accepted	 243	 656	
558	 6.0127686e-01	 +5.1175481e-02 -3.9777410e-04	 9.30e-01 Accepted	 239	 641	
559	 6.0134037e-01	 +4.9876718e-02 +3.9388800e-04	 2.02e+00 Accepted	 239	 639	
560	 6.0127093e-01	 +5.0189276e-02 -2.5100162e-04	 1.37e+00 Accepted	 237	 643	
561	 6.0135940e-01	 +4.8204771e-02 -2.4560332e-05	 9.07e-01 Accepted	 240	 658	
562	 6.0132744e-01	 +5.0178734e-02 +1.5241348e-03	 8.82e-01 Accepted	 240	 652	
# Starting_type: CheckpointStart
# Trajectory_length / Number_of_MD_steps: 1 / 8
# 	 Plaquette	 Polyakov_Loop(re,im)	 Acc._Probability	 runtime_per_traj(s)	 CG_iterations	
563	 6.0139051e-01	 +5.1032386e-02 -8.2207953e-04	 5.65e-01 Accepted	 247	 628	
564	 6.0147793e-01	 +5.0145261e-02 +3.3392735e-04	 7.97e-01 Accepted	 246	 648	
565	 6.0139252e-01	 +5.0027748e-02 -1.9374205e-04	 8.58e-01 Accepted	 246	 651	
566	 6.0131616e-01	 +4.9778176e-02 +1.3412477e-03	 7.41e-01 Accepted	 242	 652	
567	 6.0120085e-01	 +4.8421784e-02 -9.7654577e-04	 9.69e-01 Accepted	 240	 659	
568	 6.0120085e-01	 +4.8421784e-02 -9.7654577e-04	 6.81e-01 Rejected	 239	 657	
569	 6.0130614e-01	 +5.0791281e-02 -3.6570179e-04	 1.16e+00 Accepted	 238	 625	
570	 6.0105301e-01	 +4.7823067e-02 -1.3680837e-03	 7.90e-01 Accepted	 238	 648	
571	 6.0105301e-01	 +4.7823067e-02 -1.3680837e-03	 8.45e-01 Rejected	 238	 636	
572	 6.0099144e-01	 +4.8898037e-02 +3.1476430e-04	 6.57e-01 Accepted	 238	 649	
573	 6.0077228e-01	 +4.7093924e-02 +1.6637709e-03	 5.82e-01 Accepted	 241	 653	
574	 6.0104816e-01	 +4.8251584e-02 +1.3104708e-04	 6.35e-01 Accepted	 238	 650	
575	 6.0150501e-01	 +5.0191476e-02 +6.0295148e-04	 1.49e+00 Accepted	 238	 656	
576	 6.0163352e-01	 +4.8399641e-02 -2.4440932e-03	 1.08e+00 Accepted	 239	 641	
577	 6.0182530e-01	 +4.9125056e-02 -1.9151948e-03	 1.29e+00 Accepted	 238	 660	
578	 6.0167967e-01	 +4.7729011e-02 +6.3842660e-04	 8.24e-01 Accepted	 242	 664	
579	 6.0152596e-01	 +5.2217442e-02 -1.1669449e-03	 8.55e-01 Accepted	 242	 656	
580	 6.0157638e-01	 +4.9436121e-02 +2.0369361e-04	 7.73e-01 Accepted	 238	 649	
581	 6.0160426e-01	 +4.8798376e-02 +1.0709509e-03	 1.78e+00 Accepted	 239	 667	
582	 6.0125332e-01	 +5.1338802e-02 -4.1747939e-04	 8.21e-01 Accepted	 244	 654	
583	 6.0111593e-01	 +5.0693163e-02 -2.7312609e-04	 9.09e-01 Accepted	 239	 652	
584	 6.0141974e-01	 +5.0655995e-02 +3.5652597e-03	 1.70e+00 Accepted	 239	 651	
585	 6.0148571e-01	 +5.1809085e-02 +1.7804800e-03	 1.39e+00 Accepted	 241	 659	
586	 6.0156442e-01	 +4.8750176e-02 +8.4793487e-04	 1.37e+00 Accepted	 243	 667	
587	 6.0159776e-01	 +5.1518174e-02 +4.4640426e-04	 8.05e-01 Accepted	 242	 649	
588	 6.0147941e-01	 +4.9914505e-02 -2.0200681e-03	 7.64e-01 Accepted	 240	 650	
589	 6.0139204e-01	 +5.2088842e-02 +8.5069683e-04	 7.97e-01 Accepted	 243	 651	
590	 6.0127490e-01	 +4.9862505e-02 -1.2592370e-03	 7.73e-01 Accepted	 241	 663	
591	 6.0152502e-01	 +4.9154697e-02 -1.3294416e-03	 1.32e+00 Accepted	 241	 655	
592	 6.0115818e-01	 +5.1395428e-02 +9.0496781e-04	 4.53e-01 Accepted	 240	 643	
593	 6.0115119e-01	 +5.2234743e-02 +1.1239048e-03	 5.13e-01 Accepted	 240	 653	
594	 6.0115119e-01	 +5.2234743e-02 +1.1239048e-03	 4.76e-01 Rejected	 241	 668	
595	 6.0116149e-01	 +5.0716887e-02 +8.5742526e-04	 1.39e+00 Accepted	 241	 657	
596	 6.0129395e-01	 +5.0470950e-02 -2.5796298e-04	 1.36e+00 Accepted	 240	 658	
597	 6.0144438e-01	 +5.3485031e-02 -1.0484997e-03	 1.10e+00 Accepted	 240	 654	
598	 6.0158418e-01	 +5.1190934e-02 +1.2221010e-03	 6.86e-01 Accepted	 240	 652	
599	 6.0158418e-01	 +5.1190934e-02 +1.2221010e-03	 8.11e-01 Rejected	 241	 654	
600	 6.0154273e-01	 +4.9661550e-02 -3.8280119e-04	 9.07e-01 Accepted	 241	 652	
601	 6.0145101e-01	 +5.1279977e-02 -1.4494477e-04	 5.98e-01 Accepted	 240	 655	
602	 6.0137184e-01	 +5.0526301e-02 -2.0206535e-03	 8.05e-01 Accepted	 240	 649	
603	 6.0137184e-01	 +5.0526301e-02 -2.0206535e-03	 5.67e-01 Rejected	 242	 644	
604	 6.0131392e-01	 +4.8577800e-02 -6.3412424e-04	 9.03e-01 Accepted	 244	 670	
605	 6.0129787e-01	 +5.1530888e-02 +9.2572931e-04	 1.52e+00 Accepted	 247	 663	
606	 6.0138192e-01	 +5.2116332e-02 -1.2676232e-03	 9.64e-01 Accepted	 243	 659	
607	 6.0125346e-01	 +5.0851441e-02 +1.9341368e-05	 7.73e-01 Accepted	 240	 655	
608	 6.0125346e-01	 +5.0851441e-02 +1.9341368e-05	 9.07e-01 Rejected	 242	 654	
609	 6.0144155e-01	 +5.3149565e-02 -1.8916152e-03	 1.70e+00 Accepted	 242	 657	
610	 6.0135960e-01	 +5.2755244e-02 -8.3198575e-05	 1.44e+00 Accepted	 247	 716	
611	 6.0129462e-01	 +5.4146123e-02 -1.8817843e-04	 4.96e-01 Accepted	 257	 697	
612	 6.0144486e-01	 +5.3093964e-02 -1.2382144e-03	 1.22e+00 Accepted	 247	 652	
613	 6.0127232e-01	 +5.3851951e-02 -4.3607033e-04	 8.57e-01 Accepted	 242	 652	
614	 6.0128625e-01	 +5.4128266e-02 +1.4171883e-03	 9.75e-01 Accepted	 240	 645	
615	 6.0128625e-01	 +5.4128266e-02 +1.4171883e-03	 8.36e-01 Rejected	 239	 648	
616	 6.0128625e-01	 +5.4128266e-02 +1.4171883e-03	 5.85e-01 Rejected	 239	 657	
617	 6.0121050e-01	 +5.3282844e-02 -5.0530117e-04	 1.06e+00 Accepted	 239	 651	
618	 6.0121050e-01	 +5.3282844e-02 -5.0530117e-04	 5.01e-01 Rejected	 238	 646	
619	 6.0126499e-01	 +5.4524490e-02 +1.1415930e-03	 1.05e+00 Accepted	 239	 647	
620	 6.0133993e-01	 +5.4445777e-02 -6.2648480e-04	 1.04e+00 Accepted	 243	 678	
621	 6.0130535e-01	 +5.6227937e-02 +1.0811812e-03	 6.34e-01 Accepted	 244	 649	
622	 6.0139861e-01	 +5.3543197e-02 +2.1173568e-03	 1.03e+00 Accepted	 241	 650	
623	 6.0165100e-01	 +5.4194155e-02 -5.8714348e-04	 1.34e+00 Accepted	 240	 653	
624	 6.0139366e-01	 +5.4340671e-02 -1.0864730e-03	 1.06e+00 Accepted	 241	 650	
625	 6.0147109e-01	 +5.6396678e-02 -3.5737088e-04	 7.02e-01 Accepted	 238	 638	
626	 6.0147109e-01	 +5.6396678e-02 -3.5737088e-04	 5.75e-01 Rejected	 235	 630	
627	 6.0140139e-01	 +5.3202271e-02 -2.9045177e-04	 8.01e-01 Accepted	 236	 643	
628	 6.0113191e-01	 +5.5344836e-02 -7.7418744e-04	 5.94e-01 Accepted	 239	 646	
629	 6.0098939e-01	 +5.4718327e-02 +1.7037299e-04	 9.26e-01 Accepted	 240	 655	
630	 6.0098939e-01	 +5.4718327e-02 +1.7037299e-04	 7.66e-01 Rejected	 239	 640	
631	 6.0107367e-01	 +5.4624091e-02 +7.5716219e-04	 9.22e-01 Accepted	 239	 636	
632	 6.0120243e-01	 +5.2677216e-02 -1.1115305e-03	 1.21e+00 Accepted	 236	 636	
633	 6.0135288e-01	 +5.2921372e-02 +9.2516751e-04	 1.55e+00 Accepted	 239	 661	
634	 6.0141020e-01	 +5.0660618e-02 -1.9140522e-04	 7.16e-01 Accepted	 241	 648	
635	 6.0129579e-01	 +5.2604945e-02 -2.1984639e-04	 1.19e+00 Accepted	 245	 667	
636	 6.0102301e-01	 +4.9876969e-02 -6.1628890e-04	 7.71e-01 Accepted	 243	 646	
637	 6.0134533e-01	 +4.9377647e-02 -2.4632792e-03	 2.09e+00 Accepted	 241	 663	
638	 6.0121695e-01	 +5.1335005e-02 +4.8702086e-04	 7.04e-01 Accepted	 242	 663	
639	 6.0161150e-01	 +4.9964341e-02 +3.4726834e-04	 1.69e+00 Accepted	 240	 644	
640	 6.0149280e-01	 +5.3871874e-02 +5.7851725e-04	 7.37e-01 Accepted	 238	 650	
641	 6.0156502e-01	 +5.4792711e-02 +2.0045449e-03	 1.36e+00 Accepted	 240	 639	
642	 6.0148736e-01	 +5.2329733e-02 +3.5614992e-04	 8.09e-01 Accepted	 245	 639	
643	 6.0152331e-01	 +5.3412222e-02 -1.6255165e-03	 1.81e+00 Accepted	 246	 642	
644	 6.0152331e-01	 +5.3412222e-02 -1.6255165e-03	 6.27e-01 Rejected	 245	 642	
645	 6.0143877e-01	 +5.2929103e-02 -4.2551791e-04	 8.69e-01 Accepted	 245	 651	
646	 6.0129137e-01	 +5.4255283e-02 -4.2707875e-04	 9.41e-01 Accepted	 245	 642	
647	 6.0120924e-01	 +5.2474824e-02 +1.8580434e-03	 7.48e-01 Accepted	 244	 635	
648	 6.0100855e-01	 +5.3338690e-02 -1.0752911e-04	 6.40e-01 Accepted	 247	 636	
649	 6.0107747e-01	 +5.3052234e-02 -1.6915079e-03	 1.09e+00 Accepted	 243	 628	
650	 6.0107747e-01	 +5.3052234e-02 -1.6915079e-03	 6.96e-01 Rejected	 242	 638	
651	 6.0117965e-01	 +5.1693207e-02 -1.1618773e-03	 5.38e-01 Accepted	 243	 638	
652	 6.0115299e-01	 +5.2066163e-02 -4.7789406e-04	 7.57e-01 Accepted	 247	 651	
653	 6.0126324e-01	 +5.2904364e-02 -6.5452300e-04	 1.18e+00 Accepted	 247	 644	
654	 6.0128906e-01	 +5.1643323e-02 -8.9933426e-04	 8.45e-01 Accepted	 245	 646	
655	 6.0143298e-01	 +5.2285167e-02 +4.1264775e-05	 1.29e+00 Accepted	 246	 631	
656	 6.0137848e-01	 +5.1695718e-02 +8.4923436e-04	 6.28e-01 Accepted	 244	 624	
657	 6.0112025e-01	 +5.4726189e-02 -2.0812213e-03	 7.58e-01 Accepted	 243	 643	
658	 6.0113536e-01	 +5.4840526e-02 +9.4691195e-04	 7.48e-01 Accepted	 244	 645	
659	 6.0121000e-01	 +5.4730884e-02 -8.5584311e-05	 1.50e+00 Accepted	 247	 644	
660	 6.0134335e-01	 +5.3813304e-02 +5.4239295e-04	 1.32e+00 Accepted	 244	 639	
661	 6.0154715e-01	 +5.3890681e-02 +7.8701782e-07	 6.90e-01 Accepted	 242	 628	
662	 6.0150578e-01	 +5.4367013e-02 -6.5886361e-04	 7.22e-01 Accepted	 241	 630	
663	 6.0131730e-01	 +5.4209057e-02 -3.4572974e-03	 1.16e+00 Accepted	 242	 641	
664	 6.0131730e-01	 +5.4209057e-02 -3.4572974e-03	 5.43e-01 Rejected	 245	 642	
665	 6.0126558e-01	 +5.5129454e-02 -9.8142666e-04	 1.02e+00 Accepted	 243	 647	
666	 6.0123648e-01	 +5.3320807e-02 -2.3340224e-03	 9.79e-01 Accepted	 242	 633	
667	 6.0128580e-01	 +5.3795037e-02 +1.1402765e-03	 1.26e+00 Accepted	 240	 620	
668	 6.0113073e-01	 +5.6459617e-02 -2.2676159e-04	 6.12e-01 Accepted	 240	 638	
669	 6.0113073e-01	 +5.6459617e-02 -2.2676159e-04	 8.29e-01 Rejected	 244	 642	
670	 6.0142703e-01	 +5.3174498e-02 +1.3847183e-04	 1.50e+00 Accepted	 243	 640	
671	 6.0142703e-01	 +5.3174498e-02 +1.3847183e-04	 8.25e-01 Rejected	 243	 637	
672	 6.0110541e-01	 +5.3933229e-02 -2.8332740e-03	 8.90e-01 Accepted	 244	 642	
673	 6.0107339e-01	 +5.2261056e-02 -9.1388655e-04	 1.02e+00 Accepted	 244	 639	
674	 6.0107339e-01	 +5.2261056e-02 -9.1388655e-04	 6.61e-01 Rejected	 244	 643	
675	 6.0118304e-01	 +5.2563206e-02 -2.6454381e-03	 5.85e-01 Accepted	 246	 645	
676	 6.0127179e-01	 +5.2694624e-02 -6.6026893e-04	 2.04e+00 Accepted	 245	 650	
677	 6.0123242e-01	 +5.1926714e-02 -1.8345449e-03	 1.04e+00 Accepted	 251	 693	
678	 6.0144734e-01	 +5.2360423e-02 +2.0106168e-04	 1.04e+00 Accepted	 261	 654	
679	 6.0137304e-01	 +5.1480352e-02 -5.4949063e-04	 1.08e+00 Accepted	 248	 647	
680	 6.0150116e-01	 +5.2242496e-02 -1.7519939e-03	 1.53e+00 Accepted	 247	 627	
681	 6.0153407e-01	 +5.3718382e-02 -2.5623947e-04	 1.07e+00 Accepted	 244	 632	
682	 6.0146038e-01	 +5.3368110e-02 -8.6023391e-04	 1.10e+00 Accepted	 246	 646	
683	 6.0154085e-01	 +5.2067435e-02 -2.1205862e-04	 1.05e+00 Accepted	 245	 627	
684	 6.0133192e-01	 +5.3215861e-02 +2.7620473e-04	 6.66e-01 Accepted	 243	 643	
685	 6.0142014e-01	 +5.5600574e-02 +3.3327546e-04	 1.75e+00 Accepted	 244	 651	
686	 6.0107627e-01	 +5.2408089e-02 -5.8400911e-04	 5.24e-01 Accepted	 246	 639	
687	 6.0095170e-01	 +5.2009624e-02 -6.0752134e-04	 5.86e-01 Accepted	 246	 639	
688	 6.0095170e-01	 +5.2009624e-02 -6.0752134e-04	 7.14e-01 Rejected	 243	 642	
689	 6.0086055e-01	 +5.2574551e-02 -1.3437083e-03	 5.04e-01 Accepted	 245	 629	
690	 6.0093735e-01	 +5.2690075e-02 -1.3149687e-03	 1.27e+00 Accepted	 244	 632	
691	 6.0123736e-01	 +5.4891136e-02 -3.5860799e-04	 8.81e-01 Accepted	 246	 651	
692	 6.0125527e-01	 +5.2641754e-02 -1.7736945e-03	 1.23e+00 Accepted	 250	 664	
693	 6.0125527e-01	 +5.2641754e-02 -1.7736945e-03	 7.75e-01 Rejected	 248	 642	
694	 6.0136349e-01	 +5.2608223e-02 +1.5257313e-03	 1.30e+00 Accepted	 248	 631	
695	 6.0154471e-01	 +5.3454564e-02 -1.1779073e-04	 1.21e+00 Accepted	 247	 657	
696	 6.0173815e-01	 +5.4052757e-02 -9.3626594e-04	 9.00e-01 Accepted	 245	 622	
697	 6.0149673e-01	 +5.3685994e-02 -1.9501079e-03	 6.62e-01 Accepted	 245	 657	
698	 6.0149673e-01	 +5.3685994e-02 -1.9501079e-03	 6.02e-01 Rejected	 245	 626	
699	 6.0146615e-01	 +5.3353341e-02 -1.1069739e-03	 9.11e-01 Accepted	 250	 652	
700	 6.0146615e-01	 +5.3353341e-02 -1.1069739e-03	 4.93e-01 Rejected	 249	 651	
701	 6.0148552e-01	 +5.3001235e-02 -7.1865113e-04	 1.20e+00 Accepted	 247	 643	
702	 6.0148552e-01	 +5.3001235e-02 -7.1865113e-04	 7.24e-01 Rejected	 250	 690	
703	 6.0128296e-01	 +5.3131195e-02 +2.1353714e-04	 7.27e-01 Accepted	 247	 649	
704	 6.0118797e-01	 +5.1361884e-02 -1.3046198e-03	 8.66e-01 Accepted	 247	 624	
705	 6.0132118e-01	 +5.0751784e-02 +5.3079143e-06	 7.53e-01 Accepted	 243	 633	
706	 6.0142070e-01	 +5.2763133e-02 -2.2664520e-04	 1.18e+00 Accepted	 246	 646	
707	 6.0135850e-01	 +5.1929619e-02 -1.3105247e-04	 6.27e-01 Accepted	 244	 634	
708	 6.0135850e-01	 +5.1929619e-02 -1.3105247e-04	 5.61e-01 Rejected	 243	 622	
709	 6.0112100e-01	 +5.2524284e-02 +5.6212561e-04	 7.69e-01 Accepted	 244	 642	
710	 6.0112100e-01	 +5.2524284e-02 +5.6212561e-04	 7.02e-01 Rejected	 246	 641	
711	 6.0102214e-01	 +4.9228573e-02 -7.3867655e-04	 1.49e+00 Accepted	 246	 649	
712	 6.0127456e-01	 +5.3568079e-02 +5.1430894e-04	 1.33e+00 Accepted	 245	 649	
713	 6.0130219e-01	 +5.0995258e-02 -1.6098554e-03	 6.57e-01 Accepted	 243	 632	
714	 6.0152636e-01	 +5.2493409e-02 -3.1758488e-04	 1.97e+00 Accepted	 244	 647	
715	 6.0156143e-01	 +5.5053688e-02 -1.5922629e-04	 1.41e+00 Accepted	 244	 650	
716	 6.0156143e-01	 +5.5053688e-02 -1.5922629e-04	 6.57e-01 Rejected	 245	 650	
717	 6.0152963e-01	 +5.2974036e-02 +1.4508388e-03	 1.29e+00 Accepted	 248	 648	
718	 6.0152963e-01	 +5.2974036e-02 +1.4508388e-03	 7.99e-01 Rejected	 247	 647	
719	 6.0143863e-01	 +5.2544505e-02 -4.0610911e-04	 7.60e-01 Accepted	 247	 630	
720	 6.0123269e-01	 +5.2347355e-02 +9.9159788e-04	 7.72e-01 Accepted	 246	 643	
721	 6.0115727e-01	 +5.2466181e-02 +1.1503120e-04	 2.44e+00 Accepted	 247	 651	
722	 6.0126281e-01	 +5.3755101e-02 +2.5546919e-03	 8.18e-01 Accepted	 246	 647	
723	 6.0126281e-01	 +5.3755101e-02 +2.5546919e-03	 5.99e-01 Rejected	 245	 641	
724	 6.0136778e-01	 +5.3597975e-02 +3.2704076e-04	 1.40e+00 Accepted	 245	 629	
725	 6.0144245e-01	 +5.3829441e-02 +7.8328750e-04	 9.84e-01 Accepted	 244	 645	
726	 6.0153699e-01	 +5.2032843e-02 +8.4808294e-05	 7.05e-01 Accepted	 246	 645	
727	 6.0185543e-01	 +5.3229742e-02 -1.5880422e-03	 2.23e+00 Accepted	 246	 627	
728	 6.0179744e-01	 +5.4867461e-02 +1.3753252e-03	 4.95e-01 Accepted	 246	 631	
729	 6.0176442e-01	 +5.2615926e-02 -9.6521557e-04	 1.00e+00 Accepted	 244	 648	
730	 6.0189137e-01	 +5.5310882e-02 -8.7399774e-04	 8.81e-01 Accepted	 248	 649	
731	 6.0186624e-01	 +5.4853356e-02 +1.0960915e-03	 7.33e-01 Accepted	 248	 644	
732	 6.0186624e-01	 +5.4853356e-02 +1.0960915e-03	 9.20e-01 Rejected	 245	 643	
733	 6.0151521e-01	 +5.4912617e-02 -5.3626944e-04	 7.36e-01 Accepted	 245	 640	
734	 6.0136940e-01	 +5.5074539e-02 -1.0139929e-03	 1.02e+00 Accepted	 245	 642	
735	 6.0120872e-01	 +5.1048404e-02 +1.6283974e-03	 6.46e-01 Accepted	 245	 650	
736	 6.0120872e-01	 +5.1048404e-02 +1.6283974e-03	 6.22e-01 Rejected	 249	 650	
737	 6.0105480e-01	 +5.5694852e-02 +1.7889427e-04	 8.11e-01 Accepted	 250	 646	
738	 6.0109754e-01	 +5.3522125e-02 -1.0257890e-03	 6.70e-01 Accepted	 249	 651	
739	 6.0109754e-01	 +5.3522125e-02 -1.0257890e-03	 8.32e-01 Rejected	 246	 624	
# Starting_type: CheckpointStart
# Trajectory_length / Number_of_MD_steps: 1 / 8
# 	 Plaquette	 Polyakov_Loop(re,im)	 Acc._Probability	 runtime_per_traj(s)	 CG_iterations	
739	 6.0109754e-01	 +5.3522125e-02 -1.0257890e-03	 8.32e-01 Rejected	 244	 624	
740	 6.0129892e-01	 +5.5085133e-02 -6.9032392e-04	 1.12e+00 Accepted	 242	 633	
741	 6.0129892e-01	 +5.5085133e-02 -6.9032392e-04	 8.89e-01 Rejected	 239	 632	
742	 6.0101893e-01	 +5.4830221e-02 +1.4940038e-04	 8.83e-01 Accepted	 237	 642	
743	 6.0115219e-01	 +5.4132960e-02 -1.0565015e-03	 7.04e-01 Accepted	 237	 646	
744	 6.0115219e-01	 +5.4132960e-02 -1.0565015e-03	 8.59e-01 Rejected	 239	 634	
745	 6.0119863e-01	 +5.4449995e-02 -2.1389546e-03	 1.13e+00 Accepted	 235	 639	
746	 6.0131680e-01	 +5.4410523e-02 -1.0430073e-03	 1.08e+00 Accepted	 232	 621	
747	 6.0120010e-01	 +5.4914356e-02 -1.7328894e-03	 1.40e+00 Accepted	 234	 644	
748	 6.0119924e-01	 +5.4049730e-02 -2.1762837e-03	 1.10e+00 Accepted	 238	 642	
749	 6.0132973e-01	 +5.3513910e-02 -1.8198210e-03	 1.30e+00 Accepted	 233	 631	
750	 6.0124940e-01	 +5.2883658e-02 -5.6736206e-04	 9.66e-01 Accepted	 237	 653	
751	 6.0143746e-01	 +5.0588865e-02 -2.5571336e-03	 1.01e+00 Accepted	 237	 656	
752	 6.0126132e-01	 +5.3433443e-02 -6.0890431e-04	 8.69e-01 Accepted	 238	 643	
753	 6.0127552e-01	 +5.3564529e-02 -1.7881490e-03	 1.55e+00 Accepted	 238	 644	
754	 6.0122702e-01	 +5.2498161e-02 +1.4047886e-03	 1.25e+00 Accepted	 235	 649	
755	 6.0128422e-01	 +5.1707910e-02 -4.8983191e-05	 7.93e-01 Accepted	 235	 623	
756	 6.0114966e-01	 +5.1114949e-02 -1.4495527e-03	 9.21e-01 Accepted	 237	 648	
757	 6.0105618e-01	 +5.3243495e-02 -1.7273334e-03	 6.90e-01 Accepted	 236	 630	
758	 6.0105618e-01	 +5.3243495e-02 -1.7273334e-03	 8.89e-01 Rejected	 233	 642	
759	 6.0123208e-01	 +5.1095069e-02 -2.1808562e-03	 1.30e+00 Accepted	 233	 632	
760	 6.0113733e-01	 +5.2301498e-02 +6.8316978e-04	 1.58e+00 Accepted	 235	 637	
761	 6.0111565e-01	 +5.1315544e-02 -2.0938229e-03	 4.87e-01 Accepted	 236	 651	
762	 6.0139336e-01	 +5.1083357e-02 -1.0431999e-03	 2.08e+00 Accepted	 235	 634	
763	 6.0144953e-01	 +4.9299508e-02 -1.5192519e-03	 1.39e+00 Accepted	 236	 651	
764	 6.0144953e-01	 +4.9299508e-02 -1.5192519e-03	 2.36e-01 Rejected	 240	 653	
765	 6.0144953e-01	 +4.9299508e-02 -1.5192519e-03	 9.18e-01 Rejected	 242	 648	
766	 6.0147296e-01	 +5.0919224e-02 +4.8349403e-04	 6.92e-01 Accepted	 242	 659	
767	 6.0147296e-01	 +5.0919224e-02 +4.8349403e-04	 5.55e-01 Rejected	 239	 641	
768	 6.0152127e-01	 +4.8287105e-02 +2.1990058e-03	 9.32e-01 Accepted	 239	 650	
769	 6.0130867e-01	 +4.7633045e-02 +1.7373227e-03	 5.06e-01 Accepted	 235	 643	
770	 6.0130867e-01	 +4.7633045e-02 +1.7373227e-03	 8.33e-01 Rejected	 237	 655	
771	 6.0123978e-01	 +5.0126660e-02 +2.3448454e-03	 1.30e+00 Accepted	 236	 643	
772	 6.0128588e-01	 +4.9369706e-02 -9.5193342e-05	 8.96e-01 Accepted	 237	 645	
773	 6.0118795e-01	 +5.1291425e-02 +9.1976272e-04	 8.92e-01 Accepted	 236	 655	
774	 6.0130181e-01	 +4.9989100e-02 -4.1112005e-04	 1.08e+00 Accepted	 240	 664	
775	 6.0132037e-01	 +4.9819556e-02 +1.6342764e-03	 1.48e+00 Accepted	 241	 657	
776	 6.0151178e-01	 +5.1270179e-02 +5.9598666e-04	 1.52e+00 Accepted	 239	 657	
777	 6.0155046e-01	 +4.9787191e-02 -1.4069651e-04	 1.10e+00 Accepted	 242	 670	
778	 6.0155046e-01	 +4.9787191e-02 -1.4069651e-04	 6.26e-01 Rejected	 246	 658	
779	 6.0176240e-01	 +5.2199620e-02 +3.1241676e-04	 1.18e+00 Accepted	 246	 651	
780	 6.0157732e-01	 +4.8982918e-02 +7.2805031e-05	 7.19e-01 Accepted	 243	 666	
781	 6.0157732e-01	 +4.8982918e-02 +7.2805031e-05	 4.51e-01 Rejected	 243	 658	
782	 6.0170779e-01	 +5.0630689e-02 -9.9560090e-04	 1.20e+00 Accepted	 244	 662	
783	 6.0150933e-01	 +5.0730379e-02 +4.1926371e-04	 1.06e+00 Accepted	 240	 658	
784	 6.0150933e-01	 +5.0730379e-02 +4.1926371e-04	 9.38e-01 Rejected	 241	 655	
785	 6.0149940e-01	 +4.7882844e-02 -7.8090481e-04	 8.56e-01 Accepted	 242	 663	
786	 6.0155833e-01	 +4.9406230e-02 +1.9495815e-04	 9.60e-01 Accepted	 242	 641	
787	 6.0165350e-01	 +5.0445030e-02 -8.9798399e-04	 1.43e+00 Accepted	 242	 659	
788	 6.0167737e-01	 +5.1276155e-02 +1.7223240e-04	 7.00e-01 Accepted	 241	 663	
789	 6.0150295e-01	 +5.2336960e-02 -1.5454352e-03	 1.03e+00 Accepted	 241	 662	
790	 6.0151995e-01	 +5.1380643e-02 -3.1713468e-04	 7.19e-01 Accepted	 243	 662	
791	 6.0162685e-01	 +5.0786574e-02 +4.8453311e-04	 1.40e+00 Accepted	 246	 679	
792	 6.0161781e-01	 +4.9564958e-02 +1.0516031e-04	 6.12e-01 Accepted	 247	 696	
793	 6.0157349e-01	 +5.0794875e-02 +1.1785702e-03	 1.41e+00 Accepted	 250	 709	
794	 6.0157349e-01	 +5.0794875e-02 +1.1785702e-03	 4.43e-01 Rejected	 249	 667	
795	 6.0157349e-01	 +5.0794875e-02 +1.1785702e-03	 6.27e-01 Rejected	 253	 695	
796	 6.0179798e-01	 +5.3464822e-02 -6.5158391e-04	 1.72e+00 Accepted	 254	 711	
797	 6.0150262e-01	 +4.8897697e-02 -1.8133806e-03	 8.56e-01 Accepted	 254	 691	
798	 6.0146862e-01	 +5.1862408e-02 +8.3904433e-04	 7.95e-01 Accepted	 252	 667	
799	 6.0137144e-01	 +5.2115565e-02 -3.7294116e-04	 9.17e-01 Accepted	 243	 661	
800	 6.0135795e-01	 +5.4416733e-02 +2.4203107e-03	 1.15e+00 Accepted	 242	 668	
801	 6.0141271e-01	 +5.1927468e-02 +3.3226748e-03	 9.29e-01 Accepted	 243	 665	
802	 6.0125812e-01	 +5.2739710e-02 +1.2104878e-03	 8.68e-01 Accepted	 245	 685	
803	 6.0125812e-01	 +5.2739710e-02 +1.2104878e-03	 6.97e-01 Rejected	 248	 675	
804	 6.0133869e-01	 +5.2084603e-02 +2.1396682e-03	 1.22e+00 Accepted	 250	 704	
805	 6.0126175e-01	 +5.3212348e-02 -1.8060923e-03	 4.81e-01 Accepted	 256	 721	
806	 6.0142048e-01	 +5.3065510e-02 +2.2211724e-03	 1.61e+00 Accepted	 262	 731	
807	 6.0122641e-01	 +5.1309466e-02 +1.6304168e-04	 1.02e+00 Accepted	 262	 699	
808	 6.0109720e-01	 +5.4085754e-02 +9.6047343e-04	 1.17e+00 Accepted	 254	 670	
809	 6.0107036e-01	 +5.2178974e-02 -3.4127384e-04	 9.06e-01 Accepted	 246	 662	
810	 6.0121600e-01	 +4.9465458e-02 -3.1317914e-04	 9.91e-01 Accepted	 241	 627	
811	 6.0114803e-01	 +5.4416712e-02 -6.4645815e-04	 6.64e-01 Accepted	 233	 621	
812	 6.0138237e-01	 +5.2525243e-02 +1.3569728e-03	 1.01e+00 Accepted	 234	 625	
813	 6.0129430e-01	 +5.4950359e-02 -1.3639169e-03	 1.08e+00 Accepted	 234	 643	
814	 6.0128334e-01	 +5.6073752e-02 +9.8874834e-04	 6.70e-01 Accepted	 234	 643	
815	 6.0128334e-01	 +5.6073752e-02 +9.8874834e-04	 8.27e-01 Rejected	 234	 644	
816	 6.0145981e-01	 +5.7292905e-02 -1.9345277e-04	 1.37e+00 Accepted	 234	 643	
817	 6.0139189e-01	 +5.7076976e-02 -9.6547450e-05	 8.70e-01 Accepted	 236	 646	
818	 6.0135419e-01	 +5.6887671e-02 +7.6243034e-04	 1.12e+00 Accepted	 236	 644	
819	 6.0132810e-01	 +5.5629502e-02 -2.4186871e-03	 1.05e+00 Accepted	 233	 632	
820	 6.0140472e-01	 +5.4335529e-02 +5.7195981e-04	 7.94e-01 Accepted	 237	 649	
821	 6.0159176e-01	 +5.3103359e-02 -3.3394171e-04	 9.59e-01 Accepted	 239	 654	
822	 6.0154183e-01	 +5.6068893e-02 -2.1782913e-03	 1.32e+00 Accepted	 238	 645	
823	 6.0147190e-01	 +5.2281267e-02 +5.2701384e-04	 9.05e-01 Accepted	 237	 649	
824	 6.0139891e-01	 +5.3971342e-02 +1.3585060e-03	 1.10e+00 Accepted	 238	 659	
825	 6.0143623e-01	 +5.4076853e-02 +1.7146296e-04	 1.17e+00 Accepted	 239	 655	
826	 6.0142488e-01	 +5.5067641e-02 +6.5157963e-04	 7.45e-01 Accepted	 244	 687	
827	 6.0142488e-01	 +5.5067641e-02 +6.5157963e-04	 5.85e-01 Rejected	 250	 699	
828	 6.0133452e-01	 +5.6542784e-02 -6.3339330e-04	 1.38e+00 Accepted	 245	 647	
829	 6.0128020e-01	 +5.3744301e-02 +1.3640541e-03	 7.03e-01 Accepted	 236	 641	
830	 6.0127778e-01	 +5.3393031e-02 -6.3666966e-04	 9.58e-01 Accepted	 236	 655	
831	 6.0143333e-01	 +5.5198733e-02 -1.3878174e-03	 5.15e-01 Accepted	 241	 653	
832	 6.0153024e-01	 +5.3226917e-02 +1.8335023e-03	 1.58e+00 Accepted	 240	 682	
833	 6.0129824e-01	 +5.4026281e-02 -3.1789481e-05	 1.02e+00 Accepted	 250	 682	
834	 6.0129183e-01	 +5.4996034e-02 +1.2225685e-04	 1.21e+00 Accepted	 244	 641	
835	 6.0140008e-01	 +5.4886301e-02 +8.3008648e-04	 1.52e+00 Accepted	 237	 624	
836	 6.0127036e-01	 +5.3902278e-02 +1.1396511e-03	 8.72e-01 Accepted	 233	 631	
837	 6.0127036e-01	 +5.3902278e-02 +1.1396511e-03	 6.07e-01 Rejected	 234	 641	
838	 6.0147309e-01	 +5.2293084e-02 -1.5583447e-03	 1.14e+00 Accepted	 236	 645	
839	 6.0138238e-01	 +5.3612294e-02 +1.3886341e-03	 1.48e+00 Accepted	 234	 623	
840	 6.0126435e-01	 +5.5826534e-02 +1.6897775e-04	 7.58e-01 Accepted	 233	 649	
841	 6.0133648e-01	 +5.3784258e-02 -6.5893762e-04	 1.18e+00 Accepted	 236	 643	
842	 6.0133648e-01	 +5.3784258e-02 -6.5893762e-04	 6.46e-01 Rejected	 236	 644	
843	 6.0158501e-01	 +5.2859927e-02 -1.2934887e-03	 1.18e+00 Accepted	 235	 651	
844	 6.0170219e-01	 +5.2673932e-02 -6.4439946e-04	 1.79e+00 Accepted	 239	 658	
845	 6.0174093e-01	 +5.2688126e-02 +1.6937344e-03	 7.31e-01 Accepted	 243	 679	
846	 6.0151891e-01	 +5.2382275e-02 +2.7950508e-03	 7.19e-01 Accepted	 247	 647	
847	 6.0138199e-01	 +5.4695232e-02 +6.3600720e-05	 1.20e+00 Accepted	 237	 639	
848	 6.0155511e-01	 +5.3209015e-02 -2.6311995e-04	 9.96e-01 Accepted	 235	 656	
849	 6.0128478e-01	 +5.3944057e-02 -1.5623658e-03	 6.29e-01 Accepted	 240	 656	
850	 6.0111165e-01	 +5.2374263e-02 +3.0811241e-04	 1.00e+00 Accepted	 237	 648	
851	 6.0096790e-01	 +5.2673761e-02 +1.8743831e-04	 1.04e+00 Accepted	 234	 639	
852	 6.0129117e-01	 +5.2730514e-02 -2.9133393e-04	 1.93e+00 Accepted	 233	 636	
853	 6.0119363e-01	 +5.1697341e-02 -5.9434438e-04	 9.36e-01 Accepted	 240	 624	
854	 6.0116136e-01	 +5.1141922e-02 +9.8436329e-04	 1.36e+00 Accepted	 233	 627	
855	 6.0112934e-01	 +5.3700823e-02 -7.1309237e-04	 7.10e-01 Accepted	 232	 630	
856	 6.0128043e-01	 +5.2999688e-02 -7.4401798e-04	 1.59e+00 Accepted	 235	 659	
857	 6.0144365e-01	 +5.2923010e-02 -2.1526421e-03	 9.09e-01 Accepted	 237	 644	
858	 6.0144365e-01	 +5.2923010e-02 -2.1526421e-03	 7.37e-01 Rejected	 235	 636	
859	 6.0116050e-01	 +5.2353386e-02 -1.6103829e-03	 7.34e-01 Accepted	 235	 633	
860	 6.0129575e-01	 +5.2901728e-02 -5.9266922e-05	 9.10e-01 Accepted	 234	 654	
861	 6.0122887e-01	 +5.4796972e-02 -1.6048652e-03	 9.68e-01 Accepted	 235	 625	
862	 6.0122887e-01	 +5.4796972e-02 -1.6048652e-03	 7.41e-01 Rejected	 232	 629	
863	 6.0123153e-01	 +5.2721013e-02 +5.5187513e-04	 1.31e+00 Accepted	 234	 639	
864	 6.0138858e-01	 +5.4914844e-02 -1.7239221e-03	 1.58e+00 Accepted	 240	 650	
865	 6.0151406e-01	 +5.3665871e-02 -5.1786010e-04	 8.67e-01 Accepted	 236	 635	
866	 6.0165804e-01	 +5.4360237e-02 +8.1819335e-04	 7.08e-01 Accepted	 236	 629	
867	 6.0165804e-01	 +5.4360237e-02 +8.1819335e-04	 4.70e-01 Rejected	 233	 639	
868	 6.0155853e-01	 +5.6108767e-02 -3.7292809e-03	 1.02e+00 Accepted	 232	 623	
869	 6.0146036e-01	 +5.5251260e-02 -1.3229678e-04	 8.87e-01 Accepted	 232	 647	
870	 6.0138161e-01	 +5.5159132e-02 -9.4744143e-04	 1.03e+00 Accepted	 234	 628	
871	 6.0119368e-01	 +5.6285349e-02 -8.0689326e-04	 9.60e-01 Accepted	 235	 632	
872	 6.0146779e-01	 +5.6508769e-02 +3.9397747e-04	 1.48e+00 Accepted	 233	 643	
873	 6.0137207e-01	 +5.6309668e-02 -4.2292965e-04	 1.19e+00 Accepted	 234	 626	
874	 6.0143401e-01	 +5.6010990e-02 -1.5004916e-03	 2.03e+00 Accepted	 232	 631	
875	 6.0126815e-01	 +5.6661686e-02 -1.8873322e-04	 1.29e+00 Accepted	 232	 618	
876	 6.0124966e-01	 +5.4402732e-02 -4.4493015e-04	 8.62e-01 Accepted	 230	 619	
877	 6.0127362e-01	 +5.4961149e-02 +5.0321608e-04	 1.22e+00 Accepted	 229	 616	
878	 6.0138826e-01	 +5.4999567e-02 -9.4485882e-04	 1.26e+00 Accepted	 228	 616	
879	 6.0138826e-01	 +5.4999567e-02 -9.4485882e-04	 6.18e-01 Rejected	 229	 627	
880	 6.0166643e-01	 +5.7220198e-02 -4.4794733e-04	 8.84e-01 Accepted	 228	 617	
881	 6.0166643e-01	 +5.7220198e-02 -4.4794733e-04	 7.98e-01 Rejected	 230	 620	
882	 6.0166643e-01	 +5.7220198e-02 -4.4794733e-04	 3.86e-01 Rejected	 231	 643	
883	 6.0161923e-01	 +5.4704898e-02 -9.2627862e-04	 8.45e-01 Accepted	 232	 620	
884	 6.0152309e-01	 +5.4910810e-02 +4.4229185e-04	 8.17e-01 Accepted	 233	 640	
885	 6.0147814e-01	 +5.5553508e-02 +2.3217701e-04	 1.02e+00 Accepted	 235	 633	
886	 6.0144488e-01	 +5.6188032e-02 -4.5086613e-04	 9.68e-01 Accepted	 235	 626	
887	 6.0136093e-01	 +5.4567993e-02 -9.0266021e-04	 8.12e-01 Accepted	 233	 628	
888	 6.0136093e-01	 +5.4567993e-02 -9.0266021e-04	 7.79e-01 Rejected	 233	 625	
889	 6.0135333e-01	 +5.7532520e-02 +5.4698385e-04	 1.17e+00 Accepted	 232	 625	
890	 6.0141246e-01	 +5.5510734e-02 -3.5277537e-04	 1.09e+00 Accepted	 231	 620	
891	 6.0139570e-01	 +5.5852719e-02 -2.1652414e-04	 1.15e+00 Accepted	 232	 641	
892	 6.0139570e-01	 +5.5852719e-02 -2.1652414e-04	 9.29e-01 Rejected	 235	 650	
893	 6.0161244e-01	 +5.7298452e-02 +1.0436829e-03	 1.65e+00 Accepted	 237	 667	
894	 6.0161244e-01	 +5.7298452e-02 +1.0436829e-03	 5.99e-01 Rejected	 238	 645	
895	 6.0159642e-01	 +5.7153430e-02 -5.7244087e-04	 1.01e+00 Accepted	 239	 641	
896	 6.0155305e-01	 +5.6893136e-02 -1.7824143e-04	 9.65e-01 Accepted	 235	 645	
897	 6.0150371e-01	 +5.7236244e-02 -6.5218143e-04	 8.45e-01 Accepted	 236	 641	
898	 6.0142425e-01	 +5.7405252e-02 +1.4153034e-03	 7.11e-01 Accepted	 235	 640	
899	 6.0142425e-01	 +5.7405252e-02 +1.4153034e-03	 8.95e-01 Rejected	 235	 646	
900	 6.0142425e-01	 +5.7405252e-02 +1.4153034e-03	 4.29e-01 Rejected	 235	 642	
901	 6.0150834e-01	 +5.8184694e-02 +2.6169316e-04	 7.52e-01 Accepted	 235	 643	
902	 6.0148176e-01	 +5.5567416e-02 +5.6797945e-04	 9.42e-01 Accepted	 235	 639	
903	 6.0149879e-01	 +5.4932092e-02 +1.1329664e-03	 9.91e-01 Accepted	 232	 638	
904	 6.0142968e-01	 +5.6757294e-02 +1.1840282e-03	 1.05e+00 Accepted	 234	 640	
905	 6.0129896e-01	 +5.4760597e-02 -2.3138933e-03	 4.25e-01 Accepted	 235	 647	
906	 6.0121929e-01	 +5.6245882e-02 +3.6622241e-04	 1.20e+00 Accepted	 235	 644	
907	 6.0129192e-01	 +5.8468954e-02 +1.9915046e-03	 8.45e-01 Accepted	 236	 641	
908	 6.0126783e-01	 +5.6978194e-02 -8.9122452e-04	 6.90e-01 Accepted	 236	 638	
909	 6.0135535e-01	 +5.8760300e-02 +5.1133111e-04	 7.32e-01 Accepted	 235	 643	
910	 6.0156760e-01	 +5.6867075e-02 +2.8255222e-04	 1.90e+00 Accepted	 238	 640	
911	 6.0146569e-01	 +5.7506542e-02 +1.2053268e-03	 1.05e+00 Accepted	 240	 643	
912	 6.0133358e-01	 +5.7351823e-02 -1.4214091e-03	 9.08e-01 Accepted	 234	 640	
913	 6.0130776e-01	 +5.7656641e-02 -3.0635915e-04	 9.61e-01 Accepted	 233	 632	
914	 6.0130776e-01	 +5.7656641e-02 -3.0635915e-04	 5.24e-01 Rejected	 231	 608	
915	 6.0144547e-01	 +5.8073004e-02 +3.9720012e-04	 1.32e+00 Accepted	 231	 621	
916	 6.0144547e-01	 +5.8073004e-02 +3.9720012e-04	 6.38e-01 Rejected	 233	 642	
917	 6.0126551e-01	 +5.7935650e-02 +8.0281388e-05	 7.61e-01 Accepted	 232	 627	
918	 6.0134474e-01	 +5.5384606e-02 +1.6758950e-03	 1.08e+00 Accepted	 234	 645	
919	 6.0134613e-01	 +5.7831037e-02 +6.4971862e-05	 4.48e-01 Accepted	 233	 630	
# Starting_type: CheckpointStart
# Trajectory_length / Number_of_MD_steps: 1 / 8
# 	 Plaquette	 Polyakov_Loop(re,im)	 Acc._Probability	 runtime_per_traj(s)	 CG_iterations	
919	 6.0134613e-01	 +5.7831037e-02 +6.4971862e-05	 4.48e-01 Accepted	 243	 630	
920	 6.0110503e-01	 +5.7786328e-02 -9.4443093e-05	 6.59e-01 Accepted	 242	 629	
921	 6.0129717e-01	 +5.7166666e-02 -2.9948828e-04	 1.22e+00 Accepted	 235	 632	
922	 6.0133054e-01	 +5.7915780e-02 +1.5206742e-03	 1.03e+00 Accepted	 235	 630	
923	 6.0135707e-01	 +5.5744353e-02 +2.6788588e-03	 1.52e+00 Accepted	 234	 626	
924	 6.0148477e-01	 +5.5744746e-02 +1.6424149e-03	 1.66e+00 Accepted	 238	 651	
925	 6.0126451e-01	 +5.5218478e-02 +2.7911878e-03	 6.05e-01 Accepted	 239	 652	
926	 6.0137379e-01	 +5.8031278e-02 +7.5531569e-04	 1.32e+00 Accepted	 237	 635	
927	 6.0139096e-01	 +5.9750056e-02 +7.5479701e-04	 1.84e+00 Accepted	 235	 630	
928	 6.0156594e-01	 +5.9232676e-02 -1.1458384e-03	 7.50e-01 Accepted	 235	 631	
929	 6.0150687e-01	 +5.9028863e-02 -9.2768604e-04	 1.12e+00 Accepted	 233	 621	
930	 6.0154208e-01	 +5.9190164e-02 +1.3179259e-03	 1.07e+00 Accepted	 230	 617	
931	 6.0147995e-01	 +5.9827591e-02 -5.2151609e-04	 9.19e-01 Accepted	 233	 628	
932	 6.0147995e-01	 +5.9827591e-02 -5.2151609e-04	 8.55e-01 Rejected	 232	 616	
933	 6.0147995e-01	 +5.9827591e-02 -5.2151609e-04	 7.89e-01 Rejected	 233	 637	
934	 6.0133437e-01	 +5.5872209e-02 +3.3081725e-04	 6.32e-01 Accepted	 233	 619	
935	 6.0136631e-01	 +5.7085283e-02 -1.8029471e-03	 1.08e+00 Accepted	 231	 634	
936	 6.0135508e-01	 +5.7311368e-02 -6.6918302e-04	 1.27e+00 Accepted	 235	 641	
937	 6.0155692e-01	 +5.8111527e-02 -3.4530774e-04	 1.78e+00 Accepted	 235	 624	
938	 6.0157518e-01	 +5.7358001e-02 +4.4885249e-04	 7.18e-01 Accepted	 231	 639	
939	 6.0166587e-01	 +5.6938708e-02 +3.4172458e-04	 1.47e+00 Accepted	 234	 639	
940	 6.0166587e-01	 +5.6938708e-02 +3.4172458e-04	 7.59e-01 Rejected	 233	 625	
941	 6.0149715e-01	 +5.5945036e-02 +2.0387268e-04	 8.93e-01 Accepted	 237	 643	
942	 6.0134729e-01	 +5.4547166e-02 -1.4662821e-03	 5.41e-01 Accepted	 238	 649	
943	 6.0129506e-01	 +5.5906262e-02 -7.0408714e-04	 1.10e+00 Accepted	 235	 643	
944	 6.0120725e-01	 +5.4707159e-02 +9.4000037e-04	 6.62e-01 Accepted	 233	 642	
945	 6.0128062e-01	 +5.8032003e-02 +3.8532608e-04	 9.57e-01 Accepted	 235	 640	
946	 6.0128062e-01	 +5.8032003e-02 +3.8532608e-04	 9.21e-01 Rejected	 232	 643	
947	 6.0141251e-01	 +5.4441548e-02 +1.0009310e-03	 1.14e+00 Accepted	 236	 642	
948	 6.0131986e-01	 +5.5697584e-02 +6.1165602e-05	 6.99e-01 Accepted	 236	 623	
949	 6.0147134e-01	 +5.7696111e-02 +1.6110415e-04	 8.55e-01 Accepted	 234	 641	
950	 6.0117891e-01	 +5.5149040e-02 +4.2096747e-04	 4.36e-01 Accepted	 231	 612	
951	 6.0131807e-01	 +6.0256579e-02 +1.0833435e-05	 9.74e-01 Accepted	 234	 642	
952	 6.0152674e-01	 +5.8601584e-02 +6.7275374e-05	 1.71e+00 Accepted	 231	 618	
953	 6.0151636e-01	 +5.9309394e-02 +1.7322094e-03	 7.81e-01 Accepted	 235	 644	
954	 6.0150274e-01	 +5.8280858e-02 +7.7518590e-04	 8.64e-01 Accepted	 238	 629	
955	 6.0159749e-01	 +5.8910418e-02 -7.3140635e-04	 7.33e-01 Accepted	 235	 629	
956	 6.0164663e-01	 +5.7217410e-02 +9.2076793e-05	 1.66e+00 Accepted	 235	 628	
957	 6.0178907e-01	 +5.8873045e-02 +1.0746605e-04	 9.90e-01 Accepted	 235	 641	
958	 6.0190622e-01	 +5.9879546e-02 +1.2444828e-03	 7.84e-01 Accepted	 236	 636	
959	 6.0174708e-01	 +5.8209040e-02 -1.8661137e-03	 1.32e+00 Accepted	 236	 620	
960	 6.0145601e-01	 +5.7303626e-02 -1.4081148e-03	 7.53e-01 Accepted	 236	 642	
961	 6.0126540e-01	 +5.5840596e-02 -2.6998115e-03	 7.60e-01 Accepted	 234	 641	
962	 6.0129070e-01	 +5.6802902e-02 +1.4333700e-03	 1.21e+00 Accepted	 232	 610	
963	 6.0128477e-01	 +5.5538461e-02 +1.0612366e-04	 1.11e+00 Accepted	 231	 622	
964	 6.0137488e-01	 +5.5375794e-02 +1.1075955e-03	 6.68e-01 Accepted	 234	 616	
965	 6.0140042e-01	 +5.6858480e-02 -1.1049206e-05	 1.39e+00 Accepted	 231	 612	
966	 6.0137652e-01	 +5.4565756e-02 -9.2961246e-04	 1.01e+00 Accepted	 230	 619	
967	 6.0137652e-01	 +5.4565756e-02 -9.2961246e-04	 6.96e-01 Rejected	 231	 612	
968	 6.0147873e-01	 +5.4923775e-02 -1.0195503e-04	 9.86e-01 Accepted	 231	 617	
969	 6.0147873e-01	 +5.4923775e-02 -1.0195503e-04	 6.47e-01 Rejected	 234	 613	
970	 6.0147873e-01	 +5.4923775e-02 -1.0195503e-04	 7.70e-01 Rejected	 234	 615	
971	 6.0147873e-01	 +5.4923775e-02 -1.0195503e-04	 8.04e-01 Rejected	 230	 611	
972	 6.0150498e-01	 +5.2854223e-02 -1.1208412e-03	 8.59e-01 Accepted	 232	 624	
973	 6.0150498e-01	 +5.2854223e-02 -1.1208412e-03	 5.86e-01 Rejected	 233	 620	
974	 6.0149385e-01	 +5.5672646e-02 +2.5704911e-04	 7.74e-01 Accepted	 236	 644	
975	 6.0111958e-01	 +5.5128430e-02 -6.7851850e-04	 4.22e-01 Accepted	 239	 644	
976	 6.0128469e-01	 +5.5956944e-02 +1.6079711e-03	 1.94e+00 Accepted	 233	 617	
977	 6.0141675e-01	 +5.3789249e-02 -8.0322699e-04	 8.84e-01 Accepted	 230	 617	
978	 6.0136991e-01	 +5.2580059e-02 +2.6395460e-04	 1.16e+00 Accepted	 236	 639	
979	 6.0115778e-01	 +5.5095385e-02 +1.0550955e-03	 7.02e-01 Accepted	 233	 612	
980	 6.0112341e-01	 +5.4495087e-02 -4.9605024e-04	 8.57e-01 Accepted	 231	 625	
981	 6.0141891e-01	 +5.4022033e-02 +1.8596223e-04	 2.07e+00 Accepted	 232	 621	
982	 6.0131752e-01	 +5.5809025e-02 +9.7532782e-05	 8.18e-01 Accepted	 233	 617	
983	 6.0122680e-01	 +5.6853087e-02 -6.7612169e-04	 1.08e+00 Accepted	 232	 639	
984	 6.0137315e-01	 +5.5943734e-02 -4.7097182e-04	 1.26e+00 Accepted	 235	 639	
985	 6.0129551e-01	 +5.4717635e-02 -7.5185685e-04	 1.39e+00 Accepted	 233	 622	
986	 6.0124819e-01	 +5.6824167e-02 -6.1139941e-04	 8.56e-01 Accepted	 234	 628	
987	 6.0125977e-01	 +5.6587380e-02 -6.0636965e-04	 1.20e+00 Accepted	 236	 633	
988	 6.0131162e-01	 +5.3968745e-02 -9.6231020e-04	 9.61e-01 Accepted	 235	 623	
989	 6.0152171e-01	 +5.7073609e-02 +5.8765340e-04	 1.47e+00 Accepted	 233	 635	
990	 6.0152171e-01	 +5.7073609e-02 +5.8765340e-04	 9.05e-01 Rejected	 232	 620	
991	 6.0160445e-01	 +5.4107163e-02 -8.2768745e-04	 7.77e-01 Accepted	 234	 642	
992	 6.0160445e-01	 +5.4107163e-02 -8.2768745e-04	 4.53e-01 Rejected	 238	 622	
993	 6.0149053e-01	 +5.7696434e-02 +1.9028450e-04	 1.01e+00 Accepted	 235	 645	
994	 6.0143262e-01	 +5.6461599e-02 +2.4052130e-03	 6.11e-01 Accepted	 239	 638	
995	 6.0145361e-01	 +5.4932634e-02 -1.6485191e-03	 8.89e-01 Accepted	 238	 632	
996	 6.0151300e-01	 +5.4850556e-02 +1.8035543e-03	 6.34e-01 Accepted	 238	 660	
997	 6.0151075e-01	 +5.6119457e-02 +5.5157740e-04	 1.60e+00 Accepted	 237	 636	
998	 6.0137216e-01	 +5.4420406e-02 +2.6385060e-03	 1.01e+00 Accepted	 236	 644	
999	 6.0138209e-01	 +5.4759350e-02 +9.2608434e-05	 1.59e+00 Accepted	 239	 643	
1000	 6.0147024e-01	 +5.2956297e-02 +1.7684019e-04	 1.58e+00 Accepted	 238	 640	
1001	 6.0154807e-01	 +5.4486974e-02 +2.1382618e-03	 8.90e-01 Accepted	 239	 644	
1002	 6.0168307e-01	 +5.3231288e-02 +5.7826271e-04	 9.73e-01 Accepted	 240	 648	
1003	 6.0160812e-01	 +5.3028469e-02 -1.0867630e-04	 9.00e-01 Accepted	 243	 651	
1004	 6.0170164e-01	 +5.4001279e-02 +6.3869813e-04	 1.58e+00 Accepted	 240	 638	
1005	 6.0165430e-01	 +5.2263831e-02 +1.2061418e-03	 7.25e-01 Accepted	 238	 637	
1006	 6.0165430e-01	 +5.2263831e-02 +1.2061418e-03	 6.47e-01 Rejected	 236	 638	
1007	 6.0165430e-01	 +5.2263831e-02 +1.2061418e-03	 6.40e-01 Rejected	 238	 642	
1008	 6.0165430e-01	 +5.2263831e-02 +1.2061418e-03	 5.94e-01 Rejected	 239	 654	
1009	 6.0165430e-01	 +5.2263831e-02 +1.2061418e-03	 4.68e-01 Rejected	 239	 646	
1010	 6.0134965e-01	 +5.3482781e-02 -3.3184610e-04	 8.13e-01 Accepted	 237	 638	
1011	 6.0140556e-01	 +5.2916867e-02 -1.2423260e-03	 1.47e+00 Accepted	 239	 656	
1012	 6.0144827e-01	 +5.3148685e-02 +1.1127302e-03	 1.16e+00 Accepted	 242	 646	
1013	 6.0136701e-01	 +5.2655285e-02 +7.4262209e-04	 1.05e+00 Accepted	 238	 644	
1014	 6.0137814e-01	 +5.3589605e-02 -8.5907824e-04	 1.12e+00 Accepted	 239	 638	
1015	 6.0136386e-01	 +5.4190521e-02 +2.8074918e-04	 7.57e-01 Accepted	 236	 628	
1016	 6.0112989e-01	 +5.2836330e-02 +8.8371743e-04	 6.46e-01 Accepted	 233	 627	
1017	 6.0131068e-01	 +5.2716230e-02 -5.8838606e-04	 7.23e-01 Accepted	 234	 626	
1018	 6.0130098e-01	 +5.1885075e-02 -1.6040660e-03	 1.09e+00 Accepted	 234	 621	
1019	 6.0117673e-01	 +5.2244881e-02 -1.6799407e-03	 1.02e+00 Accepted	 236	 629	
1020	 6.0128620e-01	 +5.3178539e-02 -1.0480164e-03	 2.08e+00 Accepted	 235	 626	
1021	 6.0128620e-01	 +5.3178539e-02 -1.0480164e-03	 6.34e-01 Rejected	 232	 618	
1022	 6.0131932e-01	 +5.1395435e-02 -9.6519968e-04	 1.11e+00 Accepted	 232	 623	
1023	 6.0136601e-01	 +5.2711177e-02 -9.5948297e-04	 9.96e-01 Accepted	 233	 627	
1024	 6.0148872e-01	 +5.3135080e-02 +1.4984637e-03	 1.34e+00 Accepted	 234	 627	
1025	 6.0170821e-01	 +5.5189628e-02 -2.0337319e-04	 1.25e+00 Accepted	 235	 617	
1026	 6.0153209e-01	 +5.6220649e-02 -4.1810874e-04	 8.37e-01 Accepted	 233	 625	
1027	 6.0157184e-01	 +5.3012647e-02 -1.5184252e-03	 1.26e+00 Accepted	 233	 628	
1028	 6.0148969e-01	 +5.4610465e-02 -1.0155168e-03	 1.06e+00 Accepted	 234	 627	
1029	 6.0148969e-01	 +5.4610465e-02 -1.0155168e-03	 7.98e-01 Rejected	 235	 649	
1030	 6.0148969e-01	 +5.4610465e-02 -1.0155168e-03	 9.25e-01 Rejected	 232	 619	
1031	 6.0162264e-01	 +5.3415909e-02 +7.4578364e-04	 1.24e+00 Accepted	 235	 624	
1032	 6.0142768e-01	 +5.4013368e-02 -3.4709965e-04	 9.41e-01 Accepted	 234	 631	
1033	 6.0150088e-01	 +5.2760939e-02 -1.1102957e-04	 9.04e-01 Accepted	 238	 641	
1034	 6.0150088e-01	 +5.2760939e-02 -1.1102957e-04	 6.24e-01 Rejected	 241	 647	
1035	 6.0167566e-01	 +5.2626947e-02 +6.6512794e-04	 1.03e+00 Accepted	 239	 633	
1036	 6.0143228e-01	 +5.4065990e-02 +4.0661443e-05	 9.82e-01 Accepted	 236	 625	
1037	 6.0143228e-01	 +5.4065990e-02 +4.0661443e-05	 5.41e-01 Rejected	 234	 629	
1038	 6.0144772e-01	 +5.7362451e-02 +3.7092748e-04	 1.26e+00 Accepted	 234	 625	
1039	 6.0141053e-01	 +5.3405317e-02 -1.4111104e-03	 5.52e-01 Accepted	 237	 648	
1040	 6.0155349e-01	 +5.3846086e-02 +4.2488950e-04	 1.44e+00 Accepted	 240	 654	
1041	 6.0143990e-01	 +5.4744012e-02 +2.8099856e-04	 1.75e+00 Accepted	 240	 645	
1042	 6.0152845e-01	 +5.4324222e-02 -1.5999033e-03	 7.93e-01 Accepted	 238	 647	
1043	 6.0138061e-01	 +5.3090233e-02 -3.3291404e-03	 8.50e-01 Accepted	 238	 645	
1044	 6.0121378e-01	 +5.5188551e-02 -7.0759041e-04	 8.34e-01 Accepted	 240	 649	
1045	 6.0144800e-01	 +5.4249455e-02 -2.8866264e-04	 1.28e+00 Accepted	 237	 652	
1046	 6.0132761e-01	 +5.6030190e-02 -1.6825588e-03	 1.12e+00 Accepted	 241	 649	
1047	 6.0139327e-01	 +5.4745990e-02 -8.2575108e-04	 8.63e-01 Accepted	 240	 623	
1048	 6.0139534e-01	 +5.4463483e-02 -6.2224539e-04	 8.71e-01 Accepted	 233	 623	
1049	 6.0138325e-01	 +5.1673560e-02 -7.8653980e-04	 1.14e+00 Accepted	 235	 627	
1050	 6.0135727e-01	 +5.3638902e-02 -9.8445777e-04	 7.43e-01 Accepted	 234	 628	
1051	 6.0135727e-01	 +5.3638902e-02 -9.8445777e-04	 8.10e-01 Rejected	 234	 641	
1052	 6.0133971e-01	 +5.3442243e-02 -1.2378136e-03	 1.33e+00 Accepted	 234	 626	
1053	 6.0153239e-01	 +5.2557962e-02 -1.1931953e-03	 1.22e+00 Accepted	 233	 620	
1054	 6.0144246e-01	 +5.2552909e-02 -3.6991766e-04	 5.99e-01 Accepted	 233	 640	
1055	 6.0154915e-01	 +5.5244063e-02 -1.4074482e-03	 1.09e+00 Accepted	 233	 624	
1056	 6.0142269e-01	 +5.4899120e-02 -2.8818146e-03	 7.07e-01 Accepted	 233	 644	
1057	 6.0129929e-01	 +5.4260100e-02 -1.0157461e-03	 1.65e+00 Accepted	 237	 632	
1058	 6.0129929e-01	 +5.4260100e-02 -1.0157461e-03	 8.43e-01 Rejected	 234	 642	
1059	 6.0126611e-01	 +5.0677338e-02 -1.7077122e-03	 8.66e-01 Accepted	 239	 644	
1060	 6.0142228e-01	 +5.2582458e-02 -6.3857952e-04	 1.40e+00 Accepted	 238	 637	
1061	 6.0134746e-01	 +5.4291327e-02 -1.7226272e-03	 1.03e+00 Accepted	 239	 651	
1062	 6.0132356e-01	 +5.5842432e-02 -9.2704513e-04	 1.18e+00 Accepted	 242	 664	
1063	 6.0153320e-01	 +5.4812691e-02 -5.9543937e-04	 8.37e-01 Accepted	 239	 631	
1064	 6.0136616e-01	 +5.2397285e-02 -2.5412229e-03	 1.53e+00 Accepted	 239	 656	
1065	 6.0140326e-01	 +5.6523722e-02 -1.0436194e-03	 4.27e-01 Accepted	 242	 655	
1066	 6.0138640e-01	 +5.5245116e-02 -1.0351452e-03	 8.48e-01 Accepted	 242	 652	
1067	 6.0131722e-01	 +5.6586532e-02 -1.6503248e-03	 9.39e-01 Accepted	 241	 653	
1068	 6.0137245e-01	 +5.7268646e-02 -1.1952567e-03	 1.48e+00 Accepted	 241	 642	
1069	 6.0131711e-01	 +5.4521935e-02 -8.1164473e-04	 6.68e-01 Accepted	 239	 647	
1070	 6.0124351e-01	 +5.4206528e-02 -6.5267910e-04	 8.03e-01 Accepted	 240	 647	
1071	 6.0133101e-01	 +5.3697293e-02 -1.5684910e-04	 1.26e+00 Accepted	 237	 630	
1072	 6.0133101e-01	 +5.3697293e-02 -1.5684910e-04	 6.42e-01 Rejected	 235	 637	
1073	 6.0149744e-01	 +5.4417658e-02 -8.3722331e-04	 7.72e-01 Accepted	 232	 629	
1074	 6.0149744e-01	 +5.4417658e-02 -8.3722331e-04	 4.60e-01 Rejected	 235	 652	
1075	 6.0149744e-01	 +5.4417658e-02 -8.3722331e-04	 6.93e-01 Rejected	 232	 622	
1076	 6.0141202e-01	 +5.5926753e-02 -2.2367103e-04	 8.98e-01 Accepted	 235	 638	
1077	 6.0130445e-01	 +5.4645298e-02 -8.0160494e-04	 7.58e-01 Accepted	 235	 619	
1078	 6.0153302e-01	 +5.4648284e-02 -7.0061704e-04	 1.75e+00 Accepted	 234	 639	
1079	 6.0146534e-01	 +5.4594346e-02 -2.2943579e-04	 7.65e-01 Accepted	 234	 631	
1080	 6.0157344e-01	 +5.1516987e-02 -7.9728257e-04	 6.10e-01 Accepted	 238	 647	
1081	 6.0179546e-01	 +5.3612062e-02 -6.4274130e-04	 1.10e+00 Accepted	 238	 652	
1082	 6.0148671e-01	 +5.4586959e-02 -2.0921280e-03	 8.56e-01 Accepted	 236	 644	
1083	 6.0148671e-01	 +5.4586959e-02 -2.0921280e-03	 4.84e-01 Rejected	 235	 622	
1084	 6.0129423e-01	 +5.4237188e-02 -1.5303089e-03	 6.89e-01 Accepted	 238	 644	
1085	 6.0142002e-01	 +5.5201519e-02 -2.6515998e-03	 9.31e-01 Accepted	 238	 656	
1086	 6.0145370e-01	 +5.4980566e-02 +1.0260537e-03	 6.61e-01 Accepted	 240	 644	
1087	 6.0145370e-01	 +5.4980566e-02 +1.0260537e-03	 5.50e-01 Rejected	 235	 623	
1088	 6.0161231e-01	 +5.7780925e-02 +1.8481075e-04	 1.06e+00 Accepted	 239	 644	
1089	 6.0159243e-01	 +5.4676075e-02 +1.6417760e-03	 1.05e+00 Accepted	 237	 649	
1090	 6.0171331e-01	 +5.4634369e-02 +6.3967332e-04	 9.01e-01 Accepted	 240	 646	
1091	 6.0171331e-01	 +5.4634369e-02 +6.3967332e-04	 3.24e-01 Rejected	 236	 618	
1092	 6.0170935e-01	 +5.3873410e-02 -1.1667567e-03	 8.46e-01 Accepted	 239	 641	
1093	 6.0150023e-01	 +5.3596430e-02 +5.7113229e-04	 5.04e-01 Accepted	 234	 640	
1094	 6.0143088e-01	 +5.5167994e-02 +1.1243486e-03	 1.17e+00 Accepted	 237	 648	
1095	 6.0154391e-01	 +5.7341099e-02 +5.4271365e-04	 6.95e-01 Accepted	 239	 653	
1096	 6.0160190e-01	 +5.5808863e-02 -1.5044235e-04	 1.05e+00 Accepted	 242	 655	
1097	 6.0169400e-01	 +5.7800830e-02 -1.6812793e-04	 7.86e-01 Accepted	 243	 659	
1098	 6.0180025e-01	 +5.7653015e-02 +9.6626330e-04	 1.28e+00 Accepted	 243	 661	
1099	 6.0180025e-01	 +5.7653015e-02 +9.6626330e-04	 5.74e-01 Rejected	 242	 637	
1100	 6.0183727e-01	 +5.7940509e-02 -9.5674353e-04	 8.51e-01 Accepted	 243	 653	
