# Starting_type: HotStart
# serial RNG seed: 	[57629 18489 59791 21447 7878]
# parallel RNG seed:	[27641 57424 4654 15890 36363]
# Trajectory_length / Number_of_MD_steps: 1 / 8
# 	 Plaquette	 Polyakov_Loop(re,im)	 Acc._Probability	 runtime_per_traj(s)	 CG_iterations	
1	 2.2493397e-01	 +1.0364702e-03 -6.2136295e-04	 6.03e+63 Accepted	 353	 641	
2	 3.1691445e-01	 -3.4915929e-04 -1.0058120e-03	 1.57e+31 Accepted	 392	 646	
3	 3.6755509e-01	 +8.5649225e-05 +1.4789884e-03	 1.25e+19 Accepted	 392	 635	
4	 3.9989479e-01	 -1.3011547e-04 +2.3991425e-03	 9.45e+12 Accepted	 388	 626	
5	 4.2302978e-01	 +1.7747824e-03 +1.7794787e-03	 5.08e+09 Accepted	 385	 619	
6	 4.4081890e-01	 +1.6416309e-03 +9.5294280e-04	 7.15e+07 Accepted	 383	 613	
7	 4.5530194e-01	 +8.9889055e-06 +7.1107478e-04	 2.79e+06 Accepted	 377	 607	
8	 4.6776343e-01	 -9.6209041e-04 -9.1672623e-04	 4.43e+05 Accepted	 376	 601	
9	 4.7858728e-01	 +7.7554686e-04 +1.8854074e-03	 1.24e+05 Accepted	 374	 596	
10	 4.8863932e-01	 -2.8593468e-05 +9.0484331e-04	 5.48e+04 Accepted	 372	 592	
11	 4.9738572e-01	 -1.1018047e-03 -2.2544165e-04	 2.00e+04 Accepted	 370	 587	
12	 5.0561237e-01	 +1.4659602e-03 -2.1411398e-03	 8.23e+03 Accepted	 368	 583	
13	 5.1276181e-01	 +2.9198347e-03 +7.1188388e-04	 2.58e+03 Accepted	 363	 580	
14	 5.1948777e-01	 +1.5822230e-04 -3.5368688e-04	 1.28e+03 Accepted	 363	 577	
15	 5.2578991e-01	 +1.8974411e-03 -2.2369753e-04	 1.19e+03 Accepted	 361	 578	
16	 5.3174121e-01	 -1.2436185e-03 -1.4629034e-03	 1.55e+03 Accepted	 360	 573	
17	 5.3677212e-01	 -6.8227345e-04 +9.3423454e-04	 2.87e+02 Accepted	 360	 567	
18	 5.4113359e-01	 -1.9841199e-04 +1.3101163e-04	 1.76e+02 Accepted	 358	 566	
19	 5.4483250e-01	 +2.7147760e-03 +3.7363195e-04	 4.61e+01 Accepted	 355	 560	
20	 5.4801482e-01	 +6.8629852e-04 -1.3474206e-03	 4.06e+01 Accepted	 353	 564	
21	 5.5074506e-01	 +1.3135020e-03 +4.1657083e-04	 1.53e+01 Accepted	 355	 559	
22	 5.5307792e-01	 -1.4513760e-03 -2.3800973e-03	 1.33e+01 Accepted	 352	 550	
23	 5.5499918e-01	 -4.1809748e-04 -1.2091386e-03	 6.41e+00 Accepted	 348	 545	
24	 5.5697186e-01	 -1.2308839e-04 +1.3603169e-04	 8.91e+00 Accepted	 345	 542	
25	 5.5864512e-01	 +7.0246550e-04 -1.2932360e-03	 8.05e+00 Accepted	 344	 538	
26	 5.6005768e-01	 -2.7059015e-05 +9.6609843e-04	 4.96e+00 Accepted	 344	 539	
27	 5.6132005e-01	 +1.4768052e-03 -1.0781556e-03	 3.21e+00 Accepted	 342	 535	
28	 5.6236707e-01	 +9.8276061e-04 +1.3065003e-03	 3.12e+00 Accepted	 339	 536	
29	 5.6307330e-01	 +1.5617610e-05 -3.0350372e-05	 1.91e+00 Accepted	 340	 520	
30	 5.6394604e-01	 -1.1032487e-05 -4.2280403e-04	 3.84e+00 Accepted	 338	 530	
31	 5.6456123e-01	 +2.4029589e-03 -1.5268386e-04	 2.55e+00 Accepted	 337	 523	
32	 5.6512358e-01	 +1.1323552e-03 +3.1537855e-04	 1.57e+00 Accepted	 334	 517	
33	 5.6574420e-01	 +1.9642043e-03 +2.4897121e-04	 1.63e+00 Accepted	 334	 528	
34	 5.6621588e-01	 +1.6000267e-03 -2.1179099e-04	 2.44e+00 Accepted	 335	 521	
35	 5.6666872e-01	 +5.8624152e-04 -1.2122642e-03	 1.40e+00 Accepted	 332	 512	
36	 5.6673414e-01	 +6.5739044e-04 +9.5547309e-04	 1.14e+00 Accepted	 331	 526	
37	 5.6710821e-01	 +1.6921966e-03 +2.1993609e-03	 8.65e-01 Accepted	 333	 515	
38	 5.6723743e-01	 +9.4573497e-04 +1.9906306e-03	 1.17e+00 Accepted	 329	 506	
39	 5.6748609e-01	 +2.7061507e-03 -2.1468917e-04	 1.42e+00 Accepted	 325	 505	
40	 5.6814081e-01	 +3.4775737e-04 +2.5613993e-04	 3.08e+00 Accepted	 325	 506	
41	 5.6833762e-01	 +5.8304699e-04 +2.7152311e-04	 1.37e+00 Accepted	 327	 497	
42	 5.6807937e-01	 +1.9857400e-03 +3.9925496e-04	 5.39e-01 Accepted	 322	 504	
43	 5.6835872e-01	 +3.1464428e-04 +6.7820464e-04	 8.83e-01 Accepted	 322	 467	
44	 5.6849389e-01	 +2.0793337e-03 -8.2374573e-04	 1.03e+00 Accepted	 321	 500	
45	 5.6859553e-01	 -1.4064484e-03 +1.0203100e-03	 8.94e-01 Accepted	 321	 497	
46	 5.6870629e-01	 +8.7448318e-04 +2.5699476e-05	 8.27e-01 Accepted	 317	 501	
47	 5.6883656e-01	 +1.3403540e-03 -8.9867842e-04	 1.20e+00 Accepted	 321	 496	
48	 5.6901587e-01	 -1.2257023e-03 +3.5657611e-04	 1.25e+00 Accepted	 317	 477	
49	 5.6933668e-01	 -8.5657155e-04 +6.6910709e-04	 1.08e+00 Accepted	 312	 499	
50	 5.6924628e-01	 -7.5405537e-04 +1.4354705e-03	 9.12e-01 Accepted	 319	 488	
51	 5.6957295e-01	 +1.7029685e-04 -2.5032329e-04	 1.32e+00 Accepted	 310	 455	
52	 5.6989197e-01	 +2.9437119e-03 -2.9002205e-04	 1.52e+00 Accepted	 307	 489	
53	 5.6963678e-01	 +2.2519872e-03 -3.7442452e-03	 7.03e-01 Accepted	 313	 468	
54	 5.6980595e-01	 +9.0977008e-04 -6.2287169e-04	 9.80e-01 Accepted	 313	 477	
55	 5.6978527e-01	 +5.5624592e-04 -1.7571610e-03	 1.06e+00 Accepted	 313	 485	
56	 5.6978527e-01	 +5.5624592e-04 -1.7571610e-03	 4.80e-01 Rejected	 321	 484	
57	 5.6989901e-01	 -1.2060792e-04 -9.8098663e-04	 1.06e+00 Accepted	 316	 492	
58	 5.6955828e-01	 +1.3575908e-03 -1.4564954e-03	 6.29e-01 Accepted	 315	 488	
59	 5.6970078e-01	 -8.5934484e-04 -1.4588691e-03	 9.72e-01 Accepted	 309	 452	
60	 5.6965704e-01	 +2.0659257e-04 -1.6671852e-03	 8.59e-01 Accepted	 305	 481	
61	 5.6963828e-01	 -5.6793963e-04 -1.3658235e-03	 1.17e+00 Accepted	 300	 411	
62	 5.6969622e-01	 +9.1305787e-04 -2.6119946e-03	 6.00e-01 Accepted	 268	 410	
63	 5.6996970e-01	 +8.3504487e-04 +2.6816669e-04	 1.60e+00 Accepted	 287	 423	
64	 5.7016381e-01	 -1.9792087e-04 -5.1426300e-04	 1.26e+00 Accepted	 298	 484	
65	 5.7000196e-01	 +1.4449533e-03 -1.3405765e-03	 1.01e+00 Accepted	 308	 464	
66	 5.7004770e-01	 +1.0201209e-03 -9.7904072e-04	 9.29e-01 Accepted	 308	 466	
67	 5.6997553e-01	 -9.3280040e-04 -1.9645455e-03	 8.76e-01 Accepted	 306	 467	
68	 5.7001787e-01	 +7.6869258e-04 -2.0544890e-03	 1.11e+00 Accepted	 309	 471	
69	 5.7009487e-01	 +1.6381542e-03 -1.3520150e-04	 1.01e+00 Accepted	 309	 478	
70	 5.6996909e-01	 +1.5676168e-03 -4.3872858e-03	 7.29e-01 Accepted	 310	 453	
71	 5.7013030e-01	 -1.5424976e-03 -3.9508449e-03	 1.16e+00 Accepted	 308	 468	
72	 5.6995423e-01	 -1.8405076e-03 -4.7390375e-03	 8.57e-01 Accepted	 310	 484	
73	 5.6998378e-01	 -3.9864731e-04 -5.3184501e-03	 1.18e+00 Accepted	 313	 477	
74	 5.7016552e-01	 +2.5650802e-04 -4.6342436e-03	 1.15e+00 Accepted	 310	 468	
75	 5.6994314e-01	 +4.8956225e-05 -3.4232078e-03	 5.19e-01 Accepted	 308	 465	
76	 5.6992823e-01	 +1.9256647e-03 -2.2675641e-03	 1.13e+00 Accepted	 307	 458	
77	 5.6983308e-01	 +3.1713260e-04 -3.5685847e-03	 9.90e-01 Accepted	 304	 459	
78	 5.7000752e-01	 +1.8750320e-03 -1.7905521e-03	 1.31e+00 Accepted	 299	 442	
79	 5.7011776e-01	 -7.3895536e-04 -2.0283228e-03	 7.37e-01 Accepted	 293	 406	
80	 5.7036265e-01	 +1.1757455e-04 -1.0258075e-03	 1.41e+00 Accepted	 285	 449	
81	 5.7036100e-01	 +2.5428821e-04 -1.9924414e-03	 1.10e+00 Accepted	 295	 436	
82	 5.7016843e-01	 -1.3361759e-03 -1.7753464e-03	 7.45e-01 Accepted	 300	 483	
83	 5.7004758e-01	 +2.9525960e-04 -4.0328670e-03	 1.23e+00 Accepted	 304	 426	
84	 5.7009271e-01	 +3.0457502e-05 -2.4365205e-03	 8.91e-01 Accepted	 291	 426	
85	 5.7014637e-01	 +7.5540801e-04 -5.1210703e-03	 8.08e-01 Accepted	 294	 470	
86	 5.7000999e-01	 +1.5858864e-03 -5.0269743e-03	 9.90e-01 Accepted	 300	 395	
87	 5.6998714e-01	 -6.8296681e-04 -3.3663121e-03	 9.02e-01 Accepted	 271	 395	
88	 5.7010375e-01	 -9.8503144e-04 -2.3566366e-03	 8.48e-01 Accepted	 288	 473	
89	 5.7027148e-01	 -1.7064929e-04 -2.9945126e-03	 1.48e+00 Accepted	 304	 432	
90	 5.7010444e-01	 +2.1694886e-04 -2.2489473e-03	 9.93e-01 Accepted	 303	 478	
91	 5.7010444e-01	 +2.1694886e-04 -2.2489473e-03	 6.20e-01 Rejected	 306	 462	
92	 5.6995765e-01	 -6.1458082e-04 -2.7357423e-03	 9.78e-01 Accepted	 311	 470	
93	 5.7023121e-01	 +6.0915512e-04 -2.0973728e-03	 1.22e+00 Accepted	 306	 485	
94	 5.7042771e-01	 -4.2890110e-04 -3.3534866e-03	 1.14e+00 Accepted	 305	 459	
95	 5.7042771e-01	 -4.2890110e-04 -3.3534866e-03	 4.88e-01 Rejected	 304	 470	
96	 5.7026379e-01	 -1.1349735e-03 -4.0533852e-03	 9.56e-01 Accepted	 303	 464	
97	 5.7042767e-01	 -1.7748654e-03 -3.5441947e-03	 1.22e+00 Accepted	 306	 447	
98	 5.7042767e-01	 -1.7748654e-03 -3.5441947e-03	 5.74e-01 Rejected	 300	 472	
99	 5.7057007e-01	 -6.0320015e-04 -2.8665231e-03	 1.19e+00 Accepted	 296	 403	
100	 5.7059253e-01	 -1.8383753e-03 -3.8172626e-03	 1.12e+00 Accepted	 285	 433	
101	 5.7051872e-01	 -6.4473614e-05 -3.3377260e-03	 8.00e-01 Accepted	 290	 432	
102	 5.7034534e-01	 -4.9935838e-04 -4.1711228e-03	 9.06e-01 Accepted	 298	 469	
103	 5.7034534e-01	 -4.9935838e-04 -4.1711228e-03	 9.26e-01 Rejected	 299	 440	
104	 5.7029748e-01	 -1.1263224e-03 -3.9613949e-03	 1.06e+00 Accepted	 295	 418	
105	 5.7054126e-01	 -2.0254997e-03 -4.5965110e-03	 1.27e+00 Accepted	 282	 387	
106	 5.7039812e-01	 +1.5749372e-04 -5.9041454e-03	 6.13e-01 Accepted	 285	 442	
107	 5.7041508e-01	 -6.9107366e-04 -5.0152964e-03	 8.53e-01 Accepted	 305	 467	
108	 5.7049224e-01	 -8.0315601e-04 -4.3324710e-03	 1.43e+00 Accepted	 298	 426	
109	 5.7035657e-01	 -1.0684880e-03 -5.6021117e-03	 1.10e+00 Accepted	 295	 482	
110	 5.7016411e-01	 -3.9548666e-04 -4.4418200e-03	 7.93e-01 Accepted	 311	 472	
111	 5.6988165e-01	 -9.4278948e-04 -7.1747686e-03	 7.06e-01 Accepted	 308	 446	
112	 5.6989307e-01	 -2.0980154e-03 -4.9010628e-03	 1.12e+00 Accepted	 299	 431	
113	 5.7000081e-01	 -1.6692396e-03 -8.0413005e-03	 1.07e+00 Accepted	 283	 386	
114	 5.7013908e-01	 -1.9225619e-03 -4.3608023e-03	 7.76e-01 Accepted	 263	 374	
115	 5.7008635e-01	 -3.1449058e-03 -4.2063130e-03	 1.43e+00 Accepted	 273	 435	
116	 5.7018858e-01	 -4.1484572e-03 -5.5828147e-03	 1.46e+00 Accepted	 279	 373	
117	 5.7044576e-01	 -3.5669818e-03 -6.5835356e-03	 9.79e-01 Accepted	 265	 443	
118	 5.7019348e-01	 -3.2620552e-03 -3.7372515e-03	 6.19e-01 Accepted	 284	 430	
119	 5.7010790e-01	 -2.6700690e-03 -5.5266247e-03	 6.77e-01 Accepted	 284	 429	
120	 5.7018164e-01	 -2.7197491e-03 -6.4291686e-03	 1.11e+00 Accepted	 273	 349	
121	 5.7045075e-01	 -1.0286695e-03 -6.5049026e-03	 9.73e-01 Accepted	 250	 358	
122	 5.7036266e-01	 -1.8330404e-03 -5.4300357e-03	 8.23e-01 Accepted	 264	 416	
123	 5.7057719e-01	 -2.8627497e-03 -5.0498602e-03	 1.41e+00 Accepted	 276	 442	
124	 5.7036839e-01	 -5.9064667e-04 -4.9149334e-03	 8.50e-01 Accepted	 297	 443	
125	 5.7059400e-01	 -1.8663022e-03 -4.5410796e-03	 8.48e-01 Accepted	 289	 434	
126	 5.7080177e-01	 -1.9201539e-03 -5.7419737e-03	 1.43e+00 Accepted	 298	 456	
127	 5.7073674e-01	 -2.5607764e-03 -3.2361487e-03	 9.02e-01 Accepted	 300	 413	
128	 5.7073674e-01	 -2.5607764e-03 -3.2361487e-03	 7.15e-01 Rejected	 290	 472	
129	 5.7070167e-01	 -6.6680671e-04 -3.0975552e-03	 1.22e+00 Accepted	 281	 371	
130	 5.7095457e-01	 -1.0838013e-03 -3.2461262e-03	 2.24e+00 Accepted	 260	 348	
131	 5.7097858e-01	 -4.4953125e-04 -4.0030034e-03	 8.04e-01 Accepted	 252	 413	
132	 5.7117370e-01	 -8.3939229e-04 -4.8238995e-03	 1.20e+00 Accepted	 285	 409	
133	 5.7077428e-01	 -6.3380986e-04 -6.2075626e-03	 7.89e-01 Accepted	 281	 387	
134	 5.7055401e-01	 -2.3090330e-03 -5.2433285e-03	 7.88e-01 Accepted	 265	 393	
135	 5.7051090e-01	 -1.2522072e-03 -5.0481249e-03	 9.42e-01 Accepted	 280	 432	
136	 5.7059658e-01	 +3.5209348e-04 -4.7478411e-03	 1.42e+00 Accepted	 276	 317	
137	 5.7068031e-01	 +1.2183779e-03 -3.5879337e-03	 8.50e-01 Accepted	 246	 394	
# Starting_type: CheckpointStart
# Trajectory_length / Number_of_MD_steps: 1 / 8
# 	 Plaquette	 Polyakov_Loop(re,im)	 Acc._Probability	 runtime_per_traj(s)	 CG_iterations	
137	 5.7068031e-01	 +1.2183779e-03 -3.5879337e-03	 8.50e-01 Accepted	 157	 394	
138	 5.7062276e-01	 +1.7739329e-03 -3.1379015e-03	 1.06e+00 Accepted	 175	 364	
139	 5.7062276e-01	 +1.7739329e-03 -3.1379015e-03	 7.76e-01 Rejected	 168	 381	
140	 5.7054360e-01	 -1.2652790e-03 -4.9006745e-03	 1.29e+00 Accepted	 161	 334	
141	 5.7067604e-01	 -2.2683611e-03 -2.8763679e-03	 1.32e+00 Accepted	 152	 366	
142	 5.7067604e-01	 -2.2683611e-03 -2.8763679e-03	 6.27e-01 Rejected	 163	 416	
143	 5.7075349e-01	 -9.2232139e-04 -3.3990750e-03	 1.10e+00 Accepted	 165	 403	
144	 5.7063786e-01	 -1.0852959e-03 -2.5009796e-03	 5.29e-01 Accepted	 184	 474	
145	 5.7094433e-01	 -5.9269107e-04 -2.3546329e-03	 1.03e+00 Accepted	 190	 418	
146	 5.7076139e-01	 -7.0317986e-04 -4.4426821e-03	 8.54e-01 Accepted	 181	 413	
147	 5.7060600e-01	 -7.5484285e-04 -4.8078186e-03	 1.12e+00 Accepted	 179	 460	
148	 5.7091394e-01	 +1.4229712e-03 -3.0518433e-03	 1.29e+00 Accepted	 187	 465	
149	 5.7088584e-01	 +1.2848927e-04 -2.6685251e-03	 8.97e-01 Accepted	 180	 379	
150	 5.7088739e-01	 -4.9744186e-04 -3.6246041e-03	 1.02e+00 Accepted	 174	 414	
151	 5.7068176e-01	 -1.2356706e-03 -3.3826380e-03	 9.23e-01 Accepted	 174	 392	
152	 5.7043458e-01	 -1.4481949e-03 -3.1624330e-03	 1.04e+00 Accepted	 177	 424	
153	 5.7043458e-01	 -1.4481949e-03 -3.1624330e-03	 6.68e-01 Rejected	 181	 407	
154	 5.7049282e-01	 -2.2770779e-04 -5.4582649e-03	 8.75e-01 Accepted	 178	 465	
155	 5.7032460e-01	 -1.7310766e-03 -4.0962017e-03	 6.42e-01 Accepted	 190	 439	
156	 5.7032460e-01	 -1.7310766e-03 -4.0962017e-03	 6.94e-01 Rejected	 186	 448	
157	 5.7058059e-01	 +2.5364521e-04 -4.8352759e-03	 1.23e+00 Accepted	 185	 431	
158	 5.7058218e-01	 +1.6890403e-03 -5.5793133e-03	 1.00e+00 Accepted	 178	 404	
159	 5.7058218e-01	 +1.6890403e-03 -5.5793133e-03	 7.74e-01 Rejected	 182	 450	
160	 5.7077319e-01	 -7.6099602e-04 -4.3045349e-03	 1.37e+00 Accepted	 174	 454	
161	 5.7077319e-01	 -7.6099602e-04 -4.3045349e-03	 7.72e-01 Rejected	 182	 399	
162	 5.7046394e-01	 -1.1298784e-04 -5.6292489e-03	 1.03e+00 Accepted	 189	 435	
163	 5.7042770e-01	 -1.1489838e-03 -4.7237545e-03	 8.96e-01 Accepted	 189	 477	
164	 5.7046017e-01	 +1.4679784e-03 -6.0988204e-03	 1.47e+00 Accepted	 191	 439	
165	 5.7034370e-01	 +6.0863704e-04 -5.2866181e-03	 9.52e-01 Accepted	 189	 446	
166	 5.7043285e-01	 -1.8879789e-04 -2.9324126e-03	 1.14e+00 Accepted	 191	 470	
167	 5.7043285e-01	 -1.8879789e-04 -2.9324126e-03	 7.31e-01 Rejected	 189	 417	
168	 5.7037880e-01	 -4.7812769e-04 -2.8637400e-03	 1.34e+00 Accepted	 191	 439	
169	 5.7029662e-01	 -1.1750562e-03 -4.1475549e-03	 7.58e-01 Accepted	 179	 368	
170	 5.7023928e-01	 +1.3685000e-04 -5.2748692e-03	 1.04e+00 Accepted	 166	 366	
171	 5.7030158e-01	 +1.5959713e-03 -4.7356259e-03	 1.39e+00 Accepted	 156	 294	
172	 5.7055810e-01	 +1.8392153e-03 -3.4607282e-03	 1.50e+00 Accepted	 146	 402	
173	 5.7035010e-01	 -9.1689738e-04 -3.5341003e-03	 1.19e+00 Accepted	 174	 410	
174	 5.7032202e-01	 -6.3109973e-04 -4.8109768e-03	 1.15e+00 Accepted	 169	 393	
175	 5.7039417e-01	 +1.3335418e-03 -4.7526932e-03	 1.21e+00 Accepted	 157	 326	
176	 5.7043448e-01	 +1.0616182e-03 -3.8000516e-03	 7.65e-01 Accepted	 155	 361	
177	 5.7048056e-01	 +1.6894752e-03 -4.5130877e-03	 1.22e+00 Accepted	 169	 419	
178	 5.7062091e-01	 +1.3716658e-03 -4.5670246e-03	 1.47e+00 Accepted	 182	 410	
179	 5.7085023e-01	 +3.9508464e-04 -2.2012500e-03	 1.33e+00 Accepted	 179	 439	
180	 5.7063062e-01	 +4.5764048e-05 -5.5103420e-03	 8.90e-01 Accepted	 179	 406	
181	 5.7042228e-01	 -8.1890707e-04 -2.9769050e-03	 7.43e-01 Accepted	 178	 429	
182	 5.7058117e-01	 +1.3913848e-03 -6.6622808e-03	 1.22e+00 Accepted	 185	 442	
183	 5.7061672e-01	 -1.4898330e-03 -2.8852333e-03	 8.62e-01 Accepted	 189	 453	
184	 5.7061672e-01	 -1.4898330e-03 -2.8852333e-03	 7.83e-01 Rejected	 191	 453	
185	 5.7068969e-01	 +1.7663737e-03 -4.0129125e-03	 1.07e+00 Accepted	 194	 479	
186	 5.7066776e-01	 +1.6756471e-03 -3.7839734e-03	 8.60e-01 Accepted	 191	 465	
187	 5.7066776e-01	 +1.6756471e-03 -3.7839734e-03	 6.93e-01 Rejected	 187	 466	
188	 5.7059969e-01	 -1.3678915e-03 -2.4178844e-03	 1.04e+00 Accepted	 188	 457	
189	 5.7041973e-01	 -7.1850250e-04 -1.2779471e-03	 1.03e+00 Accepted	 191	 453	
190	 5.7053075e-01	 +2.7791269e-03 -1.1207863e-03	 1.23e+00 Accepted	 190	 456	
191	 5.7059796e-01	 +1.2702151e-03 -2.6533761e-03	 1.02e+00 Accepted	 187	 430	
192	 5.7074444e-01	 +1.4381289e-03 -7.8814627e-04	 1.49e+00 Accepted	 183	 438	
193	 5.7053427e-01	 +5.9426716e-04 -4.5959984e-03	 1.37e+00 Accepted	 178	 371	
194	 5.7043544e-01	 +3.3263771e-04 -4.4378821e-03	 1.29e+00 Accepted	 174	 411	
195	 5.7056609e-01	 +1.8681860e-03 -3.0222088e-03	 1.32e+00 Accepted	 183	 477	
196	 5.7046345e-01	 +1.4079151e-04 -2.9169061e-03	 6.75e-01 Accepted	 191	 437	
197	 5.7046345e-01	 +1.4079151e-04 -2.9169061e-03	 8.37e-01 Rejected	 184	 440	
198	 5.7050008e-01	 +3.1509706e-05 -1.0836422e-03	 1.02e+00 Accepted	 185	 437	
199	 5.7055752e-01	 -4.9756224e-04 -7.8323811e-04	 1.33e+00 Accepted	 177	 389	
200	 5.7069029e-01	 +1.2366767e-03 -9.1569669e-04	 9.42e-01 Accepted	 172	 399	
201	 5.7072638e-01	 +2.9069125e-03 -2.8005702e-03	 1.50e+00 Accepted	 174	 372	
202	 5.7055262e-01	 +1.8275695e-03 -3.9712547e-03	 6.66e-01 Accepted	 172	 395	
203	 5.7065369e-01	 -1.8732441e-04 -2.2973049e-03	 1.19e+00 Accepted	 171	 431	
204	 5.7066838e-01	 +2.2389163e-03 -4.6809710e-03	 1.28e+00 Accepted	 182	 417	
205	 5.7058465e-01	 +1.4229540e-03 -2.1312868e-03	 7.19e-01 Accepted	 182	 450	
206	 5.7044724e-01	 +8.7928986e-04 -1.4489326e-03	 8.79e-01 Accepted	 181	 442	
207	 5.7029097e-01	 -6.1382968e-04 -1.6315095e-03	 9.36e-01 Accepted	 182	 374	
208	 5.7048947e-01	 +7.2026085e-04 -1.6166009e-03	 1.46e+00 Accepted	 171	 454	
209	 5.7055688e-01	 +1.4143298e-03 -2.7913406e-03	 1.23e+00 Accepted	 191	 483	
210	 5.7070352e-01	 +1.6787204e-03 -3.0833892e-03	 1.23e+00 Accepted	 187	 437	
211	 5.7084217e-01	 +1.3839831e-03 -2.5273757e-03	 1.11e+00 Accepted	 183	 451	
212	 5.7101050e-01	 +1.8033584e-03 -2.5086384e-03	 9.88e-01 Accepted	 183	 351	
213	 5.7072810e-01	 -1.2687151e-04 -1.4278991e-03	 7.34e-01 Accepted	 171	 436	
214	 5.7075801e-01	 +1.1221770e-03 -4.1403412e-03	 1.31e+00 Accepted	 187	 422	
215	 5.7045189e-01	 +2.3509021e-04 -3.8189605e-03	 6.88e-01 Accepted	 183	 411	
216	 5.7049082e-01	 -7.6637940e-04 -1.4176630e-03	 9.30e-01 Accepted	 178	 446	
217	 5.7065971e-01	 +3.9625813e-04 -3.6078433e-03	 1.08e+00 Accepted	 180	 431	
218	 5.7078584e-01	 -1.3821490e-03 -2.7884445e-04	 8.20e-01 Accepted	 189	 480	
219	 5.7049410e-01	 +3.4397007e-04 -2.4772313e-03	 8.43e-01 Accepted	 194	 445	
220	 5.7052645e-01	 +6.0024602e-04 -3.8212369e-03	 1.09e+00 Accepted	 184	 408	
221	 5.7023222e-01	 -1.7802393e-03 -1.3380073e-03	 9.94e-01 Accepted	 180	 409	
222	 5.7025071e-01	 -1.6122356e-03 -1.6968611e-03	 8.49e-01 Accepted	 176	 412	
223	 5.7028763e-01	 -1.6301038e-04 -2.2907792e-03	 8.79e-01 Accepted	 178	 391	
224	 5.7049478e-01	 -1.8714829e-03 -1.1977445e-03	 1.34e+00 Accepted	 182	 448	
225	 5.7051925e-01	 -1.9404592e-03 -1.7691180e-03	 8.27e-01 Accepted	 181	 424	
226	 5.7062360e-01	 +6.2558841e-04 -2.3244985e-03	 1.23e+00 Accepted	 181	 399	
227	 5.7068102e-01	 -2.2300133e-04 -2.1231526e-03	 8.82e-01 Accepted	 178	 393	
228	 5.7070862e-01	 +6.0473585e-04 -4.6619616e-04	 1.12e+00 Accepted	 179	 459	
229	 5.7068759e-01	 -6.6731889e-04 -1.2472864e-03	 7.24e-01 Accepted	 189	 447	
230	 5.7032492e-01	 +1.4300104e-05 -6.1143506e-04	 9.23e-01 Accepted	 185	 437	
231	 5.7043557e-01	 +3.9796818e-03 -1.8040954e-03	 1.13e+00 Accepted	 186	 430	
232	 5.7018622e-01	 +2.1056180e-03 -1.9123221e-03	 9.81e-01 Accepted	 185	 421	
233	 5.7031044e-01	 +1.5332617e-03 -1.1340774e-03	 1.05e+00 Accepted	 186	 467	
234	 5.7048445e-01	 +1.2045447e-03 -2.1334648e-03	 9.39e-01 Accepted	 197	 489	
235	 5.7069815e-01	 +7.8037419e-04 -1.9660718e-03	 1.59e+00 Accepted	 200	 486	
236	 5.7058163e-01	 +2.3268945e-04 -4.0183187e-03	 1.29e+00 Accepted	 183	 393	
237	 5.7049175e-01	 +1.2951145e-03 -2.5399919e-03	 5.94e-01 Accepted	 169	 431	
238	 5.7049175e-01	 +1.2951145e-03 -2.5399919e-03	 8.40e-01 Rejected	 186	 455	
239	 5.7068814e-01	 +6.5840882e-04 -2.3645001e-03	 1.60e+00 Accepted	 180	 446	
240	 5.7072277e-01	 +1.4526546e-03 +1.5941102e-03	 7.95e-01 Accepted	 185	 463	
241	 5.7061687e-01	 +7.4801093e-04 -2.4515644e-03	 8.74e-01 Accepted	 181	 381	
242	 5.7063574e-01	 +1.2854809e-03 -1.8914372e-03	 1.14e+00 Accepted	 176	 432	
243	 5.7063574e-01	 +1.2854809e-03 -1.8914372e-03	 7.52e-01 Rejected	 187	 458	
244	 5.7056405e-01	 +1.1580272e-03 -1.9003021e-03	 9.13e-01 Accepted	 178	 380	
245	 5.7062811e-01	 +3.7834532e-03 -3.6384543e-03	 1.42e+00 Accepted	 179	 482	
246	 5.7060076e-01	 +1.0158379e-03 -3.2419865e-03	 1.06e+00 Accepted	 193	 443	
247	 5.7052591e-01	 +2.1896695e-03 -1.7769033e-03	 7.00e-01 Accepted	 183	 458	
248	 5.7017546e-01	 +5.2809292e-04 +6.3504285e-04	 6.39e-01 Accepted	 181	 365	
249	 5.7039260e-01	 +1.4676726e-03 +3.7561346e-04	 9.83e-01 Accepted	 160	 345	
250	 5.7031655e-01	 +1.2751994e-03 -1.9203090e-03	 9.04e-01 Accepted	 170	 463	
251	 5.7045679e-01	 +3.5455450e-04 -3.0731922e-03	 1.31e+00 Accepted	 191	 464	
252	 5.7053703e-01	 +5.1349530e-04 -1.1498011e-03	 1.06e+00 Accepted	 189	 474	
253	 5.7055786e-01	 -1.6399351e-04 +4.4533516e-04	 1.09e+00 Accepted	 194	 461	
254	 5.7024186e-01	 +4.3078597e-05 -4.9391456e-04	 8.97e-01 Accepted	 185	 379	
255	 5.7051522e-01	 +3.3446548e-03 -1.8744257e-03	 1.42e+00 Accepted	 175	 461	
256	 5.7063282e-01	 -6.7731132e-04 -7.8146129e-04	 1.37e+00 Accepted	 193	 437	
257	 5.7046281e-01	 +2.2499533e-03 -2.8943556e-04	 7.49e-01 Accepted	 185	 442	
258	 5.7046494e-01	 +1.9481468e-03 -2.2917973e-03	 9.34e-01 Accepted	 181	 377	
259	 5.7048425e-01	 +1.6277211e-03 +3.8050486e-05	 1.02e+00 Accepted	 175	 445	
260	 5.7030394e-01	 +1.3358638e-03 +9.4971128e-04	 1.18e+00 Accepted	 188	 450	
261	 5.7033334e-01	 +5.0684349e-04 +3.2075377e-04	 1.35e+00 Accepted	 190	 458	
262	 5.7038575e-01	 +8.3634800e-04 +6.9346660e-05	 1.11e+00 Accepted	 192	 465	
263	 5.7038575e-01	 +8.3634800e-04 +6.9346660e-05	 6.43e-01 Rejected	 182	 388	
264	 5.7035759e-01	 +1.3031620e-03 +2.5951639e-04	 7.37e-01 Accepted	 182	 315	
265	 5.7067334e-01	 +1.5206892e-03 -9.1012471e-04	 1.73e+00 Accepted	 157	 385	
266	 5.7092191e-01	 -6.6795613e-04 -2.1074770e-03	 1.21e+00 Accepted	 178	 428	
267	 5.7070663e-01	 +8.9726392e-05 -2.2308433e-04	 6.03e-01 Accepted	 182	 393	
268	 5.7103214e-01	 +9.4711455e-04 -1.2895914e-03	 1.67e+00 Accepted	 174	 443	
269	 5.7103214e-01	 +9.4711455e-04 -1.2895914e-03	 8.29e-01 Rejected	 180	 404	
270	 5.7094962e-01	 -1.3111781e-03 -3.3461569e-04	 1.01e+00 Accepted	 181	 435	
271	 5.7118341e-01	 +2.6428551e-03 -2.2753663e-03	 1.66e+00 Accepted	 181	 367	
272	 5.7102505e-01	 -2.1533021e-04 -3.2987444e-04	 9.23e-01 Accepted	 156	 331	
273	 5.7074356e-01	 +1.1055926e-03 +7.1514394e-04	 8.26e-01 Accepted	 161	 395	
274	 5.7081815e-01	 +2.5386249e-03 -8.0951738e-04	 9.71e-01 Accepted	 174	 448	
275	 5.7087737e-01	 +5.2069055e-04 +3.0256902e-04	 1.21e+00 Accepted	 190	 462	
276	 5.7102351e-01	 +2.0105966e-03 +3.1287167e-03	 1.25e+00 Accepted	 189	 431	
277	 5.7102351e-01	 +2.0105966e-03 +3.1287167e-03	 6.46e-01 Rejected	 186	 438	
278	 5.7087498e-01	 +5.3838290e-04 +1.4268650e-03	 7.64e-01 Accepted	 188	 452	
279	 5.7082539e-01	 +8.0639817e-04 -7.5792736e-04	 7.97e-01 Accepted	 187	 404	
280	 5.7040652e-01	 -4.1692248e-04 +1.0122821e-03	 5.53e-01 Accepted	 175	 387	
281	 5.7052519e-01	 -2.1600581e-03 -3.0013391e-06	 1.26e+00 Accepted	 158	 379	
282	 5.7063078e-01	 +1.5552513e-04 -1.1186976e-03	 2.16e+00 Accepted	 171	 452	
283	 5.7075657e-01	 +8.7882681e-04 -1.2282802e-03	 9.78e-01 Accepted	 178	 356	
284	 5.7069374e-01	 +5.3097769e-05 +9.9926271e-04	 8.84e-01 Accepted	 165	 399	
285	 5.7065450e-01	 -8.5475445e-04 +1.6268048e-03	 7.43e-01 Accepted	 171	 376	
286	 5.7023969e-01	 -6.4022011e-04 -6.0835340e-05	 6.02e-01 Accepted	 174	 449	
287	 5.7041739e-01	 +2.9735060e-03 +2.0037650e-03	 1.55e+00 Accepted	 180	 408	
288	 5.7050748e-01	 +2.3686702e-03 +4.5665343e-04	 1.07e+00 Accepted	 178	 445	
289	 5.7050153e-01	 -5.9450129e-04 +1.3886038e-03	 8.83e-01 Accepted	 184	 431	
290	 5.7072936e-01	 +8.9441282e-04 -1.3825500e-04	 1.12e+00 Accepted	 178	 390	
291	 5.7079229e-01	 +5.0577516e-04 +1.5108591e-03	 1.15e+00 Accepted	 173	 430	
292	 5.7079229e-01	 +5.0577516e-04 +1.5108591e-03	 8.37e-01 Rejected	 182	 426	
293	 5.7079229e-01	 +5.0577516e-04 +1.5108591e-03	 7.96e-01 Rejected	 177	 436	
294	 5.7085881e-01	 +2.0988629e-03 +2.4110807e-03	 1.11e+00 Accepted	 188	 458	
295	 5.7085971e-01	 +2.0209784e-03 +8.2100499e-04	 1.17e+00 Accepted	 190	 463	
296	 5.7058604e-01	 +1.9198609e-03 -8.5341804e-04	 5.67e-01 Accepted	 185	 403	
297	 5.7031721e-01	 +1.6143405e-03 -7.4795270e-04	 8.90e-01 Accepted	 179	 390	
298	 5.7044417e-01	 +1.0247622e-03 +1.6151778e-03	 1.03e+00 Accepted	 179	 467	
299	 5.7072392e-01	 +9.3023141e-04 +1.1076606e-03	 1.04e+00 Accepted	 191	 442	
300	 5.7089959e-01	 -1.5509541e-03 +3.8540209e-04	 1.04e+00 Accepted	 180	 430	
301	 5.7096204e-01	 -7.6609689e-04 +1.1223573e-03	 9.59e-01 Accepted	 175	 344	
302	 5.7096204e-01	 -7.6609689e-04 +1.1223573e-03	 9.10e-01 Rejected	 165	 411	
303	 5.7081309e-01	 -7.0538426e-04 +1.0210486e-04	 8.73e-01 Accepted	 160	 399	
304	 5.7056348e-01	 -1.8827238e-03 +3.3753145e-04	 7.49e-01 Accepted	 170	 384	
305	 5.7044362e-01	 -1.8130615e-04 +5.3296428e-04	 8.88e-01 Accepted	 170	 386	
306	 5.7049299e-01	 +2.4827659e-04 -8.6561869e-04	 1.57e+00 Accepted	 173	 414	
307	 5.7053890e-01	 -5.3256569e-04 -4.6850592e-04	 1.13e+00 Accepted	 186	 476	
308	 5.7023097e-01	 +8.5875966e-04 -1.4023140e-03	 8.16e-01 Accepted	 193	 467	
309	 5.7037725e-01	 -1.0531473e-03 -1.3816042e-03	 1.19e+00 Accepted	 188	 404	
310	 5.7053254e-01	 +1.3220953e-03 +4.1335992e-04	 8.80e-01 Accepted	 169	 363	
311	 5.7059183e-01	 -1.2657460e-03 +5.9999922e-05	 7.42e-01 Accepted	 171	 430	
312	 5.7043006e-01	 +2.6418974e-03 +2.7916638e-03	 9.03e-01 Accepted	 174	 407	
313	 5.7049922e-01	 +2.0606492e-03 -7.1592504e-04	 1.46e+00 Accepted	 166	 395	
314	 5.7021731e-01	 +2.2054816e-03 -6.8196626e-04	 8.36e-01 Accepted	 171	 397	
315	 5.7045303e-01	 -1.5722327e-04 -4.4725191e-04	 1.21e+00 Accepted	 180	 389	
316	 5.7038260e-01	 -5.5913232e-04 -1.4127267e-03	 9.55e-01 Accepted	 182	 476	
317	 5.7036931e-01	 -1.6440406e-04 -1.0179005e-03	 1.04e+00 Accepted	 184	 376	
318	 5.7030850e-01	 -1.2423763e-03 -1.3400953e-03	 8.49e-01 Accepted	 171	 415	
319	 5.7004339e-01	 -1.4964157e-03 -4.9721757e-04	 9.59e-01 Accepted	 172	 436	
320	 5.7023786e-01	 +1.6028405e-03 -3.4525550e-03	 1.22e+00 Accepted	 182	 425	
321	 5.7020688e-01	 +6.9998630e-05 +9.9283088e-05	 7.99e-01 Accepted	 184	 453	
322	 5.7037399e-01	 +3.6366997e-04 +4.2057266e-04	 1.08e+00 Accepted	 174	 386	
323	 5.7047406e-01	 -2.3995673e-04 -1.0080376e-03	 1.25e+00 Accepted	 171	 422	
324	 5.7022605e-01	 +6.5442971e-05 -1.7153758e-04	 5.30e-01 Accepted	 175	 429	
325	 5.7031706e-01	 +9.8509451e-04 -1.2479461e-03	 1.27e+00 Accepted	 185	 412	
326	 5.7008461e-01	 +3.4813568e-04 +4.7474860e-04	 8.95e-01 Accepted	 167	 346	
327	 5.7002606e-01	 +4.7426090e-04 -2.6615590e-03	 1.18e+00 Accepted	 153	 343	
328	 5.7022519e-01	 +8.0261118e-04 -1.9779220e-03	 8.53e-01 Accepted	 165	 427	
329	 5.7074013e-01	 -2.3439545e-04 -3.3841606e-03	 1.48e+00 Accepted	 185	 476	
330	 5.7074013e-01	 -2.3439545e-04 -3.3841606e-03	 5.66e-01 Rejected	 189	 443	
331	 5.7080656e-01	 +4.9734353e-04 -1.5062912e-03	 9.55e-01 Accepted	 190	 470	
332	 5.7092416e-01	 -4.8736316e-04 -8.9726124e-04	 1.00e+00 Accepted	 189	 456	
333	 5.7083207e-01	 +1.1204452e-03 -1.6682479e-03	 9.92e-01 Accepted	 188	 455	
334	 5.7087896e-01	 +1.1787630e-03 -2.7061710e-03	 1.12e+00 Accepted	 184	 451	
335	 5.7087896e-01	 +1.1787630e-03 -2.7061710e-03	 4.86e-01 Rejected	 189	 461	
336	 5.7113756e-01	 +1.8872100e-03 +9.5646482e-04	 1.42e+00 Accepted	 185	 437	
337	 5.7098548e-01	 -8.3186121e-04 -2.5561361e-03	 1.12e+00 Accepted	 184	 444	
338	 5.7092716e-01	 -1.2412883e-04 -5.9768415e-04	 1.05e+00 Accepted	 184	 450	
339	 5.7075307e-01	 +1.4034052e-03 -2.1475510e-04	 6.79e-01 Accepted	 180	 401	
340	 5.7058504e-01	 +6.9814242e-04 -4.6171307e-04	 7.54e-01 Accepted	 175	 416	
341	 5.7058504e-01	 +6.9814242e-04 -4.6171307e-04	 6.89e-01 Rejected	 179	 426	
342	 5.7039838e-01	 +1.0876030e-03 -1.8109915e-03	 1.44e+00 Accepted	 180	 440	
343	 5.7037830e-01	 +5.3341539e-04 -1.7548712e-04	 1.00e+00 Accepted	 180	 415	
344	 5.7030974e-01	 +4.9744770e-04 -2.0284208e-03	 7.43e-01 Accepted	 181	 456	
345	 5.7034083e-01	 -1.3467300e-03 -6.7852670e-04	 1.09e+00 Accepted	 180	 449	
346	 5.7045108e-01	 +1.1961113e-03 +2.5559330e-04	 1.61e+00 Accepted	 189	 444	
347	 5.7067178e-01	 +9.6297442e-04 -2.6413099e-03	 8.00e-01 Accepted	 193	 459	
348	 5.7067833e-01	 +1.2433171e-03 -3.6046892e-04	 1.54e+00 Accepted	 191	 450	
349	 5.7067833e-01	 +1.2433171e-03 -3.6046892e-04	 5.05e-01 Rejected	 186	 400	
350	 5.7069197e-01	 +1.5728244e-03 -2.3480046e-03	 9.51e-01 Accepted	 189	 424	
351	 5.7064635e-01	 -5.3219148e-04 -8.7907003e-04	 8.70e-01 Accepted	 183	 449	
352	 5.7071874e-01	 +1.0623382e-03 +4.8858357e-04	 8.87e-01 Accepted	 180	 376	
353	 5.7062988e-01	 -6.9998985e-04 -6.9601054e-04	 9.22e-01 Accepted	 172	 430	
354	 5.7060836e-01	 -2.4550502e-03 -1.4926998e-03	 9.68e-01 Accepted	 174	 399	
355	 5.7074182e-01	 -4.6583561e-04 -1.5112699e-03	 1.16e+00 Accepted	 166	 383	
356	 5.7099062e-01	 +6.5034300e-04 +8.2698236e-04	 1.42e+00 Accepted	 170	 415	
357	 5.7099062e-01	 +6.5034300e-04 +8.2698236e-04	 8.19e-01 Rejected	 176	 384	
358	 5.7089913e-01	 +3.3353641e-03 -1.0116874e-03	 1.13e+00 Accepted	 173	 393	
359	 5.7090628e-01	 +9.2720224e-05 -1.3329011e-04	 1.23e+00 Accepted	 165	 346	
360	 5.7073985e-01	 +2.3184661e-03 +1.2503092e-04	 1.11e+00 Accepted	 172	 452	
361	 5.7085084e-01	 +3.1463646e-03 -2.2094448e-03	 1.32e+00 Accepted	 186	 460	
362	 5.7092413e-01	 +5.6237745e-03 -2.1712050e-03	 8.12e-01 Accepted	 186	 404	
363	 5.7099792e-01	 +4.4895137e-03 -1.3161467e-04	 1.17e+00 Accepted	 188	 489	
364	 5.7089502e-01	 +3.0244039e-03 -2.7939170e-03	 1.08e+00 Accepted	 187	 398	
365	 5.7089502e-01	 +3.0244039e-03 -2.7939170e-03	 5.98e-01 Rejected	 167	 340	
366	 5.7076714e-01	 +3.1033256e-03 -2.8477971e-03	 8.86e-01 Accepted	 178	 461	
367	 5.7070308e-01	 +3.0642481e-03 -2.2684682e-03	 9.54e-01 Accepted	 183	 360	
368	 5.7057367e-01	 +3.7007539e-03 -1.7601867e-04	 5.97e-01 Accepted	 169	 447	
369	 5.7060648e-01	 +1.8548596e-03 -3.1069520e-03	 6.50e-01 Accepted	 186	 433	
370	 5.7068365e-01	 +3.2853886e-03 -1.0739846e-03	 1.03e+00 Accepted	 184	 426	
371	 5.7094403e-01	 +4.7663872e-03 -1.9805383e-03	 1.03e+00 Accepted	 183	 468	
372	 5.7067872e-01	 +3.5708353e-03 -4.0667691e-03	 6.47e-01 Accepted	 181	 384	
373	 5.7070739e-01	 +1.3813030e-03 -1.5159465e-03	 1.06e+00 Accepted	 176	 440	
374	 5.7081351e-01	 +3.5660367e-03 -3.3014532e-03	 8.17e-01 Accepted	 189	 446	
375	 5.7072346e-01	 +2.3051451e-03 -1.6282647e-03	 1.16e+00 Accepted	 184	 428	
# Starting_type: CheckpointStart
# Trajectory_length / Number_of_MD_steps: 1 / 8
# 	 Plaquette	 Polyakov_Loop(re,im)	 Acc._Probability	 runtime_per_traj(s)	 CG_iterations	
375	 5.7072346e-01	 +2.3051451e-03 -1.6282647e-03	 1.16e+00 Accepted	 295	 428	
376	 5.7063183e-01	 +2.7942425e-03 -1.2061860e-03	 8.73e-01 Accepted	 296	 448	
377	 5.7067058e-01	 +3.1921419e-03 -2.9025112e-03	 1.10e+00 Accepted	 294	 438	
378	 5.7076945e-01	 +4.7307739e-03 -3.2108221e-04	 1.27e+00 Accepted	 291	 446	
379	 5.7076945e-01	 +4.7307739e-03 -3.2108221e-04	 7.90e-01 Rejected	 290	 424	
380	 5.7057785e-01	 +4.0406693e-03 -2.9666182e-03	 7.10e-01 Accepted	 296	 395	
381	 5.7068767e-01	 +3.0063918e-03 -3.6430766e-03	 1.34e+00 Accepted	 285	 466	
382	 5.7049813e-01	 +6.4393573e-04 -3.0959347e-03	 9.61e-01 Accepted	 302	 408	
383	 5.7047150e-01	 +2.5484745e-03 -2.9728814e-03	 9.00e-01 Accepted	 278	 387	
384	 5.7062607e-01	 +2.6192291e-03 -1.0538881e-03	 1.34e+00 Accepted	 265	 400	
385	 5.7079144e-01	 +2.5706004e-03 -1.3380761e-03	 1.21e+00 Accepted	 267	 421	
386	 5.7077753e-01	 +1.3028833e-03 -3.6997640e-03	 1.64e+00 Accepted	 294	 441	
387	 5.7077753e-01	 +1.3028833e-03 -3.6997640e-03	 7.34e-01 Rejected	 283	 357	
388	 5.7074158e-01	 +3.8403402e-03 -1.1263670e-03	 9.10e-01 Accepted	 293	 424	
389	 5.7074158e-01	 +3.8403402e-03 -1.1263670e-03	 8.04e-01 Rejected	 291	 416	
390	 5.7066290e-01	 +2.9769844e-03 -2.5544198e-03	 8.23e-01 Accepted	 295	 463	
391	 5.7058509e-01	 +2.7917674e-03 -1.6753044e-03	 1.07e+00 Accepted	 295	 388	
392	 5.7043890e-01	 +1.1299565e-03 -1.8006574e-03	 8.57e-01 Accepted	 263	 351	
393	 5.7029029e-01	 +2.7483599e-03 -7.7535320e-04	 1.15e+00 Accepted	 251	 370	
394	 5.7038965e-01	 +3.1095824e-03 -3.1753785e-03	 1.49e+00 Accepted	 279	 434	
395	 5.7038965e-01	 +3.1095824e-03 -3.1753785e-03	 7.17e-01 Rejected	 286	 412	
396	 5.7025602e-01	 +3.4994908e-03 -2.7854206e-03	 1.12e+00 Accepted	 293	 386	
397	 5.7032444e-01	 +5.7853454e-04 -3.9023566e-03	 1.04e+00 Accepted	 272	 392	
398	 5.7045759e-01	 +2.9400256e-03 -8.3495549e-04	 1.48e+00 Accepted	 274	 391	
399	 5.7041187e-01	 +3.4628677e-03 -3.9465408e-03	 1.08e+00 Accepted	 275	 382	
400	 5.7024378e-01	 +3.0014780e-03 -1.1858841e-03	 9.08e-01 Accepted	 276	 409	
401	 5.7016378e-01	 +3.9239559e-03 -4.7776567e-03	 9.16e-01 Accepted	 282	 428	
402	 5.7029280e-01	 +3.2871186e-03 -3.4891257e-03	 1.18e+00 Accepted	 275	 397	
403	 5.7036747e-01	 +3.5493506e-03 -3.1054833e-03	 1.05e+00 Accepted	 271	 360	
404	 5.7043326e-01	 +3.8184317e-03 -2.2708723e-03	 9.23e-01 Accepted	 245	 321	
405	 5.7056847e-01	 +2.2086995e-03 -3.7598349e-03	 9.74e-01 Accepted	 256	 422	
406	 5.7042563e-01	 +3.7948491e-03 -5.2315957e-03	 1.06e+00 Accepted	 294	 446	
407	 5.7033304e-01	 +3.0768153e-03 -3.0194977e-03	 8.90e-01 Accepted	 275	 378	
408	 5.7055968e-01	 +2.7724621e-03 -2.7331870e-03	 1.51e+00 Accepted	 268	 428	
409	 5.7076436e-01	 +3.3470817e-03 -4.6495128e-03	 1.19e+00 Accepted	 277	 372	
410	 5.7067488e-01	 +2.8581966e-03 -3.5867535e-03	 7.78e-01 Accepted	 264	 381	
411	 5.7069461e-01	 +3.5950224e-03 -3.7601890e-03	 9.66e-01 Accepted	 269	 387	
412	 5.7061305e-01	 +3.9368009e-03 -3.7402362e-03	 5.69e-01 Accepted	 280	 443	
413	 5.7075267e-01	 +3.4880304e-03 -1.3760558e-03	 1.11e+00 Accepted	 298	 454	
414	 5.7073335e-01	 +3.1905708e-03 -2.6718479e-03	 1.16e+00 Accepted	 287	 382	
415	 5.7080534e-01	 +3.2626658e-03 -2.7870959e-03	 1.14e+00 Accepted	 268	 346	
416	 5.7066142e-01	 +3.5358099e-03 -2.3384186e-03	 9.43e-01 Accepted	 269	 373	
417	 5.7051784e-01	 +2.5444670e-03 -1.6744372e-03	 5.21e-01 Accepted	 278	 402	
418	 5.7047900e-01	 +1.9635039e-03 -1.4540869e-03	 1.16e+00 Accepted	 271	 387	
419	 5.7072128e-01	 +2.9345862e-03 -2.8787690e-04	 1.59e+00 Accepted	 281	 475	
420	 5.7057152e-01	 +3.4541360e-03 -1.8026047e-03	 9.02e-01 Accepted	 302	 453	
421	 5.7048177e-01	 +5.5322143e-03 -1.6659959e-03	 1.21e+00 Accepted	 303	 447	
422	 5.7044135e-01	 +4.7802716e-03 -3.5516787e-03	 1.11e+00 Accepted	 296	 460	
423	 5.7051277e-01	 +2.6626006e-03 -3.1713098e-03	 1.15e+00 Accepted	 303	 429	
424	 5.7049870e-01	 +3.6407051e-03 -2.6214522e-03	 1.33e+00 Accepted	 288	 393	
425	 5.7058285e-01	 +1.1032242e-03 -2.7946527e-03	 1.13e+00 Accepted	 279	 409	
426	 5.7056572e-01	 -2.7177809e-04 -1.1657713e-03	 6.94e-01 Accepted	 283	 394	
427	 5.7040731e-01	 +2.2863995e-03 -3.8538004e-03	 1.02e+00 Accepted	 281	 452	
428	 5.7040731e-01	 +2.2863995e-03 -3.8538004e-03	 6.85e-01 Rejected	 293	 440	
429	 5.7036475e-01	 +2.1440568e-03 -3.4332155e-03	 9.09e-01 Accepted	 293	 402	
430	 5.7036475e-01	 +2.1440568e-03 -3.4332155e-03	 7.11e-01 Rejected	 288	 417	
431	 5.7058196e-01	 +1.7269449e-03 -3.1045501e-03	 1.37e+00 Accepted	 280	 373	
432	 5.7059499e-01	 +2.9732046e-03 -3.7980621e-03	 9.79e-01 Accepted	 265	 373	
433	 5.7059499e-01	 +2.9732046e-03 -3.7980621e-03	 8.89e-01 Rejected	 282	 399	
434	 5.7054483e-01	 +1.6027561e-03 -3.1366374e-03	 1.11e+00 Accepted	 275	 463	
435	 5.7041096e-01	 +3.4190088e-03 -3.0280685e-03	 8.86e-01 Accepted	 304	 463	
436	 5.7064159e-01	 +1.2559552e-03 -3.0898248e-03	 1.33e+00 Accepted	 298	 398	
437	 5.7038228e-01	 +2.3718742e-03 -3.1464998e-03	 6.63e-01 Accepted	 282	 444	
438	 5.7055709e-01	 +5.9633091e-03 -2.9299783e-03	 8.32e-01 Accepted	 292	 459	
439	 5.7066410e-01	 +4.1813990e-03 -3.8430854e-03	 9.39e-01 Accepted	 289	 389	
440	 5.7048500e-01	 +3.2508894e-03 -4.7753755e-03	 8.63e-01 Accepted	 278	 376	
441	 5.7068636e-01	 +3.2625738e-03 -4.0723382e-03	 9.13e-01 Accepted	 247	 344	
442	 5.7043631e-01	 +4.0847150e-03 -3.4305591e-03	 8.00e-01 Accepted	 261	 456	
443	 5.7045390e-01	 +8.1150883e-04 -3.5934860e-03	 1.15e+00 Accepted	 290	 424	
444	 5.7030822e-01	 +4.8882783e-03 -2.1020717e-03	 1.38e+00 Accepted	 289	 382	
445	 5.7045360e-01	 +3.2343668e-03 -2.9227596e-03	 1.02e+00 Accepted	 272	 425	
446	 5.7029564e-01	 +4.1593124e-03 -2.5330458e-03	 9.26e-01 Accepted	 286	 424	
447	 5.7034685e-01	 +3.7773286e-03 -1.8538149e-03	 1.14e+00 Accepted	 296	 469	
448	 5.7048275e-01	 +3.7931939e-03 -4.1183612e-03	 1.06e+00 Accepted	 295	 412	
449	 5.7065222e-01	 +5.3011435e-03 -2.9272980e-03	 8.37e-01 Accepted	 276	 338	
450	 5.7068540e-01	 +1.7841465e-03 -1.6964060e-03	 1.15e+00 Accepted	 263	 447	
451	 5.7075311e-01	 +2.4318854e-03 -1.5194911e-03	 1.08e+00 Accepted	 296	 453	
452	 5.7073697e-01	 +4.2930530e-03 -9.9708034e-05	 7.54e-01 Accepted	 280	 427	
453	 5.7078195e-01	 +3.5337056e-03 -2.3887131e-03	 1.28e+00 Accepted	 286	 451	
454	 5.7097444e-01	 +3.8610112e-03 -3.2469634e-03	 1.13e+00 Accepted	 298	 434	
455	 5.7097444e-01	 +3.8610112e-03 -3.2469634e-03	 9.12e-01 Rejected	 288	 436	
456	 5.7063057e-01	 +4.2524275e-03 -1.0624162e-03	 4.67e-01 Accepted	 284	 370	
457	 5.7072737e-01	 +2.4700301e-03 -1.5240068e-03	 1.06e+00 Accepted	 267	 357	
458	 5.7078998e-01	 +1.2627836e-03 -7.5750906e-04	 7.47e-01 Accepted	 271	 420	
459	 5.7085107e-01	 -6.4502965e-04 +1.6217083e-03	 1.58e+00 Accepted	 295	 458	
460	 5.7084063e-01	 +4.0943189e-03 +1.8039658e-04	 8.80e-01 Accepted	 312	 465	
461	 5.7084063e-01	 +4.0943189e-03 +1.8039658e-04	 8.15e-01 Rejected	 306	 478	
462	 5.7091943e-01	 +5.6054847e-03 -2.1063351e-03	 1.31e+00 Accepted	 296	 449	
463	 5.7064391e-01	 +1.2552902e-03 -6.6122873e-05	 6.59e-01 Accepted	 290	 400	
464	 5.7057609e-01	 +2.6854405e-03 +1.8628924e-04	 1.30e+00 Accepted	 281	 446	
465	 5.7054649e-01	 +2.1137400e-03 -1.4583320e-03	 1.27e+00 Accepted	 294	 440	
466	 5.7053003e-01	 +4.3403404e-03 -2.4218160e-03	 8.70e-01 Accepted	 288	 371	
467	 5.7065376e-01	 +2.7440786e-03 -1.3527797e-03	 1.65e+00 Accepted	 258	 381	
468	 5.7065376e-01	 +2.7440786e-03 -1.3527797e-03	 5.67e-01 Rejected	 264	 416	
469	 5.7065376e-01	 +2.7440786e-03 -1.3527797e-03	 5.22e-01 Rejected	 285	 378	
470	 5.7036992e-01	 +2.3147651e-03 -7.1266965e-04	 9.78e-01 Accepted	 292	 475	
471	 5.7056069e-01	 +4.2204861e-03 -1.0947224e-03	 1.22e+00 Accepted	 304	 447	
472	 5.7035875e-01	 +4.9465675e-03 -8.6650832e-04	 1.24e+00 Accepted	 301	 454	
473	 5.7044388e-01	 +3.4435102e-03 -3.0103521e-03	 1.01e+00 Accepted	 303	 458	
474	 5.7056225e-01	 +3.3496937e-03 -2.5591817e-03	 1.10e+00 Accepted	 291	 436	
475	 5.7057770e-01	 +4.4019030e-03 -2.9903167e-03	 7.10e-01 Accepted	 292	 400	
476	 5.7058659e-01	 +3.6902876e-03 -9.9057589e-04	 7.02e-01 Accepted	 295	 420	
477	 5.7040847e-01	 +3.4304858e-03 +1.0778758e-04	 5.61e-01 Accepted	 284	 394	
478	 5.7046814e-01	 +1.4062376e-03 -1.1274732e-03	 8.53e-01 Accepted	 273	 386	
479	 5.7046814e-01	 +1.4062376e-03 -1.1274732e-03	 7.90e-01 Rejected	 275	 452	
480	 5.7054573e-01	 +2.7294864e-03 -1.3828298e-03	 9.56e-01 Accepted	 270	 404	
481	 5.7045818e-01	 +3.1473843e-03 -1.6167315e-03	 8.04e-01 Accepted	 275	 416	
482	 5.7059445e-01	 +2.1967489e-03 -1.4379054e-03	 1.31e+00 Accepted	 289	 425	
483	 5.7044223e-01	 +3.6093603e-03 -1.0329661e-03	 6.90e-01 Accepted	 290	 433	
484	 5.7072920e-01	 +4.4441193e-03 +7.2444459e-04	 1.77e+00 Accepted	 296	 453	
485	 5.7055745e-01	 +4.9448286e-03 -5.1372892e-04	 1.36e+00 Accepted	 300	 405	
486	 5.7068240e-01	 +4.1136285e-03 -1.3121575e-03	 1.54e+00 Accepted	 280	 435	
487	 5.7070149e-01	 +4.7795849e-03 -1.1771868e-03	 1.47e+00 Accepted	 300	 485	
488	 5.7065828e-01	 +4.7102695e-03 -2.9706861e-03	 8.28e-01 Accepted	 313	 466	
489	 5.7059334e-01	 +5.9011159e-03 -6.9037452e-04	 1.07e+00 Accepted	 292	 389	
490	 5.7071746e-01	 +4.7309896e-03 -3.2132393e-04	 1.25e+00 Accepted	 286	 433	
491	 5.7071746e-01	 +4.7309896e-03 -3.2132393e-04	 8.95e-01 Rejected	 296	 441	
492	 5.7081676e-01	 +3.0167542e-03 +9.3930509e-04	 1.45e+00 Accepted	 303	 427	
493	 5.7091068e-01	 +2.2466355e-03 -1.2533787e-03	 9.68e-01 Accepted	 289	 439	
494	 5.7091068e-01	 +2.2466355e-03 -1.2533787e-03	 3.34e-01 Rejected	 273	 417	
495	 5.7106428e-01	 +3.2580726e-03 -2.5035128e-03	 8.63e-01 Accepted	 291	 448	
496	 5.7090895e-01	 +2.9568146e-03 -5.3717808e-04	 8.18e-01 Accepted	 290	 378	
497	 5.7090895e-01	 +2.9568146e-03 -5.3717808e-04	 7.73e-01 Rejected	 278	 374	
498	 5.7084024e-01	 +2.7850092e-03 -8.4124839e-04	 8.74e-01 Accepted	 259	 344	
499	 5.7108128e-01	 +3.3596747e-03 -2.0751321e-04	 1.05e+00 Accepted	 254	 405	
500	 5.7078192e-01	 +4.8403191e-03 -2.8770925e-04	 7.02e-01 Accepted	 279	 394	
501	 5.7092541e-01	 +4.8096258e-03 -1.0990737e-03	 1.74e+00 Accepted	 270	 350	
502	 5.7103337e-01	 +5.3522148e-03 -9.1285531e-04	 1.17e+00 Accepted	 267	 408	
503	 5.7088199e-01	 +3.6301654e-03 +9.1998571e-05	 5.55e-01 Accepted	 277	 357	
504	 5.7088199e-01	 +3.6301654e-03 +9.1998571e-05	 9.27e-01 Rejected	 278	 419	
505	 5.7093317e-01	 +3.1000143e-03 -1.0016228e-03	 1.02e+00 Accepted	 261	 420	
506	 5.7109181e-01	 +2.3791267e-03 -2.1064600e-03	 8.19e-01 Accepted	 274	 338	
507	 5.7099795e-01	 +2.8859974e-03 -9.7837801e-04	 1.06e+00 Accepted	 256	 411	
508	 5.7103327e-01	 +5.1478785e-03 +6.1649244e-04	 1.36e+00 Accepted	 269	 371	
509	 5.7077109e-01	 +3.4914125e-03 -2.2994319e-03	 1.41e+00 Accepted	 274	 456	
510	 5.7067369e-01	 +3.9470405e-03 -6.5141034e-04	 8.92e-01 Accepted	 290	 381	
511	 5.7072253e-01	 +3.5255980e-03 -2.4034250e-03	 7.44e-01 Accepted	 277	 443	
512	 5.7075257e-01	 +3.1581424e-03 -1.8388753e-03	 1.13e+00 Accepted	 292	 407	
513	 5.7054152e-01	 +2.6867166e-03 +5.1463284e-04	 8.23e-01 Accepted	 277	 371	
514	 5.7061222e-01	 +3.3274731e-03 -1.5940014e-03	 1.27e+00 Accepted	 261	 389	
515	 5.7054512e-01	 +3.4520431e-03 -1.6389781e-04	 9.52e-01 Accepted	 272	 398	
516	 5.7054512e-01	 +3.4520431e-03 -1.6389781e-04	 6.56e-01 Rejected	 280	 449	
517	 5.7068519e-01	 +3.2448245e-03 -1.9732785e-03	 1.24e+00 Accepted	 287	 461	
518	 5.7069934e-01	 +3.9898385e-03 +1.7985476e-03	 1.41e+00 Accepted	 301	 419	
519	 5.7078321e-01	 +4.9900018e-03 +2.3675709e-03	 1.55e+00 Accepted	 293	 418	
520	 5.7093809e-01	 +3.9503585e-03 -9.9998223e-04	 1.32e+00 Accepted	 264	 305	
521	 5.7094062e-01	 +5.9517988e-03 +2.7442677e-04	 9.10e-01 Accepted	 251	 400	
522	 5.7079416e-01	 +5.5059763e-03 +1.6156265e-04	 9.06e-01 Accepted	 288	 458	
523	 5.7079773e-01	 +4.1898014e-03 +2.6689527e-03	 9.57e-01 Accepted	 303	 439	
524	 5.7055951e-01	 +3.5300913e-03 +1.1927254e-03	 8.60e-01 Accepted	 301	 462	
525	 5.7073584e-01	 +1.6177191e-03 +4.4414410e-05	 1.01e+00 Accepted	 305	 460	
526	 5.7073584e-01	 +1.6177191e-03 +4.4414410e-05	 7.09e-01 Rejected	 300	 394	
# Starting_type: CheckpointStart
# Trajectory_length / Number_of_MD_steps: 1 / 8
# 	 Plaquette	 Polyakov_Loop(re,im)	 Acc._Probability	 runtime_per_traj(s)	 CG_iterations	
527	 5.7073584e-01	 +1.6177191e-03 +4.4414410e-05	 9.17e-01 Rejected	 300	 437	
528	 5.7068217e-01	 +3.8707932e-03 -8.7667217e-04	 8.82e-01 Accepted	 303	 432	
529	 5.7079052e-01	 +7.6825841e-04 -6.8664536e-04	 1.23e+00 Accepted	 287	 437	
530	 5.7092187e-01	 +6.4294815e-03 +2.8011958e-04	 1.04e+00 Accepted	 299	 415	
531	 5.7064082e-01	 +4.6230980e-03 +1.4501059e-03	 7.98e-01 Accepted	 295	 446	
532	 5.7073694e-01	 +1.7995593e-03 +9.0826135e-04	 1.00e+00 Accepted	 300	 467	
533	 5.7067968e-01	 +3.4064665e-03 -4.5975818e-04	 8.38e-01 Accepted	 307	 443	
534	 5.7083500e-01	 +3.1751774e-03 -5.1986790e-04	 1.21e+00 Accepted	 299	 438	
535	 5.7083500e-01	 +3.1751774e-03 -5.1986790e-04	 6.66e-01 Rejected	 291	 427	
536	 5.7081295e-01	 +3.4360033e-03 -6.7232861e-04	 1.04e+00 Accepted	 291	 449	
537	 5.7083442e-01	 +5.0793050e-03 +1.0606346e-03	 1.05e+00 Accepted	 289	 424	
538	 5.7092495e-01	 +4.1650598e-03 +3.2844927e-04	 8.49e-01 Accepted	 275	 419	
539	 5.7074010e-01	 +3.0729878e-03 +1.3950252e-03	 8.29e-01 Accepted	 281	 420	
540	 5.7092878e-01	 +3.2080386e-03 +1.6005369e-03	 1.23e+00 Accepted	 278	 424	
541	 5.7092878e-01	 +3.2080386e-03 +1.6005369e-03	 9.38e-01 Rejected	 284	 374	
542	 5.7079507e-01	 +5.2727557e-03 +1.2469730e-03	 8.02e-01 Accepted	 291	 404	
543	 5.7079507e-01	 +5.2727557e-03 +1.2469730e-03	 9.06e-01 Rejected	 279	 448	
544	 5.7082304e-01	 +6.6311893e-03 +1.6028768e-03	 9.80e-01 Accepted	 288	 404	
545	 5.7075133e-01	 +4.8465452e-03 +1.4907315e-03	 9.60e-01 Accepted	 279	 425	
546	 5.7083175e-01	 +4.2829472e-03 +3.1010362e-04	 1.03e+00 Accepted	 290	 453	
547	 5.7075996e-01	 +4.1666180e-03 +1.3317823e-04	 9.73e-01 Accepted	 298	 445	
548	 5.7089728e-01	 +6.1988035e-03 -8.9825555e-04	 1.28e+00 Accepted	 302	 448	
549	 5.7079697e-01	 +5.7035071e-03 +5.1394615e-04	 9.66e-01 Accepted	 307	 471	
550	 5.7095384e-01	 +3.0296970e-03 -2.9444678e-03	 1.35e+00 Accepted	 309	 456	
551	 5.7101935e-01	 +3.2364889e-03 -2.7748252e-04	 8.25e-01 Accepted	 301	 416	
552	 5.7096663e-01	 +6.0475556e-03 -1.2444045e-04	 1.02e+00 Accepted	 292	 445	
553	 5.7096663e-01	 +6.0475556e-03 -1.2444045e-04	 5.28e-01 Rejected	 288	 396	
554	 5.7096663e-01	 +6.0475556e-03 -1.2444045e-04	 8.33e-01 Rejected	 298	 396	
555	 5.7076019e-01	 +4.4292253e-03 +7.3031881e-04	 6.36e-01 Accepted	 285	 349	
556	 5.7071677e-01	 +5.0806208e-03 +1.1367499e-03	 1.06e+00 Accepted	 286	 477	
557	 5.7073277e-01	 +4.5497606e-03 +7.2678785e-04	 9.93e-01 Accepted	 311	 478	
558	 5.7080635e-01	 +6.5027829e-03 +1.2420310e-03	 1.06e+00 Accepted	 306	 453	
559	 5.7069256e-01	 +5.5636468e-03 +2.2447824e-03	 6.31e-01 Accepted	 305	 447	
560	 5.7054637e-01	 +5.9537531e-03 +1.0530462e-03	 1.07e+00 Accepted	 303	 446	
561	 5.7072893e-01	 +4.9139943e-03 +1.2090605e-03	 1.27e+00 Accepted	 295	 468	
562	 5.7043565e-01	 +3.8236435e-03 +2.9539188e-03	 7.34e-01 Accepted	 300	 430	
563	 5.7041386e-01	 +3.7847584e-03 +1.4051828e-03	 8.60e-01 Accepted	 270	 329	
564	 5.7059379e-01	 +6.0670686e-03 +5.0674134e-04	 1.15e+00 Accepted	 261	 403	
565	 5.7041459e-01	 +3.2931143e-03 +1.2955344e-03	 7.37e-01 Accepted	 274	 351	
566	 5.7046062e-01	 +2.8099796e-03 +1.5397665e-03	 8.61e-01 Accepted	 250	 420	
567	 5.7057054e-01	 +3.6865871e-03 +2.5306821e-03	 1.01e+00 Accepted	 273	 366	
568	 5.7050492e-01	 +5.5788392e-03 +5.8638981e-04	 5.71e-01 Accepted	 276	 410	
569	 5.7069646e-01	 +4.4248420e-03 +2.6579012e-03	 1.23e+00 Accepted	 271	 387	
570	 5.7056621e-01	 +3.6918713e-03 -8.3952022e-05	 1.37e+00 Accepted	 278	 371	
571	 5.7079287e-01	 +3.6314309e-03 +2.2504876e-03	 1.19e+00 Accepted	 279	 399	
572	 5.7076466e-01	 +3.1200302e-03 +2.2129053e-03	 5.78e-01 Accepted	 280	 442	
573	 5.7090480e-01	 +3.1181414e-03 +1.7925903e-03	 2.23e+00 Accepted	 300	 437	
574	 5.7061816e-01	 +2.7897442e-03 +2.0443929e-03	 4.86e-01 Accepted	 274	 381	
575	 5.7061816e-01	 +2.7897442e-03 +2.0443929e-03	 4.66e-01 Rejected	 253	 326	
576	 5.7070004e-01	 +2.9333016e-03 +9.2469212e-04	 1.32e+00 Accepted	 283	 428	
577	 5.7070004e-01	 +2.9333016e-03 +9.2469212e-04	 5.69e-01 Rejected	 274	 383	
578	 5.7061922e-01	 +4.2796899e-03 +3.7445345e-03	 1.04e+00 Accepted	 302	 471	
579	 5.7089913e-01	 +3.3356153e-03 +1.6005184e-03	 8.83e-01 Accepted	 291	 353	
580	 5.7092925e-01	 +6.4366307e-03 +1.8703509e-03	 1.11e+00 Accepted	 271	 356	
581	 5.7090461e-01	 +3.3505025e-03 +8.7211285e-04	 1.00e+00 Accepted	 266	 419	
582	 5.7074868e-01	 +4.6814303e-03 +1.7435323e-04	 8.77e-01 Accepted	 277	 402	
583	 5.7074868e-01	 +4.6814303e-03 +1.7435323e-04	 5.97e-01 Rejected	 272	 403	
584	 5.7068608e-01	 +2.8343714e-03 +2.0898089e-03	 7.69e-01 Accepted	 269	 402	
585	 5.7081040e-01	 +4.7811275e-03 +3.0650663e-03	 9.01e-01 Accepted	 277	 422	
586	 5.7066920e-01	 +5.0812605e-03 +3.0311394e-03	 7.14e-01 Accepted	 286	 370	
587	 5.7083866e-01	 +3.0576658e-03 +3.1455171e-03	 1.39e+00 Accepted	 275	 427	
588	 5.7069911e-01	 +4.2880829e-03 +2.2224524e-03	 9.12e-01 Accepted	 264	 295	
589	 5.7065684e-01	 +4.2331981e-03 -1.8739536e-04	 7.67e-01 Accepted	 253	 434	
590	 5.7069484e-01	 +5.5958937e-03 +3.0729027e-03	 7.97e-01 Accepted	 296	 445	
591	 5.7098284e-01	 +3.5918601e-03 +3.8846121e-03	 1.72e+00 Accepted	 285	 424	
592	 5.7098284e-01	 +3.5918601e-03 +3.8846121e-03	 7.33e-01 Rejected	 303	 455	
593	 5.7085058e-01	 +2.0346696e-03 +2.3889061e-03	 7.66e-01 Accepted	 267	 330	
594	 5.7090143e-01	 +1.7102913e-03 +2.9150444e-03	 6.86e-01 Accepted	 252	 424	
595	 5.7070118e-01	 +3.9728069e-03 +2.5260516e-03	 8.01e-01 Accepted	 256	 334	
596	 5.7095409e-01	 +3.4316794e-03 +7.3122864e-04	 1.72e+00 Accepted	 258	 392	
597	 5.7110781e-01	 +2.3420779e-03 +1.1669269e-03	 1.22e+00 Accepted	 279	 420	
598	 5.7088445e-01	 +3.2744962e-03 +1.6412402e-03	 8.55e-01 Accepted	 272	 440	
599	 5.7095566e-01	 +3.0792160e-03 -3.3508613e-04	 8.31e-01 Accepted	 294	 410	
600	 5.7084774e-01	 +4.2097347e-03 +7.4874087e-04	 6.32e-01 Accepted	 275	 391	
601	 5.7070843e-01	 +3.2593188e-03 -4.5594645e-04	 1.05e+00 Accepted	 274	 432	
602	 5.7058638e-01	 +4.0217406e-03 -4.5413757e-04	 7.40e-01 Accepted	 291	 418	
603	 5.7038798e-01	 +4.1790745e-03 +8.2142666e-04	 5.23e-01 Accepted	 294	 443	
604	 5.7060907e-01	 +4.1332117e-03 +1.1896704e-03	 1.70e+00 Accepted	 292	 423	
605	 5.7075351e-01	 +4.0937364e-03 +3.7451976e-03	 1.32e+00 Accepted	 289	 433	
606	 5.7055609e-01	 +3.1974280e-03 +2.5867245e-03	 5.84e-01 Accepted	 297	 460	
607	 5.7070185e-01	 +4.3046390e-03 +1.0938250e-03	 1.37e+00 Accepted	 285	 373	
608	 5.7070185e-01	 +4.3046390e-03 +1.0938250e-03	 6.85e-01 Rejected	 261	 370	
609	 5.7077665e-01	 +2.6698803e-03 +2.3800414e-03	 1.45e+00 Accepted	 270	 423	
610	 5.7096084e-01	 +4.5943056e-03 +2.0821023e-03	 1.05e+00 Accepted	 280	 390	
611	 5.7078823e-01	 +4.1754497e-03 +1.9222398e-03	 5.88e-01 Accepted	 284	 439	
612	 5.7077365e-01	 +5.4345820e-03 +8.9003230e-04	 1.02e+00 Accepted	 286	 416	
613	 5.7069254e-01	 +3.6105733e-03 +2.0802262e-03	 7.85e-01 Accepted	 283	 431	
614	 5.7062425e-01	 +4.5653327e-03 +2.7073472e-03	 1.39e+00 Accepted	 284	 405	
615	 5.7053940e-01	 +3.7087197e-03 +3.6803532e-03	 1.31e+00 Accepted	 283	 402	
616	 5.7065448e-01	 +3.8712581e-03 +3.1230146e-03	 8.41e-01 Accepted	 290	 462	
617	 5.7058457e-01	 +3.6415204e-03 +2.7937664e-03	 1.09e+00 Accepted	 281	 396	
618	 5.7059920e-01	 +2.7219025e-03 +4.4033952e-03	 9.66e-01 Accepted	 254	 301	
619	 5.7068991e-01	 +3.6629344e-03 +4.3240823e-03	 9.11e-01 Accepted	 231	 380	
620	 5.7070464e-01	 +5.2243229e-03 +5.3030533e-03	 8.35e-01 Accepted	 263	 387	
621	 5.7083432e-01	 +4.7802186e-03 +3.4684859e-03	 1.19e+00 Accepted	 269	 427	
622	 5.7068967e-01	 +4.7125604e-03 +3.7687896e-03	 7.88e-01 Accepted	 276	 419	
623	 5.7068967e-01	 +4.7125604e-03 +3.7687896e-03	 8.40e-01 Rejected	 270	 318	
624	 5.7064274e-01	 +3.0495781e-03 +4.0225796e-03	 8.15e-01 Accepted	 284	 414	
625	 5.7065016e-01	 +3.5397689e-03 +4.9292061e-03	 6.44e-01 Accepted	 291	 425	
626	 5.7048524e-01	 +5.1512474e-03 +5.4996821e-03	 7.31e-01 Accepted	 266	 349	
627	 5.7036329e-01	 +4.3764671e-03 +2.5112852e-03	 7.64e-01 Accepted	 258	 381	
628	 5.7022488e-01	 +5.0720744e-03 +3.5436833e-03	 8.10e-01 Accepted	 267	 387	
629	 5.7038878e-01	 +6.9653184e-03 +3.7397013e-03	 9.61e-01 Accepted	 288	 478	
630	 5.7025549e-01	 +4.5220555e-03 +2.5596204e-03	 7.09e-01 Accepted	 310	 475	
631	 5.7039151e-01	 +5.1296643e-03 +1.5297176e-03	 1.04e+00 Accepted	 309	 476	
632	 5.7102250e-01	 +3.5761205e-03 +3.2923668e-03	 2.47e+00 Accepted	 311	 424	
633	 5.7105355e-01	 +5.6875910e-03 +3.6818467e-03	 8.39e-01 Accepted	 288	 421	
634	 5.7091040e-01	 +4.2170899e-03 +2.8141218e-03	 7.61e-01 Accepted	 288	 425	
635	 5.7080658e-01	 +4.0586912e-03 +1.0006183e-03	 7.58e-01 Accepted	 292	 433	
636	 5.7086641e-01	 +4.6466399e-03 +2.4738176e-03	 1.27e+00 Accepted	 283	 405	
637	 5.7094396e-01	 +5.5748448e-03 +2.6689247e-03	 9.99e-01 Accepted	 271	 378	
638	 5.7094396e-01	 +5.5748448e-03 +2.6689247e-03	 9.34e-01 Rejected	 257	 383	
639	 5.7090437e-01	 +3.4986129e-03 +3.0029383e-03	 6.34e-01 Accepted	 269	 393	
640	 5.7082606e-01	 +4.4623723e-03 +2.2639349e-03	 7.22e-01 Accepted	 265	 369	
641	 5.7074583e-01	 +3.3994270e-03 +2.8485261e-03	 1.13e+00 Accepted	 263	 395	
642	 5.7074583e-01	 +3.3994270e-03 +2.8485261e-03	 5.99e-01 Rejected	 278	 380	
643	 5.7069051e-01	 +3.6800515e-03 +1.4052509e-03	 8.15e-01 Accepted	 266	 347	
644	 5.7067762e-01	 +3.8715920e-03 +2.1907117e-03	 9.15e-01 Accepted	 250	 414	
645	 5.7036158e-01	 +3.7093530e-03 +8.6898041e-04	 6.63e-01 Accepted	 290	 442	
646	 5.7015632e-01	 +2.8518663e-03 +3.1660573e-03	 8.66e-01 Accepted	 296	 440	
647	 5.7034649e-01	 +4.6813942e-03 +2.9826440e-03	 9.48e-01 Accepted	 294	 425	
648	 5.7053722e-01	 +4.9441607e-03 +2.2079398e-03	 1.21e+00 Accepted	 285	 439	
649	 5.7063454e-01	 +5.4791408e-03 +3.3967277e-03	 8.64e-01 Accepted	 294	 443	
650	 5.7055490e-01	 +5.2624819e-03 -2.0429077e-04	 1.08e+00 Accepted	 302	 467	
651	 5.7072203e-01	 +6.0154071e-03 +1.6410589e-03	 1.20e+00 Accepted	 303	 453	
652	 5.7075244e-01	 +4.8224195e-03 +1.4001881e-03	 9.31e-01 Accepted	 287	 443	
653	 5.7072728e-01	 +3.9711437e-03 +3.2274999e-03	 9.23e-01 Accepted	 305	 471	
654	 5.7080152e-01	 +5.9269003e-03 +1.2005270e-03	 9.17e-01 Accepted	 304	 448	
655	 5.7080152e-01	 +5.9269003e-03 +1.2005270e-03	 6.34e-01 Rejected	 305	 441	
656	 5.7059476e-01	 +3.2258790e-03 +2.9694892e-03	 6.47e-01 Accepted	 300	 451	
657	 5.7059476e-01	 +3.2258790e-03 +2.9694892e-03	 6.69e-01 Rejected	 297	 417	
658	 5.7059476e-01	 +3.2258790e-03 +2.9694892e-03	 6.66e-01 Rejected	 298	 422	
659	 5.7039680e-01	 +1.7540234e-03 +1.9814597e-03	 9.27e-01 Accepted	 298	 424	
660	 5.7075289e-01	 +1.7256152e-03 +1.3918364e-03	 1.64e+00 Accepted	 294	 428	
661	 5.7075289e-01	 +1.7256152e-03 +1.3918364e-03	 9.01e-01 Rejected	 298	 442	
662	 5.7065102e-01	 +1.9518250e-03 +1.6432955e-03	 9.05e-01 Accepted	 291	 467	
663	 5.7090940e-01	 +3.1764224e-03 +1.1699104e-03	 1.22e+00 Accepted	 302	 498	
664	 5.7069942e-01	 +3.0299248e-03 +1.8454226e-03	 1.07e+00 Accepted	 309	 429	
665	 5.7067528e-01	 +1.1016229e-03 -1.4273307e-03	 1.33e+00 Accepted	 293	 429	
666	 5.7079631e-01	 +1.7994740e-03 +1.5079719e-03	 9.67e-01 Accepted	 295	 459	
667	 5.7079631e-01	 +1.7994740e-03 +1.5079719e-03	 5.02e-01 Rejected	 300	 448	
668	 5.7079631e-01	 +1.7994740e-03 +1.5079719e-03	 9.25e-01 Rejected	 303	 427	
669	 5.7062647e-01	 +3.9621259e-03 +1.2816439e-03	 5.98e-01 Accepted	 305	 459	
670	 5.7036336e-01	 +3.9922149e-03 +1.3952574e-03	 6.96e-01 Accepted	 300	 449	
671	 5.7056088e-01	 +3.4918084e-03 +1.4634347e-03	 9.39e-01 Accepted	 298	 454	
672	 5.7070869e-01	 +2.0374129e-03 +1.4953251e-03	 1.17e+00 Accepted	 294	 420	
673	 5.7071223e-01	 +2.1819618e-03 +1.1004462e-03	 1.65e+00 Accepted	 275	 369	
674	 5.7071223e-01	 +2.1819618e-03 +1.1004462e-03	 8.71e-01 Rejected	 274	 434	
675	 5.7077919e-01	 +1.9494637e-03 +2.0496025e-03	 1.12e+00 Accepted	 279	 454	
676	 5.7050814e-01	 +3.2029003e-03 +1.9296272e-03	 9.49e-01 Accepted	 287	 387	
677	 5.7058748e-01	 +2.3475377e-04 +2.7245425e-03	 1.78e+00 Accepted	 265	 407	
# Starting_type: CheckpointStart
# Trajectory_length / Number_of_MD_steps: 1 / 8
# 	 Plaquette	 Polyakov_Loop(re,im)	 Acc._Probability	 runtime_per_traj(s)	 CG_iterations	
677	 5.7058748e-01	 +2.3475377e-04 +2.7245425e-03	 1.78e+00 Accepted	 172	 407	
678	 5.7073071e-01	 +4.1394549e-03 +1.0738601e-03	 9.88e-01 Accepted	 180	 383	
679	 5.7077407e-01	 +2.4605431e-03 +9.0518982e-05	 7.51e-01 Accepted	 168	 368	
680	 5.7085666e-01	 +3.2351896e-03 +5.1349951e-04	 6.67e-01 Accepted	 174	 451	
681	 5.7075334e-01	 +3.0536214e-03 +1.8452216e-03	 8.37e-01 Accepted	 174	 367	
682	 5.7090954e-01	 +1.8778002e-03 +2.4761670e-03	 1.30e+00 Accepted	 175	 454	
683	 5.7075051e-01	 +2.9069646e-03 +1.0583374e-04	 1.24e+00 Accepted	 188	 480	
684	 5.7075051e-01	 +2.9069646e-03 +1.0583374e-04	 8.78e-01 Rejected	 179	 397	
685	 5.7073128e-01	 +4.0680839e-03 +5.6660109e-04	 1.01e+00 Accepted	 191	 452	
686	 5.7103944e-01	 +5.1375796e-03 +8.4750140e-05	 1.40e+00 Accepted	 187	 433	
687	 5.7120421e-01	 +7.4336225e-03 -4.2327643e-04	 1.01e+00 Accepted	 169	 378	
688	 5.7085638e-01	 +5.8203768e-03 +9.3150639e-04	 7.54e-01 Accepted	 168	 396	
689	 5.7086320e-01	 +5.4074057e-03 -6.2832790e-04	 1.21e+00 Accepted	 175	 473	
690	 5.7094700e-01	 +3.0680481e-03 +2.4894349e-03	 1.57e+00 Accepted	 184	 405	
691	 5.7087159e-01	 +3.5081096e-03 +2.0057930e-03	 8.94e-01 Accepted	 180	 450	
692	 5.7071076e-01	 +5.6891151e-03 -8.7579016e-04	 1.14e+00 Accepted	 178	 362	
693	 5.7071387e-01	 +5.7314791e-03 +3.6366935e-04	 8.93e-01 Accepted	 168	 437	
694	 5.7028015e-01	 +1.8282900e-03 +8.4284597e-04	 6.91e-01 Accepted	 180	 435	
695	 5.7022662e-01	 +3.2225941e-03 +1.0553122e-03	 1.13e+00 Accepted	 183	 460	
696	 5.7022176e-01	 +2.7286361e-03 +1.2478571e-03	 1.45e+00 Accepted	 179	 396	
697	 5.7025740e-01	 +3.1321923e-03 -8.0455962e-04	 1.14e+00 Accepted	 175	 384	
698	 5.7025740e-01	 +3.1321923e-03 -8.0455962e-04	 8.07e-01 Rejected	 165	 402	
699	 5.7020546e-01	 +2.5930211e-03 +1.5151097e-03	 1.06e+00 Accepted	 171	 400	
700	 5.7016672e-01	 +3.5191060e-03 -4.1359093e-04	 1.11e+00 Accepted	 158	 345	
701	 5.7038921e-01	 +3.5584650e-03 -1.9079422e-03	 2.49e+00 Accepted	 154	 388	
702	 5.7053694e-01	 +1.1079104e-03 +6.8236463e-04	 6.87e-01 Accepted	 158	 352	
703	 5.7010627e-01	 +3.5514206e-03 -1.2801550e-03	 3.90e-01 Accepted	 159	 403	
704	 5.7031639e-01	 +3.4127367e-03 +2.0576309e-04	 1.25e+00 Accepted	 168	 374	
705	 5.7029153e-01	 +3.4563040e-03 -4.3984911e-04	 8.92e-01 Accepted	 166	 384	
706	 5.7044893e-01	 +3.1720510e-03 -1.0167903e-03	 9.87e-01 Accepted	 178	 466	
707	 5.7039447e-01	 +4.7320231e-03 +8.0487565e-04	 7.45e-01 Accepted	 191	 451	
708	 5.7056509e-01	 +2.0041566e-03 -9.4429682e-04	 1.27e+00 Accepted	 180	 365	
709	 5.7058288e-01	 +3.7955381e-03 -5.2066668e-04	 1.02e+00 Accepted	 167	 409	
710	 5.7069292e-01	 +4.0785913e-03 -8.0116410e-04	 1.06e+00 Accepted	 168	 393	
711	 5.7084718e-01	 +3.1500004e-03 -1.7832673e-03	 1.59e+00 Accepted	 176	 458	
712	 5.7087769e-01	 +1.9353405e-03 +2.1863315e-04	 1.07e+00 Accepted	 189	 454	
713	 5.7087769e-01	 +1.9353405e-03 +2.1863315e-04	 6.26e-01 Rejected	 183	 407	
714	 5.7059711e-01	 +1.8504162e-03 +2.8069685e-05	 5.91e-01 Accepted	 185	 418	
715	 5.7076919e-01	 +2.2736341e-03 -1.4178294e-03	 1.25e+00 Accepted	 172	 421	
716	 5.7078378e-01	 +3.8698737e-03 -3.9927101e-04	 9.59e-01 Accepted	 174	 427	
717	 5.7077069e-01	 +2.0929852e-03 -1.6453233e-03	 9.60e-01 Accepted	 179	 393	
718	 5.7074350e-01	 +2.2450834e-03 +9.9451155e-04	 9.13e-01 Accepted	 164	 371	
719	 5.7086261e-01	 +3.0784486e-03 +5.6718277e-04	 9.18e-01 Accepted	 157	 369	
720	 5.7111485e-01	 +3.2743939e-03 -7.9662255e-04	 8.77e-01 Accepted	 166	 470	
721	 5.7135691e-01	 +4.1051611e-03 +1.1909363e-04	 1.24e+00 Accepted	 181	 400	
722	 5.7135691e-01	 +4.1051611e-03 +1.1909363e-04	 6.52e-01 Rejected	 165	 396	
723	 5.7104341e-01	 +6.9311345e-04 +7.0625371e-05	 5.95e-01 Accepted	 172	 409	
724	 5.7109645e-01	 +9.0667674e-04 +6.5322503e-04	 9.86e-01 Accepted	 173	 420	
725	 5.7092817e-01	 -1.3119345e-04 +1.3793227e-04	 8.06e-01 Accepted	 173	 428	
726	 5.7095387e-01	 +1.4029796e-03 +2.4980878e-03	 1.08e+00 Accepted	 177	 426	
727	 5.7081176e-01	 +1.3419448e-03 +1.4380121e-03	 1.02e+00 Accepted	 183	 460	
728	 5.7076036e-01	 +1.3654396e-03 +9.5102613e-04	 6.70e-01 Accepted	 186	 418	
729	 5.7083842e-01	 +2.0101769e-03 -1.0651824e-03	 1.02e+00 Accepted	 174	 396	
730	 5.7077137e-01	 +1.7130294e-03 +1.0549415e-03	 9.82e-01 Accepted	 164	 349	
731	 5.7055875e-01	 +3.3654878e-03 +4.3903851e-04	 9.78e-01 Accepted	 167	 392	
732	 5.7062636e-01	 +2.3702156e-03 +2.4770926e-04	 1.14e+00 Accepted	 164	 406	
733	 5.7062636e-01	 +2.3702156e-03 +2.4770926e-04	 6.32e-01 Rejected	 173	 411	
734	 5.7064184e-01	 +2.4162543e-03 +3.7627236e-04	 8.00e-01 Accepted	 178	 409	
735	 5.7073776e-01	 +3.5396226e-03 -1.2239665e-03	 2.08e+00 Accepted	 178	 443	
736	 5.7071130e-01	 +3.6089916e-03 -9.0327248e-04	 1.12e+00 Accepted	 181	 428	
737	 5.7047919e-01	 +1.6749535e-03 +2.7202417e-04	 7.46e-01 Accepted	 181	 441	
738	 5.7047063e-01	 +2.1044266e-03 -6.1308600e-04	 1.01e+00 Accepted	 176	 362	
739	 5.7051066e-01	 +3.9405438e-03 -1.0354323e-03	 1.29e+00 Accepted	 163	 383	
740	 5.7058035e-01	 +2.3644695e-03 -5.8726496e-04	 1.21e+00 Accepted	 171	 390	
741	 5.7070601e-01	 +2.1428930e-03 -1.8789252e-03	 1.10e+00 Accepted	 167	 413	
742	 5.7084498e-01	 +1.9110989e-03 -3.6826947e-03	 1.14e+00 Accepted	 177	 427	
743	 5.7091866e-01	 +1.4487184e-03 -1.0759276e-04	 1.48e+00 Accepted	 182	 440	
744	 5.7080167e-01	 +3.4713710e-03 -2.8675960e-03	 7.91e-01 Accepted	 186	 431	
745	 5.7087858e-01	 +3.6217592e-03 -3.1513761e-03	 8.40e-01 Accepted	 182	 445	
746	 5.7077612e-01	 +3.3750973e-03 -1.9684474e-03	 1.13e+00 Accepted	 180	 411	
747	 5.7064242e-01	 +2.9465520e-03 -3.3366411e-03	 8.60e-01 Accepted	 181	 463	
748	 5.7065595e-01	 +2.0330691e-03 -3.2844945e-03	 1.18e+00 Accepted	 190	 452	
749	 5.7120537e-01	 +2.1117048e-03 -1.3958907e-03	 1.69e+00 Accepted	 185	 386	
750	 5.7089452e-01	 +3.8296426e-04 -1.3352314e-03	 6.80e-01 Accepted	 174	 399	
751	 5.7071249e-01	 +1.0122848e-03 -4.9565315e-04	 9.92e-01 Accepted	 172	 444	
752	 5.7088845e-01	 +1.9300488e-03 -2.1664839e-03	 1.32e+00 Accepted	 181	 423	
753	 5.7088845e-01	 +1.9300488e-03 -2.1664839e-03	 7.02e-01 Rejected	 170	 348	
754	 5.7088845e-01	 +1.9300488e-03 -2.1664839e-03	 8.56e-01 Rejected	 172	 349	
755	 5.7088845e-01	 +1.9300488e-03 -2.1664839e-03	 7.37e-01 Rejected	 174	 418	
756	 5.7095418e-01	 +3.5760272e-03 -1.5947221e-03	 1.34e+00 Accepted	 168	 386	
757	 5.7091753e-01	 +2.6108957e-03 -2.2375544e-03	 8.60e-01 Accepted	 170	 420	
758	 5.7086223e-01	 +6.4814926e-04 -3.2776882e-03	 9.02e-01 Accepted	 170	 337	
759	 5.7063321e-01	 +3.0448425e-03 -5.4427732e-03	 8.00e-01 Accepted	 158	 408	
760	 5.7047773e-01	 +2.1378160e-03 -2.0611092e-03	 1.16e+00 Accepted	 170	 386	
761	 5.7024518e-01	 +2.2099697e-03 -4.0571316e-03	 8.08e-01 Accepted	 170	 418	
762	 5.7019852e-01	 +3.1700757e-03 -3.3826268e-03	 1.30e+00 Accepted	 174	 373	
763	 5.7019852e-01	 +3.1700757e-03 -3.3826268e-03	 7.64e-01 Rejected	 171	 425	
764	 5.7019852e-01	 +3.1700757e-03 -3.3826268e-03	 6.34e-01 Rejected	 171	 387	
765	 5.7041788e-01	 +3.7315987e-03 -2.0742563e-03	 1.57e+00 Accepted	 166	 343	
766	 5.7059515e-01	 +4.4398082e-03 -2.3452059e-03	 1.49e+00 Accepted	 160	 396	
767	 5.7034613e-01	 +2.9282733e-03 -3.4203510e-03	 5.31e-01 Accepted	 170	 397	
768	 5.7036109e-01	 +4.3319154e-03 -2.4353152e-03	 1.24e+00 Accepted	 165	 333	
769	 5.7039805e-01	 +3.7772598e-03 -3.2075818e-03	 7.38e-01 Accepted	 167	 438	
770	 5.7039805e-01	 +3.7772598e-03 -3.2075818e-03	 7.13e-01 Rejected	 179	 437	
771	 5.7036938e-01	 +2.9800520e-03 -2.8040218e-03	 1.13e+00 Accepted	 185	 450	
772	 5.7033750e-01	 +3.3184543e-03 -3.0266308e-03	 1.19e+00 Accepted	 172	 348	
773	 5.7053031e-01	 +2.4902453e-03 -3.3341766e-03	 9.58e-01 Accepted	 167	 447	
774	 5.7049648e-01	 +2.4879226e-03 -4.7874369e-03	 1.05e+00 Accepted	 177	 354	
775	 5.7071124e-01	 +2.0167216e-03 -2.7139913e-03	 1.11e+00 Accepted	 161	 439	
776	 5.7080682e-01	 +3.6500611e-03 -2.5445917e-03	 9.23e-01 Accepted	 174	 377	
777	 5.7067736e-01	 +2.4161689e-03 -1.5080690e-03	 7.93e-01 Accepted	 162	 374	
778	 5.7072503e-01	 +2.6263149e-03 -9.4690168e-04	 9.82e-01 Accepted	 168	 394	
779	 5.7047978e-01	 +2.0086458e-03 +2.3872266e-04	 6.54e-01 Accepted	 181	 474	
780	 5.7047978e-01	 +2.0086458e-03 +2.3872266e-04	 7.60e-01 Rejected	 192	 453	
781	 5.7059745e-01	 +3.6283682e-03 -7.2395698e-04	 1.18e+00 Accepted	 191	 474	
782	 5.7066719e-01	 +3.0145318e-03 -1.2556212e-03	 1.30e+00 Accepted	 181	 394	
783	 5.7073819e-01	 +3.9568372e-03 -9.9085705e-04	 1.14e+00 Accepted	 169	 420	
784	 5.7092388e-01	 +3.5116809e-03 -1.8418684e-03	 1.64e+00 Accepted	 168	 367	
785	 5.7082236e-01	 +2.6248218e-03 -1.0665442e-03	 1.08e+00 Accepted	 162	 406	
786	 5.7082236e-01	 +2.6248218e-03 -1.0665442e-03	 6.84e-01 Rejected	 174	 426	
787	 5.7080969e-01	 +1.8303909e-03 -3.3348328e-03	 7.68e-01 Accepted	 181	 420	
788	 5.7088182e-01	 +3.9581978e-03 -3.9319932e-03	 8.43e-01 Accepted	 183	 467	
789	 5.7071962e-01	 +4.1614977e-03 -1.5754882e-03	 7.66e-01 Accepted	 186	 407	
790	 5.7061075e-01	 +3.6875387e-03 -4.2458771e-03	 9.20e-01 Accepted	 178	 454	
791	 5.7043420e-01	 +3.5631379e-03 -3.4058074e-03	 9.68e-01 Accepted	 182	 424	
792	 5.7050038e-01	 +3.3300056e-03 -1.3569280e-03	 9.75e-01 Accepted	 175	 398	
793	 5.7043297e-01	 +5.0510008e-03 -2.9709078e-03	 1.31e+00 Accepted	 178	 462	
794	 5.7044230e-01	 +3.4879035e-03 -9.6457922e-04	 1.17e+00 Accepted	 190	 455	
795	 5.7044689e-01	 +3.4851752e-03 -4.2769640e-04	 1.28e+00 Accepted	 184	 428	
796	 5.7057843e-01	 +2.4192661e-03 -1.9870064e-03	 1.45e+00 Accepted	 183	 478	
797	 5.7046205e-01	 +3.5602846e-03 -3.3407428e-03	 1.28e+00 Accepted	 188	 434	
798	 5.7033421e-01	 +2.8683340e-03 -2.4400434e-03	 9.10e-01 Accepted	 180	 441	
799	 5.7052573e-01	 +1.3617251e-03 -2.3720909e-03	 1.57e+00 Accepted	 187	 437	
800	 5.7062552e-01	 +1.6734854e-03 -1.9390716e-03	 9.22e-01 Accepted	 184	 469	
801	 5.7053817e-01	 +2.1203109e-03 +1.0289522e-03	 8.39e-01 Accepted	 191	 454	
802	 5.7048877e-01	 +1.9145086e-03 -1.5318385e-03	 1.18e+00 Accepted	 184	 450	
803	 5.7033361e-01	 +1.2260707e-03 +8.6010464e-05	 9.54e-01 Accepted	 187	 441	
804	 5.7026997e-01	 +3.0353076e-03 -2.7193232e-03	 9.04e-01 Accepted	 186	 453	
805	 5.7052132e-01	 +5.6750755e-03 +5.5694682e-04	 1.21e+00 Accepted	 182	 420	
806	 5.7059657e-01	 +1.2693420e-03 -5.5550438e-04	 9.74e-01 Accepted	 181	 455	
807	 5.7074473e-01	 +2.8924092e-03 -5.2560167e-05	 1.31e+00 Accepted	 183	 379	
808	 5.7077854e-01	 +4.6436053e-03 -6.8407208e-04	 1.31e+00 Accepted	 175	 489	
809	 5.7077854e-01	 +4.6436053e-03 -6.8407208e-04	 6.25e-01 Rejected	 179	 391	
810	 5.7105085e-01	 +4.5404380e-03 +8.3984213e-05	 1.16e+00 Accepted	 181	 377	
811	 5.7046758e-01	 +2.9358334e-03 -6.3129457e-04	 4.98e-01 Accepted	 160	 346	
812	 5.7076650e-01	 +4.2921851e-03 +1.3003887e-03	 1.21e+00 Accepted	 154	 360	
813	 5.7099736e-01	 +4.4322289e-03 +2.1498688e-03	 1.23e+00 Accepted	 162	 387	
814	 5.7104524e-01	 +3.5573383e-03 +2.1012470e-04	 9.39e-01 Accepted	 172	 411	
815	 5.7086978e-01	 +3.9247893e-03 -1.7668242e-03	 6.06e-01 Accepted	 178	 440	
816	 5.7072520e-01	 +3.2146047e-03 -6.2802786e-04	 1.25e+00 Accepted	 186	 465	
817	 5.7072520e-01	 +3.2146047e-03 -6.2802786e-04	 9.12e-01 Rejected	 187	 410	
818	 5.7049125e-01	 +5.3216379e-03 -7.9410226e-05	 8.70e-01 Accepted	 176	 370	
819	 5.7039590e-01	 +3.4788545e-03 +4.5516567e-04	 9.65e-01 Accepted	 163	 376	
820	 5.7040817e-01	 +2.6029517e-03 -1.0138481e-04	 1.43e+00 Accepted	 159	 375	
821	 5.7052942e-01	 +5.5084749e-04 -9.9510578e-04	 9.92e-01 Accepted	 160	 363	
822	 5.7042061e-01	 +2.4588877e-03 +1.1330077e-03	 1.08e+00 Accepted	 156	 334	
823	 5.7031129e-01	 +8.9508761e-04 -2.1783748e-03	 8.65e-01 Accepted	 155	 416	
824	 5.7036748e-01	 +1.4596632e-03 -1.8649577e-03	 8.37e-01 Accepted	 182	 440	
825	 5.7017107e-01	 +1.9688351e-03 -1.3951760e-03	 9.16e-01 Accepted	 179	 456	
826	 5.7028111e-01	 +2.1450895e-03 -2.8021545e-03	 1.00e+00 Accepted	 191	 467	
827	 5.7024571e-01	 +1.7766017e-03 +1.5616921e-03	 7.69e-01 Accepted	 193	 466	
828	 5.7026177e-01	 +1.4392432e-03 -7.8679794e-04	 9.73e-01 Accepted	 189	 477	
829	 5.7035449e-01	 +2.9982767e-03 +5.8206324e-04	 1.12e+00 Accepted	 184	 437	
830	 5.7029833e-01	 +2.1371856e-03 -8.9525589e-04	 9.49e-01 Accepted	 185	 448	
831	 5.7026201e-01	 +2.1126086e-03 -1.1255877e-03	 7.79e-01 Accepted	 188	 452	
832	 5.7021313e-01	 +4.3464151e-03 -2.5040364e-04	 9.82e-01 Accepted	 178	 368	
833	 5.7029520e-01	 +3.1776519e-03 -8.2984599e-04	 8.49e-01 Accepted	 171	 436	
834	 5.7018440e-01	 +4.0264263e-03 -2.1121366e-03	 8.78e-01 Accepted	 183	 415	
835	 5.7015875e-01	 +3.6629453e-03 +2.1955500e-03	 9.08e-01 Accepted	 178	 398	
836	 5.7015875e-01	 +3.6629453e-03 +2.1955500e-03	 8.49e-01 Rejected	 169	 421	
837	 5.7043206e-01	 +3.3392785e-03 +3.4841566e-04	 1.59e+00 Accepted	 171	 392	
838	 5.7017004e-01	 +4.5606723e-03 +1.9363195e-04	 8.24e-01 Accepted	 175	 447	
839	 5.7024781e-01	 +4.4550456e-03 -6.1876682e-04	 1.19e+00 Accepted	 188	 482	
840	 5.7041935e-01	 +5.3065948e-03 +1.7301446e-03	 1.37e+00 Accepted	 196	 491	
841	 5.7048977e-01	 +6.0161938e-03 -3.4420855e-04	 8.21e-01 Accepted	 192	 451	
842	 5.7040531e-01	 +4.9181123e-03 -1.3913284e-03	 1.21e+00 Accepted	 186	 436	
843	 5.7083687e-01	 +3.8796752e-03 -1.5498482e-03	 1.55e+00 Accepted	 171	 297	
844	 5.7053163e-01	 +5.7241839e-03 -3.5882382e-04	 6.10e-01 Accepted	 155	 433	
845	 5.7057842e-01	 +4.8410811e-03 +1.3084678e-03	 1.31e+00 Accepted	 186	 459	
846	 5.7052516e-01	 +5.4392496e-03 -1.1911988e-03	 1.24e+00 Accepted	 190	 463	
847	 5.7072310e-01	 +5.2873099e-03 -2.9434494e-05	 1.01e+00 Accepted	 187	 391	
848	 5.7081884e-01	 +4.4460042e-03 -9.9172151e-04	 1.11e+00 Accepted	 167	 413	
849	 5.7072315e-01	 +1.8826688e-03 -1.7095723e-03	 8.45e-01 Accepted	 174	 404	
850	 5.7050238e-01	 +4.1629424e-03 -8.5246010e-04	 9.51e-01 Accepted	 176	 426	
851	 5.7036281e-01	 +4.1786873e-03 -7.3070804e-04	 5.86e-01 Accepted	 177	 386	
852	 5.7032184e-01	 +3.6007141e-03 -1.3467730e-03	 5.86e-01 Accepted	 162	 345	
853	 5.7030661e-01	 +3.3451399e-03 -3.9637063e-04	 1.33e+00 Accepted	 169	 426	
854	 5.7033783e-01	 +5.2483307e-03 -1.0433358e-03	 1.27e+00 Accepted	 174	 408	
855	 5.7019036e-01	 +2.7288003e-03 +1.1549350e-03	 9.19e-01 Accepted	 175	 466	
856	 5.7014214e-01	 +3.0740329e-03 +2.2492117e-03	 6.62e-01 Accepted	 184	 429	
857	 5.7039469e-01	 +4.6953961e-03 -7.0991197e-04	 1.82e+00 Accepted	 188	 454	
858	 5.7049438e-01	 +3.9281257e-03 +8.3049515e-04	 1.15e+00 Accepted	 184	 414	
859	 5.7050004e-01	 +6.0564640e-03 -1.7180670e-03	 7.41e-01 Accepted	 180	 462	
860	 5.7070349e-01	 +5.6208613e-03 -2.2268150e-03	 1.07e+00 Accepted	 187	 379	
861	 5.7071848e-01	 +3.3363995e-03 -2.5016021e-03	 9.90e-01 Accepted	 171	 433	
862	 5.7071848e-01	 +3.3363995e-03 -2.5016021e-03	 5.59e-01 Rejected	 186	 477	
863	 5.7083529e-01	 +1.4816668e-03 +7.1823892e-04	 1.13e+00 Accepted	 182	 432	
864	 5.7058780e-01	 +2.0640665e-03 -1.6211703e-03	 9.40e-01 Accepted	 186	 458	
865	 5.7072677e-01	 +1.4153792e-03 -1.0206494e-03	 7.56e-01 Accepted	 191	 455	
866	 5.7040307e-01	 +1.2389564e-03 -3.2615010e-03	 9.21e-01 Accepted	 185	 459	
867	 5.7040307e-01	 +1.2389564e-03 -3.2615010e-03	 9.15e-01 Rejected	 186	 420	
868	 5.7045699e-01	 +4.3351544e-03 -2.2619337e-03	 6.40e-01 Accepted	 181	 374	
869	 5.7043118e-01	 +3.3841869e-03 -1.1748471e-03	 1.36e+00 Accepted	 166	 406	
870	 5.7069809e-01	 +2.2909593e-03 -1.7739836e-03	 1.02e+00 Accepted	 171	 402	
871	 5.7086107e-01	 +3.8744302e-03 -1.0042944e-03	 1.49e+00 Accepted	 181	 439	
872	 5.7083982e-01	 +3.0474546e-03 -3.1076394e-03	 1.06e+00 Accepted	 181	 429	
873	 5.7063563e-01	 +3.2800471e-03 -1.4602269e-03	 5.18e-01 Accepted	 178	 398	
874	 5.7071810e-01	 +1.4735860e-03 -2.2014324e-03	 9.61e-01 Accepted	 172	 402	
875	 5.7071810e-01	 +1.4735860e-03 -2.2014324e-03	 6.32e-01 Rejected	 171	 437	
876	 5.7086465e-01	 +3.4952503e-03 -3.6047882e-03	 9.66e-01 Accepted	 172	 452	
877	 5.7066077e-01	 +3.0041227e-03 -2.0056555e-03	 8.80e-01 Accepted	 182	 431	
878	 5.7057647e-01	 +2.4369082e-03 -2.5810673e-03	 8.87e-01 Accepted	 182	 462	
879	 5.7076664e-01	 +2.8291693e-03 -3.0667714e-03	 1.76e+00 Accepted	 193	 478	
880	 5.7067354e-01	 +3.4955237e-03 -1.4936807e-04	 1.02e+00 Accepted	 194	 470	
881	 5.7058378e-01	 +4.2857516e-03 -3.4897794e-03	 1.08e+00 Accepted	 191	 445	
882	 5.7061644e-01	 +3.0464629e-03 -2.8446601e-03	 9.69e-01 Accepted	 184	 385	
883	 5.7051066e-01	 +1.2747994e-03 -8.8774673e-04	 7.52e-01 Accepted	 179	 429	
884	 5.7051340e-01	 +3.7669382e-03 -3.9963402e-03	 1.09e+00 Accepted	 186	 479	
885	 5.7027311e-01	 +1.1624073e-03 -1.8369747e-03	 9.40e-01 Accepted	 188	 432	
886	 5.7044124e-01	 +2.3794446e-03 -2.6068012e-03	 1.22e+00 Accepted	 181	 422	
887	 5.7062927e-01	 +2.1976700e-03 -2.5113752e-03	 9.29e-01 Accepted	 183	 452	
888	 5.7060595e-01	 +1.6228032e-03 -3.4964733e-03	 8.86e-01 Accepted	 190	 465	
889	 5.7030330e-01	 +2.9802338e-03 -1.5779977e-03	 5.42e-01 Accepted	 192	 479	
890	 5.7037415e-01	 +1.6468908e-03 -1.8826430e-03	 1.30e+00 Accepted	 191	 438	
891	 5.7066156e-01	 +2.1480340e-03 -3.4267756e-03	 1.24e+00 Accepted	 182	 392	
892	 5.7074818e-01	 +4.1704487e-03 -3.3822793e-03	 8.56e-01 Accepted	 166	 404	
893	 5.7067093e-01	 +1.6029660e-03 -1.9340121e-03	 1.01e+00 Accepted	 177	 421	
894	 5.7101576e-01	 +3.7865970e-03 -2.5697980e-03	 1.16e+00 Accepted	 173	 405	
895	 5.7087314e-01	 +8.8331090e-04 -4.9840998e-03	 7.81e-01 Accepted	 172	 440	
896	 5.7097118e-01	 +3.6583106e-04 -2.9298564e-03	 8.57e-01 Accepted	 179	 425	
897	 5.7071473e-01	 +6.4396081e-04 -1.4595238e-03	 9.35e-01 Accepted	 170	 418	
898	 5.7105678e-01	 +1.3542844e-03 -7.1640489e-04	 1.37e+00 Accepted	 176	 448	
899	 5.7109195e-01	 +3.2776415e-04 -1.4197678e-03	 1.07e+00 Accepted	 185	 461	
900	 5.7082609e-01	 +9.1526866e-05 -1.2573893e-03	 5.45e-01 Accepted	 187	 427	
901	 5.7065241e-01	 -7.5464619e-04 -1.9877127e-03	 6.87e-01 Accepted	 187	 474	
902	 5.7040698e-01	 +2.1440668e-03 -2.2448442e-03	 8.29e-01 Accepted	 194	 479	
903	 5.7042618e-01	 -1.0760924e-04 -1.8831751e-03	 8.87e-01 Accepted	 182	 353	
904	 5.7075385e-01	 +1.3524897e-03 -7.1588491e-04	 1.23e+00 Accepted	 166	 386	
905	 5.7075385e-01	 +1.3524897e-03 -7.1588491e-04	 7.61e-01 Rejected	 161	 398	
906	 5.7064775e-01	 +9.6462557e-04 -9.9189699e-04	 1.03e+00 Accepted	 163	 365	
907	 5.7068058e-01	 +3.7904118e-04 -1.8929047e-03	 1.63e+00 Accepted	 169	 455	
908	 5.7068058e-01	 +3.7904118e-04 -1.8929047e-03	 6.80e-01 Rejected	 188	 462	
909	 5.7083609e-01	 -2.7969731e-05 -1.6042877e-03	 1.56e+00 Accepted	 172	 335	
910	 5.7098196e-01	 +3.2643926e-03 -2.4551765e-03	 9.98e-01 Accepted	 159	 432	
911	 5.7090502e-01	 +1.8855814e-03 +5.3599670e-05	 1.05e+00 Accepted	 178	 428	
912	 5.7050181e-01	 +1.4245815e-03 -2.8772268e-04	 8.84e-01 Accepted	 177	 454	
913	 5.7034714e-01	 +2.5111234e-03 +1.3718682e-03	 8.30e-01 Accepted	 187	 429	
914	 5.7044868e-01	 +3.1370813e-03 +9.5955164e-04	 1.75e+00 Accepted	 179	 436	
915	 5.7048101e-01	 +8.5397836e-04 +1.9671925e-03	 8.80e-01 Accepted	 169	 379	
916	 5.7048101e-01	 +8.5397836e-04 +1.9671925e-03	 8.16e-01 Rejected	 165	 385	
917	 5.7056581e-01	 +1.4041038e-03 -2.2454375e-03	 1.05e+00 Accepted	 157	 412	
918	 5.7056581e-01	 +1.4041038e-03 -2.2454375e-03	 6.91e-01 Rejected	 176	 430	
919	 5.7056581e-01	 +1.4041038e-03 -2.2454375e-03	 7.65e-01 Rejected	 166	 398	
920	 5.7056581e-01	 +1.4041038e-03 -2.2454375e-03	 6.71e-01 Rejected	 168	 360	
# Starting_type: CheckpointStart
# Trajectory_length / Number_of_MD_steps: 1 / 8
# 	 Plaquette	 Polyakov_Loop(re,im)	 Acc._Probability	 runtime_per_traj(s)	 CG_iterations	
921	 5.7071029e-01	 +2.3488631e-03 -1.0017175e-03	 7.42e-01 Accepted	 185	 411	
922	 5.7053500e-01	 +3.2276443e-03 -1.3904912e-05	 5.19e-01 Accepted	 188	 358	
923	 5.7064297e-01	 +3.8525334e-03 -9.6289951e-04	 1.14e+00 Accepted	 186	 464	
924	 5.7044618e-01	 +7.3136319e-04 -2.1487033e-03	 1.02e+00 Accepted	 201	 474	
925	 5.7044593e-01	 +1.0267721e-03 -1.2016065e-03	 7.05e-01 Accepted	 193	 430	
926	 5.7061270e-01	 +4.2412917e-04 +7.2983467e-04	 1.19e+00 Accepted	 173	 423	
927	 5.7049929e-01	 +4.1026184e-04 -5.1584422e-04	 1.11e+00 Accepted	 186	 413	
928	 5.7066094e-01	 +2.1050452e-03 +1.0934927e-03	 1.22e+00 Accepted	 177	 436	
929	 5.7071772e-01	 -7.3391585e-04 +1.4819936e-03	 1.57e+00 Accepted	 189	 410	
930	 5.7085611e-01	 +3.1483788e-03 -7.2522049e-04	 1.34e+00 Accepted	 184	 443	
931	 5.7080046e-01	 +1.2008894e-03 -5.6305311e-04	 1.35e+00 Accepted	 186	 419	
932	 5.7080046e-01	 +1.2008894e-03 -5.6305311e-04	 7.95e-01 Rejected	 185	 451	
933	 5.7071278e-01	 +7.6703151e-04 +1.1573608e-03	 9.07e-01 Accepted	 182	 424	
934	 5.7072777e-01	 +1.0053477e-03 +7.1154790e-04	 8.06e-01 Accepted	 186	 466	
935	 5.7072777e-01	 +1.0053477e-03 +7.1154790e-04	 8.83e-01 Rejected	 189	 402	
936	 5.7082685e-01	 +9.4303180e-04 -3.5084884e-04	 1.19e+00 Accepted	 192	 435	
937	 5.7080915e-01	 +1.0325071e-03 -1.2185309e-03	 8.86e-01 Accepted	 185	 400	
938	 5.7059962e-01	 +9.4118993e-04 +1.5409259e-03	 7.07e-01 Accepted	 183	 470	
939	 5.7098672e-01	 +1.4032136e-03 +9.0092220e-04	 1.23e+00 Accepted	 195	 461	
940	 5.7108461e-01	 -1.3082544e-03 -1.2493040e-03	 1.05e+00 Accepted	 197	 451	
941	 5.7088999e-01	 +3.2143345e-05 -1.4061428e-03	 8.99e-01 Accepted	 193	 427	
942	 5.7073765e-01	 +2.6299466e-03 -9.6631961e-04	 9.70e-01 Accepted	 189	 430	
943	 5.7058343e-01	 -1.0394708e-03 -7.6698926e-04	 8.86e-01 Accepted	 184	 404	
944	 5.7066793e-01	 +1.1436547e-03 +3.0459138e-04	 1.23e+00 Accepted	 185	 406	
945	 5.7081768e-01	 +1.3077545e-03 +1.1011243e-04	 1.12e+00 Accepted	 182	 392	
946	 5.7091037e-01	 -8.3565958e-04 -5.4760117e-04	 7.09e-01 Accepted	 176	 415	
947	 5.7101147e-01	 +2.7928788e-04 -7.2370717e-04	 1.01e+00 Accepted	 174	 313	
948	 5.7101147e-01	 +2.7928788e-04 -7.2370717e-04	 7.33e-01 Rejected	 158	 411	
949	 5.7087545e-01	 +1.0490547e-04 -2.3733663e-03	 1.11e+00 Accepted	 155	 386	
950	 5.7073734e-01	 -8.7203026e-04 +8.9177989e-04	 6.48e-01 Accepted	 163	 340	
951	 5.7080492e-01	 +7.5745210e-04 +3.9765633e-04	 1.19e+00 Accepted	 168	 438	
952	 5.7080492e-01	 +7.5745210e-04 +3.9765633e-04	 7.91e-01 Rejected	 182	 450	
953	 5.7092009e-01	 +1.5339051e-03 -1.4806165e-03	 8.69e-01 Accepted	 184	 449	
954	 5.7069166e-01	 +7.7779911e-04 +1.8542437e-03	 1.18e+00 Accepted	 189	 436	
955	 5.7088835e-01	 -1.7916909e-03 -1.6389963e-03	 1.25e+00 Accepted	 182	 441	
956	 5.7052895e-01	 -1.3605181e-04 -4.5901555e-04	 5.91e-01 Accepted	 187	 432	
957	 5.7071496e-01	 +3.6130192e-04 -2.6840466e-04	 9.10e-01 Accepted	 186	 412	
958	 5.7062434e-01	 +3.2269793e-03 +1.1818873e-03	 9.37e-01 Accepted	 178	 418	
959	 5.7090794e-01	 +2.8822587e-03 +2.6681920e-03	 1.28e+00 Accepted	 176	 392	
960	 5.7084861e-01	 -2.4621012e-04 -2.8421144e-04	 8.01e-01 Accepted	 170	 354	
961	 5.7071092e-01	 +1.0712773e-03 +2.1953631e-03	 9.85e-01 Accepted	 171	 437	
962	 5.7052687e-01	 +3.1808171e-03 +6.6690955e-06	 5.59e-01 Accepted	 178	 391	
963	 5.7042772e-01	 -1.4040083e-03 +1.1512873e-03	 1.08e+00 Accepted	 180	 475	
964	 5.7063491e-01	 -3.9868485e-05 -3.1050401e-04	 1.20e+00 Accepted	 196	 446	
965	 5.7080351e-01	 +2.5826774e-04 -4.6843538e-04	 1.89e+00 Accepted	 186	 436	
966	 5.7072755e-01	 +6.1265388e-04 -1.1977368e-03	 8.74e-01 Accepted	 184	 434	
967	 5.7072755e-01	 +6.1265388e-04 -1.1977368e-03	 5.85e-01 Rejected	 187	 474	
968	 5.7036605e-01	 -3.9741448e-04 +4.5095701e-04	 5.22e-01 Accepted	 177	 359	
969	 5.7046274e-01	 -5.0217273e-04 +2.6597501e-04	 1.06e+00 Accepted	 176	 422	
970	 5.7046274e-01	 -5.0217273e-04 +2.6597501e-04	 8.43e-01 Rejected	 185	 445	
971	 5.7059493e-01	 +6.9464006e-04 -8.4466722e-04	 1.25e+00 Accepted	 168	 350	
972	 5.7058195e-01	 -1.5825244e-04 +4.4554002e-05	 1.27e+00 Accepted	 161	 408	
973	 5.7054738e-01	 +9.9334323e-04 -1.1174878e-03	 9.15e-01 Accepted	 173	 385	
974	 5.7072797e-01	 -7.3095184e-04 +9.8915345e-06	 1.68e+00 Accepted	 159	 345	
975	 5.7072797e-01	 -7.3095184e-04 +9.8915345e-06	 7.70e-01 Rejected	 152	 361	
976	 5.7072484e-01	 +1.4543876e-03 -1.6083041e-04	 1.20e+00 Accepted	 157	 432	
977	 5.7076127e-01	 -6.5647726e-04 +9.2781612e-04	 9.48e-01 Accepted	 186	 437	
978	 5.7069758e-01	 +1.1248445e-03 +1.3291764e-03	 1.23e+00 Accepted	 185	 436	
979	 5.7081942e-01	 +3.9534734e-05 +2.1310040e-03	 8.75e-01 Accepted	 184	 419	
980	 5.7079174e-01	 -3.9013224e-05 +4.7762894e-04	 1.20e+00 Accepted	 174	 380	
981	 5.7061302e-01	 +6.8738174e-05 +6.8305630e-04	 6.60e-01 Accepted	 168	 416	
982	 5.7054663e-01	 -1.6363077e-03 +1.8917562e-03	 9.24e-01 Accepted	 174	 427	
983	 5.7055755e-01	 +1.3160915e-03 +8.3655488e-04	 1.08e+00 Accepted	 178	 404	
984	 5.7064990e-01	 +4.1632900e-04 -1.5489111e-04	 1.02e+00 Accepted	 178	 441	
985	 5.7038691e-01	 -1.3266138e-03 -1.3182929e-03	 6.33e-01 Accepted	 188	 452	
986	 5.7057447e-01	 +2.8209265e-03 +8.3634464e-04	 1.65e+00 Accepted	 188	 440	
987	 5.7069509e-01	 +5.8471233e-04 +4.6103820e-04	 9.96e-01 Accepted	 185	 426	
988	 5.7054805e-01	 +6.3970967e-04 +1.2337934e-03	 1.39e+00 Accepted	 185	 445	
989	 5.7054105e-01	 -8.7963455e-05 +4.2666849e-07	 8.40e-01 Accepted	 191	 480	
990	 5.7061059e-01	 -1.0893771e-03 +2.7170152e-03	 1.13e+00 Accepted	 192	 459	
991	 5.7068356e-01	 -1.5962449e-03 +1.5140884e-03	 1.39e+00 Accepted	 189	 427	
992	 5.7073851e-01	 -6.6219478e-04 +2.0623396e-03	 9.69e-01 Accepted	 184	 441	
993	 5.7081470e-01	 +6.3576648e-04 +1.5406762e-03	 8.51e-01 Accepted	 186	 457	
994	 5.7045394e-01	 +2.5824431e-03 +2.3449063e-04	 5.87e-01 Accepted	 191	 447	
995	 5.7032848e-01	 -1.8862930e-03 +1.3181949e-03	 9.28e-01 Accepted	 179	 377	
996	 5.7068140e-01	 -1.6050651e-03 +1.7520359e-03	 1.42e+00 Accepted	 167	 419	
997	 5.7058221e-01	 -4.1455136e-03 -2.6946836e-04	 8.81e-01 Accepted	 176	 444	
998	 5.7084839e-01	 -1.0525526e-03 +1.1684019e-03	 2.00e+00 Accepted	 176	 382	
999	 5.7091805e-01	 -1.3193054e-03 +1.3295737e-03	 1.07e+00 Accepted	 166	 433	
1000	 5.7080339e-01	 -1.5841622e-03 +2.5334159e-03	 9.33e-01 Accepted	 187	 457	
1001	 5.7090246e-01	 -1.7061109e-03 +2.2426558e-03	 1.35e+00 Accepted	 183	 448	
1002	 5.7089552e-01	 -1.6939068e-04 +6.7983072e-04	 1.21e+00 Accepted	 183	 416	
1003	 5.7078166e-01	 +6.1576899e-04 +8.3869012e-04	 6.74e-01 Accepted	 186	 453	
1004	 5.7062960e-01	 +1.3165722e-03 +4.6934262e-04	 6.05e-01 Accepted	 188	 458	
1005	 5.7051943e-01	 -5.9050310e-04 +1.2071283e-03	 8.00e-01 Accepted	 187	 465	
1006	 5.7060137e-01	 -1.5801106e-03 -5.1037435e-04	 8.97e-01 Accepted	 189	 437	
1007	 5.7085227e-01	 +4.0462721e-04 +9.9332799e-04	 9.98e-01 Accepted	 177	 414	
1008	 5.7062255e-01	 +4.4295074e-04 -4.5188941e-04	 8.93e-01 Accepted	 174	 341	
1009	 5.7086654e-01	 -1.6364141e-03 +1.6154577e-03	 9.11e-01 Accepted	 163	 431	
1010	 5.7074380e-01	 -3.2333789e-03 +4.6324529e-05	 7.95e-01 Accepted	 179	 430	
1011	 5.7062912e-01	 +1.2937532e-03 +6.9553235e-04	 7.57e-01 Accepted	 174	 445	
1012	 5.7061138e-01	 +3.5299674e-04 -7.2970031e-04	 9.57e-01 Accepted	 188	 481	
1013	 5.7071122e-01	 -8.3126181e-04 -1.1113607e-03	 1.03e+00 Accepted	 188	 423	
1014	 5.7087792e-01	 +1.6060295e-03 -1.2499167e-03	 1.03e+00 Accepted	 181	 383	
1015	 5.7052841e-01	 -2.1292196e-03 -5.5917594e-04	 5.45e-01 Accepted	 166	 388	
1016	 5.7049276e-01	 -6.9216356e-04 -1.4728179e-05	 6.54e-01 Accepted	 171	 422	
1017	 5.7049276e-01	 -6.9216356e-04 -1.4728179e-05	 9.23e-01 Rejected	 178	 415	
1018	 5.7055185e-01	 -2.0463449e-03 -8.1875858e-05	 1.24e+00 Accepted	 179	 420	
1019	 5.7067725e-01	 -5.6550515e-04 -3.2228008e-04	 1.02e+00 Accepted	 188	 455	
1020	 5.7068164e-01	 -1.7881769e-03 -1.3259010e-04	 7.17e-01 Accepted	 185	 429	
1021	 5.7060049e-01	 -1.5627820e-03 -2.4392843e-04	 8.89e-01 Accepted	 181	 448	
1022	 5.7058653e-01	 -6.0601911e-04 +3.4636767e-04	 7.61e-01 Accepted	 189	 467	
1023	 5.7070686e-01	 +1.7163691e-04 +2.6701320e-04	 9.99e-01 Accepted	 177	 344	
1024	 5.7049584e-01	 -7.7474207e-04 -1.3361963e-03	 6.15e-01 Accepted	 169	 477	
1025	 5.7050823e-01	 -1.5150445e-03 -5.4422268e-04	 8.97e-01 Accepted	 186	 440	
1026	 5.7052327e-01	 -2.6483949e-03 -1.9034280e-03	 9.96e-01 Accepted	 181	 409	
1027	 5.7026968e-01	 -1.2107530e-03 -3.1224196e-03	 7.06e-01 Accepted	 174	 401	
1028	 5.7026968e-01	 -1.2107530e-03 -3.1224196e-03	 7.70e-01 Rejected	 179	 419	
1029	 5.7041195e-01	 -1.3928807e-03 -8.3444142e-04	 1.41e+00 Accepted	 179	 461	
1030	 5.7047189e-01	 -2.7117231e-03 -6.3019565e-04	 8.95e-01 Accepted	 192	 443	
1031	 5.7044004e-01	 -1.4456107e-03 -9.5244123e-04	 8.04e-01 Accepted	 183	 453	
1032	 5.7051130e-01	 -1.0750367e-03 -3.1450977e-03	 9.47e-01 Accepted	 182	 401	
1033	 5.7057500e-01	 -3.9502791e-04 -4.0677965e-04	 1.40e+00 Accepted	 169	 410	
1034	 5.7065090e-01	 +6.7401136e-04 +1.0761626e-03	 1.06e+00 Accepted	 167	 325	
1035	 5.7079481e-01	 -6.2931500e-04 -1.5722121e-05	 8.50e-01 Accepted	 162	 398	
1036	 5.7061644e-01	 -1.2905451e-03 -2.0910051e-03	 5.04e-01 Accepted	 180	 464	
1037	 5.7070269e-01	 -1.1663848e-03 -2.3116698e-03	 1.09e+00 Accepted	 180	 367	
1038	 5.7095035e-01	 -1.9773011e-03 -3.1030712e-03	 1.18e+00 Accepted	 164	 361	
1039	 5.7095035e-01	 -1.9773011e-03 -3.1030712e-03	 4.07e-01 Rejected	 160	 359	
1040	 5.7115999e-01	 -9.7051835e-04 -3.1744059e-03	 1.27e+00 Accepted	 168	 348	
1041	 5.7078183e-01	 -8.9278901e-04 -3.0869139e-03	 7.31e-01 Accepted	 168	 425	
1042	 5.7082129e-01	 +8.2061455e-04 -2.3579842e-03	 9.20e-01 Accepted	 169	 374	
1043	 5.7068746e-01	 +1.7985930e-03 -4.6019380e-03	 7.86e-01 Accepted	 172	 450	
1044	 5.7068746e-01	 +1.7985930e-03 -4.6019380e-03	 4.59e-01 Rejected	 188	 453	
1045	 5.7086566e-01	 +2.5206256e-04 -3.1691330e-03	 7.60e-01 Accepted	 168	 383	
1046	 5.7083912e-01	 -3.7792875e-05 -2.9319533e-03	 1.22e+00 Accepted	 166	 382	
1047	 5.7070854e-01	 -8.4865588e-04 -1.2546238e-03	 8.19e-01 Accepted	 170	 431	
1048	 5.7068636e-01	 -2.8534612e-03 -2.2791983e-03	 1.34e+00 Accepted	 169	 400	
1049	 5.7068636e-01	 -2.8534612e-03 -2.2791983e-03	 8.36e-01 Rejected	 169	 393	
1050	 5.7080837e-01	 -1.0211545e-03 -1.8328371e-03	 1.27e+00 Accepted	 176	 458	
1051	 5.7040450e-01	 -1.5072033e-03 -3.1104043e-03	 6.92e-01 Accepted	 185	 448	
1052	 5.7078309e-01	 -2.1487156e-03 -2.6033284e-03	 1.74e+00 Accepted	 179	 367	
1053	 5.7069329e-01	 -3.7540284e-03 -1.6151568e-03	 9.95e-01 Accepted	 172	 449	
1054	 5.7060516e-01	 +2.1951821e-04 -3.1414636e-03	 1.29e+00 Accepted	 182	 411	
1055	 5.7074127e-01	 -1.2854035e-03 -9.2447031e-04	 9.55e-01 Accepted	 179	 401	
1056	 5.7054696e-01	 -3.0954903e-04 -1.1971897e-03	 7.97e-01 Accepted	 171	 367	
1057	 5.7057942e-01	 +3.1734055e-04 -1.8885733e-03	 1.46e+00 Accepted	 171	 427	
1058	 5.7058407e-01	 -1.8148610e-03 -1.4659016e-03	 1.02e+00 Accepted	 182	 390	
1059	 5.7060082e-01	 -1.2806474e-03 -2.7573702e-03	 8.83e-01 Accepted	 179	 470	
1060	 5.7077973e-01	 -9.8717938e-04 +7.0558911e-04	 1.06e+00 Accepted	 188	 446	
1061	 5.7044036e-01	 -2.7489346e-03 -1.5052604e-03	 5.69e-01 Accepted	 187	 483	
1062	 5.7047185e-01	 +3.3924261e-05 -2.0188400e-03	 1.10e+00 Accepted	 194	 477	
1063	 5.7043253e-01	 -2.8715473e-03 -1.1462811e-03	 6.63e-01 Accepted	 188	 384	
1064	 5.7039780e-01	 -8.9142221e-04 -7.7400005e-04	 1.16e+00 Accepted	 168	 425	
1065	 5.7035155e-01	 -1.9994759e-03 -2.6400809e-03	 1.30e+00 Accepted	 180	 422	
1066	 5.7028525e-01	 -1.9023563e-03 -1.4537922e-03	 5.82e-01 Accepted	 184	 460	
1067	 5.7035819e-01	 -6.8573516e-04 -2.3183612e-03	 1.61e+00 Accepted	 192	 439	
1068	 5.7032524e-01	 -2.4125789e-03 -1.3854621e-03	 7.74e-01 Accepted	 180	 447	
1069	 5.7041845e-01	 -1.0883191e-03 -2.7899313e-03	 1.20e+00 Accepted	 187	 468	
1070	 5.7058053e-01	 -3.0091673e-03 -3.0191225e-03	 1.46e+00 Accepted	 187	 474	
1071	 5.7035459e-01	 -6.1368874e-04 -1.4238627e-03	 1.41e+00 Accepted	 184	 405	
1072	 5.7037724e-01	 -2.7992110e-03 -9.7510655e-04	 1.01e+00 Accepted	 170	 446	
1073	 5.7036178e-01	 -1.8219489e-03 -1.4285251e-03	 1.06e+00 Accepted	 188	 446	
1074	 5.7040252e-01	 -6.4673609e-04 +3.4504520e-05	 1.05e+00 Accepted	 189	 444	
1075	 5.7052396e-01	 -8.1299310e-04 -2.2728320e-03	 1.20e+00 Accepted	 177	 388	
1076	 5.7055630e-01	 -2.8582598e-03 -1.1253128e-03	 8.05e-01 Accepted	 164	 416	
1077	 5.7055630e-01	 -2.8582598e-03 -1.1253128e-03	 6.16e-01 Rejected	 178	 425	
1078	 5.7056222e-01	 -4.9252235e-03 -3.3218688e-03	 9.02e-01 Accepted	 176	 376	
1079	 5.7040123e-01	 -1.6374971e-03 -2.2382737e-03	 9.71e-01 Accepted	 177	 437	
1080	 5.7056886e-01	 -2.1676477e-03 -2.5170382e-03	 1.14e+00 Accepted	 178	 362	
1081	 5.7047955e-01	 -1.1888854e-04 -3.9207300e-03	 1.45e+00 Accepted	 165	 387	
1082	 5.7039443e-01	 +7.9945231e-04 -3.2418113e-03	 1.22e+00 Accepted	 172	 418	
1083	 5.7043834e-01	 -1.4841148e-03 -2.7761975e-03	 9.75e-01 Accepted	 178	 442	
1084	 5.7046540e-01	 -1.8662182e-03 -1.9471294e-03	 1.06e+00 Accepted	 176	 435	
1085	 5.7058798e-01	 -9.7060989e-04 -2.1682145e-03	 1.22e+00 Accepted	 176	 387	
1086	 5.7073308e-01	 -1.5417797e-03 -4.1284725e-03	 9.92e-01 Accepted	 165	 395	
1087	 5.7083185e-01	 -5.8308046e-04 -1.6340856e-03	 9.81e-01 Accepted	 173	 463	
1088	 5.7057064e-01	 +8.1645220e-04 -2.2233350e-03	 7.89e-01 Accepted	 184	 449	
1089	 5.7059264e-01	 +1.0724394e-03 -2.4375885e-03	 1.70e+00 Accepted	 182	 407	
1090	 5.7072103e-01	 -1.2628700e-04 -1.4771981e-03	 1.14e+00 Accepted	 176	 436	
1091	 5.7072103e-01	 -1.2628700e-04 -1.4771981e-03	 5.09e-01 Rejected	 182	 442	
1092	 5.7077062e-01	 -1.0658299e-04 -3.8260351e-03	 9.74e-01 Accepted	 175	 416	
1093	 5.7075286e-01	 +7.1531945e-05 -3.9265319e-03	 1.22e+00 Accepted	 181	 452	
1094	 5.7058522e-01	 -4.1131198e-04 -3.8880936e-03	 6.46e-01 Accepted	 184	 450	
1095	 5.7068024e-01	 -1.3394375e-03 -3.4056109e-03	 1.47e+00 Accepted	 170	 328	
1096	 5.7070314e-01	 -1.7827785e-04 -2.5628761e-03	 8.13e-01 Accepted	 161	 420	
1097	 5.7074008e-01	 +3.3149836e-06 -3.4128882e-03	 9.08e-01 Accepted	 178	 377	
1098	 5.7088951e-01	 -1.4511994e-03 -4.4831957e-03	 9.88e-01 Accepted	 164	 382	
1099	 5.7068031e-01	 -1.9498958e-04 -2.7922583e-03	 9.37e-01 Accepted	 169	 348	
1100	 5.7094064e-01	 -1.0801729e-03 -3.0238294e-03	 1.55e+00 Accepted	 157	 356	
1101	 5.7094064e-01	 -1.0801729e-03 -3.0238294e-03	 7.08e-01 Rejected	 176	 461	
1102	 5.7058364e-01	 -1.1486040e-04 -2.8391721e-03	 5.55e-01 Accepted	 158	 396	
1103	 5.7033190e-01	 +1.5285372e-04 -3.1439882e-03	 7.62e-01 Accepted	 171	 403	
1104	 5.7035966e-01	 +4.3859265e-04 -4.4796103e-03	 9.05e-01 Accepted	 178	 466	
1105	 5.7043382e-01	 +3.8142790e-04 -9.8324235e-04	 1.25e+00 Accepted	 189	 438	
1106	 5.7046802e-01	 -1.9259384e-04 -1.8402080e-03	 1.21e+00 Accepted	 183	 415	
1107	 5.7052788e-01	 +1.5324570e-04 -2.7248555e-03	 4.23e-01 Accepted	 166	 368	
1108	 5.7080578e-01	 -1.2084973e-04 -2.3843645e-03	 1.72e+00 Accepted	 153	 349	
1109	 5.7066958e-01	 +3.3125655e-03 -2.2039747e-03	 9.53e-01 Accepted	 167	 458	
1110	 5.7062946e-01	 +1.2772386e-03 -3.4251826e-03	 9.63e-01 Accepted	 178	 389	
1111	 5.7067794e-01	 +1.1520165e-03 -3.3397304e-03	 1.38e+00 Accepted	 168	 407	
1112	 5.7051023e-01	 +1.2503434e-04 -3.6833838e-03	 9.65e-01 Accepted	 179	 444	
1113	 5.7042255e-01	 +9.7509662e-05 -1.4278319e-03	 1.09e+00 Accepted	 166	 339	
1114	 5.7042006e-01	 +8.9021840e-04 -2.4282204e-03	 7.65e-01 Accepted	 160	 429	
1115	 5.7068520e-01	 +2.0140397e-03 -2.2621097e-03	 1.57e+00 Accepted	 181	 430	
1116	 5.7057447e-01	 -8.6613675e-05 -2.0787610e-03	 6.35e-01 Accepted	 178	 445	
1117	 5.7070424e-01	 +2.7240235e-03 -1.4837495e-03	 1.36e+00 Accepted	 186	 457	
1118	 5.7052197e-01	 +1.2559373e-06 -1.5789192e-03	 7.93e-01 Accepted	 189	 441	
1119	 5.7060920e-01	 +1.5920644e-03 -2.2319488e-03	 1.56e+00 Accepted	 183	 435	
1120	 5.7055771e-01	 +8.0736383e-04 -3.0833766e-03	 1.24e+00 Accepted	 175	 398	
1121	 5.7056894e-01	 -6.8281583e-04 -1.6867120e-03	 1.48e+00 Accepted	 167	 413	
1122	 5.7057552e-01	 +9.6934928e-04 -2.9075719e-03	 1.70e+00 Accepted	 176	 436	
1123	 5.7068595e-01	 +1.7199844e-03 -2.0684301e-03	 1.23e+00 Accepted	 178	 413	
1124	 5.7070725e-01	 +1.6210798e-04 -1.5963950e-03	 8.97e-01 Accepted	 177	 370	
1125	 5.7063377e-01	 -2.0433107e-03 -2.3578189e-03	 8.37e-01 Accepted	 174	 481	
1126	 5.7047838e-01	 +1.7621932e-03 -4.1159979e-03	 6.81e-01 Accepted	 183	 420	
1127	 5.7028275e-01	 +1.4220516e-03 -1.4344034e-03	 8.77e-01 Accepted	 173	 401	
1128	 5.7054167e-01	 +5.9368700e-05 -1.1876602e-03	 1.00e+00 Accepted	 164	 422	
1129	 5.7045749e-01	 -2.1126302e-04 -1.1054712e-03	 1.77e+00 Accepted	 181	 430	
1130	 5.7051765e-01	 +4.0360294e-04 -1.7459995e-03	 1.29e+00 Accepted	 186	 445	
1131	 5.7059419e-01	 -9.0238682e-04 -1.3024110e-03	 1.00e+00 Accepted	 177	 371	
1132	 5.7053633e-01	 +1.5399110e-03 -2.3582489e-03	 8.44e-01 Accepted	 173	 462	
1133	 5.7024409e-01	 +3.0643859e-03 -3.3565047e-03	 1.04e+00 Accepted	 195	 471	
1134	 5.7024409e-01	 +3.0643859e-03 -3.3565047e-03	 7.82e-01 Rejected	 194	 464	
1135	 5.7036340e-01	 +1.6651275e-03 -4.0212831e-03	 1.27e+00 Accepted	 193	 442	
1136	 5.7039760e-01	 +9.4919105e-04 -2.5291794e-03	 9.68e-01 Accepted	 186	 416	
1137	 5.7037207e-01	 -2.0104716e-03 -3.5405261e-03	 1.02e+00 Accepted	 186	 428	
1138	 5.7049659e-01	 -3.0095016e-04 -2.9919132e-03	 1.00e+00 Accepted	 178	 412	
1139	 5.7050801e-01	 +2.0617018e-03 -4.7743728e-03	 1.13e+00 Accepted	 164	 330	
1140	 5.7057753e-01	 +1.4138822e-03 -2.4835568e-03	 8.79e-01 Accepted	 160	 398	
1141	 5.7048994e-01	 -2.1609056e-04 -2.9515806e-03	 8.35e-01 Accepted	 173	 368	
1142	 5.7021914e-01	 -5.1908669e-04 -3.6769815e-03	 7.44e-01 Accepted	 173	 450	
1143	 5.7023330e-01	 +2.4473536e-03 -4.7956921e-03	 9.94e-01 Accepted	 191	 456	
1144	 5.7020042e-01	 +3.7594396e-04 -3.9924487e-03	 9.93e-01 Accepted	 188	 400	
1145	 5.7044591e-01	 +1.4128007e-03 -2.2442446e-03	 9.51e-01 Accepted	 162	 313	
1146	 5.7068642e-01	 +2.7609059e-03 -4.1171553e-03	 1.61e+00 Accepted	 157	 410	
1147	 5.7064010e-01	 +2.2647122e-03 -2.0791392e-03	 1.22e+00 Accepted	 182	 434	
1148	 5.7049439e-01	 +2.4214274e-03 -2.9523040e-03	 1.02e+00 Accepted	 186	 433	
1149	 5.7049439e-01	 +2.4214274e-03 -2.9523040e-03	 6.06e-01 Rejected	 183	 375	
1150	 5.7040856e-01	 -7.2007958e-05 -8.7608222e-04	 7.93e-01 Accepted	 188	 432	
1151	 5.7050714e-01	 +8.8984394e-04 -4.0619680e-03	 1.24e+00 Accepted	 181	 397	
1152	 5.7048898e-01	 +1.3124002e-03 -2.6134468e-04	 9.67e-01 Accepted	 175	 403	
1153	 5.7034743e-01	 -3.8026093e-04 -1.7532501e-03	 8.79e-01 Accepted	 173	 343	
1154	 5.7061573e-01	 +2.4001926e-03 -1.7867733e-03	 1.10e+00 Accepted	 163	 414	
1155	 5.7061573e-01	 +2.4001926e-03 -1.7867733e-03	 6.75e-01 Rejected	 178	 412	
1156	 5.7077870e-01	 +9.6755183e-04 -1.4394453e-03	 6.62e-01 Accepted	 183	 424	
1157	 5.7050126e-01	 +3.0288343e-03 -5.4718734e-04	 1.16e+00 Accepted	 176	 377	
1158	 5.7079876e-01	 +1.4299153e-03 -1.3715493e-04	 1.29e+00 Accepted	 161	 364	
1159	 5.7106168e-01	 +6.5096665e-04 -1.8245561e-03	 1.08e+00 Accepted	 169	 433	
1160	 5.7069830e-01	 -5.0034714e-04 -1.1528751e-03	 5.02e-01 Accepted	 183	 446	
1161	 5.7111244e-01	 -1.2854369e-03 -8.7275594e-04	 1.42e+00 Accepted	 188	 360	
1162	 5.7085514e-01	 -1.6356537e-03 -2.9074125e-03	 8.31e-01 Accepted	 169	 421	
