# Starting_type: HotStart
# Trajectory_length / Number_of_MD_steps: 1 / 8
# 	 Plaquette	 Polyakov_Loop(re,im)	 Acc._Probability	 runtime_per_traj(s)	 CG_iterations	
1	 2.2340108e-01	 -9.8248414e-04 -8.8320062e-04	 9.65e+66 Accepted	 273	 901	
2	 3.1392082e-01	 +7.9466468e-05 +9.5992899e-04	 3.05e+34 Accepted	 353	 1076	
3	 3.6322592e-01	 -6.1696150e-04 -1.7531191e-03	 1.35e+21 Accepted	 387	 1147	
4	 3.9437677e-01	 +5.2230469e-04 +1.7990460e-04	 1.47e+14 Accepted	 395	 1173	
5	 4.1618856e-01	 +1.8811757e-03 +1.3533592e-03	 1.23e+09 Accepted	 398	 1185	
6	 4.3308702e-01	 -6.3151064e-04 -1.8745297e-03	 5.27e+07 Accepted	 400	 1191	
7	 4.4666808e-01	 +7.0113032e-04 -1.8473079e-04	 3.14e+05 Accepted	 403	 1189	
8	 4.5805826e-01	 +6.2255371e-04 +8.3863498e-06	 5.63e+04 Accepted	 404	 1186	
9	 4.6802468e-01	 +1.1476291e-03 +4.0530537e-04	 1.28e+04 Accepted	 401	 1183	
10	 4.7673059e-01	 +1.3581746e-04 -5.1713000e-05	 1.24e+03 Accepted	 400	 1178	
11	 4.8521459e-01	 +5.2167064e-04 +4.8242290e-04	 2.85e+03 Accepted	 401	 1171	
12	 4.9292806e-01	 +1.4582551e-03 -6.9132574e-04	 7.48e+02 Accepted	 399	 1165	
13	 4.9991356e-01	 +1.0072907e-03 -8.3792081e-04	 6.06e+02 Accepted	 396	 1165	
14	 5.0621974e-01	 +2.1707143e-05 -5.7351997e-04	 3.31e+02 Accepted	 393	 1151	
15	 5.1197755e-01	 +1.5779509e-03 +5.9951820e-04	 8.23e+01 Accepted	 393	 1148	
16	 5.1745591e-01	 -9.1568347e-04 -6.7527695e-04	 1.83e+02 Accepted	 389	 1141	
17	 5.2259906e-01	 +3.8978597e-04 -2.5799919e-04	 6.65e+01 Accepted	 389	 1138	
18	 5.2711593e-01	 -1.2886651e-03 -6.9975153e-05	 1.36e+01 Accepted	 387	 1120	
19	 5.3125823e-01	 +1.3494798e-03 +2.6849019e-04	 3.12e+01 Accepted	 387	 1153	
20	 5.3513627e-01	 +4.5890785e-04 +1.8038780e-03	 4.35e+01 Accepted	 390	 1121	
21	 5.3876761e-01	 +3.1610614e-03 -2.3008463e-04	 1.33e+01 Accepted	 381	 1106	
22	 5.4157936e-01	 +1.0575969e-03 +1.3446437e-03	 9.88e+00 Accepted	 379	 1107	
23	 5.4440020e-01	 +5.0376151e-04 -1.8934088e-03	 1.38e+01 Accepted	 375	 1089	
24	 5.4686608e-01	 +5.3553090e-04 +5.3333770e-04	 1.30e+01 Accepted	 374	 1098	
25	 5.4872462e-01	 +8.4994986e-04 +1.2412862e-03	 2.32e+00 Accepted	 380	 1081	
26	 5.5042654e-01	 -1.0274626e-03 -1.1712829e-03	 6.06e+00 Accepted	 370	 1069	
27	 5.5216888e-01	 +2.7417732e-04 +4.0315683e-04	 5.01e+00 Accepted	 370	 1077	
28	 5.5352105e-01	 +1.8234122e-04 +1.2776599e-03	 3.60e+00 Accepted	 365	 1051	
29	 5.5483524e-01	 +4.9016922e-04 -1.9368417e-05	 2.03e+00 Accepted	 362	 1047	
30	 5.5570813e-01	 +5.9295400e-04 -1.8230061e-03	 1.92e+00 Accepted	 357	 1038	
31	 5.5641329e-01	 -6.5872428e-05 +1.3554757e-03	 2.61e+00 Accepted	 363	 1015	
32	 5.5698318e-01	 +1.0309242e-03 +8.7190831e-04	 2.90e+00 Accepted	 356	 1024	
33	 5.5756950e-01	 -8.7043396e-04 -2.5291096e-03	 7.33e-01 Accepted	 361	 1079	
34	 5.5840076e-01	 -3.1467818e-04 +6.3714502e-04	 2.44e+00 Accepted	 359	 1028	
35	 5.5881643e-01	 +2.3108518e-03 +5.1023847e-04	 8.50e-01 Accepted	 358	 1007	
36	 5.5943563e-01	 +8.8432089e-04 +2.3834625e-04	 9.29e-01 Accepted	 349	 1028	
37	 5.5981939e-01	 -2.4785052e-03 +1.4431208e-03	 1.25e+00 Accepted	 352	 991	
38	 5.6037512e-01	 +1.9465510e-04 +1.9282188e-03	 1.10e+00 Accepted	 348	 975	
39	 5.6070286e-01	 -8.2390109e-04 +5.6419903e-05	 1.17e+00 Accepted	 346	 1009	
40	 5.6101283e-01	 -5.7801209e-04 -1.0829809e-03	 1.02e+00 Accepted	 350	 967	
41	 5.6133229e-01	 -7.9587689e-05 +1.2894940e-03	 1.98e+00 Accepted	 344	 993	
42	 5.6159935e-01	 -1.5382584e-03 +6.3284200e-04	 9.31e-01 Accepted	 347	 957	
43	 5.6155199e-01	 -1.6223066e-03 +3.0532314e-04	 1.67e+00 Accepted	 341	 958	
44	 5.6182372e-01	 +1.8194614e-03 -2.1027184e-03	 1.38e+00 Accepted	 340	 957	
45	 5.6232184e-01	 +5.6133009e-04 -3.2929771e-04	 1.61e+00 Accepted	 342	 951	
46	 5.6222157e-01	 +4.5734335e-04 +1.7228724e-03	 1.10e+00 Accepted	 331	 930	
47	 5.6215869e-01	 +9.4960980e-04 +1.6758420e-03	 8.00e-01 Accepted	 332	 944	
48	 5.6223621e-01	 -1.3958968e-03 +2.2632105e-03	 1.17e+00 Accepted	 326	 893	
49	 5.6236061e-01	 -2.1323927e-04 -3.3062607e-04	 1.41e+00 Accepted	 322	 935	
50	 5.6222328e-01	 +2.0997681e-04 +1.4691735e-03	 7.63e-01 Accepted	 322	 892	
51	 5.6232103e-01	 +2.0887804e-04 -1.3912634e-03	 2.17e+00 Accepted	 321	 908	
52	 5.6250156e-01	 +5.5143426e-04 +2.3285952e-03	 9.59e-01 Accepted	 326	 938	
53	 5.6268118e-01	 +7.4281766e-04 +7.8979341e-04	 1.59e+00 Accepted	 324	 893	
54	 5.6268118e-01	 +7.4281766e-04 +7.8979341e-04	 7.32e-01 Rejected	 318	 905	
55	 5.6298708e-01	 -2.0161022e-03 +1.1253294e-03	 1.80e+00 Accepted	 323	 921	
56	 5.6322401e-01	 +1.1317693e-03 +3.9859617e-04	 9.23e-01 Accepted	 325	 919	
57	 5.6311111e-01	 -4.2541948e-05 +7.6172128e-04	 8.78e-01 Accepted	 321	 917	
58	 5.6333282e-01	 -7.2114141e-05 -4.9055295e-04	 9.17e-01 Accepted	 331	 948	
59	 5.6315419e-01	 +1.9404971e-03 -2.5630380e-04	 1.04e+00 Accepted	 328	 941	
60	 5.6317170e-01	 +1.3213759e-03 +2.7213911e-04	 5.31e-01 Accepted	 324	 868	
61	 5.6317170e-01	 +1.3213759e-03 +2.7213911e-04	 6.07e-01 Rejected	 312	 886	
62	 5.6321004e-01	 +6.2677872e-04 -2.2410356e-03	 6.66e-01 Accepted	 315	 882	
63	 5.6317421e-01	 -2.9134067e-04 -3.2251096e-04	 1.13e+00 Accepted	 329	 965	
64	 5.6310675e-01	 -3.8717711e-04 -5.2689662e-05	 7.98e-01 Accepted	 333	 900	
65	 5.6341000e-01	 +7.2647804e-04 -5.3811507e-04	 1.04e+00 Accepted	 322	 899	
66	 5.6341000e-01	 +7.2647804e-04 -5.3811507e-04	 6.69e-01 Rejected	 316	 905	
67	 5.6356259e-01	 +3.3424072e-03 +1.4492978e-04	 9.38e-01 Accepted	 314	 852	
68	 5.6357408e-01	 -5.8243961e-04 -4.8022932e-04	 1.42e+00 Accepted	 313	 908	
