# Starting_type: ColdStart
# serial RNG seed: 	[37807 27833 20274 60005 12718]
# parallel RNG seed:	[59162 14258 54441 34686 49609]
# Trajectory_length / Number_of_MD_steps: 1 / 8
# 	 Plaquette	 Polyakov_Loop(re,im)	 Acc._Probability	 runtime_per_traj(s)	 CG_iterations	
1	 8.4365482e-01	 +4.9145866e-01 -6.7020005e-04	 1.75e-73 Skipping	 185	 227	
2	 7.8177006e-01	 +3.6093658e-01 +9.9444853e-05	 7.00e-32 Skipping	 186	 221	
3	 7.4885342e-01	 +2.9656421e-01 +5.3014477e-04	 1.23e-18 Skipping	 184	 216	
4	 7.2956155e-01	 +2.5618716e-01 -8.9344480e-04	 5.37e-12 Skipping	 182	 214	
5	 7.1750187e-01	 +2.3513110e-01 +1.0857248e-03	 2.98e-08 Skipping	 181	 214	
6	 7.0989838e-01	 +2.1602458e-01 -1.1031184e-04	 9.40e-06 Skipping	 181	 213	
7	 7.0493283e-01	 +2.0583919e-01 +6.2080462e-04	 5.78e-04 Skipping	 181	 213	
8	 7.0184377e-01	 +2.0048785e-01 +3.4224602e-04	 1.24e-02 Skipping	 181	 213	
9	 6.9949950e-01	 +1.9663878e-01 -3.8661601e-04	 2.09e-02 Skipping	 181	 214	
10	 6.9831222e-01	 +1.9290211e-01 +4.5764210e-04	 1.29e-01 Skipping	 181	 213	
11	 6.9746690e-01	 +1.8936278e-01 +1.3131425e-03	 1.81e-01 Skipping	 181	 214	
12	 6.9683311e-01	 +1.8716937e-01 +6.0992522e-04	 3.09e-01 Skipping	 181	 214	
13	 6.9640239e-01	 +1.8521805e-01 -1.5245498e-03	 5.07e-01 Skipping	 181	 214	
14	 6.9625735e-01	 +1.8097654e-01 -2.1599460e-05	 1.02e+00 Skipping	 181	 214	
15	 6.9582389e-01	 +1.8253531e-01 +4.1731347e-04	 5.44e-01 Skipping	 181	 214	
16	 6.9571190e-01	 +1.7976255e-01 -4.1048692e-04	 6.85e-01 Skipping	 181	 215	
17	 6.9568651e-01	 +1.7976417e-01 +7.4466479e-04	 8.42e-01 Skipping	 181	 215	
18	 6.9569452e-01	 +1.7908813e-01 +2.7206923e-04	 1.07e+00 Skipping	 181	 215	
19	 6.9589802e-01	 +1.8035259e-01 -4.6744894e-04	 1.20e+00 Skipping	 181	 214	
20	 6.9568554e-01	 +1.7832364e-01 -1.0998410e-03	 9.38e-01 Skipping	 181	 215	
21	 6.9552505e-01	 +1.8064204e-01 +8.6465402e-04	 6.30e-01 Skipping	 182	 215	
22	 6.9572922e-01	 +1.8115239e-01 -7.3391387e-05	 1.50e+00 Skipping	 182	 216	
23	 6.9575516e-01	 +1.8026448e-01 +4.6869305e-04	 9.23e-01 Skipping	 181	 216	
24	 6.9572265e-01	 +1.7681539e-01 +5.7923707e-04	 1.06e+00 Skipping	 182	 215	
25	 6.9576068e-01	 +1.7612655e-01 +7.3159305e-04	 1.15e+00 Skipping	 182	 215	
26	 6.9592508e-01	 +1.7805603e-01 +1.4424810e-04	 1.38e+00 Skipping	 182	 215	
27	 6.9567077e-01	 +1.8113681e-01 -1.1719684e-03	 5.20e-01 Skipping	 181	 215	
28	 6.9572726e-01	 +1.7981567e-01 -7.9651593e-04	 9.51e-01 Skipping	 182	 215	
29	 6.9585279e-01	 +1.8123760e-01 +6.2549139e-04	 1.05e+00 Skipping	 182	 215	
30	 6.9579347e-01	 +1.7945362e-01 -1.8764787e-05	 8.34e-01 Skipping	 181	 215	
31	 6.9581828e-01	 +1.8004223e-01 -4.3022176e-04	 1.25e+00 Skipping	 181	 214	
32	 6.9575248e-01	 +1.8235405e-01 -1.2697948e-03	 8.01e-01 Skipping	 182	 215	
33	 6.9574056e-01	 +1.8210333e-01 +9.9695746e-04	 8.01e-01 Skipping	 181	 215	
34	 6.9565367e-01	 +1.7957160e-01 -1.3035078e-03	 8.29e-01 Skipping	 182	 215	
35	 6.9565551e-01	 +1.7923797e-01 +1.2618321e-04	 1.81e+00 Skipping	 181	 215	
36	 6.9544890e-01	 +1.8002335e-01 -3.9568451e-04	 7.92e-01 Skipping	 182	 215	
37	 6.9568368e-01	 +1.7870393e-01 -5.5057696e-04	 1.27e+00 Skipping	 182	 216	
38	 6.9547965e-01	 +1.7997957e-01 +8.3509996e-04	 7.21e-01 Skipping	 182	 216	
39	 6.9564721e-01	 +1.7817577e-01 +1.1229654e-03	 1.14e+00 Skipping	 183	 216	
40	 6.9576875e-01	 +1.7927216e-01 +1.6853920e-03	 1.10e+00 Skipping	 182	 216	
41	 6.9555842e-01	 +1.7573032e-01 -8.4867341e-04	 6.59e-01 Skipping	 182	 216	
42	 6.9554872e-01	 +1.7540805e-01 -9.3127371e-04	 1.20e+00 Skipping	 182	 216	
43	 6.9563120e-01	 +1.7323442e-01 +1.3828337e-03	 1.06e+00 Skipping	 182	 216	
44	 6.9555060e-01	 +1.7913258e-01 -5.0444767e-04	 7.94e-01 Skipping	 183	 215	
45	 6.9551540e-01	 +1.7587453e-01 -2.6406209e-04	 7.04e-01 Skipping	 182	 215	
46	 6.9552216e-01	 +1.7582345e-01 +1.1976951e-05	 9.79e-01 Skipping	 182	 216	
47	 6.9554365e-01	 +1.7842001e-01 -1.8522306e-04	 1.08e+00 Skipping	 182	 215	
48	 6.9546186e-01	 +1.7919345e-01 -1.1969295e-04	 1.23e+00 Skipping	 182	 216	
49	 6.9561098e-01	 +1.7639235e-01 +8.5698941e-04	 1.80e+00 Skipping	 182	 215	
50	 6.9549367e-01	 +1.7701002e-01 +1.8903131e-03	 9.64e-01 Skipping	 182	 216	
51	 6.9546082e-01	 +1.7682702e-01 -1.3420421e-03	 1.13e+00 Accepted	 182	 216	
52	 6.9556191e-01	 +1.7471998e-01 -9.5400901e-04	 1.24e+00 Accepted	 182	 216	
53	 6.9575921e-01	 +1.7537762e-01 +4.7648057e-04	 1.15e+00 Accepted	 182	 215	
54	 6.9556828e-01	 +1.7531653e-01 +5.0065684e-04	 7.06e-01 Accepted	 182	 215	
55	 6.9567324e-01	 +1.7713428e-01 -3.3833967e-04	 1.16e+00 Accepted	 182	 216	
56	 6.9574114e-01	 +1.7475090e-01 +2.2730086e-04	 1.61e+00 Accepted	 182	 215	
57	 6.9576494e-01	 +1.7414095e-01 -4.9702832e-04	 1.28e+00 Accepted	 183	 216	
58	 6.9569955e-01	 +1.7385503e-01 -2.3292584e-04	 6.09e-01 Accepted	 183	 216	
59	 6.9559654e-01	 +1.7741341e-01 -2.4239784e-04	 7.83e-01 Accepted	 182	 216	
60	 6.9570523e-01	 +1.7719312e-01 -6.3204545e-04	 1.08e+00 Accepted	 182	 216	
61	 6.9563795e-01	 +1.7414046e-01 +1.1778263e-03	 8.04e-01 Accepted	 182	 216	
62	 6.9550251e-01	 +1.7236999e-01 -4.4631277e-04	 8.00e-01 Accepted	 182	 217	
63	 6.9576686e-01	 +1.7332625e-01 +8.4251527e-05	 1.78e+00 Accepted	 183	 218	
64	 6.9566873e-01	 +1.7163246e-01 +6.5930769e-04	 9.34e-01 Accepted	 183	 217	
65	 6.9574109e-01	 +1.7360765e-01 -3.9344344e-04	 1.24e+00 Accepted	 183	 218	
66	 6.9556520e-01	 +1.7362299e-01 -3.4806033e-04	 7.66e-01 Accepted	 183	 217	
67	 6.9564992e-01	 +1.7384468e-01 +5.0437580e-04	 7.14e-01 Accepted	 183	 217	
68	 6.9561630e-01	 +1.7560673e-01 -5.1354744e-04	 9.63e-01 Accepted	 182	 216	
69	 6.9555321e-01	 +1.7668829e-01 +1.1164765e-04	 1.20e+00 Accepted	 182	 216	
70	 6.9555702e-01	 +1.7517685e-01 -3.6959494e-04	 8.57e-01 Accepted	 183	 217	
71	 6.9552529e-01	 +1.7694221e-01 -3.0829403e-04	 1.03e+00 Accepted	 183	 216	
72	 6.9539178e-01	 +1.7562035e-01 -1.3287074e-04	 1.17e+00 Accepted	 182	 216	
73	 6.9539785e-01	 +1.7467128e-01 +3.7377369e-04	 8.83e-01 Accepted	 183	 217	
74	 6.9560825e-01	 +1.7673309e-01 -8.8829631e-04	 1.72e+00 Accepted	 183	 217	
75	 6.9557119e-01	 +1.7413044e-01 +5.6267624e-04	 1.27e+00 Accepted	 182	 216	
76	 6.9577708e-01	 +1.7805586e-01 -1.8830635e-03	 1.40e+00 Accepted	 182	 217	
77	 6.9577708e-01	 +1.7805586e-01 -1.8830635e-03	 7.42e-01 Rejected	 183	 217	
78	 6.9577182e-01	 +1.7673550e-01 +3.5961851e-04	 1.10e+00 Accepted	 183	 216	
79	 6.9577182e-01	 +1.7673550e-01 +3.5961851e-04	 7.50e-01 Rejected	 182	 216	
80	 6.9590992e-01	 +1.7736048e-01 -9.5690673e-04	 1.28e+00 Accepted	 182	 216	
81	 6.9577586e-01	 +1.7537612e-01 -1.3247193e-03	 5.58e-01 Accepted	 182	 216	
82	 6.9591269e-01	 +1.7516376e-01 -1.1948575e-03	 1.61e+00 Accepted	 183	 216	
83	 6.9572630e-01	 +1.7396812e-01 -8.7952168e-04	 6.82e-01 Accepted	 182	 217	
84	 6.9573480e-01	 +1.7255369e-01 +9.1269835e-04	 9.72e-01 Accepted	 183	 218	
85	 6.9582389e-01	 +1.7422150e-01 -8.7645105e-04	 1.24e+00 Accepted	 183	 218	
86	 6.9576652e-01	 +1.7382681e-01 +8.2233790e-04	 5.01e-01 Accepted	 183	 218	
87	 6.9583445e-01	 +1.7425880e-01 +1.3505378e-03	 1.16e+00 Accepted	 183	 218	
88	 6.9557301e-01	 +1.7316203e-01 +2.0662073e-03	 6.08e-01 Accepted	 183	 218	
89	 6.9551572e-01	 +1.7236101e-01 +5.7859420e-04	 8.33e-01 Accepted	 183	 217	
90	 6.9562549e-01	 +1.7513701e-01 +8.3183274e-04	 1.50e+00 Accepted	 183	 216	
91	 6.9556050e-01	 +1.7512704e-01 -8.7342870e-04	 1.17e+00 Accepted	 183	 217	
92	 6.9556050e-01	 +1.7512704e-01 -8.7342870e-04	 7.81e-01 Rejected	 183	 216	
93	 6.9569751e-01	 +1.7522065e-01 +5.3637064e-04	 1.17e+00 Accepted	 182	 217	
94	 6.9580442e-01	 +1.7197282e-01 -5.6180632e-04	 1.00e+00 Accepted	 182	 216	
95	 6.9579476e-01	 +1.7112363e-01 +6.9228355e-06	 1.08e+00 Accepted	 183	 217	
96	 6.9582430e-01	 +1.7313056e-01 -1.0370371e-03	 8.41e-01 Accepted	 183	 217	
97	 6.9573757e-01	 +1.7292586e-01 +4.6905556e-04	 1.01e+00 Accepted	 182	 216	
98	 6.9578130e-01	 +1.7383958e-01 -1.1496376e-03	 1.19e+00 Accepted	 183	 217	
99	 6.9588134e-01	 +1.7216574e-01 -5.7862454e-04	 1.04e+00 Accepted	 182	 216	
100	 6.9566221e-01	 +1.7491934e-01 -2.2063736e-03	 8.20e-01 Accepted	 182	 216	
101	 6.9553227e-01	 +1.7416487e-01 +5.0192702e-04	 6.73e-01 Accepted	 182	 216	
102	 6.9563043e-01	 +1.7618761e-01 +1.8427109e-05	 1.00e+00 Accepted	 182	 216	
103	 6.9555202e-01	 +1.7426482e-01 -3.2174082e-04	 8.63e-01 Accepted	 181	 216	
104	 6.9552661e-01	 +1.7609734e-01 -8.3932883e-04	 6.23e-01 Accepted	 182	 216	
105	 6.9543745e-01	 +1.7699150e-01 -6.0321038e-04	 8.02e-01 Accepted	 181	 216	
106	 6.9543745e-01	 +1.7699150e-01 -6.0321038e-04	 5.94e-01 Rejected	 182	 215	
107	 6.9561462e-01	 +1.7908787e-01 -2.8880088e-04	 1.01e+00 Accepted	 182	 216	
108	 6.9573668e-01	 +1.7313765e-01 -3.1615375e-04	 1.19e+00 Accepted	 182	 216	
109	 6.9573668e-01	 +1.7313765e-01 -3.1615375e-04	 5.88e-01 Rejected	 182	 216	
110	 6.9566883e-01	 +1.7669594e-01 +7.6748545e-04	 1.02e+00 Accepted	 183	 216	
111	 6.9548331e-01	 +1.7459840e-01 +1.9421359e-04	 6.22e-01 Accepted	 182	 216	
112	 6.9548906e-01	 +1.7387193e-01 -1.9853241e-03	 9.72e-01 Accepted	 182	 215	
113	 6.9550673e-01	 +1.7475277e-01 -5.1146407e-04	 9.17e-01 Accepted	 182	 216	
114	 6.9557168e-01	 +1.7686306e-01 -1.0176267e-03	 1.03e+00 Accepted	 182	 216	
115	 6.9561216e-01	 +1.7683051e-01 -9.3198812e-04	 9.83e-01 Accepted	 182	 216	
116	 6.9560315e-01	 +1.7365188e-01 +2.5777333e-04	 1.18e+00 Accepted	 182	 216	
117	 6.9569336e-01	 +1.7438443e-01 +1.6945458e-03	 1.11e+00 Accepted	 182	 216	
118	 6.9569336e-01	 +1.7438443e-01 +1.6945458e-03	 8.75e-01 Rejected	 182	 216	
119	 6.9574347e-01	 +1.7418671e-01 -4.3757995e-04	 1.13e+00 Accepted	 182	 217	
120	 6.9565837e-01	 +1.7409924e-01 -7.1352981e-04	 8.52e-01 Accepted	 183	 218	
121	 6.9568442e-01	 +1.7587232e-01 -1.0939552e-03	 8.08e-01 Accepted	 182	 216	
122	 6.9550500e-01	 +1.7405822e-01 -1.8824883e-03	 5.68e-01 Accepted	 183	 217	
123	 6.9578942e-01	 +1.7342519e-01 -1.8529433e-03	 1.89e+00 Accepted	 183	 217	
124	 6.9578942e-01	 +1.7342519e-01 -1.8529433e-03	 6.59e-01 Rejected	 182	 216	
125	 6.9578942e-01	 +1.7342519e-01 -1.8529433e-03	 7.00e-01 Rejected	 183	 216	
126	 6.9579576e-01	 +1.7537357e-01 -1.5978241e-03	 9.63e-01 Accepted	 183	 216	
127	 6.9580742e-01	 +1.7606204e-01 +4.8960586e-04	 1.35e+00 Accepted	 182	 216	
128	 6.9564638e-01	 +1.7349628e-01 -4.0036228e-04	 8.15e-01 Accepted	 182	 216	
129	 6.9552804e-01	 +1.7164481e-01 +4.1853017e-04	 7.52e-01 Accepted	 183	 218	
130	 6.9560528e-01	 +1.7565315e-01 +9.3930866e-04	 9.85e-01 Accepted	 183	 216	
131	 6.9558489e-01	 +1.7408644e-01 -1.1360876e-03	 8.96e-01 Accepted	 182	 216	
132	 6.9555597e-01	 +1.7548170e-01 -2.9365744e-04	 7.67e-01 Accepted	 182	 216	
133	 6.9567817e-01	 +1.7430235e-01 +2.6192780e-04	 1.34e+00 Accepted	 182	 216	
134	 6.9573501e-01	 +1.7557088e-01 +1.5256847e-03	 9.63e-01 Accepted	 183	 216	
135	 6.9571771e-01	 +1.7634843e-01 +6.3530492e-04	 8.08e-01 Accepted	 182	 218	
136	 6.9545955e-01	 +1.7716461e-01 -9.5317260e-04	 9.06e-01 Accepted	 183	 216	
137	 6.9559349e-01	 +1.7151925e-01 -2.4571991e-04	 1.43e+00 Accepted	 182	 216	
138	 6.9551046e-01	 +1.7196803e-01 +1.0784782e-03	 1.29e+00 Accepted	 182	 216	
139	 6.9543852e-01	 +1.7413502e-01 +1.9050265e-04	 1.14e+00 Accepted	 182	 216	
140	 6.9555791e-01	 +1.7469869e-01 -5.3003940e-04	 1.26e+00 Accepted	 183	 216	
141	 6.9576409e-01	 +1.7555342e-01 -3.5186858e-04	 1.29e+00 Accepted	 182	 216	
142	 6.9576149e-01	 +1.7262609e-01 -4.1024302e-05	 1.03e+00 Accepted	 183	 216	
143	 6.9561333e-01	 +1.7519442e-01 +5.7812307e-04	 8.24e-01 Accepted	 183	 218	
144	 6.9577694e-01	 +1.7579791e-01 +9.0697701e-05	 1.01e+00 Accepted	 183	 218	
145	 6.9556638e-01	 +1.7716367e-01 +4.0885867e-04	 8.01e-01 Accepted	 182	 216	
146	 6.9576304e-01	 +1.7621815e-01 +1.5953174e-04	 1.04e+00 Accepted	 182	 216	
147	 6.9563110e-01	 +1.7394154e-01 -7.5473866e-04	 1.29e+00 Accepted	 182	 217	
148	 6.9562016e-01	 +1.7666869e-01 +1.4880168e-03	 1.00e+00 Accepted	 182	 215	
149	 6.9575171e-01	 +1.7505493e-01 +4.8867931e-04	 1.31e+00 Accepted	 182	 216	
150	 6.9575748e-01	 +1.7608497e-01 +4.9585567e-04	 9.74e-01 Accepted	 182	 216	
151	 6.9566049e-01	 +1.7954212e-01 +6.0251134e-04	 8.47e-01 Accepted	 182	 216	
152	 6.9557069e-01	 +1.7803760e-01 +1.4562936e-03	 1.11e+00 Accepted	 182	 216	
153	 6.9554025e-01	 +1.7511402e-01 +3.2497453e-04	 1.05e+00 Accepted	 182	 216	
154	 6.9567746e-01	 +1.7669723e-01 -5.5995451e-04	 1.12e+00 Accepted	 182	 216	
155	 6.9571218e-01	 +1.7789519e-01 -4.9208150e-04	 7.45e-01 Accepted	 182	 216	
156	 6.9579153e-01	 +1.7443686e-01 -1.0124759e-03	 9.70e-01 Accepted	 183	 216	
157	 6.9572611e-01	 +1.7579160e-01 -7.3487426e-04	 1.04e+00 Accepted	 182	 217	
158	 6.9556143e-01	 +1.7623036e-01 -8.2939020e-04	 9.99e-01 Accepted	 183	 218	
159	 6.9562360e-01	 +1.7606498e-01 -1.5008204e-03	 1.32e+00 Accepted	 182	 216	
160	 6.9563113e-01	 +1.7642189e-01 -1.2076558e-03	 1.02e+00 Accepted	 183	 216	
161	 6.9562378e-01	 +1.7716689e-01 +8.7050728e-05	 1.20e+00 Accepted	 182	 215	
162	 6.9543766e-01	 +1.7431204e-01 -2.5366003e-04	 1.24e+00 Accepted	 182	 216	
163	 6.9539202e-01	 +1.7326152e-01 -7.2649337e-04	 7.98e-01 Accepted	 182	 216	
164	 6.9543472e-01	 +1.7685244e-01 -2.0970656e-04	 1.25e+00 Accepted	 182	 216	
165	 6.9555406e-01	 +1.7641655e-01 +6.8535250e-04	 1.11e+00 Accepted	 182	 215	
166	 6.9572731e-01	 +1.7494586e-01 -1.4740751e-03	 8.65e-01 Accepted	 182	 216	
167	 6.9559990e-01	 +1.7375343e-01 -1.2874265e-03	 9.65e-01 Accepted	 182	 217	
168	 6.9568826e-01	 +1.7367714e-01 -4.4961564e-04	 1.41e+00 Accepted	 182	 216	
169	 6.9571641e-01	 +1.7273618e-01 +8.4820115e-04	 1.01e+00 Accepted	 182	 216	
170	 6.9571641e-01	 +1.7273618e-01 +8.4820115e-04	 8.36e-01 Rejected	 183	 218	
171	 6.9583954e-01	 +1.7293915e-01 -8.9964318e-04	 1.19e+00 Accepted	 183	 216	
172	 6.9565724e-01	 +1.7508633e-01 +3.4424194e-05	 8.00e-01 Accepted	 182	 216	
173	 6.9569456e-01	 +1.7082377e-01 -1.0556536e-03	 1.23e+00 Accepted	 182	 216	
174	 6.9573836e-01	 +1.7403015e-01 -1.8352864e-04	 1.59e+00 Accepted	 182	 216	
175	 6.9581357e-01	 +1.7225426e-01 -7.0394463e-05	 1.12e+00 Accepted	 182	 216	
176	 6.9581054e-01	 +1.7226818e-01 +7.8206771e-05	 6.27e-01 Accepted	 182	 216	
177	 6.9557624e-01	 +1.7356477e-01 +8.9646671e-06	 8.53e-01 Accepted	 182	 216	
178	 6.9562023e-01	 +1.7408649e-01 -7.6957035e-04	 1.40e+00 Accepted	 182	 216	
179	 6.9560409e-01	 +1.7538993e-01 -8.4618561e-04	 8.15e-01 Accepted	 183	 216	
180	 6.9569259e-01	 +1.7226532e-01 +7.7894178e-04	 1.18e+00 Accepted	 183	 216	
181	 6.9586928e-01	 +1.7518913e-01 -4.2344443e-04	 1.03e+00 Accepted	 182	 216	
182	 6.9573310e-01	 +1.7546586e-01 +2.4758961e-04	 9.61e-01 Accepted	 182	 216	
183	 6.9565019e-01	 +1.7730281e-01 -1.7994816e-03	 9.29e-01 Accepted	 182	 216	
184	 6.9559605e-01	 +1.7688301e-01 -3.4588466e-04	 9.64e-01 Accepted	 182	 216	
185	 6.9555629e-01	 +1.7277934e-01 -1.1577105e-03	 1.22e+00 Accepted	 182	 216	
186	 6.9551218e-01	 +1.7258073e-01 -8.0660707e-04	 1.28e+00 Accepted	 182	 216	
187	 6.9557178e-01	 +1.7608849e-01 -3.4076592e-04	 1.54e+00 Accepted	 181	 215	
188	 6.9570324e-01	 +1.7612929e-01 +1.0564767e-04	 1.20e+00 Accepted	 182	 216	
189	 6.9571563e-01	 +1.7586889e-01 +1.1561370e-03	 8.42e-01 Accepted	 181	 215	
190	 6.9561870e-01	 +1.7373756e-01 +6.3637131e-04	 1.04e+00 Accepted	 182	 215	
191	 6.9561870e-01	 +1.7373756e-01 +6.3637131e-04	 8.13e-01 Rejected	 182	 215	
192	 6.9554279e-01	 +1.7287377e-01 -9.5525125e-04	 7.27e-01 Accepted	 182	 216	
193	 6.9550589e-01	 +1.7188773e-01 -1.6301987e-04	 1.27e+00 Accepted	 182	 217	
194	 6.9542281e-01	 +1.7100754e-01 +3.1646729e-03	 1.04e+00 Accepted	 182	 217	
195	 6.9541827e-01	 +1.7122335e-01 +1.6223687e-03	 5.47e-01 Accepted	 182	 217	
196	 6.9550701e-01	 +1.7210762e-01 +1.0384471e-03	 1.17e+00 Accepted	 182	 216	
197	 6.9561490e-01	 +1.7173012e-01 +4.5731155e-04	 2.04e+00 Accepted	 183	 217	
198	 6.9544447e-01	 +1.7311623e-01 -3.0941359e-05	 8.64e-01 Accepted	 183	 216	
199	 6.9556365e-01	 +1.7311672e-01 +1.3056119e-03	 1.04e+00 Accepted	 182	 216	
200	 6.9563977e-01	 +1.7331893e-01 -5.9568336e-05	 8.83e-01 Accepted	 183	 216	
201	 6.9561426e-01	 +1.7301124e-01 -3.7798160e-04	 1.25e+00 Accepted	 183	 216	
202	 6.9557117e-01	 +1.7215003e-01 +4.3092832e-04	 7.91e-01 Accepted	 184	 218	
203	 6.9566522e-01	 +1.7254396e-01 -1.5404399e-03	 1.07e+00 Accepted	 183	 218	
204	 6.9574443e-01	 +1.7334391e-01 +2.8927985e-04	 1.42e+00 Accepted	 183	 216	
205	 6.9578005e-01	 +1.7112681e-01 -7.8648121e-04	 1.35e+00 Accepted	 182	 216	
206	 6.9574770e-01	 +1.7075281e-01 -1.3385199e-05	 8.50e-01 Accepted	 183	 217	
207	 6.9549759e-01	 +1.7214820e-01 -3.4278398e-04	 6.45e-01 Accepted	 183	 216	
208	 6.9576210e-01	 +1.7195113e-01 +7.0416037e-04	 1.45e+00 Accepted	 183	 218	
209	 6.9570882e-01	 +1.7212949e-01 +7.4705854e-04	 9.11e-01 Accepted	 183	 217	
210	 6.9547370e-01	 +1.7054502e-01 +1.2627528e-03	 4.87e-01 Accepted	 183	 218	
211	 6.9558645e-01	 +1.7207602e-01 -2.7169354e-04	 1.41e+00 Accepted	 182	 217	
212	 6.9566349e-01	 +1.7276593e-01 -1.8468580e-03	 1.12e+00 Accepted	 183	 217	
213	 6.9582554e-01	 +1.7297279e-01 -1.1557719e-03	 1.51e+00 Accepted	 182	 216	
214	 6.9569807e-01	 +1.7539986e-01 -1.8874900e-03	 9.47e-01 Accepted	 184	 218	
215	 6.9588101e-01	 +1.7267728e-01 -1.0476655e-03	 1.21e+00 Accepted	 182	 216	
216	 6.9572775e-01	 +1.7275141e-01 -2.0398876e-03	 9.83e-01 Accepted	 182	 216	
217	 6.9574694e-01	 +1.7261034e-01 -1.6958623e-03	 1.52e+00 Accepted	 182	 217	
218	 6.9574694e-01	 +1.7261034e-01 -1.6958623e-03	 7.62e-01 Rejected	 183	 217	
219	 6.9577097e-01	 +1.7186230e-01 -8.7928303e-04	 1.02e+00 Accepted	 183	 217	
220	 6.9583869e-01	 +1.7337048e-01 -8.5139948e-04	 8.92e-01 Accepted	 183	 216	
221	 6.9581607e-01	 +1.7200632e-01 -1.7790002e-03	 1.33e+00 Accepted	 183	 216	
222	 6.9560099e-01	 +1.7127279e-01 -1.3028448e-03	 6.23e-01 Accepted	 183	 216	
223	 6.9552138e-01	 +1.7620192e-01 -7.7663508e-04	 9.67e-01 Accepted	 182	 216	
224	 6.9564677e-01	 +1.7680585e-01 -1.3315430e-03	 9.40e-01 Accepted	 182	 216	
225	 6.9576682e-01	 +1.7687505e-01 -1.1763431e-05	 9.94e-01 Accepted	 182	 216	
226	 6.9557512e-01	 +1.7630003e-01 -2.0068563e-03	 1.06e+00 Accepted	 182	 216	
227	 6.9584774e-01	 +1.7446849e-01 +9.3211339e-04	 1.78e+00 Accepted	 182	 217	
228	 6.9566689e-01	 +1.7249768e-01 -1.4049881e-03	 8.93e-01 Accepted	 183	 217	
229	 6.9565618e-01	 +1.7176470e-01 -2.3921953e-05	 7.89e-01 Accepted	 182	 216	
230	 6.9573430e-01	 +1.7656124e-01 -8.7018292e-04	 1.00e+00 Accepted	 182	 216	
231	 6.9571478e-01	 +1.7115304e-01 -1.5398353e-03	 1.04e+00 Accepted	 182	 216	
232	 6.9567900e-01	 +1.7027537e-01 -5.2137978e-04	 7.99e-01 Accepted	 182	 216	
233	 6.9558712e-01	 +1.6916546e-01 -9.6738200e-04	 7.84e-01 Accepted	 182	 218	
234	 6.9558712e-01	 +1.6916546e-01 -9.6738200e-04	 7.64e-01 Rejected	 183	 217	
235	 6.9560064e-01	 +1.7250453e-01 -5.2685838e-05	 1.39e+00 Accepted	 183	 217	
236	 6.9564014e-01	 +1.7071706e-01 -1.6415785e-04	 9.16e-01 Accepted	 182	 216	
# Starting_type: CheckpointStart
# Trajectory_length / Number_of_MD_steps: 1 / 8
# 	 Plaquette	 Polyakov_Loop(re,im)	 Acc._Probability	 runtime_per_traj(s)	 CG_iterations	
237	 6.9572636e-01	 +1.7456263e-01 -2.8888080e-04	 1.01e+00 Skipping	 183	 216	
238	 6.9568607e-01	 +1.7441414e-01 -2.0313680e-03	 7.03e-01 Skipping	 181	 217	
239	 6.9576363e-01	 +1.7641118e-01 +1.1634086e-03	 1.25e+00 Skipping	 182	 217	
240	 6.9566232e-01	 +1.7633272e-01 -6.3231209e-04	 7.29e-01 Skipping	 182	 216	
241	 6.9572534e-01	 +1.7629238e-01 -1.0156106e-03	 1.28e+00 Skipping	 181	 216	
242	 6.9569807e-01	 +1.7463378e-01 -1.8959222e-03	 7.15e-01 Skipping	 181	 216	
243	 6.9581396e-01	 +1.7580933e-01 +3.4310968e-04	 1.27e+00 Skipping	 181	 216	
244	 6.9560402e-01	 +1.7415440e-01 -7.9898175e-04	 6.06e-01 Skipping	 181	 216	
245	 6.9571417e-01	 +1.7462888e-01 +2.9662667e-04	 1.51e+00 Skipping	 181	 216	
246	 6.9581199e-01	 +1.7440161e-01 -4.8076702e-04	 1.11e+00 Skipping	 181	 216	
247	 6.9563519e-01	 +1.7285306e-01 +1.4611286e-04	 6.94e-01 Skipping	 181	 217	
248	 6.9573949e-01	 +1.7540605e-01 -2.2408830e-04	 1.33e+00 Skipping	 182	 216	
249	 6.9567690e-01	 +1.7193555e-01 +4.4205060e-04	 8.52e-01 Skipping	 181	 216	
250	 6.9570165e-01	 +1.7352126e-01 -5.9264018e-04	 9.22e-01 Skipping	 182	 216	
251	 6.9583020e-01	 +1.7427840e-01 -5.7959632e-04	 7.70e-01 Skipping	 181	 217	
252	 6.9567527e-01	 +1.7186768e-01 +3.3929451e-04	 8.06e-01 Skipping	 181	 216	
253	 6.9563631e-01	 +1.7137616e-01 -1.1599553e-03	 9.35e-01 Skipping	 181	 217	
254	 6.9552755e-01	 +1.7478984e-01 -1.5846971e-03	 1.03e+00 Skipping	 182	 217	
255	 6.9541087e-01	 +1.7595114e-01 -6.7443672e-04	 8.41e-01 Skipping	 181	 217	
256	 6.9540767e-01	 +1.7212036e-01 -1.4277456e-03	 6.35e-01 Skipping	 182	 217	
257	 6.9567743e-01	 +1.7542835e-01 +1.9271250e-04	 1.51e+00 Skipping	 182	 218	
258	 6.9561937e-01	 +1.7468262e-01 -3.4143637e-04	 1.38e+00 Skipping	 182	 217	
259	 6.9542332e-01	 +1.7451700e-01 +5.5045154e-04	 6.92e-01 Skipping	 181	 217	
260	 6.9548439e-01	 +1.7367519e-01 +1.8697301e-03	 1.29e+00 Skipping	 181	 216	
261	 6.9531837e-01	 +1.7453060e-01 -6.2581362e-04	 6.78e-01 Skipping	 182	 216	
262	 6.9553788e-01	 +1.7257513e-01 -2.7660318e-04	 1.60e+00 Skipping	 181	 216	
263	 6.9564084e-01	 +1.7100051e-01 -4.9866462e-04	 9.95e-01 Skipping	 182	 217	
264	 6.9565716e-01	 +1.7307269e-01 +6.0017304e-04	 1.08e+00 Skipping	 182	 218	
265	 6.9545612e-01	 +1.7226663e-01 +3.5915163e-04	 6.11e-01 Skipping	 182	 218	
266	 6.9559771e-01	 +1.7222660e-01 +4.0381291e-04	 1.13e+00 Skipping	 183	 218	
267	 6.9560144e-01	 +1.7458100e-01 +2.8627349e-04	 9.82e-01 Skipping	 182	 218	
268	 6.9552712e-01	 +1.7453553e-01 -3.1124683e-04	 9.18e-01 Skipping	 182	 218	
269	 6.9553897e-01	 +1.7585832e-01 -3.0367176e-04	 1.20e+00 Skipping	 182	 217	
270	 6.9561427e-01	 +1.7526930e-01 -2.8304731e-04	 8.56e-01 Skipping	 183	 218	
271	 6.9556383e-01	 +1.7440379e-01 +1.0778743e-03	 8.16e-01 Skipping	 182	 218	
272	 6.9570917e-01	 +1.7400451e-01 +1.6176765e-03	 1.42e+00 Skipping	 182	 217	
273	 6.9565996e-01	 +1.7444657e-01 +1.2028028e-03	 7.02e-01 Skipping	 182	 217	
274	 6.9584524e-01	 +1.7336522e-01 +3.5802063e-03	 1.03e+00 Skipping	 182	 217	
275	 6.9580183e-01	 +1.7158360e-01 +1.2799483e-03	 1.30e+00 Skipping	 182	 218	
276	 6.9566939e-01	 +1.7257786e-01 +4.5676430e-04	 7.95e-01 Skipping	 182	 216	
277	 6.9569275e-01	 +1.7332715e-01 +2.9794072e-04	 6.00e-01 Skipping	 182	 216	
278	 6.9563921e-01	 +1.7224789e-01 -1.3599536e-03	 6.73e-01 Skipping	 182	 217	
279	 6.9565993e-01	 +1.7403858e-01 -2.3718213e-03	 7.05e-01 Skipping	 182	 216	
280	 6.9571761e-01	 +1.7759509e-01 -2.1033410e-04	 1.39e+00 Skipping	 182	 216	
281	 6.9573864e-01	 +1.7222240e-01 -4.3210826e-04	 1.45e+00 Skipping	 181	 216	
282	 6.9567954e-01	 +1.7354755e-01 -3.4493886e-05	 6.41e-01 Skipping	 182	 216	
283	 6.9554282e-01	 +1.7295921e-01 -2.0206559e-04	 1.16e+00 Skipping	 181	 216	
284	 6.9554763e-01	 +1.7208380e-01 +1.7081710e-03	 1.09e+00 Skipping	 182	 216	
285	 6.9566303e-01	 +1.7450539e-01 -1.4887038e-03	 1.05e+00 Skipping	 182	 216	
286	 6.9564186e-01	 +1.7343179e-01 -1.2220019e-04	 8.61e-01 Skipping	 182	 217	
287	 6.9556740e-01	 +1.7373483e-01 +8.2497762e-05	 1.06e+00 Accepted	 182	 217	
288	 6.9561156e-01	 +1.7302115e-01 +4.6346194e-05	 1.02e+00 Accepted	 182	 217	
289	 6.9554650e-01	 +1.7317737e-01 +1.5817536e-03	 7.15e-01 Accepted	 182	 216	
290	 6.9562644e-01	 +1.7385055e-01 +4.7724373e-05	 1.19e+00 Accepted	 182	 217	
291	 6.9558059e-01	 +1.7495024e-01 +1.9932634e-03	 1.04e+00 Accepted	 182	 216	
292	 6.9558059e-01	 +1.7495024e-01 +1.9932634e-03	 9.08e-01 Rejected	 182	 216	
293	 6.9548973e-01	 +1.7967111e-01 +4.4464084e-04	 6.97e-01 Accepted	 181	 216	
294	 6.9529652e-01	 +1.7335131e-01 -7.0185418e-04	 7.90e-01 Accepted	 182	 217	
295	 6.9557290e-01	 +1.7576040e-01 +1.1082270e-03	 1.16e+00 Accepted	 182	 216	
296	 6.9549590e-01	 +1.7632629e-01 +6.8660603e-04	 7.00e-01 Accepted	 182	 216	
297	 6.9538003e-01	 +1.7535144e-01 +9.4556155e-04	 8.56e-01 Accepted	 182	 216	
298	 6.9552316e-01	 +1.7587086e-01 -1.4302263e-04	 1.52e+00 Accepted	 182	 216	
299	 6.9557465e-01	 +1.7703187e-01 +5.5683367e-04	 1.31e+00 Accepted	 181	 216	
300	 6.9546866e-01	 +1.7503170e-01 -1.3383047e-03	 6.13e-01 Accepted	 181	 216	
301	 6.9559393e-01	 +1.7653062e-01 -3.5152478e-05	 1.40e+00 Accepted	 181	 216	
302	 6.9574556e-01	 +1.7151303e-01 -9.4213156e-04	 1.22e+00 Accepted	 181	 216	
303	 6.9578743e-01	 +1.7451772e-01 -1.2764519e-03	 1.04e+00 Accepted	 182	 216	
304	 6.9566907e-01	 +1.7716818e-01 +3.3984318e-04	 7.27e-01 Accepted	 182	 216	
305	 6.9571142e-01	 +1.7188493e-01 -5.2472370e-06	 1.49e+00 Accepted	 182	 217	
306	 6.9571142e-01	 +1.7188493e-01 -5.2472370e-06	 7.21e-01 Rejected	 182	 218	
307	 6.9566989e-01	 +1.7173418e-01 +1.3477903e-03	 1.01e+00 Accepted	 182	 218	
308	 6.9549459e-01	 +1.7375970e-01 +2.3461800e-04	 1.09e+00 Accepted	 182	 217	
309	 6.9570876e-01	 +1.7086447e-01 +2.1410878e-04	 1.53e+00 Accepted	 182	 218	
310	 6.9577423e-01	 +1.7190495e-01 -1.6374358e-03	 7.59e-01 Accepted	 182	 217	
311	 6.9583133e-01	 +1.7435495e-01 -3.9494308e-04	 1.10e+00 Accepted	 182	 216	
312	 6.9583531e-01	 +1.7381893e-01 +8.0036037e-04	 1.32e+00 Accepted	 182	 216	
313	 6.9580796e-01	 +1.7487405e-01 -4.4800821e-04	 1.64e+00 Accepted	 182	 216	
314	 6.9571954e-01	 +1.7581668e-01 -1.3494824e-03	 9.20e-01 Accepted	 182	 216	
315	 6.9560709e-01	 +1.7424733e-01 +1.2024825e-03	 1.04e+00 Accepted	 181	 216	
316	 6.9551172e-01	 +1.7318428e-01 -2.0788462e-03	 9.86e-01 Accepted	 181	 216	
317	 6.9562280e-01	 +1.7211177e-01 +2.1638953e-03	 8.29e-01 Accepted	 181	 217	
318	 6.9566667e-01	 +1.7192011e-01 -4.8416813e-04	 6.94e-01 Accepted	 182	 216	
319	 6.9558082e-01	 +1.7497063e-01 -9.0532343e-04	 1.08e+00 Accepted	 181	 216	
320	 6.9557577e-01	 +1.7759405e-01 -1.4993948e-03	 1.04e+00 Accepted	 181	 215	
321	 6.9557720e-01	 +1.7734528e-01 -1.7444279e-03	 1.09e+00 Accepted	 181	 216	
322	 6.9553521e-01	 +1.7740037e-01 -3.8194040e-04	 9.32e-01 Accepted	 181	 215	
323	 6.9548073e-01	 +1.7773485e-01 +2.2605106e-03	 9.27e-01 Accepted	 181	 216	
324	 6.9566614e-01	 +1.7638566e-01 +5.9758936e-04	 9.59e-01 Accepted	 182	 216	
325	 6.9569594e-01	 +1.7500158e-01 -5.7503765e-04	 9.20e-01 Accepted	 181	 216	
326	 6.9562225e-01	 +1.7464072e-01 -4.3284011e-04	 6.32e-01 Accepted	 182	 216	
327	 6.9548161e-01	 +1.7402395e-01 -9.6048446e-04	 8.92e-01 Accepted	 182	 216	
328	 6.9572750e-01	 +1.7458721e-01 -1.0197473e-03	 8.63e-01 Accepted	 182	 218	
329	 6.9570241e-01	 +1.7491556e-01 -6.2196456e-05	 1.06e+00 Accepted	 182	 216	
330	 6.9559365e-01	 +1.7648972e-01 +3.0479362e-04	 7.83e-01 Accepted	 182	 216	
331	 6.9570146e-01	 +1.7579380e-01 -4.3868515e-04	 1.25e+00 Accepted	 182	 217	
332	 6.9570146e-01	 +1.7579380e-01 -4.3868515e-04	 7.70e-01 Rejected	 182	 216	
333	 6.9571666e-01	 +1.7706701e-01 +3.6408076e-04	 1.20e+00 Accepted	 181	 216	
334	 6.9584255e-01	 +1.7630050e-01 -8.9792014e-04	 1.38e+00 Accepted	 182	 216	
335	 6.9584255e-01	 +1.7630050e-01 -8.9792014e-04	 6.88e-01 Rejected	 181	 215	
336	 6.9584255e-01	 +1.7630050e-01 -8.9792014e-04	 5.54e-01 Rejected	 181	 215	
337	 6.9572002e-01	 +1.7396024e-01 +8.2546104e-04	 8.54e-01 Accepted	 181	 216	
338	 6.9568475e-01	 +1.7611408e-01 +2.5711441e-04	 7.71e-01 Accepted	 182	 216	
339	 6.9562607e-01	 +1.7353526e-01 +4.4793865e-04	 1.05e+00 Accepted	 181	 216	
340	 6.9554510e-01	 +1.7438243e-01 +2.0893595e-03	 7.53e-01 Accepted	 181	 216	
341	 6.9567830e-01	 +1.7828821e-01 -2.3242257e-04	 1.62e+00 Accepted	 181	 215	
342	 6.9556397e-01	 +1.7724924e-01 -9.5512344e-04	 7.70e-01 Accepted	 181	 215	
343	 6.9558460e-01	 +1.7629338e-01 -2.7155069e-03	 8.66e-01 Accepted	 181	 215	
344	 6.9555178e-01	 +1.7909241e-01 -1.1322332e-03	 1.15e+00 Accepted	 181	 215	
345	 6.9557138e-01	 +1.7558254e-01 -2.5399796e-05	 9.84e-01 Accepted	 181	 215	
346	 6.9585120e-01	 +1.7802146e-01 -1.0123546e-03	 1.63e+00 Accepted	 182	 216	
347	 6.9567351e-01	 +1.7622180e-01 +1.2414807e-03	 1.24e+00 Accepted	 181	 216	
348	 6.9563362e-01	 +1.7535992e-01 -5.1415370e-04	 1.10e+00 Accepted	 181	 216	
349	 6.9567698e-01	 +1.7393904e-01 -8.9130441e-04	 1.21e+00 Accepted	 181	 216	
350	 6.9559528e-01	 +1.7207948e-01 -2.8584059e-04	 8.72e-01 Accepted	 181	 216	
351	 6.9571275e-01	 +1.7438322e-01 -4.5102670e-04	 1.34e+00 Accepted	 182	 216	
352	 6.9569993e-01	 +1.7483787e-01 -7.9303571e-04	 1.62e+00 Accepted	 181	 216	
353	 6.9569601e-01	 +1.7582709e-01 -6.7888889e-04	 1.32e+00 Accepted	 181	 216	
354	 6.9570093e-01	 +1.7560316e-01 -5.4179909e-04	 6.89e-01 Accepted	 182	 216	
355	 6.9567060e-01	 +1.7468652e-01 -5.2278507e-04	 9.76e-01 Accepted	 181	 217	
356	 6.9567374e-01	 +1.7205456e-01 -1.5689792e-03	 1.23e+00 Accepted	 182	 217	
357	 6.9573369e-01	 +1.7581188e-01 +1.8204893e-03	 1.59e+00 Accepted	 181	 216	
358	 6.9569015e-01	 +1.7539202e-01 +4.4293226e-04	 9.90e-01 Accepted	 182	 216	
359	 6.9558965e-01	 +1.7372206e-01 +7.9017109e-04	 8.19e-01 Accepted	 181	 216	
360	 6.9550767e-01	 +1.7646607e-01 -1.0792357e-03	 9.19e-01 Accepted	 181	 216	
361	 6.9564015e-01	 +1.7494915e-01 -9.4942817e-04	 9.52e-01 Accepted	 182	 216	
362	 6.9564995e-01	 +1.7315106e-01 +1.9708309e-05	 1.57e+00 Accepted	 182	 216	
363	 6.9576045e-01	 +1.7507006e-01 +8.9431509e-04	 8.33e-01 Accepted	 181	 216	
364	 6.9577835e-01	 +1.7512795e-01 +7.3578685e-04	 1.18e+00 Accepted	 181	 216	
365	 6.9581202e-01	 +1.7537101e-01 -1.8545101e-03	 1.23e+00 Accepted	 182	 216	
366	 6.9567058e-01	 +1.7702675e-01 -6.1234143e-04	 9.20e-01 Accepted	 182	 216	
367	 6.9579650e-01	 +1.7434856e-01 -4.4088076e-05	 1.07e+00 Accepted	 182	 216	
368	 6.9566041e-01	 +1.7616608e-01 -1.0859977e-03	 9.51e-01 Accepted	 182	 216	
369	 6.9575096e-01	 +1.7543224e-01 -5.8550236e-04	 1.30e+00 Accepted	 181	 215	
370	 6.9560386e-01	 +1.7651663e-01 +7.9893317e-04	 9.55e-01 Accepted	 182	 215	
371	 6.9566484e-01	 +1.7343133e-01 +1.3528204e-04	 1.15e+00 Accepted	 181	 216	
372	 6.9542618e-01	 +1.7683978e-01 +5.5221037e-04	 8.69e-01 Accepted	 182	 216	
373	 6.9542618e-01	 +1.7683978e-01 +5.5221037e-04	 6.47e-01 Rejected	 182	 215	
374	 6.9547757e-01	 +1.7734759e-01 +2.2887606e-05	 7.24e-01 Accepted	 182	 216	
375	 6.9536149e-01	 +1.7790441e-01 +7.7160502e-04	 9.54e-01 Accepted	 181	 215	
376	 6.9570185e-01	 +1.8071382e-01 +7.2699775e-04	 1.25e+00 Accepted	 181	 216	
377	 6.9583595e-01	 +1.8202950e-01 +1.4061194e-03	 1.22e+00 Accepted	 181	 215	
378	 6.9565968e-01	 +1.7875582e-01 +2.9193050e-04	 9.91e-01 Accepted	 182	 215	
379	 6.9572025e-01	 +1.8084269e-01 -7.5728093e-04	 9.99e-01 Accepted	 181	 214	
380	 6.9563929e-01	 +1.8219966e-01 +6.3995792e-04	 1.25e+00 Accepted	 181	 214	
381	 6.9549473e-01	 +1.8115208e-01 -6.3013010e-04	 8.86e-01 Accepted	 180	 215	
382	 6.9573507e-01	 +1.8202606e-01 +1.6718006e-04	 1.60e+00 Accepted	 181	 214	
383	 6.9559729e-01	 +1.8280892e-01 -4.7625610e-04	 6.58e-01 Accepted	 182	 214	
384	 6.9559729e-01	 +1.8280892e-01 -4.7625610e-04	 7.59e-01 Rejected	 181	 214	
385	 6.9567019e-01	 +1.7839019e-01 +1.0893721e-03	 9.28e-01 Accepted	 181	 216	
386	 6.9564933e-01	 +1.7891311e-01 +7.3008518e-04	 7.12e-01 Accepted	 182	 216	
387	 6.9571005e-01	 +1.8020455e-01 -1.7343124e-03	 1.36e+00 Accepted	 181	 216	
388	 6.9571005e-01	 +1.8020455e-01 -1.7343124e-03	 8.64e-01 Rejected	 182	 216	
389	 6.9600913e-01	 +1.7846793e-01 -3.5227884e-04	 9.90e-01 Accepted	 181	 216	
390	 6.9578919e-01	 +1.7663248e-01 -1.2515196e-03	 9.71e-01 Accepted	 182	 217	
391	 6.9571244e-01	 +1.7686367e-01 -1.8489894e-03	 9.66e-01 Accepted	 182	 216	
392	 6.9579065e-01	 +1.7814234e-01 -1.0898264e-03	 1.25e+00 Accepted	 182	 216	
393	 6.9579065e-01	 +1.7814234e-01 -1.0898264e-03	 4.96e-01 Rejected	 182	 216	
394	 6.9575867e-01	 +1.7379406e-01 -1.2215794e-03	 8.66e-01 Accepted	 182	 218	
395	 6.9575867e-01	 +1.7379406e-01 -1.2215794e-03	 6.46e-01 Rejected	 182	 217	
396	 6.9559394e-01	 +1.7595308e-01 -8.2891321e-04	 5.93e-01 Accepted	 183	 218	
397	 6.9558597e-01	 +1.7467930e-01 -1.5758888e-03	 1.04e+00 Accepted	 182	 218	
398	 6.9546245e-01	 +1.7690043e-01 -3.8313458e-04	 7.04e-01 Accepted	 182	 216	
399	 6.9545779e-01	 +1.7684346e-01 -1.0670222e-03	 1.02e+00 Accepted	 182	 216	
400	 6.9560100e-01	 +1.7881488e-01 +1.0614369e-03	 8.92e-01 Accepted	 182	 216	
401	 6.9551280e-01	 +1.7837100e-01 -5.4401839e-04	 9.04e-01 Accepted	 182	 216	
402	 6.9556452e-01	 +1.7752851e-01 -1.0299230e-03	 1.13e+00 Accepted	 182	 218	
403	 6.9535145e-01	 +1.7448204e-01 -1.7212948e-03	 7.20e-01 Accepted	 182	 217	
404	 6.9557506e-01	 +1.7538474e-01 +9.8645741e-05	 1.36e+00 Accepted	 182	 216	
405	 6.9556649e-01	 +1.7611533e-01 -9.0701676e-04	 6.83e-01 Accepted	 182	 215	
406	 6.9573104e-01	 +1.7471050e-01 -2.2111219e-04	 1.38e+00 Accepted	 181	 216	
407	 6.9561897e-01	 +1.7553220e-01 -1.7186681e-03	 9.89e-01 Accepted	 182	 216	
408	 6.9553996e-01	 +1.7619014e-01 -1.6675625e-04	 1.22e+00 Accepted	 182	 217	
409	 6.9565007e-01	 +1.7598816e-01 -1.1864009e-04	 8.32e-01 Accepted	 181	 216	
410	 6.9556227e-01	 +1.7353034e-01 +6.1386087e-04	 7.91e-01 Accepted	 181	 216	
411	 6.9556227e-01	 +1.7353034e-01 +6.1386087e-04	 8.73e-01 Rejected	 181	 217	
412	 6.9562735e-01	 +1.7139101e-01 -5.5180488e-04	 1.08e+00 Accepted	 182	 216	
413	 6.9576685e-01	 +1.7398377e-01 -3.4929083e-04	 1.07e+00 Accepted	 181	 215	
414	 6.9575095e-01	 +1.7408736e-01 +1.2872683e-03	 8.28e-01 Accepted	 182	 215	
415	 6.9581701e-01	 +1.7447905e-01 +9.1540542e-04	 1.30e+00 Accepted	 181	 216	
416	 6.9581810e-01	 +1.7392358e-01 -2.0551192e-04	 1.19e+00 Accepted	 182	 216	
417	 6.9566948e-01	 +1.7385284e-01 +2.4693032e-03	 9.04e-01 Accepted	 181	 216	
418	 6.9574181e-01	 +1.7617840e-01 +3.3972298e-04	 1.34e+00 Accepted	 182	 216	
419	 6.9566794e-01	 +1.7706796e-01 +4.7255651e-04	 7.29e-01 Accepted	 182	 216	
420	 6.9574841e-01	 +1.7615300e-01 +1.5164588e-03	 1.53e+00 Accepted	 182	 216	
421	 6.9574342e-01	 +1.7529488e-01 +1.7337530e-03	 1.00e+00 Accepted	 182	 216	
422	 6.9557478e-01	 +1.7326420e-01 +1.2424616e-03	 8.53e-01 Accepted	 181	 216	
423	 6.9560811e-01	 +1.7719519e-01 -4.8436958e-04	 1.16e+00 Accepted	 181	 216	
424	 6.9569345e-01	 +1.7601421e-01 -1.5103555e-04	 9.94e-01 Accepted	 182	 216	
425	 6.9568545e-01	 +1.7679736e-01 -4.9102175e-04	 9.55e-01 Accepted	 181	 216	
426	 6.9556154e-01	 +1.7662709e-01 -2.2783743e-04	 7.60e-01 Accepted	 181	 215	
427	 6.9563871e-01	 +1.7784472e-01 +7.9159481e-04	 1.32e+00 Accepted	 182	 216	
428	 6.9561431e-01	 +1.7659554e-01 -9.1985141e-05	 6.23e-01 Accepted	 182	 216	
429	 6.9548598e-01	 +1.7778439e-01 +1.4862299e-03	 6.46e-01 Accepted	 181	 216	
430	 6.9560270e-01	 +1.7679395e-01 +6.7823338e-04	 1.14e+00 Accepted	 182	 216	
431	 6.9541955e-01	 +1.7747276e-01 +5.6345482e-04	 1.13e+00 Accepted	 181	 215	
432	 6.9558092e-01	 +1.7719208e-01 +5.2692472e-04	 1.16e+00 Accepted	 182	 215	
433	 6.9587485e-01	 +1.7877890e-01 +3.8001096e-04	 1.34e+00 Accepted	 182	 216	
434	 6.9599956e-01	 +1.7931447e-01 +8.3063938e-04	 9.63e-01 Accepted	 181	 215	
435	 6.9570383e-01	 +1.7820041e-01 -5.6371313e-04	 6.14e-01 Accepted	 181	 215	
436	 6.9567556e-01	 +1.7375084e-01 +7.2449059e-04	 6.10e-01 Accepted	 181	 215	
437	 6.9566376e-01	 +1.7663800e-01 -3.4327962e-04	 7.92e-01 Accepted	 182	 216	
438	 6.9573090e-01	 +1.7505307e-01 -1.1266880e-03	 8.15e-01 Accepted	 182	 217	
439	 6.9570653e-01	 +1.7769046e-01 -8.0927002e-04	 1.27e+00 Accepted	 181	 216	
440	 6.9569794e-01	 +1.7585566e-01 -1.1272087e-03	 9.77e-01 Accepted	 181	 216	
441	 6.9559443e-01	 +1.7889249e-01 +5.6567951e-05	 7.65e-01 Accepted	 181	 215	
442	 6.9572798e-01	 +1.7609597e-01 +6.0951504e-04	 8.98e-01 Accepted	 181	 215	
443	 6.9572122e-01	 +1.7823884e-01 -9.7394151e-04	 1.01e+00 Accepted	 181	 216	
444	 6.9572122e-01	 +1.7823884e-01 -9.7394151e-04	 8.35e-01 Rejected	 181	 216	
445	 6.9585550e-01	 +1.7758722e-01 +1.6972997e-04	 1.26e+00 Accepted	 181	 216	
446	 6.9585550e-01	 +1.7758722e-01 +1.6972997e-04	 7.10e-01 Rejected	 182	 216	
447	 6.9582313e-01	 +1.7377195e-01 +1.0783468e-04	 9.50e-01 Accepted	 182	 217	
448	 6.9577472e-01	 +1.7529499e-01 -2.3702167e-03	 6.85e-01 Accepted	 182	 216	
449	 6.9587743e-01	 +1.7633153e-01 -1.0608168e-03	 9.62e-01 Accepted	 181	 216	
450	 6.9587743e-01	 +1.7633153e-01 -1.0608168e-03	 4.59e-01 Rejected	 181	 216	
451	 6.9572965e-01	 +1.7585515e-01 -3.1022574e-03	 5.02e-01 Accepted	 181	 215	
452	 6.9567884e-01	 +1.7841424e-01 -1.0935382e-04	 7.29e-01 Accepted	 182	 214	
453	 6.9570626e-01	 +1.7785610e-01 +7.4440005e-05	 8.55e-01 Accepted	 181	 215	
454	 6.9561936e-01	 +1.7751710e-01 -4.7291559e-04	 1.04e+00 Accepted	 181	 215	
455	 6.9555979e-01	 +1.7614886e-01 -9.4948592e-04	 1.09e+00 Accepted	 182	 216	
456	 6.9573014e-01	 +1.7914886e-01 +9.7699065e-04	 1.54e+00 Accepted	 181	 215	
457	 6.9572995e-01	 +1.7840717e-01 +7.1663137e-05	 9.67e-01 Accepted	 181	 216	
458	 6.9577832e-01	 +1.7805303e-01 +1.0435223e-03	 8.78e-01 Accepted	 181	 215	
459	 6.9573841e-01	 +1.7638554e-01 -1.1315769e-03	 8.89e-01 Accepted	 182	 216	
460	 6.9560099e-01	 +1.7333733e-01 -1.2147249e-03	 8.66e-01 Accepted	 182	 216	
461	 6.9574544e-01	 +1.7811380e-01 -7.2167130e-04	 1.44e+00 Accepted	 181	 215	
462	 6.9567432e-01	 +1.7745050e-01 +9.7337495e-04	 8.66e-01 Accepted	 182	 216	
463	 6.9573227e-01	 +1.7647803e-01 +5.9290784e-04	 1.00e+00 Accepted	 181	 215	
464	 6.9582037e-01	 +1.7689702e-01 -9.3586001e-04	 1.13e+00 Accepted	 181	 216	
465	 6.9579557e-01	 +1.7674248e-01 -5.9666911e-04	 8.64e-01 Accepted	 182	 217	
466	 6.9579557e-01	 +1.7674248e-01 -5.9666911e-04	 5.21e-01 Rejected	 182	 217	
467	 6.9572236e-01	 +1.7607280e-01 +1.8653394e-05	 8.94e-01 Accepted	 182	 216	
468	 6.9548768e-01	 +1.7519513e-01 +1.2395128e-03	 5.32e-01 Accepted	 181	 216	
469	 6.9564865e-01	 +1.7528260e-01 +4.1852803e-04	 1.61e+00 Accepted	 182	 217	
470	 6.9569660e-01	 +1.7463555e-01 -1.4246617e-04	 1.32e+00 Accepted	 182	 217	
471	 6.9564050e-01	 +1.7296043e-01 -1.1608085e-03	 1.07e+00 Accepted	 182	 217	
472	 6.9573667e-01	 +1.7230613e-01 -1.1048819e-03	 1.21e+00 Accepted	 182	 216	
473	 6.9568298e-01	 +1.7307058e-01 +3.1709372e-04	 9.54e-01 Accepted	 182	 218	
# Starting_type: CheckpointStart
# Trajectory_length / Number_of_MD_steps: 1 / 8
# 	 Plaquette	 Polyakov_Loop(re,im)	 Acc._Probability	 runtime_per_traj(s)	 CG_iterations	
473	 6.9568298e-01	 +1.7307058e-01 +3.1709372e-04	 9.54e-01 Accepted	 184	 218	
474	 6.9569990e-01	 +1.7346926e-01 -1.5138469e-03	 9.80e-01 Accepted	 183	 217	
475	 6.9568068e-01	 +1.7276225e-01 +2.5636732e-04	 1.19e+00 Accepted	 182	 216	
476	 6.9580792e-01	 +1.7381478e-01 -1.0353434e-03	 9.48e-01 Accepted	 183	 217	
477	 6.9554261e-01	 +1.7298070e-01 +2.0988111e-04	 4.59e-01 Accepted	 182	 216	
478	 6.9557755e-01	 +1.7539574e-01 -8.5407511e-04	 1.29e+00 Accepted	 182	 216	
479	 6.9576515e-01	 +1.7705976e-01 +1.5157436e-03	 1.23e+00 Accepted	 182	 217	
480	 6.9572374e-01	 +1.7364354e-01 +5.4846240e-04	 9.30e-01 Accepted	 183	 216	
481	 6.9572374e-01	 +1.7364354e-01 +5.4846240e-04	 8.84e-01 Rejected	 182	 218	
482	 6.9581312e-01	 +1.7729440e-01 -2.4163227e-04	 1.07e+00 Accepted	 182	 218	
483	 6.9575859e-01	 +1.7507650e-01 +3.2823570e-04	 7.49e-01 Accepted	 182	 218	
484	 6.9593099e-01	 +1.7515170e-01 -5.7065615e-04	 1.30e+00 Accepted	 183	 216	
485	 6.9593099e-01	 +1.7515170e-01 -5.7065615e-04	 7.64e-01 Rejected	 182	 217	
486	 6.9593099e-01	 +1.7515170e-01 -5.7065615e-04	 7.44e-01 Rejected	 182	 216	
487	 6.9577089e-01	 +1.7442794e-01 +2.0059445e-03	 6.88e-01 Accepted	 182	 216	
488	 6.9574585e-01	 +1.7112270e-01 -1.4004577e-03	 8.63e-01 Accepted	 183	 218	
489	 6.9576104e-01	 +1.7192224e-01 -5.5019295e-04	 1.09e+00 Accepted	 182	 218	
490	 6.9569183e-01	 +1.7335123e-01 +6.3628730e-04	 9.13e-01 Accepted	 183	 218	
491	 6.9566021e-01	 +1.7262021e-01 +1.8480301e-04	 9.57e-01 Accepted	 183	 218	
492	 6.9565405e-01	 +1.6937086e-01 +7.1019678e-04	 1.01e+00 Accepted	 183	 218	
493	 6.9569717e-01	 +1.7203421e-01 +5.1207523e-04	 1.28e+00 Accepted	 182	 217	
494	 6.9573862e-01	 +1.7195799e-01 +3.2262210e-04	 1.11e+00 Accepted	 183	 217	
495	 6.9571263e-01	 +1.6834071e-01 -7.6203731e-04	 1.04e+00 Accepted	 182	 217	
496	 6.9551631e-01	 +1.6886027e-01 +1.4670470e-03	 5.63e-01 Accepted	 182	 216	
497	 6.9565393e-01	 +1.7140937e-01 +1.7771960e-03	 1.67e+00 Accepted	 182	 217	
498	 6.9561124e-01	 +1.7324793e-01 +2.6111228e-04	 9.33e-01 Accepted	 183	 218	
499	 6.9558254e-01	 +1.7142497e-01 +1.3177260e-03	 8.08e-01 Accepted	 182	 217	
500	 6.9552272e-01	 +1.7051404e-01 -7.9933548e-05	 9.46e-01 Accepted	 183	 217	
501	 6.9565156e-01	 +1.7350678e-01 -1.3877712e-03	 8.33e-01 Accepted	 182	 217	
502	 6.9557970e-01	 +1.7377950e-01 +4.1122108e-04	 1.16e+00 Accepted	 182	 217	
503	 6.9563024e-01	 +1.7363492e-01 +4.1360400e-04	 7.72e-01 Accepted	 182	 217	
504	 6.9558863e-01	 +1.7377263e-01 -8.1045507e-04	 1.07e+00 Accepted	 183	 217	
505	 6.9582611e-01	 +1.7495254e-01 +1.5149468e-04	 1.53e+00 Accepted	 182	 216	
506	 6.9585672e-01	 +1.7398046e-01 -9.4959374e-04	 8.70e-01 Accepted	 183	 216	
507	 6.9565467e-01	 +1.7132196e-01 +2.4541277e-04	 7.26e-01 Accepted	 182	 216	
508	 6.9557820e-01	 +1.7335179e-01 +2.0512630e-03	 1.24e+00 Accepted	 182	 216	
509	 6.9552669e-01	 +1.7381441e-01 -2.7348440e-04	 8.09e-01 Accepted	 182	 216	
510	 6.9568859e-01	 +1.7193091e-01 +1.9941087e-04	 1.35e+00 Accepted	 182	 217	
511	 6.9544743e-01	 +1.7477473e-01 +6.2173038e-04	 9.13e-01 Accepted	 181	 216	
512	 6.9569507e-01	 +1.7331720e-01 +6.9443387e-04	 1.22e+00 Accepted	 182	 217	
513	 6.9555549e-01	 +1.7278439e-01 +1.6037590e-03	 8.23e-01 Accepted	 182	 217	
514	 6.9568655e-01	 +1.7503746e-01 +2.9111682e-03	 1.25e+00 Accepted	 182	 216	
515	 6.9565289e-01	 +1.7461776e-01 +1.3591046e-03	 1.36e+00 Accepted	 181	 216	
516	 6.9565289e-01	 +1.7461776e-01 +1.3591046e-03	 8.62e-01 Rejected	 183	 216	
517	 6.9587385e-01	 +1.7545475e-01 +3.2305205e-04	 1.43e+00 Accepted	 182	 216	
518	 6.9572404e-01	 +1.7210869e-01 +1.0728807e-03	 6.94e-01 Accepted	 182	 218	
519	 6.9559734e-01	 +1.7033450e-01 +1.3100518e-03	 7.14e-01 Accepted	 182	 218	
520	 6.9574790e-01	 +1.7220911e-01 +4.2651434e-04	 1.28e+00 Accepted	 183	 217	
521	 6.9584286e-01	 +1.7262222e-01 +8.9617278e-04	 1.12e+00 Accepted	 182	 216	
522	 6.9590395e-01	 +1.7414375e-01 +5.7829005e-04	 1.18e+00 Accepted	 183	 217	
523	 6.9581507e-01	 +1.7478484e-01 +1.4021903e-03	 6.13e-01 Accepted	 182	 218	
524	 6.9568493e-01	 +1.7397179e-01 +2.2763971e-03	 1.02e+00 Accepted	 183	 217	
525	 6.9572848e-01	 +1.7432482e-01 +3.3552369e-04	 9.92e-01 Accepted	 182	 215	
526	 6.9572098e-01	 +1.7492028e-01 +1.7522205e-04	 1.15e+00 Accepted	 182	 216	
527	 6.9580243e-01	 +1.7710066e-01 -4.2248923e-04	 1.15e+00 Accepted	 182	 216	
528	 6.9566328e-01	 +1.7500751e-01 -4.8777918e-04	 8.88e-01 Accepted	 182	 216	
529	 6.9563123e-01	 +1.7293870e-01 +8.7192843e-05	 9.20e-01 Accepted	 182	 217	
530	 6.9557446e-01	 +1.7570237e-01 -2.5445588e-04	 6.52e-01 Accepted	 182	 216	
531	 6.9584852e-01	 +1.7639352e-01 -1.7313830e-04	 2.41e+00 Accepted	 181	 215	
532	 6.9584852e-01	 +1.7639352e-01 -1.7313830e-04	 5.13e-01 Rejected	 182	 216	
533	 6.9563137e-01	 +1.7628150e-01 -1.1871012e-03	 8.20e-01 Accepted	 182	 217	
534	 6.9576127e-01	 +1.7475664e-01 +9.7481281e-04	 1.10e+00 Accepted	 182	 216	
535	 6.9575050e-01	 +1.7484872e-01 +2.9733954e-04	 1.35e+00 Accepted	 182	 216	
536	 6.9559110e-01	 +1.7525324e-01 -1.5690984e-03	 6.09e-01 Accepted	 182	 216	
537	 6.9559202e-01	 +1.7419385e-01 +5.6041267e-04	 1.13e+00 Accepted	 182	 216	
538	 6.9554632e-01	 +1.7033766e-01 +7.9286537e-04	 1.18e+00 Accepted	 183	 216	
539	 6.9554632e-01	 +1.7033766e-01 +7.9286537e-04	 5.11e-01 Rejected	 182	 217	
540	 6.9566087e-01	 +1.7288421e-01 -3.7694565e-04	 1.21e+00 Accepted	 182	 216	
541	 6.9569933e-01	 +1.7248991e-01 +2.2861413e-03	 1.17e+00 Accepted	 182	 216	
542	 6.9566611e-01	 +1.6908015e-01 -2.6149447e-04	 7.81e-01 Accepted	 182	 216	
543	 6.9566611e-01	 +1.6908015e-01 -2.6149447e-04	 6.27e-01 Rejected	 182	 216	
544	 6.9578247e-01	 +1.7190484e-01 +2.7280520e-04	 8.91e-01 Accepted	 182	 216	
545	 6.9577791e-01	 +1.7314809e-01 +1.2715090e-03	 8.73e-01 Accepted	 182	 216	
546	 6.9566025e-01	 +1.7178687e-01 -1.2409776e-03	 9.25e-01 Accepted	 182	 216	
547	 6.9566025e-01	 +1.7178687e-01 -1.2409776e-03	 8.33e-01 Rejected	 182	 216	
548	 6.9584700e-01	 +1.7136679e-01 -1.0673916e-03	 1.11e+00 Accepted	 183	 216	
549	 6.9587774e-01	 +1.7091865e-01 -1.3295829e-03	 9.84e-01 Accepted	 181	 216	
550	 6.9556949e-01	 +1.7260521e-01 +1.6412296e-03	 6.41e-01 Accepted	 182	 216	
551	 6.9565767e-01	 +1.6989457e-01 +4.8742910e-04	 1.49e+00 Accepted	 182	 217	
552	 6.9550213e-01	 +1.7220802e-01 +5.1731507e-04	 7.08e-01 Accepted	 183	 218	
553	 6.9563564e-01	 +1.7162447e-01 +1.7182444e-03	 1.22e+00 Accepted	 182	 216	
554	 6.9556905e-01	 +1.7306930e-01 -1.0363460e-03	 1.67e+00 Accepted	 182	 216	
555	 6.9542822e-01	 +1.7194978e-01 -5.0859542e-04	 7.11e-01 Accepted	 181	 216	
556	 6.9565737e-01	 +1.7410056e-01 +3.3811766e-04	 1.30e+00 Accepted	 182	 217	
557	 6.9542905e-01	 +1.7086911e-01 +6.3492527e-04	 5.77e-01 Accepted	 182	 217	
558	 6.9547351e-01	 +1.7185608e-01 -2.9094821e-03	 7.65e-01 Accepted	 183	 217	
559	 6.9551725e-01	 +1.7186113e-01 +4.6906223e-04	 1.32e+00 Accepted	 182	 218	
560	 6.9551725e-01	 +1.7186113e-01 +4.6906223e-04	 5.87e-01 Rejected	 183	 218	
561	 6.9544822e-01	 +1.6980588e-01 -4.9566683e-04	 1.14e+00 Accepted	 182	 218	
562	 6.9568331e-01	 +1.7262997e-01 +7.3786940e-04	 1.25e+00 Accepted	 183	 218	
563	 6.9580088e-01	 +1.7269977e-01 -7.1376754e-04	 1.13e+00 Accepted	 182	 217	
564	 6.9579119e-01	 +1.7177930e-01 -2.5510080e-04	 6.57e-01 Accepted	 184	 218	
565	 6.9575685e-01	 +1.7294650e-01 -3.0583126e-04	 9.62e-01 Accepted	 182	 217	
566	 6.9556329e-01	 +1.7462977e-01 -9.6488606e-05	 9.52e-01 Accepted	 183	 217	
567	 6.9555164e-01	 +1.7432784e-01 -1.1968217e-04	 8.27e-01 Accepted	 183	 216	
568	 6.9579317e-01	 +1.7717468e-01 +1.8409841e-03	 2.17e+00 Accepted	 182	 216	
569	 6.9595678e-01	 +1.7683234e-01 +6.6837332e-04	 1.11e+00 Accepted	 182	 216	
570	 6.9579760e-01	 +1.7695662e-01 +1.4248297e-04	 9.52e-01 Accepted	 182	 215	
571	 6.9580895e-01	 +1.7317750e-01 +1.7637495e-03	 1.07e+00 Accepted	 182	 217	
572	 6.9576423e-01	 +1.7457195e-01 -1.4518813e-03	 1.14e+00 Accepted	 182	 216	
573	 6.9555117e-01	 +1.7912586e-01 -3.0215515e-04	 8.67e-01 Accepted	 182	 216	
574	 6.9552147e-01	 +1.7479326e-01 -1.2146562e-03	 1.15e+00 Accepted	 182	 216	
575	 6.9558428e-01	 +1.7607571e-01 +2.2372873e-04	 1.39e+00 Accepted	 182	 218	
576	 6.9566969e-01	 +1.7657366e-01 +5.3073909e-04	 1.19e+00 Accepted	 183	 216	
577	 6.9566969e-01	 +1.7657366e-01 +5.3073909e-04	 7.96e-01 Rejected	 182	 216	
578	 6.9578503e-01	 +1.7564825e-01 +1.7387160e-03	 1.22e+00 Accepted	 183	 217	
579	 6.9579409e-01	 +1.7266353e-01 -7.2332411e-05	 8.67e-01 Accepted	 182	 218	
580	 6.9573772e-01	 +1.7302521e-01 +5.2318807e-04	 1.02e+00 Accepted	 182	 216	
581	 6.9572512e-01	 +1.7419057e-01 +1.4292556e-03	 8.50e-01 Accepted	 182	 216	
582	 6.9579654e-01	 +1.7438837e-01 -1.1526966e-04	 1.85e+00 Accepted	 183	 216	
583	 6.9579654e-01	 +1.7438837e-01 -1.1526966e-04	 7.24e-01 Rejected	 181	 216	
584	 6.9588051e-01	 +1.7446238e-01 -6.1246991e-04	 1.33e+00 Accepted	 182	 216	
585	 6.9588051e-01	 +1.7446238e-01 -6.1246991e-04	 7.99e-01 Rejected	 182	 216	
586	 6.9571537e-01	 +1.7251466e-01 -8.1508294e-04	 8.83e-01 Accepted	 182	 216	
587	 6.9579891e-01	 +1.7389279e-01 +1.6356695e-04	 1.39e+00 Accepted	 182	 217	
588	 6.9570793e-01	 +1.7350758e-01 +1.0885956e-04	 8.67e-01 Accepted	 182	 216	
589	 6.9568502e-01	 +1.7359797e-01 +2.0076280e-04	 8.71e-01 Accepted	 182	 216	
590	 6.9562239e-01	 +1.7204717e-01 +1.4661244e-04	 8.85e-01 Accepted	 182	 216	
591	 6.9559630e-01	 +1.7318074e-01 +5.4586145e-04	 1.14e+00 Accepted	 182	 216	
592	 6.9571075e-01	 +1.7184860e-01 -7.0799570e-05	 1.12e+00 Accepted	 183	 216	
593	 6.9574658e-01	 +1.7461355e-01 -1.1118854e-03	 1.29e+00 Accepted	 182	 216	
594	 6.9579559e-01	 +1.7421008e-01 -7.0331895e-04	 9.29e-01 Accepted	 182	 216	
595	 6.9590975e-01	 +1.7323047e-01 +5.6087852e-04	 1.29e+00 Accepted	 182	 216	
596	 6.9590975e-01	 +1.7323047e-01 +5.6087852e-04	 6.63e-01 Rejected	 182	 216	
597	 6.9579390e-01	 +1.7543837e-01 -1.1296656e-03	 8.17e-01 Accepted	 181	 216	
598	 6.9571907e-01	 +1.7503617e-01 -9.8275611e-04	 1.07e+00 Accepted	 182	 216	
599	 6.9569946e-01	 +1.7523953e-01 +2.3876558e-04	 1.42e+00 Accepted	 181	 216	
600	 6.9582328e-01	 +1.7446057e-01 -1.7663667e-04	 1.44e+00 Accepted	 182	 216	
601	 6.9561395e-01	 +1.7418655e-01 +7.3016700e-04	 8.54e-01 Accepted	 181	 216	
602	 6.9565562e-01	 +1.7512759e-01 +8.7738671e-04	 6.29e-01 Accepted	 182	 215	
603	 6.9579160e-01	 +1.7350354e-01 +6.1795641e-04	 1.16e+00 Accepted	 182	 216	
604	 6.9578983e-01	 +1.7349217e-01 +7.4580689e-04	 7.02e-01 Accepted	 182	 216	
605	 6.9568234e-01	 +1.7720616e-01 -8.1705967e-05	 7.90e-01 Accepted	 181	 215	
606	 6.9563473e-01	 +1.7432183e-01 -5.4230806e-04	 6.48e-01 Accepted	 182	 215	
607	 6.9556438e-01	 +1.7376847e-01 +5.1727648e-04	 9.45e-01 Accepted	 182	 216	
608	 6.9544690e-01	 +1.7334490e-01 +7.5763169e-05	 4.90e-01 Accepted	 182	 216	
609	 6.9562450e-01	 +1.7314341e-01 -1.0809709e-03	 1.24e+00 Accepted	 182	 217	
610	 6.9552515e-01	 +1.7230761e-01 -2.0539572e-04	 7.68e-01 Accepted	 183	 216	
611	 6.9564785e-01	 +1.7354964e-01 +5.5175164e-04	 1.44e+00 Accepted	 182	 216	
612	 6.9556666e-01	 +1.7463448e-01 +2.4800882e-04	 9.36e-01 Accepted	 182	 216	
613	 6.9564282e-01	 +1.7723886e-01 +1.1056942e-03	 9.86e-01 Accepted	 182	 216	
614	 6.9561963e-01	 +1.7434380e-01 +6.8847292e-04	 1.10e+00 Accepted	 182	 216	
615	 6.9570991e-01	 +1.7465545e-01 -1.3698958e-03	 1.40e+00 Accepted	 182	 217	
616	 6.9570991e-01	 +1.7465545e-01 -1.3698958e-03	 5.87e-01 Rejected	 183	 215	
617	 6.9580371e-01	 +1.7538853e-01 +1.8265950e-03	 1.22e+00 Accepted	 181	 216	
618	 6.9580371e-01	 +1.7538853e-01 +1.8265950e-03	 5.93e-01 Rejected	 182	 216	
619	 6.9578374e-01	 +1.7657750e-01 +2.6234708e-04	 8.38e-01 Accepted	 183	 216	
620	 6.9569987e-01	 +1.7722761e-01 +6.8243421e-04	 8.19e-01 Accepted	 182	 216	
621	 6.9555072e-01	 +1.7505948e-01 -6.2115437e-04	 7.17e-01 Accepted	 182	 216	
622	 6.9532836e-01	 +1.7455488e-01 +2.2744217e-03	 5.59e-01 Accepted	 182	 216	
623	 6.9542389e-01	 +1.7539849e-01 +1.4990954e-03	 1.60e+00 Accepted	 181	 216	
624	 6.9548534e-01	 +1.7437742e-01 +8.1397546e-04	 9.19e-01 Accepted	 182	 216	
625	 6.9556097e-01	 +1.7363189e-01 +1.2211244e-03	 9.21e-01 Accepted	 181	 217	
626	 6.9542355e-01	 +1.7112061e-01 +1.9386790e-03	 6.93e-01 Accepted	 182	 217	
627	 6.9558206e-01	 +1.7205768e-01 +5.1383560e-04	 1.50e+00 Accepted	 182	 218	
628	 6.9560922e-01	 +1.7205877e-01 -1.4475398e-03	 9.67e-01 Accepted	 184	 218	
629	 6.9560035e-01	 +1.7208459e-01 -4.7004911e-04	 9.15e-01 Accepted	 182	 217	
630	 6.9575190e-01	 +1.7401645e-01 -3.5610232e-04	 1.29e+00 Accepted	 182	 216	
631	 6.9580833e-01	 +1.7315405e-01 -6.8311713e-04	 8.04e-01 Accepted	 182	 216	
632	 6.9544910e-01	 +1.7595159e-01 -2.7593274e-04	 1.06e+00 Accepted	 182	 218	
633	 6.9555326e-01	 +1.7221291e-01 +1.2030077e-03	 1.71e+00 Accepted	 182	 217	
634	 6.9552723e-01	 +1.7529992e-01 -2.5679581e-03	 1.07e+00 Accepted	 183	 218	
635	 6.9576332e-01	 +1.7503569e-01 -4.0004807e-04	 1.04e+00 Accepted	 182	 218	
636	 6.9576332e-01	 +1.7503569e-01 -4.0004807e-04	 7.42e-01 Rejected	 182	 216	
637	 6.9575006e-01	 +1.7475569e-01 -1.6026629e-03	 8.53e-01 Accepted	 182	 217	
638	 6.9583448e-01	 +1.7396973e-01 -9.9758725e-04	 1.16e+00 Accepted	 183	 218	
639	 6.9562642e-01	 +1.7257391e-01 +1.0315480e-03	 9.66e-01 Accepted	 182	 217	
640	 6.9562642e-01	 +1.7257391e-01 +1.0315480e-03	 7.42e-01 Rejected	 183	 217	
641	 6.9552012e-01	 +1.7125976e-01 -6.8796471e-05	 9.96e-01 Accepted	 183	 218	
642	 6.9572679e-01	 +1.7185915e-01 -1.9066550e-03	 1.32e+00 Accepted	 183	 218	
643	 6.9568278e-01	 +1.7220035e-01 +6.0826306e-04	 1.12e+00 Accepted	 183	 218	
644	 6.9572040e-01	 +1.7017681e-01 -1.8850306e-03	 1.08e+00 Accepted	 183	 218	
645	 6.9571728e-01	 +1.7361491e-01 +3.7510185e-04	 1.27e+00 Accepted	 183	 217	
646	 6.9568888e-01	 +1.7243906e-01 -4.8374520e-04	 1.00e+00 Accepted	 183	 217	
647	 6.9562347e-01	 +1.7245781e-01 +6.9825052e-04	 9.58e-01 Accepted	 183	 218	
648	 6.9562347e-01	 +1.7245781e-01 +6.9825052e-04	 8.30e-01 Rejected	 183	 218	
649	 6.9562347e-01	 +1.7245781e-01 +6.9825052e-04	 7.41e-01 Rejected	 183	 218	
650	 6.9569414e-01	 +1.7182122e-01 +8.9219838e-04	 9.33e-01 Accepted	 183	 217	
651	 6.9569832e-01	 +1.7460257e-01 +1.1715663e-03	 1.06e+00 Accepted	 182	 216	
652	 6.9562014e-01	 +1.7609473e-01 +1.8509933e-03	 8.23e-01 Accepted	 182	 216	
653	 6.9562014e-01	 +1.7609473e-01 +1.8509933e-03	 6.28e-01 Rejected	 182	 216	
654	 6.9562014e-01	 +1.7609473e-01 +1.8509933e-03	 6.74e-01 Rejected	 182	 216	
655	 6.9561612e-01	 +1.7535384e-01 +9.8793819e-05	 1.14e+00 Accepted	 182	 216	
656	 6.9577187e-01	 +1.7148296e-01 +9.3696471e-04	 1.44e+00 Accepted	 183	 217	
657	 6.9577187e-01	 +1.7148296e-01 +9.3696471e-04	 6.09e-01 Rejected	 183	 218	
658	 6.9559652e-01	 +1.7296414e-01 +1.4668544e-03	 1.06e+00 Accepted	 183	 217	
659	 6.9564447e-01	 +1.7158974e-01 -9.6324286e-04	 1.05e+00 Accepted	 181	 216	
660	 6.9565534e-01	 +1.7364555e-01 +7.4796451e-04	 8.34e-01 Accepted	 182	 216	
661	 6.9553006e-01	 +1.7348599e-01 -1.6817009e-03	 7.00e-01 Accepted	 183	 218	
662	 6.9562425e-01	 +1.6866206e-01 -8.4190228e-05	 1.04e+00 Accepted	 183	 217	
663	 6.9560829e-01	 +1.7115639e-01 -1.9461952e-04	 1.44e+00 Accepted	 182	 218	
664	 6.9564735e-01	 +1.6968754e-01 +6.1158546e-04	 8.93e-01 Accepted	 183	 218	
665	 6.9574950e-01	 +1.7333568e-01 -2.9510875e-03	 1.82e+00 Accepted	 182	 217	
666	 6.9565512e-01	 +1.7052657e-01 -5.8588150e-04	 9.21e-01 Accepted	 183	 217	
667	 6.9573353e-01	 +1.6932337e-01 -7.3240473e-04	 1.38e+00 Accepted	 182	 218	
668	 6.9578988e-01	 +1.7073141e-01 -1.1656583e-03	 7.24e-01 Accepted	 183	 217	
669	 6.9570192e-01	 +1.6864246e-01 -1.5000607e-04	 1.05e+00 Accepted	 182	 217	
670	 6.9544399e-01	 +1.7094015e-01 -1.6514222e-03	 1.06e+00 Accepted	 183	 217	
671	 6.9555630e-01	 +1.7107654e-01 -8.2584666e-04	 9.81e-01 Accepted	 182	 218	
672	 6.9571170e-01	 +1.7039719e-01 -5.3528386e-04	 1.15e+00 Accepted	 183	 218	
673	 6.9580980e-01	 +1.6986934e-01 -5.2435002e-04	 1.50e+00 Accepted	 182	 217	
674	 6.9584345e-01	 +1.7086244e-01 -2.4801449e-03	 1.36e+00 Accepted	 183	 217	
675	 6.9574219e-01	 +1.7651058e-01 -1.1992742e-05	 6.58e-01 Accepted	 182	 216	
676	 6.9572139e-01	 +1.7697097e-01 -1.4847255e-03	 1.06e+00 Accepted	 182	 216	
677	 6.9572139e-01	 +1.7697097e-01 -1.4847255e-03	 5.56e-01 Rejected	 182	 216	
678	 6.9579585e-01	 +1.7878044e-01 +4.9047629e-04	 8.95e-01 Accepted	 183	 218	
679	 6.9571092e-01	 +1.7508814e-01 -5.2389931e-05	 5.82e-01 Accepted	 182	 216	
680	 6.9577085e-01	 +1.7516767e-01 +1.4356680e-04	 7.60e-01 Accepted	 183	 217	
681	 6.9572383e-01	 +1.7676030e-01 -4.9233220e-04	 8.18e-01 Accepted	 183	 217	
682	 6.9576215e-01	 +1.7515052e-01 +5.0403758e-04	 8.49e-01 Accepted	 183	 218	
683	 6.9586404e-01	 +1.7691041e-01 +1.8919469e-04	 7.76e-01 Accepted	 183	 216	
684	 6.9580856e-01	 +1.7416123e-01 -6.9115333e-04	 1.00e+00 Accepted	 183	 216	
685	 6.9587314e-01	 +1.7523991e-01 -1.0215800e-03	 1.16e+00 Accepted	 182	 217	
686	 6.9586911e-01	 +1.7119001e-01 -7.5612328e-04	 6.85e-01 Accepted	 182	 216	
687	 6.9589455e-01	 +1.7171715e-01 -8.0180236e-05	 6.94e-01 Accepted	 182	 218	
688	 6.9569148e-01	 +1.7579739e-01 +3.3802667e-04	 7.26e-01 Accepted	 183	 217	
689	 6.9556006e-01	 +1.7337592e-01 +1.0503553e-04	 8.11e-01 Accepted	 182	 216	
690	 6.9551991e-01	 +1.7292521e-01 +1.6051465e-03	 6.82e-01 Accepted	 182	 217	
691	 6.9553683e-01	 +1.7087875e-01 +1.1476920e-03	 1.01e+00 Accepted	 182	 217	
692	 6.9560044e-01	 +1.7380912e-01 +4.0633214e-04	 9.42e-01 Accepted	 183	 218	
693	 6.9560044e-01	 +1.7380912e-01 +4.0633214e-04	 5.82e-01 Rejected	 182	 216	
694	 6.9552576e-01	 +1.7428170e-01 -1.0182139e-04	 9.94e-01 Accepted	 182	 216	
695	 6.9563687e-01	 +1.7346687e-01 +4.3357816e-04	 1.21e+00 Accepted	 183	 217	
696	 6.9561883e-01	 +1.7328279e-01 -3.9463983e-04	 7.92e-01 Accepted	 183	 218	
697	 6.9581267e-01	 +1.7406602e-01 +7.9912174e-04	 1.34e+00 Accepted	 182	 218	
698	 6.9585516e-01	 +1.7480614e-01 -2.3090492e-03	 1.34e+00 Accepted	 183	 218	
699	 6.9572017e-01	 +1.7435996e-01 +8.7070435e-04	 9.83e-01 Accepted	 182	 216	
700	 6.9571942e-01	 +1.7361904e-01 -4.8050922e-04	 8.44e-01 Accepted	 182	 217	
701	 6.9578067e-01	 +1.7594777e-01 +1.3493669e-03	 9.33e-01 Accepted	 182	 217	
702	 6.9578067e-01	 +1.7594777e-01 +1.3493669e-03	 7.64e-01 Rejected	 182	 217	
703	 6.9573718e-01	 +1.7626364e-01 +3.8553679e-04	 1.48e+00 Accepted	 182	 216	
704	 6.9575006e-01	 +1.7388039e-01 +1.5873203e-03	 8.88e-01 Accepted	 183	 217	
705	 6.9574028e-01	 +1.7441797e-01 -3.8792796e-04	 8.58e-01 Accepted	 182	 217	
706	 6.9559306e-01	 +1.7220221e-01 -1.2039245e-03	 8.97e-01 Accepted	 183	 217	
707	 6.9565444e-01	 +1.7124999e-01 +5.9842863e-04	 1.34e+00 Accepted	 183	 218	
708	 6.9568891e-01	 +1.7045044e-01 -1.3674312e-03	 1.37e+00 Accepted	 184	 218	
