# Starting_type: HotStart
# serial RNG seed: 	[57976 459 32265 61102 40307]
# parallel RNG seed:	[31964 40534 64646 25139 16575]
# Trajectory_length / Number_of_MD_steps: 1 / 8
# 	 Plaquette	 Polyakov_Loop(re,im)	 Acc._Probability	 runtime_per_traj(s)	 CG_iterations	
1	 2.2775033e-01	 +7.5039410e-05 +4.4397247e-04	 1.71e+72 Accepted	 284	 910	
2	 3.2240512e-01	 +1.2220822e-03 +1.5386395e-03	 1.43e+39 Accepted	 354	 1094	
3	 3.7580113e-01	 +5.0212453e-04 -1.5199442e-04	 2.14e+23 Accepted	 389	 1159	
4	 4.1112610e-01	 -7.8302949e-05 +1.9515994e-03	 2.55e+17 Accepted	 400	 1183	
5	 4.3711441e-01	 +2.8142433e-04 +3.7908122e-04	 9.72e+11 Accepted	 406	 1190	
6	 4.5816517e-01	 +4.6216662e-04 +3.3482838e-04	 3.09e+09 Accepted	 405	 1188	
7	 4.7590608e-01	 +8.2218457e-04 +1.1512193e-03	 1.43e+08 Accepted	 406	 1182	
8	 4.9117737e-01	 +4.7922257e-04 -5.9838316e-04	 3.01e+06 Accepted	 403	 1172	
9	 5.0512393e-01	 -5.2235748e-04 -1.0451836e-03	 8.63e+05 Accepted	 401	 1160	
10	 5.1746287e-01	 +1.9079317e-03 +9.7342704e-04	 1.26e+05 Accepted	 398	 1155	
11	 5.2819016e-01	 -5.9731394e-04 +1.8003300e-03	 8.49e+03 Accepted	 394	 1141	
12	 5.3796076e-01	 +6.4588395e-04 +3.2994695e-03	 1.27e+04 Accepted	 393	 1144	
13	 5.4628788e-01	 +2.1662427e-03 +2.9886483e-04	 2.05e+03 Accepted	 391	 1127	
14	 5.5358038e-01	 -2.1549264e-04 -1.0585645e-03	 1.93e+03 Accepted	 387	 1125	
15	 5.5993946e-01	 +7.9996834e-04 +9.9248519e-04	 5.88e+02 Accepted	 384	 1083	
16	 5.6495255e-01	 -1.2688683e-03 +1.5803241e-05	 1.08e+02 Accepted	 377	 1079	
17	 5.6891042e-01	 +3.6959995e-04 -1.3565408e-03	 4.81e+01 Accepted	 373	 1065	
18	 5.7286304e-01	 +1.0501986e-04 -8.0604554e-04	 5.35e+01 Accepted	 368	 1049	
19	 5.7568515e-01	 +9.5619551e-04 +7.7349717e-04	 7.59e+00 Accepted	 368	 1070	
20	 5.7812450e-01	 -8.5920735e-05 +7.4534620e-04	 8.26e+00 Accepted	 362	 1011	
21	 5.7990137e-01	 +3.5703440e-04 -6.1073299e-04	 5.49e+00 Accepted	 355	 1022	
22	 5.8141042e-01	 -4.7559774e-04 +3.1592013e-04	 5.25e+00 Accepted	 356	 1011	
23	 5.8254118e-01	 +4.2125224e-04 -2.4997613e-04	 3.96e+00 Accepted	 350	 986	
24	 5.8351403e-01	 -6.9791469e-04 -2.4346727e-04	 2.57e+00 Accepted	 345	 1014	
25	 5.8424234e-01	 -1.7614952e-05 -2.4147310e-03	 2.29e+00 Accepted	 347	 959	
26	 5.8480007e-01	 +2.9943213e-04 +5.5298354e-04	 2.05e+00 Accepted	 337	 950	
27	 5.8548032e-01	 +8.8906919e-04 -5.4198179e-04	 1.98e+00 Accepted	 329	 933	
28	 5.8627094e-01	 +5.3188378e-05 +3.9911610e-04	 1.74e+00 Accepted	 329	 930	
29	 5.8689786e-01	 +5.4381323e-04 -6.7371001e-04	 2.69e+00 Accepted	 329	 896	
30	 5.8689786e-01	 +5.4381323e-04 -6.7371001e-04	 6.77e-01 Rejected	 323	 895	
31	 5.8714674e-01	 +5.6625672e-04 +2.5137496e-04	 1.37e+00 Accepted	 314	 868	
32	 5.8741630e-01	 -8.5278235e-04 -3.2233281e-04	 1.39e+00 Accepted	 314	 897	
33	 5.8765694e-01	 +6.6006954e-04 +1.1626805e-03	 1.21e+00 Accepted	 327	 882	
34	 5.8772446e-01	 -1.1616878e-03 +7.8998203e-04	 5.22e-01 Accepted	 321	 867	
35	 5.8791290e-01	 -2.5134566e-03 +3.6907044e-03	 1.21e+00 Accepted	 307	 874	
36	 5.8813282e-01	 -8.4686699e-05 -6.0005409e-04	 1.02e+00 Accepted	 312	 885	
37	 5.8811581e-01	 +2.8640029e-04 -1.5540649e-03	 6.96e-01 Accepted	 313	 893	
38	 5.8848781e-01	 -1.3580615e-03 -3.6544895e-04	 1.31e+00 Accepted	 307	 785	
39	 5.8848781e-01	 -1.3580615e-03 -3.6544895e-04	 5.98e-01 Rejected	 282	 793	
40	 5.8848781e-01	 -1.3580615e-03 -3.6544895e-04	 8.31e-01 Rejected	 286	 825	
41	 5.8860186e-01	 +3.5917763e-04 +9.9227404e-04	 1.72e+00 Accepted	 288	 853	
42	 5.8849979e-01	 -2.2508929e-03 -9.0360500e-04	 8.37e-01 Accepted	 297	 812	
43	 5.8866952e-01	 -1.8806768e-03 -9.2675441e-05	 1.13e+00 Accepted	 295	 806	
44	 5.8866952e-01	 -1.8806768e-03 -9.2675441e-05	 6.72e-01 Rejected	 293	 828	
45	 5.8870861e-01	 -6.9254162e-04 -3.2979382e-04	 1.40e+00 Accepted	 296	 850	
46	 5.8870861e-01	 -6.9254162e-04 -3.2979382e-04	 5.89e-01 Rejected	 307	 864	
47	 5.8879840e-01	 -1.6125921e-03 +4.2855907e-04	 5.70e-01 Accepted	 302	 811	
48	 5.8878293e-01	 -7.1004428e-04 -3.4740805e-04	 1.46e+00 Accepted	 297	 849	
49	 5.8885652e-01	 +2.3048530e-03 -1.4196269e-04	 1.12e+00 Accepted	 300	 812	
50	 5.8898117e-01	 -3.2340352e-04 +2.8261115e-03	 9.60e-01 Accepted	 295	 866	
51	 5.8908202e-01	 -2.2178560e-04 +4.3572533e-04	 1.23e+00 Accepted	 302	 812	
52	 5.8928663e-01	 +1.2547868e-03 -1.9728582e-04	 1.34e+00 Accepted	 292	 798	
53	 5.8934747e-01	 +2.9270066e-04 +3.8087520e-04	 9.81e-01 Accepted	 287	 770	
54	 5.8907999e-01	 -1.5113128e-04 +4.6491899e-03	 1.33e+00 Accepted	 278	 779	
55	 5.8911397e-01	 +1.6660050e-03 +1.3583333e-03	 9.14e-01 Accepted	 276	 770	
56	 5.8941579e-01	 +6.1205411e-04 +2.8547615e-03	 1.11e+00 Accepted	 279	 826	
57	 5.8930626e-01	 +1.7112749e-03 +9.6524720e-04	 6.88e-01 Accepted	 291	 799	
58	 5.8958283e-01	 +1.7943547e-03 +2.9622681e-03	 1.82e+00 Accepted	 293	 811	
59	 5.8963808e-01	 +2.3544367e-03 +1.5351364e-03	 6.95e-01 Accepted	 293	 812	
60	 5.8957451e-01	 +1.5275004e-03 -1.5167221e-04	 9.92e-01 Accepted	 287	 782	
61	 5.8963405e-01	 +2.2494430e-03 +2.4002999e-03	 8.09e-01 Accepted	 300	 871	
62	 5.8963405e-01	 +2.2494430e-03 +2.4002999e-03	 4.48e-01 Rejected	 305	 848	
63	 5.8959729e-01	 -3.9899123e-04 +2.2328791e-03	 6.01e-01 Accepted	 297	 761	
64	 5.8974303e-01	 +3.9509456e-04 +1.3881325e-03	 1.01e+00 Accepted	 273	 756	
65	 5.8987211e-01	 +1.0945288e-03 +2.4914546e-03	 7.35e-01 Accepted	 276	 786	
66	 5.8959390e-01	 +2.0311586e-03 +1.6795613e-03	 7.65e-01 Accepted	 281	 770	
67	 5.8943188e-01	 +1.5689233e-03 +7.1723276e-05	 7.69e-01 Accepted	 282	 772	
68	 5.8943688e-01	 +3.5076499e-03 -2.7419952e-03	 1.19e+00 Accepted	 274	 755	
69	 5.8972904e-01	 +1.7056360e-03 -3.9671414e-04	 7.92e-01 Accepted	 274	 752	
70	 5.8989742e-01	 +2.6443513e-03 +1.3810813e-04	 1.42e+00 Accepted	 273	 773	
71	 5.8968515e-01	 +5.8957290e-04 +8.0506390e-04	 9.24e-01 Accepted	 277	 785	
72	 5.8987756e-01	 +1.6910376e-03 +1.6657405e-03	 8.96e-01 Accepted	 281	 782	
73	 5.8982569e-01	 +1.4719041e-03 -4.0885339e-04	 7.81e-01 Accepted	 281	 771	
74	 5.9016849e-01	 +3.1237799e-03 +4.7178623e-04	 1.43e+00 Accepted	 276	 751	
75	 5.8997844e-01	 +3.6430193e-03 -2.3919792e-03	 8.02e-01 Accepted	 272	 750	
76	 5.9012184e-01	 +3.9174684e-03 -2.1868932e-03	 1.16e+00 Accepted	 270	 756	
77	 5.9002036e-01	 +3.7477580e-03 -3.4759246e-05	 1.13e+00 Accepted	 273	 757	
78	 5.9008708e-01	 +3.7797359e-03 -8.9566922e-04	 9.08e-01 Accepted	 275	 768	
79	 5.9006984e-01	 +3.7185835e-03 -2.1476204e-03	 8.06e-01 Accepted	 275	 756	
80	 5.8986833e-01	 +1.4799812e-03 +4.7951322e-04	 1.71e+00 Accepted	 273	 752	
81	 5.9001614e-01	 +3.3840447e-03 -3.5515402e-04	 1.45e+00 Accepted	 277	 808	
82	 5.9015869e-01	 +1.5402096e-03 -7.5448862e-05	 9.75e-01 Accepted	 289	 778	
83	 5.9034126e-01	 +1.9058395e-03 -8.4080994e-04	 1.57e+00 Accepted	 276	 760	
84	 5.9042447e-01	 +2.7423525e-03 -8.9824108e-04	 2.33e+00 Accepted	 273	 749	
85	 5.9042447e-01	 +2.7423525e-03 -8.9824108e-04	 6.16e-01 Rejected	 275	 786	
86	 5.9022150e-01	 +1.9182645e-03 -5.9067125e-04	 9.75e-01 Accepted	 272	 750	
87	 5.9029382e-01	 +1.4682307e-03 -2.0240925e-04	 7.39e-01 Accepted	 271	 759	
88	 5.9047882e-01	 +1.1170738e-03 -1.0159507e-03	 1.48e+00 Accepted	 275	 760	
89	 5.9014448e-01	 +1.8549665e-03 -1.4622792e-03	 8.43e-01 Accepted	 280	 788	
90	 5.9034016e-01	 +3.1298523e-03 -1.4082985e-03	 1.09e+00 Accepted	 286	 798	
91	 5.9029364e-01	 +1.3078591e-03 -3.3072086e-03	 8.47e-01 Accepted	 282	 754	
92	 5.9021721e-01	 +2.3290785e-03 -1.4335986e-03	 5.32e-01 Accepted	 270	 750	
93	 5.8988089e-01	 +3.8085273e-04 -2.0488743e-03	 7.35e-01 Accepted	 273	 763	
94	 5.9020834e-01	 +2.2497430e-03 -6.3663386e-04	 1.79e+00 Accepted	 272	 746	
95	 5.9010347e-01	 +1.8930810e-03 -1.5744252e-03	 9.94e-01 Accepted	 269	 747	
96	 5.9014850e-01	 +2.5842598e-03 -1.0343298e-03	 1.69e+00 Accepted	 269	 748	
97	 5.9014850e-01	 +2.5842598e-03 -1.0343298e-03	 5.36e-01 Rejected	 271	 751	
98	 5.9014715e-01	 +5.9009338e-04 -1.4614448e-03	 8.04e-01 Accepted	 272	 749	
99	 5.9003770e-01	 +2.5400370e-03 -2.5815855e-03	 7.14e-01 Accepted	 273	 749	
100	 5.9004566e-01	 +1.0776505e-03 -9.2524895e-04	 6.70e-01 Accepted	 273	 775	
101	 5.9025579e-01	 +1.0968091e-03 -3.7375964e-03	 1.69e+00 Accepted	 279	 791	
102	 5.8983382e-01	 +1.9510449e-03 -2.0867550e-03	 3.57e-01 Accepted	 288	 834	
103	 5.9010742e-01	 +3.0003966e-03 -1.3010874e-03	 1.01e+00 Accepted	 293	 816	
104	 5.9010842e-01	 +2.3816868e-03 -4.1939196e-04	 6.75e-01 Accepted	 284	 748	
105	 5.9020308e-01	 +1.2150740e-03 -5.6941481e-04	 9.47e-01 Accepted	 271	 744	
106	 5.9017054e-01	 +3.0080511e-04 -1.2611607e-03	 1.08e+00 Accepted	 273	 747	
107	 5.9017054e-01	 +3.0080511e-04 -1.2611607e-03	 8.14e-01 Rejected	 269	 754	
108	 5.9022646e-01	 +2.1785677e-03 -2.3026476e-03	 1.69e+00 Accepted	 270	 768	
109	 5.9025221e-01	 -2.8147499e-04 -1.2597406e-03	 9.78e-01 Accepted	 272	 744	
110	 5.9033707e-01	 +4.3069335e-03 -3.1510997e-03	 1.00e+00 Accepted	 270	 753	
111	 5.9047524e-01	 +1.7066709e-03 -1.2575710e-03	 8.21e-01 Accepted	 272	 756	
112	 5.9031378e-01	 +1.9126414e-03 +5.6976349e-05	 8.63e-01 Accepted	 275	 771	
113	 5.9037796e-01	 +1.7502419e-03 -9.4990899e-04	 9.30e-01 Accepted	 278	 781	
114	 5.9028322e-01	 +3.7175880e-03 -2.8486675e-04	 6.80e-01 Accepted	 281	 776	
115	 5.9028322e-01	 +3.7175880e-03 -2.8486675e-04	 6.59e-01 Rejected	 282	 764	
116	 5.9028322e-01	 +3.7175880e-03 -2.8486675e-04	 9.63e-01 Rejected	 283	 772	
117	 5.9029970e-01	 +3.2285963e-03 -9.3894696e-05	 1.60e+00 Accepted	 279	 755	
118	 5.9029970e-01	 +3.2285963e-03 -9.3894696e-05	 7.82e-01 Rejected	 275	 785	
119	 5.9029970e-01	 +3.2285963e-03 -9.3894696e-05	 6.49e-01 Rejected	 274	 760	
120	 5.9017998e-01	 +5.5458980e-03 -1.4786588e-03	 3.66e-01 Accepted	 273	 753	
121	 5.9023700e-01	 +4.3899318e-03 -2.2426389e-03	 1.23e+00 Accepted	 273	 765	
122	 5.8986206e-01	 +4.7351008e-03 -1.0756516e-03	 1.29e+00 Accepted	 276	 780	
123	 5.9001615e-01	 +2.6107691e-03 -3.7112773e-03	 8.15e-01 Accepted	 281	 757	
124	 5.8988850e-01	 +3.6030195e-03 -3.0552020e-03	 8.41e-01 Accepted	 272	 750	
125	 5.8992239e-01	 +3.0513062e-03 -1.3176823e-03	 8.84e-01 Accepted	 271	 745	
126	 5.8992239e-01	 +3.0513062e-03 -1.3176823e-03	 6.40e-01 Rejected	 269	 744	
127	 5.8973622e-01	 +4.0711480e-03 -3.3237288e-03	 9.82e-01 Accepted	 269	 744	
128	 5.8992682e-01	 +4.6859761e-03 -2.2036049e-03	 8.16e-01 Accepted	 268	 742	
129	 5.8997965e-01	 +5.0428391e-03 -2.7425231e-03	 1.49e+00 Accepted	 273	 761	
130	 5.8999865e-01	 +5.8133811e-03 -2.5416294e-03	 6.82e-01 Accepted	 278	 762	
131	 5.9014873e-01	 +4.6580003e-03 -2.0089907e-03	 1.06e+00 Accepted	 274	 744	
132	 5.9032628e-01	 +3.0921710e-03 -4.2347656e-04	 1.01e+00 Accepted	 269	 746	
133	 5.9032628e-01	 +3.0921710e-03 -4.2347656e-04	 8.26e-01 Rejected	 268	 745	
134	 5.9047932e-01	 +3.8207271e-03 -1.3062484e-03	 1.02e+00 Accepted	 270	 762	
135	 5.9043748e-01	 +4.5048877e-03 -1.9718077e-03	 7.79e-01 Accepted	 277	 771	
136	 5.9043748e-01	 +4.5048877e-03 -1.9718077e-03	 8.21e-01 Rejected	 278	 744	
137	 5.9043748e-01	 +4.5048877e-03 -1.9718077e-03	 3.45e-01 Rejected	 280	 754	
138	 5.9042103e-01	 +4.5363532e-03 -2.1345815e-03	 1.02e+00 Accepted	 280	 758	
139	 5.9050023e-01	 +5.0351413e-03 -1.6893322e-03	 7.03e-01 Accepted	 272	 747	
140	 5.9051646e-01	 +3.8030992e-03 +6.7363096e-04	 1.06e+00 Accepted	 269	 744	
141	 5.9053119e-01	 +5.0672841e-03 -6.4261208e-04	 1.48e+00 Accepted	 268	 746	
142	 5.9053119e-01	 +5.0672841e-03 -6.4261208e-04	 4.69e-01 Rejected	 269	 744	
143	 5.9057277e-01	 +2.4776532e-03 -8.7716994e-04	 1.04e+00 Accepted	 269	 743	
144	 5.9050319e-01	 +5.5619657e-03 -1.9911037e-03	 6.06e-01 Accepted	 270	 747	
# Starting_type: CheckpointStart
# Trajectory_length / Number_of_MD_steps: 1 / 8
# 	 Plaquette	 Polyakov_Loop(re,im)	 Acc._Probability	 runtime_per_traj(s)	 CG_iterations	
145	 5.9098281e-01	 +3.0509172e-03 -2.7779682e-03	 1.40e+00 Accepted	 281	 744	
146	 5.9098281e-01	 +3.0509172e-03 -2.7779682e-03	 6.01e-01 Rejected	 275	 747	
147	 5.9080376e-01	 +4.3425078e-03 -3.9437686e-03	 7.18e-01 Accepted	 276	 747	
148	 5.9078319e-01	 +4.4992821e-03 -3.1746667e-03	 1.36e+00 Accepted	 271	 744	
149	 5.9078319e-01	 +4.4992821e-03 -3.1746667e-03	 7.60e-01 Rejected	 273	 746	
150	 5.9065218e-01	 +3.8170686e-03 -2.0204348e-03	 8.47e-01 Accepted	 272	 745	
151	 5.9037968e-01	 +4.7640952e-03 -1.2712131e-03	 7.64e-01 Accepted	 272	 745	
152	 5.9032251e-01	 +4.1016643e-03 -1.8149717e-03	 7.91e-01 Accepted	 270	 743	
153	 5.9008199e-01	 +2.9708443e-03 -1.0282000e-03	 9.58e-01 Accepted	 270	 746	
154	 5.9008199e-01	 +2.9708443e-03 -1.0282000e-03	 7.15e-01 Rejected	 271	 740	
155	 5.9022963e-01	 +4.2093565e-03 -1.7161332e-03	 8.05e-01 Accepted	 275	 767	
156	 5.9022963e-01	 +4.2093565e-03 -1.7161332e-03	 6.73e-01 Rejected	 278	 764	
157	 5.9009411e-01	 +4.5765041e-03 -1.7630434e-03	 7.35e-01 Accepted	 276	 768	
158	 5.9031094e-01	 +1.6083191e-03 -1.8320927e-03	 1.01e+00 Accepted	 277	 757	
159	 5.9029893e-01	 +4.5755283e-03 -1.9556926e-03	 9.26e-01 Accepted	 276	 745	
160	 5.9025106e-01	 +5.8630464e-03 -6.8773215e-04	 9.94e-01 Accepted	 271	 745	
161	 5.9027667e-01	 +5.5652613e-03 -2.0362743e-03	 7.52e-01 Accepted	 273	 747	
162	 5.9006893e-01	 +5.4179287e-03 -3.5103012e-03	 9.71e-01 Accepted	 271	 744	
163	 5.9014352e-01	 +6.2730252e-03 -1.9218435e-03	 1.44e+00 Accepted	 274	 762	
164	 5.9015801e-01	 +7.0033308e-03 -3.2401531e-03	 1.25e+00 Accepted	 276	 758	
165	 5.9026326e-01	 +7.6262944e-03 -1.9490338e-03	 1.58e+00 Accepted	 276	 769	
166	 5.9051918e-01	 +8.6210694e-03 -1.4536669e-03	 1.35e+00 Accepted	 286	 797	
167	 5.9051918e-01	 +8.6210694e-03 -1.4536669e-03	 3.67e-01 Rejected	 283	 755	
168	 5.9051488e-01	 +6.4637217e-03 -3.0472631e-03	 1.14e+00 Accepted	 281	 747	
169	 5.9051488e-01	 +6.4637217e-03 -3.0472631e-03	 4.03e-01 Rejected	 275	 742	
170	 5.9051488e-01	 +6.4637217e-03 -3.0472631e-03	 8.16e-01 Rejected	 272	 743	
171	 5.9046584e-01	 +7.6473874e-03 -3.2156227e-03	 8.33e-01 Accepted	 272	 742	
172	 5.9039021e-01	 +8.5322422e-03 -1.9248685e-03	 9.24e-01 Accepted	 271	 737	
173	 5.9008480e-01	 +7.9710375e-03 -5.9149281e-04	 8.76e-01 Accepted	 270	 743	
174	 5.9002240e-01	 +7.0733450e-03 -2.9953296e-03	 1.40e+00 Accepted	 271	 738	
175	 5.8999882e-01	 +8.7720803e-03 -2.8117363e-03	 8.74e-01 Accepted	 271	 742	
176	 5.9019271e-01	 +1.0061403e-02 -4.4897074e-03	 8.84e-01 Accepted	 272	 740	
177	 5.9008325e-01	 +1.0800953e-02 -4.3540560e-03	 6.32e-01 Accepted	 271	 744	
178	 5.9013536e-01	 +6.7931215e-03 -3.3144272e-03	 2.14e+00 Accepted	 273	 747	
179	 5.8993139e-01	 +9.5094285e-03 -3.0873423e-03	 6.27e-01 Accepted	 272	 742	
180	 5.8994641e-01	 +1.1583059e-02 -1.1465952e-03	 1.77e+00 Accepted	 271	 742	
181	 5.9011849e-01	 +1.0676061e-02 -2.3380440e-03	 1.20e+00 Accepted	 270	 738	
182	 5.9012099e-01	 +9.9346385e-03 -4.2488601e-03	 1.67e+00 Accepted	 270	 744	
183	 5.9044131e-01	 +1.1168693e-02 -6.2334837e-04	 1.58e+00 Accepted	 271	 742	
184	 5.9030808e-01	 +1.0059680e-02 +1.3092090e-04	 5.00e-01 Accepted	 271	 758	
185	 5.9037876e-01	 +9.3967631e-03 -2.5667283e-03	 1.33e+00 Accepted	 277	 743	
186	 5.9038573e-01	 +6.6265879e-03 -8.0432155e-04	 9.63e-01 Accepted	 272	 741	
187	 5.9013822e-01	 +1.1177329e-02 +2.0767796e-04	 6.41e-01 Accepted	 271	 742	
188	 5.9015770e-01	 +9.3364895e-03 +1.7214305e-03	 8.73e-01 Accepted	 270	 742	
189	 5.8988179e-01	 +1.0161700e-02 +1.5743927e-03	 7.86e-01 Accepted	 271	 746	
190	 5.8998712e-01	 +9.1397267e-03 +5.4071493e-04	 1.18e+00 Accepted	 270	 742	
191	 5.9010970e-01	 +1.0927856e-02 -6.9672036e-04	 1.28e+00 Accepted	 270	 739	
192	 5.9010970e-01	 +1.0927856e-02 -6.9672036e-04	 7.69e-01 Rejected	 272	 743	
193	 5.9010970e-01	 +1.0927856e-02 -6.9672036e-04	 8.78e-01 Rejected	 271	 740	
194	 5.9010970e-01	 +1.0927856e-02 -6.9672036e-04	 6.97e-01 Rejected	 271	 738	
195	 5.9027873e-01	 +1.2371220e-02 -6.6381829e-04	 1.18e+00 Accepted	 272	 742	
196	 5.9026757e-01	 +1.0892918e-02 +1.7464181e-03	 1.50e+00 Accepted	 270	 748	
197	 5.9060616e-01	 +1.1180575e-02 +3.5620261e-04	 1.01e+00 Accepted	 270	 741	
198	 5.9050425e-01	 +1.2785628e-02 -1.4705117e-03	 8.06e-01 Accepted	 270	 744	
199	 5.9043393e-01	 +1.0584483e-02 -9.8338362e-04	 1.21e+00 Accepted	 270	 738	
200	 5.9040320e-01	 +1.2703774e-02 +1.1974574e-03	 1.58e+00 Accepted	 270	 741	
201	 5.9015588e-01	 +1.0842236e-02 +1.4240806e-03	 4.95e-01 Accepted	 269	 739	
202	 5.9020446e-01	 +1.2053946e-02 +3.6374625e-04	 1.65e+00 Accepted	 271	 740	
203	 5.9026080e-01	 +1.0129291e-02 -2.5426108e-04	 1.19e+00 Accepted	 271	 742	
204	 5.9014913e-01	 +1.2091931e-02 +9.1184958e-06	 1.20e+00 Accepted	 268	 740	
205	 5.9043491e-01	 +9.2251670e-03 -4.0179558e-04	 1.48e+00 Accepted	 270	 745	
206	 5.9036706e-01	 +9.9356184e-03 -9.0883919e-04	 1.53e+00 Accepted	 269	 739	
207	 5.9040159e-01	 +8.9631802e-03 -9.7605806e-04	 1.21e+00 Accepted	 269	 742	
208	 5.9033694e-01	 +1.0248092e-02 -1.0820128e-04	 8.70e-01 Accepted	 270	 738	
209	 5.9032905e-01	 +1.1327981e-02 +8.8506590e-04	 8.02e-01 Accepted	 270	 742	
210	 5.9020682e-01	 +7.8445859e-03 -3.5371837e-04	 8.95e-01 Accepted	 270	 741	
211	 5.9020682e-01	 +7.8445859e-03 -3.5371837e-04	 8.87e-01 Rejected	 272	 740	
212	 5.9022281e-01	 +1.0910177e-02 +5.4410425e-04	 1.03e+00 Accepted	 269	 740	
213	 5.9022281e-01	 +1.0910177e-02 +5.4410425e-04	 6.06e-01 Rejected	 270	 738	
214	 5.9022816e-01	 +9.1777673e-03 +5.1985897e-04	 8.38e-01 Accepted	 271	 752	
215	 5.9022816e-01	 +9.1777673e-03 +5.1985897e-04	 5.85e-01 Rejected	 271	 742	
216	 5.9000397e-01	 +9.8419182e-03 +3.9633157e-03	 1.77e+00 Accepted	 272	 736	
217	 5.9017638e-01	 +7.3798051e-03 +8.4221201e-04	 1.50e+00 Accepted	 270	 743	
218	 5.9009303e-01	 +6.5898614e-03 +2.0801599e-03	 6.26e-01 Accepted	 271	 737	
219	 5.9031716e-01	 +7.9975605e-03 +1.7537669e-03	 1.28e+00 Accepted	 270	 738	
220	 5.9042379e-01	 +9.8692240e-03 +2.7705186e-03	 1.09e+00 Accepted	 271	 739	
221	 5.9049713e-01	 +8.2360574e-03 +2.1312417e-03	 1.25e+00 Accepted	 271	 740	
222	 5.9047305e-01	 +1.0366748e-02 +1.1339349e-03	 9.66e-01 Accepted	 271	 741	
223	 5.9044455e-01	 +9.7143069e-03 +2.6182166e-03	 9.13e-01 Accepted	 271	 740	
224	 5.9038749e-01	 +9.9490749e-03 +1.1326178e-03	 1.20e+00 Accepted	 271	 742	
225	 5.9044514e-01	 +1.0002227e-02 -4.9789113e-04	 1.83e+00 Accepted	 270	 743	
226	 5.9051978e-01	 +9.8125775e-03 +9.6616934e-05	 1.66e+00 Accepted	 270	 744	
227	 5.9037018e-01	 +1.2422037e-02 -8.3750348e-04	 7.77e-01 Accepted	 271	 739	
228	 5.9022572e-01	 +1.3384981e-02 +2.8325220e-04	 1.02e+00 Accepted	 273	 742	
229	 5.9021347e-01	 +1.0207571e-02 +9.5550228e-04	 1.19e+00 Accepted	 272	 743	
230	 5.9021347e-01	 +1.0207571e-02 +9.5550228e-04	 5.77e-01 Rejected	 271	 742	
231	 5.9032789e-01	 +1.3480898e-02 +1.6191436e-03	 1.20e+00 Accepted	 269	 739	
232	 5.9032789e-01	 +1.3480898e-02 +1.6191436e-03	 5.61e-01 Rejected	 270	 740	
233	 5.9034138e-01	 +1.0825512e-02 -2.6049128e-03	 9.37e-01 Accepted	 271	 751	
234	 5.9023571e-01	 +1.1292565e-02 +1.3671803e-03	 1.82e+00 Accepted	 271	 759	
235	 5.9067189e-01	 +1.1374212e-02 -5.5413359e-04	 1.44e+00 Accepted	 273	 747	
236	 5.9067437e-01	 +1.0060483e-02 +1.3033144e-03	 7.72e-01 Accepted	 271	 741	
237	 5.9058716e-01	 +8.7947928e-03 -9.2776351e-06	 7.06e-01 Accepted	 272	 752	
238	 5.9044456e-01	 +1.1300672e-02 +1.8952005e-03	 1.02e+00 Accepted	 271	 760	
239	 5.9045516e-01	 +1.0497127e-02 -3.9821743e-04	 1.05e+00 Accepted	 271	 748	
240	 5.9050280e-01	 +1.0112231e-02 +1.3730392e-04	 1.71e+00 Accepted	 269	 743	
241	 5.9060296e-01	 +1.1954016e-02 -1.1236275e-03	 1.00e+00 Accepted	 268	 739	
242	 5.9043661e-01	 +1.2014989e-02 +2.7235887e-03	 8.88e-01 Accepted	 270	 743	
243	 5.9023024e-01	 +1.1938725e-02 +2.5307171e-03	 7.01e-01 Accepted	 270	 736	
244	 5.9039423e-01	 +1.2943274e-02 -5.9141470e-05	 1.45e+00 Accepted	 269	 739	
# Starting_type: CheckpointStart
# Trajectory_length / Number_of_MD_steps: 1 / 8
# 	 Plaquette	 Polyakov_Loop(re,im)	 Acc._Probability	 runtime_per_traj(s)	 CG_iterations	
245	 5.9048973e-01	 +1.4174683e-02 +6.4592585e-04	 8.78e-01 Accepted	 272	 754	
246	 5.9038703e-01	 +1.1670770e-02 +2.7891313e-03	 1.06e+00 Accepted	 266	 743	
247	 5.9038703e-01	 +1.1670770e-02 +2.7891313e-03	 5.01e-01 Rejected	 266	 765	
248	 5.9036093e-01	 +1.2982213e-02 +1.3049916e-03	 9.93e-01 Accepted	 267	 745	
249	 5.9032651e-01	 +1.3411382e-02 -2.2699281e-04	 1.17e+00 Accepted	 268	 763	
250	 5.9032651e-01	 +1.3411382e-02 -2.2699281e-04	 6.54e-01 Rejected	 270	 737	
251	 5.9032651e-01	 +1.3411382e-02 -2.2699281e-04	 7.47e-01 Rejected	 271	 747	
252	 5.9040438e-01	 +1.2902574e-02 +9.6252150e-04	 1.03e+00 Accepted	 271	 755	
253	 5.9012066e-01	 +1.1568794e-02 +1.1586695e-03	 5.94e-01 Accepted	 271	 750	
254	 5.9003938e-01	 +1.3658160e-02 +3.5062410e-03	 6.70e-01 Accepted	 267	 735	
255	 5.9018754e-01	 +1.0851342e-02 +2.2547722e-03	 9.24e-01 Accepted	 267	 744	
256	 5.9034009e-01	 +1.1712840e-02 +2.9240779e-03	 1.63e+00 Accepted	 265	 739	
257	 5.9048663e-01	 +1.4677004e-02 +4.8439427e-03	 7.32e-01 Accepted	 266	 739	
258	 5.9048663e-01	 +1.4677004e-02 +4.8439427e-03	 7.57e-01 Rejected	 266	 745	
259	 5.9066122e-01	 +1.3283735e-02 +4.0750357e-03	 9.68e-01 Accepted	 266	 740	
260	 5.9064507e-01	 +1.3187129e-02 +4.1708452e-03	 8.14e-01 Accepted	 265	 734	
261	 5.9049085e-01	 +1.2857084e-02 +3.2356026e-03	 1.02e+00 Accepted	 265	 738	
262	 5.9042604e-01	 +1.2847205e-02 +4.8211574e-03	 8.83e-01 Accepted	 264	 735	
263	 5.9040926e-01	 +1.1343722e-02 +4.8137724e-03	 1.00e+00 Accepted	 265	 738	
264	 5.9018827e-01	 +1.2110517e-02 +5.1505835e-03	 7.88e-01 Accepted	 265	 735	
265	 5.9018827e-01	 +1.2110517e-02 +5.1505835e-03	 4.88e-01 Rejected	 266	 737	
266	 5.9010061e-01	 +1.1273466e-02 +3.7722428e-03	 7.83e-01 Accepted	 266	 737	
267	 5.9028560e-01	 +1.2118130e-02 +4.6650522e-03	 1.78e+00 Accepted	 265	 740	
268	 5.9029470e-01	 +1.1271852e-02 +4.5153683e-03	 1.18e+00 Accepted	 265	 731	
269	 5.9024947e-01	 +1.2589356e-02 +6.4834442e-03	 9.56e-01 Accepted	 262	 737	
270	 5.9017448e-01	 +1.2661244e-02 +4.8919131e-03	 1.19e+00 Accepted	 264	 734	
271	 5.9019839e-01	 +1.2074882e-02 +5.1841089e-03	 9.95e-01 Accepted	 265	 738	
272	 5.9025931e-01	 +1.2942053e-02 +4.1130470e-03	 1.34e+00 Accepted	 264	 733	
273	 5.9053625e-01	 +1.3379791e-02 +4.5688424e-03	 1.75e+00 Accepted	 265	 741	
274	 5.9065415e-01	 +1.2106149e-02 +4.9538948e-03	 6.84e-01 Accepted	 265	 735	
275	 5.9077382e-01	 +1.2951561e-02 +5.2199424e-03	 1.23e+00 Accepted	 266	 747	
276	 5.9073030e-01	 +1.3299347e-02 +5.2561121e-03	 8.56e-01 Accepted	 265	 733	
277	 5.9073030e-01	 +1.3299347e-02 +5.2561121e-03	 5.80e-01 Rejected	 265	 735	
278	 5.9061634e-01	 +1.2227896e-02 +4.2518464e-03	 9.58e-01 Accepted	 272	 807	
279	 5.9058018e-01	 +1.1650044e-02 +4.6430251e-03	 7.83e-01 Accepted	 288	 797	
280	 5.9050627e-01	 +1.3260915e-02 +4.7635324e-03	 1.42e+00 Accepted	 281	 743	
281	 5.9047956e-01	 +1.4458427e-02 +5.1547984e-03	 1.04e+00 Accepted	 267	 749	
282	 5.9046091e-01	 +1.1878132e-02 +4.6018501e-03	 8.42e-01 Accepted	 271	 762	
283	 5.9039971e-01	 +1.2476924e-02 +3.3650232e-03	 6.66e-01 Accepted	 275	 756	
284	 5.9039971e-01	 +1.2476924e-02 +3.3650232e-03	 5.27e-01 Rejected	 273	 737	
285	 5.9049044e-01	 +1.5005579e-02 +2.7689597e-03	 7.97e-01 Accepted	 273	 755	
286	 5.9049044e-01	 +1.5005579e-02 +2.7689597e-03	 5.50e-01 Rejected	 271	 752	
287	 5.9049044e-01	 +1.5005579e-02 +2.7689597e-03	 5.19e-01 Rejected	 272	 735	
288	 5.9033961e-01	 +1.5655030e-02 +3.4451955e-03	 8.52e-01 Accepted	 272	 738	
289	 5.9037083e-01	 +1.3276299e-02 -1.0671776e-03	 9.95e-01 Accepted	 271	 784	
290	 5.9043644e-01	 +1.5081355e-02 +1.6289184e-03	 1.26e+00 Accepted	 287	 810	
291	 5.9044908e-01	 +1.3876988e-02 +1.6757453e-03	 8.72e-01 Accepted	 280	 737	
292	 5.9045146e-01	 +1.2997595e-02 +1.9549967e-03	 6.88e-01 Accepted	 266	 737	
293	 5.9034120e-01	 +1.3908635e-02 +2.0715746e-03	 1.15e+00 Accepted	 267	 740	
294	 5.9034120e-01	 +1.3908635e-02 +2.0715746e-03	 4.74e-01 Rejected	 265	 736	
295	 5.9037913e-01	 +1.1914254e-02 -6.3868755e-04	 1.10e+00 Accepted	 266	 761	
296	 5.9068190e-01	 +1.1782301e-02 +2.0046525e-03	 1.20e+00 Accepted	 273	 743	
297	 5.9068190e-01	 +1.1782301e-02 +2.0046525e-03	 7.45e-01 Rejected	 269	 742	
298	 5.9068190e-01	 +1.1782301e-02 +2.0046525e-03	 6.12e-01 Rejected	 266	 734	
299	 5.9036349e-01	 +1.1634601e-02 +1.3745500e-03	 6.72e-01 Accepted	 268	 733	
300	 5.9036349e-01	 +1.1634601e-02 +1.3745500e-03	 5.54e-01 Rejected	 265	 741	
301	 5.9044905e-01	 +1.1330423e-02 +2.0733207e-03	 1.00e+00 Accepted	 265	 739	
302	 5.9041077e-01	 +1.2587787e-02 -2.1117964e-04	 1.01e+00 Accepted	 266	 737	
303	 5.9031285e-01	 +1.2417728e-02 +2.9484200e-03	 5.86e-01 Accepted	 266	 738	
304	 5.9031285e-01	 +1.2417728e-02 +2.9484200e-03	 4.56e-01 Rejected	 265	 737	
305	 5.9033766e-01	 +1.2978091e-02 +2.4141979e-03	 1.06e+00 Accepted	 265	 740	
306	 5.9011601e-01	 +1.3640202e-02 +4.3914815e-03	 9.93e-01 Accepted	 265	 742	
307	 5.9015062e-01	 +1.1788758e-02 +5.7553787e-04	 1.18e+00 Accepted	 266	 737	
308	 5.8998191e-01	 +1.2872802e-02 +2.8642017e-03	 7.26e-01 Accepted	 266	 736	
309	 5.9012006e-01	 +1.3244625e-02 +1.0919870e-03	 1.15e+00 Accepted	 268	 744	
310	 5.9027168e-01	 +1.3862632e-02 +1.4753629e-03	 1.22e+00 Accepted	 267	 738	
311	 5.9014798e-01	 +1.1348042e-02 +3.5539517e-03	 5.20e-01 Accepted	 267	 743	
312	 5.8985454e-01	 +1.1988012e-02 +2.5942759e-03	 5.17e-01 Accepted	 265	 737	
313	 5.9014051e-01	 +1.1829672e-02 +3.9155418e-03	 1.02e+00 Accepted	 265	 735	
314	 5.9015240e-01	 +1.2354395e-02 +5.3625951e-03	 1.08e+00 Accepted	 264	 738	
315	 5.9004223e-01	 +1.1220945e-02 +3.8253491e-03	 1.07e+00 Accepted	 265	 738	
316	 5.9030217e-01	 +1.1618216e-02 +7.5967087e-04	 8.49e-01 Accepted	 265	 737	
317	 5.9022548e-01	 +1.3314898e-02 +2.4003784e-03	 8.60e-01 Accepted	 267	 741	
318	 5.9019254e-01	 +1.3741072e-02 +3.2546894e-03	 1.14e+00 Accepted	 267	 742	
319	 5.9031923e-01	 +1.2977004e-02 +4.0516723e-03	 2.95e+00 Accepted	 266	 741	
320	 5.9016343e-01	 +9.5651700e-03 +4.2788560e-03	 9.15e-01 Accepted	 265	 738	
321	 5.9032282e-01	 +1.0108808e-02 +2.6503343e-03	 1.99e+00 Accepted	 266	 737	
322	 5.9034992e-01	 +1.2101346e-02 +1.5122835e-04	 1.04e+00 Accepted	 265	 741	
323	 5.9024573e-01	 +1.2223807e-02 +2.0779414e-03	 7.18e-01 Accepted	 267	 739	
324	 5.9023818e-01	 +1.1472980e-02 +1.7406676e-03	 7.86e-01 Accepted	 268	 737	
325	 5.9037367e-01	 +9.8955482e-03 +2.5634343e-03	 5.85e-01 Accepted	 265	 737	
326	 5.9037367e-01	 +9.8955482e-03 +2.5634343e-03	 7.77e-01 Rejected	 267	 731	
327	 5.9012611e-01	 +1.1285405e-02 +1.9277289e-03	 7.60e-01 Accepted	 267	 740	
328	 5.9020625e-01	 +9.3872985e-03 +1.0016870e-03	 1.05e+00 Accepted	 265	 737	
329	 5.9033828e-01	 +1.2359524e-02 +1.0991073e-03	 1.67e+00 Accepted	 264	 737	
330	 5.9039943e-01	 +1.0063708e-02 +2.6942726e-03	 6.54e-01 Accepted	 266	 737	
331	 5.9042636e-01	 +9.9709786e-03 +1.9202254e-03	 1.13e+00 Accepted	 265	 738	
332	 5.9037918e-01	 +9.1534639e-03 +1.7103535e-03	 7.77e-01 Accepted	 266	 741	
333	 5.9023141e-01	 +1.0824695e-02 +2.2997345e-03	 1.19e+00 Accepted	 267	 738	
334	 5.9045818e-01	 +1.1914462e-02 +6.0918501e-04	 1.28e+00 Accepted	 267	 740	
335	 5.9021069e-01	 +1.0627135e-02 +1.9639252e-03	 1.03e+00 Accepted	 267	 744	
336	 5.9021069e-01	 +1.0627135e-02 +1.9639252e-03	 5.33e-01 Rejected	 266	 739	
337	 5.9045729e-01	 +1.1034402e-02 +1.6950450e-03	 1.41e+00 Accepted	 269	 753	
338	 5.9045729e-01	 +1.1034402e-02 +1.6950450e-03	 5.14e-01 Rejected	 272	 761	
339	 5.9019474e-01	 +1.2057621e-02 +5.4981570e-04	 1.29e+00 Accepted	 268	 738	
340	 5.9032147e-01	 +1.2601415e-02 -1.0149726e-06	 9.93e-01 Accepted	 269	 738	
341	 5.9021058e-01	 +1.4071652e-02 +2.3483207e-04	 1.11e+00 Accepted	 268	 746	
342	 5.9040491e-01	 +1.3243247e-02 +2.0906339e-03	 1.18e+00 Accepted	 265	 737	
343	 5.9040486e-01	 +1.4604455e-02 +1.2649067e-03	 1.28e+00 Accepted	 266	 738	
344	 5.9034304e-01	 +1.3924681e-02 +3.2239300e-03	 6.70e-01 Accepted	 265	 735	
