# Starting_type: ColdStart
# serial RNG seed: 	[7787 64028 57748 43784 48808]
# parallel RNG seed:	[54931 49476 24639 43843 1907]
# Trajectory_length / Number_of_MD_steps: 0.1 / 10
# 	 Plaquette	 Polyakov_Loop(re,im)	 Acc._Probability	 runtime_per_traj(s)	 CG_iterations	
1	 1.0000000e+00	 +1.0000000e+00 +0.0000000e+00	 5.14e-01 Rejected	 155	 299	
2	 1.0000000e+00	 +1.0000000e+00 +0.0000000e+00	 5.15e-01 Rejected	 154	 298	
3	 9.3353986e-01	 +8.6785318e-01 +3.5513834e-05	 5.14e-01 Accepted	 153	 298	
4	 9.3353986e-01	 +8.6785318e-01 +3.5513834e-05	 6.20e-01 Rejected	 161	 308	
5	 8.8530992e-01	 +7.6970726e-01 +4.6003185e-05	 6.21e-01 Accepted	 160	 307	
6	 8.4870631e-01	 +6.9328443e-01 -1.2118597e-04	 6.99e-01 Accepted	 165	 316	
7	 8.2019012e-01	 +6.3239067e-01 -1.6204777e-04	 7.60e-01 Accepted	 166	 323	
8	 8.2019012e-01	 +6.3239067e-01 -1.6204777e-04	 8.04e-01 Rejected	 169	 328	
9	 8.2019012e-01	 +6.3239067e-01 -1.6204777e-04	 8.06e-01 Rejected	 169	 327	
10	 8.2019012e-01	 +6.3239067e-01 -1.6204777e-04	 8.05e-01 Rejected	 169	 329	
11	 8.2019012e-01	 +6.3239067e-01 -1.6204777e-04	 8.04e-01 Rejected	 168	 328	
12	 8.2019012e-01	 +6.3239067e-01 -1.6204777e-04	 8.03e-01 Rejected	 169	 329	
13	 7.9736156e-01	 +5.8345282e-01 -2.9192841e-04	 8.05e-01 Accepted	 169	 328	
14	 7.7881185e-01	 +5.4307276e-01 -1.3140712e-04	 8.39e-01 Accepted	 170	 333	
15	 7.6356784e-01	 +5.0982847e-01 -2.3148883e-04	 8.67e-01 Accepted	 172	 338	
16	 7.5063312e-01	 +4.7971664e-01 -7.3877085e-04	 8.86e-01 Accepted	 172	 340	
17	 7.3960151e-01	 +4.5387091e-01 -5.2971544e-04	 9.02e-01 Accepted	 174	 344	
18	 7.3001517e-01	 +4.3253349e-01 -4.9625980e-04	 9.17e-01 Accepted	 175	 346	
19	 7.3001517e-01	 +4.3253349e-01 -4.9625980e-04	 9.27e-01 Rejected	 177	 350	
20	 7.2169286e-01	 +4.1242095e-01 -2.8483929e-04	 9.27e-01 Accepted	 177	 350	
21	 7.1445275e-01	 +3.9459923e-01 -8.0380136e-04	 9.37e-01 Accepted	 178	 352	
22	 7.0821380e-01	 +3.7895277e-01 +8.0496180e-05	 9.46e-01 Accepted	 179	 356	
23	 7.0261027e-01	 +3.6469934e-01 -4.9649986e-04	 9.50e-01 Accepted	 179	 356	
24	 6.9753346e-01	 +3.5154608e-01 -3.0553825e-04	 9.56e-01 Accepted	 180	 358	
25	 6.9302770e-01	 +3.3951970e-01 -3.0843316e-04	 9.62e-01 Accepted	 181	 360	
26	 6.8900851e-01	 +3.2975115e-01 +2.1613474e-04	 9.65e-01 Accepted	 181	 362	
27	 6.8530408e-01	 +3.2096585e-01 +2.0678942e-04	 9.67e-01 Accepted	 182	 365	
28	 6.8200350e-01	 +3.1227871e-01 +6.9128781e-04	 9.71e-01 Accepted	 182	 366	
29	 6.7892106e-01	 +3.0401779e-01 +7.0828695e-04	 9.74e-01 Accepted	 183	 367	
30	 6.7618823e-01	 +2.9668870e-01 -1.3719607e-04	 9.77e-01 Accepted	 183	 370	
31	 6.7373802e-01	 +2.8978314e-01 +5.3611233e-04	 9.78e-01 Accepted	 184	 371	
32	 6.7132646e-01	 +2.8380862e-01 +6.5883836e-04	 9.79e-01 Accepted	 185	 371	
33	 6.6910807e-01	 +2.7724709e-01 +3.0177748e-04	 9.80e-01 Accepted	 185	 374	
34	 6.6707124e-01	 +2.7130346e-01 +1.8388004e-04	 9.81e-01 Accepted	 186	 375	
35	 6.6529789e-01	 +2.6632002e-01 +3.6177904e-05	 9.84e-01 Accepted	 186	 376	
36	 6.6347490e-01	 +2.6207658e-01 +3.0524379e-04	 9.83e-01 Accepted	 186	 377	
37	 6.6184253e-01	 +2.5759274e-01 -6.1604113e-05	 9.83e-01 Accepted	 186	 379	
38	 6.6037476e-01	 +2.5282920e-01 +5.1844596e-04	 9.87e-01 Accepted	 186	 380	
39	 6.5898111e-01	 +2.4785435e-01 +6.4967379e-04	 9.88e-01 Accepted	 188	 382	
40	 6.5773984e-01	 +2.4401836e-01 +2.9013504e-04	 9.88e-01 Accepted	 187	 382	
41	 6.5666977e-01	 +2.3983639e-01 -6.5427184e-04	 9.89e-01 Accepted	 188	 383	
42	 6.5549191e-01	 +2.3623427e-01 +6.1438930e-06	 9.90e-01 Accepted	 187	 384	
43	 6.5429276e-01	 +2.3250415e-01 -6.4448820e-05	 9.91e-01 Accepted	 189	 385	
44	 6.5327701e-01	 +2.2991692e-01 -2.6821711e-05	 9.92e-01 Accepted	 189	 388	
45	 6.5241383e-01	 +2.2678370e-01 -3.6462031e-04	 9.93e-01 Accepted	 190	 388	
46	 6.5159693e-01	 +2.2438331e-01 +9.0201968e-04	 9.94e-01 Accepted	 190	 390	
47	 6.5083209e-01	 +2.2228981e-01 -1.7307219e-04	 9.95e-01 Accepted	 190	 389	
48	 6.5012102e-01	 +2.1933228e-01 -5.5104683e-04	 9.95e-01 Accepted	 189	 389	
49	 6.4943056e-01	 +2.1759628e-01 -4.0043746e-04	 9.96e-01 Accepted	 190	 390	
50	 6.4874462e-01	 +2.1489470e-01 -1.1005552e-04	 9.94e-01 Accepted	 191	 392	
51	 6.4801328e-01	 +2.1229842e-01 +8.8852289e-04	 9.95e-01 Accepted	 191	 393	
52	 6.4732771e-01	 +2.0983285e-01 +4.0638530e-04	 9.92e-01 Accepted	 191	 394	
53	 6.4666471e-01	 +2.0758536e-01 +2.3199929e-04	 9.97e-01 Accepted	 191	 394	
54	 6.4611562e-01	 +2.0523645e-01 +4.0401676e-04	 9.93e-01 Accepted	 192	 394	
55	 6.4546468e-01	 +2.0332295e-01 +5.9905421e-04	 9.96e-01 Accepted	 192	 395	
56	 6.4493203e-01	 +2.0160064e-01 +1.6404780e-04	 9.96e-01 Accepted	 192	 396	
57	 6.4437469e-01	 +1.9907753e-01 -2.0983504e-04	 9.95e-01 Accepted	 192	 396	
58	 6.4394490e-01	 +1.9692810e-01 -3.6419492e-04	 9.97e-01 Accepted	 193	 398	
59	 6.4339992e-01	 +1.9513533e-01 -1.4749038e-04	 9.95e-01 Accepted	 193	 398	
60	 6.4302550e-01	 +1.9333877e-01 -1.9639388e-04	 9.96e-01 Accepted	 194	 399	
61	 6.4272290e-01	 +1.9195190e-01 +3.7918940e-04	 9.98e-01 Accepted	 194	 401	
62	 6.4226642e-01	 +1.8972717e-01 +2.8145138e-04	 9.97e-01 Accepted	 193	 400	
63	 6.4184132e-01	 +1.8823062e-01 +6.7390726e-04	 9.95e-01 Accepted	 194	 401	
64	 6.4154143e-01	 +1.8704768e-01 +1.7083522e-04	 9.96e-01 Accepted	 195	 402	
65	 6.4116557e-01	 +1.8610270e-01 +6.1198397e-04	 9.96e-01 Accepted	 193	 401	
66	 6.4076887e-01	 +1.8388936e-01 +9.8461117e-04	 9.97e-01 Accepted	 195	 403	
67	 6.4044860e-01	 +1.8197763e-01 +6.3920453e-04	 9.96e-01 Accepted	 195	 404	
68	 6.4023283e-01	 +1.8161364e-01 +9.2110335e-04	 9.99e-01 Accepted	 195	 405	
69	 6.3999685e-01	 +1.8021618e-01 +6.8325005e-04	 9.98e-01 Accepted	 195	 406	
70	 6.3981388e-01	 +1.7882334e-01 +1.2988278e-03	 1.00e+00 Accepted	 196	 406	
71	 6.3945155e-01	 +1.7685863e-01 +5.6509008e-04	 9.96e-01 Accepted	 195	 405	
72	 6.3913736e-01	 +1.7585043e-01 +4.3103426e-04	 9.98e-01 Accepted	 195	 406	
73	 6.3889037e-01	 +1.7512726e-01 -2.1228883e-04	 1.00e+00 Accepted	 197	 407	
74	 6.3860387e-01	 +1.7480133e-01 +8.4547419e-04	 9.97e-01 Accepted	 195	 408	
75	 6.3849593e-01	 +1.7384717e-01 -2.5802095e-04	 9.98e-01 Accepted	 196	 408	
76	 6.3832011e-01	 +1.7330530e-01 +2.9621746e-04	 1.00e+00 Accepted	 196	 407	
77	 6.3811435e-01	 +1.7186156e-01 -2.1323621e-04	 9.97e-01 Accepted	 197	 407	
78	 6.3779470e-01	 +1.7037674e-01 -6.8152135e-04	 9.98e-01 Accepted	 197	 410	
79	 6.3755990e-01	 +1.6893807e-01 -7.2907360e-04	 9.98e-01 Accepted	 197	 410	
80	 6.3739303e-01	 +1.6782586e-01 -7.3663286e-04	 9.98e-01 Accepted	 197	 410	
81	 6.3719822e-01	 +1.6750585e-01 -3.6009358e-04	 9.99e-01 Accepted	 197	 410	
82	 6.3692680e-01	 +1.6575175e-01 -5.2692336e-04	 9.99e-01 Accepted	 197	 410	
83	 6.3675588e-01	 +1.6597710e-01 +1.6616206e-04	 9.98e-01 Accepted	 198	 412	
84	 6.3654692e-01	 +1.6564477e-01 +8.7020226e-04	 9.98e-01 Accepted	 197	 412	
85	 6.3642623e-01	 +1.6551712e-01 +7.5035316e-04	 9.98e-01 Accepted	 198	 413	
86	 6.3621811e-01	 +1.6489998e-01 +3.6279443e-04	 1.00e+00 Accepted	 198	 412	
87	 6.3614001e-01	 +1.6330467e-01 +3.4850043e-04	 1.00e+00 Accepted	 199	 415	
88	 6.3605644e-01	 +1.6332768e-01 -3.4524946e-04	 1.00e+00 Accepted	 198	 414	
89	 6.3587592e-01	 +1.6204808e-01 +6.6400172e-04	 9.98e-01 Accepted	 199	 415	
90	 6.3577108e-01	 +1.6138629e-01 +5.3492399e-04	 9.99e-01 Accepted	 199	 415	
91	 6.3554306e-01	 +1.6138593e-01 +4.7130158e-04	 9.98e-01 Accepted	 199	 416	
92	 6.3542829e-01	 +1.6088293e-01 +2.1168531e-04	 9.99e-01 Accepted	 200	 417	
93	 6.3530524e-01	 +1.5936109e-01 +3.0052958e-04	 9.98e-01 Accepted	 199	 416	
94	 6.3527872e-01	 +1.5807123e-01 +6.3938068e-04	 9.99e-01 Accepted	 199	 417	
95	 6.3509971e-01	 +1.5789444e-01 +6.9653929e-04	 9.97e-01 Accepted	 200	 419	
96	 6.3494956e-01	 +1.5754972e-01 +4.8030716e-04	 9.99e-01 Accepted	 200	 419	
97	 6.3483840e-01	 +1.5755753e-01 +1.9969024e-04	 9.99e-01 Accepted	 200	 418	
98	 6.3473105e-01	 +1.5766130e-01 -2.3083790e-04	 1.00e+00 Accepted	 200	 419	
99	 6.3459822e-01	 +1.5683670e-01 +1.4181361e-04	 1.00e+00 Accepted	 201	 420	
100	 6.3451201e-01	 +1.5633801e-01 +4.0696635e-04	 1.00e+00 Accepted	 200	 420	
101	 6.3438021e-01	 +1.5600607e-01 +6.5701140e-04	 9.97e-01 Accepted	 200	 420	
102	 6.3425450e-01	 +1.5531514e-01 -8.2827810e-06	 9.99e-01 Accepted	 201	 420	
103	 6.3420011e-01	 +1.5551665e-01 -3.7575121e-05	 1.00e+00 Accepted	 201	 419	
104	 6.3406283e-01	 +1.5484536e-01 +3.2662976e-06	 9.99e-01 Accepted	 200	 419	
105	 6.3391917e-01	 +1.5350944e-01 +4.7120271e-04	 1.00e+00 Accepted	 201	 422	
106	 6.3371624e-01	 +1.5297375e-01 +6.9847851e-04	 9.98e-01 Accepted	 201	 422	
107	 6.3376127e-01	 +1.5176038e-01 +6.8577014e-04	 1.00e+00 Accepted	 201	 421	
108	 6.3373448e-01	 +1.5233459e-01 +4.1237788e-04	 1.00e+00 Accepted	 202	 422	
109	 6.3360626e-01	 +1.5133425e-01 +1.5502918e-04	 9.98e-01 Accepted	 201	 422	
110	 6.3352676e-01	 +1.5159418e-01 -2.2368606e-04	 9.99e-01 Accepted	 200	 421	
111	 6.3354604e-01	 +1.5215191e-01 -7.2124760e-04	 9.97e-01 Accepted	 201	 422	
112	 6.3346247e-01	 +1.5053670e-01 -8.9972526e-04	 9.97e-01 Accepted	 202	 424	
113	 6.3334453e-01	 +1.4922779e-01 -1.1994669e-03	 1.00e+00 Accepted	 202	 425	
114	 6.3333417e-01	 +1.4874457e-01 -1.2252136e-03	 1.00e+00 Accepted	 202	 425	
115	 6.3314970e-01	 +1.4897468e-01 -3.4975821e-04	 1.00e+00 Accepted	 202	 424	
116	 6.3313859e-01	 +1.4972504e-01 -5.7194512e-04	 9.99e-01 Accepted	 202	 424	
117	 6.3310946e-01	 +1.4884076e-01 -7.9003056e-04	 9.99e-01 Accepted	 202	 424	
118	 6.3315294e-01	 +1.4857413e-01 -3.4279282e-04	 1.00e+00 Accepted	 202	 425	
119	 6.3311536e-01	 +1.4824059e-01 -1.1909824e-03	 9.99e-01 Accepted	 202	 425	
120	 6.3299883e-01	 +1.4872334e-01 -1.1600819e-03	 1.00e+00 Accepted	 202	 423	
121	 6.3296757e-01	 +1.4783056e-01 -1.4511812e-03	 1.00e+00 Accepted	 202	 425	
122	 6.3289290e-01	 +1.4737339e-01 -1.2127936e-03	 1.00e+00 Accepted	 203	 425	
123	 6.3291105e-01	 +1.4758151e-01 -1.3680941e-03	 1.00e+00 Accepted	 203	 427	
124	 6.3283958e-01	 +1.4705631e-01 -1.0622274e-03	 1.00e+00 Accepted	 203	 427	
125	 6.3284966e-01	 +1.4588322e-01 -4.7792080e-04	 9.99e-01 Accepted	 203	 427	
126	 6.3280249e-01	 +1.4650201e-01 +2.4993718e-04	 9.99e-01 Accepted	 204	 427	
127	 6.3278869e-01	 +1.4584693e-01 +5.3881087e-04	 1.00e+00 Accepted	 203	 428	
128	 6.3271299e-01	 +1.4515732e-01 -1.8772199e-04	 9.99e-01 Accepted	 203	 427	
129	 6.3268886e-01	 +1.4395910e-01 -3.8124940e-04	 1.00e+00 Accepted	 203	 428	
130	 6.3260410e-01	 +1.4378494e-01 -2.6838048e-04	 9.99e-01 Accepted	 203	 429	
131	 6.3256472e-01	 +1.4335426e-01 -6.7657031e-04	 9.99e-01 Accepted	 204	 429	
132	 6.3243711e-01	 +1.4244772e-01 -4.1901429e-04	 9.98e-01 Accepted	 204	 428	
133	 6.3248034e-01	 +1.4248297e-01 -6.7944833e-04	 1.00e+00 Accepted	 204	 430	
134	 6.3233841e-01	 +1.4300019e-01 -5.0698466e-04	 9.99e-01 Accepted	 204	 429	
135	 6.3227828e-01	 +1.4258813e-01 +1.9387378e-04	 1.00e+00 Accepted	 204	 430	
136	 6.3215938e-01	 +1.4214549e-01 -3.0912285e-05	 1.00e+00 Accepted	 204	 430	
137	 6.3209482e-01	 +1.4112629e-01 -6.8350067e-04	 1.00e+00 Accepted	 204	 431	
138	 6.3203376e-01	 +1.4073187e-01 -1.3699206e-03	 1.00e+00 Accepted	 204	 431	
139	 6.3204642e-01	 +1.4038411e-01 -1.7425421e-03	 1.00e+00 Accepted	 205	 431	
140	 6.3200139e-01	 +1.4019980e-01 -1.1988165e-03	 9.99e-01 Accepted	 204	 431	
141	 6.3199161e-01	 +1.3979422e-01 -4.8208832e-04	 9.99e-01 Accepted	 204	 432	
142	 6.3186719e-01	 +1.4023312e-01 -5.0125682e-04	 9.99e-01 Accepted	 205	 433	
143	 6.3172925e-01	 +1.3920132e-01 -1.0048792e-03	 9.99e-01 Accepted	 205	 431	
144	 6.3168672e-01	 +1.3917588e-01 -9.1814418e-04	 9.98e-01 Accepted	 205	 434	
145	 6.3158445e-01	 +1.3943426e-01 -9.5365900e-04	 9.98e-01 Accepted	 206	 434	
146	 6.3149422e-01	 +1.3906380e-01 -5.8722883e-04	 1.00e+00 Accepted	 205	 433	
147	 6.3162796e-01	 +1.3831632e-01 -2.7699231e-04	 1.00e+00 Accepted	 206	 435	
148	 6.3171455e-01	 +1.3748246e-01 -1.1521437e-04	 1.00e+00 Accepted	 205	 433	
149	 6.3165704e-01	 +1.3717976e-01 +5.6798926e-04	 9.99e-01 Accepted	 205	 434	
150	 6.3170791e-01	 +1.3774334e-01 +1.2980282e-04	 1.00e+00 Accepted	 205	 434	
151	 6.3178875e-01	 +1.3898949e-01 -1.1748992e-03	 1.00e+00 Accepted	 206	 435	
152	 6.3184055e-01	 +1.3770734e-01 -1.5020255e-03	 1.00e+00 Accepted	 206	 433	
153	 6.3186964e-01	 +1.3738689e-01 -1.2010066e-03	 1.00e+00 Accepted	 206	 435	
154	 6.3185613e-01	 +1.3663761e-01 -4.5390669e-04	 1.00e+00 Accepted	 206	 435	
155	 6.3187057e-01	 +1.3749537e-01 +9.9169191e-05	 1.00e+00 Accepted	 206	 435	
156	 6.3177495e-01	 +1.3799009e-01 +4.7965597e-04	 9.98e-01 Accepted	 207	 437	
157	 6.3171524e-01	 +1.3791537e-01 +3.2531219e-04	 1.00e+00 Accepted	 206	 436	
158	 6.3162122e-01	 +1.3615282e-01 +1.8002382e-04	 1.00e+00 Accepted	 207	 437	
159	 6.3157061e-01	 +1.3677613e-01 +4.1556639e-04	 9.99e-01 Accepted	 206	 436	
160	 6.3155364e-01	 +1.3661124e-01 +8.0532011e-04	 1.00e+00 Accepted	 206	 435	
161	 6.3149498e-01	 +1.3655728e-01 -2.8302807e-05	 1.00e+00 Accepted	 207	 437	
162	 6.3144371e-01	 +1.3663085e-01 +8.9003906e-04	 9.99e-01 Accepted	 206	 438	
163	 6.3148753e-01	 +1.3597178e-01 +2.0762451e-04	 1.00e+00 Accepted	 207	 436	
164	 6.3132435e-01	 +1.3595200e-01 -8.1558735e-05	 9.97e-01 Accepted	 207	 439	
165	 6.3117762e-01	 +1.3530638e-01 -7.6825156e-04	 1.00e+00 Accepted	 207	 438	
166	 6.3120259e-01	 +1.3382810e-01 -2.7818012e-04	 1.00e+00 Accepted	 207	 438	
167	 6.3116703e-01	 +1.3376775e-01 -5.8210987e-05	 9.96e-01 Accepted	 207	 436	
168	 6.3115109e-01	 +1.3361726e-01 +9.1250236e-04	 1.00e+00 Accepted	 207	 437	
169	 6.3125031e-01	 +1.3302954e-01 +2.2918219e-04	 1.00e+00 Accepted	 207	 438	
170	 6.3136799e-01	 +1.3280578e-01 +4.8933718e-04	 1.00e+00 Accepted	 207	 439	
171	 6.3142886e-01	 +1.3262665e-01 +2.9667401e-04	 1.00e+00 Accepted	 208	 439	
172	 6.3133371e-01	 +1.3222995e-01 +2.9007495e-04	 9.99e-01 Accepted	 206	 438	
173	 6.3129979e-01	 +1.3197752e-01 +5.6561961e-05	 1.00e+00 Accepted	 207	 439	
174	 6.3131624e-01	 +1.3132474e-01 +3.7624790e-04	 1.00e+00 Accepted	 208	 440	
175	 6.3122961e-01	 +1.3149471e-01 +4.4251177e-04	 1.00e+00 Accepted	 208	 440	
176	 6.3121443e-01	 +1.3153853e-01 +8.2912141e-04	 9.99e-01 Accepted	 207	 440	
177	 6.3131005e-01	 +1.3186124e-01 +1.1418260e-03	 9.99e-01 Accepted	 208	 440	
178	 6.3133657e-01	 +1.3156789e-01 +4.3411613e-04	 9.98e-01 Accepted	 207	 439	
179	 6.3131076e-01	 +1.3190462e-01 +1.0793354e-03	 1.00e+00 Accepted	 207	 441	
180	 6.3123312e-01	 +1.3154848e-01 +1.8420847e-03	 9.97e-01 Accepted	 206	 440	
181	 6.3130685e-01	 +1.3120371e-01 +1.8073227e-03	 1.00e+00 Accepted	 207	 440	
182	 6.3122802e-01	 +1.3068224e-01 +9.4085798e-04	 1.00e+00 Accepted	 208	 440	
183	 6.3128251e-01	 +1.3065271e-01 +5.0700232e-04	 1.00e+00 Accepted	 209	 443	
184	 6.3123376e-01	 +1.3072879e-01 +3.3770652e-04	 9.98e-01 Accepted	 209	 442	
185	 6.3120590e-01	 +1.3070114e-01 +1.1215697e-03	 1.00e+00 Accepted	 208	 443	
186	 6.3128377e-01	 +1.3040929e-01 +1.3944214e-03	 1.00e+00 Accepted	 209	 443	
187	 6.3126810e-01	 +1.3030256e-01 +2.2149309e-04	 1.00e+00 Accepted	 209	 444	
188	 6.3124962e-01	 +1.2980128e-01 +6.3874509e-04	 9.97e-01 Accepted	 209	 445	
189	 6.3114675e-01	 +1.3003802e-01 +3.6308393e-04	 9.98e-01 Accepted	 209	 444	
190	 6.3114542e-01	 +1.2971964e-01 +3.2456507e-04	 9.99e-01 Accepted	 208	 444	
191	 6.3113589e-01	 +1.2993794e-01 +8.2309563e-04	 1.00e+00 Accepted	 210	 445	
192	 6.3111555e-01	 +1.2959820e-01 +1.0189940e-03	 1.00e+00 Accepted	 209	 444	
193	 6.3101875e-01	 +1.2979252e-01 +2.7086017e-04	 9.99e-01 Accepted	 210	 446	
194	 6.3092251e-01	 +1.2960063e-01 +4.9973685e-04	 9.98e-01 Accepted	 209	 445	
195	 6.3100412e-01	 +1.2942146e-01 +9.8128362e-06	 1.00e+00 Accepted	 209	 443	
196	 6.3098054e-01	 +1.2962154e-01 -1.0960138e-03	 1.00e+00 Accepted	 209	 445	
197	 6.3104480e-01	 +1.2906406e-01 -8.4617127e-04	 1.00e+00 Accepted	 210	 447	
198	 6.3093281e-01	 +1.2783083e-01 -1.2917595e-03	 1.00e+00 Accepted	 210	 446	
199	 6.3101812e-01	 +1.2687848e-01 -1.2153983e-03	 9.99e-01 Accepted	 210	 447	
200	 6.3095881e-01	 +1.2601706e-01 -4.8817063e-04	 1.00e+00 Accepted	 209	 445	
# Starting_type: CheckpointStart
# Trajectory_length / Number_of_MD_steps: 1 / 8
# 	 Plaquette	 Polyakov_Loop(re,im)	 Acc._Probability	 runtime_per_traj(s)	 CG_iterations	
201	 6.3069476e-01	 +1.1821755e-01 -1.0384897e-03	 4.03e-01 Accepted	 192	 457	
202	 6.3034857e-01	 +1.1006620e-01 +1.0909028e-04	 7.02e-01 Accepted	 186	 465	
203	 6.3007443e-01	 +1.0735711e-01 -5.1195030e-04	 7.59e-01 Accepted	 190	 472	
204	 6.3007443e-01	 +1.0735711e-01 -5.1195030e-04	 4.26e-01 Rejected	 192	 478	
205	 6.2985948e-01	 +1.0591487e-01 +1.0098915e-03	 4.98e-01 Accepted	 192	 480	
206	 6.2980102e-01	 +1.0239005e-01 -8.7280797e-04	 9.72e-01 Accepted	 191	 482	
207	 6.2980939e-01	 +1.0154084e-01 +3.8240431e-04	 7.82e-01 Accepted	 193	 488	
208	 6.2984107e-01	 +1.0150508e-01 +6.8285918e-04	 1.32e+00 Accepted	 193	 486	
209	 6.2966815e-01	 +9.8760224e-02 +2.7063749e-04	 9.12e-01 Accepted	 194	 494	
210	 6.2978762e-01	 +9.7721635e-02 +6.9874708e-04	 9.78e-01 Accepted	 195	 493	
211	 6.2972234e-01	 +9.6452698e-02 +1.0149951e-03	 9.56e-01 Accepted	 195	 495	
212	 6.2980466e-01	 +9.4576449e-02 -6.6783206e-04	 1.04e+00 Accepted	 196	 501	
213	 6.2953254e-01	 +9.6385385e-02 +2.1977909e-04	 6.09e-01 Accepted	 198	 503	
214	 6.2972726e-01	 +9.3247579e-02 +8.6225023e-04	 9.96e-01 Accepted	 196	 498	
215	 6.2973966e-01	 +9.3963837e-02 -1.4524976e-05	 9.40e-01 Accepted	 196	 503	
216	 6.2958462e-01	 +9.3229763e-02 -1.3688974e-03	 6.67e-01 Accepted	 198	 502	
217	 6.2942416e-01	 +9.3696531e-02 +9.7496473e-04	 7.58e-01 Accepted	 198	 506	
218	 6.2949235e-01	 +9.5954491e-02 -1.2504388e-03	 6.09e-01 Accepted	 199	 505	
219	 6.2960153e-01	 +9.6541806e-02 -7.3419070e-04	 1.19e+00 Accepted	 198	 501	
220	 6.2963976e-01	 +9.4597721e-02 +4.1275806e-04	 1.41e+00 Accepted	 198	 508	
221	 6.2976398e-01	 +9.4284485e-02 -1.5679741e-03	 1.19e+00 Accepted	 199	 504	
222	 6.2945557e-01	 +9.4087198e-02 -5.3721247e-04	 9.03e-01 Accepted	 198	 503	
223	 6.2946323e-01	 +9.3212948e-02 -4.4836572e-04	 9.21e-01 Accepted	 199	 512	
224	 6.2952484e-01	 +9.3164819e-02 -6.6644022e-04	 6.16e-01 Accepted	 200	 506	
225	 6.2938342e-01	 +9.2133151e-02 -1.5242113e-03	 8.78e-01 Accepted	 200	 510	
226	 6.2943916e-01	 +9.1228097e-02 -3.1064293e-04	 5.47e-01 Accepted	 199	 512	
227	 6.2951461e-01	 +9.2209881e-02 -7.5079334e-04	 7.44e-01 Accepted	 201	 511	
228	 6.2959766e-01	 +9.2037662e-02 +4.2922800e-05	 1.27e+00 Accepted	 200	 514	
229	 6.2972717e-01	 +9.3633053e-02 -1.7828737e-03	 1.09e+00 Accepted	 201	 511	
230	 6.2967065e-01	 +8.9935522e-02 -2.6857047e-03	 9.27e-01 Accepted	 199	 509	
231	 6.2967975e-01	 +8.9723198e-02 +1.0653453e-03	 9.04e-01 Accepted	 199	 507	
232	 6.2987708e-01	 +9.0270519e-02 -1.1875831e-03	 8.09e-01 Accepted	 199	 505	
233	 6.2985288e-01	 +9.0918980e-02 -1.8990394e-03	 1.06e+00 Accepted	 199	 509	
234	 6.2985288e-01	 +9.0918980e-02 -1.8990394e-03	 6.50e-01 Rejected	 200	 516	
235	 6.2985288e-01	 +9.0918980e-02 -1.8990394e-03	 2.34e-01 Rejected	 199	 511	
236	 6.2944983e-01	 +8.8981815e-02 -1.3256876e-03	 7.71e-01 Accepted	 199	 513	
237	 6.2939760e-01	 +8.9089052e-02 -1.5630313e-03	 1.04e+00 Accepted	 201	 510	
238	 6.2943946e-01	 +8.8584416e-02 -2.9377314e-03	 1.05e+00 Accepted	 201	 520	
