# Starting_type: CheckpointStartReseed
# 16:01 conf_nc4nf1_328_b10p87c_m0p1000/conf_nc4nf1_328_b10p87c_m0p1000_lat.0 -> conf_nc4nf1_328_b10p90c_m0p1000/conf_nc4nf1_328_b10p90c_m0p1000_lat.4834
# serial RNG seed: 	[56475 31193 55204 33616 16774]
# parallel RNG seed:	[43829 2754 25360 33527 40981]
# Trajectory_length / Number_of_MD_steps: 1 / 8
# 	 Plaquette	 Polyakov_Loop(re,im)	 Acc._Probability	 runtime_per_traj(s)	 CG_iterations	
1	 5.7107674e-01	 +2.0753583e-02 +8.1338435e-04	 5.36e-01 Skipping	 305	 785	
2	 5.7066885e-01	 +2.3523033e-02 +2.1904836e-03	 8.43e-01 Skipping	 293	 764	
3	 5.7035581e-01	 +2.0402959e-02 +7.2140375e-04	 7.27e-01 Skipping	 285	 751	
4	 5.7004773e-01	 +2.0234912e-02 -4.8659737e-04	 9.54e-01 Skipping	 286	 760	
5	 5.7012281e-01	 +2.1127382e-02 +2.5426267e-05	 5.28e-01 Skipping	 290	 775	
6	 5.7012622e-01	 +2.2394513e-02 -2.7126494e-04	 1.35e+00 Skipping	 295	 786	
7	 5.6998475e-01	 +2.1681381e-02 +3.7393131e-04	 7.72e-01 Skipping	 290	 773	
8	 5.6985243e-01	 +2.0150875e-02 +2.1302561e-03	 7.84e-01 Skipping	 286	 777	
9	 5.6963502e-01	 +2.1088332e-02 -1.5806126e-03	 1.38e+00 Skipping	 289	 770	
10	 5.6948175e-01	 +2.0519980e-02 +5.9991839e-04	 7.24e-01 Skipping	 292	 780	
11	 5.6960329e-01	 +1.9787646e-02 +2.9336745e-03	 1.23e+00 Skipping	 291	 773	
12	 5.6961993e-01	 +1.9927191e-02 +3.9047395e-05	 1.08e+00 Skipping	 291	 798	
13	 5.6956295e-01	 +2.1315344e-02 -1.0130612e-03	 9.55e-01 Skipping	 299	 777	
14	 5.6953030e-01	 +2.0508738e-02 -6.7738989e-05	 9.38e-01 Skipping	 296	 833	
15	 5.6972418e-01	 +2.0057871e-02 -2.5355040e-04	 2.20e+00 Skipping	 299	 768	
16	 5.6958495e-01	 +1.9117011e-02 -2.4829938e-03	 9.95e-01 Skipping	 290	 787	
17	 5.6956191e-01	 +2.1078163e-02 -2.2013437e-03	 1.78e+00 Skipping	 295	 771	
18	 5.6952361e-01	 +2.1566764e-02 +3.7718107e-04	 7.56e-01 Skipping	 295	 791	
19	 5.6969647e-01	 +1.9496160e-02 +2.7936490e-04	 1.26e+00 Skipping	 292	 768	
20	 5.6980629e-01	 +2.0619177e-02 +6.1692155e-04	 2.18e+00 Skipping	 290	 780	
21	 5.6982044e-01	 +2.0969608e-02 -7.4439610e-04	 6.41e-01 Skipping	 290	 770	
22	 5.6987939e-01	 +2.0231548e-02 -4.3515381e-05	 6.83e-01 Skipping	 286	 759	
23	 5.6983277e-01	 +2.0674660e-02 +1.2192964e-04	 1.01e+00 Skipping	 286	 772	
24	 5.6980080e-01	 +2.0741768e-02 -9.0854340e-04	 1.51e+00 Skipping	 283	 746	
25	 5.6967018e-01	 +1.8002562e-02 +2.8838934e-03	 9.33e-01 Skipping	 285	 762	
26	 5.6962807e-01	 +1.9288346e-02 -1.2923179e-03	 9.44e-01 Skipping	 289	 794	
27	 5.6957319e-01	 +2.0689105e-02 +3.9482273e-04	 7.92e-01 Skipping	 293	 789	
28	 5.6972737e-01	 +2.1384720e-02 -1.8408696e-03	 9.92e-01 Skipping	 296	 815	
29	 5.6981874e-01	 +2.0453447e-02 +9.8186153e-04	 1.19e+00 Skipping	 302	 816	
30	 5.7006970e-01	 +1.9576240e-02 -5.1363260e-04	 1.11e+00 Skipping	 296	 788	
31	 5.6987134e-01	 +2.1668846e-02 +5.2380641e-04	 7.85e-01 Skipping	 294	 788	
32	 5.6964900e-01	 +1.9327969e-02 -2.5071318e-04	 4.26e-01 Skipping	 298	 823	
33	 5.6963060e-01	 +2.0422176e-02 +4.6000809e-04	 6.04e-01 Skipping	 301	 790	
34	 5.6939590e-01	 +2.2139339e-02 -2.8681165e-05	 5.39e-01 Skipping	 305	 831	
35	 5.6951681e-01	 +2.1098269e-02 -1.5693864e-03	 1.46e+00 Skipping	 307	 812	
36	 5.6949359e-01	 +2.0607392e-02 -6.8087637e-04	 7.24e-01 Skipping	 309	 797	
37	 5.6944088e-01	 +2.0197943e-02 -5.5591579e-04	 9.97e-01 Skipping	 299	 768	
38	 5.6946482e-01	 +1.9724921e-02 -3.3292695e-03	 9.47e-01 Skipping	 289	 798	
39	 5.6940354e-01	 +1.9046640e-02 -6.1443092e-04	 7.18e-01 Skipping	 296	 765	
40	 5.6975655e-01	 +1.8282982e-02 +1.2273757e-03	 1.05e+00 Skipping	 288	 762	
41	 5.6977719e-01	 +1.9370916e-02 +6.1100617e-04	 1.07e+00 Skipping	 288	 768	
42	 5.6985139e-01	 +2.1003488e-02 -8.8224002e-05	 1.20e+00 Skipping	 290	 804	
43	 5.6974027e-01	 +2.1163934e-02 +2.2458327e-04	 8.20e-01 Skipping	 308	 820	
44	 5.6969413e-01	 +1.7040131e-02 -8.2308508e-05	 5.45e-01 Skipping	 297	 760	
45	 5.6980275e-01	 +2.0846245e-02 -6.9123698e-04	 1.05e+00 Skipping	 288	 751	
46	 5.6978934e-01	 +1.9636408e-02 -1.6017189e-03	 1.28e+00 Skipping	 286	 819	
47	 5.6947516e-01	 +1.8349467e-02 -1.1079982e-03	 7.16e-01 Skipping	 303	 797	
48	 5.6968293e-01	 +2.0331220e-02 +9.5714393e-04	 1.35e+00 Skipping	 296	 761	
49	 5.6981909e-01	 +2.0004824e-02 +1.4893141e-04	 7.11e-01 Skipping	 291	 783	
50	 5.6962309e-01	 +2.0494399e-02 +1.2049820e-04	 1.55e+00 Skipping	 289	 754	
51	 5.6970822e-01	 +2.0328152e-02 -3.8838268e-04	 9.75e-01 Accepted	 282	 750	
52	 5.6958103e-01	 +1.9388261e-02 +5.7388321e-04	 7.33e-01 Accepted	 279	 744	
53	 5.6955288e-01	 +1.9850361e-02 -2.5671917e-03	 9.04e-01 Accepted	 281	 762	
54	 5.6957515e-01	 +1.9253028e-02 +1.9072574e-03	 1.37e+00 Accepted	 285	 753	
55	 5.6981670e-01	 +2.0190149e-02 -9.2023505e-04	 1.17e+00 Accepted	 284	 796	
56	 5.7006197e-01	 +1.7550884e-02 -4.5945467e-04	 2.16e+00 Accepted	 303	 850	
57	 5.7017787e-01	 +2.1524317e-02 +2.2344488e-04	 1.75e+00 Accepted	 302	 766	
58	 5.7010686e-01	 +2.0370861e-02 +1.0471626e-04	 6.41e-01 Accepted	 292	 792	
59	 5.6971928e-01	 +2.1436544e-02 +1.6763015e-03	 8.74e-01 Accepted	 304	 796	
60	 5.6980637e-01	 +1.9349346e-02 -6.5082125e-04	 1.80e+00 Accepted	 302	 828	
61	 5.6971391e-01	 +1.8370271e-02 -1.6727528e-03	 1.06e+00 Accepted	 302	 774	
62	 5.6934604e-01	 +2.1010475e-02 -1.9029651e-03	 4.20e-01 Accepted	 302	 849	
63	 5.6936088e-01	 +1.9357233e-02 -8.4698481e-05	 1.77e+00 Accepted	 305	 807	
64	 5.6934263e-01	 +1.9158646e-02 +6.2200919e-04	 1.16e+00 Accepted	 294	 768	
65	 5.6934263e-01	 +1.9158646e-02 +6.2200919e-04	 7.75e-01 Rejected	 292	 774	
66	 5.6918941e-01	 +1.9980690e-02 -8.3723961e-04	 5.44e-01 Accepted	 292	 759	
67	 5.6912201e-01	 +1.8920288e-02 -1.3064911e-03	 9.91e-01 Accepted	 290	 768	
68	 5.6905102e-01	 +2.2361717e-02 -3.1681740e-04	 8.89e-01 Accepted	 295	 801	
69	 5.6921220e-01	 +2.0271493e-02 +4.8241149e-05	 1.21e+00 Accepted	 299	 772	
70	 5.6937325e-01	 +2.0518984e-02 -8.3724170e-04	 9.80e-01 Accepted	 292	 779	
71	 5.6951142e-01	 +1.9711453e-02 -1.3263817e-03	 9.50e-01 Accepted	 294	 766	
72	 5.6953146e-01	 +1.7539514e-02 +1.4805350e-03	 8.50e-01 Accepted	 285	 762	
73	 5.6952165e-01	 +1.8095827e-02 +3.6598846e-04	 1.29e+00 Accepted	 287	 770	
74	 5.6947858e-01	 +1.7990474e-02 -3.2403794e-04	 1.33e+00 Accepted	 292	 760	
75	 5.6965640e-01	 +1.7573929e-02 -8.4868862e-04	 1.08e+00 Accepted	 292	 790	
76	 5.6965640e-01	 +1.7573929e-02 -8.4868862e-04	 5.37e-01 Rejected	 298	 796	
77	 5.6969285e-01	 +1.8764090e-02 -9.9294311e-04	 1.37e+00 Accepted	 298	 828	
78	 5.6982876e-01	 +1.8238498e-02 -1.3863425e-03	 1.07e+00 Accepted	 305	 801	
79	 5.6995133e-01	 +1.7081966e-02 +3.0510022e-04	 4.49e-01 Accepted	 298	 784	
80	 5.6972556e-01	 +1.7100957e-02 -6.6356409e-04	 6.51e-01 Accepted	 294	 776	
81	 5.6965169e-01	 +1.8201331e-02 -1.6703201e-03	 7.50e-01 Accepted	 290	 772	
82	 5.6978458e-01	 +1.5720411e-02 -1.1775283e-03	 1.37e+00 Accepted	 299	 770	
83	 5.6953062e-01	 +1.9496822e-02 -2.1993883e-03	 1.49e+00 Accepted	 287	 756	
84	 5.6966465e-01	 +1.8289726e-02 +9.6031068e-04	 1.57e+00 Accepted	 285	 758	
85	 5.6964177e-01	 +1.5445250e-02 +3.0378682e-03	 1.00e+00 Accepted	 294	 797	
86	 5.6974650e-01	 +1.8350248e-02 -4.9552726e-04	 1.40e+00 Accepted	 293	 758	
87	 5.6949731e-01	 +1.6448667e-02 -9.4432271e-04	 1.16e+00 Accepted	 300	 819	
88	 5.6937966e-01	 +1.8362401e-02 -1.7213149e-04	 6.78e-01 Accepted	 306	 810	
89	 5.6945129e-01	 +1.8206399e-02 +4.4092835e-04	 1.62e+00 Accepted	 301	 787	
90	 5.6954986e-01	 +1.7525741e-02 +1.5588646e-04	 1.19e+00 Accepted	 302	 800	
91	 5.6936336e-01	 +2.0047004e-02 -1.8206202e-03	 6.95e-01 Accepted	 298	 749	
92	 5.6916051e-01	 +1.7939569e-02 +7.7341494e-04	 8.18e-01 Accepted	 288	 820	
93	 5.6939615e-01	 +1.7186618e-02 +1.4467149e-04	 9.28e-01 Accepted	 309	 813	
94	 5.6945341e-01	 +2.0081037e-02 +1.4015561e-03	 1.14e+00 Accepted	 303	 795	
95	 5.6960295e-01	 +1.8291244e-02 +5.7252950e-04	 1.11e+00 Accepted	 297	 785	
96	 5.6944508e-01	 +1.9936649e-02 -5.0177738e-04	 5.00e-01 Accepted	 296	 773	
97	 5.6981521e-01	 +1.8169196e-02 -1.0080556e-03	 9.90e-01 Accepted	 293	 810	
98	 5.6981521e-01	 +1.8169196e-02 -1.0080556e-03	 4.27e-01 Rejected	 301	 751	
99	 5.6966032e-01	 +1.7450108e-02 +2.2971918e-04	 6.97e-01 Accepted	 305	 802	
100	 5.6969471e-01	 +1.7245453e-02 -1.9487356e-04	 7.01e-01 Accepted	 303	 802	
101	 5.6969471e-01	 +1.7245453e-02 -1.9487356e-04	 4.00e-01 Rejected	 293	 769	
102	 5.6969471e-01	 +1.7245453e-02 -1.9487356e-04	 7.48e-01 Rejected	 299	 804	
103	 5.6959928e-01	 +2.0102889e-02 -1.3118485e-03	 7.04e-01 Accepted	 308	 818	
104	 5.6950725e-01	 +1.8547654e-02 -8.1214809e-04	 8.53e-01 Accepted	 308	 836	
105	 5.6955859e-01	 +2.1476227e-02 +1.7594624e-04	 9.50e-01 Accepted	 308	 770	
106	 5.6961373e-01	 +2.0307537e-02 -1.3892720e-03	 1.30e+00 Accepted	 290	 776	
107	 5.6983704e-01	 +2.0749782e-02 -3.4159406e-04	 8.60e-01 Accepted	 294	 771	
108	 5.6967575e-01	 +2.1014084e-02 +3.1457524e-04	 9.58e-01 Accepted	 293	 777	
109	 5.6965274e-01	 +2.2063998e-02 +6.5392002e-04	 1.73e+00 Accepted	 296	 780	
110	 5.6962160e-01	 +2.0480346e-02 -2.0804609e-05	 1.10e+00 Accepted	 303	 789	
111	 5.6959228e-01	 +1.9125840e-02 -1.9810368e-03	 1.65e+00 Accepted	 297	 772	
112	 5.6944417e-01	 +1.9371187e-02 -1.7176526e-03	 8.43e-01 Accepted	 291	 787	
113	 5.6939804e-01	 +1.7536916e-02 +2.5090219e-04	 9.85e-01 Accepted	 292	 784	
114	 5.6939804e-01	 +1.7536916e-02 +2.5090219e-04	 9.36e-01 Rejected	 294	 805	
115	 5.6924694e-01	 +1.8527837e-02 +1.7638388e-04	 1.30e+00 Accepted	 304	 854	
116	 5.6942072e-01	 +1.9276829e-02 +6.8694821e-04	 5.92e-01 Accepted	 308	 829	
117	 5.6934530e-01	 +1.8699695e-02 -1.1426606e-03	 5.49e-01 Accepted	 304	 777	
118	 5.6948119e-01	 +2.0552979e-02 +7.8565387e-04	 7.78e-01 Accepted	 290	 772	
119	 5.6943514e-01	 +2.0068357e-02 -1.0941146e-03	 7.47e-01 Accepted	 290	 777	
120	 5.6955064e-01	 +2.0194943e-02 +7.2196561e-04	 1.12e+00 Accepted	 290	 774	
# Starting_type: CheckpointStart
# Trajectory_length / Number_of_MD_steps: 1 / 8
# 	 Plaquette	 Polyakov_Loop(re,im)	 Acc._Probability	 runtime_per_traj(s)	 CG_iterations	
119	 5.6943514e-01	 +2.0068357e-02 -1.0941146e-03	 7.47e-01 Accepted	 296	 777	
120	 5.6955064e-01	 +2.0194943e-02 +7.2196561e-04	 1.12e+00 Accepted	 287	 774	
121	 5.6961383e-01	 +1.9226388e-02 -1.1252426e-04	 1.50e+00 Accepted	 283	 754	
122	 5.6974400e-01	 +1.9871196e-02 -1.7513918e-03	 7.70e-01 Accepted	 277	 772	
123	 5.6974400e-01	 +1.9871196e-02 -1.7513918e-03	 6.77e-01 Rejected	 280	 760	
124	 5.6979870e-01	 +1.9355970e-02 +3.8943362e-04	 8.91e-01 Accepted	 282	 782	
125	 5.6963067e-01	 +1.7345857e-02 -1.1494670e-03	 1.30e+00 Accepted	 281	 803	
126	 5.6963067e-01	 +1.7345857e-02 -1.1494670e-03	 7.37e-01 Rejected	 287	 807	
127	 5.6963067e-01	 +1.7345857e-02 -1.1494670e-03	 8.55e-01 Rejected	 285	 748	
128	 5.6979987e-01	 +1.7095218e-02 +1.9248990e-03	 1.64e+00 Accepted	 294	 818	
129	 5.6974187e-01	 +1.9264136e-02 -3.3407465e-04	 1.83e+00 Accepted	 294	 790	
130	 5.6974158e-01	 +1.8115591e-02 +2.6672484e-04	 1.37e+00 Accepted	 282	 756	
131	 5.6961287e-01	 +1.9580138e-02 +1.5521310e-03	 1.19e+00 Accepted	 277	 766	
132	 5.6974089e-01	 +1.7694347e-02 -2.0375566e-04	 1.21e+00 Accepted	 279	 769	
133	 5.6975084e-01	 +1.9835034e-02 -3.0489392e-03	 1.25e+00 Accepted	 282	 839	
134	 5.6993505e-01	 +1.9689341e-02 -1.7143529e-03	 1.33e+00 Accepted	 289	 765	
135	 5.6997431e-01	 +1.9027504e-02 -1.3619674e-03	 1.20e+00 Accepted	 285	 821	
136	 5.6991579e-01	 +1.7870087e-02 -3.0509832e-03	 1.03e+00 Accepted	 297	 830	
137	 5.7001649e-01	 +2.0517259e-02 +3.0806678e-04	 1.05e+00 Accepted	 286	 752	
138	 5.7004259e-01	 +1.9371252e-02 -1.5904512e-03	 8.15e-01 Accepted	 275	 758	
139	 5.7012676e-01	 +2.0285338e-02 -4.8153233e-05	 1.02e+00 Accepted	 279	 779	
140	 5.6973293e-01	 +2.0043387e-02 +9.1584572e-04	 7.10e-01 Accepted	 281	 759	
141	 5.6994099e-01	 +2.1563476e-02 +2.8859432e-04	 1.41e+00 Accepted	 280	 773	
142	 5.6985932e-01	 +2.1551313e-02 -3.9679864e-04	 1.36e+00 Accepted	 279	 778	
143	 5.6990289e-01	 +1.9719800e-02 -4.5447407e-04	 6.57e-01 Accepted	 282	 753	
144	 5.6990289e-01	 +1.9719800e-02 -4.5447407e-04	 6.83e-01 Rejected	 287	 818	
145	 5.6973726e-01	 +1.9866934e-02 -1.3809401e-03	 2.08e+00 Accepted	 279	 761	
146	 5.6977626e-01	 +1.9561861e-02 +7.4286199e-05	 6.84e-01 Accepted	 276	 747	
147	 5.6962731e-01	 +1.9598723e-02 +8.7195437e-04	 8.44e-01 Accepted	 275	 762	
148	 5.6972865e-01	 +2.1206816e-02 -1.2997043e-03	 8.20e-01 Accepted	 275	 746	
149	 5.6984682e-01	 +2.0026419e-02 +2.4035237e-04	 2.12e+00 Accepted	 277	 766	
150	 5.6959560e-01	 +1.9185488e-02 +1.4248270e-03	 7.44e-01 Accepted	 275	 750	
151	 5.6963517e-01	 +1.9180859e-02 +1.1146563e-03	 9.70e-01 Accepted	 278	 780	
152	 5.6965440e-01	 +2.0807490e-02 -9.1590841e-04	 1.74e+00 Accepted	 283	 774	
153	 5.6947910e-01	 +1.9319768e-02 -6.7868812e-04	 9.32e-01 Accepted	 278	 761	
154	 5.6946996e-01	 +1.8061437e-02 +4.7609646e-04	 1.31e+00 Accepted	 282	 783	
155	 5.6953040e-01	 +2.0090416e-02 -4.5682177e-05	 1.92e+00 Accepted	 282	 758	
156	 5.6994881e-01	 +2.0762801e-02 -1.2895517e-03	 2.54e+00 Accepted	 275	 781	
157	 5.6998171e-01	 +2.0394918e-02 -5.3517462e-06	 7.83e-01 Accepted	 283	 768	
158	 5.6981994e-01	 +1.9327160e-02 +8.8370210e-04	 8.02e-01 Accepted	 275	 763	
159	 5.6985852e-01	 +1.8788802e-02 -1.4268850e-03	 1.17e+00 Accepted	 274	 748	
160	 5.6983980e-01	 +1.8028505e-02 -1.3615507e-03	 1.24e+00 Accepted	 271	 769	
161	 5.6975683e-01	 +1.8085575e-02 -9.0272311e-04	 1.41e+00 Accepted	 282	 781	
162	 5.6961853e-01	 +1.7072684e-02 -3.5018027e-04	 5.82e-01 Accepted	 280	 762	
163	 5.6961853e-01	 +1.7072684e-02 -3.5018027e-04	 9.15e-01 Rejected	 282	 784	
164	 5.6971925e-01	 +1.9152838e-02 -1.2269427e-03	 1.26e+00 Accepted	 279	 755	
165	 5.7012012e-01	 +1.8183797e-02 +5.1883954e-04	 1.30e+00 Accepted	 289	 830	
166	 5.6985053e-01	 +1.6455024e-02 -1.0818402e-03	 4.71e-01 Accepted	 296	 801	
167	 5.6980146e-01	 +1.8575383e-02 -1.3527669e-03	 6.12e-01 Accepted	 289	 812	
168	 5.6962747e-01	 +1.9443184e-02 -9.4294571e-04	 7.00e-01 Accepted	 288	 757	
169	 5.6946377e-01	 +1.8090430e-02 -6.7341187e-04	 9.17e-01 Accepted	 280	 754	
170	 5.6969532e-01	 +1.9420869e-02 -1.0121773e-03	 1.22e+00 Accepted	 274	 747	
171	 5.6979488e-01	 +2.0190433e-02 +1.6113658e-04	 8.97e-01 Accepted	 270	 749	
172	 5.6973245e-01	 +1.8729919e-02 -1.0162206e-03	 7.63e-01 Accepted	 280	 785	
173	 5.6978979e-01	 +2.0584493e-02 +6.8110284e-04	 8.33e-01 Accepted	 286	 799	
174	 5.6988021e-01	 +2.1661657e-02 -6.1059353e-04	 6.54e-01 Accepted	 290	 790	
175	 5.6988021e-01	 +2.1661657e-02 -6.1059353e-04	 7.24e-01 Rejected	 285	 766	
176	 5.6989396e-01	 +1.9515756e-02 -4.5646332e-04	 7.66e-01 Accepted	 291	 826	
177	 5.6989424e-01	 +2.3251435e-02 -1.0043930e-03	 8.03e-01 Accepted	 289	 757	
178	 5.6989424e-01	 +2.3251435e-02 -1.0043930e-03	 8.13e-01 Rejected	 283	 754	
179	 5.6963257e-01	 +2.1054636e-02 +1.0638718e-03	 1.41e+00 Accepted	 283	 793	
180	 5.6963257e-01	 +2.1054636e-02 +1.0638718e-03	 4.12e-01 Rejected	 294	 829	
181	 5.6955899e-01	 +2.2803411e-02 -1.0948214e-03	 1.63e+00 Accepted	 291	 771	
182	 5.6945058e-01	 +2.2420505e-02 +9.2031607e-04	 8.86e-01 Accepted	 283	 763	
183	 5.6945780e-01	 +2.0850680e-02 -1.1772306e-03	 1.19e+00 Accepted	 281	 765	
184	 5.6945780e-01	 +2.0850680e-02 -1.1772306e-03	 9.65e-01 Rejected	 283	 786	
185	 5.6960416e-01	 +2.1409188e-02 +8.7370245e-04	 1.40e+00 Accepted	 276	 735	
186	 5.6943612e-01	 +2.0877879e-02 +4.4873421e-04	 9.86e-01 Accepted	 278	 772	
187	 5.6930778e-01	 +2.2325130e-02 +3.3684991e-04	 1.03e+00 Accepted	 287	 768	
188	 5.6945605e-01	 +1.9424191e-02 +1.1742183e-03	 9.40e-01 Accepted	 278	 756	
189	 5.6945693e-01	 +2.1937613e-02 +2.1269302e-04	 7.81e-01 Accepted	 289	 834	
190	 5.6948040e-01	 +2.0071722e-02 +1.0548409e-04	 8.52e-01 Accepted	 301	 795	
191	 5.6942055e-01	 +2.0138117e-02 -4.9087980e-04	 5.82e-01 Accepted	 293	 830	
192	 5.6930530e-01	 +2.0668065e-02 -1.1249010e-03	 1.20e+00 Accepted	 295	 775	
193	 5.6933604e-01	 +2.0989520e-02 -9.3011481e-05	 6.65e-01 Accepted	 284	 826	
194	 5.6929728e-01	 +1.8432207e-02 +5.3310203e-04	 1.03e+00 Accepted	 303	 834	
195	 5.6936196e-01	 +2.0793299e-02 +4.8819661e-04	 9.87e-01 Accepted	 299	 805	
196	 5.6936196e-01	 +2.0793299e-02 +4.8819661e-04	 7.48e-01 Rejected	 297	 749	
197	 5.6950582e-01	 +2.0888444e-02 +5.0109936e-05	 6.80e-01 Accepted	 298	 827	
198	 5.6968502e-01	 +2.2156151e-02 -5.4209231e-04	 1.20e+00 Accepted	 287	 747	
199	 5.6972552e-01	 +2.4727932e-02 +2.9140096e-04	 1.52e+00 Accepted	 272	 752	
200	 5.6991797e-01	 +2.1688827e-02 +2.7213005e-04	 1.49e+00 Accepted	 271	 759	
201	 5.6988900e-01	 +2.3052163e-02 -1.1504291e-04	 8.83e-01 Accepted	 277	 777	
202	 5.7024528e-01	 +2.4143014e-02 +8.2530110e-04	 1.10e+00 Accepted	 283	 777	
203	 5.7049932e-01	 +2.4280168e-02 +1.3744292e-04	 1.17e+00 Accepted	 281	 751	
204	 5.7013781e-01	 +2.1818821e-02 -3.5304841e-04	 6.89e-01 Accepted	 271	 744	
205	 5.7000749e-01	 +2.4013749e-02 -2.1120116e-04	 6.08e-01 Accepted	 270	 753	
206	 5.6977525e-01	 +2.2617418e-02 -3.0263801e-04	 9.36e-01 Accepted	 274	 778	
207	 5.7002855e-01	 +2.4297849e-02 +7.4089721e-04	 1.06e+00 Accepted	 288	 829	
208	 5.6999086e-01	 +2.3990995e-02 -7.1736336e-04	 8.27e-01 Accepted	 283	 758	
209	 5.6999086e-01	 +2.3990995e-02 -7.1736336e-04	 7.33e-01 Rejected	 277	 753	
210	 5.7007274e-01	 +2.5129075e-02 -2.6423025e-04	 8.79e-01 Accepted	 277	 752	
211	 5.7001708e-01	 +2.2145581e-02 -3.5543238e-04	 1.52e+00 Accepted	 273	 756	
212	 5.6993830e-01	 +2.3992848e-02 -1.2377915e-04	 5.17e-01 Accepted	 273	 760	
213	 5.6990825e-01	 +2.5161323e-02 -1.8191533e-03	 1.53e+00 Accepted	 274	 760	
214	 5.6998690e-01	 +2.3036334e-02 -4.0293872e-04	 1.17e+00 Accepted	 274	 745	
215	 5.6975552e-01	 +2.2812499e-02 -1.9514077e-03	 8.22e-01 Accepted	 274	 785	
216	 5.6946396e-01	 +2.2218694e-02 +4.9334538e-04	 1.10e+00 Accepted	 286	 793	
217	 5.6961646e-01	 +2.2549372e-02 -2.7685921e-03	 1.14e+00 Accepted	 286	 787	
218	 5.6943134e-01	 +2.0050789e-02 -7.0714664e-04	 8.66e-01 Accepted	 281	 766	
219	 5.6943134e-01	 +2.0050789e-02 -7.0714664e-04	 9.01e-01 Rejected	 281	 780	
220	 5.6929151e-01	 +2.0208330e-02 +3.2356346e-04	 7.99e-01 Accepted	 279	 771	
221	 5.6924599e-01	 +2.0951664e-02 -1.3974838e-03	 1.20e+00 Accepted	 275	 746	
222	 5.6936715e-01	 +2.0439835e-02 +1.9418295e-04	 1.61e+00 Accepted	 277	 777	
223	 5.6937001e-01	 +1.9735632e-02 +4.2610488e-04	 9.19e-01 Accepted	 281	 768	
224	 5.6935370e-01	 +2.2693488e-02 +1.2720380e-03	 8.98e-01 Accepted	 280	 778	
225	 5.6968617e-01	 +2.1196139e-02 +1.2422487e-03	 1.94e+00 Accepted	 278	 753	
226	 5.6964895e-01	 +2.0067911e-02 +1.1882538e-03	 1.61e+00 Accepted	 274	 755	
227	 5.6975462e-01	 +2.2863578e-02 +1.3042263e-03	 5.74e-01 Accepted	 278	 754	
228	 5.6995024e-01	 +2.1001460e-02 +9.4766590e-04	 1.27e+00 Accepted	 275	 757	
229	 5.6970663e-01	 +2.1989091e-02 -4.2770661e-05	 8.31e-01 Accepted	 276	 762	
230	 5.6984987e-01	 +1.9568083e-02 -9.4944108e-04	 7.77e-01 Accepted	 276	 773	
231	 5.6988293e-01	 +2.0955239e-02 -6.1875753e-04	 9.99e-01 Accepted	 276	 747	
232	 5.6988293e-01	 +2.0955239e-02 -6.1875753e-04	 8.34e-01 Rejected	 272	 745	
233	 5.6976026e-01	 +1.9314805e-02 -7.0244054e-04	 7.43e-01 Accepted	 273	 764	
234	 5.6952367e-01	 +2.0177727e-02 -4.5475266e-04	 9.22e-01 Accepted	 276	 752	
235	 5.6947059e-01	 +1.9463175e-02 -1.5465568e-04	 6.05e-01 Accepted	 274	 762	
236	 5.6933213e-01	 +2.1091124e-02 +2.7505358e-03	 7.48e-01 Accepted	 282	 819	
237	 5.6950885e-01	 +2.0244184e-02 -2.1879409e-04	 1.16e+00 Accepted	 310	 874	
238	 5.6950677e-01	 +2.0269335e-02 +6.5532355e-04	 1.08e+00 Accepted	 300	 776	
239	 5.6950677e-01	 +2.0269335e-02 +6.5532355e-04	 7.66e-01 Rejected	 280	 770	
240	 5.6953983e-01	 +2.1485868e-02 -9.7342436e-04	 8.85e-01 Accepted	 281	 787	
241	 5.6950784e-01	 +2.0975426e-02 +3.1629524e-04	 8.93e-01 Accepted	 290	 833	
242	 5.6951401e-01	 +2.2386306e-02 -2.6911012e-04	 1.01e+00 Accepted	 290	 775	
243	 5.6947377e-01	 +2.0280484e-02 -1.3723492e-03	 8.93e-01 Accepted	 277	 760	
244	 5.6950273e-01	 +2.0802907e-02 +5.7133831e-04	 1.19e+00 Accepted	 279	 772	
245	 5.6947877e-01	 +2.1932676e-02 -1.4920268e-03	 1.61e+00 Accepted	 280	 776	
246	 5.6940278e-01	 +2.1946956e-02 +1.7020081e-03	 9.42e-01 Accepted	 284	 784	
247	 5.6953228e-01	 +2.1069627e-02 -2.6432098e-04	 7.08e-01 Accepted	 294	 766	
248	 5.6953228e-01	 +2.1069627e-02 -2.6432098e-04	 5.61e-01 Rejected	 279	 752	
249	 5.6952922e-01	 +2.0619989e-02 -5.4271440e-06	 1.18e+00 Accepted	 283	 787	
250	 5.6942514e-01	 +2.2989750e-02 -5.8853933e-04	 1.05e+00 Accepted	 284	 775	
251	 5.6984751e-01	 +1.9800292e-02 -1.8314444e-03	 1.18e+00 Accepted	 282	 739	
252	 5.6970818e-01	 +1.9299905e-02 -7.2059968e-04	 7.76e-01 Accepted	 268	 745	
253	 5.6970818e-01	 +1.9299905e-02 -7.2059968e-04	 5.72e-01 Rejected	 270	 750	
254	 5.6964510e-01	 +2.2643211e-02 -1.8347340e-03	 6.79e-01 Accepted	 269	 742	
255	 5.6976062e-01	 +2.0462536e-02 +7.5617879e-05	 1.06e+00 Accepted	 270	 745	
256	 5.6976062e-01	 +2.0462536e-02 +7.5617879e-05	 4.75e-01 Rejected	 274	 741	
257	 5.6976062e-01	 +2.0462536e-02 +7.5617879e-05	 5.40e-01 Rejected	 273	 741	
258	 5.6961454e-01	 +2.2501993e-02 +8.6569371e-04	 7.34e-01 Accepted	 278	 739	
259	 5.6955269e-01	 +2.2595924e-02 -3.5437047e-05	 7.20e-01 Accepted	 276	 771	
260	 5.6969925e-01	 +2.4496458e-02 -9.5745706e-04	 7.49e-01 Accepted	 286	 772	
261	 5.6954685e-01	 +2.1442117e-02 +1.0474932e-03	 5.74e-01 Accepted	 293	 838	
262	 5.6954685e-01	 +2.1442117e-02 +1.0474932e-03	 8.00e-01 Rejected	 295	 745	
263	 5.6957495e-01	 +2.0832870e-02 +7.6064367e-04	 1.90e+00 Accepted	 309	 826	
264	 5.6959069e-01	 +2.1177151e-02 -2.5262667e-04	 1.23e+00 Accepted	 299	 746	
265	 5.6959069e-01	 +2.1177151e-02 -2.5262667e-04	 6.92e-01 Rejected	 280	 748	
266	 5.6958884e-01	 +2.3816356e-02 +2.0970350e-04	 7.64e-01 Accepted	 279	 747	
267	 5.6967534e-01	 +2.5185228e-02 +1.4460890e-04	 9.09e-01 Accepted	 277	 747	
268	 5.6967534e-01	 +2.5185228e-02 +1.4460890e-04	 6.95e-01 Rejected	 278	 744	
269	 5.6967451e-01	 +2.5379386e-02 +4.3090608e-04	 7.67e-01 Accepted	 282	 794	
270	 5.6940351e-01	 +2.0505618e-02 +1.9754022e-03	 3.80e-01 Accepted	 297	 761	
