# Starting_type: ColdStart
# serial RNG seed: 	[63731 15997 43459 22811 11239]
# parallel RNG seed:	[31743 52398 61669 16262 22691]
# Trajectory_length / Number_of_MD_steps: 1 / 8
# 	 Plaquette	 Polyakov_Loop(re,im)	 Acc._Probability	 runtime_per_traj(s)	 CG_iterations	
1	 8.0459728e-01	 +4.3331513e-01 -1.1194190e-05	 5.32e-66 Skipping	 183	 223	
2	 7.3181108e-01	 +2.5822324e-01 +9.0050630e-04	 7.98e-32 Skipping	 184	 215	
3	 6.8650569e-01	 +1.7982975e-01 -3.6495910e-04	 1.19e-21 Skipping	 179	 209	
4	 6.5451727e-01	 +1.3164691e-01 +1.3455228e-04	 1.26e-15 Skipping	 178	 206	
5	 6.3155230e-01	 +1.0957001e-01 +2.0218018e-04	 1.86e-11 Skipping	 176	 205	
6	 6.1486440e-01	 +9.0687676e-02 +4.9658723e-04	 1.21e-08 Skipping	 177	 206	
7	 6.0281771e-01	 +7.5698158e-02 +1.2233210e-03	 1.74e-06 Skipping	 179	 208	
8	 5.9411190e-01	 +6.6313423e-02 +8.9095813e-04	 8.12e-05 Skipping	 183	 231	
9	 5.8779314e-01	 +5.9586573e-02 -4.1750959e-04	 1.49e-03 Skipping	 194	 253	
10	 5.8359200e-01	 +5.3196552e-02 +7.2566543e-05	 1.21e-02 Skipping	 199	 230	
11	 5.8014699e-01	 +5.3806951e-02 -9.3375420e-04	 3.37e-02 Skipping	 196	 272	
12	 5.7808459e-01	 +4.7674607e-02 +1.2998657e-03	 1.27e-01 Skipping	 205	 267	
13	 5.7630176e-01	 +4.5890573e-02 -9.5394073e-04	 1.63e-01 Skipping	 215	 316	
14	 5.7514389e-01	 +4.6630763e-02 +1.3569188e-03	 4.29e-01 Skipping	 227	 268	
15	 5.7401286e-01	 +4.5235811e-02 -6.5404269e-04	 2.91e-01 Skipping	 224	 321	
16	 5.7323213e-01	 +4.3706755e-02 -1.6632128e-03	 4.35e-01 Skipping	 241	 329	
17	 5.7277239e-01	 +4.1528598e-02 +6.0634204e-06	 5.64e-01 Skipping	 244	 389	
18	 5.7262931e-01	 +3.9676039e-02 -7.4840098e-04	 6.81e-01 Skipping	 278	 408	
19	 5.7218764e-01	 +3.8471620e-02 -1.0754785e-03	 5.62e-01 Skipping	 267	 362	
20	 5.7202290e-01	 +3.7269566e-02 -1.2620829e-03	 8.13e-01 Skipping	 260	 355	
21	 5.7198983e-01	 +3.6644431e-02 -2.6680058e-04	 9.23e-01 Skipping	 266	 396	
22	 5.7168130e-01	 +3.4598335e-02 -4.6296534e-04	 1.06e+00 Skipping	 278	 387	
23	 5.7150250e-01	 +3.5363886e-02 +8.5104501e-04	 6.95e-01 Skipping	 262	 345	
24	 5.7138078e-01	 +3.3893518e-02 +1.9295265e-03	 6.83e-01 Skipping	 247	 342	
25	 5.7122773e-01	 +3.2519353e-02 +4.0604801e-05	 9.72e-01 Skipping	 248	 355	
26	 5.7102667e-01	 +3.4229575e-02 +1.7319672e-03	 7.35e-01 Skipping	 253	 381	
27	 5.7108150e-01	 +3.2058532e-02 +1.1914700e-03	 1.14e+00 Skipping	 256	 390	
28	 5.7109791e-01	 +3.0975363e-02 +1.1652753e-03	 1.12e+00 Skipping	 259	 346	
29	 5.7153431e-01	 +3.1819111e-02 +1.8213506e-05	 1.91e+00 Skipping	 234	 294	
30	 5.7155605e-01	 +3.1844907e-02 -1.9229305e-04	 1.50e+00 Skipping	 235	 322	
31	 5.7148010e-01	 +3.0296293e-02 +1.5532604e-03	 5.15e-01 Skipping	 248	 312	
32	 5.7125041e-01	 +3.1557324e-02 -3.2799407e-04	 7.95e-01 Skipping	 248	 382	
33	 5.7116167e-01	 +3.1641039e-02 +1.1619394e-03	 1.06e+00 Skipping	 275	 430	
34	 5.7126750e-01	 +3.0330101e-02 -3.5513063e-04	 1.35e+00 Skipping	 281	 402	
35	 5.7129262e-01	 +3.2515595e-02 +9.7348605e-04	 1.35e+00 Skipping	 279	 423	
36	 5.7141524e-01	 +3.0415033e-02 +1.0475551e-04	 1.59e+00 Skipping	 284	 403	
37	 5.7124718e-01	 +2.8086413e-02 -8.4578168e-04	 7.99e-01 Skipping	 284	 465	
38	 5.7099261e-01	 +3.0003844e-02 +2.6284591e-04	 7.35e-01 Skipping	 307	 466	
39	 5.7093368e-01	 +3.0822304e-02 -1.8978893e-03	 6.62e-01 Skipping	 297	 450	
40	 5.7104286e-01	 +2.9536399e-02 +1.1949457e-03	 1.28e+00 Skipping	 291	 391	
41	 5.7106789e-01	 +2.8499670e-02 -5.3316399e-04	 1.33e+00 Skipping	 267	 335	
42	 5.7114783e-01	 +2.9540575e-02 -1.7415273e-03	 8.92e-01 Skipping	 272	 411	
43	 5.7105892e-01	 +2.7705054e-02 +2.0175062e-04	 9.53e-01 Skipping	 283	 392	
44	 5.7099237e-01	 +2.9002212e-02 -2.1511439e-03	 5.39e-01 Skipping	 277	 364	
45	 5.7120441e-01	 +2.6368899e-02 -3.0006342e-04	 9.99e-01 Skipping	 249	 317	
46	 5.7112043e-01	 +2.8676114e-02 -5.7826366e-04	 8.67e-01 Skipping	 256	 396	
47	 5.7109315e-01	 +2.9023464e-02 -6.3915118e-05	 9.17e-01 Skipping	 282	 423	
48	 5.7117383e-01	 +2.9307595e-02 +1.7279927e-04	 1.15e+00 Skipping	 286	 423	
49	 5.7099702e-01	 +2.6817610e-02 -6.6848267e-04	 8.51e-01 Skipping	 276	 386	
50	 5.7096029e-01	 +2.5576450e-02 -9.7621698e-04	 1.37e+00 Skipping	 258	 303	
51	 5.7096029e-01	 +2.5576450e-02 -9.7621698e-04	 7.50e-01 Rejected	 233	 372	
52	 5.7117310e-01	 +2.5236566e-02 -4.0903692e-05	 8.52e-01 Accepted	 226	 297	
53	 5.7114728e-01	 +2.8025566e-02 -1.0005350e-03	 8.53e-01 Accepted	 236	 369	
54	 5.7124472e-01	 +2.7426388e-02 -6.2067159e-04	 9.35e-01 Accepted	 248	 328	
55	 5.7119996e-01	 +2.6342009e-02 +1.5546869e-03	 1.30e+00 Accepted	 256	 432	
56	 5.7106609e-01	 +2.6703823e-02 +1.7998729e-04	 9.33e-01 Accepted	 292	 425	
57	 5.7129977e-01	 +2.7078264e-02 +2.4965480e-04	 1.26e+00 Accepted	 279	 345	
58	 5.7106593e-01	 +2.6860054e-02 +3.6389690e-04	 7.63e-01 Accepted	 257	 381	
59	 5.7106314e-01	 +2.7145453e-02 -9.8902720e-04	 1.10e+00 Accepted	 257	 345	
60	 5.7111946e-01	 +2.7779723e-02 -1.7524205e-03	 1.04e+00 Accepted	 261	 384	
61	 5.7112930e-01	 +2.5579404e-02 -3.5044895e-05	 8.58e-01 Accepted	 252	 326	
62	 5.7123251e-01	 +2.6185386e-02 +2.4779303e-03	 1.22e+00 Accepted	 236	 320	
63	 5.7102721e-01	 +2.7139084e-02 -2.4368096e-04	 8.48e-01 Accepted	 241	 349	
64	 5.7110746e-01	 +2.7243547e-02 -1.3200564e-03	 1.30e+00 Accepted	 253	 391	
65	 5.7098611e-01	 +2.8098653e-02 -1.3715779e-03	 1.33e+00 Accepted	 263	 331	
66	 5.7110119e-01	 +2.5896515e-02 -8.3764358e-04	 1.10e+00 Accepted	 253	 360	
67	 5.7119910e-01	 +2.8076797e-02 +1.0696210e-03	 1.05e+00 Accepted	 267	 419	
68	 5.7114304e-01	 +2.6521505e-02 +9.7428352e-04	 1.23e+00 Accepted	 283	 395	
69	 5.7104389e-01	 +2.6659038e-02 +2.8824525e-03	 9.19e-01 Accepted	 276	 435	
70	 5.7116395e-01	 +2.6954930e-02 +7.4173542e-04	 9.87e-01 Accepted	 294	 427	
71	 5.7116566e-01	 +2.5434179e-02 +5.2474827e-04	 7.24e-01 Accepted	 277	 354	
72	 5.7107847e-01	 +2.4428685e-02 +1.1511747e-03	 1.34e+00 Accepted	 247	 321	
73	 5.7128443e-01	 +2.4712674e-02 +3.3032683e-03	 1.28e+00 Accepted	 248	 440	
74	 5.7161611e-01	 +2.4879061e-02 +1.0227513e-04	 1.02e+00 Accepted	 284	 368	
75	 5.7100402e-01	 +2.5911928e-02 +7.2486267e-04	 8.09e-01 Accepted	 252	 363	
76	 5.7079155e-01	 +2.6508350e-02 +1.4377714e-03	 6.89e-01 Accepted	 267	 361	
77	 5.7087697e-01	 +2.4372670e-02 +1.4638760e-03	 1.40e+00 Accepted	 259	 370	
78	 5.7087697e-01	 +2.4372670e-02 +1.4638760e-03	 8.55e-01 Rejected	 267	 416	
79	 5.7106778e-01	 +2.4375398e-02 +1.3998913e-04	 9.94e-01 Accepted	 261	 345	
80	 5.7112732e-01	 +2.3812076e-02 +1.0014084e-03	 1.16e+00 Accepted	 262	 393	
81	 5.7130879e-01	 +2.2978927e-02 +1.8706754e-03	 1.50e+00 Accepted	 276	 366	
82	 5.7123564e-01	 +2.3301748e-02 +1.7127242e-03	 1.02e+00 Accepted	 262	 363	
83	 5.7124081e-01	 +2.2765078e-02 +6.8689658e-04	 7.98e-01 Accepted	 252	 378	
84	 5.7133966e-01	 +2.4016295e-02 +7.2677787e-04	 1.30e+00 Accepted	 262	 384	
85	 5.7126596e-01	 +2.3562402e-02 +2.3570487e-03	 1.18e+00 Accepted	 260	 389	
86	 5.7122850e-01	 +2.3955631e-02 -7.9874882e-04	 8.24e-01 Accepted	 277	 371	
87	 5.7112051e-01	 +2.2095788e-02 +5.5670864e-04	 8.77e-01 Accepted	 254	 381	
88	 5.7121177e-01	 +2.2491678e-02 +8.1817851e-04	 8.64e-01 Accepted	 270	 466	
89	 5.7108557e-01	 +2.3255395e-02 -1.0650551e-03	 9.68e-01 Accepted	 305	 474	
90	 5.7111731e-01	 +2.3616856e-02 +1.9460840e-03	 1.15e+00 Accepted	 299	 411	
91	 5.7098696e-01	 +2.3070189e-02 -3.0039231e-04	 8.49e-01 Accepted	 292	 427	
92	 5.7096534e-01	 +2.3218692e-02 -1.7523697e-03	 1.27e+00 Accepted	 285	 374	
93	 5.7115392e-01	 +2.4305015e-02 +8.2192344e-04	 1.21e+00 Accepted	 269	 415	
94	 5.7114550e-01	 +2.2018536e-02 -5.4680396e-04	 8.46e-01 Accepted	 279	 402	
95	 5.7123600e-01	 +2.3778886e-02 -1.4356676e-03	 1.51e+00 Accepted	 276	 400	
96	 5.7096706e-01	 +2.1971397e-02 -1.0741664e-03	 6.32e-01 Accepted	 261	 329	
97	 5.7082727e-01	 +2.3815676e-02 -2.8373143e-03	 6.63e-01 Accepted	 252	 370	
98	 5.7081153e-01	 +2.0752207e-02 +3.6525249e-04	 8.31e-01 Accepted	 266	 401	
99	 5.7088976e-01	 +2.3212372e-02 -2.4642354e-03	 1.14e+00 Accepted	 283	 439	
100	 5.7090133e-01	 +2.1674362e-02 -2.4359782e-03	 6.05e-01 Accepted	 277	 403	
101	 5.7098853e-01	 +2.2084590e-02 +1.4842274e-03	 8.72e-01 Accepted	 271	 349	
102	 5.7087410e-01	 +2.1690715e-02 -2.9209431e-04	 9.55e-01 Accepted	 252	 315	
103	 5.7095432e-01	 +2.0399315e-02 -1.0608528e-03	 1.55e+00 Accepted	 232	 360	
104	 5.7082572e-01	 +2.2603898e-02 -8.6905895e-04	 7.42e-01 Accepted	 257	 403	
105	 5.7092945e-01	 +2.2270896e-02 -2.4422566e-04	 1.10e+00 Accepted	 280	 444	
106	 5.7072604e-01	 +2.1785080e-02 -2.7066558e-04	 8.73e-01 Accepted	 283	 357	
107	 5.7080269e-01	 +2.2123917e-02 +9.9484656e-04	 1.22e+00 Accepted	 263	 371	
108	 5.7092065e-01	 +2.2825987e-02 +6.6833563e-04	 9.44e-01 Accepted	 266	 388	
109	 5.7107379e-01	 +2.4228764e-02 -2.4679414e-04	 9.52e-01 Accepted	 275	 419	
110	 5.7115720e-01	 +2.1898599e-02 +2.8602653e-03	 1.63e+00 Accepted	 279	 398	
111	 5.7120104e-01	 +1.9395536e-02 -9.7939144e-04	 9.42e-01 Accepted	 253	 352	
112	 5.7096812e-01	 +2.0301124e-02 +1.0878505e-03	 1.07e+00 Accepted	 235	 313	
113	 5.7119497e-01	 +2.1367593e-02 -1.6681477e-04	 1.30e+00 Accepted	 251	 431	
114	 5.7119497e-01	 +2.1367593e-02 -1.6681477e-04	 6.24e-01 Rejected	 276	 381	
115	 5.7119497e-01	 +2.1367593e-02 -1.6681477e-04	 6.06e-01 Rejected	 278	 356	
116	 5.7119497e-01	 +2.1367593e-02 -1.6681477e-04	 6.85e-01 Rejected	 275	 418	
117	 5.7093783e-01	 +1.9833381e-02 +1.4920234e-03	 7.82e-01 Accepted	 280	 434	
118	 5.7102997e-01	 +1.9952426e-02 -8.7841561e-04	 8.42e-01 Accepted	 292	 428	
119	 5.7097102e-01	 +2.3204382e-02 +1.1648015e-03	 9.65e-01 Accepted	 290	 379	
120	 5.7102867e-01	 +2.1876344e-02 -6.6590961e-04	 1.16e+00 Accepted	 270	 408	
121	 5.7093328e-01	 +2.0974711e-02 +9.6046831e-04	 7.65e-01 Accepted	 281	 430	
122	 5.7059420e-01	 +2.1388042e-02 -8.2881841e-04	 5.18e-01 Accepted	 281	 427	
123	 5.7086525e-01	 +2.1931501e-02 +1.3585019e-03	 1.93e+00 Accepted	 293	 461	
124	 5.7060314e-01	 +2.1322979e-02 +1.6685757e-03	 6.73e-01 Accepted	 301	 431	
125	 5.7071394e-01	 +2.2592767e-02 +2.4364419e-04	 1.21e+00 Accepted	 298	 441	
126	 5.7080453e-01	 +2.0008340e-02 -1.7988665e-04	 8.29e-01 Accepted	 300	 460	
127	 5.7076370e-01	 +2.0850034e-02 -1.0316313e-03	 1.21e+00 Accepted	 302	 453	
128	 5.7080571e-01	 +1.9742303e-02 +1.7084218e-03	 1.00e+00 Accepted	 294	 438	
129	 5.7108524e-01	 +2.1560947e-02 +1.6076701e-03	 1.18e+00 Accepted	 295	 402	
130	 5.7112710e-01	 +1.9625684e-02 +2.9492095e-04	 8.67e-01 Accepted	 265	 320	
131	 5.7125047e-01	 +1.9946487e-02 -8.3472283e-04	 1.48e+00 Accepted	 239	 334	
132	 5.7119904e-01	 +2.2834777e-02 +3.7702324e-05	 1.07e+00 Accepted	 239	 344	
133	 5.7127138e-01	 +2.2864704e-02 +4.9984157e-05	 9.29e-01 Accepted	 248	 364	
134	 5.7128081e-01	 +1.9525115e-02 +2.6814234e-03	 7.75e-01 Accepted	 251	 427	
135	 5.7127137e-01	 +2.2119544e-02 +7.3720714e-04	 9.08e-01 Accepted	 276	 361	
136	 5.7131362e-01	 +2.0205829e-02 +8.1084037e-04	 1.28e+00 Accepted	 262	 430	
137	 5.7132584e-01	 +2.0969475e-02 -1.1643929e-04	 6.85e-01 Accepted	 283	 355	
138	 5.7132584e-01	 +2.0969475e-02 -1.1643929e-04	 6.22e-01 Rejected	 251	 374	
139	 5.7132584e-01	 +2.0969475e-02 -1.1643929e-04	 6.80e-01 Rejected	 252	 344	
140	 5.7132584e-01	 +2.0969475e-02 -1.1643929e-04	 6.92e-01 Rejected	 257	 351	
141	 5.7123581e-01	 +1.9091253e-02 +1.8633415e-03	 8.98e-01 Accepted	 249	 340	
142	 5.7140745e-01	 +2.1152682e-02 +2.5710326e-03	 1.16e+00 Accepted	 243	 330	
143	 5.7118108e-01	 +2.1315276e-02 +1.0284511e-03	 7.18e-01 Accepted	 251	 376	
144	 5.7118108e-01	 +2.1315276e-02 +1.0284511e-03	 7.14e-01 Rejected	 262	 360	
145	 5.7116278e-01	 +2.2602105e-02 -6.3418343e-04	 1.10e+00 Accepted	 269	 384	
146	 5.7109994e-01	 +2.3269575e-02 +8.8629505e-04	 1.13e+00 Accepted	 255	 347	
147	 5.7109994e-01	 +2.3269575e-02 +8.8629505e-04	 8.59e-01 Rejected	 249	 381	
148	 5.7114645e-01	 +2.3030291e-02 +1.0363123e-03	 1.35e+00 Accepted	 246	 329	
149	 5.7075323e-01	 +2.0743823e-02 +1.0764139e-03	 6.65e-01 Accepted	 245	 352	
150	 5.7068425e-01	 +2.3347769e-02 +3.1148286e-04	 5.67e-01 Accepted	 260	 380	
151	 5.7084282e-01	 +2.0679465e-02 +7.9392843e-04	 1.18e+00 Accepted	 277	 441	
152	 5.7098724e-01	 +2.0232486e-02 +9.7456341e-04	 6.97e-01 Accepted	 285	 399	
153	 5.7082053e-01	 +1.9813604e-02 +1.2603970e-03	 1.07e+00 Accepted	 268	 370	
154	 5.7096788e-01	 +2.1919665e-02 -3.5799799e-04	 1.49e+00 Accepted	 248	 339	
155	 5.7106358e-01	 +2.1145352e-02 -1.7269906e-03	 1.29e+00 Accepted	 240	 311	
156	 5.7110448e-01	 +2.2272744e-02 -9.8565749e-04	 8.31e-01 Accepted	 239	 331	
157	 5.7107865e-01	 +2.1520179e-02 +6.0819001e-04	 7.63e-01 Accepted	 247	 355	
158	 5.7102703e-01	 +2.0092530e-02 +4.2665993e-04	 8.66e-01 Accepted	 264	 374	
159	 5.7083080e-01	 +1.9997450e-02 +1.3195794e-03	 9.71e-01 Accepted	 263	 394	
160	 5.7064331e-01	 +1.9881954e-02 -2.9824029e-04	 5.43e-01 Accepted	 277	 401	
161	 5.7100526e-01	 +2.0573626e-02 +1.1942252e-03	 1.87e+00 Accepted	 275	 386	
162	 5.7104935e-01	 +2.0727900e-02 +1.6844365e-03	 1.07e+00 Accepted	 273	 379	
163	 5.7090840e-01	 +2.0168195e-02 -4.0802700e-04	 6.89e-01 Accepted	 277	 428	
164	 5.7084844e-01	 +1.8500882e-02 -4.8392149e-04	 1.04e+00 Accepted	 293	 435	
165	 5.7093031e-01	 +1.8295317e-02 +1.2168904e-03	 9.14e-01 Accepted	 297	 471	
# Starting_type: CheckpointStart
# Trajectory_length / Number_of_MD_steps: 1 / 8
# 	 Plaquette	 Polyakov_Loop(re,im)	 Acc._Probability	 runtime_per_traj(s)	 CG_iterations	
165	 5.7093031e-01	 +1.8295317e-02 +1.2168904e-03	 9.14e-01 Accepted	 198	 471	
166	 5.7085454e-01	 +1.8937402e-02 +1.4142781e-04	 9.31e-01 Accepted	 196	 384	
167	 5.7109289e-01	 +1.8269528e-02 +8.0257581e-04	 1.79e+00 Accepted	 181	 414	
168	 5.7109289e-01	 +1.8269528e-02 +8.0257581e-04	 5.80e-01 Rejected	 176	 424	
169	 5.7125415e-01	 +1.8651391e-02 +9.4053952e-04	 1.27e+00 Accepted	 176	 405	
170	 5.7120020e-01	 +1.8860169e-02 +1.1668851e-03	 9.28e-01 Accepted	 170	 359	
171	 5.7120020e-01	 +1.8860169e-02 +1.1668851e-03	 7.35e-01 Rejected	 164	 352	
172	 5.7116022e-01	 +1.6393770e-02 +3.1524924e-04	 9.84e-01 Accepted	 154	 300	
173	 5.7116022e-01	 +1.6393770e-02 +3.1524924e-04	 5.52e-01 Rejected	 150	 380	
174	 5.7098926e-01	 +1.9619041e-02 +5.7177351e-04	 9.18e-01 Accepted	 142	 317	
175	 5.7082261e-01	 +1.7648465e-02 +8.8298931e-04	 9.95e-01 Accepted	 159	 463	
176	 5.7112971e-01	 +1.7971357e-02 -5.5097807e-04	 1.61e+00 Accepted	 171	 312	
177	 5.7086471e-01	 +1.6035505e-02 -1.2379263e-03	 8.20e-01 Accepted	 159	 402	
178	 5.7100144e-01	 +1.7126170e-02 +2.4592977e-04	 1.28e+00 Accepted	 172	 415	
179	 5.7076403e-01	 +1.7382512e-02 +3.3107238e-04	 1.04e+00 Accepted	 181	 466	
180	 5.7082500e-01	 +1.6559368e-02 -7.7654605e-04	 1.16e+00 Accepted	 192	 422	
181	 5.7070192e-01	 +1.6701328e-02 -1.5644768e-04	 7.40e-01 Accepted	 174	 387	
182	 5.7085242e-01	 +1.8194397e-02 -1.0909481e-03	 1.60e+00 Accepted	 167	 378	
183	 5.7122389e-01	 +1.9106392e-02 -3.7765578e-04	 1.40e+00 Accepted	 170	 410	
184	 5.7133909e-01	 +1.8698901e-02 +1.2539099e-03	 1.00e+00 Accepted	 170	 351	
185	 5.7139385e-01	 +1.6905909e-02 +1.6452034e-03	 1.23e+00 Accepted	 152	 292	
186	 5.7139385e-01	 +1.6905909e-02 +1.6452034e-03	 4.72e-01 Rejected	 154	 355	
187	 5.7108546e-01	 +1.7928751e-02 +5.4716231e-04	 7.08e-01 Accepted	 156	 415	
188	 5.7142485e-01	 +1.7724460e-02 +1.1693144e-03	 1.33e+00 Accepted	 177	 405	
189	 5.7128691e-01	 +1.8547038e-02 +1.3459611e-03	 8.96e-01 Accepted	 174	 406	
190	 5.7128691e-01	 +1.8547038e-02 +1.3459611e-03	 8.21e-01 Rejected	 179	 402	
191	 5.7128691e-01	 +1.8547038e-02 +1.3459611e-03	 9.55e-01 Rejected	 164	 329	
192	 5.7113991e-01	 +1.8162854e-02 +2.1141739e-03	 1.63e+00 Accepted	 168	 402	
193	 5.7100511e-01	 +1.6904238e-02 +2.8702723e-03	 5.40e-01 Accepted	 177	 388	
194	 5.7087400e-01	 +1.7464595e-02 +1.5948458e-03	 1.11e+00 Accepted	 173	 378	
195	 5.7088876e-01	 +1.7664929e-02 +1.3669700e-03	 8.16e-01 Accepted	 168	 357	
196	 5.7098082e-01	 +1.4577918e-02 +1.1127440e-03	 1.19e+00 Accepted	 172	 456	
197	 5.7093380e-01	 +1.7394132e-02 +6.9999531e-04	 8.46e-01 Accepted	 192	 457	
198	 5.7093380e-01	 +1.7394132e-02 +6.9999531e-04	 7.49e-01 Rejected	 183	 382	
199	 5.7086584e-01	 +1.7144015e-02 -8.5963599e-04	 7.61e-01 Accepted	 187	 422	
200	 5.7082672e-01	 +1.6432530e-02 -1.7289299e-03	 1.13e+00 Accepted	 184	 424	
201	 5.7092503e-01	 +1.6170413e-02 -7.9293166e-04	 9.77e-01 Accepted	 186	 418	
202	 5.7116405e-01	 +1.6919598e-02 +9.0376029e-04	 1.00e+00 Accepted	 176	 385	
203	 5.7131902e-01	 +1.6820620e-02 +1.0980853e-04	 1.63e+00 Accepted	 170	 423	
204	 5.7116111e-01	 +1.5836304e-02 -1.0427800e-03	 6.76e-01 Accepted	 177	 387	
205	 5.7106440e-01	 +1.7345745e-02 -1.2079948e-03	 1.09e+00 Accepted	 179	 408	
206	 5.7097621e-01	 +1.6664460e-02 -3.4349818e-04	 9.95e-01 Accepted	 172	 388	
207	 5.7081158e-01	 +1.7120361e-02 -1.2641917e-03	 8.86e-01 Accepted	 174	 368	
208	 5.7098289e-01	 +1.8515078e-02 -1.2298636e-03	 9.02e-01 Accepted	 160	 340	
209	 5.7106077e-01	 +1.4285611e-02 +1.3156731e-03	 1.13e+00 Accepted	 158	 365	
210	 5.7096424e-01	 +1.6611059e-02 -8.0730978e-04	 9.00e-01 Accepted	 164	 366	
211	 5.7093983e-01	 +1.6659761e-02 +2.9111574e-04	 6.36e-01 Accepted	 163	 351	
212	 5.7096481e-01	 +1.6373420e-02 +6.5364281e-04	 1.10e+00 Accepted	 157	 340	
213	 5.7094528e-01	 +1.5831639e-02 -2.1409297e-04	 7.02e-01 Accepted	 159	 332	
214	 5.7092460e-01	 +1.6042284e-02 -1.2901321e-03	 9.45e-01 Accepted	 164	 404	
215	 5.7094096e-01	 +1.6329833e-02 -9.8841589e-04	 1.37e+00 Accepted	 166	 318	
216	 5.7098250e-01	 +1.4534293e-02 -7.0799210e-05	 8.07e-01 Accepted	 161	 429	
217	 5.7095797e-01	 +1.5792243e-02 -8.7017772e-04	 9.04e-01 Accepted	 188	 449	
218	 5.7095797e-01	 +1.5792243e-02 -8.7017772e-04	 7.93e-01 Rejected	 185	 394	
219	 5.7095017e-01	 +1.3309329e-02 +4.1861418e-04	 9.53e-01 Accepted	 191	 448	
220	 5.7098581e-01	 +1.6115857e-02 -7.9156628e-04	 9.73e-01 Accepted	 193	 419	
221	 5.7087923e-01	 +1.4654705e-02 -1.4342868e-03	 9.43e-01 Accepted	 185	 386	
222	 5.7105939e-01	 +1.4460400e-02 -6.3459135e-05	 2.37e+00 Accepted	 176	 417	
223	 5.7116591e-01	 +1.5709977e-02 -2.9059013e-04	 1.19e+00 Accepted	 182	 424	
224	 5.7097772e-01	 +1.2747018e-02 +4.5886737e-04	 8.69e-01 Accepted	 183	 446	
225	 5.7093483e-01	 +1.4755440e-02 -9.5079685e-04	 1.08e+00 Accepted	 189	 468	
226	 5.7073940e-01	 +1.3871664e-02 -2.3339055e-04	 8.51e-01 Accepted	 186	 435	
227	 5.7086577e-01	 +1.4411510e-02 -1.0704489e-04	 1.13e+00 Accepted	 181	 350	
228	 5.7086577e-01	 +1.4411510e-02 -1.0704489e-04	 7.52e-01 Rejected	 166	 437	
229	 5.7069740e-01	 +1.2798870e-02 +1.5854930e-03	 8.33e-01 Accepted	 159	 407	
230	 5.7062331e-01	 +1.4201709e-02 -3.5069338e-04	 6.22e-01 Accepted	 183	 429	
231	 5.7091681e-01	 +1.5322208e-02 -1.0735004e-03	 1.55e+00 Accepted	 192	 444	
232	 5.7072223e-01	 +1.4677018e-02 -1.3519187e-03	 8.23e-01 Accepted	 186	 371	
233	 5.7072223e-01	 +1.4677018e-02 -1.3519187e-03	 6.97e-01 Rejected	 172	 421	
234	 5.7080940e-01	 +1.3394510e-02 +3.8321703e-04	 9.47e-01 Accepted	 168	 391	
235	 5.7078302e-01	 +1.4892381e-02 -8.9503139e-04	 9.02e-01 Accepted	 163	 349	
236	 5.7098344e-01	 +1.4938058e-02 -4.8382542e-04	 1.37e+00 Accepted	 172	 424	
237	 5.7082296e-01	 +1.7555292e-02 -1.7985926e-03	 9.07e-01 Accepted	 179	 383	
238	 5.7092865e-01	 +1.5011444e-02 +3.8842689e-04	 1.12e+00 Accepted	 164	 332	
239	 5.7088630e-01	 +1.5852852e-02 +9.7421836e-04	 1.03e+00 Accepted	 161	 420	
240	 5.7040825e-01	 +1.4230493e-02 +1.1474475e-03	 4.92e-01 Accepted	 183	 407	
241	 5.7069501e-01	 +1.3796375e-02 +2.4178837e-05	 1.16e+00 Accepted	 185	 439	
242	 5.7069501e-01	 +1.3796375e-02 +2.4178837e-05	 8.45e-01 Rejected	 181	 432	
243	 5.7076910e-01	 +1.2304658e-02 -1.0639873e-04	 1.17e+00 Accepted	 184	 408	
244	 5.7076910e-01	 +1.2304658e-02 -1.0639873e-04	 5.42e-01 Rejected	 177	 351	
245	 5.7101178e-01	 +1.3304295e-02 -1.5310780e-03	 1.18e+00 Accepted	 179	 441	
246	 5.7110407e-01	 +1.5332034e-02 +5.4556410e-04	 8.64e-01 Accepted	 192	 429	
247	 5.7090395e-01	 +1.4618079e-02 -1.1317269e-03	 9.68e-01 Accepted	 187	 460	
248	 5.7103533e-01	 +1.5667233e-02 -1.1186220e-03	 1.13e+00 Accepted	 186	 413	
249	 5.7103533e-01	 +1.5667233e-02 -1.1186220e-03	 4.40e-01 Rejected	 173	 370	
250	 5.7096959e-01	 +1.6308014e-02 +7.2678404e-04	 8.38e-01 Accepted	 188	 437	
251	 5.7084638e-01	 +1.3589266e-02 +2.7722130e-04	 5.52e-01 Accepted	 174	 354	
252	 5.7086465e-01	 +1.4647189e-02 +4.1072038e-04	 1.11e+00 Accepted	 161	 362	
253	 5.7114780e-01	 +1.3655692e-02 -1.2928678e-03	 9.87e-01 Accepted	 171	 403	
254	 5.7114780e-01	 +1.3655692e-02 -1.2928678e-03	 7.15e-01 Rejected	 181	 444	
255	 5.7111059e-01	 +1.1541345e-02 -3.4413722e-04	 1.14e+00 Accepted	 178	 392	
256	 5.7126629e-01	 +1.2982791e-02 -5.3157006e-04	 1.44e+00 Accepted	 179	 406	
257	 5.7129293e-01	 +1.4621084e-02 +3.6496810e-04	 9.59e-01 Accepted	 182	 438	
258	 5.7143969e-01	 +1.3255536e-02 -1.7074249e-04	 9.50e-01 Accepted	 188	 423	
259	 5.7113920e-01	 +1.2280649e-02 -7.6971218e-04	 6.81e-01 Accepted	 186	 431	
260	 5.7129041e-01	 +1.3341343e-02 -4.4184384e-04	 1.16e+00 Accepted	 187	 389	
261	 5.7129041e-01	 +1.3341343e-02 -4.4184384e-04	 8.40e-01 Rejected	 187	 458	
262	 5.7134406e-01	 +1.5802405e-02 +2.6120982e-04	 1.19e+00 Accepted	 172	 372	
263	 5.7134406e-01	 +1.5802405e-02 +2.6120982e-04	 5.47e-01 Rejected	 165	 335	
264	 5.7114086e-01	 +1.4339828e-02 -1.0986576e-03	 8.06e-01 Accepted	 167	 354	
265	 5.7104849e-01	 +1.4043157e-02 -7.3200821e-04	 7.63e-01 Accepted	 174	 433	
266	 5.7083180e-01	 +1.4234362e-02 -8.3051362e-04	 7.84e-01 Accepted	 189	 428	
267	 5.7079979e-01	 +1.6426668e-02 -1.1487157e-03	 9.99e-01 Accepted	 179	 442	
268	 5.7080949e-01	 +1.4483339e-02 -6.5775447e-04	 1.05e+00 Accepted	 176	 373	
269	 5.7056928e-01	 +1.4326049e-02 -2.3278514e-03	 6.59e-01 Accepted	 168	 412	
270	 5.7049312e-01	 +1.3960382e-02 -1.6055155e-03	 7.80e-01 Accepted	 177	 381	
271	 5.7051272e-01	 +1.3306965e-02 +6.1589909e-05	 1.37e+00 Accepted	 174	 358	
272	 5.7051656e-01	 +1.3741216e-02 -1.1987763e-03	 1.14e+00 Accepted	 167	 363	
273	 5.7063481e-01	 +1.4330241e-02 -1.7050806e-03	 1.13e+00 Accepted	 168	 381	
274	 5.7079493e-01	 +1.3999765e-02 -9.1622353e-04	 8.59e-01 Accepted	 175	 436	
275	 5.7088670e-01	 +1.5959134e-02 +1.6429951e-03	 1.39e+00 Accepted	 186	 397	
276	 5.7117302e-01	 +1.3150834e-02 -1.0328764e-03	 9.97e-01 Accepted	 182	 447	
277	 5.7103025e-01	 +1.6007479e-02 +9.6669031e-04	 5.31e-01 Accepted	 194	 434	
278	 5.7118412e-01	 +1.5177394e-02 +6.5329020e-05	 1.92e+00 Accepted	 194	 459	
279	 5.7098684e-01	 +1.5034906e-02 +3.9106430e-05	 8.05e-01 Accepted	 187	 424	
280	 5.7098684e-01	 +1.5034906e-02 +3.9106430e-05	 6.43e-01 Rejected	 183	 417	
281	 5.7098684e-01	 +1.5034906e-02 +3.9106430e-05	 5.48e-01 Rejected	 188	 429	
282	 5.7092179e-01	 +1.3614400e-02 -4.2983621e-04	 8.00e-01 Accepted	 179	 419	
283	 5.7107983e-01	 +1.6720925e-02 -3.4061819e-04	 1.10e+00 Accepted	 179	 394	
284	 5.7096873e-01	 +1.4740654e-02 -3.5181685e-04	 1.42e+00 Accepted	 180	 455	
285	 5.7096873e-01	 +1.4740654e-02 -3.5181685e-04	 6.01e-01 Rejected	 182	 355	
286	 5.7105077e-01	 +1.5849673e-02 -2.6849126e-03	 1.40e+00 Accepted	 191	 430	
287	 5.7107269e-01	 +1.4318263e-02 +1.3213346e-03	 9.23e-01 Accepted	 186	 421	
288	 5.7109360e-01	 +1.2554024e-02 -4.6488409e-04	 1.09e+00 Accepted	 188	 424	
289	 5.7100273e-01	 +1.3910004e-02 -1.0181046e-03	 8.57e-01 Accepted	 192	 475	
290	 5.7106222e-01	 +1.4144880e-02 -1.6964124e-03	 1.15e+00 Accepted	 196	 456	
291	 5.7104487e-01	 +1.2593345e-02 -1.3464853e-03	 1.07e+00 Accepted	 187	 388	
292	 5.7115241e-01	 +1.4387826e-02 -7.4620522e-04	 9.38e-01 Accepted	 172	 408	
293	 5.7115241e-01	 +1.4387826e-02 -7.4620522e-04	 6.85e-01 Rejected	 165	 316	
294	 5.7134016e-01	 +1.2860800e-02 -5.3177993e-04	 1.26e+00 Accepted	 180	 404	
295	 5.7119645e-01	 +1.1555867e-02 +1.0444589e-03	 6.26e-01 Accepted	 183	 428	
296	 5.7113561e-01	 +1.3148513e-02 -2.8416812e-04	 1.26e+00 Accepted	 187	 422	
297	 5.7101485e-01	 +1.3545558e-02 +1.5440506e-03	 8.68e-01 Accepted	 173	 364	
298	 5.7097750e-01	 +1.0743211e-02 +2.0850244e-03	 6.00e-01 Accepted	 175	 454	
299	 5.7054218e-01	 +1.1950994e-02 +1.7976783e-03	 8.48e-01 Accepted	 186	 406	
300	 5.7037701e-01	 +1.4120975e-02 -1.4806062e-03	 7.35e-01 Accepted	 176	 372	
301	 5.7048726e-01	 +1.3840810e-02 +7.4206225e-04	 1.14e+00 Accepted	 169	 404	
302	 5.7069585e-01	 +1.4213078e-02 +4.1927179e-04	 1.52e+00 Accepted	 177	 416	
303	 5.7038728e-01	 +1.3091408e-02 -9.1163973e-04	 9.00e-01 Accepted	 174	 391	
304	 5.7048330e-01	 +1.1088337e-02 -6.0900513e-04	 9.07e-01 Accepted	 177	 442	
305	 5.7056397e-01	 +1.5558705e-02 -1.3716359e-03	 1.22e+00 Accepted	 190	 413	
306	 5.7039823e-01	 +1.3014514e-02 -1.6526295e-04	 1.15e+00 Accepted	 184	 434	
307	 5.7055340e-01	 +1.4008978e-02 -1.2998299e-03	 9.68e-01 Accepted	 188	 423	
308	 5.7082107e-01	 +1.2791182e-02 -2.3760401e-03	 1.16e+00 Accepted	 173	 342	
309	 5.7082107e-01	 +1.2791182e-02 -2.3760401e-03	 5.16e-01 Rejected	 156	 365	
310	 5.7092877e-01	 +1.4048105e-02 +1.4888229e-03	 9.65e-01 Accepted	 175	 462	
311	 5.7078883e-01	 +1.5532042e-02 -3.6218866e-04	 8.05e-01 Accepted	 195	 455	
312	 5.7072511e-01	 +1.5759165e-02 +1.9403898e-04	 5.86e-01 Accepted	 187	 434	
313	 5.7072511e-01	 +1.5759165e-02 +1.9403898e-04	 5.99e-01 Rejected	 184	 408	
314	 5.7054160e-01	 +1.4970194e-02 -7.3486753e-04	 8.53e-01 Accepted	 188	 405	
315	 5.7055055e-01	 +1.4329041e-02 -2.3796477e-03	 1.12e+00 Accepted	 168	 377	
316	 5.7058145e-01	 +1.4099636e-02 -2.2945604e-03	 7.68e-01 Accepted	 167	 363	
317	 5.7042444e-01	 +1.4133351e-02 -7.1929844e-04	 5.76e-01 Accepted	 176	 417	
318	 5.7045512e-01	 +1.3876037e-02 -3.9819220e-04	 1.53e+00 Accepted	 186	 418	
319	 5.7068705e-01	 +1.2841626e-02 -1.1715402e-03	 1.14e+00 Accepted	 188	 445	
320	 5.7068705e-01	 +1.2841626e-02 -1.1715402e-03	 7.35e-01 Rejected	 182	 352	
321	 5.7038391e-01	 +1.2256185e-02 -1.7117699e-03	 7.47e-01 Accepted	 188	 432	
322	 5.7051469e-01	 +1.0906621e-02 +1.3009232e-03	 1.07e+00 Accepted	 180	 398	
323	 5.7045427e-01	 +1.2495932e-02 -1.0543623e-03	 1.08e+00 Accepted	 170	 371	
324	 5.7070463e-01	 +1.1821439e-02 -6.5708577e-04	 1.36e+00 Accepted	 163	 414	
325	 5.7076173e-01	 +9.9363052e-03 +1.3200754e-04	 8.34e-01 Accepted	 180	 402	
326	 5.7055286e-01	 +1.3328399e-02 -4.8328202e-04	 9.34e-01 Accepted	 182	 423	
327	 5.7082573e-01	 +1.2696689e-02 +7.2847299e-04	 1.36e+00 Accepted	 187	 449	
328	 5.7069769e-01	 +1.1657624e-02 +2.8669275e-04	 8.36e-01 Accepted	 185	 379	
329	 5.7069769e-01	 +1.1657624e-02 +2.8669275e-04	 9.34e-01 Rejected	 173	 451	
330	 5.7075535e-01	 +1.2102231e-02 -1.1949210e-03	 1.13e+00 Accepted	 169	 392	
331	 5.7083126e-01	 +1.0484542e-02 +3.8298795e-04	 8.52e-01 Accepted	 180	 437	
332	 5.7091882e-01	 +1.0817647e-02 -1.8628871e-04	 1.19e+00 Accepted	 181	 387	
333	 5.7082808e-01	 +1.1894000e-02 -9.0253644e-04	 1.07e+00 Accepted	 172	 407	
334	 5.7067071e-01	 +1.0479122e-02 -2.2691848e-03	 8.36e-01 Accepted	 173	 368	
335	 5.7076865e-01	 +9.1238664e-03 -3.2285569e-03	 1.10e+00 Accepted	 176	 431	
336	 5.7056053e-01	 +1.0398492e-02 -8.7394224e-04	 5.08e-01 Accepted	 187	 447	
337	 5.7057231e-01	 +1.1249186e-02 -1.8781572e-03	 6.66e-01 Accepted	 193	 461	
338	 5.7055577e-01	 +1.1101996e-02 -1.8615765e-03	 9.24e-01 Accepted	 186	 422	
339	 5.7055577e-01	 +1.1101996e-02 -1.8615765e-03	 8.86e-01 Rejected	 174	 424	
340	 5.7074789e-01	 +1.1464783e-02 -3.6260614e-04	 1.33e+00 Accepted	 172	 386	
341	 5.7068322e-01	 +1.1235762e-02 -6.8654898e-04	 6.54e-01 Accepted	 173	 417	
342	 5.7062389e-01	 +1.0432670e-02 -1.3619405e-03	 1.31e+00 Accepted	 184	 413	
343	 5.7072332e-01	 +8.3332795e-03 -2.0328098e-03	 1.24e+00 Accepted	 176	 358	
344	 5.7065372e-01	 +9.5649760e-03 -1.5916868e-03	 1.12e+00 Accepted	 172	 403	
345	 5.7076854e-01	 +1.1352341e-02 -6.4158003e-04	 1.12e+00 Accepted	 182	 448	
346	 5.7093591e-01	 +8.1488021e-03 +1.0420787e-03	 9.91e-01 Accepted	 192	 458	
347	 5.7100596e-01	 +7.8081127e-03 +8.8362369e-04	 1.22e+00 Accepted	 182	 315	
348	 5.7100596e-01	 +7.8081127e-03 +8.8362369e-04	 8.16e-01 Rejected	 165	 413	
349	 5.7099253e-01	 +7.6407471e-03 -1.1699023e-03	 8.89e-01 Accepted	 166	 464	
350	 5.7102216e-01	 +7.3347211e-03 +2.0486249e-04	 1.03e+00 Accepted	 189	 450	
351	 5.7087685e-01	 +8.0312310e-03 +4.1359787e-04	 8.58e-01 Accepted	 174	 352	
352	 5.7124233e-01	 +8.4853059e-03 -4.2301576e-04	 2.05e+00 Accepted	 165	 433	
353	 5.7121767e-01	 +8.4717667e-03 +2.1825370e-04	 9.17e-01 Accepted	 176	 415	
354	 5.7094916e-01	 +9.8442699e-03 +1.6620678e-03	 1.09e+00 Accepted	 175	 431	
355	 5.7093513e-01	 +8.8180202e-03 -7.7181181e-05	 8.16e-01 Accepted	 182	 395	
356	 5.7093513e-01	 +8.8180202e-03 -7.7181181e-05	 7.62e-01 Rejected	 169	 390	
357	 5.7086609e-01	 +8.1957032e-03 -5.4556626e-04	 1.08e+00 Accepted	 170	 330	
358	 5.7081301e-01	 +9.4344145e-03 -1.7591854e-03	 7.73e-01 Accepted	 157	 416	
359	 5.7084334e-01	 +7.9389762e-03 +1.2196933e-03	 1.15e+00 Accepted	 174	 413	
360	 5.7099119e-01	 +7.7674174e-03 -1.7990026e-04	 1.20e+00 Accepted	 179	 426	
361	 5.7099119e-01	 +7.7674174e-03 -1.7990026e-04	 9.44e-01 Rejected	 186	 436	
362	 5.7084920e-01	 +9.4057896e-03 +5.1427031e-05	 6.62e-01 Accepted	 183	 394	
363	 5.7096422e-01	 +9.9292058e-03 +2.5189742e-03	 1.29e+00 Accepted	 177	 419	
364	 5.7114395e-01	 +1.0353435e-02 +1.0597573e-03	 1.41e+00 Accepted	 169	 373	
365	 5.7100840e-01	 +7.8718597e-03 -3.7639874e-04	 7.17e-01 Accepted	 171	 433	
366	 5.7100840e-01	 +7.8718597e-03 -3.7639874e-04	 6.71e-01 Rejected	 182	 400	
367	 5.7099020e-01	 +7.6199645e-03 +4.2703615e-04	 1.04e+00 Accepted	 187	 455	
368	 5.7099020e-01	 +7.6199645e-03 +4.2703615e-04	 8.15e-01 Rejected	 184	 469	
369	 5.7095126e-01	 +1.0561984e-02 +2.9453879e-03	 1.00e+00 Accepted	 187	 404	
370	 5.7095126e-01	 +1.0561984e-02 +2.9453879e-03	 7.41e-01 Rejected	 176	 418	
371	 5.7101770e-01	 +1.1716537e-02 +2.8618621e-03	 7.14e-01 Accepted	 171	 312	
372	 5.7100146e-01	 +8.1950019e-03 +2.0311971e-03	 7.35e-01 Accepted	 145	 328	
373	 5.7104697e-01	 +8.1685414e-03 +1.3196425e-03	 1.21e+00 Accepted	 162	 404	
374	 5.7109472e-01	 +7.6642120e-03 +2.3764098e-03	 1.15e+00 Accepted	 177	 405	
375	 5.7107854e-01	 +6.7994553e-03 +1.9390781e-03	 1.17e+00 Accepted	 176	 392	
376	 5.7081742e-01	 +7.3082781e-03 +3.1865277e-04	 8.51e-01 Accepted	 176	 418	
377	 5.7078183e-01	 +8.7436367e-03 +1.0493741e-03	 8.12e-01 Accepted	 169	 386	
378	 5.7084558e-01	 +8.7299171e-03 +2.5992323e-04	 1.08e+00 Accepted	 166	 427	
379	 5.7083912e-01	 +9.5790576e-03 +4.1378567e-04	 6.99e-01 Accepted	 180	 451	
380	 5.7068204e-01	 +9.8114406e-03 -2.4325654e-04	 1.11e+00 Accepted	 192	 459	
381	 5.7062939e-01	 +8.5107520e-03 +3.6526853e-04	 1.26e+00 Accepted	 188	 423	
382	 5.7074721e-01	 +7.9188033e-03 +1.3543408e-03	 1.01e+00 Accepted	 186	 475	
383	 5.7064722e-01	 +8.7575790e-03 -7.6614151e-04	 9.17e-01 Accepted	 194	 470	
384	 5.7038631e-01	 +9.6009655e-03 +6.2807140e-05	 7.19e-01 Accepted	 191	 457	
385	 5.7038298e-01	 +9.3853449e-03 +1.2617950e-03	 6.53e-01 Accepted	 178	 353	
386	 5.7059964e-01	 +9.6513688e-03 +1.8211621e-03	 1.02e+00 Accepted	 176	 470	
387	 5.7072088e-01	 +8.7000265e-03 +1.8690767e-03	 1.67e+00 Accepted	 195	 448	
388	 5.7052981e-01	 +9.4827913e-03 +1.0115818e-03	 9.99e-01 Accepted	 190	 486	
389	 5.7053023e-01	 +1.0280461e-02 +1.4926822e-03	 8.88e-01 Accepted	 196	 458	
390	 5.7036235e-01	 +8.8403118e-03 +1.6551684e-03	 9.08e-01 Accepted	 193	 419	
391	 5.7036406e-01	 +9.4258267e-03 +3.0688982e-03	 8.46e-01 Accepted	 182	 372	
392	 5.7046578e-01	 +9.2586370e-03 +7.5694450e-04	 1.39e+00 Accepted	 173	 402	
393	 5.7069391e-01	 +1.0510003e-02 +1.1481449e-03	 9.20e-01 Accepted	 167	 408	
394	 5.7045077e-01	 +1.0310130e-02 -9.3147544e-04	 7.10e-01 Accepted	 179	 369	
395	 5.7056093e-01	 +9.7133535e-03 +1.0875588e-03	 1.60e+00 Accepted	 176	 419	
396	 5.7056093e-01	 +9.7133535e-03 +1.0875588e-03	 6.54e-01 Rejected	 186	 431	
397	 5.7062978e-01	 +1.0403402e-02 +8.3124488e-04	 1.38e+00 Accepted	 180	 422	
398	 5.7066814e-01	 +1.2987649e-02 +1.0626753e-03	 9.61e-01 Accepted	 178	 432	
399	 5.7054604e-01	 +1.0383214e-02 +8.5047246e-04	 1.39e+00 Accepted	 179	 382	
400	 5.7063799e-01	 +1.0254613e-02 +1.7130387e-03	 1.37e+00 Accepted	 163	 355	
401	 5.7059412e-01	 +6.0181841e-03 +2.0308356e-03	 1.38e+00 Accepted	 162	 398	
402	 5.7075572e-01	 +9.1403230e-03 +1.6833607e-03	 1.28e+00 Accepted	 173	 450	
403	 5.7068487e-01	 +1.1046083e-02 +5.9775048e-04	 1.17e+00 Accepted	 192	 462	
404	 5.7073006e-01	 +7.9824435e-03 +1.4714155e-03	 1.06e+00 Accepted	 184	 403	
405	 5.7073006e-01	 +7.9824435e-03 +1.4714155e-03	 6.28e-01 Rejected	 180	 413	
406	 5.7073216e-01	 +7.4608304e-03 +1.0415573e-03	 9.20e-01 Accepted	 176	 437	
# Starting_type: CheckpointStart
# Trajectory_length / Number_of_MD_steps: 1 / 8
# 	 Plaquette	 Polyakov_Loop(re,im)	 Acc._Probability	 runtime_per_traj(s)	 CG_iterations	
407	 5.7090503e-01	 +7.7587321e-03 +3.3701093e-03	 1.33e+00 Accepted	 282	 412	
408	 5.7087503e-01	 +9.7260029e-03 +2.6328338e-03	 1.13e+00 Accepted	 291	 477	
409	 5.7087503e-01	 +9.7260029e-03 +2.6328338e-03	 9.38e-01 Rejected	 306	 466	
410	 5.7060625e-01	 +9.4476009e-03 +1.8690839e-03	 6.74e-01 Accepted	 303	 450	
411	 5.7066543e-01	 +1.0291059e-02 +3.2428693e-03	 1.14e+00 Accepted	 293	 414	
412	 5.7066543e-01	 +1.0291059e-02 +3.2428693e-03	 7.46e-01 Rejected	 273	 378	
413	 5.7079250e-01	 +8.6482851e-03 +5.8888551e-04	 1.47e+00 Accepted	 280	 382	
414	 5.7080642e-01	 +7.9689893e-03 +2.3255198e-03	 1.05e+00 Accepted	 276	 398	
415	 5.7077174e-01	 +6.8456825e-03 +2.0759338e-03	 8.84e-01 Accepted	 277	 410	
416	 5.7076705e-01	 +7.7946840e-03 +4.7374349e-04	 1.37e+00 Accepted	 274	 350	
417	 5.7086558e-01	 +6.5552074e-03 +3.1992047e-03	 8.88e-01 Accepted	 267	 436	
418	 5.7097415e-01	 +5.3658112e-03 +5.1386234e-04	 1.09e+00 Accepted	 293	 445	
419	 5.7101933e-01	 +4.5700309e-03 -7.9882629e-04	 8.91e-01 Accepted	 272	 372	
420	 5.7107532e-01	 +4.9613048e-03 +8.8236908e-04	 1.06e+00 Accepted	 283	 438	
421	 5.7107532e-01	 +4.9613048e-03 +8.8236908e-04	 8.82e-01 Rejected	 280	 377	
422	 5.7079831e-01	 +6.9410858e-03 +2.1035294e-03	 8.47e-01 Accepted	 288	 369	
423	 5.7079831e-01	 +6.9410858e-03 +2.1035294e-03	 6.45e-01 Rejected	 262	 353	
424	 5.7062442e-01	 +6.5752552e-03 +2.8566418e-03	 7.95e-01 Accepted	 267	 351	
425	 5.7067649e-01	 +9.0721399e-03 +1.1785940e-03	 9.89e-01 Accepted	 251	 316	
426	 5.7084473e-01	 +7.5818770e-03 +9.8132073e-04	 1.62e+00 Accepted	 250	 398	
427	 5.7094910e-01	 +6.1685293e-03 +2.4815924e-03	 1.32e+00 Accepted	 258	 341	
428	 5.7117685e-01	 +9.6163384e-03 +1.3253846e-03	 1.70e+00 Accepted	 251	 382	
429	 5.7083828e-01	 +8.3250359e-03 +1.3111891e-04	 7.77e-01 Accepted	 259	 348	
430	 5.7063907e-01	 +8.9926783e-03 +1.6474016e-03	 1.14e+00 Accepted	 257	 381	
431	 5.7063907e-01	 +8.9926783e-03 +1.6474016e-03	 6.57e-01 Rejected	 258	 368	
432	 5.7063907e-01	 +8.9926783e-03 +1.6474016e-03	 8.48e-01 Rejected	 259	 333	
433	 5.7060627e-01	 +7.2839370e-03 +1.5079367e-03	 9.76e-01 Accepted	 274	 431	
434	 5.7088359e-01	 +5.6570199e-03 +3.4468532e-04	 6.89e-01 Accepted	 280	 378	
435	 5.7069360e-01	 +6.5484714e-03 +4.6663833e-04	 9.51e-01 Accepted	 266	 404	
436	 5.7071097e-01	 +6.8973645e-03 +7.5246122e-04	 8.00e-01 Accepted	 277	 395	
437	 5.7050041e-01	 +7.4063207e-03 +9.3075777e-04	 7.27e-01 Accepted	 287	 440	
438	 5.7050958e-01	 +7.3173142e-03 +3.3324198e-03	 8.97e-01 Accepted	 293	 427	
439	 5.7062410e-01	 +7.0507165e-03 +6.0458158e-04	 1.06e+00 Accepted	 291	 413	
440	 5.7047332e-01	 +8.3379840e-03 +1.3578271e-03	 1.23e+00 Accepted	 282	 390	
441	 5.7029094e-01	 +7.8608293e-03 -1.9514855e-03	 1.03e+00 Accepted	 271	 444	
442	 5.7017619e-01	 +8.6732419e-03 +2.1871071e-03	 1.09e+00 Accepted	 284	 381	
443	 5.7035968e-01	 +8.5420047e-03 +2.9648211e-03	 1.45e+00 Accepted	 265	 353	
444	 5.7023775e-01	 +7.3682438e-03 +1.4770159e-03	 7.78e-01 Accepted	 263	 433	
445	 5.7010637e-01	 +8.1668960e-03 +2.1147484e-03	 1.11e+00 Accepted	 291	 440	
446	 5.7019559e-01	 +6.2877106e-03 +3.6603837e-03	 9.84e-01 Accepted	 294	 434	
447	 5.7028548e-01	 +9.3768272e-03 +7.7040930e-04	 9.07e-01 Accepted	 296	 441	
448	 5.7018632e-01	 +3.7875584e-03 +1.4443481e-03	 1.11e+00 Accepted	 306	 479	
449	 5.7024201e-01	 +6.5027414e-03 +2.4241718e-03	 7.05e-01 Accepted	 304	 451	
450	 5.7016755e-01	 +5.2524967e-03 +2.0324158e-04	 9.55e-01 Accepted	 300	 448	
451	 5.7004901e-01	 +7.0463900e-03 -3.9755599e-06	 1.05e+00 Accepted	 295	 455	
452	 5.7022765e-01	 +5.9534769e-03 +2.0600331e-03	 7.89e-01 Accepted	 304	 472	
453	 5.7041566e-01	 +5.1546418e-03 +1.2456991e-03	 9.14e-01 Accepted	 308	 461	
454	 5.7086587e-01	 +6.1910976e-03 +1.3855924e-03	 1.89e+00 Accepted	 294	 419	
455	 5.7087334e-01	 +6.0034967e-03 +1.9547110e-03	 7.95e-01 Accepted	 290	 419	
456	 5.7087334e-01	 +6.0034967e-03 +1.9547110e-03	 7.18e-01 Rejected	 284	 385	
457	 5.7073382e-01	 +7.3148455e-03 +2.6375404e-03	 1.57e+00 Accepted	 288	 411	
458	 5.7090418e-01	 +5.1956910e-03 +1.9407643e-03	 8.94e-01 Accepted	 276	 352	
459	 5.7090418e-01	 +5.1956910e-03 +1.9407643e-03	 8.28e-01 Rejected	 261	 409	
460	 5.7101456e-01	 +6.1153517e-03 +4.6052745e-04	 9.79e-01 Accepted	 266	 376	
461	 5.7076994e-01	 +5.9624118e-03 +2.1115331e-03	 6.27e-01 Accepted	 253	 341	
462	 5.7076994e-01	 +5.9624118e-03 +2.1115331e-03	 7.27e-01 Rejected	 266	 389	
463	 5.7075041e-01	 +6.1499773e-03 +2.7059425e-03	 8.87e-01 Accepted	 249	 362	
464	 5.7075041e-01	 +6.1499773e-03 +2.7059425e-03	 8.41e-01 Rejected	 274	 426	
465	 5.7075041e-01	 +6.1499773e-03 +2.7059425e-03	 6.72e-01 Rejected	 256	 405	
466	 5.7070866e-01	 +6.4966765e-03 +6.1470699e-04	 1.03e+00 Accepted	 274	 459	
467	 5.7070866e-01	 +6.4966765e-03 +6.1470699e-04	 8.33e-01 Rejected	 278	 378	
468	 5.7059328e-01	 +6.2765929e-03 +1.3729034e-03	 5.08e-01 Accepted	 282	 372	
469	 5.7039021e-01	 +6.6691413e-03 +3.0928700e-03	 8.22e-01 Accepted	 262	 355	
470	 5.7039021e-01	 +6.6691413e-03 +3.0928700e-03	 9.51e-01 Rejected	 258	 330	
471	 5.7047873e-01	 +7.8400343e-03 +4.0701461e-03	 1.06e+00 Accepted	 262	 451	
472	 5.7068950e-01	 +5.0899615e-03 +2.0606182e-03	 1.18e+00 Accepted	 293	 391	
473	 5.7053092e-01	 +8.4043660e-03 +2.3855664e-03	 7.83e-01 Accepted	 278	 426	
474	 5.7053388e-01	 +6.5147496e-03 +2.5712876e-03	 1.32e+00 Accepted	 271	 360	
475	 5.7061214e-01	 +6.1083170e-03 +1.9156553e-03	 8.82e-01 Accepted	 270	 465	
476	 5.7065500e-01	 +6.2590546e-03 -5.6520600e-04	 1.41e+00 Accepted	 297	 403	
477	 5.7084254e-01	 +9.1884348e-03 +2.5605193e-03	 1.26e+00 Accepted	 288	 441	
478	 5.7084254e-01	 +9.1884348e-03 +2.5605193e-03	 6.92e-01 Rejected	 278	 382	
479	 5.7106126e-01	 +6.4890267e-03 +1.7301931e-03	 1.08e+00 Accepted	 289	 393	
480	 5.7089857e-01	 +6.0613159e-03 +4.2542976e-03	 8.27e-01 Accepted	 281	 452	
481	 5.7063130e-01	 +6.5637428e-03 +1.7540110e-03	 5.48e-01 Accepted	 302	 453	
482	 5.7039162e-01	 +7.3270042e-03 +2.7211385e-03	 7.61e-01 Accepted	 293	 437	
483	 5.7088400e-01	 +5.1822462e-03 +1.1268545e-03	 2.42e+00 Accepted	 287	 438	
484	 5.7066432e-01	 +6.0391241e-03 +3.8982707e-04	 7.93e-01 Accepted	 291	 466	
485	 5.7073192e-01	 +5.3203420e-03 +1.8298380e-03	 1.21e+00 Accepted	 290	 407	
486	 5.7075302e-01	 +6.5402202e-03 +1.2348242e-03	 1.01e+00 Accepted	 280	 402	
487	 5.7059339e-01	 +8.8458472e-03 +2.4396825e-03	 8.04e-01 Accepted	 281	 390	
488	 5.7059134e-01	 +6.7802887e-03 +2.1211076e-03	 1.48e+00 Accepted	 285	 455	
489	 5.7090401e-01	 +6.5792052e-03 +3.2897142e-03	 1.43e+00 Accepted	 302	 471	
490	 5.7079406e-01	 +6.2658904e-03 +2.1672790e-03	 5.58e-01 Accepted	 306	 428	
491	 5.7078321e-01	 +6.3366213e-03 +1.5185210e-03	 1.14e+00 Accepted	 295	 452	
492	 5.7070434e-01	 +6.9269040e-03 +1.7157288e-03	 1.15e+00 Accepted	 278	 331	
493	 5.7081492e-01	 +5.1362930e-03 +2.8554612e-04	 1.22e+00 Accepted	 272	 497	
494	 5.7100740e-01	 +4.9144538e-03 +1.9548633e-03	 1.41e+00 Accepted	 312	 459	
495	 5.7102276e-01	 +7.5508383e-03 +2.1871466e-03	 1.58e+00 Accepted	 298	 447	
496	 5.7102276e-01	 +7.5508383e-03 +2.1871466e-03	 5.93e-01 Rejected	 290	 417	
497	 5.7102276e-01	 +7.5508383e-03 +2.1871466e-03	 6.17e-01 Rejected	 304	 473	
498	 5.7125263e-01	 +7.5132888e-03 +2.2119517e-03	 1.82e+00 Accepted	 289	 413	
499	 5.7094773e-01	 +5.3820836e-03 +4.1625451e-03	 5.31e-01 Accepted	 269	 333	
500	 5.7065971e-01	 +5.0476893e-03 +2.2119377e-03	 6.30e-01 Accepted	 248	 396	
501	 5.7056811e-01	 +5.0848407e-03 +3.1013343e-03	 1.39e+00 Accepted	 271	 395	
502	 5.7071505e-01	 +3.0947148e-03 +2.3714188e-03	 1.29e+00 Accepted	 279	 416	
503	 5.7079864e-01	 +2.9626100e-03 +1.0764389e-03	 1.11e+00 Accepted	 282	 433	
504	 5.7036661e-01	 +8.7207966e-04 +1.8059196e-03	 4.92e-01 Accepted	 278	 373	
505	 5.7024475e-01	 +2.8391563e-03 +9.1030755e-04	 9.58e-01 Accepted	 272	 427	
506	 5.7043979e-01	 +1.4842200e-03 +3.6193001e-03	 1.18e+00 Accepted	 289	 392	
507	 5.7041293e-01	 +3.1285188e-03 +4.2411139e-03	 7.20e-01 Accepted	 275	 416	
508	 5.7073864e-01	 +1.3643714e-03 +5.4961290e-04	 1.87e+00 Accepted	 283	 399	
509	 5.7060428e-01	 +2.8450656e-03 +2.1542077e-03	 1.22e+00 Accepted	 278	 421	
510	 5.7056223e-01	 +4.5629692e-03 -6.0803673e-04	 8.85e-01 Accepted	 276	 390	
511	 5.7045200e-01	 +3.3184973e-03 +7.7982551e-04	 9.68e-01 Accepted	 275	 446	
