# Starting_type: HotStart
# serial RNG seed: 	[55009 29471 43683 60069 38277]
# parallel RNG seed:	[25197 29960 1079 48040 53979]
# Trajectory_length / Number_of_MD_steps: 1 / 8
# 	 Plaquette	 Polyakov_Loop(re,im)	 Acc._Probability	 runtime_per_traj(s)	 CG_iterations	
1	 2.3613799e-01	 +8.3247348e-04 -4.1390576e-05	 1.43e+80 Accepted	 356	 645	
2	 3.3939034e-01	 -2.4792915e-04 -2.7490992e-04	 2.71e+42 Accepted	 393	 642	
3	 4.0190049e-01	 +1.1755492e-03 +5.3829732e-04	 4.86e+28 Accepted	 390	 626	
4	 4.4545609e-01	 +2.4986111e-04 -4.1094920e-04	 3.90e+21 Accepted	 384	 613	
5	 4.8020972e-01	 +3.7847781e-04 -2.8018117e-04	 1.99e+18 Accepted	 377	 599	
6	 5.0874145e-01	 -3.5919113e-04 +1.9111128e-03	 5.35e+15 Accepted	 370	 589	
7	 5.3293909e-01	 +2.5256262e-03 +3.4542027e-05	 3.43e+13 Accepted	 364	 580	
8	 5.5319578e-01	 +5.6307515e-04 -4.4340657e-04	 4.59e+11 Accepted	 362	 573	
9	 5.6936940e-01	 -2.2467622e-04 +4.9007278e-04	 2.38e+09 Accepted	 356	 565	
10	 5.8230476e-01	 +2.1037656e-04 +2.6451745e-04	 2.42e+07 Accepted	 353	 559	
11	 5.9240791e-01	 +1.6168230e-03 -5.7198601e-04	 6.47e+05 Accepted	 352	 549	
12	 6.0031543e-01	 -4.5120247e-04 +1.0202278e-03	 3.76e+04 Accepted	 347	 545	
13	 6.0647135e-01	 -6.0147828e-04 -1.1034549e-03	 4.80e+03 Accepted	 342	 539	
14	 6.1106517e-01	 -7.4113599e-04 -1.7889124e-03	 4.64e+02 Accepted	 340	 529	
15	 6.1459140e-01	 +1.8602901e-04 +2.0284498e-04	 1.21e+02 Accepted	 335	 517	
16	 6.1745313e-01	 +8.1554744e-04 +2.8798098e-04	 4.32e+01 Accepted	 334	 516	
17	 6.1952206e-01	 -5.1062348e-04 -1.0996846e-03	 1.25e+01 Accepted	 328	 507	
18	 6.2102617e-01	 +5.9006426e-04 +6.1322789e-04	 8.11e+00 Accepted	 326	 488	
19	 6.2234584e-01	 +5.7741787e-04 -3.5849004e-04	 7.31e+00 Accepted	 319	 488	
20	 6.2316777e-01	 +1.1667021e-04 -7.6369842e-04	 3.66e+00 Accepted	 319	 481	
21	 6.2399173e-01	 +1.4984775e-03 -2.5837522e-03	 1.94e+00 Accepted	 314	 475	
22	 6.2463524e-01	 +2.9887903e-06 -2.4272999e-03	 3.13e+00 Accepted	 314	 469	
23	 6.2531403e-01	 -3.5495732e-04 -2.7093492e-03	 2.73e+00 Accepted	 315	 490	
24	 6.2576215e-01	 -5.1282444e-04 -1.7081970e-03	 1.49e+00 Accepted	 317	 484	
25	 6.2597137e-01	 -1.4741132e-04 -2.9434194e-03	 1.18e+00 Accepted	 305	 465	
26	 6.2617355e-01	 -9.8421263e-04 -3.2888041e-03	 1.89e+00 Accepted	 306	 459	
27	 6.2651057e-01	 -5.7925799e-04 -3.9276857e-03	 1.51e+00 Accepted	 289	 365	
28	 6.2645249e-01	 -1.4257291e-03 -1.1553292e-03	 1.14e+00 Accepted	 274	 366	
29	 6.2683852e-01	 +1.2732574e-03 +6.3150708e-04	 1.46e+00 Accepted	 239	 327	
30	 6.2697595e-01	 -7.9409144e-04 -2.3934132e-03	 1.43e+00 Accepted	 246	 364	
31	 6.2722103e-01	 -2.3988350e-04 -1.2775187e-03	 1.04e+00 Accepted	 241	 244	
32	 6.2735856e-01	 +3.8883838e-04 -2.2303009e-03	 1.41e+00 Accepted	 200	 271	
33	 6.2767524e-01	 +2.1094267e-03 -5.4435961e-03	 1.61e+00 Accepted	 216	 302	
34	 6.2761466e-01	 -1.1058600e-03 -4.3717906e-03	 7.65e-01 Accepted	 236	 342	
35	 6.2736873e-01	 +1.1336769e-03 -4.1408384e-03	 5.72e-01 Accepted	 245	 337	
36	 6.2775596e-01	 -7.2433862e-04 -4.5575197e-03	 1.22e+00 Accepted	 238	 309	
37	 6.2786544e-01	 -6.6694315e-04 -4.0209360e-03	 1.07e+00 Accepted	 228	 344	
38	 6.2815605e-01	 -1.4587394e-03 -3.4873645e-03	 1.18e+00 Accepted	 248	 303	
39	 6.2813328e-01	 -2.2169428e-04 -1.6234122e-03	 1.07e+00 Accepted	 213	 227	
40	 6.2805388e-01	 +1.5084846e-03 -5.8748174e-04	 1.03e+00 Accepted	 191	 246	
41	 6.2832499e-01	 -2.6300470e-03 -1.9804430e-03	 1.58e+00 Accepted	 203	 305	
42	 6.2819043e-01	 -3.3528435e-03 -6.3624748e-04	 8.38e-01 Accepted	 233	 347	
43	 6.2803589e-01	 +7.3881567e-04 -2.6949202e-03	 1.06e+00 Accepted	 245	 304	
44	 6.2815449e-01	 -5.3868778e-04 -2.3343958e-03	 7.82e-01 Accepted	 224	 266	
45	 6.2803517e-01	 -1.4485045e-03 -1.1474201e-03	 9.58e-01 Accepted	 214	 261	
46	 6.2810134e-01	 -1.5918801e-04 -1.3183491e-06	 1.12e+00 Accepted	 199	 242	
47	 6.2822024e-01	 -2.8096085e-03 -2.1223632e-04	 1.05e+00 Accepted	 190	 226	
48	 6.2843513e-01	 -8.4146587e-05 -1.7396913e-03	 1.45e+00 Accepted	 187	 232	
49	 6.2849794e-01	 -7.6874674e-04 -1.8670401e-03	 1.21e+00 Accepted	 192	 246	
50	 6.2846228e-01	 -5.5790486e-04 +1.4200175e-03	 1.42e+00 Accepted	 199	 273	
51	 6.2847642e-01	 +1.1854540e-03 -1.2919033e-03	 1.37e+00 Accepted	 207	 247	
52	 6.2835384e-01	 +4.3124409e-04 -7.0337305e-04	 5.88e-01 Accepted	 207	 282	
53	 6.2838551e-01	 +1.2442963e-03 -3.2591413e-04	 1.53e+00 Accepted	 219	 271	
54	 6.2854265e-01	 +8.8691281e-04 +4.4662372e-04	 1.04e+00 Accepted	 205	 226	
55	 6.2871523e-01	 +2.0978547e-03 -3.7196686e-04	 1.84e+00 Accepted	 186	 224	
56	 6.2878794e-01	 -7.1644825e-04 +9.1741032e-04	 1.03e+00 Accepted	 185	 224	
57	 6.2849469e-01	 +7.1838840e-04 +4.0679259e-04	 7.35e-01 Accepted	 185	 227	
58	 6.2865446e-01	 -2.4331027e-03 +6.0688476e-05	 9.79e-01 Accepted	 190	 237	
59	 6.2875416e-01	 +4.9759076e-04 +1.5874089e-03	 6.78e-01 Accepted	 188	 225	
60	 6.2900688e-01	 +8.2761352e-04 +2.0586563e-03	 1.66e+00 Accepted	 186	 227	
61	 6.2900688e-01	 +8.2761352e-04 +2.0586563e-03	 6.08e-01 Rejected	 186	 226	
62	 6.2910539e-01	 +7.2682862e-04 +4.1615556e-03	 9.73e-01 Accepted	 187	 226	
63	 6.2890737e-01	 +1.3425801e-04 +5.1300746e-03	 1.15e+00 Accepted	 186	 226	
64	 6.2868375e-01	 -2.6239796e-03 +2.3996861e-03	 5.26e-01 Accepted	 186	 226	
65	 6.2893921e-01	 -1.0375286e-03 +3.1137522e-03	 1.74e+00 Accepted	 185	 226	
66	 6.2879865e-01	 -1.3456405e-03 +1.9302384e-03	 8.02e-01 Accepted	 187	 226	
67	 6.2884573e-01	 -1.7188902e-03 +3.0905387e-03	 9.74e-01 Accepted	 185	 226	
68	 6.2869188e-01	 +8.1502721e-05 +3.9377068e-03	 9.08e-01 Accepted	 185	 225	
69	 6.2861665e-01	 +5.8695266e-04 +4.1282993e-03	 8.14e-01 Accepted	 186	 226	
70	 6.2880648e-01	 +1.5788885e-03 +2.6723057e-03	 1.48e+00 Accepted	 186	 226	
71	 6.2868216e-01	 +2.1226985e-03 +5.7250767e-03	 6.08e-01 Accepted	 185	 225	
72	 6.2904754e-01	 +8.9855238e-04 +2.2252803e-03	 1.64e+00 Accepted	 185	 226	
73	 6.2882776e-01	 +1.2826461e-03 +5.1242205e-03	 8.37e-01 Accepted	 185	 226	
74	 6.2884446e-01	 +1.0599895e-03 +4.4753063e-03	 8.94e-01 Accepted	 186	 226	
75	 6.2885735e-01	 -2.1781449e-03 +4.4301542e-03	 9.47e-01 Accepted	 186	 226	
76	 6.2866985e-01	 +1.8266936e-03 +3.0713817e-03	 1.11e+00 Accepted	 185	 225	
77	 6.2868455e-01	 +9.5200215e-04 +3.1438872e-03	 8.02e-01 Accepted	 191	 280	
78	 6.2893263e-01	 +3.6821772e-03 +6.3323475e-04	 1.68e+00 Accepted	 204	 231	
79	 6.2882639e-01	 +4.2276437e-03 +2.2675411e-03	 9.38e-01 Accepted	 188	 226	
80	 6.2882551e-01	 +3.3754044e-03 +3.2744998e-03	 1.18e+00 Accepted	 185	 226	
81	 6.2896102e-01	 +4.8714287e-03 +2.8258378e-03	 1.07e+00 Accepted	 185	 226	
82	 6.2877397e-01	 +3.1728643e-03 +5.3500490e-03	 7.58e-01 Accepted	 187	 225	
83	 6.2911004e-01	 +2.0322617e-04 +4.3586246e-03	 1.91e+00 Accepted	 185	 226	
84	 6.2894636e-01	 +2.9744873e-03 +4.4584620e-03	 7.24e-01 Accepted	 185	 228	
85	 6.2894127e-01	 +1.9754291e-03 +3.5894147e-03	 1.01e+00 Accepted	 187	 226	
86	 6.2877801e-01	 +5.1008542e-03 +5.3644111e-03	 6.92e-01 Accepted	 189	 244	
87	 6.2898779e-01	 +4.2219660e-03 +5.4935653e-03	 1.31e+00 Accepted	 194	 238	
88	 6.2903446e-01	 +2.4778282e-03 +4.1374537e-03	 8.75e-01 Accepted	 195	 237	
89	 6.2880413e-01	 +4.7880082e-03 +8.1611095e-03	 1.16e+00 Accepted	 189	 225	
90	 6.2897372e-01	 +3.9153008e-03 +4.7369707e-03	 1.17e+00 Accepted	 186	 226	
91	 6.2898826e-01	 +4.8820724e-03 +5.6616825e-03	 1.00e+00 Accepted	 185	 226	
92	 6.2889772e-01	 +5.5674830e-03 +5.9722268e-03	 9.01e-01 Accepted	 185	 226	
93	 6.2892501e-01	 +4.1200231e-03 +4.8023204e-03	 7.64e-01 Accepted	 185	 226	
94	 6.2888082e-01	 +2.1927388e-03 +3.0378515e-03	 1.24e+00 Accepted	 185	 226	
95	 6.2904369e-01	 +4.1217412e-03 +3.9590552e-03	 1.25e+00 Accepted	 186	 228	
96	 6.2894403e-01	 +2.7792205e-03 +3.4700572e-03	 1.10e+00 Accepted	 187	 226	
97	 6.2900631e-01	 +4.6097349e-03 +5.1856747e-03	 1.08e+00 Accepted	 186	 226	
98	 6.2900631e-01	 +4.6097349e-03 +5.1856747e-03	 6.83e-01 Rejected	 186	 226	
99	 6.2891183e-01	 +4.4647876e-03 +4.2738949e-03	 7.02e-01 Accepted	 186	 226	
100	 6.2916868e-01	 +6.6899347e-03 +4.6619688e-03	 1.25e+00 Accepted	 185	 225	
101	 6.2899004e-01	 +6.2110435e-03 +2.5305042e-03	 6.06e-01 Accepted	 185	 226	
102	 6.2901294e-01	 +3.2131586e-03 +2.8408254e-03	 1.12e+00 Accepted	 185	 226	
103	 6.2893787e-01	 +5.6084568e-03 +9.7075814e-04	 8.82e-01 Accepted	 185	 226	
104	 6.2896306e-01	 +6.6225091e-03 +3.2385950e-03	 7.38e-01 Accepted	 186	 226	
105	 6.2887315e-01	 +6.2474387e-03 +1.7275507e-03	 7.06e-01 Accepted	 185	 226	
106	 6.2880924e-01	 +5.8366573e-03 +2.2339201e-03	 1.46e+00 Accepted	 186	 226	
107	 6.2853607e-01	 +4.9034909e-03 +2.0616816e-03	 9.06e-01 Accepted	 186	 226	
108	 6.2864728e-01	 +5.4413018e-03 +2.8152526e-03	 8.56e-01 Accepted	 186	 226	
109	 6.2891604e-01	 +4.5840562e-03 +2.0809389e-03	 2.19e+00 Accepted	 185	 226	
110	 6.2890894e-01	 +6.1995389e-03 +2.9261392e-03	 8.41e-01 Accepted	 186	 226	
111	 6.2887915e-01	 +5.7370959e-03 +4.6907918e-03	 9.31e-01 Accepted	 185	 226	
112	 6.2872349e-01	 +6.2463216e-03 +4.3030015e-03	 8.94e-01 Accepted	 185	 226	
113	 6.2873935e-01	 +7.4989033e-03 +3.8001717e-03	 1.12e+00 Accepted	 186	 225	
114	 6.2875869e-01	 +8.3728566e-03 +2.9910489e-03	 8.58e-01 Accepted	 185	 226	
115	 6.2874298e-01	 +7.7267851e-03 +2.5919667e-03	 9.99e-01 Accepted	 185	 226	
116	 6.2874298e-01	 +7.7267851e-03 +2.5919667e-03	 7.03e-01 Rejected	 185	 226	
117	 6.2898243e-01	 +7.6166309e-03 +4.6489898e-03	 1.34e+00 Accepted	 185	 226	
118	 6.2895009e-01	 +7.1833440e-03 +5.2399285e-03	 8.18e-01 Accepted	 186	 229	
119	 6.2896702e-01	 +7.7460013e-03 +4.9457414e-03	 1.04e+00 Accepted	 189	 226	
120	 6.2888770e-01	 +1.0350196e-02 +5.6209021e-03	 9.88e-01 Accepted	 186	 226	
121	 6.2889215e-01	 +9.1472830e-03 +6.2618863e-03	 1.26e+00 Accepted	 186	 226	
122	 6.2920083e-01	 +9.2859855e-03 +6.7052352e-03	 9.74e-01 Accepted	 186	 226	
123	 6.2914262e-01	 +9.5899251e-03 +5.4121316e-03	 9.56e-01 Accepted	 185	 226	
124	 6.2914088e-01	 +8.3411557e-03 +6.2007692e-03	 1.44e+00 Accepted	 186	 226	
125	 6.2900017e-01	 +8.0338107e-03 +7.8729989e-03	 9.43e-01 Accepted	 185	 226	
126	 6.2900017e-01	 +8.0338107e-03 +7.8729989e-03	 6.86e-01 Rejected	 186	 226	
127	 6.2908558e-01	 +8.1558588e-03 +4.7763498e-03	 1.25e+00 Accepted	 186	 226	
128	 6.2894246e-01	 +7.0000317e-03 +3.2651286e-03	 8.32e-01 Accepted	 186	 226	
129	 6.2893648e-01	 +9.1557032e-03 +5.9777796e-03	 9.51e-01 Accepted	 185	 227	
130	 6.2876917e-01	 +8.9738788e-03 +3.9293490e-03	 1.17e+00 Accepted	 186	 226	
131	 6.2877048e-01	 +1.1702699e-02 +4.8572158e-03	 9.81e-01 Accepted	 185	 226	
132	 6.2896587e-01	 +9.4636261e-03 +4.4267388e-03	 1.76e+00 Accepted	 186	 226	
133	 6.2903569e-01	 +1.0217204e-02 +3.8737001e-03	 9.60e-01 Accepted	 185	 226	
134	 6.2894558e-01	 +9.8058289e-03 +5.5824096e-03	 9.90e-01 Accepted	 186	 226	
135	 6.2912981e-01	 +9.8594573e-03 +6.0199955e-03	 1.27e+00 Accepted	 185	 225	
136	 6.2908703e-01	 +1.0785232e-02 +5.8067825e-03	 1.06e+00 Accepted	 186	 226	
137	 6.2915280e-01	 +8.9953640e-03 +5.9427786e-03	 8.95e-01 Accepted	 186	 226	
138	 6.2917634e-01	 +1.0865755e-02 +5.0968347e-03	 9.08e-01 Accepted	 186	 226	
139	 6.2924105e-01	 +9.9569010e-03 +7.4378465e-03	 1.49e+00 Accepted	 185	 226	
140	 6.2916345e-01	 +1.1239150e-02 +6.2418037e-03	 1.28e+00 Accepted	 186	 226	
141	 6.2930074e-01	 +1.1973946e-02 +6.1392407e-03	 8.38e-01 Accepted	 186	 226	
142	 6.2916128e-01	 +1.3610192e-02 +3.6858761e-03	 8.30e-01 Accepted	 188	 225	
143	 6.2899349e-01	 +1.2939564e-02 +3.3041689e-03	 7.31e-01 Accepted	 186	 226	
144	 6.2875659e-01	 +1.2696223e-02 +4.6996890e-03	 7.45e-01 Accepted	 186	 226	
145	 6.2875451e-01	 +1.3058165e-02 +4.0306434e-03	 1.79e+00 Accepted	 185	 225	
146	 6.2879803e-01	 +1.1864333e-02 +3.9212962e-03	 9.79e-01 Accepted	 186	 225	
147	 6.2871279e-01	 +1.2437599e-02 +2.8451657e-03	 8.46e-01 Accepted	 185	 226	
148	 6.2875364e-01	 +1.1342923e-02 +3.8000594e-03	 1.22e+00 Accepted	 186	 226	
149	 6.2851719e-01	 +1.1155231e-02 +5.2545677e-03	 6.58e-01 Accepted	 186	 229	
150	 6.2871876e-01	 +1.3069236e-02 +5.5794010e-03	 1.52e+00 Accepted	 187	 226	
151	 6.2873133e-01	 +1.2112952e-02 +8.5576521e-03	 1.37e+00 Accepted	 185	 226	
152	 6.2888113e-01	 +1.2942541e-02 +4.8580749e-03	 1.00e+00 Accepted	 186	 226	
153	 6.2888113e-01	 +1.2942541e-02 +4.8580749e-03	 7.56e-01 Rejected	 185	 225	
154	 6.2897857e-01	 +1.3459079e-02 +7.1826240e-03	 1.18e+00 Accepted	 186	 226	
155	 6.2901656e-01	 +1.2380920e-02 +6.0189600e-03	 7.29e-01 Accepted	 185	 226	
156	 6.2885463e-01	 +1.5884182e-02 +4.7626363e-03	 1.15e+00 Accepted	 185	 226	
157	 6.2890370e-01	 +1.7140744e-02 +4.3271387e-03	 1.29e+00 Accepted	 185	 226	
158	 6.2890370e-01	 +1.7140744e-02 +4.3271387e-03	 9.60e-01 Rejected	 186	 226	
159	 6.2915606e-01	 +1.4537978e-02 +5.9700734e-03	 2.02e+00 Accepted	 185	 226	
160	 6.2912453e-01	 +1.3584359e-02 +6.5165178e-03	 7.02e-01 Accepted	 186	 226	
161	 6.2914365e-01	 +1.5817750e-02 +9.8823661e-03	 8.81e-01 Accepted	 185	 226	
162	 6.2900270e-01	 +1.4974908e-02 +9.4568002e-03	 5.56e-01 Accepted	 186	 226	
163	 6.2887216e-01	 +1.4123417e-02 +7.4657280e-03	 7.33e-01 Accepted	 186	 225	
164	 6.2887216e-01	 +1.4123417e-02 +7.4657280e-03	 6.55e-01 Rejected	 185	 226	
165	 6.2893322e-01	 +1.5051586e-02 +8.0286647e-03	 9.51e-01 Accepted	 186	 226	
166	 6.2916864e-01	 +1.6369187e-02 +9.0961205e-03	 2.17e+00 Accepted	 186	 226	
167	 6.2909996e-01	 +1.4439691e-02 +8.2188986e-03	 6.97e-01 Accepted	 185	 226	
168	 6.2906248e-01	 +1.3790417e-02 +8.6234346e-03	 1.34e+00 Accepted	 185	 226	
169	 6.2888402e-01	 +1.2064989e-02 +7.4273256e-03	 6.83e-01 Accepted	 186	 226	
170	 6.2881772e-01	 +1.2262965e-02 +7.7538999e-03	 9.00e-01 Accepted	 185	 226	
171	 6.2902260e-01	 +1.3200752e-02 +7.1517655e-03	 1.30e+00 Accepted	 185	 226	
172	 6.2892381e-01	 +1.0823341e-02 +6.6198326e-03	 7.62e-01 Accepted	 186	 226	
173	 6.2913755e-01	 +1.3508209e-02 +6.3501779e-03	 1.15e+00 Accepted	 185	 226	
174	 6.2899408e-01	 +1.0657988e-02 +4.9345743e-03	 8.90e-01 Accepted	 185	 225	
175	 6.2898792e-01	 +1.0360575e-02 +6.1370611e-03	 1.39e+00 Accepted	 185	 226	
176	 6.2883945e-01	 +9.8520835e-03 +7.3799045e-03	 8.36e-01 Accepted	 186	 225	
177	 6.2896277e-01	 +7.2530115e-03 +5.3101711e-03	 1.42e+00 Accepted	 186	 226	
178	 6.2890617e-01	 +1.0887911e-02 +5.5836924e-03	 6.13e-01 Accepted	 187	 234	
179	 6.2898495e-01	 +8.1617899e-03 +7.1574590e-03	 8.80e-01 Accepted	 188	 225	
180	 6.2901588e-01	 +1.0037070e-02 +7.8540010e-03	 1.45e+00 Accepted	 187	 226	
181	 6.2915431e-01	 +1.1505462e-02 +8.4130741e-03	 1.00e+00 Accepted	 186	 226	
182	 6.2917431e-01	 +1.0889367e-02 +7.8414690e-03	 1.03e+00 Accepted	 186	 226	
183	 6.2917431e-01	 +1.0889367e-02 +7.8414690e-03	 7.70e-01 Rejected	 185	 225	
184	 6.2917431e-01	 +1.0889367e-02 +7.8414690e-03	 7.65e-01 Rejected	 185	 225	
185	 6.2907115e-01	 +1.2426277e-02 +8.9982674e-03	 1.09e+00 Accepted	 186	 226	
186	 6.2894783e-01	 +1.1222679e-02 +8.4861601e-03	 9.21e-01 Accepted	 185	 226	
187	 6.2920201e-01	 +9.0264473e-03 +8.1992422e-03	 1.40e+00 Accepted	 186	 225	
188	 6.2915000e-01	 +1.0406633e-02 +9.3394457e-03	 1.29e+00 Accepted	 186	 225	
189	 6.2907580e-01	 +1.0080706e-02 +9.0901958e-03	 8.17e-01 Accepted	 186	 226	
190	 6.2917719e-01	 +8.4959713e-03 +8.3768890e-03	 1.18e+00 Accepted	 185	 226	
191	 6.2922161e-01	 +9.3455191e-03 +7.7954561e-03	 1.01e+00 Accepted	 185	 225	
192	 6.2911081e-01	 +8.4391024e-03 +1.0629271e-02	 8.94e-01 Accepted	 186	 225	
193	 6.2900626e-01	 +8.7948110e-03 +6.9556340e-03	 1.07e+00 Accepted	 185	 226	
194	 6.2917367e-01	 +7.7197374e-03 +7.4426728e-03	 1.25e+00 Accepted	 186	 226	
195	 6.2911654e-01	 +9.4165091e-03 +6.5748424e-03	 7.95e-01 Accepted	 185	 226	
196	 6.2911674e-01	 +9.9587660e-03 +5.0122313e-03	 2.11e+00 Accepted	 185	 226	
197	 6.2921536e-01	 +7.8677002e-03 +5.1648301e-03	 7.90e-01 Accepted	 185	 226	
198	 6.2910746e-01	 +1.0083572e-02 +6.8915914e-03	 8.11e-01 Accepted	 186	 226	
199	 6.2910746e-01	 +1.0083572e-02 +6.8915914e-03	 5.80e-01 Rejected	 186	 226	
200	 6.2924729e-01	 +1.1726922e-02 +7.3407013e-03	 1.08e+00 Accepted	 186	 225	
201	 6.2907239e-01	 +8.6556234e-03 +9.2380078e-03	 1.12e+00 Accepted	 186	 226	
202	 6.2910263e-01	 +1.0479669e-02 +9.4164975e-03	 8.13e-01 Accepted	 186	 226	
203	 6.2898029e-01	 +1.2345948e-02 +7.7874679e-03	 9.07e-01 Accepted	 185	 226	
204	 6.2910522e-01	 +1.0479500e-02 +8.8335889e-03	 1.15e+00 Accepted	 186	 226	
# Starting_type: CheckpointStart
# Trajectory_length / Number_of_MD_steps: 1 / 8
# 	 Plaquette	 Polyakov_Loop(re,im)	 Acc._Probability	 runtime_per_traj(s)	 CG_iterations	
205	 6.2913456e-01	 +1.2145385e-02 +8.0583590e-03	 9.96e-01 Accepted	 188	 226	
206	 6.2914596e-01	 +1.1556387e-02 +6.8502147e-03	 1.82e+00 Accepted	 187	 226	
207	 6.2914596e-01	 +1.1556387e-02 +6.8502147e-03	 7.15e-01 Rejected	 185	 226	
208	 6.2910286e-01	 +1.2541322e-02 +6.6533127e-03	 1.05e+00 Accepted	 186	 226	
209	 6.2905399e-01	 +1.4640605e-02 +6.9475046e-03	 1.16e+00 Accepted	 185	 225	
210	 6.2922472e-01	 +1.3921194e-02 +7.8540205e-03	 1.47e+00 Accepted	 186	 226	
211	 6.2922472e-01	 +1.3921194e-02 +7.8540205e-03	 7.02e-01 Rejected	 185	 226	
212	 6.2900175e-01	 +1.2416426e-02 +9.0414565e-03	 6.85e-01 Accepted	 186	 225	
213	 6.2900175e-01	 +1.2416426e-02 +9.0414565e-03	 7.29e-01 Rejected	 186	 226	
214	 6.2890312e-01	 +1.2391025e-02 +7.2519682e-03	 7.47e-01 Accepted	 186	 226	
215	 6.2890312e-01	 +1.2391025e-02 +7.2519682e-03	 9.50e-01 Rejected	 185	 226	
216	 6.2878368e-01	 +1.1489509e-02 +7.7323740e-03	 8.92e-01 Accepted	 186	 226	
217	 6.2900483e-01	 +1.1972989e-02 +7.3731710e-03	 1.26e+00 Accepted	 185	 225	
218	 6.2895756e-01	 +1.2192236e-02 +6.5656297e-03	 1.03e+00 Accepted	 186	 226	
219	 6.2923250e-01	 +1.5234017e-02 +9.3377922e-03	 1.36e+00 Accepted	 186	 225	
220	 6.2933997e-01	 +1.3840642e-02 +6.9810221e-03	 1.11e+00 Accepted	 186	 226	
221	 6.2928214e-01	 +1.4540800e-02 +6.1788895e-03	 1.13e+00 Accepted	 185	 226	
222	 6.2901192e-01	 +1.3215482e-02 +9.0536104e-03	 6.73e-01 Accepted	 186	 226	
223	 6.2903030e-01	 +1.6117242e-02 +6.1181195e-03	 8.54e-01 Accepted	 186	 225	
224	 6.2897754e-01	 +1.2249605e-02 +6.7968471e-03	 8.76e-01 Accepted	 186	 225	
225	 6.2905695e-01	 +1.5039485e-02 +8.9177520e-03	 1.19e+00 Accepted	 186	 225	
226	 6.2907171e-01	 +1.6631177e-02 +9.7508492e-03	 1.32e+00 Accepted	 186	 225	
227	 6.2903820e-01	 +1.5960627e-02 +1.0318259e-02	 1.03e+00 Accepted	 185	 226	
228	 6.2903820e-01	 +1.5960627e-02 +1.0318259e-02	 6.08e-01 Rejected	 186	 225	
229	 6.2908259e-01	 +1.2254948e-02 +8.6162852e-03	 1.04e+00 Accepted	 186	 225	
230	 6.2908983e-01	 +1.4662356e-02 +8.3105513e-03	 9.73e-01 Accepted	 186	 225	
231	 6.2908983e-01	 +1.4662356e-02 +8.3105513e-03	 8.75e-01 Rejected	 185	 226	
232	 6.2910787e-01	 +1.3567363e-02 +5.9274796e-03	 1.10e+00 Accepted	 187	 226	
233	 6.2936957e-01	 +1.3024040e-02 +7.9297621e-03	 1.43e+00 Accepted	 186	 226	
234	 6.2911114e-01	 +1.2032575e-02 +8.4384186e-03	 7.44e-01 Accepted	 186	 225	
235	 6.2912270e-01	 +1.4103433e-02 +7.1746116e-03	 1.06e+00 Accepted	 185	 225	
236	 6.2908264e-01	 +1.2863514e-02 +1.1657085e-02	 1.23e+00 Accepted	 186	 226	
237	 6.2922971e-01	 +1.4060476e-02 +1.0085297e-02	 1.82e+00 Accepted	 186	 228	
238	 6.2943521e-01	 +1.4395472e-02 +7.9552024e-03	 9.23e-01 Accepted	 186	 225	
239	 6.2943521e-01	 +1.4395472e-02 +7.9552024e-03	 5.98e-01 Rejected	 186	 225	
240	 6.2926195e-01	 +1.1360511e-02 +8.5707123e-03	 1.25e+00 Accepted	 186	 225	
241	 6.2928380e-01	 +1.3573988e-02 +9.4044427e-03	 1.01e+00 Accepted	 185	 225	
242	 6.2917631e-01	 +1.4497506e-02 +9.8313143e-03	 8.15e-01 Accepted	 185	 226	
243	 6.2910015e-01	 +1.5849618e-02 +9.1748476e-03	 5.91e-01 Accepted	 186	 225	
244	 6.2904938e-01	 +1.6607561e-02 +1.1612280e-02	 1.20e+00 Accepted	 186	 226	
245	 6.2880260e-01	 +1.8377256e-02 +7.6583386e-03	 6.47e-01 Accepted	 186	 225	
246	 6.2909184e-01	 +1.5867122e-02 +9.6808302e-03	 1.27e+00 Accepted	 186	 226	
247	 6.2901106e-01	 +1.6628200e-02 +7.1952168e-03	 1.11e+00 Accepted	 185	 225	
248	 6.2901206e-01	 +1.5746924e-02 +9.8921565e-03	 8.12e-01 Accepted	 186	 226	
249	 6.2892739e-01	 +1.6337144e-02 +1.0067272e-02	 8.60e-01 Accepted	 186	 226	
250	 6.2892739e-01	 +1.6337144e-02 +1.0067272e-02	 7.17e-01 Rejected	 186	 225	
251	 6.2875501e-01	 +1.5950190e-02 +1.0761155e-02	 5.90e-01 Accepted	 186	 226	
252	 6.2868112e-01	 +1.6484432e-02 +1.0248511e-02	 1.03e+00 Accepted	 185	 225	
253	 6.2873408e-01	 +1.7170470e-02 +9.3680562e-03	 1.39e+00 Accepted	 185	 226	
254	 6.2878920e-01	 +1.7749420e-02 +8.8637358e-03	 9.74e-01 Accepted	 186	 225	
255	 6.2897275e-01	 +1.5886839e-02 +9.6891330e-03	 7.95e-01 Accepted	 185	 225	
256	 6.2866606e-01	 +1.5555959e-02 +1.1182948e-02	 5.52e-01 Accepted	 186	 225	
257	 6.2897816e-01	 +1.7517347e-02 +1.1109104e-02	 1.69e+00 Accepted	 185	 225	
258	 6.2916226e-01	 +1.8413347e-02 +1.1736286e-02	 7.16e-01 Accepted	 186	 225	
259	 6.2937639e-01	 +2.0057830e-02 +1.1986496e-02	 7.89e-01 Accepted	 185	 225	
260	 6.2937639e-01	 +2.0057830e-02 +1.1986496e-02	 8.27e-01 Rejected	 195	 268	
261	 6.2929992e-01	 +1.7213754e-02 +9.9889116e-03	 6.10e-01 Accepted	 185	 225	
262	 6.2897197e-01	 +2.0105747e-02 +1.0123689e-02	 7.32e-01 Accepted	 186	 225	
263	 6.2908050e-01	 +1.8544644e-02 +1.0955750e-02	 1.39e+00 Accepted	 186	 225	
264	 6.2930384e-01	 +2.0746662e-02 +1.1577858e-02	 1.05e+00 Accepted	 186	 225	
265	 6.2894191e-01	 +1.9033807e-02 +1.1538496e-02	 6.58e-01 Accepted	 185	 226	
266	 6.2878120e-01	 +1.9169135e-02 +1.0421750e-02	 7.19e-01 Accepted	 186	 226	
267	 6.2885624e-01	 +2.1682759e-02 +1.2542856e-02	 1.45e+00 Accepted	 185	 226	
268	 6.2896669e-01	 +1.9998830e-02 +9.8947935e-03	 9.43e-01 Accepted	 185	 225	
269	 6.2911707e-01	 +2.1196573e-02 +1.2525700e-02	 1.49e+00 Accepted	 185	 225	
270	 6.2909894e-01	 +2.1031742e-02 +1.3021889e-02	 1.47e+00 Accepted	 186	 225	
271	 6.2911684e-01	 +2.2840819e-02 +1.2932120e-02	 1.66e+00 Accepted	 185	 225	
272	 6.2910525e-01	 +2.1979152e-02 +1.2630169e-02	 1.68e+00 Accepted	 185	 226	
273	 6.2912425e-01	 +2.3881211e-02 +1.3955500e-02	 7.83e-01 Accepted	 185	 225	
274	 6.2917617e-01	 +2.2754178e-02 +1.2121020e-02	 1.09e+00 Accepted	 186	 225	
275	 6.2922159e-01	 +2.4157063e-02 +1.1937943e-02	 7.92e-01 Accepted	 185	 225	
276	 6.2913030e-01	 +2.4549185e-02 +1.2988917e-02	 8.38e-01 Accepted	 186	 225	
277	 6.2922522e-01	 +2.1720956e-02 +1.1173873e-02	 7.79e-01 Accepted	 185	 226	
278	 6.2933545e-01	 +2.1393082e-02 +1.4724303e-02	 1.66e+00 Accepted	 186	 226	
279	 6.2941369e-01	 +2.3503830e-02 +1.0850972e-02	 1.00e+00 Accepted	 186	 225	
280	 6.2921944e-01	 +2.3826203e-02 +1.0270048e-02	 6.05e-01 Accepted	 185	 225	
281	 6.2895515e-01	 +2.3280282e-02 +1.1413488e-02	 6.65e-01 Accepted	 186	 225	
282	 6.2896202e-01	 +2.2144765e-02 +1.0803028e-02	 6.75e-01 Accepted	 186	 229	
283	 6.2896202e-01	 +2.2144765e-02 +1.0803028e-02	 6.67e-01 Rejected	 194	 225	
284	 6.2901015e-01	 +2.2150683e-02 +9.8986474e-03	 1.10e+00 Accepted	 187	 225	
285	 6.2905535e-01	 +2.1970535e-02 +1.2666681e-02	 8.80e-01 Accepted	 185	 225	
286	 6.2905535e-01	 +2.1970535e-02 +1.2666681e-02	 5.77e-01 Rejected	 186	 225	
287	 6.2921171e-01	 +2.5405623e-02 +1.0986472e-02	 1.33e+00 Accepted	 185	 224	
288	 6.2921171e-01	 +2.5405623e-02 +1.0986472e-02	 4.54e-01 Rejected	 185	 225	
289	 6.2934358e-01	 +2.4254181e-02 +1.0312402e-02	 1.23e+00 Accepted	 185	 225	
290	 6.2914560e-01	 +2.2741667e-02 +1.1220438e-02	 7.01e-01 Accepted	 186	 225	
291	 6.2917992e-01	 +2.4073585e-02 +1.2597752e-02	 1.12e+00 Accepted	 185	 225	
292	 6.2900907e-01	 +2.3663606e-02 +1.1660300e-02	 5.23e-01 Accepted	 186	 225	
293	 6.2900907e-01	 +2.3663606e-02 +1.1660300e-02	 7.38e-01 Rejected	 185	 225	
294	 6.2909430e-01	 +2.2633433e-02 +1.0645270e-02	 1.23e+00 Accepted	 185	 225	
295	 6.2899615e-01	 +2.2500912e-02 +1.2103450e-02	 8.00e-01 Accepted	 185	 225	
296	 6.2900938e-01	 +2.4703057e-02 +1.0390840e-02	 9.90e-01 Accepted	 185	 225	
297	 6.2888577e-01	 +2.2633622e-02 +1.1622387e-02	 7.51e-01 Accepted	 185	 225	
298	 6.2901471e-01	 +2.2724278e-02 +1.2094497e-02	 1.38e+00 Accepted	 185	 225	
299	 6.2919529e-01	 +2.0657253e-02 +1.1082942e-02	 1.47e+00 Accepted	 186	 226	
300	 6.2904843e-01	 +2.2524531e-02 +1.2135266e-02	 1.34e+00 Accepted	 186	 225	
301	 6.2919207e-01	 +2.3271021e-02 +1.1780963e-02	 1.24e+00 Accepted	 185	 225	
302	 6.2911105e-01	 +2.5222825e-02 +1.1399368e-02	 9.05e-01 Accepted	 186	 225	
303	 6.2904008e-01	 +2.4468310e-02 +1.1645821e-02	 8.69e-01 Accepted	 185	 226	
304	 6.2902508e-01	 +2.3393191e-02 +1.2936729e-02	 9.53e-01 Accepted	 186	 226	
305	 6.2900333e-01	 +2.3328015e-02 +1.2850784e-02	 9.60e-01 Accepted	 186	 226	
306	 6.2911350e-01	 +2.4633250e-02 +1.3588207e-02	 1.14e+00 Accepted	 186	 225	
307	 6.2893339e-01	 +2.3149814e-02 +1.0410273e-02	 6.50e-01 Accepted	 186	 237	
308	 6.2895014e-01	 +2.6157485e-02 +1.2041756e-02	 1.14e+00 Accepted	 191	 225	
309	 6.2911888e-01	 +2.4446291e-02 +9.5604074e-03	 1.01e+00 Accepted	 185	 225	
310	 6.2910594e-01	 +2.4930897e-02 +1.3997130e-02	 9.51e-01 Accepted	 185	 225	
311	 6.2910689e-01	 +2.4838644e-02 +1.1647839e-02	 1.05e+00 Accepted	 185	 226	
312	 6.2888397e-01	 +2.4179808e-02 +1.3548545e-02	 6.23e-01 Accepted	 186	 226	
313	 6.2901492e-01	 +2.5360411e-02 +1.1324350e-02	 9.38e-01 Accepted	 186	 225	
314	 6.2911603e-01	 +2.4604909e-02 +1.1638185e-02	 7.75e-01 Accepted	 186	 225	
315	 6.2936917e-01	 +2.8357987e-02 +1.2073839e-02	 1.56e+00 Accepted	 184	 224	
316	 6.2936917e-01	 +2.8357987e-02 +1.2073839e-02	 9.69e-01 Rejected	 185	 225	
317	 6.2933141e-01	 +2.5551624e-02 +1.2103675e-02	 7.90e-01 Accepted	 185	 226	
318	 6.2923373e-01	 +2.5750013e-02 +1.2080172e-02	 1.03e+00 Accepted	 185	 225	
319	 6.2920820e-01	 +2.7769950e-02 +1.2442636e-02	 9.52e-01 Accepted	 185	 225	
320	 6.2919156e-01	 +2.8452967e-02 +1.1299586e-02	 7.55e-01 Accepted	 185	 225	
321	 6.2913519e-01	 +2.8229674e-02 +1.0246371e-02	 9.37e-01 Accepted	 187	 234	
322	 6.2896760e-01	 +2.7763149e-02 +1.0207915e-02	 6.33e-01 Accepted	 191	 227	
323	 6.2872165e-01	 +2.9542509e-02 +1.1755796e-02	 5.40e-01 Accepted	 193	 259	
324	 6.2868791e-01	 +2.9872030e-02 +1.1299066e-02	 8.73e-01 Accepted	 211	 289	
325	 6.2887264e-01	 +3.0034696e-02 +9.5112530e-03	 1.06e+00 Accepted	 207	 225	
326	 6.2908123e-01	 +2.7793610e-02 +1.0380494e-02	 1.28e+00 Accepted	 193	 258	
327	 6.2913362e-01	 +2.8325157e-02 +9.2128088e-03	 9.91e-01 Accepted	 209	 290	
328	 6.2908235e-01	 +2.9481342e-02 +9.9575114e-03	 8.92e-01 Accepted	 212	 231	
329	 6.2903467e-01	 +2.9652358e-02 +1.3846405e-02	 1.25e+00 Accepted	 187	 225	
330	 6.2909682e-01	 +2.8170412e-02 +1.0547300e-02	 1.17e+00 Accepted	 186	 225	
331	 6.2920772e-01	 +3.0775735e-02 +1.0754869e-02	 1.09e+00 Accepted	 185	 225	
332	 6.2921145e-01	 +2.9445330e-02 +1.3742621e-02	 1.08e+00 Accepted	 186	 225	
333	 6.2903183e-01	 +2.7852645e-02 +1.3017773e-02	 8.33e-01 Accepted	 185	 224	
334	 6.2878475e-01	 +2.7104745e-02 +1.3166041e-02	 6.53e-01 Accepted	 185	 225	
335	 6.2913800e-01	 +2.4964270e-02 +1.2803646e-02	 1.27e+00 Accepted	 184	 225	
336	 6.2904960e-01	 +2.5944286e-02 +1.3824143e-02	 7.20e-01 Accepted	 185	 225	
337	 6.2891489e-01	 +2.7511672e-02 +1.4489615e-02	 8.48e-01 Accepted	 184	 225	
338	 6.2901349e-01	 +2.6008783e-02 +1.6949397e-02	 1.41e+00 Accepted	 185	 225	
339	 6.2898639e-01	 +2.7083923e-02 +1.5478054e-02	 9.99e-01 Accepted	 185	 225	
340	 6.2895879e-01	 +2.7705346e-02 +1.4984157e-02	 1.11e+00 Accepted	 185	 225	
341	 6.2918618e-01	 +2.8696499e-02 +1.5020537e-02	 1.32e+00 Accepted	 185	 224	
342	 6.2918618e-01	 +2.8696499e-02 +1.5020537e-02	 7.89e-01 Rejected	 186	 225	
343	 6.2923543e-01	 +2.8037049e-02 +1.5253888e-02	 1.11e+00 Accepted	 185	 225	
344	 6.2916876e-01	 +2.6055424e-02 +1.5675610e-02	 8.11e-01 Accepted	 185	 225	
345	 6.2902620e-01	 +2.7372544e-02 +1.6088843e-02	 7.46e-01 Accepted	 185	 225	
346	 6.2903391e-01	 +2.6438054e-02 +1.5990597e-02	 1.01e+00 Accepted	 185	 225	
347	 6.2887913e-01	 +2.6500886e-02 +1.8063711e-02	 7.66e-01 Accepted	 184	 225	
348	 6.2875206e-01	 +2.7818628e-02 +1.5519137e-02	 8.53e-01 Accepted	 186	 225	
349	 6.2898401e-01	 +2.7777726e-02 +1.6715300e-02	 1.15e+00 Accepted	 185	 224	
350	 6.2901929e-01	 +2.9209035e-02 +1.6252486e-02	 8.46e-01 Accepted	 186	 225	
351	 6.2906541e-01	 +2.8959952e-02 +1.5203180e-02	 1.00e+00 Accepted	 185	 225	
352	 6.2909993e-01	 +2.7128413e-02 +1.5525460e-02	 1.12e+00 Accepted	 186	 225	
353	 6.2911695e-01	 +2.6751770e-02 +1.4499214e-02	 1.05e+00 Accepted	 185	 225	
354	 6.2902900e-01	 +2.7668103e-02 +1.6681753e-02	 1.43e+00 Accepted	 185	 224	
355	 6.2904050e-01	 +2.8006473e-02 +1.7446609e-02	 9.39e-01 Accepted	 185	 225	
356	 6.2913597e-01	 +2.5999625e-02 +1.7574089e-02	 1.70e+00 Accepted	 186	 224	
357	 6.2910006e-01	 +2.5674026e-02 +1.7535379e-02	 1.04e+00 Accepted	 185	 225	
358	 6.2911622e-01	 +2.7906150e-02 +1.7502480e-02	 7.61e-01 Accepted	 186	 225	
359	 6.2911817e-01	 +2.6930189e-02 +1.7201031e-02	 1.02e+00 Accepted	 186	 225	
360	 6.2918309e-01	 +2.7314251e-02 +1.6805847e-02	 1.11e+00 Accepted	 185	 225	
361	 6.2901966e-01	 +2.7394555e-02 +1.7265080e-02	 5.77e-01 Accepted	 185	 225	
362	 6.2900155e-01	 +2.8739930e-02 +1.5814263e-02	 8.95e-01 Accepted	 185	 225	
363	 6.2905478e-01	 +2.7431965e-02 +1.8728631e-02	 9.01e-01 Accepted	 185	 225	
364	 6.2907447e-01	 +2.9241961e-02 +1.5820175e-02	 1.18e+00 Accepted	 186	 224	
365	 6.2907447e-01	 +2.9241961e-02 +1.5820175e-02	 7.27e-01 Rejected	 184	 225	
366	 6.2907447e-01	 +2.9241961e-02 +1.5820175e-02	 6.53e-01 Rejected	 186	 225	
367	 6.2900148e-01	 +3.1144086e-02 +1.7660460e-02	 1.03e+00 Accepted	 185	 224	
368	 6.2906688e-01	 +2.9307852e-02 +1.6706974e-02	 1.12e+00 Accepted	 185	 224	
369	 6.2916028e-01	 +3.0162590e-02 +1.6677965e-02	 1.14e+00 Accepted	 185	 225	
370	 6.2926396e-01	 +2.7021067e-02 +1.7722064e-02	 7.39e-01 Accepted	 186	 225	
371	 6.2924392e-01	 +2.7296555e-02 +1.6863378e-02	 1.37e+00 Accepted	 185	 225	
372	 6.2924392e-01	 +2.7296555e-02 +1.6863378e-02	 6.80e-01 Rejected	 185	 225	
373	 6.2931945e-01	 +2.7871222e-02 +1.5497696e-02	 1.14e+00 Accepted	 185	 225	
374	 6.2926437e-01	 +3.0561808e-02 +1.3598692e-02	 7.59e-01 Accepted	 185	 224	
375	 6.2926160e-01	 +2.9237838e-02 +1.3087382e-02	 1.04e+00 Accepted	 185	 223	
376	 6.2922732e-01	 +3.0018273e-02 +1.3874403e-02	 1.17e+00 Accepted	 186	 225	
377	 6.2934945e-01	 +2.7737520e-02 +1.5371898e-02	 8.49e-01 Accepted	 184	 224	
378	 6.2928050e-01	 +2.9961690e-02 +1.3435630e-02	 6.32e-01 Accepted	 186	 224	
379	 6.2922177e-01	 +2.9639651e-02 +1.3042799e-02	 1.22e+00 Accepted	 185	 225	
380	 6.2893480e-01	 +2.8795683e-02 +1.4173860e-02	 9.87e-01 Accepted	 185	 223	
381	 6.2886080e-01	 +2.8975172e-02 +1.4575963e-02	 8.15e-01 Accepted	 185	 225	
382	 6.2872271e-01	 +3.0404091e-02 +1.3452287e-02	 7.38e-01 Accepted	 186	 223	
383	 6.2870022e-01	 +2.9268245e-02 +1.4576813e-02	 1.30e+00 Accepted	 185	 224	
384	 6.2880845e-01	 +3.0339172e-02 +1.2268394e-02	 5.79e-01 Accepted	 185	 224	
385	 6.2887292e-01	 +3.1696102e-02 +1.4103511e-02	 9.75e-01 Accepted	 184	 223	
386	 6.2908632e-01	 +3.1612872e-02 +1.3981245e-02	 1.06e+00 Accepted	 185	 224	
387	 6.2905118e-01	 +3.2780163e-02 +1.3199600e-02	 7.61e-01 Accepted	 185	 225	
388	 6.2895372e-01	 +3.1340027e-02 +1.2624961e-02	 6.97e-01 Accepted	 186	 224	
389	 6.2898790e-01	 +3.2033316e-02 +1.4343216e-02	 1.58e+00 Accepted	 185	 224	
390	 6.2908874e-01	 +3.1606786e-02 +1.4215916e-02	 1.03e+00 Accepted	 185	 224	
391	 6.2912833e-01	 +3.2306634e-02 +1.3855181e-02	 1.12e+00 Accepted	 185	 225	
392	 6.2924962e-01	 +3.2909797e-02 +1.2245176e-02	 1.34e+00 Accepted	 186	 224	
393	 6.2930969e-01	 +3.1988064e-02 +1.4133961e-02	 1.08e+00 Accepted	 185	 223	
394	 6.2924481e-01	 +3.0306043e-02 +1.3155047e-02	 6.73e-01 Accepted	 185	 224	
395	 6.2924481e-01	 +3.0306043e-02 +1.3155047e-02	 7.24e-01 Rejected	 185	 224	
396	 6.2905706e-01	 +3.5060477e-02 +1.2975091e-02	 1.11e+00 Accepted	 185	 223	
397	 6.2885647e-01	 +3.3230038e-02 +1.2032553e-02	 8.65e-01 Accepted	 185	 224	
398	 6.2897776e-01	 +3.3319170e-02 +1.2924885e-02	 1.75e+00 Accepted	 185	 223	
399	 6.2893422e-01	 +3.3535477e-02 +1.1301367e-02	 9.35e-01 Accepted	 185	 224	
400	 6.2896783e-01	 +3.1718292e-02 +1.1390785e-02	 1.29e+00 Accepted	 185	 224	
401	 6.2885500e-01	 +3.2925398e-02 +1.0691632e-02	 8.51e-01 Accepted	 185	 223	
402	 6.2900891e-01	 +3.4474425e-02 +1.1978640e-02	 7.84e-01 Accepted	 185	 223	
403	 6.2898360e-01	 +3.6446436e-02 +1.2450398e-02	 8.37e-01 Accepted	 185	 224	
404	 6.2916512e-01	 +3.3401915e-02 +1.1945775e-02	 1.00e+00 Accepted	 186	 224	
405	 6.2916512e-01	 +3.3401915e-02 +1.1945775e-02	 6.80e-01 Rejected	 184	 230	
406	 6.2929903e-01	 +3.5717074e-02 +1.4070546e-02	 9.82e-01 Accepted	 185	 223	
407	 6.2912935e-01	 +3.4850326e-02 +1.3616281e-02	 8.71e-01 Accepted	 185	 224	
408	 6.2944873e-01	 +3.5733175e-02 +1.3678286e-02	 1.65e+00 Accepted	 185	 224	
409	 6.2944873e-01	 +3.5733175e-02 +1.3678286e-02	 7.38e-01 Rejected	 186	 223	
410	 6.2938964e-01	 +3.5196865e-02 +1.4276222e-02	 7.19e-01 Accepted	 185	 224	
411	 6.2943481e-01	 +3.4637070e-02 +1.3076039e-02	 1.09e+00 Accepted	 184	 224	
412	 6.2943481e-01	 +3.4637070e-02 +1.3076039e-02	 7.30e-01 Rejected	 185	 224	
413	 6.2945329e-01	 +3.6230133e-02 +1.2884594e-02	 1.17e+00 Accepted	 184	 224	
414	 6.2951070e-01	 +3.6542292e-02 +1.1734110e-02	 1.32e+00 Accepted	 185	 224	
415	 6.2941564e-01	 +3.6039319e-02 +1.1428502e-02	 7.99e-01 Accepted	 184	 223	
416	 6.2934554e-01	 +3.6786543e-02 +1.1386244e-02	 8.80e-01 Accepted	 185	 223	
417	 6.2923339e-01	 +3.6049187e-02 +1.2573707e-02	 8.09e-01 Accepted	 184	 223	
418	 6.2933500e-01	 +3.6415422e-02 +9.4824494e-03	 9.29e-01 Accepted	 185	 223	
419	 6.2915156e-01	 +3.6567083e-02 +1.2842325e-02	 7.68e-01 Accepted	 184	 223	
420	 6.2928203e-01	 +3.5765140e-02 +1.2521455e-02	 1.19e+00 Accepted	 185	 223	
421	 6.2916830e-01	 +3.5463448e-02 +1.1266359e-02	 6.34e-01 Accepted	 185	 223	
422	 6.2910119e-01	 +3.7969020e-02 +1.0649077e-02	 1.10e+00 Accepted	 185	 223	
423	 6.2910119e-01	 +3.7969020e-02 +1.0649077e-02	 8.68e-01 Rejected	 185	 223	
424	 6.2919079e-01	 +3.7733517e-02 +1.1039130e-02	 1.25e+00 Accepted	 186	 223	
425	 6.2919079e-01	 +3.7733517e-02 +1.1039130e-02	 6.79e-01 Rejected	 184	 223	
426	 6.2918070e-01	 +4.0803877e-02 +8.0114355e-03	 1.16e+00 Accepted	 185	 223	
427	 6.2909394e-01	 +3.8758604e-02 +1.0490114e-02	 7.32e-01 Accepted	 185	 223	
428	 6.2905433e-01	 +4.1095708e-02 +1.1636322e-02	 8.39e-01 Accepted	 185	 223	
429	 6.2888971e-01	 +3.7784490e-02 +1.0261844e-02	 6.99e-01 Accepted	 185	 222	
430	 6.2900387e-01	 +3.9610695e-02 +1.1988319e-02	 1.37e+00 Accepted	 185	 223	
431	 6.2898086e-01	 +3.8642745e-02 +1.0348568e-02	 1.09e+00 Accepted	 185	 223	
432	 6.2892348e-01	 +3.8714994e-02 +9.9396539e-03	 1.01e+00 Accepted	 185	 223	
433	 6.2885320e-01	 +3.8731223e-02 +1.2082999e-02	 1.22e+00 Accepted	 184	 223	
434	 6.2907381e-01	 +3.9496728e-02 +1.2121248e-02	 8.48e-01 Accepted	 185	 223	
435	 6.2904408e-01	 +3.7691604e-02 +1.1038256e-02	 7.37e-01 Accepted	 184	 223	
# Starting_type: CheckpointStart
# Trajectory_length / Number_of_MD_steps: 1 / 8
# 	 Plaquette	 Polyakov_Loop(re,im)	 Acc._Probability	 runtime_per_traj(s)	 CG_iterations	
435	 6.2904408e-01	 +3.7691604e-02 +1.1038256e-02	 7.37e-01 Accepted	 186	 223	
436	 6.2927648e-01	 +4.1476753e-02 +8.3485388e-03	 2.04e+00 Accepted	 185	 223	
437	 6.2927056e-01	 +4.4311509e-02 +9.7299082e-03	 7.90e-01 Accepted	 185	 223	
438	 6.2927056e-01	 +4.4311509e-02 +9.7299082e-03	 9.22e-01 Rejected	 185	 222	
439	 6.2917768e-01	 +4.2902226e-02 +9.8763012e-03	 1.05e+00 Accepted	 184	 223	
440	 6.2917768e-01	 +4.2902226e-02 +9.8763012e-03	 7.31e-01 Rejected	 185	 223	
441	 6.2901572e-01	 +4.3671649e-02 +9.6701262e-03	 8.95e-01 Accepted	 184	 223	
442	 6.2898851e-01	 +4.2840407e-02 +1.0098468e-02	 1.15e+00 Accepted	 184	 224	
443	 6.2896438e-01	 +4.3821623e-02 +8.5942585e-03	 1.18e+00 Accepted	 184	 222	
444	 6.2896438e-01	 +4.3821623e-02 +8.5942585e-03	 8.78e-01 Rejected	 184	 223	
445	 6.2905647e-01	 +4.0500800e-02 +7.7408164e-03	 1.44e+00 Accepted	 183	 223	
446	 6.2892077e-01	 +4.2402867e-02 +8.4908556e-03	 9.28e-01 Accepted	 185	 224	
447	 6.2915475e-01	 +4.2520595e-02 +9.1546950e-03	 1.23e+00 Accepted	 184	 223	
448	 6.2905631e-01	 +4.1216218e-02 +6.6636610e-03	 1.07e+00 Accepted	 185	 223	
449	 6.2900692e-01	 +3.9006584e-02 +1.0203462e-02	 8.70e-01 Accepted	 184	 224	
450	 6.2907928e-01	 +4.0520110e-02 +9.9516329e-03	 1.26e+00 Accepted	 184	 223	
451	 6.2918049e-01	 +4.3361526e-02 +1.1255815e-02	 1.14e+00 Accepted	 184	 223	
452	 6.2883995e-01	 +4.2258766e-02 +8.9799075e-03	 5.03e-01 Accepted	 184	 223	
453	 6.2888460e-01	 +4.4654523e-02 +9.3586271e-03	 1.05e+00 Accepted	 184	 223	
454	 6.2890453e-01	 +4.6147574e-02 +6.9115894e-03	 8.21e-01 Accepted	 184	 222	
455	 6.2906946e-01	 +4.3088445e-02 +6.0697505e-03	 1.90e+00 Accepted	 184	 223	
456	 6.2914107e-01	 +4.5105645e-02 +9.3417070e-03	 1.11e+00 Accepted	 185	 222	
457	 6.2896965e-01	 +4.6352329e-02 +8.8203008e-03	 9.16e-01 Accepted	 184	 223	
458	 6.2896200e-01	 +4.7674287e-02 +7.0724558e-03	 1.35e+00 Accepted	 184	 222	
459	 6.2896200e-01	 +4.7674287e-02 +7.0724558e-03	 6.69e-01 Rejected	 183	 223	
460	 6.2913680e-01	 +4.9677264e-02 +7.8800459e-03	 9.80e-01 Accepted	 184	 222	
461	 6.2900210e-01	 +4.7940717e-02 +7.7069834e-03	 9.91e-01 Accepted	 183	 223	
462	 6.2900366e-01	 +4.7979270e-02 +9.2600851e-03	 8.90e-01 Accepted	 184	 222	
463	 6.2895450e-01	 +4.9764312e-02 +8.5198433e-03	 8.32e-01 Accepted	 184	 223	
464	 6.2900233e-01	 +4.8624633e-02 +7.3674820e-03	 8.19e-01 Accepted	 184	 223	
465	 6.2904606e-01	 +4.6156595e-02 +9.7851211e-03	 9.35e-01 Accepted	 184	 223	
466	 6.2897048e-01	 +4.7763298e-02 +8.8405195e-03	 1.09e+00 Accepted	 184	 223	
467	 6.2890512e-01	 +4.7250883e-02 +9.5322661e-03	 7.16e-01 Accepted	 183	 223	
468	 6.2885577e-01	 +4.7687479e-02 +9.2085313e-03	 8.58e-01 Accepted	 184	 223	
469	 6.2886900e-01	 +4.6013927e-02 +9.7350534e-03	 1.59e+00 Accepted	 184	 223	
470	 6.2877639e-01	 +4.8567298e-02 +8.7038268e-03	 9.91e-01 Accepted	 183	 222	
471	 6.2885959e-01	 +4.9843792e-02 +8.5161474e-03	 1.16e+00 Accepted	 184	 222	
472	 6.2889705e-01	 +4.9642220e-02 +8.3186620e-03	 1.23e+00 Accepted	 184	 223	
473	 6.2915723e-01	 +4.8124556e-02 +7.6019615e-03	 1.73e+00 Accepted	 184	 222	
474	 6.2927000e-01	 +4.8701005e-02 +9.2249420e-03	 8.03e-01 Accepted	 184	 223	
475	 6.2938584e-01	 +4.5914326e-02 +1.0245156e-02	 1.18e+00 Accepted	 184	 222	
476	 6.2915307e-01	 +4.5566653e-02 +1.0413083e-02	 9.76e-01 Accepted	 184	 222	
477	 6.2905981e-01	 +4.6955628e-02 +1.1315573e-02	 1.17e+00 Accepted	 184	 222	
478	 6.2922305e-01	 +4.8985608e-02 +7.0499258e-03	 9.09e-01 Accepted	 185	 222	
479	 6.2925901e-01	 +5.0176621e-02 +8.0945390e-03	 7.83e-01 Accepted	 184	 227	
480	 6.2921167e-01	 +5.0849949e-02 +8.5036239e-03	 9.78e-01 Accepted	 186	 222	
481	 6.2914471e-01	 +4.8893759e-02 +6.3318426e-03	 7.30e-01 Accepted	 184	 222	
482	 6.2911558e-01	 +4.9334050e-02 +8.4314226e-03	 1.13e+00 Accepted	 184	 222	
483	 6.2918848e-01	 +5.1473856e-02 +8.5630398e-03	 1.34e+00 Accepted	 183	 223	
484	 6.2920468e-01	 +5.1952022e-02 +9.8583504e-03	 8.28e-01 Accepted	 184	 223	
485	 6.2911302e-01	 +4.9567940e-02 +7.5437902e-03	 8.02e-01 Accepted	 183	 223	
486	 6.2927056e-01	 +4.7540932e-02 +8.9349406e-03	 8.77e-01 Accepted	 185	 222	
487	 6.2918595e-01	 +4.8742515e-02 +8.1325084e-03	 1.17e+00 Accepted	 184	 222	
488	 6.2906125e-01	 +4.7121975e-02 +8.1393698e-03	 5.85e-01 Accepted	 184	 223	
489	 6.2905683e-01	 +4.9357111e-02 +5.7941869e-03	 1.17e+00 Accepted	 184	 222	
490	 6.2913238e-01	 +5.2150102e-02 +9.2566314e-03	 1.48e+00 Accepted	 184	 223	
491	 6.2904120e-01	 +5.0631634e-02 +5.2228924e-03	 8.21e-01 Accepted	 184	 222	
492	 6.2908859e-01	 +5.0173586e-02 +5.5001341e-03	 1.02e+00 Accepted	 184	 223	
493	 6.2932930e-01	 +5.1787100e-02 +5.8375666e-03	 1.43e+00 Accepted	 184	 223	
494	 6.2910627e-01	 +5.1562972e-02 +6.9133559e-03	 7.77e-01 Accepted	 184	 222	
495	 6.2890484e-01	 +4.9908124e-02 +7.1167488e-03	 7.81e-01 Accepted	 184	 222	
496	 6.2891387e-01	 +5.1344247e-02 +6.3517669e-03	 9.49e-01 Accepted	 184	 223	
497	 6.2876282e-01	 +5.2663598e-02 +6.4172274e-03	 8.08e-01 Accepted	 184	 223	
498	 6.2881490e-01	 +5.0124730e-02 +6.2798693e-03	 1.39e+00 Accepted	 185	 222	
499	 6.2901608e-01	 +5.2782338e-02 +7.8017104e-03	 9.64e-01 Accepted	 183	 222	
500	 6.2881998e-01	 +5.3699692e-02 +7.6286483e-03	 1.08e+00 Accepted	 184	 222	
501	 6.2888575e-01	 +5.2460382e-02 +7.6983826e-03	 8.13e-01 Accepted	 184	 222	
502	 6.2887923e-01	 +5.3544290e-02 +6.6282995e-03	 1.36e+00 Accepted	 184	 222	
503	 6.2889441e-01	 +5.4072850e-02 +6.1547294e-03	 8.54e-01 Accepted	 183	 222	
504	 6.2895556e-01	 +5.3704614e-02 +4.9160994e-03	 1.17e+00 Accepted	 185	 223	
505	 6.2895556e-01	 +5.3704614e-02 +4.9160994e-03	 6.54e-01 Rejected	 184	 223	
506	 6.2911692e-01	 +5.4922511e-02 +5.4995877e-03	 1.21e+00 Accepted	 184	 223	
507	 6.2908320e-01	 +5.4461535e-02 +4.7713294e-03	 6.58e-01 Accepted	 182	 222	
508	 6.2903723e-01	 +5.3559265e-02 +4.9164728e-03	 1.13e+00 Accepted	 184	 223	
509	 6.2889996e-01	 +5.3902231e-02 +3.7004402e-03	 7.34e-01 Accepted	 184	 222	
510	 6.2888091e-01	 +4.9369656e-02 +5.0114206e-03	 8.99e-01 Accepted	 184	 222	
511	 6.2887755e-01	 +5.0794233e-02 +3.5264159e-03	 8.48e-01 Accepted	 183	 223	
512	 6.2906474e-01	 +4.9365741e-02 +4.4999734e-03	 1.59e+00 Accepted	 184	 222	
513	 6.2892545e-01	 +5.3433723e-02 +5.4066911e-03	 8.55e-01 Accepted	 184	 222	
514	 6.2907722e-01	 +5.0009279e-02 +2.6425222e-03	 9.59e-01 Accepted	 184	 223	
515	 6.2925017e-01	 +5.2717022e-02 +3.4480483e-03	 1.33e+00 Accepted	 184	 223	
516	 6.2922985e-01	 +5.5369985e-02 +4.8306823e-03	 1.43e+00 Accepted	 184	 222	
517	 6.2912098e-01	 +5.5721823e-02 +4.1064604e-03	 7.65e-01 Accepted	 184	 223	
518	 6.2899629e-01	 +5.5697073e-02 +3.7529281e-03	 8.73e-01 Accepted	 184	 222	
519	 6.2893982e-01	 +5.5398287e-02 +4.0964205e-03	 1.17e+00 Accepted	 183	 222	
520	 6.2902415e-01	 +5.4520999e-02 +5.3419504e-03	 1.08e+00 Accepted	 184	 222	
521	 6.2874669e-01	 +5.6686721e-02 +4.8616273e-03	 8.67e-01 Accepted	 183	 222	
522	 6.2886805e-01	 +5.6518705e-02 +5.0865178e-03	 9.32e-01 Accepted	 184	 221	
523	 6.2859463e-01	 +5.5562739e-02 +4.6042831e-03	 7.55e-01 Accepted	 183	 223	
524	 6.2872445e-01	 +5.5420739e-02 +2.7655336e-03	 1.06e+00 Accepted	 183	 222	
525	 6.2870203e-01	 +5.6036213e-02 +3.5356924e-03	 9.63e-01 Accepted	 183	 221	
526	 6.2882706e-01	 +5.7479095e-02 -1.3773608e-04	 8.26e-01 Accepted	 184	 222	
527	 6.2897719e-01	 +5.6114987e-02 +3.5624009e-03	 9.44e-01 Accepted	 183	 221	
528	 6.2914508e-01	 +5.9424743e-02 +2.7182754e-03	 1.29e+00 Accepted	 184	 222	
529	 6.2923087e-01	 +5.8865872e-02 +3.6730472e-03	 1.32e+00 Accepted	 183	 221	
530	 6.2926874e-01	 +5.9211561e-02 +8.3680374e-04	 9.97e-01 Accepted	 183	 221	
531	 6.2912769e-01	 +5.8813315e-02 +9.8236992e-04	 1.24e+00 Accepted	 183	 221	
532	 6.2918170e-01	 +5.9806731e-02 +1.0099376e-03	 7.88e-01 Accepted	 184	 222	
533	 6.2917722e-01	 +5.8829373e-02 +3.5161012e-03	 1.11e+00 Accepted	 183	 222	
534	 6.2910164e-01	 +6.0359388e-02 +8.8307278e-04	 7.26e-01 Accepted	 184	 221	
535	 6.2896761e-01	 +6.0148639e-02 +2.0612652e-03	 6.11e-01 Accepted	 183	 221	
536	 6.2889864e-01	 +5.9977590e-02 +2.9798714e-03	 8.70e-01 Accepted	 184	 222	
537	 6.2885893e-01	 +6.0635336e-02 +1.7164922e-03	 5.34e-01 Accepted	 184	 222	
538	 6.2886697e-01	 +6.0708660e-02 +9.3573728e-04	 1.18e+00 Accepted	 185	 221	
539	 6.2899924e-01	 +6.1182637e-02 -1.3751003e-05	 1.15e+00 Accepted	 184	 221	
540	 6.2919136e-01	 +6.1612920e-02 +8.1185472e-04	 1.17e+00 Accepted	 184	 221	
541	 6.2942759e-01	 +6.2042702e-02 +2.2584561e-03	 1.25e+00 Accepted	 183	 222	
542	 6.2924982e-01	 +6.1691553e-02 +2.0181672e-03	 7.91e-01 Accepted	 184	 221	
543	 6.2924982e-01	 +6.1691553e-02 +2.0181672e-03	 6.80e-01 Rejected	 183	 220	
544	 6.2924982e-01	 +6.1691553e-02 +2.0181672e-03	 8.16e-01 Rejected	 184	 220	
545	 6.2913765e-01	 +6.2586410e-02 +1.2147949e-03	 7.47e-01 Accepted	 183	 221	
546	 6.2913765e-01	 +6.2586410e-02 +1.2147949e-03	 6.78e-01 Rejected	 184	 227	
547	 6.2903702e-01	 +6.0998462e-02 +4.9901385e-04	 1.07e+00 Accepted	 183	 221	
548	 6.2883867e-01	 +6.2632749e-02 +1.9938333e-03	 1.24e+00 Accepted	 183	 221	
549	 6.2906074e-01	 +6.3247346e-02 -8.9224061e-04	 1.95e+00 Accepted	 183	 222	
550	 6.2911269e-01	 +6.5105385e-02 -1.1124578e-03	 1.23e+00 Accepted	 184	 221	
551	 6.2924734e-01	 +6.3468862e-02 +7.6263575e-04	 1.13e+00 Accepted	 185	 231	
552	 6.2938406e-01	 +6.3744290e-02 -2.1529867e-03	 1.12e+00 Accepted	 197	 287	
553	 6.2915415e-01	 +6.5299281e-02 +1.3097674e-03	 1.03e+00 Accepted	 214	 253	
554	 6.2905609e-01	 +6.5351570e-02 +6.9251533e-04	 8.22e-01 Accepted	 194	 221	
555	 6.2899440e-01	 +6.5290422e-02 -2.5771695e-04	 6.76e-01 Accepted	 182	 221	
556	 6.2898833e-01	 +6.8365419e-02 +4.8845446e-04	 1.16e+00 Accepted	 183	 220	
557	 6.2894985e-01	 +6.6426544e-02 +2.9841664e-03	 1.41e+00 Accepted	 183	 220	
558	 6.2901881e-01	 +6.7040789e-02 +4.5080253e-04	 1.22e+00 Accepted	 183	 220	
559	 6.2896542e-01	 +6.5551504e-02 +2.8091200e-03	 5.75e-01 Accepted	 186	 219	
560	 6.2893248e-01	 +6.8210505e-02 +2.0886913e-03	 8.27e-01 Accepted	 183	 222	
561	 6.2901440e-01	 +6.7343845e-02 +1.1879981e-03	 1.39e+00 Accepted	 183	 221	
562	 6.2904239e-01	 +7.0521224e-02 +9.9505592e-04	 1.23e+00 Accepted	 184	 221	
563	 6.2904239e-01	 +7.0521224e-02 +9.9505592e-04	 5.42e-01 Rejected	 182	 220	
564	 6.2899143e-01	 +6.9429611e-02 +1.9555471e-03	 1.03e+00 Accepted	 183	 220	
565	 6.2909105e-01	 +6.5041407e-02 +8.8426359e-04	 9.36e-01 Accepted	 183	 220	
566	 6.2908703e-01	 +6.6814760e-02 +1.3563039e-03	 1.35e+00 Accepted	 184	 221	
567	 6.2887428e-01	 +6.8940434e-02 +1.2397241e-03	 7.70e-01 Accepted	 183	 221	
568	 6.2897794e-01	 +6.9327709e-02 +1.1854036e-03	 1.44e+00 Accepted	 183	 220	
569	 6.2886690e-01	 +6.6550601e-02 +2.9085372e-03	 1.61e+00 Accepted	 183	 221	
570	 6.2885968e-01	 +6.9210141e-02 -2.0253130e-04	 1.06e+00 Accepted	 183	 220	
571	 6.2911522e-01	 +6.9055947e-02 +7.5439147e-04	 1.10e+00 Accepted	 183	 220	
572	 6.2922098e-01	 +6.7385139e-02 +2.5177462e-03	 7.26e-01 Accepted	 183	 220	
573	 6.2931443e-01	 +6.9744630e-02 +7.6365479e-06	 1.26e+00 Accepted	 182	 219	
574	 6.2932126e-01	 +6.8196865e-02 +1.8457519e-03	 1.07e+00 Accepted	 183	 220	
575	 6.2908996e-01	 +6.6294414e-02 +1.6675568e-03	 8.94e-01 Accepted	 183	 220	
576	 6.2929021e-01	 +7.0244986e-02 +1.5177575e-03	 1.04e+00 Accepted	 184	 221	
577	 6.2932803e-01	 +6.7188913e-02 +1.7614975e-03	 8.03e-01 Accepted	 183	 220	
578	 6.2938566e-01	 +6.6875077e-02 +1.6948976e-03	 1.29e+00 Accepted	 183	 220	
579	 6.2938566e-01	 +6.6875077e-02 +1.6948976e-03	 6.38e-01 Rejected	 182	 220	
580	 6.2940894e-01	 +7.0874986e-02 +6.9876483e-04	 1.08e+00 Accepted	 183	 220	
581	 6.2932781e-01	 +6.9868852e-02 +3.1837311e-03	 6.48e-01 Accepted	 182	 220	
582	 6.2924841e-01	 +6.9067321e-02 +1.0335951e-03	 8.66e-01 Accepted	 183	 220	
583	 6.2921856e-01	 +7.0315664e-02 +2.7849291e-03	 9.14e-01 Accepted	 182	 220	
584	 6.2921692e-01	 +6.9843951e-02 +2.3713857e-03	 9.60e-01 Accepted	 183	 221	
585	 6.2947637e-01	 +7.1866844e-02 +3.0347603e-03	 1.34e+00 Accepted	 183	 223	
586	 6.2943794e-01	 +7.1765530e-02 +2.1609009e-03	 1.42e+00 Accepted	 184	 221	
587	 6.2937392e-01	 +7.2366452e-02 +1.3249096e-03	 1.32e+00 Accepted	 182	 220	
588	 6.2904275e-01	 +7.4651922e-02 -9.8047274e-04	 4.65e-01 Accepted	 183	 220	
589	 6.2906420e-01	 +7.2083040e-02 +2.2947435e-03	 1.09e+00 Accepted	 183	 220	
590	 6.2921745e-01	 +7.0992340e-02 +1.4962108e-03	 1.24e+00 Accepted	 183	 221	
591	 6.2926362e-01	 +7.0136042e-02 +4.5567649e-04	 8.26e-01 Accepted	 183	 220	
592	 6.2908281e-01	 +7.0599774e-02 -5.8205704e-05	 6.29e-01 Accepted	 183	 220	
593	 6.2904027e-01	 +7.0817722e-02 +5.7342440e-04	 1.40e+00 Accepted	 182	 220	
594	 6.2921409e-01	 +6.9684001e-02 +1.0421844e-03	 1.47e+00 Accepted	 183	 219	
595	 6.2926133e-01	 +7.0753729e-02 +5.1187535e-04	 1.10e+00 Accepted	 182	 219	
596	 6.2917857e-01	 +7.2625314e-02 -5.0212235e-04	 1.25e+00 Accepted	 183	 220	
597	 6.2910151e-01	 +7.1809711e-02 +1.7194957e-03	 8.23e-01 Accepted	 183	 220	
598	 6.2901662e-01	 +7.3169956e-02 +1.4279517e-03	 1.30e+00 Accepted	 183	 220	
599	 6.2888946e-01	 +6.9787475e-02 -3.1863355e-06	 7.69e-01 Accepted	 182	 219	
600	 6.2889983e-01	 +7.1538903e-02 -5.2076190e-04	 1.19e+00 Accepted	 183	 221	
601	 6.2890876e-01	 +6.8909925e-02 -1.6378069e-03	 1.20e+00 Accepted	 183	 221	
602	 6.2891148e-01	 +7.0873945e-02 -1.4225532e-04	 7.18e-01 Accepted	 184	 220	
603	 6.2895709e-01	 +7.0253386e-02 +3.5811855e-06	 1.14e+00 Accepted	 183	 220	
604	 6.2887931e-01	 +7.2004196e-02 -1.0532757e-04	 1.01e+00 Accepted	 183	 220	
605	 6.2887931e-01	 +7.2004196e-02 -1.0532757e-04	 7.02e-01 Rejected	 182	 221	
606	 6.2899335e-01	 +7.0657757e-02 +1.3515236e-03	 8.85e-01 Accepted	 183	 221	
607	 6.2910240e-01	 +7.0258559e-02 +3.9143702e-04	 8.72e-01 Accepted	 182	 220	
608	 6.2915804e-01	 +7.0144185e-02 +1.6569462e-03	 1.95e+00 Accepted	 183	 219	
609	 6.2912031e-01	 +6.9676951e-02 -3.8776693e-04	 1.00e+00 Accepted	 183	 220	
610	 6.2896928e-01	 +7.0608644e-02 +1.1988668e-03	 6.94e-01 Accepted	 184	 220	
611	 6.2920937e-01	 +7.0910954e-02 -2.6541074e-04	 1.43e+00 Accepted	 182	 221	
612	 6.2925455e-01	 +7.1097496e-02 -9.2288101e-04	 1.20e+00 Accepted	 183	 220	
613	 6.2925455e-01	 +7.1097496e-02 -9.2288101e-04	 7.28e-01 Rejected	 183	 219	
614	 6.2934503e-01	 +7.1409860e-02 -3.1606822e-04	 9.84e-01 Accepted	 183	 220	
615	 6.2918244e-01	 +7.2182332e-02 -6.5307882e-04	 6.55e-01 Accepted	 183	 220	
616	 6.2907861e-01	 +7.0343215e-02 +5.1630160e-04	 1.07e+00 Accepted	 183	 220	
617	 6.2921247e-01	 +7.2968601e-02 -3.2878005e-04	 9.35e-01 Accepted	 183	 221	
618	 6.2901477e-01	 +6.9928916e-02 -1.7567194e-03	 9.06e-01 Accepted	 183	 221	
619	 6.2886300e-01	 +6.9026277e-02 -1.3703296e-03	 6.78e-01 Accepted	 182	 221	
620	 6.2884203e-01	 +6.8066086e-02 -1.1453033e-04	 1.06e+00 Accepted	 183	 221	
621	 6.2884203e-01	 +6.8066086e-02 -1.1453033e-04	 6.05e-01 Rejected	 183	 220	
622	 6.2893722e-01	 +7.0838680e-02 +9.6535079e-05	 1.03e+00 Accepted	 183	 220	
623	 6.2897336e-01	 +7.0538560e-02 +1.2302852e-03	 1.04e+00 Accepted	 183	 220	
624	 6.2883438e-01	 +7.0338583e-02 -5.3186450e-05	 9.21e-01 Accepted	 183	 221	
625	 6.2899087e-01	 +7.0021546e-02 -9.9757143e-04	 1.72e+00 Accepted	 182	 220	
626	 6.2880979e-01	 +6.7416809e-02 +2.9905056e-04	 8.22e-01 Accepted	 183	 220	
627	 6.2889133e-01	 +6.7229826e-02 +7.9528048e-04	 1.55e+00 Accepted	 183	 220	
628	 6.2927432e-01	 +6.9353012e-02 -4.3054103e-04	 1.58e+00 Accepted	 185	 220	
629	 6.2914437e-01	 +7.0372328e-02 -6.0852088e-04	 1.42e+00 Accepted	 182	 219	
630	 6.2898789e-01	 +6.8175252e-02 -1.0186075e-03	 4.54e-01 Accepted	 183	 221	
631	 6.2893695e-01	 +6.9081594e-02 -7.9391534e-04	 7.03e-01 Accepted	 182	 219	
632	 6.2901599e-01	 +7.0661739e-02 -8.8424504e-04	 1.80e+00 Accepted	 183	 220	
633	 6.2911566e-01	 +7.0892818e-02 -1.1019656e-03	 1.45e+00 Accepted	 183	 220	
634	 6.2918049e-01	 +7.0485463e-02 -3.7504022e-04	 1.27e+00 Accepted	 184	 220	
635	 6.2918049e-01	 +7.0485463e-02 -3.7504022e-04	 8.97e-01 Rejected	 182	 220	
636	 6.2918049e-01	 +7.0485463e-02 -3.7504022e-04	 7.65e-01 Rejected	 183	 220	
637	 6.2910108e-01	 +6.9937735e-02 -4.6438672e-04	 1.12e+00 Accepted	 183	 220	
638	 6.2906451e-01	 +6.9116139e-02 -9.8602592e-04	 8.82e-01 Accepted	 183	 220	
639	 6.2906451e-01	 +6.9116139e-02 -9.8602592e-04	 5.86e-01 Rejected	 182	 219	
640	 6.2906451e-01	 +6.9116139e-02 -9.8602592e-04	 7.77e-01 Rejected	 183	 221	
641	 6.2892945e-01	 +6.8767983e-02 -3.2777703e-03	 6.67e-01 Accepted	 183	 220	
642	 6.2880369e-01	 +7.0820737e-02 -2.3466649e-03	 8.36e-01 Accepted	 183	 220	
643	 6.2886927e-01	 +6.9828980e-02 -8.9054482e-04	 1.13e+00 Accepted	 183	 219	
644	 6.2888127e-01	 +6.9226554e-02 -1.8179375e-03	 1.03e+00 Accepted	 183	 220	
645	 6.2900666e-01	 +7.3848972e-02 -2.4251736e-03	 1.42e+00 Accepted	 183	 220	
646	 6.2906872e-01	 +7.4096533e-02 -2.7819692e-03	 1.12e+00 Accepted	 183	 220	
647	 6.2896574e-01	 +7.1735165e-02 -4.3444826e-04	 1.09e+00 Accepted	 182	 220	
648	 6.2914255e-01	 +7.0048024e-02 +7.8181927e-04	 7.46e-01 Accepted	 183	 219	
649	 6.2916940e-01	 +7.2277384e-02 -2.4353263e-03	 1.14e+00 Accepted	 182	 220	
650	 6.2918821e-01	 +7.4816261e-02 -1.3834716e-03	 1.24e+00 Accepted	 183	 220	
651	 6.2918821e-01	 +7.4816261e-02 -1.3834716e-03	 7.56e-01 Rejected	 182	 220	
652	 6.2900050e-01	 +7.4978282e-02 -2.7428682e-03	 5.87e-01 Accepted	 183	 220	
653	 6.2904675e-01	 +7.3869217e-02 +7.9464112e-04	 1.17e+00 Accepted	 183	 221	
654	 6.2915367e-01	 +7.2443006e-02 -1.0384407e-03	 1.13e+00 Accepted	 183	 220	
655	 6.2897423e-01	 +7.4340488e-02 -1.6647177e-03	 8.65e-01 Accepted	 183	 224	
656	 6.2915121e-01	 +7.2835411e-02 +2.9726185e-04	 1.06e+00 Accepted	 184	 220	
657	 6.2907315e-01	 +7.3906909e-02 -1.9834931e-03	 1.28e+00 Accepted	 182	 220	
658	 6.2918381e-01	 +7.4317698e-02 +4.8249004e-04	 1.58e+00 Accepted	 183	 219	
659	 6.2930352e-01	 +7.5935578e-02 +1.8048488e-04	 1.38e+00 Accepted	 182	 220	
660	 6.2944618e-01	 +7.4051583e-02 -7.0659210e-04	 1.32e+00 Accepted	 183	 219	
661	 6.2925812e-01	 +7.2460055e-02 +1.7378245e-03	 8.52e-01 Accepted	 182	 219	
662	 6.2925812e-01	 +7.2460055e-02 +1.7378245e-03	 8.29e-01 Rejected	 183	 220	
663	 6.2928819e-01	 +7.6098564e-02 +1.5484493e-04	 9.00e-01 Accepted	 182	 221	
664	 6.2956358e-01	 +7.1507676e-02 +6.5793028e-04	 1.61e+00 Accepted	 183	 221	
665	 6.2936267e-01	 +7.2102291e-02 +4.5236889e-04	 1.29e+00 Accepted	 183	 226	
666	 6.2935989e-01	 +7.1097252e-02 -1.9066304e-04	 6.19e-01 Accepted	 185	 220	
667	 6.2958371e-01	 +7.3104013e-02 -4.0761588e-04	 1.10e+00 Accepted	 182	 220	
668	 6.2961694e-01	 +7.5904909e-02 +1.0948476e-03	 1.33e+00 Accepted	 183	 219	
# Starting_type: CheckpointStart
# Trajectory_length / Number_of_MD_steps: 1 / 8
# 	 Plaquette	 Polyakov_Loop(re,im)	 Acc._Probability	 runtime_per_traj(s)	 CG_iterations	
669	 6.2961694e-01	 +7.5904909e-02 +1.0948476e-03	 6.78e-01 Rejected	 184	 219	
670	 6.2961694e-01	 +7.5904909e-02 +1.0948476e-03	 4.28e-01 Rejected	 183	 220	
671	 6.2953230e-01	 +7.3601563e-02 +2.2690362e-03	 7.00e-01 Accepted	 183	 219	
672	 6.2943796e-01	 +7.1765464e-02 +1.8282518e-03	 1.09e+00 Accepted	 183	 219	
673	 6.2948905e-01	 +7.5743555e-02 +2.8583569e-03	 8.91e-01 Accepted	 183	 219	
674	 6.2948905e-01	 +7.5743555e-02 +2.8583569e-03	 8.12e-01 Rejected	 183	 220	
675	 6.2942531e-01	 +7.3616104e-02 +1.0644907e-04	 7.74e-01 Accepted	 183	 219	
676	 6.2942531e-01	 +7.3616104e-02 +1.0644907e-04	 6.79e-01 Rejected	 183	 219	
677	 6.2949798e-01	 +7.5642123e-02 -9.8320782e-05	 1.23e+00 Accepted	 183	 219	
678	 6.2939226e-01	 +7.7868445e-02 +1.3323045e-03	 8.80e-01 Accepted	 183	 219	
679	 6.2968898e-01	 +7.6490409e-02 +6.6009464e-04	 1.56e+00 Accepted	 183	 219	
680	 6.2939791e-01	 +7.7075481e-02 +2.0650896e-03	 9.02e-01 Accepted	 183	 219	
681	 6.2948529e-01	 +7.8474217e-02 +2.0309648e-03	 1.16e+00 Accepted	 182	 218	
682	 6.2924773e-01	 +7.5897989e-02 +2.1289287e-03	 7.77e-01 Accepted	 183	 219	
683	 6.2925280e-01	 +7.6550320e-02 +9.5384179e-04	 1.21e+00 Accepted	 183	 219	
684	 6.2911767e-01	 +7.5672364e-02 +2.7171217e-04	 9.36e-01 Accepted	 183	 219	
685	 6.2923961e-01	 +7.3138053e-02 +1.1488992e-03	 1.48e+00 Accepted	 183	 220	
686	 6.2917069e-01	 +7.5105951e-02 +1.5323059e-03	 8.64e-01 Accepted	 184	 221	
687	 6.2901159e-01	 +7.4685036e-02 +4.9967298e-04	 6.27e-01 Accepted	 185	 220	
688	 6.2901159e-01	 +7.4685036e-02 +4.9967298e-04	 8.00e-01 Rejected	 183	 220	
689	 6.2914222e-01	 +7.4525599e-02 +8.9191266e-04	 2.17e+00 Accepted	 183	 219	
690	 6.2930526e-01	 +7.5072727e-02 -1.1241113e-03	 1.10e+00 Accepted	 183	 220	
691	 6.2931774e-01	 +7.5353333e-02 +6.0581353e-04	 1.07e+00 Accepted	 183	 219	
692	 6.2911205e-01	 +7.3640283e-02 +6.1212226e-04	 9.79e-01 Accepted	 184	 220	
693	 6.2918333e-01	 +7.4602136e-02 +1.4459443e-03	 1.35e+00 Accepted	 183	 219	
694	 6.2918333e-01	 +7.4602136e-02 +1.4459443e-03	 6.96e-01 Rejected	 183	 220	
695	 6.2914607e-01	 +7.2639231e-02 +4.1057157e-04	 1.16e+00 Accepted	 183	 219	
696	 6.2900518e-01	 +7.2249866e-02 +1.2962923e-03	 1.19e+00 Accepted	 183	 220	
697	 6.2905964e-01	 +7.4984519e-02 -2.5492788e-04	 7.29e-01 Accepted	 182	 219	
698	 6.2921614e-01	 +7.1875602e-02 +4.5989463e-04	 1.12e+00 Accepted	 183	 219	
699	 6.2924430e-01	 +7.4437516e-02 +1.5785729e-03	 1.34e+00 Accepted	 182	 220	
700	 6.2924430e-01	 +7.4437516e-02 +1.5785729e-03	 5.66e-01 Rejected	 183	 219	
701	 6.2917123e-01	 +7.3020847e-02 -1.1595763e-03	 8.11e-01 Accepted	 183	 219	
702	 6.2922007e-01	 +7.1521851e-02 +6.0138598e-04	 1.12e+00 Accepted	 183	 219	
703	 6.2944231e-01	 +7.2801623e-02 +9.0020401e-04	 2.11e+00 Accepted	 184	 220	
704	 6.2939065e-01	 +7.4589168e-02 +3.2932461e-04	 1.18e+00 Accepted	 183	 220	
705	 6.2928892e-01	 +7.2862072e-02 +5.6111805e-04	 8.21e-01 Accepted	 183	 220	
706	 6.2936180e-01	 +7.2022865e-02 -1.2280160e-04	 1.21e+00 Accepted	 184	 219	
707	 6.2932608e-01	 +7.2311362e-02 +8.0696241e-04	 1.06e+00 Accepted	 183	 220	
708	 6.2932608e-01	 +7.2311362e-02 +8.0696241e-04	 6.07e-01 Rejected	 184	 220	
709	 6.2940663e-01	 +7.0923316e-02 -1.1065170e-03	 9.80e-01 Accepted	 183	 220	
710	 6.2915168e-01	 +7.1442944e-02 -1.7368378e-03	 8.78e-01 Accepted	 183	 220	
711	 6.2915835e-01	 +7.1767654e-02 +2.0811154e-03	 9.90e-01 Accepted	 183	 219	
712	 6.2915835e-01	 +7.1767654e-02 +2.0811154e-03	 9.17e-01 Rejected	 183	 219	
713	 6.2883536e-01	 +7.2982108e-02 +1.8980456e-04	 8.30e-01 Accepted	 183	 220	
714	 6.2891738e-01	 +7.2629020e-02 -1.2200432e-04	 1.13e+00 Accepted	 184	 223	
715	 6.2902960e-01	 +7.1665795e-02 +1.5467167e-03	 1.32e+00 Accepted	 185	 219	
716	 6.2875332e-01	 +6.9331583e-02 -2.4822454e-03	 6.16e-01 Accepted	 184	 219	
717	 6.2877779e-01	 +7.2126967e-02 -6.8275293e-04	 8.95e-01 Accepted	 182	 219	
718	 6.2871879e-01	 +7.3254205e-02 +1.1953152e-03	 7.55e-01 Accepted	 182	 219	
719	 6.2881554e-01	 +7.1973465e-02 +8.7449606e-04	 1.03e+00 Accepted	 183	 219	
720	 6.2897544e-01	 +6.9276556e-02 -5.1420450e-04	 1.29e+00 Accepted	 184	 220	
721	 6.2904149e-01	 +7.2201083e-02 +1.9562087e-03	 1.29e+00 Accepted	 183	 219	
722	 6.2904149e-01	 +7.2201083e-02 +1.9562087e-03	 5.54e-01 Rejected	 183	 219	
723	 6.2899822e-01	 +7.1442821e-02 -8.3994957e-04	 8.90e-01 Accepted	 183	 220	
724	 6.2908257e-01	 +7.2572655e-02 +9.7918981e-04	 8.81e-01 Accepted	 183	 220	
725	 6.2901113e-01	 +7.3365161e-02 +1.7930302e-03	 1.37e+00 Accepted	 183	 219	
726	 6.2910009e-01	 +7.5021070e-02 -7.6147504e-04	 1.41e+00 Accepted	 183	 219	
727	 6.2920375e-01	 +7.4949137e-02 -7.7584134e-04	 1.09e+00 Accepted	 183	 220	
728	 6.2896163e-01	 +7.7754684e-02 +3.4531867e-04	 6.69e-01 Accepted	 183	 219	
729	 6.2921069e-01	 +7.8467807e-02 +1.4267439e-03	 1.64e+00 Accepted	 182	 219	
730	 6.2901070e-01	 +7.5175894e-02 +3.4354500e-04	 1.28e+00 Accepted	 183	 220	
731	 6.2909499e-01	 +7.5308623e-02 +6.7391868e-05	 1.21e+00 Accepted	 183	 219	
732	 6.2918916e-01	 +7.7246878e-02 +1.3734369e-03	 1.57e+00 Accepted	 183	 221	
733	 6.2912636e-01	 +7.8191939e-02 +6.5603370e-04	 5.71e-01 Accepted	 184	 220	
734	 6.2895961e-01	 +7.7731142e-02 +1.4910689e-03	 5.95e-01 Accepted	 184	 220	
735	 6.2894389e-01	 +7.6503348e-02 +1.2847269e-03	 1.31e+00 Accepted	 183	 220	
736	 6.2898303e-01	 +7.7688690e-02 +1.0240348e-03	 1.12e+00 Accepted	 183	 219	
737	 6.2898303e-01	 +7.7688690e-02 +1.0240348e-03	 6.93e-01 Rejected	 183	 220	
738	 6.2898303e-01	 +7.7688690e-02 +1.0240348e-03	 7.82e-01 Rejected	 183	 219	
739	 6.2911226e-01	 +7.5593885e-02 +1.2119891e-03	 1.32e+00 Accepted	 183	 219	
740	 6.2885348e-01	 +7.7339091e-02 +3.0421780e-03	 8.41e-01 Accepted	 183	 220	
741	 6.2867899e-01	 +7.3843287e-02 +1.6100829e-03	 5.83e-01 Accepted	 183	 221	
742	 6.2900326e-01	 +7.6558395e-02 +1.6927465e-04	 1.26e+00 Accepted	 185	 224	
743	 6.2900326e-01	 +7.6558395e-02 +1.6927465e-04	 7.65e-01 Rejected	 186	 229	
744	 6.2908881e-01	 +7.5781045e-02 -3.9793556e-04	 1.05e+00 Accepted	 186	 220	
745	 6.2914909e-01	 +7.3587079e-02 +9.4536961e-04	 1.07e+00 Accepted	 183	 220	
746	 6.2887323e-01	 +7.5559237e-02 +1.0391585e-03	 8.41e-01 Accepted	 184	 218	
747	 6.2907920e-01	 +7.4925395e-02 +5.6290516e-04	 1.24e+00 Accepted	 183	 219	
748	 6.2898821e-01	 +7.4078381e-02 +1.3876519e-04	 1.11e+00 Accepted	 184	 219	
749	 6.2894717e-01	 +7.2441272e-02 +1.1429404e-03	 1.23e+00 Accepted	 183	 219	
750	 6.2891092e-01	 +7.2527051e-02 +7.7225899e-04	 9.61e-01 Accepted	 184	 219	
751	 6.2891092e-01	 +7.2527051e-02 +7.7225899e-04	 7.88e-01 Rejected	 183	 219	
752	 6.2891092e-01	 +7.2527051e-02 +7.7225899e-04	 5.98e-01 Rejected	 184	 219	
753	 6.2897552e-01	 +7.2882739e-02 +1.9846601e-04	 9.95e-01 Accepted	 187	 237	
754	 6.2878797e-01	 +7.3589738e-02 +9.5283307e-04	 6.76e-01 Accepted	 188	 219	
755	 6.2878672e-01	 +7.3217732e-02 +9.1344060e-04	 1.38e+00 Accepted	 183	 225	
756	 6.2880225e-01	 +7.3649180e-02 -7.9419187e-04	 8.44e-01 Accepted	 188	 220	
757	 6.2883923e-01	 +7.2201244e-02 +5.8505873e-04	 8.42e-01 Accepted	 183	 220	
758	 6.2902529e-01	 +7.6146734e-02 -2.9263936e-04	 1.30e+00 Accepted	 183	 218	
759	 6.2884168e-01	 +7.6561794e-02 +4.3006658e-04	 8.59e-01 Accepted	 182	 220	
760	 6.2895422e-01	 +7.3897907e-02 +2.8619126e-03	 1.40e+00 Accepted	 182	 219	
761	 6.2901038e-01	 +7.4615067e-02 +9.0849193e-04	 1.19e+00 Accepted	 183	 219	
762	 6.2895451e-01	 +7.3174404e-02 +6.8662177e-04	 7.56e-01 Accepted	 183	 219	
763	 6.2899789e-01	 +7.5292250e-02 +5.7837603e-04	 1.28e+00 Accepted	 185	 225	
764	 6.2917301e-01	 +7.4826105e-02 +1.7425882e-03	 1.06e+00 Accepted	 184	 220	
765	 6.2922114e-01	 +7.7747703e-02 +3.0675646e-06	 8.60e-01 Accepted	 183	 220	
766	 6.2936172e-01	 +7.8729868e-02 +3.5081039e-04	 9.77e-01 Accepted	 185	 220	
767	 6.2927205e-01	 +7.6577917e-02 +5.2097701e-04	 8.16e-01 Accepted	 188	 220	
768	 6.2926525e-01	 +7.4821041e-02 +2.1494472e-03	 1.15e+00 Accepted	 184	 222	
769	 6.2925859e-01	 +7.5545804e-02 +2.4627723e-04	 6.33e-01 Accepted	 184	 227	
770	 6.2914099e-01	 +7.8180287e-02 +2.1859551e-04	 8.47e-01 Accepted	 186	 220	
771	 6.2917511e-01	 +7.6175805e-02 -6.5036950e-04	 8.31e-01 Accepted	 182	 219	
772	 6.2923862e-01	 +7.7831749e-02 +1.7647828e-04	 1.80e+00 Accepted	 183	 219	
773	 6.2911289e-01	 +7.2049584e-02 -3.9436285e-04	 7.96e-01 Accepted	 184	 220	
774	 6.2903780e-01	 +7.7258112e-02 -4.2353528e-04	 1.00e+00 Accepted	 183	 219	
775	 6.2898623e-01	 +7.7123879e-02 +1.3516052e-03	 1.07e+00 Accepted	 183	 219	
776	 6.2901522e-01	 +7.3888210e-02 +3.9747729e-04	 9.55e-01 Accepted	 184	 219	
777	 6.2890403e-01	 +7.5984478e-02 +5.2629848e-04	 7.62e-01 Accepted	 183	 219	
778	 6.2898473e-01	 +7.6403706e-02 +6.6845039e-04	 8.40e-01 Accepted	 186	 223	
779	 6.2898509e-01	 +7.4842833e-02 +2.5907578e-03	 8.95e-01 Accepted	 184	 224	
780	 6.2919242e-01	 +7.5959538e-02 +1.2781425e-03	 1.10e+00 Accepted	 186	 219	
781	 6.2914618e-01	 +7.6573580e-02 +2.7424231e-03	 8.61e-01 Accepted	 183	 218	
782	 6.2906214e-01	 +7.5499038e-02 +1.3361959e-03	 1.02e+00 Accepted	 183	 219	
783	 6.2897732e-01	 +7.6010679e-02 +1.8729826e-03	 7.18e-01 Accepted	 183	 220	
784	 6.2871391e-01	 +7.5043763e-02 +1.9946695e-03	 5.27e-01 Accepted	 187	 254	
785	 6.2885006e-01	 +7.6381054e-02 +1.3445481e-03	 1.08e+00 Accepted	 203	 278	
786	 6.2899007e-01	 +7.9213398e-02 -1.5330677e-03	 1.82e+00 Accepted	 210	 219	
787	 6.2900580e-01	 +7.8268470e-02 -2.6765086e-04	 1.03e+00 Accepted	 183	 218	
788	 6.2900580e-01	 +7.8268470e-02 -2.6765086e-04	 7.69e-01 Rejected	 183	 218	
789	 6.2900580e-01	 +7.8268470e-02 -2.6765086e-04	 5.78e-01 Rejected	 182	 219	
790	 6.2898460e-01	 +7.8446723e-02 +1.5066614e-03	 1.12e+00 Accepted	 183	 219	
791	 6.2903297e-01	 +7.9002643e-02 +9.3622016e-04	 9.40e-01 Accepted	 186	 249	
792	 6.2909196e-01	 +7.6610868e-02 +1.7055629e-03	 8.69e-01 Accepted	 196	 227	
793	 6.2909196e-01	 +7.6610868e-02 +1.7055629e-03	 7.84e-01 Rejected	 187	 222	
794	 6.2891885e-01	 +7.8442874e-02 +1.1483188e-03	 9.31e-01 Accepted	 186	 219	
795	 6.2915108e-01	 +7.8053722e-02 +2.7937877e-03	 1.42e+00 Accepted	 183	 224	
796	 6.2920692e-01	 +7.6601569e-02 +2.1575501e-03	 1.26e+00 Accepted	 185	 220	
797	 6.2919308e-01	 +7.7678184e-02 +6.2780903e-04	 1.01e+00 Accepted	 183	 220	
798	 6.2909648e-01	 +7.6905509e-02 +1.7465430e-03	 1.03e+00 Accepted	 183	 219	
799	 6.2926236e-01	 +7.8542158e-02 +4.3458092e-04	 1.21e+00 Accepted	 183	 220	
800	 6.2928314e-01	 +7.8501328e-02 +1.5711822e-03	 1.14e+00 Accepted	 184	 219	
801	 6.2933065e-01	 +7.6886690e-02 +1.9240284e-03	 1.18e+00 Accepted	 183	 219	
802	 6.2925188e-01	 +7.6865851e-02 +1.3304536e-03	 1.04e+00 Accepted	 184	 219	
803	 6.2917948e-01	 +7.7916872e-02 +2.7872489e-03	 8.55e-01 Accepted	 183	 219	
804	 6.2922697e-01	 +7.9157294e-02 +1.9855235e-03	 9.50e-01 Accepted	 186	 232	
805	 6.2926779e-01	 +8.2657725e-02 +2.7007636e-03	 1.55e+00 Accepted	 187	 221	
806	 6.2926779e-01	 +8.2657725e-02 +2.7007636e-03	 8.10e-01 Rejected	 188	 232	
807	 6.2935082e-01	 +8.0745871e-02 -2.7686401e-04	 7.36e-01 Accepted	 184	 219	
808	 6.2935082e-01	 +8.0745871e-02 -2.7686401e-04	 6.12e-01 Rejected	 183	 219	
809	 6.2932534e-01	 +8.0278859e-02 -4.5385428e-05	 1.05e+00 Accepted	 183	 220	
810	 6.2927666e-01	 +8.2913334e-02 +1.6985796e-03	 9.25e-01 Accepted	 184	 227	
811	 6.2935448e-01	 +7.9030241e-02 +2.0220119e-03	 1.17e+00 Accepted	 187	 220	
812	 6.2929443e-01	 +7.9063023e-02 -5.7485691e-04	 6.79e-01 Accepted	 183	 218	
813	 6.2929443e-01	 +7.9063023e-02 -5.7485691e-04	 6.65e-01 Rejected	 187	 231	
814	 6.2914955e-01	 +8.0301841e-02 +8.9263360e-04	 7.06e-01 Accepted	 183	 219	
815	 6.2920210e-01	 +7.8827571e-02 -2.7880711e-03	 1.72e+00 Accepted	 183	 218	
816	 6.2927103e-01	 +8.0712921e-02 -4.7494898e-04	 1.76e+00 Accepted	 183	 219	
817	 6.2927103e-01	 +8.0712921e-02 -4.7494898e-04	 9.16e-01 Rejected	 183	 219	
818	 6.2908111e-01	 +7.8632591e-02 -1.0209490e-03	 1.15e+00 Accepted	 184	 219	
819	 6.2894806e-01	 +8.0693873e-02 -4.8432707e-04	 8.50e-01 Accepted	 182	 218	
820	 6.2891668e-01	 +8.0300123e-02 -9.6002932e-04	 8.20e-01 Accepted	 183	 218	
821	 6.2888987e-01	 +8.2716616e-02 -1.3457095e-04	 1.64e+00 Accepted	 183	 228	
822	 6.2899646e-01	 +8.0239827e-02 +1.4000646e-03	 1.13e+00 Accepted	 186	 220	
823	 6.2889111e-01	 +7.8026751e-02 +4.3872643e-04	 7.88e-01 Accepted	 185	 219	
824	 6.2911483e-01	 +7.7529874e-02 +2.1063626e-04	 1.48e+00 Accepted	 184	 220	
825	 6.2901425e-01	 +7.6523542e-02 +6.8707336e-04	 8.20e-01 Accepted	 183	 221	
826	 6.2911806e-01	 +7.5458977e-02 -3.5214310e-04	 1.42e+00 Accepted	 184	 220	
827	 6.2914696e-01	 +7.9003063e-02 +5.7656963e-04	 1.36e+00 Accepted	 183	 219	
828	 6.2919111e-01	 +7.7739958e-02 -3.8135808e-04	 9.63e-01 Accepted	 183	 220	
829	 6.2908467e-01	 +7.5962448e-02 +1.2878420e-03	 8.70e-01 Accepted	 183	 219	
830	 6.2907565e-01	 +7.6068085e-02 -7.4924535e-04	 1.14e+00 Accepted	 183	 220	
831	 6.2930607e-01	 +7.5893939e-02 +1.5559559e-03	 1.15e+00 Accepted	 183	 220	
832	 6.2930607e-01	 +7.5893939e-02 +1.5559559e-03	 4.38e-01 Rejected	 183	 220	
833	 6.2909829e-01	 +7.7650931e-02 +1.1926196e-03	 5.74e-01 Accepted	 183	 220	
834	 6.2904450e-01	 +7.3973649e-02 -3.6262949e-04	 7.94e-01 Accepted	 184	 220	
835	 6.2923626e-01	 +7.7975481e-02 -8.5677379e-04	 1.37e+00 Accepted	 183	 218	
836	 6.2911794e-01	 +7.5086980e-02 -1.3362544e-03	 7.48e-01 Accepted	 183	 220	
837	 6.2939614e-01	 +7.7563268e-02 +6.1938810e-05	 1.23e+00 Accepted	 183	 219	
838	 6.2919137e-01	 +7.7341350e-02 -6.6526060e-04	 8.99e-01 Accepted	 183	 220	
839	 6.2915091e-01	 +7.5084981e-02 -1.4589960e-03	 9.04e-01 Accepted	 183	 220	
840	 6.2926692e-01	 +7.6901697e-02 -1.3163654e-03	 1.03e+00 Accepted	 184	 219	
841	 6.2931037e-01	 +7.5055810e-02 -1.5411873e-03	 9.86e-01 Accepted	 182	 218	
842	 6.2941269e-01	 +7.6815926e-02 -2.1153710e-03	 1.40e+00 Accepted	 183	 219	
843	 6.2941657e-01	 +7.8778008e-02 -2.0514190e-03	 8.64e-01 Accepted	 183	 224	
844	 6.2933209e-01	 +7.5722114e-02 -1.7444991e-03	 8.92e-01 Accepted	 186	 220	
845	 6.2954637e-01	 +7.4833661e-02 +1.9124312e-04	 1.23e+00 Accepted	 183	 220	
846	 6.2950424e-01	 +7.5781049e-02 -1.3114606e-03	 1.09e+00 Accepted	 184	 220	
847	 6.2950424e-01	 +7.5781049e-02 -1.3114606e-03	 8.90e-01 Rejected	 183	 220	
848	 6.2927854e-01	 +7.4667719e-02 -2.4900725e-03	 6.50e-01 Accepted	 184	 220	
849	 6.2919734e-01	 +7.4445366e-02 -1.8266876e-03	 8.53e-01 Accepted	 183	 219	
850	 6.2924324e-01	 +7.6363065e-02 -2.2635538e-03	 7.56e-01 Accepted	 183	 220	
851	 6.2922269e-01	 +7.3847737e-02 -1.2999757e-03	 1.14e+00 Accepted	 183	 220	
852	 6.2931275e-01	 +7.5490009e-02 -1.7930221e-03	 8.88e-01 Accepted	 184	 220	
853	 6.2929835e-01	 +7.3213870e-02 -1.4646372e-03	 1.05e+00 Accepted	 183	 220	
854	 6.2916580e-01	 +7.2257503e-02 +2.5534310e-04	 8.29e-01 Accepted	 183	 219	
855	 6.2906449e-01	 +7.6184616e-02 +5.9995040e-04	 8.41e-01 Accepted	 183	 220	
856	 6.2926823e-01	 +7.4348859e-02 -2.6603019e-03	 1.87e+00 Accepted	 184	 220	
857	 6.2931062e-01	 +7.4546144e-02 -2.9799064e-03	 9.67e-01 Accepted	 183	 220	
858	 6.2935925e-01	 +7.6581990e-02 +3.5465687e-04	 7.10e-01 Accepted	 182	 219	
859	 6.2927517e-01	 +7.3776938e-02 -1.5525932e-03	 1.27e+00 Accepted	 184	 237	
860	 6.2918266e-01	 +7.3387761e-02 -1.0180261e-03	 5.70e-01 Accepted	 200	 273	
861	 6.2913763e-01	 +7.4635820e-02 +1.4280778e-03	 8.26e-01 Accepted	 211	 263	
862	 6.2900611e-01	 +7.3261521e-02 +3.2769446e-03	 9.78e-01 Accepted	 211	 261	
863	 6.2888695e-01	 +7.4315419e-02 +2.6339804e-03	 6.65e-01 Accepted	 197	 220	
864	 6.2902373e-01	 +7.6152258e-02 +2.4356298e-04	 1.35e+00 Accepted	 183	 219	
865	 6.2902373e-01	 +7.6152258e-02 +2.4356298e-04	 7.19e-01 Rejected	 183	 219	
866	 6.2895022e-01	 +7.6861254e-02 +1.4608846e-03	 1.15e+00 Accepted	 186	 224	
867	 6.2918664e-01	 +7.5350273e-02 +1.6009775e-03	 1.67e+00 Accepted	 188	 252	
868	 6.2918664e-01	 +7.5350273e-02 +1.6009775e-03	 6.91e-01 Rejected	 203	 240	
869	 6.2918664e-01	 +7.5350273e-02 +1.6009775e-03	 6.61e-01 Rejected	 205	 267	
870	 6.2927845e-01	 +7.2875288e-02 +2.0765995e-03	 8.90e-01 Accepted	 205	 248	
871	 6.2913856e-01	 +7.5895758e-02 -2.2384820e-04	 6.64e-01 Accepted	 190	 218	
872	 6.2913856e-01	 +7.5895758e-02 -2.2384820e-04	 8.26e-01 Rejected	 183	 218	
873	 6.2927100e-01	 +7.5461175e-02 -1.5333976e-03	 1.33e+00 Accepted	 183	 219	
874	 6.2927100e-01	 +7.5461175e-02 -1.5333976e-03	 6.32e-01 Rejected	 183	 219	
875	 6.2922071e-01	 +7.5078041e-02 -2.9971171e-03	 9.34e-01 Accepted	 183	 219	
876	 6.2922071e-01	 +7.5078041e-02 -2.9971171e-03	 7.94e-01 Rejected	 184	 219	
877	 6.2884894e-01	 +7.5886746e-02 -1.0417940e-03	 7.28e-01 Accepted	 183	 219	
878	 6.2904976e-01	 +7.6758879e-02 -1.8988514e-03	 1.13e+00 Accepted	 183	 220	
879	 6.2908734e-01	 +7.6294304e-02 -1.2385070e-03	 9.01e-01 Accepted	 183	 219	
880	 6.2922590e-01	 +7.7962288e-02 +7.0986579e-04	 1.68e+00 Accepted	 183	 219	
881	 6.2928349e-01	 +8.0202856e-02 +2.0789234e-04	 7.22e-01 Accepted	 183	 219	
882	 6.2909019e-01	 +7.9521616e-02 -6.0752558e-04	 1.22e+00 Accepted	 183	 219	
883	 6.2916857e-01	 +7.8419603e-02 -1.3248457e-04	 1.09e+00 Accepted	 182	 218	
884	 6.2917457e-01	 +7.8503756e-02 +1.1742501e-04	 1.11e+00 Accepted	 185	 237	
885	 6.2928842e-01	 +7.8297067e-02 -8.9357156e-04	 1.15e+00 Accepted	 193	 220	
886	 6.2898970e-01	 +7.7570698e-02 +5.0408997e-04	 6.41e-01 Accepted	 184	 219	
887	 6.2903065e-01	 +7.8326631e-02 +1.1682701e-03	 1.01e+00 Accepted	 183	 219	
888	 6.2911581e-01	 +7.7221922e-02 -1.7211031e-03	 1.25e+00 Accepted	 184	 219	
889	 6.2897694e-01	 +7.9116686e-02 +4.2178359e-04	 7.93e-01 Accepted	 183	 220	
890	 6.2904416e-01	 +7.9020518e-02 -1.2125976e-03	 8.72e-01 Accepted	 183	 218	
891	 6.2904416e-01	 +7.9020518e-02 -1.2125976e-03	 8.45e-01 Rejected	 182	 218	
892	 6.2916072e-01	 +7.9123041e-02 -8.7503218e-04	 1.39e+00 Accepted	 183	 219	
893	 6.2904824e-01	 +7.7840263e-02 -8.5362207e-05	 8.58e-01 Accepted	 183	 219	
894	 6.2911077e-01	 +7.8024310e-02 +1.0162697e-04	 9.33e-01 Accepted	 183	 218	
895	 6.2924852e-01	 +7.6792406e-02 +5.8805477e-05	 1.29e+00 Accepted	 183	 218	
896	 6.2924852e-01	 +7.6792406e-02 +5.8805477e-05	 8.07e-01 Rejected	 182	 219	
897	 6.2916429e-01	 +7.7987411e-02 -4.9127256e-04	 9.26e-01 Accepted	 182	 218	
898	 6.2908137e-01	 +7.5837276e-02 +2.4346158e-03	 1.19e+00 Accepted	 184	 218	
899	 6.2888685e-01	 +7.8279050e-02 +1.5133836e-03	 7.29e-01 Accepted	 183	 219	
900	 6.2890520e-01	 +7.7212570e-02 +1.5100147e-04	 1.22e+00 Accepted	 184	 219	
901	 6.2908240e-01	 +7.5264084e-02 +5.8118226e-04	 1.37e+00 Accepted	 182	 220	
# Starting_type: CheckpointStart
# Trajectory_length / Number_of_MD_steps: 1 / 8
# 	 Plaquette	 Polyakov_Loop(re,im)	 Acc._Probability	 runtime_per_traj(s)	 CG_iterations	
901	 6.2908240e-01	 +7.5264084e-02 +5.8118226e-04	 1.37e+00 Accepted	 184	 220	
902	 6.2909286e-01	 +7.3407471e-02 -4.5905980e-04	 1.28e+00 Accepted	 184	 218	
903	 6.2910647e-01	 +7.3583317e-02 +5.8078645e-04	 7.45e-01 Accepted	 183	 219	
904	 6.2901285e-01	 +7.2438306e-02 -2.4036131e-04	 6.53e-01 Accepted	 183	 219	
905	 6.2893876e-01	 +7.3593720e-02 -2.7019764e-04	 1.45e+00 Accepted	 182	 220	
906	 6.2894615e-01	 +7.4760709e-02 -8.8660729e-06	 1.25e+00 Accepted	 184	 219	
907	 6.2889580e-01	 +7.5822500e-02 +2.0183276e-03	 8.38e-01 Accepted	 182	 219	
908	 6.2896306e-01	 +7.5362821e-02 +2.2906447e-03	 1.42e+00 Accepted	 183	 218	
909	 6.2907601e-01	 +7.4030091e-02 +1.1939363e-03	 1.12e+00 Accepted	 182	 219	
910	 6.2917023e-01	 +7.8005014e-02 +1.0874433e-03	 1.22e+00 Accepted	 183	 218	
911	 6.2938969e-01	 +7.7248660e-02 +2.1631691e-03	 1.09e+00 Accepted	 183	 218	
912	 6.2923970e-01	 +7.4333751e-02 +6.7845620e-04	 7.20e-01 Accepted	 183	 219	
913	 6.2933055e-01	 +7.5096980e-02 +1.5497796e-03	 1.16e+00 Accepted	 182	 219	
914	 6.2934703e-01	 +7.6041690e-02 +3.3512942e-04	 7.74e-01 Accepted	 183	 218	
915	 6.2936301e-01	 +7.5601429e-02 -1.3507241e-04	 8.70e-01 Accepted	 182	 218	
916	 6.2944208e-01	 +7.3739048e-02 +8.8775195e-04	 1.24e+00 Accepted	 183	 218	
917	 6.2944022e-01	 +7.3985083e-02 +4.8768593e-04	 9.16e-01 Accepted	 182	 219	
918	 6.2947632e-01	 +7.3531576e-02 -1.6248578e-04	 1.25e+00 Accepted	 183	 220	
919	 6.2935763e-01	 +7.2616383e-02 -2.3742555e-04	 1.26e+00 Accepted	 183	 219	
920	 6.2915242e-01	 +7.2363242e-02 -5.6906232e-04	 6.20e-01 Accepted	 183	 219	
921	 6.2920436e-01	 +7.3726158e-02 -6.4081675e-04	 1.08e+00 Accepted	 183	 219	
922	 6.2920436e-01	 +7.3726158e-02 -6.4081675e-04	 6.68e-01 Rejected	 183	 219	
923	 6.2911802e-01	 +7.1980446e-02 +1.5000320e-03	 8.66e-01 Accepted	 182	 219	
924	 6.2931626e-01	 +7.1569309e-02 +3.4866791e-04	 1.05e+00 Accepted	 182	 218	
925	 6.2923455e-01	 +7.5237282e-02 +1.0389496e-03	 7.26e-01 Accepted	 183	 224	
926	 6.2923455e-01	 +7.5237282e-02 +1.0389496e-03	 8.51e-01 Rejected	 187	 219	
927	 6.2921041e-01	 +7.4412421e-02 +1.6031575e-03	 1.19e+00 Accepted	 184	 219	
928	 6.2921041e-01	 +7.4412421e-02 +1.6031575e-03	 5.40e-01 Rejected	 183	 219	
929	 6.2932141e-01	 +7.6550524e-02 +2.3787643e-03	 1.36e+00 Accepted	 182	 218	
930	 6.2930905e-01	 +7.5605279e-02 +1.7209441e-05	 7.91e-01 Accepted	 183	 219	
931	 6.2929284e-01	 +7.2673376e-02 +5.6952153e-05	 1.56e+00 Accepted	 182	 219	
932	 6.2900211e-01	 +7.3280889e-02 +7.6718435e-04	 8.61e-01 Accepted	 182	 218	
933	 6.2894259e-01	 +7.5936442e-02 -4.5591971e-04	 8.33e-01 Accepted	 182	 219	
934	 6.2902668e-01	 +7.7880559e-02 +4.4233363e-04	 1.22e+00 Accepted	 183	 218	
935	 6.2935665e-01	 +7.6461374e-02 +4.5761304e-04	 1.25e+00 Accepted	 182	 218	
936	 6.2935665e-01	 +7.6461374e-02 +4.5761304e-04	 6.50e-01 Rejected	 183	 218	
937	 6.2914643e-01	 +7.8968000e-02 +1.5805875e-03	 7.88e-01 Accepted	 182	 218	
938	 6.2914643e-01	 +7.8968000e-02 +1.5805875e-03	 3.96e-01 Rejected	 183	 219	
939	 6.2910479e-01	 +7.8362257e-02 -7.9953745e-04	 6.82e-01 Accepted	 182	 219	
940	 6.2904480e-01	 +8.1355942e-02 -3.7694247e-04	 1.05e+00 Accepted	 183	 219	
941	 6.2886781e-01	 +7.9056129e-02 -1.8420455e-04	 1.01e+00 Accepted	 183	 219	
942	 6.2896557e-01	 +8.2450644e-02 -3.1419592e-04	 1.37e+00 Accepted	 187	 251	
943	 6.2896228e-01	 +7.9685156e-02 -3.5643934e-04	 9.70e-01 Accepted	 208	 278	
944	 6.2896228e-01	 +7.9685156e-02 -3.5643934e-04	 6.35e-01 Rejected	 207	 218	
945	 6.2899610e-01	 +8.0850164e-02 +4.1641233e-04	 1.04e+00 Accepted	 201	 218	
946	 6.2899610e-01	 +8.0850164e-02 +4.1641233e-04	 7.82e-01 Rejected	 183	 218	
947	 6.2911757e-01	 +8.2184045e-02 -1.0863245e-03	 1.10e+00 Accepted	 182	 218	
948	 6.2908034e-01	 +7.9652694e-02 -1.3156358e-03	 1.06e+00 Accepted	 182	 218	
949	 6.2917784e-01	 +7.7411233e-02 -1.0640048e-03	 1.32e+00 Accepted	 182	 218	
950	 6.2905441e-01	 +7.7713606e-02 +8.2888059e-04	 1.10e+00 Accepted	 182	 218	
951	 6.2904824e-01	 +7.8149730e-02 +3.6348281e-05	 1.24e+00 Accepted	 182	 220	
952	 6.2892447e-01	 +7.8191809e-02 -7.0389490e-04	 1.09e+00 Accepted	 182	 218	
953	 6.2914064e-01	 +7.8964315e-02 +1.5995143e-03	 9.51e-01 Accepted	 182	 218	
954	 6.2918762e-01	 +7.8423975e-02 -4.4585446e-04	 1.29e+00 Accepted	 183	 219	
955	 6.2903444e-01	 +7.6970007e-02 -3.5276206e-04	 7.52e-01 Accepted	 183	 218	
956	 6.2920664e-01	 +7.9254981e-02 -9.8396830e-04	 1.23e+00 Accepted	 182	 218	
957	 6.2910802e-01	 +8.3415304e-02 +1.0100487e-03	 7.24e-01 Accepted	 182	 218	
958	 6.2913873e-01	 +8.0632441e-02 -8.0705632e-04	 1.21e+00 Accepted	 183	 219	
959	 6.2916324e-01	 +7.9470816e-02 +8.9155859e-04	 9.01e-01 Accepted	 185	 233	
960	 6.2945173e-01	 +8.0364927e-02 -1.2693070e-03	 1.46e+00 Accepted	 186	 218	
961	 6.2945173e-01	 +8.0364927e-02 -1.2693070e-03	 5.90e-01 Rejected	 182	 219	
962	 6.2945173e-01	 +8.0364927e-02 -1.2693070e-03	 7.46e-01 Rejected	 183	 218	
963	 6.2945173e-01	 +8.0364927e-02 -1.2693070e-03	 6.36e-01 Rejected	 182	 218	
964	 6.2948007e-01	 +8.0686630e-02 -1.1385438e-03	 8.71e-01 Accepted	 182	 218	
965	 6.2923395e-01	 +7.9700466e-02 -4.8284497e-04	 8.78e-01 Accepted	 182	 218	
966	 6.2931349e-01	 +8.0157340e-02 -1.6481142e-03	 7.98e-01 Accepted	 183	 218	
967	 6.2931026e-01	 +7.8270498e-02 -2.6096748e-03	 1.11e+00 Accepted	 182	 218	
968	 6.2908983e-01	 +7.7263489e-02 -7.5426437e-04	 5.32e-01 Accepted	 182	 218	
969	 6.2896571e-01	 +7.9887432e-02 -1.2086259e-03	 6.63e-01 Accepted	 182	 218	
970	 6.2909134e-01	 +7.9169458e-02 +1.0019680e-03	 1.58e+00 Accepted	 183	 218	
971	 6.2897365e-01	 +7.6848506e-02 -2.2592543e-03	 9.27e-01 Accepted	 182	 219	
972	 6.2912202e-01	 +7.9152107e-02 -5.4000873e-04	 1.12e+00 Accepted	 184	 219	
973	 6.2912163e-01	 +8.1007697e-02 -1.6176202e-03	 1.24e+00 Accepted	 182	 218	
974	 6.2891659e-01	 +7.9649786e-02 -3.1549814e-04	 9.78e-01 Accepted	 183	 221	
975	 6.2893579e-01	 +8.3020273e-02 -9.5186967e-04	 1.16e+00 Accepted	 183	 218	
976	 6.2902436e-01	 +8.3817937e-02 +8.5176272e-04	 1.22e+00 Accepted	 182	 217	
977	 6.2899978e-01	 +8.5676318e-02 +3.0714941e-04	 1.03e+00 Accepted	 181	 217	
978	 6.2910446e-01	 +8.2719038e-02 +9.1829392e-04	 1.25e+00 Accepted	 182	 217	
979	 6.2884107e-01	 +8.3457329e-02 -3.4097836e-04	 8.17e-01 Accepted	 181	 218	
980	 6.2885309e-01	 +8.1647824e-02 -2.7822914e-05	 1.07e+00 Accepted	 185	 229	
981	 6.2886070e-01	 +8.3202245e-02 -1.0811680e-03	 1.02e+00 Accepted	 199	 259	
982	 6.2905688e-01	 +8.1451067e-02 -1.2658805e-03	 1.44e+00 Accepted	 199	 218	
983	 6.2909061e-01	 +8.3578601e-02 +2.8762121e-04	 1.16e+00 Accepted	 183	 229	
984	 6.2905723e-01	 +8.3852358e-02 -2.3056295e-03	 8.21e-01 Accepted	 186	 218	
985	 6.2889013e-01	 +8.1386302e-02 -3.7607044e-04	 9.20e-01 Accepted	 184	 233	
986	 6.2898871e-01	 +8.2768165e-02 -1.7977730e-03	 1.46e+00 Accepted	 191	 235	
987	 6.2898871e-01	 +8.2768165e-02 -1.7977730e-03	 8.28e-01 Rejected	 198	 274	
988	 6.2905436e-01	 +8.2441176e-02 +3.0149572e-04	 7.79e-01 Accepted	 193	 248	
989	 6.2901344e-01	 +8.0799883e-02 +1.4688234e-03	 8.84e-01 Accepted	 198	 217	
990	 6.2909338e-01	 +8.1759380e-02 +8.5173392e-04	 1.08e+00 Accepted	 182	 218	
991	 6.2914379e-01	 +8.2150720e-02 -2.0321073e-04	 8.64e-01 Accepted	 182	 217	
992	 6.2894739e-01	 +8.1541595e-02 +2.0169118e-04	 4.71e-01 Accepted	 182	 218	
993	 6.2897303e-01	 +8.2224816e-02 -7.1369135e-05	 8.44e-01 Accepted	 182	 218	
994	 6.2904701e-01	 +8.2274676e-02 +1.7700616e-03	 1.34e+00 Accepted	 182	 218	
995	 6.2900485e-01	 +8.2369115e-02 -3.2155179e-04	 5.57e-01 Accepted	 185	 220	
996	 6.2911564e-01	 +8.0616911e-02 +9.5498737e-04	 1.21e+00 Accepted	 184	 218	
997	 6.2911564e-01	 +8.0616911e-02 +9.5498737e-04	 6.79e-01 Rejected	 181	 218	
998	 6.2895793e-01	 +8.2309891e-02 -8.0424493e-04	 1.40e+00 Accepted	 182	 217	
999	 6.2897583e-01	 +8.2308607e-02 +1.5817608e-03	 7.03e-01 Accepted	 181	 217	
1000	 6.2909952e-01	 +8.3031349e-02 +9.1229483e-04	 9.16e-01 Accepted	 182	 218	
1001	 6.2911047e-01	 +8.3179801e-02 +4.1254283e-04	 1.11e+00 Accepted	 182	 218	
1002	 6.2888469e-01	 +7.9800975e-02 +8.8346825e-04	 5.38e-01 Accepted	 182	 217	
1003	 6.2903685e-01	 +8.1313265e-02 +1.1062041e-03	 1.80e+00 Accepted	 181	 218	
1004	 6.2903829e-01	 +8.1384876e-02 -1.1991811e-03	 7.60e-01 Accepted	 183	 218	
1005	 6.2899908e-01	 +8.2987763e-02 +1.3899218e-04	 8.89e-01 Accepted	 182	 218	
1006	 6.2914911e-01	 +8.2865033e-02 +2.2338114e-03	 1.71e+00 Accepted	 182	 217	
1007	 6.2902609e-01	 +8.3276525e-02 -6.7834260e-05	 8.77e-01 Accepted	 183	 231	
1008	 6.2898355e-01	 +8.2834407e-02 +4.9333269e-04	 1.15e+00 Accepted	 187	 217	
1009	 6.2904604e-01	 +8.0786820e-02 -2.3384877e-03	 1.25e+00 Accepted	 183	 218	
1010	 6.2902088e-01	 +8.2839802e-02 -2.4099869e-03	 9.79e-01 Accepted	 189	 261	
1011	 6.2894599e-01	 +8.1826740e-02 +2.4839190e-04	 1.01e+00 Accepted	 205	 280	
1012	 6.2894932e-01	 +8.2930516e-02 -1.1202301e-03	 1.03e+00 Accepted	 209	 221	
1013	 6.2907334e-01	 +8.2097814e-02 -1.1520536e-03	 1.08e+00 Accepted	 183	 217	
1014	 6.2921140e-01	 +8.1749521e-02 +2.6745957e-04	 9.86e-01 Accepted	 182	 218	
1015	 6.2917334e-01	 +8.1830570e-02 +3.3074188e-04	 7.15e-01 Accepted	 181	 217	
1016	 6.2931355e-01	 +8.2365557e-02 -1.7947407e-03	 1.16e+00 Accepted	 182	 217	
1017	 6.2931355e-01	 +8.2365557e-02 -1.7947407e-03	 8.93e-01 Rejected	 182	 217	
1018	 6.2914815e-01	 +8.1251755e-02 -1.3160548e-04	 8.54e-01 Accepted	 182	 217	
1019	 6.2914815e-01	 +8.1251755e-02 -1.3160548e-04	 5.84e-01 Rejected	 181	 216	
1020	 6.2917994e-01	 +7.9756699e-02 +1.4482784e-03	 1.25e+00 Accepted	 182	 216	
1021	 6.2937847e-01	 +8.1189714e-02 +1.5553046e-03	 1.15e+00 Accepted	 182	 217	
1022	 6.2936427e-01	 +8.3322517e-02 +4.6721385e-04	 1.38e+00 Accepted	 182	 217	
1023	 6.2936427e-01	 +8.3322517e-02 +4.6721385e-04	 7.86e-01 Rejected	 181	 219	
1024	 6.2921093e-01	 +8.0056707e-02 -1.2744483e-04	 8.25e-01 Accepted	 182	 218	
1025	 6.2928771e-01	 +8.2952220e-02 +5.2706218e-04	 9.89e-01 Accepted	 181	 218	
1026	 6.2928771e-01	 +8.2952220e-02 +5.2706218e-04	 5.75e-01 Rejected	 183	 218	
1027	 6.2928729e-01	 +8.2796180e-02 +8.5547775e-04	 8.42e-01 Accepted	 182	 218	
1028	 6.2918117e-01	 +8.5566594e-02 +9.2990233e-04	 1.43e+00 Accepted	 182	 216	
1029	 6.2931114e-01	 +8.3262080e-02 +4.2643428e-04	 1.34e+00 Accepted	 181	 220	
1030	 6.2931114e-01	 +8.3262080e-02 +4.2643428e-04	 8.88e-01 Rejected	 184	 217	
1031	 6.2935902e-01	 +8.6543180e-02 -1.1061610e-03	 8.36e-01 Accepted	 189	 228	
1032	 6.2925910e-01	 +8.7468986e-02 +4.3530636e-04	 1.05e+00 Accepted	 192	 256	
1033	 6.2920854e-01	 +8.7901886e-02 -2.9759085e-04	 1.20e+00 Accepted	 209	 274	
1034	 6.2919759e-01	 +8.4374047e-02 +8.6670481e-04	 9.72e-01 Accepted	 206	 227	
1035	 6.2919759e-01	 +8.4374047e-02 +8.6670481e-04	 6.76e-01 Rejected	 185	 217	
1036	 6.2911899e-01	 +8.7204504e-02 -1.4671572e-03	 1.08e+00 Accepted	 188	 216	
1037	 6.2912846e-01	 +8.7122883e-02 +2.8181805e-04	 9.73e-01 Accepted	 187	 261	
1038	 6.2910903e-01	 +8.3752479e-02 +6.9535828e-04	 8.73e-01 Accepted	 205	 257	
1039	 6.2913168e-01	 +8.4311929e-02 -7.9976573e-05	 7.67e-01 Accepted	 204	 255	
1040	 6.2916617e-01	 +8.6823299e-02 -4.4419724e-04	 6.06e-01 Accepted	 199	 228	
1041	 6.2914044e-01	 +8.3889650e-02 +1.2906631e-03	 1.59e+00 Accepted	 187	 222	
1042	 6.2909260e-01	 +8.3625305e-02 -3.9110102e-04	 9.34e-01 Accepted	 184	 217	
1043	 6.2905996e-01	 +8.3228208e-02 +6.9269723e-04	 9.01e-01 Accepted	 181	 217	
1044	 6.2919026e-01	 +8.3204749e-02 +7.9197013e-04	 1.21e+00 Accepted	 183	 218	
1045	 6.2901847e-01	 +8.3939191e-02 +9.1410412e-04	 6.77e-01 Accepted	 183	 217	
1046	 6.2917575e-01	 +8.3768845e-02 +8.8484647e-04	 1.13e+00 Accepted	 181	 216	
1047	 6.2919884e-01	 +8.5306445e-02 +2.4352858e-03	 1.28e+00 Accepted	 181	 217	
1048	 6.2907391e-01	 +8.2123411e-02 +2.5721333e-04	 9.88e-01 Accepted	 184	 241	
1049	 6.2901190e-01	 +8.3505899e-02 +1.2558202e-04	 6.95e-01 Accepted	 187	 216	
1050	 6.2907574e-01	 +8.1369206e-02 -7.9163873e-04	 1.21e+00 Accepted	 182	 216	
1051	 6.2912966e-01	 +7.9843663e-02 -5.4423819e-04	 7.68e-01 Accepted	 182	 219	
1052	 6.2922335e-01	 +8.0629072e-02 -1.5666231e-03	 1.11e+00 Accepted	 183	 217	
1053	 6.2927786e-01	 +8.1511482e-02 +1.4681004e-03	 9.35e-01 Accepted	 181	 216	
1054	 6.2921044e-01	 +8.3479763e-02 +5.5434801e-04	 1.14e+00 Accepted	 182	 218	
1055	 6.2918901e-01	 +8.1295149e-02 +1.7266866e-03	 8.16e-01 Accepted	 184	 226	
1056	 6.2916189e-01	 +8.3109456e-02 +1.5307697e-03	 8.35e-01 Accepted	 195	 265	
1057	 6.2933610e-01	 +8.1230826e-02 +1.4935974e-03	 1.33e+00 Accepted	 209	 286	
1058	 6.2933610e-01	 +8.1230826e-02 +1.4935974e-03	 7.91e-01 Rejected	 210	 217	
1059	 6.2910319e-01	 +8.0462424e-02 -2.2629277e-04	 7.69e-01 Accepted	 217	 237	
1060	 6.2889800e-01	 +7.8913020e-02 +8.5918899e-05	 6.76e-01 Accepted	 188	 217	
1061	 6.2927256e-01	 +7.9651871e-02 -2.0394352e-03	 1.47e+00 Accepted	 182	 218	
1062	 6.2925948e-01	 +8.1310216e-02 +1.3877210e-03	 1.08e+00 Accepted	 182	 216	
1063	 6.2915596e-01	 +7.9226290e-02 -9.2685366e-04	 6.38e-01 Accepted	 181	 216	
1064	 6.2937993e-01	 +7.9739286e-02 -1.0789561e-03	 1.29e+00 Accepted	 182	 218	
1065	 6.2921944e-01	 +8.2560780e-02 +4.2410466e-04	 9.89e-01 Accepted	 182	 216	
1066	 6.2916860e-01	 +8.3500335e-02 +6.3827274e-04	 9.14e-01 Accepted	 181	 217	
1067	 6.2907438e-01	 +8.1665199e-02 +1.6661881e-03	 7.69e-01 Accepted	 181	 216	
1068	 6.2935272e-01	 +8.3369147e-02 -2.8831204e-04	 1.55e+00 Accepted	 181	 216	
1069	 6.2907525e-01	 +8.3622697e-02 +1.7859222e-03	 8.76e-01 Accepted	 181	 217	
1070	 6.2905184e-01	 +8.3143483e-02 -5.6375302e-05	 1.58e+00 Accepted	 182	 216	
1071	 6.2894376e-01	 +8.1494999e-02 +1.8259620e-03	 6.68e-01 Accepted	 181	 216	
1072	 6.2917933e-01	 +8.2147068e-02 +2.0387972e-03	 1.29e+00 Accepted	 181	 217	
1073	 6.2912982e-01	 +8.2930563e-02 +3.0377031e-04	 6.28e-01 Accepted	 181	 221	
1074	 6.2890253e-01	 +8.3543462e-02 +9.4228437e-04	 9.12e-01 Accepted	 185	 218	
1075	 6.2914888e-01	 +8.2583652e-02 -1.6452045e-04	 1.04e+00 Accepted	 182	 217	
1076	 6.2914340e-01	 +8.2211615e-02 +1.0857087e-03	 8.27e-01 Accepted	 182	 217	
1077	 6.2928835e-01	 +8.2679673e-02 +6.3920430e-04	 1.08e+00 Accepted	 181	 218	
1078	 6.2910621e-01	 +8.1111295e-02 +1.0211464e-03	 7.40e-01 Accepted	 182	 216	
1079	 6.2899631e-01	 +8.2382227e-02 -8.5507881e-04	 1.24e+00 Accepted	 182	 218	
1080	 6.2902396e-01	 +8.1857413e-02 -6.7628908e-04	 1.08e+00 Accepted	 182	 217	
1081	 6.2906217e-01	 +8.0699922e-02 -5.5758919e-04	 1.24e+00 Accepted	 180	 216	
1082	 6.2906217e-01	 +8.0699922e-02 -5.5758919e-04	 7.92e-01 Rejected	 181	 217	
1083	 6.2909005e-01	 +8.0230715e-02 +2.2807771e-05	 1.06e+00 Accepted	 182	 218	
1084	 6.2926910e-01	 +7.9786312e-02 -1.4407144e-03	 1.66e+00 Accepted	 182	 217	
1085	 6.2926910e-01	 +7.9786312e-02 -1.4407144e-03	 8.10e-01 Rejected	 182	 217	
1086	 6.2911218e-01	 +7.7581736e-02 -8.2248812e-04	 6.02e-01 Accepted	 182	 218	
1087	 6.2927779e-01	 +8.1590416e-02 -3.6073165e-04	 1.07e+00 Accepted	 181	 217	
1088	 6.2937086e-01	 +8.0246161e-02 +9.3240991e-04	 1.07e+00 Accepted	 182	 218	
1089	 6.2915782e-01	 +8.0090131e-02 -7.3106877e-04	 6.67e-01 Accepted	 181	 216	
1090	 6.2918066e-01	 +8.2657508e-02 -6.0486701e-04	 1.19e+00 Accepted	 181	 217	
1091	 6.2921351e-01	 +8.1492374e-02 +1.3318328e-03	 6.39e-01 Accepted	 181	 217	
1092	 6.2928589e-01	 +8.0545375e-02 +6.0707819e-05	 1.33e+00 Accepted	 182	 217	
1093	 6.2918539e-01	 +7.8121143e-02 -1.1644737e-04	 8.04e-01 Accepted	 182	 217	
1094	 6.2918352e-01	 +7.9013107e-02 +2.9669145e-03	 1.17e+00 Accepted	 181	 214	
1095	 6.2914798e-01	 +7.9986830e-02 +6.0172862e-04	 7.91e-01 Accepted	 183	 233	
1096	 6.2918629e-01	 +7.9284344e-02 -2.4076368e-04	 8.99e-01 Accepted	 195	 249	
1097	 6.2906032e-01	 +7.8523635e-02 +1.8327900e-03	 7.53e-01 Accepted	 202	 244	
1098	 6.2910884e-01	 +7.9850624e-02 +8.3561221e-04	 1.10e+00 Accepted	 193	 226	
1099	 6.2921788e-01	 +8.0955523e-02 +4.6567079e-04	 1.37e+00 Accepted	 184	 217	
1100	 6.2908929e-01	 +8.2620470e-02 +1.3331634e-03	 8.88e-01 Accepted	 181	 216	
1101	 6.2915789e-01	 +8.1441931e-02 +7.5116549e-04	 9.14e-01 Accepted	 181	 216	
1102	 6.2915789e-01	 +8.1441931e-02 +7.5116549e-04	 7.02e-01 Rejected	 181	 216	
1103	 6.2890076e-01	 +8.1304071e-02 +3.3949121e-04	 9.76e-01 Accepted	 181	 217	
1104	 6.2915353e-01	 +8.0985140e-02 -2.3328135e-03	 1.46e+00 Accepted	 181	 217	
1105	 6.2915353e-01	 +8.0985140e-02 -2.3328135e-03	 7.04e-01 Rejected	 181	 216	
1106	 6.2898722e-01	 +7.9730438e-02 +1.5863814e-03	 6.77e-01 Accepted	 182	 216	
1107	 6.2919537e-01	 +7.9406781e-02 -1.8622178e-04	 1.33e+00 Accepted	 181	 215	
1108	 6.2929006e-01	 +7.8344623e-02 -8.9999877e-04	 1.32e+00 Accepted	 182	 218	
1109	 6.2933247e-01	 +7.9973356e-02 -2.3565566e-03	 9.87e-01 Accepted	 181	 216	
1110	 6.2926300e-01	 +8.0322988e-02 -2.2943887e-04	 8.69e-01 Accepted	 183	 246	
1111	 6.2906298e-01	 +8.0807757e-02 -3.3746796e-04	 5.97e-01 Accepted	 204	 275	
1112	 6.2921465e-01	 +8.2925158e-02 -4.9298184e-04	 1.35e+00 Accepted	 204	 216	
1113	 6.2942650e-01	 +8.4170023e-02 +8.1331047e-05	 1.18e+00 Accepted	 182	 216	
1114	 6.2934186e-01	 +8.3601640e-02 -8.4925288e-04	 1.02e+00 Accepted	 180	 215	
1115	 6.2929808e-01	 +8.2583814e-02 -5.8313655e-04	 9.08e-01 Accepted	 181	 217	
1116	 6.2931414e-01	 +8.2901927e-02 +1.0181465e-03	 9.04e-01 Accepted	 180	 216	
1117	 6.2935181e-01	 +8.1905185e-02 +3.2746580e-03	 1.18e+00 Accepted	 181	 215	
1118	 6.2942148e-01	 +8.2805888e-02 +2.5552782e-03	 9.05e-01 Accepted	 181	 216	
1119	 6.2927855e-01	 +8.1255354e-02 -1.7825825e-03	 8.56e-01 Accepted	 181	 217	
1120	 6.2913860e-01	 +8.1837400e-02 -4.5357553e-04	 6.72e-01 Accepted	 181	 214	
1121	 6.2925344e-01	 +8.1695984e-02 -4.8019847e-04	 1.16e+00 Accepted	 182	 216	
1122	 6.2911842e-01	 +7.9336016e-02 +8.9421828e-04	 7.68e-01 Accepted	 181	 217	
1123	 6.2911842e-01	 +7.9336016e-02 +8.9421828e-04	 9.20e-01 Rejected	 181	 215	
1124	 6.2911859e-01	 +8.2202035e-02 +1.3690534e-03	 7.17e-01 Accepted	 180	 214	
1125	 6.2928308e-01	 +8.1447725e-02 -4.6501930e-04	 1.47e+00 Accepted	 181	 217	
1126	 6.2937370e-01	 +8.2684055e-02 +4.0566591e-04	 7.38e-01 Accepted	 182	 216	
1127	 6.2924920e-01	 +8.2351909e-02 +7.6307268e-04	 8.83e-01 Accepted	 181	 216	
1128	 6.2949149e-01	 +8.2976431e-02 -5.3134754e-04	 1.11e+00 Accepted	 181	 215	
1129	 6.2949149e-01	 +8.2976431e-02 -5.3134754e-04	 6.62e-01 Rejected	 180	 215	
1130	 6.2929747e-01	 +8.2918208e-02 +5.5838449e-04	 5.42e-01 Accepted	 181	 213	
1131	 6.2923499e-01	 +8.0821724e-02 +1.0646703e-03	 6.56e-01 Accepted	 182	 218	
1132	 6.2918688e-01	 +8.1353572e-02 -4.7857013e-05	 9.41e-01 Accepted	 182	 216	
1133	 6.2941134e-01	 +8.1289406e-02 +1.0404505e-03	 9.20e-01 Accepted	 181	 215	
