# Starting_type: ColdStart
# serial RNG seed: 	[63904 26664 45078 39997 52949]
# parallel RNG seed:	[62322 24759 1486 48080 14605]
# Trajectory_length / Number_of_MD_steps: 0.1 / 10
# 	 Plaquette	 Polyakov_Loop(re,im)	 Acc._Probability	 runtime_per_traj(s)	 CG_iterations	
1	 9.3294658e-01	 +8.6717288e-01 -4.1430447e-05	 5.48e-01 Accepted	 158	 299	
2	 8.8301293e-01	 +7.6675462e-01 -1.2464134e-04	 6.43e-01 Accepted	 161	 308	
3	 8.4457684e-01	 +6.8889601e-01 -3.1130240e-05	 7.15e-01 Accepted	 166	 318	
4	 8.4457684e-01	 +6.8889601e-01 -3.1130240e-05	 7.68e-01 Rejected	 168	 324	
5	 8.4457684e-01	 +6.8889601e-01 -3.1130240e-05	 7.68e-01 Rejected	 167	 322	
6	 8.1395702e-01	 +6.2587545e-01 -8.6054725e-05	 7.67e-01 Accepted	 168	 324	
7	 7.8906920e-01	 +5.7352505e-01 -1.8414468e-04	 8.10e-01 Accepted	 170	 329	
8	 7.8906920e-01	 +5.7352505e-01 -1.8414468e-04	 8.40e-01 Rejected	 172	 334	
9	 7.8906920e-01	 +5.7352505e-01 -1.8414468e-04	 8.39e-01 Rejected	 172	 334	
10	 7.6847861e-01	 +5.3100372e-01 -6.9250854e-05	 8.41e-01 Accepted	 172	 334	
11	 7.5094356e-01	 +4.9374863e-01 -2.8864478e-04	 8.64e-01 Accepted	 173	 339	
12	 7.3618519e-01	 +4.6324271e-01 -4.8535907e-04	 8.85e-01 Accepted	 175	 342	
13	 7.2348811e-01	 +4.3510739e-01 -1.0966740e-04	 9.01e-01 Accepted	 176	 345	
14	 7.1230993e-01	 +4.1060233e-01 -2.6157870e-05	 9.14e-01 Accepted	 177	 349	
15	 7.0249663e-01	 +3.8914899e-01 -1.3007496e-05	 9.24e-01 Accepted	 179	 352	
16	 6.9394598e-01	 +3.7070634e-01 -1.5394919e-04	 9.33e-01 Accepted	 180	 354	
17	 6.8635536e-01	 +3.5359507e-01 -1.0275683e-04	 9.41e-01 Accepted	 180	 357	
18	 6.7945728e-01	 +3.3835832e-01 -1.4666211e-04	 9.46e-01 Accepted	 181	 358	
19	 6.7316366e-01	 +3.2396861e-01 -4.2238368e-05	 9.52e-01 Accepted	 182	 362	
20	 6.6747459e-01	 +3.1198602e-01 +6.2388528e-04	 9.57e-01 Accepted	 183	 364	
21	 6.6241806e-01	 +3.0099227e-01 +8.7443564e-04	 9.63e-01 Accepted	 184	 367	
22	 6.5782367e-01	 +2.9026500e-01 +8.0636120e-04	 9.65e-01 Accepted	 184	 369	
23	 6.5358730e-01	 +2.7984237e-01 +7.5176010e-04	 9.65e-01 Accepted	 184	 370	
24	 6.4977898e-01	 +2.7009787e-01 +7.3394940e-04	 9.70e-01 Accepted	 186	 373	
25	 6.4607536e-01	 +2.6241299e-01 +6.7239848e-04	 9.72e-01 Accepted	 185	 374	
26	 6.4280476e-01	 +2.5490076e-01 +1.0664939e-03	 9.76e-01 Accepted	 187	 377	
27	 6.3966918e-01	 +2.4704514e-01 +4.3822608e-04	 9.78e-01 Accepted	 186	 377	
28	 6.3669833e-01	 +2.4039186e-01 +4.0608986e-04	 9.78e-01 Accepted	 187	 379	
29	 6.3392215e-01	 +2.3431357e-01 +8.5778460e-04	 9.80e-01 Accepted	 188	 380	
30	 6.3145582e-01	 +2.2885975e-01 -1.8920370e-04	 9.83e-01 Accepted	 190	 382	
31	 6.2902529e-01	 +2.2275796e-01 -6.7730031e-05	 9.80e-01 Accepted	 189	 383	
32	 6.2691979e-01	 +2.1786716e-01 +1.4444713e-04	 9.86e-01 Accepted	 190	 386	
33	 6.2468944e-01	 +2.1224589e-01 +1.7044193e-04	 9.82e-01 Accepted	 190	 386	
34	 6.2273795e-01	 +2.0804698e-01 -2.3956706e-04	 9.86e-01 Accepted	 191	 389	
35	 6.2096690e-01	 +2.0479442e-01 -3.7071240e-04	 9.87e-01 Accepted	 192	 390	
36	 6.1915162e-01	 +1.9972149e-01 -5.7204987e-04	 9.85e-01 Accepted	 191	 391	
37	 6.1745098e-01	 +1.9570491e-01 -5.0631792e-04	 9.88e-01 Accepted	 192	 392	
38	 6.1592478e-01	 +1.9278270e-01 -3.3721158e-04	 9.89e-01 Accepted	 193	 394	
39	 6.1446791e-01	 +1.8940670e-01 +1.4350266e-04	 9.90e-01 Accepted	 193	 395	
40	 6.1293990e-01	 +1.8591413e-01 -4.8753932e-04	 9.89e-01 Accepted	 193	 395	
41	 6.1165694e-01	 +1.8324844e-01 -3.1215491e-04	 9.91e-01 Accepted	 194	 398	
42	 6.1031862e-01	 +1.8010335e-01 +7.5041682e-05	 9.91e-01 Accepted	 195	 399	
43	 6.0903919e-01	 +1.7669452e-01 -6.8459665e-05	 9.88e-01 Accepted	 195	 401	
44	 6.0797448e-01	 +1.7470238e-01 -8.0067597e-04	 9.92e-01 Accepted	 197	 401	
45	 6.0691718e-01	 +1.7226257e-01 -1.2980225e-03	 9.93e-01 Accepted	 197	 403	
46	 6.0587310e-01	 +1.6986081e-01 -7.7454091e-04	 9.91e-01 Accepted	 198	 403	
47	 6.0489980e-01	 +1.6723850e-01 -8.8842299e-04	 9.93e-01 Accepted	 198	 404	
48	 6.0395511e-01	 +1.6479000e-01 -1.8029067e-03	 9.93e-01 Accepted	 198	 406	
49	 6.0294482e-01	 +1.6213564e-01 -1.2283511e-03	 9.93e-01 Accepted	 199	 406	
50	 6.0197001e-01	 +1.6074558e-01 -1.3541407e-03	 9.93e-01 Accepted	 200	 408	
51	 6.0116650e-01	 +1.5809384e-01 -1.6551357e-03	 9.94e-01 Accepted	 199	 409	
52	 6.0023668e-01	 +1.5577134e-01 -1.2116246e-03	 9.94e-01 Accepted	 200	 410	
53	 5.9944913e-01	 +1.5485793e-01 -9.8581456e-04	 9.93e-01 Accepted	 200	 411	
54	 5.9876536e-01	 +1.5251981e-01 -1.2491554e-03	 9.96e-01 Accepted	 201	 412	
55	 5.9800360e-01	 +1.5147883e-01 -1.9286851e-03	 9.94e-01 Accepted	 202	 415	
56	 5.9724738e-01	 +1.4932014e-01 -1.7043678e-03	 9.93e-01 Accepted	 202	 414	
57	 5.9656197e-01	 +1.4714312e-01 -9.3163796e-04	 9.94e-01 Accepted	 203	 415	
58	 5.9584314e-01	 +1.4416501e-01 -8.8859644e-04	 9.95e-01 Accepted	 202	 416	
59	 5.9520725e-01	 +1.4236676e-01 -1.9942372e-04	 9.93e-01 Accepted	 203	 417	
60	 5.9458225e-01	 +1.4063826e-01 -8.9109234e-04	 9.98e-01 Accepted	 204	 419	
61	 5.9383688e-01	 +1.4023408e-01 -1.0277572e-03	 9.97e-01 Accepted	 204	 418	
62	 5.9325750e-01	 +1.3897435e-01 -1.0208486e-04	 9.98e-01 Accepted	 203	 419	
63	 5.9273377e-01	 +1.3864241e-01 -1.3542164e-04	 9.95e-01 Accepted	 202	 419	
64	 5.9228271e-01	 +1.3776749e-01 -3.0575243e-04	 9.94e-01 Accepted	 202	 420	
65	 5.9170707e-01	 +1.3673295e-01 -1.3842589e-03	 9.96e-01 Accepted	 202	 420	
66	 5.9106946e-01	 +1.3495420e-01 -4.6261417e-04	 9.95e-01 Accepted	 203	 422	
67	 5.9053285e-01	 +1.3331814e-01 -8.1611040e-04	 9.94e-01 Accepted	 204	 425	
68	 5.9006962e-01	 +1.3213452e-01 -4.1459980e-04	 9.97e-01 Accepted	 203	 425	
69	 5.8966696e-01	 +1.3045340e-01 +1.5778780e-04	 9.97e-01 Accepted	 203	 425	
70	 5.8917537e-01	 +1.2914922e-01 +6.1578322e-05	 9.98e-01 Accepted	 205	 427	
71	 5.8872558e-01	 +1.2701757e-01 -7.2671587e-04	 9.99e-01 Accepted	 204	 427	
72	 5.8829007e-01	 +1.2692261e-01 -2.2150036e-05	 9.97e-01 Accepted	 205	 427	
73	 5.8794475e-01	 +1.2625441e-01 +3.7471649e-04	 9.96e-01 Accepted	 205	 428	
74	 5.8749992e-01	 +1.2466147e-01 +2.6837834e-04	 9.93e-01 Accepted	 205	 428	
75	 5.8714650e-01	 +1.2399203e-01 +1.4035569e-03	 9.99e-01 Accepted	 205	 431	
76	 5.8671476e-01	 +1.2281828e-01 +9.9436021e-04	 9.99e-01 Accepted	 205	 431	
77	 5.8649070e-01	 +1.2192375e-01 +9.6539091e-04	 1.00e+00 Accepted	 206	 431	
78	 5.8649070e-01	 +1.2192375e-01 +9.6539091e-04	 9.95e-01 Rejected	 206	 433	
79	 5.8614673e-01	 +1.2105104e-01 +9.4746834e-04	 9.97e-01 Accepted	 206	 431	
80	 5.8586440e-01	 +1.2022938e-01 +1.0320432e-03	 9.98e-01 Accepted	 206	 433	
81	 5.8552858e-01	 +1.1936057e-01 +1.0383440e-03	 9.97e-01 Accepted	 207	 434	
82	 5.8511011e-01	 +1.1833478e-01 +1.7131734e-04	 9.97e-01 Accepted	 208	 434	
83	 5.8480544e-01	 +1.1714430e-01 +6.8965712e-04	 9.98e-01 Accepted	 208	 436	
84	 5.8455169e-01	 +1.1574871e-01 +5.2296590e-04	 9.98e-01 Accepted	 208	 436	
85	 5.8421047e-01	 +1.1425941e-01 +1.6784989e-04	 9.98e-01 Accepted	 208	 436	
86	 5.8393573e-01	 +1.1345300e-01 -7.9047391e-05	 9.99e-01 Accepted	 208	 437	
87	 5.8369041e-01	 +1.1229434e-01 +1.2881621e-04	 9.99e-01 Accepted	 209	 440	
88	 5.8337087e-01	 +1.1082624e-01 -2.1745861e-04	 9.99e-01 Accepted	 210	 439	
89	 5.8317708e-01	 +1.1031384e-01 -9.3879754e-04	 9.99e-01 Accepted	 210	 440	
90	 5.8296709e-01	 +1.0958539e-01 -1.0181300e-03	 9.99e-01 Accepted	 210	 441	
91	 5.8270265e-01	 +1.0974394e-01 -1.1413609e-03	 9.96e-01 Accepted	 210	 439	
92	 5.8236230e-01	 +1.0889750e-01 -5.8353098e-04	 9.96e-01 Accepted	 210	 442	
93	 5.8210007e-01	 +1.0896927e-01 -5.4742857e-04	 9.99e-01 Accepted	 210	 443	
94	 5.8190140e-01	 +1.0816867e-01 +2.9646639e-04	 9.98e-01 Accepted	 211	 443	
95	 5.8165975e-01	 +1.0806458e-01 +4.5124546e-05	 9.98e-01 Accepted	 210	 444	
96	 5.8153106e-01	 +1.0619320e-01 +4.4125708e-04	 1.00e+00 Accepted	 211	 445	
97	 5.8132900e-01	 +1.0570141e-01 +8.3990953e-04	 9.99e-01 Accepted	 212	 446	
98	 5.8104312e-01	 +1.0541830e-01 +6.4818612e-04	 9.99e-01 Accepted	 212	 446	
99	 5.8084760e-01	 +1.0455217e-01 +4.1626190e-04	 9.98e-01 Accepted	 212	 448	
100	 5.8064611e-01	 +1.0373649e-01 -7.7184036e-04	 9.95e-01 Accepted	 212	 447	
101	 5.8037757e-01	 +1.0305803e-01 -1.0525882e-03	 9.98e-01 Accepted	 212	 448	
102	 5.8016089e-01	 +1.0229540e-01 -7.9545671e-04	 9.98e-01 Accepted	 213	 449	
103	 5.7997641e-01	 +1.0176501e-01 -1.1248375e-03	 9.99e-01 Accepted	 214	 450	
104	 5.7977860e-01	 +1.0110196e-01 -1.1640550e-03	 9.97e-01 Accepted	 212	 449	
105	 5.7958071e-01	 +1.0047318e-01 -6.1653761e-04	 9.99e-01 Accepted	 213	 449	
106	 5.7934337e-01	 +1.0100843e-01 -6.8659833e-04	 9.98e-01 Accepted	 214	 451	
107	 5.7906009e-01	 +1.0060270e-01 -7.0225321e-04	 9.98e-01 Accepted	 214	 449	
108	 5.7897394e-01	 +1.0027142e-01 -3.9578718e-04	 1.00e+00 Accepted	 214	 453	
109	 5.7892796e-01	 +9.9333083e-02 -1.7732291e-04	 9.99e-01 Accepted	 214	 451	
110	 5.7868483e-01	 +9.8634311e-02 +5.8155889e-04	 9.98e-01 Accepted	 214	 452	
111	 5.7852229e-01	 +9.7588084e-02 +1.5839396e-03	 9.99e-01 Accepted	 214	 452	
112	 5.7830743e-01	 +9.6978237e-02 +1.7109890e-03	 1.00e+00 Accepted	 214	 453	
113	 5.7813153e-01	 +9.6617847e-02 +1.1562684e-03	 9.97e-01 Accepted	 215	 455	
114	 5.7789020e-01	 +9.6077530e-02 +6.9399110e-04	 9.98e-01 Accepted	 214	 454	
115	 5.7770591e-01	 +9.6461997e-02 +7.5963974e-04	 9.99e-01 Accepted	 216	 456	
116	 5.7764095e-01	 +9.5862737e-02 +7.4753747e-04	 9.99e-01 Accepted	 215	 455	
117	 5.7755609e-01	 +9.5002577e-02 +1.0408389e-03	 9.99e-01 Accepted	 215	 457	
118	 5.7730422e-01	 +9.3027325e-02 +7.9380345e-04	 1.00e+00 Accepted	 215	 456	
119	 5.7720502e-01	 +9.2634750e-02 +7.9377578e-04	 1.00e+00 Accepted	 216	 456	
120	 5.7710200e-01	 +9.2573274e-02 +2.5713986e-04	 9.99e-01 Accepted	 216	 457	
121	 5.7688272e-01	 +9.2144427e-02 +5.0940266e-05	 9.98e-01 Accepted	 216	 457	
122	 5.7672792e-01	 +9.2922908e-02 +5.3805104e-05	 9.99e-01 Accepted	 216	 458	
123	 5.7670975e-01	 +9.3305308e-02 +5.6298868e-04	 1.00e+00 Accepted	 216	 459	
124	 5.7658788e-01	 +9.2055017e-02 +8.2118351e-05	 1.00e+00 Accepted	 217	 459	
125	 5.7657774e-01	 +9.1262401e-02 -4.4034728e-04	 1.00e+00 Accepted	 217	 460	
126	 5.7652637e-01	 +9.1262991e-02 -1.7596181e-05	 1.00e+00 Accepted	 216	 458	
127	 5.7649050e-01	 +9.1481343e-02 -4.2005684e-04	 9.99e-01 Accepted	 218	 460	
128	 5.7642592e-01	 +9.1100798e-02 -3.3728759e-04	 9.98e-01 Accepted	 218	 461	
129	 5.7626611e-01	 +9.0690423e-02 -4.6004801e-04	 1.00e+00 Accepted	 218	 462	
130	 5.7610728e-01	 +9.0289280e-02 -6.6725721e-05	 9.99e-01 Accepted	 217	 460	
131	 5.7584473e-01	 +8.8527777e-02 +5.0838176e-04	 9.98e-01 Accepted	 218	 463	
132	 5.7570200e-01	 +8.8468899e-02 +4.2113356e-04	 9.99e-01 Accepted	 219	 465	
133	 5.7553136e-01	 +8.8934687e-02 -5.0949034e-04	 9.99e-01 Accepted	 219	 464	
134	 5.7542915e-01	 +8.7584586e-02 -1.8175048e-04	 1.00e+00 Accepted	 218	 464	
135	 5.7528343e-01	 +8.7262221e-02 -1.9522992e-04	 9.98e-01 Accepted	 218	 464	
136	 5.7521940e-01	 +8.6252815e-02 +4.1488319e-04	 1.00e+00 Accepted	 219	 465	
137	 5.7507435e-01	 +8.5009074e-02 +6.2813404e-04	 9.99e-01 Accepted	 219	 466	
138	 5.7496081e-01	 +8.5106686e-02 +8.9043531e-04	 9.98e-01 Accepted	 219	 466	
139	 5.7490768e-01	 +8.5304721e-02 +5.2902680e-04	 9.98e-01 Accepted	 219	 467	
140	 5.7474490e-01	 +8.5712003e-02 +4.4833145e-04	 9.98e-01 Accepted	 220	 467	
141	 5.7462040e-01	 +8.5536196e-02 +2.1458618e-04	 9.98e-01 Accepted	 221	 468	
142	 5.7446939e-01	 +8.5829936e-02 -5.5984694e-04	 1.00e+00 Accepted	 220	 468	
143	 5.7438690e-01	 +8.6258635e-02 -3.5947355e-05	 1.00e+00 Accepted	 220	 470	
144	 5.7439796e-01	 +8.5368049e-02 -4.3639869e-04	 9.99e-01 Accepted	 220	 469	
145	 5.7443701e-01	 +8.5503429e-02 -1.1858493e-03	 1.00e+00 Accepted	 220	 468	
146	 5.7435422e-01	 +8.4721755e-02 -1.3314298e-03	 9.97e-01 Accepted	 220	 470	
147	 5.7426569e-01	 +8.4495562e-02 -9.8768054e-04	 1.00e+00 Accepted	 221	 470	
148	 5.7423880e-01	 +8.3884109e-02 -1.9684332e-03	 1.00e+00 Accepted	 221	 471	
149	 5.7409138e-01	 +8.4281374e-02 -1.8028864e-03	 9.98e-01 Accepted	 221	 471	
150	 5.7404663e-01	 +8.4106556e-02 -1.9872185e-03	 1.00e+00 Accepted	 221	 471	
151	 5.7386473e-01	 +8.3494596e-02 -2.9541127e-03	 9.99e-01 Accepted	 222	 473	
152	 5.7374041e-01	 +8.2313339e-02 -2.7521620e-03	 9.99e-01 Accepted	 222	 474	
153	 5.7368979e-01	 +8.2517957e-02 -2.6442794e-03	 1.00e+00 Accepted	 222	 475	
154	 5.7360849e-01	 +8.1846336e-02 -2.9301102e-03	 9.99e-01 Accepted	 222	 473	
155	 5.7346416e-01	 +8.2216170e-02 -2.9004247e-03	 9.97e-01 Accepted	 222	 475	
156	 5.7327203e-01	 +8.1424072e-02 -2.6902889e-03	 9.98e-01 Accepted	 223	 475	
157	 5.7310053e-01	 +8.0549010e-02 -3.0434637e-03	 9.98e-01 Accepted	 223	 476	
158	 5.7306166e-01	 +8.0808387e-02 -2.5555101e-03	 1.00e+00 Accepted	 223	 477	
159	 5.7310392e-01	 +8.0809356e-02 -1.6061821e-03	 1.00e+00 Accepted	 223	 475	
160	 5.7301182e-01	 +8.0214690e-02 -1.6863226e-03	 9.97e-01 Accepted	 224	 478	
161	 5.7291794e-01	 +8.0311248e-02 -1.4917960e-03	 1.00e+00 Accepted	 224	 477	
162	 5.7297550e-01	 +8.0181678e-02 -1.1756227e-03	 1.00e+00 Accepted	 224	 477	
163	 5.7291490e-01	 +8.0300715e-02 -1.2818854e-03	 1.00e+00 Accepted	 223	 477	
164	 5.7276785e-01	 +8.0697563e-02 -9.3316119e-04	 9.99e-01 Accepted	 224	 479	
165	 5.7265013e-01	 +8.0288095e-02 -1.7312362e-03	 9.97e-01 Accepted	 224	 479	
166	 5.7266223e-01	 +7.9910763e-02 -1.2330050e-03	 1.00e+00 Accepted	 225	 481	
167	 5.7265419e-01	 +7.9715919e-02 -1.0941879e-03	 1.00e+00 Accepted	 225	 480	
168	 5.7261296e-01	 +7.8885713e-02 +1.2618477e-05	 9.98e-01 Accepted	 225	 480	
169	 5.7264349e-01	 +7.9182074e-02 -6.4065688e-04	 1.00e+00 Accepted	 226	 480	
170	 5.7260510e-01	 +7.8661030e-02 -6.7686996e-04	 1.00e+00 Accepted	 225	 481	
171	 5.7257630e-01	 +7.7234142e-02 -1.9305480e-03	 9.97e-01 Accepted	 226	 484	
172	 5.7242990e-01	 +7.7608106e-02 -1.9347077e-03	 9.99e-01 Accepted	 225	 482	
173	 5.7243214e-01	 +7.7285657e-02 -2.1908642e-03	 9.99e-01 Accepted	 226	 481	
174	 5.7233038e-01	 +7.7168218e-02 -1.7250169e-03	 1.00e+00 Accepted	 226	 482	
175	 5.7225395e-01	 +7.6644224e-02 -2.0359905e-03	 9.99e-01 Accepted	 225	 483	
176	 5.7226640e-01	 +7.6507093e-02 -2.2667651e-03	 9.99e-01 Accepted	 225	 482	
177	 5.7224973e-01	 +7.6388745e-02 -2.2814736e-03	 1.00e+00 Accepted	 225	 483	
178	 5.7226804e-01	 +7.6135330e-02 -2.9614094e-03	 1.00e+00 Accepted	 226	 486	
179	 5.7213039e-01	 +7.4882744e-02 -2.2253145e-03	 9.98e-01 Accepted	 226	 483	
180	 5.7204996e-01	 +7.5320855e-02 -1.7099771e-03	 1.00e+00 Accepted	 226	 485	
181	 5.7191563e-01	 +7.5748481e-02 -1.6230898e-03	 9.99e-01 Accepted	 227	 485	
182	 5.7180602e-01	 +7.4906213e-02 -1.7467368e-03	 9.99e-01 Accepted	 227	 486	
183	 5.7172567e-01	 +7.4502083e-02 -2.0897263e-03	 9.97e-01 Accepted	 227	 485	
184	 5.7167938e-01	 +7.4140585e-02 -1.8738015e-03	 1.00e+00 Accepted	 226	 487	
185	 5.7155761e-01	 +7.4380893e-02 -1.6103416e-03	 9.99e-01 Accepted	 227	 487	
186	 5.7148934e-01	 +7.4185126e-02 -1.0323053e-03	 1.00e+00 Accepted	 227	 488	
187	 5.7134895e-01	 +7.4365094e-02 -1.1757216e-03	 9.97e-01 Accepted	 227	 487	
188	 5.7146296e-01	 +7.4974051e-02 -1.1492082e-03	 1.00e+00 Accepted	 226	 486	
189	 5.7124635e-01	 +7.4394144e-02 -1.1286951e-03	 9.95e-01 Accepted	 228	 490	
190	 5.7110291e-01	 +7.4262152e-02 -1.2494649e-03	 9.99e-01 Accepted	 227	 488	
191	 5.7104611e-01	 +7.4157292e-02 -1.0948114e-03	 9.99e-01 Accepted	 228	 490	
192	 5.7110826e-01	 +7.3803291e-02 -5.5734735e-04	 9.99e-01 Accepted	 229	 492	
193	 5.7111251e-01	 +7.3305548e-02 -7.4232846e-04	 1.00e+00 Accepted	 228	 491	
194	 5.7100263e-01	 +7.2596082e-02 -6.9140142e-04	 9.99e-01 Accepted	 228	 490	
195	 5.7092367e-01	 +7.2920362e-02 -1.1928872e-03	 1.00e+00 Accepted	 228	 489	
196	 5.7087472e-01	 +7.2319183e-02 -1.2743400e-03	 1.00e+00 Accepted	 229	 491	
197	 5.7086869e-01	 +7.1686448e-02 +2.8784420e-05	 1.00e+00 Accepted	 229	 492	
198	 5.7088533e-01	 +7.1031896e-02 -4.0607050e-04	 9.99e-01 Accepted	 229	 493	
199	 5.7088031e-01	 +7.1835273e-02 -3.5549177e-04	 1.00e+00 Accepted	 230	 492	
200	 5.7084059e-01	 +7.1109207e-02 -3.1863937e-04	 1.00e+00 Accepted	 230	 493	
# Starting_type: CheckpointStart
# Trajectory_length / Number_of_MD_steps: 1 / 8
# 	 Plaquette	 Polyakov_Loop(re,im)	 Acc._Probability	 runtime_per_traj(s)	 CG_iterations	
201	 5.7084059e-01	 +7.1109207e-02 -3.1863937e-04	 3.42e-01 Rejected	 202	 515	
202	 5.7084059e-01	 +7.1109207e-02 -3.1863937e-04	 3.13e-01 Rejected	 197	 516	
203	 5.7084059e-01	 +7.1109207e-02 -3.1863937e-04	 2.81e-01 Rejected	 198	 518	
204	 5.7084059e-01	 +7.1109207e-02 -3.1863937e-04	 1.26e-01 Rejected	 199	 537	
205	 5.7084059e-01	 +7.1109207e-02 -3.1863937e-04	 2.75e-01 Rejected	 199	 521	
206	 5.6962429e-01	 +5.9574894e-02 +7.3421036e-04	 2.01e-01 Accepted	 198	 514	
207	 5.6962429e-01	 +5.9574894e-02 +7.3421036e-04	 3.17e-01 Rejected	 211	 573	
208	 5.6962429e-01	 +5.9574894e-02 +7.3421036e-04	 4.10e-01 Rejected	 207	 532	
209	 5.6962429e-01	 +5.9574894e-02 +7.3421036e-04	 3.28e-01 Rejected	 207	 535	
210	 5.6962429e-01	 +5.9574894e-02 +7.3421036e-04	 3.50e-01 Rejected	 209	 539	
211	 5.6872763e-01	 +5.7586476e-02 +5.5346661e-04	 5.28e-01 Accepted	 206	 534	
212	 5.6872763e-01	 +5.7586476e-02 +5.5346661e-04	 6.26e-01 Rejected	 210	 546	
213	 5.6806880e-01	 +5.1975597e-02 +3.7802025e-04	 4.98e-01 Accepted	 214	 588	
214	 5.6806880e-01	 +5.1975597e-02 +3.7802025e-04	 5.03e-01 Rejected	 220	 558	
215	 5.6806880e-01	 +5.1975597e-02 +3.7802025e-04	 3.54e-01 Rejected	 229	 589	
216	 5.6806880e-01	 +5.1975597e-02 +3.7802025e-04	 4.31e-01 Rejected	 222	 567	
217	 5.6735820e-01	 +4.8162235e-02 +2.8849428e-05	 9.01e-01 Accepted	 233	 642	
218	 5.6713175e-01	 +4.4952492e-02 +2.3356529e-04	 1.21e+00 Accepted	 245	 656	
219	 5.6713175e-01	 +4.4952492e-02 +2.3356529e-04	 5.66e-01 Rejected	 241	 579	
220	 5.6675133e-01	 +4.2773793e-02 -1.2252601e-03	 9.11e-01 Accepted	 244	 599	
221	 5.6675133e-01	 +4.2773793e-02 -1.2252601e-03	 4.00e-01 Rejected	 235	 625	
222	 5.6654554e-01	 +4.1569873e-02 -4.7418333e-04	 7.07e-01 Accepted	 232	 611	
223	 5.6609785e-01	 +4.0824755e-02 -4.2549339e-04	 6.84e-01 Accepted	 235	 591	
224	 5.6592029e-01	 +3.9514569e-02 +1.3775909e-03	 9.54e-01 Accepted	 233	 618	
225	 5.6558379e-01	 +3.8986768e-02 -5.3395713e-04	 1.19e+00 Accepted	 238	 611	
226	 5.6566023e-01	 +3.7415291e-02 -1.4314768e-03	 9.66e-01 Accepted	 242	 602	
227	 5.6566023e-01	 +3.7415291e-02 -1.4314768e-03	 5.77e-01 Rejected	 239	 633	
228	 5.6556793e-01	 +3.6538511e-02 -1.4422853e-03	 5.98e-01 Accepted	 237	 637	
229	 5.6558341e-01	 +3.7554058e-02 -4.0660568e-04	 1.46e+00 Accepted	 246	 656	
230	 5.6554930e-01	 +3.5603956e-02 -1.6276890e-03	 1.01e+00 Accepted	 250	 625	
231	 5.6554930e-01	 +3.5603956e-02 -1.6276890e-03	 4.99e-01 Rejected	 247	 686	
232	 5.6550169e-01	 +3.4691461e-02 -1.1364298e-03	 6.32e-01 Accepted	 247	 668	
233	 5.6525936e-01	 +3.5299365e-02 +4.9573295e-04	 7.32e-01 Accepted	 259	 682	
234	 5.6542221e-01	 +3.4879612e-02 +4.3752481e-04	 1.29e+00 Accepted	 259	 667	
235	 5.6546172e-01	 +3.3299779e-02 +7.8730358e-04	 1.44e+00 Accepted	 253	 632	
236	 5.6546172e-01	 +3.3299779e-02 +7.8730358e-04	 4.96e-01 Rejected	 258	 679	
237	 5.6555071e-01	 +3.3372744e-02 -7.0668023e-04	 8.60e-01 Accepted	 249	 635	
