# Starting_type: HotStart
# serial RNG seed: 	[48558 33101 4458 46617 58678]
# parallel RNG seed:	[10540 13849 38025 51831 8946]
# Trajectory_length / Number_of_MD_steps: 1 / 8
# 	 Plaquette	 Polyakov_Loop(re,im)	 Acc._Probability	 runtime_per_traj(s)	 CG_iterations	
1	 2.3190621e-01	 -1.1733349e-03 -1.0799198e-03	 3.01e+79 Accepted	 281	 917	
2	 3.3065255e-01	 -1.3690823e-04 +1.2152372e-03	 7.61e+43 Accepted	 369	 1104	
3	 3.8820061e-01	 +3.0676817e-04 -1.6891726e-04	 5.00e+27 Accepted	 389	 1169	
4	 4.2796816e-01	 +1.3521868e-03 +7.4830984e-04	 4.55e+19 Accepted	 401	 1191	
5	 4.5826318e-01	 +1.1126462e-03 +8.9181969e-04	 2.78e+14 Accepted	 405	 1189	
6	 4.8325401e-01	 -1.6486941e-03 -5.6713217e-04	 3.76e+11 Accepted	 405	 1180	
7	 5.0489207e-01	 +2.3636925e-04 +1.0335069e-03	 7.06e+09 Accepted	 402	 1165	
8	 5.2360495e-01	 +5.7952496e-05 -8.7233748e-04	 2.69e+08 Accepted	 397	 1157	
9	 5.3981619e-01	 +1.4813857e-04 -1.0651622e-03	 6.01e+07 Accepted	 394	 1134	
10	 5.5373842e-01	 +8.2511529e-04 +6.2104404e-04	 3.05e+06 Accepted	 389	 1120	
11	 5.6515511e-01	 +6.1370107e-04 +2.3299925e-04	 1.42e+05 Accepted	 384	 1109	
12	 5.7451415e-01	 +7.1858989e-04 +4.6496741e-04	 1.14e+04 Accepted	 379	 1101	
13	 5.8182999e-01	 -3.3286224e-04 +8.0398084e-04	 2.23e+03 Accepted	 372	 1073	
14	 5.8760276e-01	 +1.3534036e-03 +3.9000105e-04	 6.62e+02 Accepted	 366	 1027	
15	 5.9202455e-01	 +1.4932154e-03 +2.1354659e-03	 1.75e+02 Accepted	 356	 1036	
16	 5.9584492e-01	 +1.4736325e-03 +1.6392530e-03	 4.39e+01 Accepted	 362	 1029	
17	 5.9861292e-01	 +1.0628214e-03 +1.1668569e-03	 2.42e+01 Accepted	 359	 1055	
18	 6.0087613e-01	 +2.8053561e-04 -3.6864844e-04	 1.46e+01 Accepted	 360	 995	
19	 6.0261297e-01	 +1.4801241e-03 +4.2538391e-04	 5.71e+00 Accepted	 347	 991	
20	 6.0381932e-01	 +8.3502615e-04 +3.2477982e-04	 3.85e+00 Accepted	 338	 973	
21	 6.0481099e-01	 +1.7383886e-03 +9.0343639e-04	 3.29e+00 Accepted	 335	 944	
22	 6.0582782e-01	 +2.9104376e-03 +1.7931237e-03	 5.00e+00 Accepted	 331	 949	
23	 6.0643630e-01	 +8.2821755e-04 +2.1402652e-03	 1.54e+00 Accepted	 335	 951	
24	 6.0709603e-01	 +1.7634343e-03 +2.6529514e-03	 2.12e+00 Accepted	 330	 951	
25	 6.0760579e-01	 +2.9635578e-03 +2.2478235e-03	 1.68e+00 Accepted	 326	 853	
26	 6.0809944e-01	 +3.1337322e-03 +1.4612310e-03	 1.41e+00 Accepted	 309	 877	
27	 6.0827403e-01	 +3.5040128e-03 +4.5938502e-03	 1.38e+00 Accepted	 308	 911	
28	 6.0854724e-01	 +3.5839247e-04 +2.2382505e-03	 1.28e+00 Accepted	 316	 883	
29	 6.0902894e-01	 +2.4582230e-03 +2.7920990e-03	 1.19e+00 Accepted	 312	 877	
30	 6.0926483e-01	 +5.1841807e-03 +2.6330046e-03	 1.35e+00 Accepted	 310	 866	
31	 6.0938405e-01	 +4.4421881e-03 +2.5921811e-03	 1.06e+00 Accepted	 301	 799	
32	 6.0949271e-01	 +2.1730640e-03 +7.8520317e-04	 9.97e-01 Accepted	 288	 785	
33	 6.0934134e-01	 +3.0067744e-03 -4.0470075e-05	 1.20e+00 Accepted	 280	 773	
34	 6.0953528e-01	 +2.7373761e-03 -2.9658936e-03	 7.73e-01 Accepted	 276	 797	
35	 6.0975140e-01	 +3.5660791e-03 +5.2785974e-04	 1.10e+00 Accepted	 280	 769	
36	 6.0975256e-01	 +1.9624016e-03 -1.2519219e-03	 1.23e+00 Accepted	 280	 829	
37	 6.0999906e-01	 +2.6408517e-03 -4.3403457e-04	 1.10e+00 Accepted	 290	 810	
38	 6.1009015e-01	 +4.7640298e-03 -1.0611141e-03	 1.01e+00 Accepted	 281	 791	
39	 6.1005225e-01	 +1.0787420e-03 -7.6999991e-05	 1.29e+00 Accepted	 285	 856	
40	 6.1006181e-01	 +2.2955772e-03 +1.5365473e-03	 6.31e-01 Accepted	 304	 840	
41	 6.1011992e-01	 +1.3490820e-03 +9.2434309e-04	 1.29e+00 Accepted	 300	 887	
42	 6.1034690e-01	 +1.3029456e-03 +1.3494145e-03	 1.35e+00 Accepted	 296	 777	
43	 6.1051468e-01	 +1.9578009e-03 -2.4652741e-04	 9.95e-01 Accepted	 279	 786	
44	 6.1052774e-01	 +1.7021695e-03 -3.3979334e-03	 1.27e+00 Accepted	 276	 770	
45	 6.1052774e-01	 +1.7021695e-03 -3.3979334e-03	 7.97e-01 Rejected	 276	 797	
46	 6.1052774e-01	 +1.7021695e-03 -3.3979334e-03	 7.06e-01 Rejected	 274	 776	
47	 6.1052774e-01	 +1.7021695e-03 -3.3979334e-03	 8.71e-01 Rejected	 277	 784	
48	 6.1066403e-01	 +3.7966201e-03 -1.6731745e-03	 1.07e+00 Accepted	 277	 790	
49	 6.1082781e-01	 +1.3717112e-03 +2.9437887e-04	 1.41e+00 Accepted	 276	 764	
50	 6.1061319e-01	 +1.4042803e-03 -2.1949380e-03	 8.84e-01 Accepted	 274	 762	
51	 6.1067071e-01	 +1.3505349e-03 +1.6790002e-04	 1.13e+00 Accepted	 270	 749	
52	 6.1063073e-01	 +3.0694270e-03 +7.8804419e-04	 1.17e+00 Accepted	 269	 754	
53	 6.1086511e-01	 +4.2184456e-03 -1.6020500e-03	 7.58e-01 Accepted	 270	 755	
54	 6.1091629e-01	 +4.1867049e-03 -2.4505369e-03	 9.94e-01 Accepted	 270	 773	
55	 6.1084159e-01	 +1.7455385e-03 -2.0467983e-03	 8.80e-01 Accepted	 277	 798	
56	 6.1077265e-01	 +4.8708407e-03 -9.0827693e-05	 7.81e-01 Accepted	 279	 769	
57	 6.1067740e-01	 +3.4998214e-03 +1.3678754e-03	 6.56e-01 Accepted	 272	 771	
58	 6.1060723e-01	 +3.1634452e-03 -2.0367643e-03	 1.11e+00 Accepted	 274	 759	
59	 6.1060723e-01	 +3.1634452e-03 -2.0367643e-03	 6.83e-01 Rejected	 270	 749	
60	 6.1066013e-01	 +3.6110979e-03 +2.5626534e-04	 1.90e+00 Accepted	 269	 746	
61	 6.1084543e-01	 +5.9791078e-03 -2.1399957e-03	 1.32e+00 Accepted	 268	 751	
62	 6.1057986e-01	 +5.3510678e-03 -2.5079872e-03	 8.17e-01 Accepted	 268	 763	
63	 6.1055803e-01	 +3.7046822e-03 -2.5580523e-03	 8.72e-01 Accepted	 269	 751	
64	 6.1072568e-01	 +2.7294504e-03 -2.0897230e-03	 1.02e+00 Accepted	 272	 776	
65	 6.1065178e-01	 +4.2084680e-03 -3.0969430e-03	 9.39e-01 Accepted	 271	 754	
66	 6.1056797e-01	 +5.1924103e-03 -2.5055063e-03	 5.53e-01 Accepted	 270	 768	
67	 6.1104518e-01	 +5.3769201e-03 -1.6087339e-03	 1.45e+00 Accepted	 275	 778	
68	 6.1104518e-01	 +5.3769201e-03 -1.6087339e-03	 6.54e-01 Rejected	 278	 784	
69	 6.1104518e-01	 +5.3769201e-03 -1.6087339e-03	 8.61e-01 Rejected	 278	 749	
70	 6.1110602e-01	 +3.9969789e-03 -3.3847564e-03	 7.29e-01 Accepted	 285	 801	
71	 6.1086596e-01	 +4.0605400e-03 -1.8629246e-03	 7.43e-01 Accepted	 288	 801	
72	 6.1092809e-01	 +4.9009859e-03 -4.6698809e-03	 1.21e+00 Accepted	 288	 815	
73	 6.1108938e-01	 +6.3243483e-03 -3.5848890e-03	 6.77e-01 Accepted	 284	 774	
74	 6.1116295e-01	 +6.4938874e-03 -4.9939395e-03	 7.82e-01 Accepted	 275	 747	
75	 6.1116295e-01	 +6.4938874e-03 -4.9939395e-03	 8.35e-01 Rejected	 267	 754	
76	 6.1104027e-01	 +4.6524036e-03 -2.1371648e-03	 6.42e-01 Accepted	 267	 751	
77	 6.1135810e-01	 +5.0569884e-03 -2.6511908e-03	 1.80e+00 Accepted	 276	 751	
78	 6.1128706e-01	 +5.1816995e-03 -6.0284719e-03	 1.35e+00 Accepted	 270	 748	
79	 6.1115808e-01	 +4.5864255e-03 -1.5871665e-03	 9.36e-01 Accepted	 268	 744	
80	 6.1105308e-01	 +3.9170941e-03 -1.5802047e-03	 7.90e-01 Accepted	 268	 747	
81	 6.1124682e-01	 +4.4072805e-03 -2.9417369e-03	 1.21e+00 Accepted	 268	 746	
82	 6.1100304e-01	 +3.3729933e-03 -6.0322124e-03	 1.20e+00 Accepted	 268	 746	
83	 6.1091262e-01	 +3.9288992e-03 -2.0665180e-03	 6.29e-01 Accepted	 268	 749	
84	 6.1112992e-01	 +4.6134593e-03 -4.3384490e-03	 1.29e+00 Accepted	 268	 748	
85	 6.1112992e-01	 +4.6134593e-03 -4.3384490e-03	 6.35e-01 Rejected	 268	 751	
86	 6.1118973e-01	 +3.5048656e-03 -2.8312960e-03	 1.34e+00 Accepted	 269	 748	
87	 6.1118973e-01	 +3.5048656e-03 -2.8312960e-03	 8.66e-01 Rejected	 269	 762	
88	 6.1123534e-01	 +3.7475807e-03 -4.5742463e-03	 6.96e-01 Accepted	 267	 747	
89	 6.1124410e-01	 +2.7008663e-03 -3.9638116e-03	 1.01e+00 Accepted	 269	 749	
90	 6.1122204e-01	 +3.4864262e-03 -4.9639571e-03	 9.54e-01 Accepted	 269	 748	
91	 6.1109627e-01	 +5.1434309e-03 -2.9917724e-03	 1.11e+00 Accepted	 268	 753	
92	 6.1091306e-01	 +5.3946649e-03 -3.3159502e-03	 8.05e-01 Accepted	 269	 757	
93	 6.1081118e-01	 +3.0680502e-03 -4.4657019e-03	 1.15e+00 Accepted	 271	 748	
94	 6.1106381e-01	 +6.5365562e-03 -2.3521547e-03	 1.56e+00 Accepted	 269	 748	
95	 6.1109634e-01	 +6.5776302e-03 -2.6176641e-03	 1.01e+00 Accepted	 268	 748	
96	 6.1126490e-01	 +5.4898269e-03 -5.1562225e-04	 1.02e+00 Accepted	 268	 748	
97	 6.1126490e-01	 +5.4898269e-03 -5.1562225e-04	 7.75e-01 Rejected	 266	 750	
98	 6.1115533e-01	 +3.7377949e-03 -2.2854706e-03	 7.68e-01 Accepted	 268	 754	
99	 6.1134964e-01	 +5.9911099e-03 -7.7720897e-04	 1.48e+00 Accepted	 270	 750	
100	 6.1134964e-01	 +5.9911099e-03 -7.7720897e-04	 4.76e-01 Rejected	 268	 750	
101	 6.1147629e-01	 +6.5030170e-03 -3.3828113e-03	 1.10e+00 Accepted	 275	 802	
102	 6.1121858e-01	 +7.1365160e-03 -3.0405163e-03	 1.57e+00 Accepted	 280	 743	
103	 6.1109626e-01	 +6.8952393e-03 -4.8778180e-03	 6.47e-01 Accepted	 274	 743	
104	 6.1099886e-01	 +9.5118019e-03 -1.8342327e-03	 1.55e+00 Accepted	 269	 746	
105	 6.1100493e-01	 +1.0259475e-02 -3.2206423e-03	 1.15e+00 Accepted	 266	 748	
106	 6.1112729e-01	 +7.2146768e-03 -4.7583310e-03	 9.90e-01 Accepted	 266	 743	
107	 6.1112729e-01	 +7.2146768e-03 -4.7583310e-03	 7.96e-01 Rejected	 267	 745	
108	 6.1123087e-01	 +9.2468459e-03 -2.0456837e-03	 8.79e-01 Accepted	 267	 747	
109	 6.1131460e-01	 +1.0402305e-02 -4.5929439e-03	 6.86e-01 Accepted	 268	 745	
110	 6.1128371e-01	 +6.1553216e-03 -5.8699062e-03	 1.91e+00 Accepted	 268	 743	
111	 6.1104295e-01	 +7.9809450e-03 -2.7066717e-03	 7.06e-01 Accepted	 267	 746	
112	 6.1124660e-01	 +7.6547291e-03 -4.4810315e-03	 1.11e+00 Accepted	 269	 752	
113	 6.1109386e-01	 +6.4469241e-03 -4.0073118e-03	 5.87e-01 Accepted	 269	 747	
114	 6.1116671e-01	 +7.5568936e-03 -3.5618320e-03	 1.51e+00 Accepted	 267	 746	
115	 6.1116671e-01	 +7.5568936e-03 -3.5618320e-03	 6.38e-01 Rejected	 268	 744	
116	 6.1111787e-01	 +8.7495303e-03 -2.2999351e-03	 1.59e+00 Accepted	 268	 747	
117	 6.1122549e-01	 +7.3150291e-03 -4.6085063e-03	 1.31e+00 Accepted	 267	 746	
118	 6.1126721e-01	 +9.0246081e-03 -5.2158633e-03	 1.39e+00 Accepted	 267	 746	
119	 6.1116428e-01	 +9.5045615e-03 -5.4141419e-03	 9.28e-01 Accepted	 266	 747	
120	 6.1129090e-01	 +8.8909290e-03 -4.1249628e-03	 1.57e+00 Accepted	 266	 744	
121	 6.1129090e-01	 +8.8909290e-03 -4.1249628e-03	 8.09e-01 Rejected	 267	 747	
122	 6.1155804e-01	 +7.4143223e-03 -3.7386472e-03	 1.86e+00 Accepted	 266	 747	
123	 6.1155622e-01	 +9.5605877e-03 -1.9096206e-03	 9.36e-01 Accepted	 268	 744	
124	 6.1135517e-01	 +9.2094441e-03 -2.8074411e-03	 1.04e+00 Accepted	 267	 747	
125	 6.1135912e-01	 +9.4863132e-03 -1.5477998e-03	 1.02e+00 Accepted	 266	 747	
126	 6.1113591e-01	 +8.7749944e-03 -8.3058500e-04	 5.72e-01 Accepted	 266	 750	
127	 6.1100646e-01	 +8.9724123e-03 -1.3766972e-03	 7.61e-01 Accepted	 268	 747	
128	 6.1122412e-01	 +7.1853354e-03 -2.0893903e-03	 1.18e+00 Accepted	 268	 747	
129	 6.1108337e-01	 +7.8203933e-03 -1.6989318e-03	 9.10e-01 Accepted	 268	 748	
130	 6.1097177e-01	 +7.4427012e-03 -1.9735427e-03	 1.40e+00 Accepted	 267	 744	
131	 6.1098137e-01	 +7.8615311e-03 +8.2014514e-04	 9.13e-01 Accepted	 267	 746	
132	 6.1098137e-01	 +7.8615311e-03 +8.2014514e-04	 6.23e-01 Rejected	 267	 745	
133	 6.1110827e-01	 +8.9495905e-03 -1.4234888e-03	 1.08e+00 Accepted	 268	 744	
134	 6.1106955e-01	 +1.1357221e-02 +2.9429110e-03	 1.08e+00 Accepted	 268	 743	
135	 6.1096751e-01	 +9.4922109e-03 +7.3137322e-04	 1.09e+00 Accepted	 268	 743	
136	 6.1111095e-01	 +1.1483378e-02 -1.1655195e-03	 1.02e+00 Accepted	 266	 746	
137	 6.1112596e-01	 +1.1515001e-02 -1.2511082e-04	 1.30e+00 Accepted	 265	 744	
138	 6.1110271e-01	 +1.0218860e-02 -1.6396388e-04	 1.02e+00 Accepted	 267	 746	
139	 6.1118400e-01	 +1.2493210e-02 +1.6709075e-04	 8.39e-01 Accepted	 266	 743	
140	 6.1119107e-01	 +1.2697111e-02 +1.3540757e-04	 9.30e-01 Accepted	 266	 746	
141	 6.1113753e-01	 +1.2229707e-02 -3.9198745e-03	 9.61e-01 Accepted	 267	 744	
142	 6.1113501e-01	 +1.0303865e-02 -1.5779150e-03	 8.55e-01 Accepted	 267	 738	
143	 6.1123717e-01	 +1.0255112e-02 -1.8181909e-03	 1.27e+00 Accepted	 267	 743	
144	 6.1114540e-01	 +9.4793549e-03 -1.5320410e-03	 8.24e-01 Accepted	 266	 741	
145	 6.1116107e-01	 +8.9069917e-03 +2.0935345e-04	 1.44e+00 Accepted	 266	 741	
146	 6.1102981e-01	 +1.0883423e-02 -1.0766022e-03	 7.49e-01 Accepted	 264	 742	
147	 6.1112607e-01	 +1.4371694e-02 +8.9458331e-04	 1.25e+00 Accepted	 266	 742	
148	 6.1133398e-01	 +1.2919570e-02 -7.9744920e-04	 1.27e+00 Accepted	 266	 743	
149	 6.1136381e-01	 +1.2702788e-02 +6.9865996e-05	 8.77e-01 Accepted	 267	 741	
# Starting_type: CheckpointStart
# Trajectory_length / Number_of_MD_steps: 1 / 8
# 	 Plaquette	 Polyakov_Loop(re,im)	 Acc._Probability	 runtime_per_traj(s)	 CG_iterations	
149	 6.1136381e-01	 +1.2702788e-02 +6.9865996e-05	 8.77e-01 Accepted	 277	 741	
150	 6.1115056e-01	 +1.1780407e-02 -3.5314895e-04	 5.71e-01 Accepted	 267	 742	
151	 6.1114186e-01	 +1.2575770e-02 -1.8489785e-03	 1.09e+00 Accepted	 266	 743	
152	 6.1114186e-01	 +1.2575770e-02 -1.8489785e-03	 8.97e-01 Rejected	 265	 741	
153	 6.1098367e-01	 +1.5291162e-02 -1.3026301e-03	 7.75e-01 Accepted	 267	 743	
154	 6.1129911e-01	 +1.1113699e-02 -7.1398548e-04	 1.62e+00 Accepted	 267	 743	
155	 6.1118917e-01	 +1.2270067e-02 +1.2243412e-03	 1.21e+00 Accepted	 267	 738	
156	 6.1114164e-01	 +1.3003843e-02 +6.8029694e-04	 6.82e-01 Accepted	 267	 742	
157	 6.1133569e-01	 +1.3091145e-02 +5.3598464e-04	 1.09e+00 Accepted	 266	 743	
158	 6.1134642e-01	 +1.2058277e-02 +9.2261739e-04	 9.10e-01 Accepted	 268	 743	
159	 6.1133290e-01	 +1.4689801e-02 +1.6527649e-03	 1.09e+00 Accepted	 266	 743	
160	 6.1133290e-01	 +1.4689801e-02 +1.6527649e-03	 6.26e-01 Rejected	 267	 745	
161	 6.1146362e-01	 +1.5618390e-02 +1.2929389e-03	 1.08e+00 Accepted	 267	 744	
162	 6.1146362e-01	 +1.5618390e-02 +1.2929389e-03	 6.31e-01 Rejected	 267	 743	
163	 6.1146579e-01	 +1.6479050e-02 +9.5041330e-04	 1.40e+00 Accepted	 267	 742	
164	 6.1146579e-01	 +1.6479050e-02 +9.5041330e-04	 5.57e-01 Rejected	 267	 746	
165	 6.1141651e-01	 +1.3509998e-02 +9.0525962e-04	 1.10e+00 Accepted	 269	 742	
166	 6.1141651e-01	 +1.3509998e-02 +9.0525962e-04	 6.71e-01 Rejected	 269	 744	
167	 6.1102849e-01	 +1.5016225e-02 +2.8369394e-03	 7.78e-01 Accepted	 270	 742	
168	 6.1098299e-01	 +1.6037324e-02 +3.2254423e-04	 1.12e+00 Accepted	 267	 743	
169	 6.1106134e-01	 +1.5309587e-02 +1.6997516e-04	 1.27e+00 Accepted	 267	 743	
170	 6.1095946e-01	 +1.6055278e-02 -6.2070419e-04	 6.41e-01 Accepted	 267	 744	
171	 6.1108561e-01	 +1.3382899e-02 +2.7125879e-03	 9.36e-01 Accepted	 267	 744	
172	 6.1108145e-01	 +1.6589014e-02 -4.2495845e-04	 1.43e+00 Accepted	 267	 743	
173	 6.1106633e-01	 +1.6414934e-02 -2.1416086e-03	 1.66e+00 Accepted	 268	 743	
174	 6.1129497e-01	 +1.7724291e-02 -1.1582984e-03	 9.02e-01 Accepted	 266	 741	
175	 6.1123585e-01	 +1.7923307e-02 +1.5152795e-03	 7.45e-01 Accepted	 266	 745	
176	 6.1134552e-01	 +1.7146230e-02 +1.2311680e-03	 1.05e+00 Accepted	 267	 743	
177	 6.1134552e-01	 +1.7146230e-02 +1.2311680e-03	 7.35e-01 Rejected	 269	 743	
178	 6.1149171e-01	 +1.8931075e-02 +2.3334859e-03	 2.10e+00 Accepted	 266	 741	
179	 6.1149171e-01	 +1.8931075e-02 +2.3334859e-03	 6.93e-01 Rejected	 269	 742	
180	 6.1138228e-01	 +1.7865463e-02 +1.0065992e-03	 9.88e-01 Accepted	 268	 742	
181	 6.1117007e-01	 +1.9504123e-02 +2.3228177e-04	 3.58e-01 Accepted	 267	 745	
182	 6.1117869e-01	 +1.8996495e-02 +8.0419854e-06	 6.44e-01 Accepted	 265	 735	
183	 6.1112261e-01	 +2.0254609e-02 +3.7537498e-04	 9.45e-01 Accepted	 266	 741	
184	 6.1130035e-01	 +2.0731846e-02 +1.9035841e-04	 1.64e+00 Accepted	 267	 741	
185	 6.1142168e-01	 +1.9501826e-02 +6.1764443e-04	 9.59e-01 Accepted	 268	 744	
186	 6.1122068e-01	 +1.8881247e-02 +1.1791220e-03	 4.16e-01 Accepted	 265	 741	
187	 6.1139728e-01	 +2.0342128e-02 +1.4700398e-03	 1.27e+00 Accepted	 267	 742	
188	 6.1148249e-01	 +2.0567313e-02 +1.8461013e-03	 7.39e-01 Accepted	 266	 742	
189	 6.1172130e-01	 +1.9814156e-02 -2.2241313e-04	 1.27e+00 Accepted	 267	 741	
190	 6.1154899e-01	 +2.0246859e-02 +7.0402298e-04	 1.00e+00 Accepted	 267	 740	
191	 6.1154899e-01	 +2.0246859e-02 +7.0402298e-04	 6.44e-01 Rejected	 268	 743	
192	 6.1154899e-01	 +2.0246859e-02 +7.0402298e-04	 6.39e-01 Rejected	 267	 742	
193	 6.1142740e-01	 +1.9270000e-02 +3.2699739e-04	 6.15e-01 Accepted	 266	 741	
194	 6.1137730e-01	 +2.2102557e-02 -1.0369602e-03	 1.22e+00 Accepted	 267	 738	
195	 6.1137584e-01	 +1.8799603e-02 +4.4996938e-04	 9.79e-01 Accepted	 268	 741	
196	 6.1141549e-01	 +1.9732556e-02 +9.2888775e-04	 8.52e-01 Accepted	 268	 742	
197	 6.1153592e-01	 +2.1705703e-02 +5.5595861e-05	 2.16e+00 Accepted	 265	 739	
198	 6.1151878e-01	 +2.0440384e-02 +1.3797050e-03	 1.46e+00 Accepted	 268	 740	
199	 6.1133947e-01	 +2.0650968e-02 +1.8713251e-03	 8.75e-01 Accepted	 267	 739	
200	 6.1145060e-01	 +2.0764468e-02 +1.7867972e-03	 1.26e+00 Accepted	 265	 741	
201	 6.1145060e-01	 +2.0764468e-02 +1.7867972e-03	 6.61e-01 Rejected	 267	 738	
202	 6.1127442e-01	 +2.0821711e-02 +8.5350683e-04	 8.37e-01 Accepted	 265	 742	
203	 6.1141933e-01	 +2.1453167e-02 +4.3587802e-03	 1.32e+00 Accepted	 266	 739	
204	 6.1141933e-01	 +2.1453167e-02 +4.3587802e-03	 8.47e-01 Rejected	 265	 735	
205	 6.1143577e-01	 +2.4124093e-02 +2.1485300e-03	 8.70e-01 Accepted	 266	 739	
206	 6.1118942e-01	 +2.0515216e-02 +1.8366362e-03	 4.00e-01 Accepted	 267	 740	
207	 6.1117274e-01	 +2.0303421e-02 +1.7542091e-04	 9.46e-01 Accepted	 266	 736	
208	 6.1121362e-01	 +2.0957728e-02 +3.1999826e-03	 5.42e-01 Accepted	 266	 739	
209	 6.1132388e-01	 +2.1139232e-02 +2.2005642e-03	 9.21e-01 Accepted	 266	 733	
210	 6.1127179e-01	 +2.0155130e-02 +3.4882241e-03	 1.25e+00 Accepted	 265	 738	
211	 6.1159841e-01	 +2.0637893e-02 +2.2263067e-03	 9.22e-01 Accepted	 266	 736	
212	 6.1155303e-01	 +2.2091386e-02 +1.4039613e-03	 1.36e+00 Accepted	 265	 734	
213	 6.1150653e-01	 +2.1257844e-02 +3.2762477e-03	 1.38e+00 Accepted	 266	 728	
214	 6.1150653e-01	 +2.1257844e-02 +3.2762477e-03	 7.36e-01 Rejected	 266	 737	
215	 6.1150653e-01	 +2.1257844e-02 +3.2762477e-03	 3.96e-01 Rejected	 265	 734	
216	 6.1150653e-01	 +2.1257844e-02 +3.2762477e-03	 3.84e-01 Rejected	 266	 738	
217	 6.1147937e-01	 +2.1809435e-02 +3.2496819e-03	 1.13e+00 Accepted	 266	 736	
218	 6.1134209e-01	 +2.3541921e-02 +2.0600493e-03	 1.11e+00 Accepted	 266	 735	
219	 6.1135034e-01	 +2.1211772e-02 +3.2037946e-03	 6.10e-01 Accepted	 265	 736	
220	 6.1125421e-01	 +2.0125335e-02 +4.3816255e-03	 1.53e+00 Accepted	 264	 738	
221	 6.1128640e-01	 +2.1951560e-02 +2.9523785e-03	 6.31e-01 Accepted	 264	 733	
222	 6.1128640e-01	 +2.1951560e-02 +2.9523785e-03	 8.19e-01 Rejected	 265	 735	
223	 6.1136460e-01	 +2.1427869e-02 +3.3922373e-03	 1.45e+00 Accepted	 265	 736	
224	 6.1130545e-01	 +2.1476174e-02 +3.2229440e-03	 1.04e+00 Accepted	 266	 740	
225	 6.1115934e-01	 +2.2889764e-02 +2.2788527e-03	 7.14e-01 Accepted	 265	 737	
226	 6.1127603e-01	 +2.1753850e-02 +1.5873626e-03	 9.61e-01 Accepted	 265	 735	
227	 6.1124490e-01	 +2.2515190e-02 +2.0367725e-03	 1.26e+00 Accepted	 266	 735	
228	 6.1117232e-01	 +2.0718259e-02 +3.1445607e-03	 8.88e-01 Accepted	 264	 734	
229	 6.1117232e-01	 +2.0718259e-02 +3.1445607e-03	 8.27e-01 Rejected	 264	 732	
230	 6.1123595e-01	 +2.3157216e-02 +1.7502006e-03	 9.84e-01 Accepted	 264	 736	
231	 6.1125709e-01	 +2.3300367e-02 +2.6026575e-03	 6.65e-01 Accepted	 265	 736	
232	 6.1098248e-01	 +2.0733648e-02 +4.0658004e-03	 1.02e+00 Accepted	 265	 735	
233	 6.1116650e-01	 +2.2720102e-02 +3.4621643e-03	 1.08e+00 Accepted	 264	 738	
234	 6.1116650e-01	 +2.2720102e-02 +3.4621643e-03	 5.78e-01 Rejected	 264	 736	
235	 6.1098194e-01	 +2.5773895e-02 +5.5583645e-04	 9.03e-01 Accepted	 264	 735	
236	 6.1117490e-01	 +2.3870775e-02 +1.6109349e-03	 1.33e+00 Accepted	 264	 729	
237	 6.1126004e-01	 +2.1847430e-02 +2.9451347e-03	 7.53e-01 Accepted	 264	 731	
238	 6.1124327e-01	 +2.3730741e-02 +4.0821999e-03	 1.21e+00 Accepted	 263	 731	
239	 6.1138858e-01	 +2.4088532e-02 +2.1980485e-03	 1.34e+00 Accepted	 263	 730	
240	 6.1130488e-01	 +2.5398592e-02 +3.0122376e-03	 9.63e-01 Accepted	 263	 731	
241	 6.1142114e-01	 +2.4364166e-02 +1.4398067e-03	 1.09e+00 Accepted	 263	 731	
242	 6.1142114e-01	 +2.4364166e-02 +1.4398067e-03	 8.29e-01 Rejected	 263	 734	
243	 6.1142114e-01	 +2.4364166e-02 +1.4398067e-03	 7.66e-01 Rejected	 265	 723	
244	 6.1142965e-01	 +2.3822766e-02 +1.2712268e-03	 1.08e+00 Accepted	 263	 730	
245	 6.1125273e-01	 +2.4202920e-02 +2.0474323e-03	 8.47e-01 Accepted	 264	 737	
246	 6.1139754e-01	 +2.5459051e-02 +1.3504450e-03	 1.11e+00 Accepted	 264	 736	
247	 6.1116408e-01	 +2.2712524e-02 +1.3259140e-03	 9.31e-01 Accepted	 265	 728	
248	 6.1165396e-01	 +2.3400913e-02 +3.5609455e-03	 1.73e+00 Accepted	 263	 727	
