# Starting_type: ColdStart
# serial RNG seed: 	[2627 22899 42803 2338 36701]
# parallel RNG seed:	[38745 51259 6334 58743 19358]
# Trajectory_length / Number_of_MD_steps: 1 / 8
# 	 Plaquette	 Polyakov_Loop(re,im)	 Acc._Probability	 runtime_per_traj(s)	 CG_iterations	
1	 8.0296617e-01	 +4.2368202e-01 -2.1217853e-04	 2.75e-64 Skipping	 182	 223	
2	 7.2734529e-01	 +2.4563153e-01 -7.4749973e-04	 3.60e-32 Skipping	 182	 214	
3	 6.7890268e-01	 +1.6517244e-01 +3.0112467e-04	 4.33e-22 Skipping	 178	 209	
4	 6.4431245e-01	 +1.1836796e-01 -1.1398955e-03	 4.91e-16 Skipping	 177	 206	
5	 6.1885288e-01	 +9.2360701e-02 +2.7678884e-04	 4.71e-12 Skipping	 177	 208	
6	 6.0015124e-01	 +7.4404008e-02 -5.7416408e-05	 6.02e-09 Skipping	 183	 237	
7	 5.8643178e-01	 +6.0503183e-02 -2.6688520e-03	 1.12e-06 Skipping	 195	 262	
8	 5.7668219e-01	 +5.3653221e-02 +4.7413714e-04	 4.74e-05 Skipping	 216	 298	
9	 5.6977311e-01	 +4.7280242e-02 +6.7446827e-04	 1.20e-03 Skipping	 232	 329	
10	 5.6447207e-01	 +4.2769635e-02 -5.8807371e-04	 3.90e-03 Skipping	 231	 294	
11	 5.6062620e-01	 +3.9846299e-02 +2.1192447e-03	 1.79e-02 Skipping	 235	 404	
12	 5.5773850e-01	 +3.6499388e-02 +1.2095264e-04	 9.07e-02 Skipping	 277	 388	
13	 5.5568941e-01	 +3.2060573e-02 +5.0896981e-04	 8.75e-02 Skipping	 272	 403	
14	 5.5393286e-01	 +3.1358199e-02 +2.3344263e-04	 2.09e-01 Skipping	 293	 490	
15	 5.5284752e-01	 +2.9252308e-02 +1.9004874e-03	 3.20e-01 Skipping	 313	 439	
16	 5.5189720e-01	 +2.7438037e-02 -7.2980280e-04	 2.95e-01 Skipping	 306	 513	
17	 5.5115466e-01	 +2.6078271e-02 +1.5675246e-05	 4.92e-01 Skipping	 327	 516	
18	 5.5051778e-01	 +2.4846223e-02 -6.3934693e-04	 2.96e-01 Skipping	 323	 490	
19	 5.4984204e-01	 +2.2640189e-02 +8.0500996e-04	 5.96e-01 Skipping	 320	 499	
20	 5.4947802e-01	 +2.2921162e-02 +1.4915675e-03	 9.52e-01 Skipping	 323	 498	
21	 5.4898806e-01	 +2.0423059e-02 -9.6803527e-04	 7.10e-01 Skipping	 324	 501	
22	 5.4870790e-01	 +2.2220219e-02 +1.1865394e-03	 6.48e-01 Skipping	 326	 494	
23	 5.4833552e-01	 +2.0908414e-02 -1.2679416e-03	 6.57e-01 Skipping	 327	 517	
24	 5.4822726e-01	 +2.0026657e-02 -4.4091194e-04	 1.00e+00 Skipping	 331	 525	
25	 5.4844294e-01	 +1.9094825e-02 +1.6790437e-03	 1.27e+00 Skipping	 329	 520	
26	 5.4834159e-01	 +1.9043275e-02 +1.9643362e-03	 9.23e-01 Skipping	 330	 484	
27	 5.4802719e-01	 +1.6893692e-02 +1.3900775e-03	 6.44e-01 Skipping	 321	 502	
28	 5.4790786e-01	 +1.6352588e-02 +2.1106004e-03	 7.28e-01 Skipping	 331	 500	
29	 5.4753332e-01	 +1.5958938e-02 -7.4797168e-04	 6.06e-01 Skipping	 329	 515	
30	 5.4728160e-01	 +1.7001692e-02 +1.4172945e-03	 8.12e-01 Skipping	 329	 519	
31	 5.4748028e-01	 +1.6026689e-02 -8.6073287e-04	 1.01e+00 Skipping	 333	 528	
32	 5.4741105e-01	 +1.5522627e-02 -6.1523819e-04	 1.34e+00 Skipping	 333	 518	
33	 5.4735728e-01	 +1.5844710e-02 +2.8790434e-04	 7.54e-01 Skipping	 334	 521	
34	 5.4726196e-01	 +1.4612871e-02 -1.0872752e-04	 1.32e+00 Skipping	 333	 519	
35	 5.4750375e-01	 +1.5684710e-02 -1.8875088e-03	 1.55e+00 Skipping	 332	 518	
36	 5.4728253e-01	 +1.5632376e-02 +1.3639931e-03	 5.52e-01 Skipping	 329	 523	
37	 5.4727624e-01	 +1.3822399e-02 -4.7555057e-04	 7.34e-01 Skipping	 333	 515	
38	 5.4721759e-01	 +1.3069155e-02 +2.3391387e-03	 1.18e+00 Skipping	 331	 514	
39	 5.4724449e-01	 +1.3137132e-02 -2.2326292e-03	 9.59e-01 Skipping	 331	 524	
40	 5.4712129e-01	 +1.3638159e-02 +9.7709739e-05	 1.31e+00 Skipping	 332	 516	
41	 5.4704171e-01	 +1.3047057e-02 -9.5420957e-04	 9.38e-01 Skipping	 333	 522	
42	 5.4704562e-01	 +1.1755874e-02 -2.4957444e-03	 6.37e-01 Skipping	 333	 522	
43	 5.4677533e-01	 +1.2718399e-02 -1.2827684e-03	 7.06e-01 Skipping	 336	 521	
44	 5.4682289e-01	 +1.2226128e-02 -2.1976448e-03	 6.73e-01 Skipping	 336	 532	
45	 5.4657778e-01	 +1.2417524e-02 -7.5347847e-04	 6.55e-01 Skipping	 335	 524	
46	 5.4649007e-01	 +9.4956152e-03 +9.5924075e-05	 7.24e-01 Skipping	 335	 529	
47	 5.4655969e-01	 +1.0417502e-02 +2.7269397e-03	 9.85e-01 Skipping	 338	 533	
48	 5.4658264e-01	 +9.9058467e-03 +8.2491318e-04	 1.20e+00 Skipping	 337	 524	
49	 5.4642509e-01	 +9.7845821e-03 +6.9148545e-04	 1.11e+00 Skipping	 338	 533	
50	 5.4642630e-01	 +8.3761086e-03 +5.6305255e-04	 1.02e+00 Skipping	 336	 526	
51	 5.4662939e-01	 +9.2373110e-03 -4.0931211e-05	 1.27e+00 Accepted	 336	 529	
52	 5.4672839e-01	 +8.5103723e-03 -4.5143042e-04	 9.30e-01 Accepted	 337	 533	
53	 5.4637731e-01	 +6.9176523e-03 -1.2417321e-03	 7.35e-01 Accepted	 341	 527	
54	 5.4621703e-01	 +8.8511264e-03 -9.9213450e-04	 9.83e-01 Accepted	 338	 530	
55	 5.4631631e-01	 +6.5695233e-03 -1.1346678e-04	 8.45e-01 Accepted	 336	 525	
56	 5.4654246e-01	 +7.5274658e-03 -2.4776009e-03	 1.88e+00 Accepted	 335	 531	
57	 5.4650978e-01	 +7.1143699e-03 -1.8127528e-06	 1.02e+00 Accepted	 335	 522	
58	 5.4604171e-01	 +7.7828523e-03 -1.0489461e-04	 5.15e-01 Accepted	 337	 534	
59	 5.4593227e-01	 +5.0367782e-03 -6.1529336e-04	 8.14e-01 Accepted	 336	 529	
60	 5.4596199e-01	 +4.2557862e-03 -3.7960455e-03	 8.27e-01 Accepted	 336	 529	
61	 5.4611077e-01	 +6.0812130e-03 +1.1213944e-03	 1.17e+00 Accepted	 339	 525	
62	 5.4591981e-01	 +3.5765365e-03 -2.5507704e-03	 8.44e-01 Accepted	 337	 530	
63	 5.4581701e-01	 +4.7036849e-03 +3.8380603e-05	 6.49e-01 Accepted	 333	 517	
64	 5.4577973e-01	 +3.7453942e-03 -2.4008179e-03	 9.12e-01 Accepted	 335	 526	
65	 5.4567575e-01	 +5.1669252e-03 -6.8222731e-04	 1.03e+00 Accepted	 337	 523	
66	 5.4576404e-01	 +5.5244837e-03 -1.1398133e-03	 1.72e+00 Accepted	 334	 527	
67	 5.4569258e-01	 +2.0459463e-03 -7.2958687e-04	 6.66e-01 Accepted	 339	 537	
68	 5.4569095e-01	 +3.8691434e-03 -2.8301807e-03	 1.18e+00 Accepted	 340	 529	
69	 5.4579069e-01	 +3.5198756e-03 -1.4383585e-03	 6.85e-01 Accepted	 336	 529	
70	 5.4584029e-01	 +3.7125764e-03 -8.1494469e-04	 2.26e+00 Accepted	 335	 528	
71	 5.4581652e-01	 +2.7627072e-03 +4.2992921e-05	 1.08e+00 Accepted	 337	 533	
72	 5.4613488e-01	 +5.4479063e-03 -9.1418577e-05	 1.13e+00 Accepted	 336	 529	
73	 5.4597586e-01	 +3.4316289e-03 -4.0109548e-04	 5.68e-01 Accepted	 339	 533	
74	 5.4588273e-01	 +5.2515438e-03 +4.2876690e-04	 9.42e-01 Accepted	 337	 531	
75	 5.4584474e-01	 +4.0120335e-03 -8.4951955e-04	 9.46e-01 Accepted	 339	 530	
76	 5.4557527e-01	 +3.2582587e-03 +1.3519329e-03	 5.47e-01 Accepted	 339	 527	
77	 5.4563703e-01	 +1.7878290e-03 -1.1934344e-03	 1.14e+00 Accepted	 337	 537	
78	 5.4578606e-01	 +3.1325173e-03 +2.0795025e-03	 8.69e-01 Accepted	 338	 528	
79	 5.4578606e-01	 +3.1325173e-03 +2.0795025e-03	 5.71e-01 Rejected	 337	 529	
80	 5.4588481e-01	 +2.4820947e-03 -9.6831484e-04	 8.44e-01 Accepted	 335	 519	
81	 5.4588481e-01	 +2.4820947e-03 -9.6831484e-04	 7.48e-01 Rejected	 336	 531	
82	 5.4569029e-01	 +1.3004402e-03 -2.0500794e-04	 1.16e+00 Accepted	 336	 536	
83	 5.4572146e-01	 +2.6212322e-03 -7.6597319e-05	 1.08e+00 Accepted	 340	 529	
84	 5.4564871e-01	 +1.9889183e-03 -1.3264809e-03	 9.54e-01 Accepted	 338	 533	
85	 5.4549373e-01	 +2.2344834e-03 +8.3064267e-04	 8.61e-01 Accepted	 339	 532	
86	 5.4550724e-01	 +2.3064328e-03 +1.3762357e-04	 1.35e+00 Accepted	 340	 534	
87	 5.4564177e-01	 +1.4084588e-03 -3.3373260e-03	 1.23e+00 Accepted	 338	 523	
88	 5.4551514e-01	 +2.2539918e-03 -2.0644505e-03	 1.02e+00 Accepted	 337	 534	
89	 5.4556452e-01	 +3.3949484e-03 -1.7010684e-03	 8.42e-01 Accepted	 340	 533	
90	 5.4561824e-01	 +8.7188154e-04 -2.7567037e-04	 1.01e+00 Accepted	 338	 525	
91	 5.4572656e-01	 +1.4464010e-03 -1.7018163e-03	 8.31e-01 Accepted	 337	 535	
92	 5.4565740e-01	 +2.6198151e-03 -2.0367771e-03	 9.49e-01 Accepted	 338	 524	
93	 5.4573973e-01	 +2.2661976e-03 -6.3499175e-04	 1.09e+00 Accepted	 336	 529	
94	 5.4539004e-01	 +5.9311622e-04 -1.6062063e-03	 7.78e-01 Accepted	 337	 531	
95	 5.4532902e-01	 +1.2411913e-03 -2.6436661e-03	 1.48e+00 Accepted	 336	 527	
96	 5.4534638e-01	 +3.0358321e-03 -3.3568558e-04	 1.12e+00 Accepted	 336	 523	
97	 5.4534638e-01	 +3.0358321e-03 -3.3568558e-04	 8.63e-01 Rejected	 336	 531	
98	 5.4540303e-01	 +6.5175366e-04 -9.6891381e-04	 1.10e+00 Accepted	 335	 527	
99	 5.4530536e-01	 +8.7260404e-04 +1.3591384e-03	 1.20e+00 Accepted	 336	 532	
100	 5.4531331e-01	 +2.9376599e-04 -7.0408525e-04	 7.13e-01 Accepted	 337	 530	
101	 5.4541048e-01	 +1.1900425e-03 +4.1328776e-04	 1.22e+00 Accepted	 337	 531	
102	 5.4521304e-01	 +1.0450413e-03 +1.6360276e-03	 6.31e-01 Accepted	 342	 537	
103	 5.4521771e-01	 +1.5220647e-03 -3.8008994e-04	 9.66e-01 Accepted	 340	 540	
104	 5.4528259e-01	 +1.0031890e-03 -2.9629240e-04	 1.11e+00 Accepted	 341	 533	
105	 5.4526703e-01	 +4.9321659e-04 -1.3670493e-03	 6.35e-01 Accepted	 339	 537	
106	 5.4507118e-01	 +8.5422485e-04 -2.6381650e-04	 9.95e-01 Accepted	 339	 539	
107	 5.4513751e-01	 +2.7541298e-04 -1.3747193e-03	 1.15e+00 Accepted	 337	 524	
108	 5.4502758e-01	 -6.1590243e-04 +1.0803573e-03	 8.06e-01 Accepted	 338	 532	
109	 5.4531696e-01	 -7.3862199e-04 -1.9574915e-03	 1.86e+00 Accepted	 337	 535	
110	 5.4508329e-01	 -5.1447471e-04 -1.0752869e-03	 5.86e-01 Accepted	 339	 536	
111	 5.4496818e-01	 +1.4550830e-03 +1.2010710e-03	 1.29e+00 Accepted	 338	 531	
112	 5.4484290e-01	 -2.5857175e-04 -1.3409468e-03	 8.10e-01 Accepted	 340	 532	
113	 5.4494381e-01	 +1.1141285e-03 +8.3407720e-04	 1.16e+00 Accepted	 338	 526	
114	 5.4491522e-01	 +2.1395744e-03 -3.0883068e-04	 9.04e-01 Accepted	 336	 533	
115	 5.4515594e-01	 +1.3137027e-03 -1.3451379e-03	 1.13e+00 Accepted	 340	 535	
116	 5.4515594e-01	 +1.3137027e-03 -1.3451379e-03	 4.56e-01 Rejected	 338	 524	
117	 5.4528003e-01	 -5.9649833e-04 -4.3507781e-04	 8.73e-01 Accepted	 342	 538	
118	 5.4528003e-01	 -5.9649833e-04 -4.3507781e-04	 6.83e-01 Rejected	 342	 539	
119	 5.4510200e-01	 -3.9884182e-04 -8.5701976e-04	 9.61e-01 Accepted	 343	 531	
120	 5.4513070e-01	 +8.5086314e-04 -9.1147121e-04	 1.49e+00 Accepted	 339	 537	
121	 5.4513070e-01	 +8.5086314e-04 -9.1147121e-04	 6.97e-01 Rejected	 341	 536	
122	 5.4472966e-01	 +5.7818356e-04 -2.0400883e-04	 7.98e-01 Accepted	 340	 533	
123	 5.4484009e-01	 -3.3420939e-04 -6.3025519e-04	 1.15e+00 Accepted	 337	 533	
124	 5.4468522e-01	 +3.3882869e-04 -1.0607576e-03	 5.73e-01 Accepted	 339	 532	
125	 5.4470583e-01	 -1.4458573e-03 -3.3560428e-03	 6.93e-01 Accepted	 338	 538	
126	 5.4475138e-01	 +8.6527544e-04 -7.4496938e-04	 7.84e-01 Accepted	 340	 530	
127	 5.4485586e-01	 -1.1367578e-04 +1.0326568e-03	 1.05e+00 Accepted	 338	 533	
128	 5.4502734e-01	 -8.8368529e-04 -9.8695141e-04	 8.94e-01 Accepted	 342	 536	
129	 5.4524988e-01	 +3.0526657e-03 +1.7019361e-04	 8.65e-01 Accepted	 338	 532	
130	 5.4522495e-01	 +6.4672493e-04 +1.1171410e-04	 8.68e-01 Accepted	 340	 538	
131	 5.4514596e-01	 +2.3841737e-04 +3.5405028e-04	 9.94e-01 Accepted	 338	 533	
132	 5.4482132e-01	 +1.7533423e-03 +2.2846791e-04	 5.23e-01 Accepted	 341	 537	
133	 5.4479051e-01	 -3.4201960e-04 -1.3721220e-03	 1.66e+00 Accepted	 342	 542	
