# Starting_type: ColdStart
# serial RNG seed: 	[58635 32796 27874 60507 13989]
# parallel RNG seed:	[39001 17920 65248 60968 15538]
# Trajectory_length / Number_of_MD_steps: 0.1 / 10
# 	 Plaquette	 Polyakov_Loop(re,im)	 Acc._Probability	 runtime_per_traj(s)	 CG_iterations	
1	 9.3389931e-01	 +8.6835676e-01 +5.0568722e-05	 4.92e-01 Accepted	 159	 299	
2	 8.8677833e-01	 +7.7128621e-01 -5.3254617e-05	 6.07e-01 Accepted	 164	 308	
3	 8.5157885e-01	 +6.9837251e-01 -1.2535796e-05	 6.92e-01 Accepted	 164	 315	
4	 8.5157885e-01	 +6.9837251e-01 -1.2535796e-05	 7.55e-01 Rejected	 166	 323	
5	 8.2455812e-01	 +6.3935348e-01 +1.1935080e-04	 7.55e-01 Accepted	 165	 322	
6	 8.0304542e-01	 +5.9040460e-01 +2.2236694e-04	 8.01e-01 Accepted	 168	 327	
7	 8.0304542e-01	 +5.9040460e-01 +2.2236694e-04	 8.39e-01 Rejected	 170	 331	
8	 7.8574425e-01	 +5.5133702e-01 +2.8509244e-04	 8.38e-01 Accepted	 170	 331	
9	 7.7151883e-01	 +5.1772965e-01 +5.8039034e-04	 8.66e-01 Accepted	 172	 335	
10	 7.5961461e-01	 +4.8854995e-01 +4.5015013e-04	 8.88e-01 Accepted	 172	 339	
11	 7.5961461e-01	 +4.8854995e-01 +4.5015013e-04	 9.04e-01 Rejected	 174	 343	
12	 7.4975296e-01	 +4.6421867e-01 +1.3084395e-05	 9.07e-01 Accepted	 174	 342	
13	 7.4115726e-01	 +4.4183713e-01 -1.1069690e-04	 9.18e-01 Accepted	 176	 346	
14	 7.3369849e-01	 +4.2365840e-01 -6.6938872e-05	 9.28e-01 Accepted	 177	 347	
15	 7.2736535e-01	 +4.0694582e-01 +3.0304815e-05	 9.40e-01 Accepted	 178	 352	
16	 7.2169768e-01	 +3.9195334e-01 -1.2646100e-04	 9.47e-01 Accepted	 179	 353	
17	 7.1674206e-01	 +3.7874759e-01 -2.1998310e-04	 9.54e-01 Accepted	 179	 355	
18	 7.1241114e-01	 +3.6641138e-01 -9.2034776e-04	 9.59e-01 Accepted	 180	 356	
19	 7.0859965e-01	 +3.5664667e-01 -8.6659754e-04	 9.64e-01 Accepted	 180	 359	
20	 7.0510964e-01	 +3.4724393e-01 -7.7434201e-04	 9.68e-01 Accepted	 181	 359	
21	 7.0193205e-01	 +3.3820275e-01 -4.7666335e-04	 9.70e-01 Accepted	 182	 361	
22	 6.9909169e-01	 +3.2997001e-01 -9.5986867e-04	 9.71e-01 Accepted	 181	 362	
23	 6.9645039e-01	 +3.2170880e-01 -1.8044435e-04	 9.76e-01 Accepted	 182	 365	
24	 6.9403211e-01	 +3.1452900e-01 +1.4825911e-03	 9.77e-01 Accepted	 183	 365	
25	 6.9202655e-01	 +3.0901806e-01 +8.3691217e-04	 9.78e-01 Accepted	 184	 368	
26	 6.9009971e-01	 +3.0357226e-01 +2.6114249e-04	 9.82e-01 Accepted	 184	 368	
27	 6.8833237e-01	 +2.9773704e-01 +5.4822211e-04	 9.84e-01 Accepted	 185	 369	
28	 6.8672351e-01	 +2.9236870e-01 +7.0678683e-06	 9.86e-01 Accepted	 185	 370	
29	 6.8529464e-01	 +2.8683146e-01 +3.7477240e-05	 9.85e-01 Accepted	 185	 373	
30	 6.8397615e-01	 +2.8276328e-01 +3.2884239e-04	 9.89e-01 Accepted	 185	 374	
31	 6.8266229e-01	 +2.7808140e-01 -2.5297765e-04	 9.88e-01 Accepted	 186	 375	
32	 6.8151656e-01	 +2.7369867e-01 -4.1952379e-04	 9.90e-01 Accepted	 187	 377	
33	 6.8036665e-01	 +2.7047685e-01 -8.0449477e-04	 9.89e-01 Accepted	 187	 379	
34	 6.7928268e-01	 +2.6705099e-01 -8.0662848e-04	 9.92e-01 Accepted	 187	 380	
35	 6.7826323e-01	 +2.6304771e-01 -8.8540590e-05	 9.92e-01 Accepted	 187	 379	
36	 6.7747542e-01	 +2.6020371e-01 +7.7533610e-06	 9.89e-01 Accepted	 187	 380	
37	 6.7648604e-01	 +2.5697420e-01 +2.6363288e-04	 9.91e-01 Accepted	 187	 382	
38	 6.7569224e-01	 +2.5364055e-01 -4.2591367e-04	 9.94e-01 Accepted	 188	 382	
39	 6.7497517e-01	 +2.5168723e-01 -5.7733088e-05	 9.94e-01 Accepted	 188	 381	
40	 6.7428351e-01	 +2.4896436e-01 +2.0207210e-04	 9.94e-01 Accepted	 189	 383	
41	 6.7362303e-01	 +2.4588786e-01 -1.9991388e-04	 9.94e-01 Accepted	 189	 384	
42	 6.7302166e-01	 +2.4340110e-01 -1.6646579e-04	 9.93e-01 Accepted	 189	 385	
43	 6.7253288e-01	 +2.4051646e-01 +1.6925439e-05	 9.95e-01 Accepted	 190	 386	
44	 6.7208326e-01	 +2.3902332e-01 -4.5885623e-04	 9.94e-01 Accepted	 190	 386	
45	 6.7146218e-01	 +2.3675031e-01 -6.2448686e-04	 9.94e-01 Accepted	 190	 387	
46	 6.7112969e-01	 +2.3503808e-01 -1.0797732e-03	 9.96e-01 Accepted	 190	 389	
47	 6.7063298e-01	 +2.3236780e-01 -6.2150638e-04	 9.96e-01 Accepted	 190	 388	
48	 6.7023755e-01	 +2.3001398e-01 -3.1227684e-04	 9.98e-01 Accepted	 191	 391	
49	 6.6989225e-01	 +2.2781430e-01 -3.8725701e-04	 9.98e-01 Accepted	 190	 390	
50	 6.6952294e-01	 +2.2609470e-01 -5.7830781e-04	 9.97e-01 Accepted	 191	 390	
51	 6.6919857e-01	 +2.2426542e-01 -3.4625199e-04	 9.95e-01 Accepted	 191	 392	
52	 6.6876783e-01	 +2.2301194e-01 -3.5177958e-04	 9.94e-01 Accepted	 192	 392	
53	 6.6840090e-01	 +2.2211792e-01 -5.0654120e-04	 9.98e-01 Accepted	 192	 393	
54	 6.6805250e-01	 +2.2021359e-01 +3.5793759e-05	 9.98e-01 Accepted	 192	 394	
55	 6.6773275e-01	 +2.1888796e-01 -8.9172896e-04	 9.96e-01 Accepted	 192	 394	
56	 6.6751370e-01	 +2.1680947e-01 -7.0032166e-04	 9.97e-01 Accepted	 192	 394	
57	 6.6719364e-01	 +2.1565499e-01 -4.0449087e-04	 9.97e-01 Accepted	 192	 395	
58	 6.6682461e-01	 +2.1430509e-01 -6.7256101e-04	 9.95e-01 Accepted	 193	 396	
59	 6.6653068e-01	 +2.1241122e-01 -7.3095758e-04	 9.98e-01 Accepted	 193	 396	
60	 6.6628480e-01	 +2.1056504e-01 -4.9111538e-04	 9.96e-01 Accepted	 194	 398	
61	 6.6609708e-01	 +2.0850364e-01 +3.3772848e-04	 9.99e-01 Accepted	 194	 397	
62	 6.6597785e-01	 +2.0743539e-01 +6.4092959e-04	 1.00e+00 Accepted	 194	 399	
63	 6.6592537e-01	 +2.0656306e-01 +7.9142004e-04	 9.99e-01 Accepted	 194	 398	
64	 6.6573628e-01	 +2.0534493e-01 +6.5262492e-04	 9.98e-01 Accepted	 194	 399	
65	 6.6548241e-01	 +2.0364239e-01 +8.0853370e-05	 9.98e-01 Accepted	 194	 400	
66	 6.6537343e-01	 +2.0307512e-01 -3.9949075e-04	 1.00e+00 Accepted	 194	 399	
67	 6.6519259e-01	 +2.0339836e-01 +1.0067608e-04	 9.97e-01 Accepted	 196	 402	
68	 6.6508616e-01	 +2.0329365e-01 -1.7586634e-04	 9.99e-01 Accepted	 196	 401	
69	 6.6488716e-01	 +2.0233861e-01 -7.5195202e-04	 1.00e+00 Accepted	 196	 401	
70	 6.6470011e-01	 +2.0161287e-01 -9.9563124e-04	 9.98e-01 Accepted	 196	 403	
71	 6.6460219e-01	 +2.0070916e-01 -1.6473216e-03	 1.00e+00 Accepted	 196	 402	
72	 6.6444142e-01	 +1.9921872e-01 -1.3749457e-03	 1.00e+00 Accepted	 195	 402	
73	 6.6440906e-01	 +1.9778044e-01 -1.7760834e-03	 9.98e-01 Accepted	 195	 402	
74	 6.6423363e-01	 +1.9771965e-01 -9.3156638e-04	 9.97e-01 Accepted	 195	 402	
75	 6.6416638e-01	 +1.9701487e-01 -4.0596165e-04	 9.99e-01 Accepted	 197	 404	
76	 6.6405515e-01	 +1.9707277e-01 -1.6680289e-04	 1.00e+00 Accepted	 197	 403	
77	 6.6391698e-01	 +1.9646494e-01 -1.4322840e-04	 9.97e-01 Accepted	 197	 406	
78	 6.6379159e-01	 +1.9539395e-01 -2.1783985e-04	 9.98e-01 Accepted	 197	 406	
79	 6.6360346e-01	 +1.9505249e-01 -4.4824140e-04	 9.99e-01 Accepted	 196	 404	
80	 6.6355978e-01	 +1.9347602e-01 -1.1042008e-03	 9.98e-01 Accepted	 196	 407	
81	 6.6336293e-01	 +1.9288144e-01 -1.4954637e-03	 9.97e-01 Accepted	 195	 405	
82	 6.6308134e-01	 +1.9228428e-01 -1.6517757e-03	 9.98e-01 Accepted	 197	 407	
83	 6.6293749e-01	 +1.9189340e-01 -1.8054890e-03	 1.00e+00 Accepted	 196	 406	
84	 6.6291837e-01	 +1.9096258e-01 -1.2843515e-03	 9.97e-01 Accepted	 197	 409	
85	 6.6288857e-01	 +1.9004456e-01 -1.3149896e-03	 9.99e-01 Accepted	 196	 407	
86	 6.6291041e-01	 +1.9023088e-01 -1.2306090e-03	 9.99e-01 Accepted	 196	 408	
87	 6.6290827e-01	 +1.8985275e-01 -1.2922294e-03	 1.00e+00 Accepted	 197	 409	
88	 6.6281058e-01	 +1.8896548e-01 -1.2913352e-03	 9.99e-01 Accepted	 198	 409	
89	 6.6275848e-01	 +1.8950105e-01 -1.3276739e-03	 1.00e+00 Accepted	 197	 408	
90	 6.6258714e-01	 +1.8820206e-01 -9.0373072e-04	 9.97e-01 Accepted	 198	 409	
91	 6.6259269e-01	 +1.8646368e-01 -2.0922611e-04	 1.00e+00 Accepted	 197	 408	
92	 6.6256002e-01	 +1.8633982e-01 -1.0098176e-04	 9.99e-01 Accepted	 197	 409	
93	 6.6260487e-01	 +1.8634724e-01 -1.7685581e-04	 1.00e+00 Accepted	 197	 409	
94	 6.6252980e-01	 +1.8539946e-01 +2.0197772e-04	 9.99e-01 Accepted	 198	 411	
95	 6.6251099e-01	 +1.8534173e-01 +4.1156851e-04	 9.98e-01 Accepted	 198	 409	
96	 6.6245182e-01	 +1.8431278e-01 +2.9673684e-04	 1.00e+00 Accepted	 198	 412	
97	 6.6236433e-01	 +1.8439085e-01 +2.8034020e-05	 1.00e+00 Accepted	 198	 412	
98	 6.6233043e-01	 +1.8386727e-01 -2.2429526e-05	 1.00e+00 Accepted	 199	 412	
99	 6.6229781e-01	 +1.8321639e-01 -6.9180336e-04	 1.00e+00 Accepted	 199	 413	
100	 6.6229946e-01	 +1.8322139e-01 -5.5380465e-04	 9.99e-01 Accepted	 199	 413	
101	 6.6224068e-01	 +1.8203318e-01 -3.0096606e-04	 1.00e+00 Accepted	 199	 415	
102	 6.6222727e-01	 +1.8140647e-01 -7.8663589e-04	 1.00e+00 Accepted	 198	 414	
103	 6.6208112e-01	 +1.8149301e-01 -7.1006526e-04	 1.00e+00 Accepted	 200	 416	
104	 6.6204597e-01	 +1.8103111e-01 -9.2662212e-04	 9.99e-01 Accepted	 199	 416	
105	 6.6192974e-01	 +1.8121834e-01 -4.9337219e-04	 9.99e-01 Accepted	 199	 417	
106	 6.6204922e-01	 +1.8037391e-01 -8.1540745e-04	 1.00e+00 Accepted	 199	 414	
107	 6.6210339e-01	 +1.7956710e-01 -3.5315527e-04	 1.00e+00 Accepted	 199	 416	
108	 6.6197823e-01	 +1.7828286e-01 +5.1303147e-05	 9.99e-01 Accepted	 200	 418	
109	 6.6192235e-01	 +1.7785958e-01 +2.4157556e-04	 9.99e-01 Accepted	 201	 417	
110	 6.6194697e-01	 +1.7838575e-01 -1.9846217e-04	 1.00e+00 Accepted	 199	 415	
111	 6.6191456e-01	 +1.7851847e-01 +3.8118904e-05	 1.00e+00 Accepted	 201	 417	
112	 6.6182541e-01	 +1.7791281e-01 -4.6828930e-04	 9.97e-01 Accepted	 200	 417	
113	 6.6185951e-01	 +1.7789379e-01 -3.1774964e-04	 1.00e+00 Accepted	 200	 418	
114	 6.6179889e-01	 +1.7805269e-01 +9.4754048e-04	 9.98e-01 Accepted	 200	 418	
115	 6.6172805e-01	 +1.7804651e-01 +4.8185333e-04	 9.99e-01 Accepted	 200	 419	
116	 6.6158186e-01	 +1.7792491e-01 +1.3341362e-04	 9.97e-01 Accepted	 200	 417	
117	 6.6165984e-01	 +1.7834158e-01 +5.0818041e-04	 1.00e+00 Accepted	 201	 418	
118	 6.6165156e-01	 +1.7792500e-01 +6.3840280e-04	 1.00e+00 Accepted	 201	 420	
119	 6.6164375e-01	 +1.7835595e-01 +7.6595568e-04	 1.00e+00 Accepted	 201	 417	
120	 6.6163483e-01	 +1.7794695e-01 +4.6322400e-04	 9.99e-01 Accepted	 201	 417	
121	 6.6152889e-01	 +1.7703362e-01 +4.1202667e-04	 9.99e-01 Accepted	 201	 420	
122	 6.6149895e-01	 +1.7575345e-01 +5.6415280e-04	 9.99e-01 Accepted	 201	 418	
123	 6.6140077e-01	 +1.7549829e-01 +4.3637153e-04	 1.00e+00 Accepted	 202	 420	
124	 6.6143606e-01	 +1.7454050e-01 +7.2637379e-04	 1.00e+00 Accepted	 201	 419	
125	 6.6133555e-01	 +1.7438260e-01 +4.3558804e-05	 9.99e-01 Accepted	 200	 420	
126	 6.6132191e-01	 +1.7409524e-01 +3.9898972e-04	 9.98e-01 Accepted	 200	 420	
127	 6.6135132e-01	 +1.7369557e-01 +1.1931406e-03	 9.99e-01 Accepted	 201	 420	
128	 6.6134631e-01	 +1.7322825e-01 +2.9559196e-04	 9.98e-01 Accepted	 202	 422	
129	 6.6136543e-01	 +1.7302155e-01 +4.3424486e-04	 1.00e+00 Accepted	 201	 421	
130	 6.6136087e-01	 +1.7169557e-01 +2.4400544e-04	 1.00e+00 Accepted	 201	 421	
131	 6.6141038e-01	 +1.7222574e-01 +2.7293320e-04	 1.00e+00 Accepted	 202	 420	
132	 6.6132484e-01	 +1.7145055e-01 -1.0311598e-04	 9.98e-01 Accepted	 202	 423	
133	 6.6128908e-01	 +1.7103476e-01 +6.9933474e-04	 9.99e-01 Accepted	 201	 421	
134	 6.6131526e-01	 +1.7125173e-01 +4.0406093e-04	 1.00e+00 Accepted	 201	 423	
135	 6.6121280e-01	 +1.7071094e-01 -1.6626403e-04	 9.99e-01 Accepted	 202	 423	
136	 6.6121333e-01	 +1.7051385e-01 +5.1955605e-04	 9.99e-01 Accepted	 201	 421	
137	 6.6120242e-01	 +1.7052157e-01 +8.2621789e-04	 1.00e+00 Accepted	 202	 421	
138	 6.6127694e-01	 +1.7012110e-01 +1.0586043e-03	 1.00e+00 Accepted	 202	 424	
139	 6.6124945e-01	 +1.6983900e-01 +8.3368218e-04	 9.98e-01 Accepted	 203	 424	
140	 6.6130850e-01	 +1.6990816e-01 +6.7321117e-04	 9.99e-01 Accepted	 203	 425	
141	 6.6122522e-01	 +1.7020224e-01 +3.2154250e-04	 9.98e-01 Accepted	 203	 424	
142	 6.6122248e-01	 +1.6987438e-01 +3.5125883e-04	 9.98e-01 Accepted	 203	 424	
143	 6.6113061e-01	 +1.6956752e-01 +5.1998719e-04	 9.98e-01 Accepted	 203	 424	
144	 6.6105540e-01	 +1.6945096e-01 +3.1101140e-04	 1.00e+00 Accepted	 202	 424	
145	 6.6110048e-01	 +1.6931993e-01 +2.3215045e-05	 1.00e+00 Accepted	 202	 424	
146	 6.6107836e-01	 +1.6954580e-01 -1.4890999e-04	 9.99e-01 Accepted	 202	 423	
147	 6.6096086e-01	 +1.6868853e-01 -1.1107030e-04	 9.98e-01 Accepted	 202	 423	
148	 6.6097677e-01	 +1.6851968e-01 +4.4264972e-04	 1.00e+00 Accepted	 203	 424	
149	 6.6095950e-01	 +1.6732387e-01 +2.4466457e-04	 1.00e+00 Accepted	 203	 424	
150	 6.6098115e-01	 +1.6770415e-01 +2.2350591e-04	 1.00e+00 Accepted	 203	 425	
151	 6.6088715e-01	 +1.6709292e-01 +6.7117479e-04	 1.00e+00 Accepted	 202	 423	
152	 6.6083203e-01	 +1.6709223e-01 +1.0631651e-03	 9.98e-01 Accepted	 203	 426	
153	 6.6087100e-01	 +1.6639643e-01 +1.0191806e-03	 1.00e+00 Accepted	 203	 427	
154	 6.6092522e-01	 +1.6617666e-01 +1.2727952e-03	 1.00e+00 Accepted	 202	 424	
155	 6.6093612e-01	 +1.6640392e-01 +1.1271033e-03	 1.00e+00 Accepted	 203	 426	
156	 6.6087309e-01	 +1.6588539e-01 +1.6899033e-03	 1.00e+00 Accepted	 202	 425	
157	 6.6099513e-01	 +1.6558009e-01 +1.2207322e-03	 1.00e+00 Accepted	 202	 424	
158	 6.6093835e-01	 +1.6642436e-01 +9.3799170e-04	 1.00e+00 Accepted	 203	 426	
159	 6.6085861e-01	 +1.6637047e-01 +8.1792475e-04	 1.00e+00 Accepted	 203	 427	
160	 6.6065663e-01	 +1.6635122e-01 +1.0333013e-03	 9.98e-01 Accepted	 203	 426	
161	 6.6069824e-01	 +1.6613997e-01 +1.4508393e-03	 1.00e+00 Accepted	 203	 428	
162	 6.6069705e-01	 +1.6501200e-01 +1.6869201e-03	 9.99e-01 Accepted	 202	 425	
163	 6.6061431e-01	 +1.6445231e-01 +1.3062107e-03	 1.00e+00 Accepted	 204	 427	
164	 6.6054059e-01	 +1.6457465e-01 +1.2709359e-03	 9.97e-01 Accepted	 204	 427	
165	 6.6047824e-01	 +1.6425036e-01 +1.5616973e-03	 9.99e-01 Accepted	 204	 427	
166	 6.6041446e-01	 +1.6397244e-01 +1.8387251e-03	 9.97e-01 Accepted	 204	 429	
167	 6.6054304e-01	 +1.6343170e-01 +1.7443908e-03	 1.00e+00 Accepted	 204	 429	
168	 6.6053708e-01	 +1.6255481e-01 +1.1869327e-03	 1.00e+00 Accepted	 204	 428	
169	 6.6053870e-01	 +1.6338083e-01 +1.4383869e-03	 1.00e+00 Accepted	 205	 430	
170	 6.6055107e-01	 +1.6268720e-01 +1.6605595e-03	 1.00e+00 Accepted	 204	 426	
171	 6.6061034e-01	 +1.6313448e-01 +1.2110048e-03	 1.00e+00 Accepted	 203	 427	
172	 6.6055828e-01	 +1.6337008e-01 +7.7465876e-04	 1.00e+00 Accepted	 203	 429	
173	 6.6054733e-01	 +1.6345514e-01 +9.9090127e-04	 1.00e+00 Accepted	 204	 429	
174	 6.6055177e-01	 +1.6325886e-01 +1.6521011e-03	 9.98e-01 Accepted	 204	 428	
175	 6.6054138e-01	 +1.6381347e-01 +6.1210516e-04	 9.99e-01 Accepted	 204	 428	
176	 6.6064348e-01	 +1.6393227e-01 +6.9269218e-04	 1.00e+00 Accepted	 204	 429	
177	 6.6071096e-01	 +1.6317017e-01 +6.0612058e-04	 1.00e+00 Accepted	 204	 429	
178	 6.6078778e-01	 +1.6356971e-01 +1.1427083e-03	 1.00e+00 Accepted	 205	 430	
179	 6.6071643e-01	 +1.6356427e-01 +1.1561766e-03	 9.99e-01 Accepted	 204	 429	
180	 6.6067976e-01	 +1.6371958e-01 +8.9262539e-04	 9.98e-01 Accepted	 203	 427	
181	 6.6062277e-01	 +1.6409452e-01 +5.9593665e-04	 9.99e-01 Accepted	 204	 428	
182	 6.6063011e-01	 +1.6474010e-01 +9.6313027e-04	 1.00e+00 Accepted	 204	 429	
183	 6.6053824e-01	 +1.6388806e-01 +1.2634996e-03	 9.99e-01 Accepted	 204	 428	
184	 6.6059000e-01	 +1.6392631e-01 +5.4371287e-04	 1.00e+00 Accepted	 204	 429	
185	 6.6065172e-01	 +1.6431947e-01 -3.7675103e-05	 1.00e+00 Accepted	 205	 429	
186	 6.6054823e-01	 +1.6361484e-01 +4.4387175e-05	 9.98e-01 Accepted	 203	 429	
187	 6.6051506e-01	 +1.6236334e-01 -5.2008589e-04	 1.00e+00 Accepted	 204	 428	
188	 6.6044501e-01	 +1.6241964e-01 -3.4735454e-04	 1.00e+00 Accepted	 204	 428	
189	 6.6042645e-01	 +1.6230509e-01 -1.6917793e-04	 1.00e+00 Accepted	 204	 429	
190	 6.6032954e-01	 +1.6172602e-01 +9.7972550e-05	 9.98e-01 Accepted	 204	 430	
191	 6.6049748e-01	 +1.6164267e-01 -5.1775871e-04	 1.00e+00 Accepted	 205	 429	
192	 6.6058242e-01	 +1.6101024e-01 -1.1953035e-04	 1.00e+00 Accepted	 204	 429	
193	 6.6050016e-01	 +1.6117262e-01 -3.2667069e-06	 1.00e+00 Accepted	 205	 429	
194	 6.6042064e-01	 +1.6113926e-01 +1.1124934e-04	 9.99e-01 Accepted	 204	 429	
195	 6.6044683e-01	 +1.6014577e-01 -1.5970278e-04	 1.00e+00 Accepted	 204	 430	
196	 6.6044698e-01	 +1.5946571e-01 -2.9389293e-04	 9.99e-01 Accepted	 204	 429	
197	 6.6036845e-01	 +1.6033838e-01 +3.5611776e-04	 9.99e-01 Accepted	 205	 431	
198	 6.6040012e-01	 +1.6111808e-01 -2.8855162e-04	 1.00e+00 Accepted	 205	 431	
199	 6.6040524e-01	 +1.6033305e-01 -5.6741207e-04	 1.00e+00 Accepted	 204	 430	
200	 6.6045563e-01	 +1.6063806e-01 -3.2825728e-04	 1.00e+00 Accepted	 205	 430	
# Starting_type: CheckpointStart
# Trajectory_length / Number_of_MD_steps: 1 / 8
# 	 Plaquette	 Polyakov_Loop(re,im)	 Acc._Probability	 runtime_per_traj(s)	 CG_iterations	
201	 6.6034756e-01	 +1.5184288e-01 -1.5855311e-04	 9.24e-01 Accepted	 180	 440	
202	 6.6050656e-01	 +1.4699174e-01 -7.8720712e-04	 1.03e+00 Accepted	 182	 442	
203	 6.6050656e-01	 +1.4699174e-01 -7.8720712e-04	 7.88e-01 Rejected	 181	 448	
204	 6.6031077e-01	 +1.4536959e-01 +4.4534230e-04	 1.06e+00 Accepted	 180	 446	
205	 6.6031077e-01	 +1.4536959e-01 +4.4534230e-04	 5.67e-01 Rejected	 181	 453	
206	 6.6015851e-01	 +1.4405274e-01 -1.1978434e-05	 1.21e+00 Accepted	 181	 453	
207	 6.6011050e-01	 +1.4117271e-01 +2.0258742e-03	 8.61e-01 Accepted	 183	 457	
208	 6.6011155e-01	 +1.3997472e-01 +2.8105931e-04	 9.36e-01 Accepted	 184	 459	
209	 6.5992271e-01	 +1.3760987e-01 +1.2913721e-04	 5.68e-01 Accepted	 184	 460	
210	 6.5987498e-01	 +1.3620790e-01 -5.3448592e-04	 1.23e+00 Accepted	 185	 464	
211	 6.5985610e-01	 +1.3108308e-01 +3.3249612e-05	 1.07e+00 Accepted	 186	 468	
212	 6.5997912e-01	 +1.3203338e-01 -1.8992681e-05	 1.08e+00 Accepted	 187	 472	
213	 6.5971248e-01	 +1.3453200e-01 +1.0557330e-03	 9.08e-01 Accepted	 188	 469	
214	 6.5958251e-01	 +1.3475053e-01 +3.1436589e-04	 8.37e-01 Accepted	 187	 474	
215	 6.5979979e-01	 +1.3454714e-01 +8.1861035e-04	 1.10e+00 Accepted	 190	 474	
216	 6.5985480e-01	 +1.3041979e-01 -1.6771738e-04	 8.65e-01 Accepted	 188	 471	
217	 6.5998645e-01	 +1.3043857e-01 -1.0547803e-03	 1.05e+00 Accepted	 188	 469	
218	 6.5997551e-01	 +1.2896533e-01 +4.4076755e-04	 1.06e+00 Accepted	 188	 471	
219	 6.5987421e-01	 +1.2791128e-01 -7.4677278e-04	 9.75e-01 Accepted	 189	 474	
220	 6.6001201e-01	 +1.2762161e-01 +2.0749484e-04	 1.41e+00 Accepted	 191	 477	
221	 6.5999678e-01	 +1.2883386e-01 +1.5880013e-04	 7.08e-01 Accepted	 192	 480	
222	 6.5994476e-01	 +1.2936341e-01 -2.9088971e-03	 1.30e+00 Accepted	 193	 474	
223	 6.5985696e-01	 +1.3015017e-01 -4.7355435e-04	 8.54e-01 Accepted	 191	 474	
224	 6.5988174e-01	 +1.3203557e-01 +3.2248951e-04	 1.20e+00 Accepted	 191	 476	
225	 6.5983011e-01	 +1.2914093e-01 -5.9992107e-04	 9.63e-01 Accepted	 192	 474	
226	 6.5973119e-01	 +1.3065634e-01 -1.2548637e-03	 1.01e+00 Accepted	 194	 481	
227	 6.5963364e-01	 +1.2986031e-01 -9.1001077e-05	 1.42e+00 Accepted	 193	 479	
228	 6.5974978e-01	 +1.2937752e-01 -1.2249789e-03	 1.90e+00 Accepted	 190	 478	
229	 6.5967602e-01	 +1.2791077e-01 -7.4430313e-04	 1.36e+00 Accepted	 189	 474	
230	 6.5979422e-01	 +1.2712868e-01 +5.2232617e-04	 1.15e+00 Accepted	 189	 475	
231	 6.5977236e-01	 +1.2539014e-01 -1.0418988e-03	 1.30e+00 Accepted	 190	 482	
232	 6.5986175e-01	 +1.2645059e-01 -8.9884241e-04	 6.86e-01 Accepted	 192	 481	
233	 6.5986175e-01	 +1.2645059e-01 -8.9884241e-04	 9.05e-01 Rejected	 192	 481	
234	 6.5995812e-01	 +1.2655893e-01 -1.0997793e-03	 1.16e+00 Accepted	 190	 481	
235	 6.5995812e-01	 +1.2655893e-01 -1.0997793e-03	 8.51e-01 Rejected	 192	 485	
236	 6.5995812e-01	 +1.2655893e-01 -1.0997793e-03	 6.37e-01 Rejected	 191	 482	
237	 6.6004393e-01	 +1.2539817e-01 -2.0112038e-03	 6.80e-01 Accepted	 192	 480	
238	 6.6004393e-01	 +1.2539817e-01 -2.0112038e-03	 4.84e-01 Rejected	 192	 487	
