# Starting_type: HotStart
# serial RNG seed: 	[29899 8166 28435 46475 49126]
# parallel RNG seed:	[38890 62366 61663 48251 8430]
# Trajectory_length / Number_of_MD_steps: 1 / 8
# 	 Plaquette	 Polyakov_Loop(re,im)	 Acc._Probability	 runtime_per_traj(s)	 CG_iterations	
1	 2.3581409e-01	 +8.0679817e-04 +2.1215820e-04	 5.51e+84 Accepted	 285	 927	
2	 3.3883973e-01	 +1.0286308e-03 -3.3928273e-04	 2.34e+48 Accepted	 373	 1115	
3	 4.0048457e-01	 +8.6063830e-04 -2.0210567e-03	 1.47e+31 Accepted	 405	 1180	
4	 4.4446111e-01	 -3.0748491e-04 +6.1057570e-04	 9.99e+23 Accepted	 413	 1192	
5	 4.7865814e-01	 +1.3341295e-04 +1.3915314e-03	 1.21e+17 Accepted	 408	 1183	
6	 5.0733823e-01	 -1.3346528e-03 +5.5917441e-04	 5.02e+14 Accepted	 403	 1164	
7	 5.3223129e-01	 +1.1431601e-03 +2.6337882e-04	 2.09e+12 Accepted	 398	 1147	
8	 5.5278324e-01	 -1.6328316e-03 +3.7203860e-04	 2.23e+10 Accepted	 393	 1137	
9	 5.6968770e-01	 -2.6155250e-04 +8.6967278e-04	 3.75e+08 Accepted	 392	 1122	
10	 5.8311053e-01	 +2.9904979e-03 +1.3048749e-03	 6.82e+06 Accepted	 386	 1094	
11	 5.9351295e-01	 -1.6816168e-04 +7.0636120e-04	 9.53e+04 Accepted	 381	 1063	
12	 6.0146020e-01	 -9.3629980e-04 -6.6201999e-04	 1.79e+04 Accepted	 374	 1049	
13	 6.0750114e-01	 -3.0160567e-04 +2.4468811e-03	 1.03e+03 Accepted	 368	 1019	
14	 6.1201374e-01	 -3.8340353e-04 +2.8229385e-03	 1.30e+02 Accepted	 367	 1033	
15	 6.1566033e-01	 -9.8161494e-04 +9.6348372e-04	 6.71e+01 Accepted	 361	 1009	
16	 6.1830629e-01	 -4.6480839e-04 +3.9102494e-04	 1.31e+01 Accepted	 355	 991	
17	 6.2057630e-01	 +1.2547056e-03 +2.4771996e-03	 1.68e+01 Accepted	 347	 964	
18	 6.2207966e-01	 +1.7220346e-04 +2.5060225e-03	 9.73e+00 Accepted	 346	 938	
19	 6.2326083e-01	 -3.6866866e-04 +2.4924223e-03	 3.31e+00 Accepted	 335	 896	
20	 6.2431026e-01	 +1.6703232e-03 +9.1780434e-04	 2.78e+00 Accepted	 325	 921	
21	 6.2503139e-01	 +1.4035783e-04 +1.5536207e-03	 1.44e+00 Accepted	 329	 880	
22	 6.2541239e-01	 +1.1499703e-03 -1.0289819e-03	 1.23e+00 Accepted	 321	 940	
23	 6.2579763e-01	 +1.2691538e-03 -2.8018236e-04	 1.38e+00 Accepted	 337	 986	
24	 6.2625884e-01	 -7.8487141e-04 -4.4419003e-04	 1.34e+00 Accepted	 343	 921	
25	 6.2654614e-01	 -5.6503935e-04 +1.5169612e-03	 9.35e-01 Accepted	 331	 915	
26	 6.2701694e-01	 +1.6455608e-03 +1.3884890e-03	 1.69e+00 Accepted	 329	 882	
27	 6.2703138e-01	 +1.9451997e-03 +1.4015070e-03	 9.93e-01 Accepted	 314	 852	
28	 6.2736304e-01	 +1.2812688e-03 +1.1854248e-03	 1.31e+00 Accepted	 305	 852	
29	 6.2753456e-01	 +2.5767505e-03 +2.2699598e-03	 1.13e+00 Accepted	 307	 824	
30	 6.2786506e-01	 +1.6777958e-03 +2.3310459e-03	 1.30e+00 Accepted	 300	 806	
31	 6.2803795e-01	 +1.2941292e-03 +6.4692342e-04	 1.09e+00 Accepted	 292	 786	
32	 6.2807443e-01	 +1.3092196e-03 +1.8116573e-03	 9.37e-01 Accepted	 286	 802	
33	 6.2820011e-01	 +3.2499527e-03 +1.7787212e-03	 1.01e+00 Accepted	 294	 821	
34	 6.2820011e-01	 +3.2499527e-03 +1.7787212e-03	 8.34e-01 Rejected	 298	 821	
35	 6.2834407e-01	 +3.2840500e-03 +8.1741623e-04	 1.43e+00 Accepted	 289	 769	
36	 6.2808818e-01	 +1.6240238e-03 +3.9537015e-03	 3.62e-01 Accepted	 278	 783	
37	 6.2817562e-01	 +3.8938023e-03 +2.6209328e-03	 1.25e+00 Accepted	 282	 798	
38	 6.2817408e-01	 +2.4446474e-03 +3.5620581e-03	 9.55e-01 Accepted	 291	 779	
39	 6.2838926e-01	 +4.0857669e-03 +3.0204262e-03	 1.30e+00 Accepted	 284	 777	
40	 6.2838926e-01	 +4.0857669e-03 +3.0204262e-03	 6.78e-01 Rejected	 282	 776	
41	 6.2844284e-01	 +2.5004805e-03 +4.3814167e-03	 8.82e-01 Accepted	 280	 774	
42	 6.2844141e-01	 +3.3928020e-03 +3.6740688e-03	 1.66e+00 Accepted	 276	 751	
43	 6.2870965e-01	 +3.2545225e-03 +5.2327388e-03	 1.83e+00 Accepted	 273	 753	
44	 6.2859033e-01	 +3.9757097e-03 +6.0181322e-03	 8.50e-01 Accepted	 270	 754	
45	 6.2851688e-01	 +3.4664841e-03 +5.2917026e-03	 8.23e-01 Accepted	 273	 752	
46	 6.2832723e-01	 +4.1628653e-03 +3.0954267e-03	 9.14e-01 Accepted	 273	 754	
47	 6.2847898e-01	 +4.0806659e-03 +1.4866791e-03	 7.30e-01 Accepted	 275	 785	
48	 6.2837683e-01	 +5.1671645e-03 +2.2675647e-03	 1.14e+00 Accepted	 280	 769	
49	 6.2852181e-01	 +3.6281971e-03 +1.1382853e-03	 1.18e+00 Accepted	 275	 753	
50	 6.2850118e-01	 +3.9282661e-03 -1.6390112e-03	 6.36e-01 Accepted	 276	 769	
51	 6.2861196e-01	 +7.4850296e-03 +5.9583029e-04	 7.20e-01 Accepted	 284	 786	
52	 6.2875599e-01	 +2.2171624e-03 +1.7462297e-03	 1.17e+00 Accepted	 289	 827	
53	 6.2875077e-01	 +4.3088047e-03 +1.7243584e-03	 1.50e+00 Accepted	 285	 752	
54	 6.2877502e-01	 +2.9028895e-03 -1.2442720e-03	 1.33e+00 Accepted	 272	 750	
55	 6.2897583e-01	 +4.7412313e-03 -1.0772145e-03	 8.58e-01 Accepted	 273	 751	
56	 6.2897583e-01	 +4.7412313e-03 -1.0772145e-03	 7.53e-01 Rejected	 274	 754	
57	 6.2898576e-01	 +3.1986975e-03 -3.3004007e-04	 1.51e+00 Accepted	 274	 753	
58	 6.2896774e-01	 +3.3829455e-03 -6.0836589e-04	 1.29e+00 Accepted	 273	 753	
59	 6.2896135e-01	 +3.3391460e-03 -1.2358034e-03	 1.50e+00 Accepted	 272	 753	
60	 6.2904665e-01	 +2.2299716e-03 -1.3582585e-03	 8.98e-01 Accepted	 271	 752	
61	 6.2896407e-01	 +4.2322983e-03 -1.2184946e-03	 9.02e-01 Accepted	 272	 753	
62	 6.2892416e-01	 +4.8047247e-03 -2.8867481e-03	 5.85e-01 Accepted	 272	 754	
63	 6.2921868e-01	 +6.3422497e-03 -2.4911845e-03	 1.30e+00 Accepted	 273	 753	
64	 6.2923439e-01	 +4.9523408e-03 -2.4115780e-03	 1.36e+00 Accepted	 274	 791	
65	 6.2913814e-01	 +5.1319627e-03 -2.7331751e-03	 6.42e-01 Accepted	 282	 754	
66	 6.2921078e-01	 +3.2191635e-03 -2.6188990e-03	 1.01e+00 Accepted	 274	 753	
67	 6.2921078e-01	 +3.2191635e-03 -2.6188990e-03	 6.72e-01 Rejected	 273	 753	
68	 6.2905397e-01	 +2.8397908e-03 -5.4192574e-03	 8.67e-01 Accepted	 271	 752	
69	 6.2920432e-01	 +4.2493604e-03 -1.1445399e-03	 1.81e+00 Accepted	 272	 754	
70	 6.2914592e-01	 +1.2557715e-03 -1.0977592e-03	 1.21e+00 Accepted	 272	 751	
71	 6.2903039e-01	 +1.5736794e-03 -2.5631101e-03	 7.29e-01 Accepted	 274	 777	
72	 6.2903039e-01	 +1.5736794e-03 -2.5631101e-03	 8.14e-01 Rejected	 279	 755	
73	 6.2901078e-01	 +2.5220669e-03 -2.5669919e-03	 1.21e+00 Accepted	 285	 801	
74	 6.2911356e-01	 +3.7871316e-03 -3.1781803e-03	 6.17e-01 Accepted	 287	 763	
75	 6.2926805e-01	 +4.0246731e-03 -1.8344142e-03	 8.40e-01 Accepted	 281	 793	
76	 6.2925516e-01	 +4.7505137e-03 -2.9543517e-03	 9.34e-01 Accepted	 286	 779	
77	 6.2937153e-01	 +3.7449108e-03 -3.2758957e-03	 1.18e+00 Accepted	 283	 797	
78	 6.2937153e-01	 +3.7449108e-03 -3.2758957e-03	 7.53e-01 Rejected	 284	 786	
79	 6.2929316e-01	 +2.1125428e-03 -3.9643468e-03	 1.42e+00 Accepted	 287	 799	
80	 6.2909546e-01	 +1.9178018e-03 -1.0307823e-03	 5.10e-01 Accepted	 289	 815	
81	 6.2909170e-01	 +5.7720597e-03 -1.2197241e-03	 1.13e+00 Accepted	 286	 755	
82	 6.2905924e-01	 +3.9265318e-03 -2.8426600e-04	 1.15e+00 Accepted	 272	 753	
83	 6.2903498e-01	 +1.9232583e-03 -2.3152414e-03	 8.10e-01 Accepted	 272	 753	
84	 6.2902156e-01	 +3.2987910e-03 -1.9238978e-03	 8.26e-01 Accepted	 271	 751	
85	 6.2908350e-01	 +5.8348041e-03 -4.5768505e-03	 1.62e+00 Accepted	 273	 752	
86	 6.2915046e-01	 +6.5152522e-03 -2.8647425e-04	 6.76e-01 Accepted	 272	 752	
87	 6.2933966e-01	 +3.9231884e-03 -3.0955008e-04	 9.26e-01 Accepted	 274	 774	
88	 6.2932616e-01	 +2.5703725e-03 +9.4088828e-04	 5.57e-01 Accepted	 279	 774	
89	 6.2904315e-01	 +5.0906712e-03 -1.4741612e-03	 4.15e-01 Accepted	 277	 751	
90	 6.2915750e-01	 +4.0792094e-03 -1.0619460e-03	 1.76e+00 Accepted	 271	 751	
