# Starting_type: ColdStart
# serial RNG seed: 	[47271 44976 34120 58810 56864]
# parallel RNG seed:	[55836 8000 51828 36045 31715]
# Trajectory_length / Number_of_MD_steps: 1 / 8
# 	 Plaquette	 Polyakov_Loop(re,im)	 Acc._Probability	 runtime_per_traj(s)	 CG_iterations	
1	 8.1460408e-01	 +4.5969060e-01 +6.3026517e-04	 1.96e-70 Skipping	 184	 224	
2	 7.4725366e-01	 +3.0501809e-01 +1.6038674e-03	 1.23e-31 Skipping	 183	 216	
3	 7.0933965e-01	 +2.2478640e-01 +6.0793368e-04	 6.42e-20 Skipping	 180	 213	
4	 6.8494603e-01	 +1.8466233e-01 +7.6840622e-04	 6.49e-14 Skipping	 178	 210	
5	 6.6821513e-01	 +1.5705801e-01 +7.2450943e-04	 6.43e-10 Skipping	 177	 208	
6	 6.5652822e-01	 +1.3648039e-01 +1.3312404e-03	 4.02e-07 Skipping	 177	 207	
7	 6.4843710e-01	 +1.2608451e-01 -1.1509920e-03	 2.64e-05 Skipping	 176	 208	
8	 6.4284252e-01	 +1.1816194e-01 +1.6950541e-04	 7.97e-04 Skipping	 177	 208	
9	 6.3863730e-01	 +1.1140847e-01 +4.1692670e-04	 7.14e-03 Skipping	 176	 207	
10	 6.3570929e-01	 +1.0548431e-01 +1.2458724e-03	 1.65e-02 Skipping	 176	 208	
11	 6.3397948e-01	 +1.0377597e-01 +1.5021669e-04	 1.51e-01 Skipping	 176	 209	
12	 6.3246894e-01	 +9.8888681e-02 +9.7144240e-04	 1.34e-01 Skipping	 177	 208	
13	 6.3147628e-01	 +9.8085589e-02 -5.7062330e-04	 2.15e-01 Skipping	 177	 208	
14	 6.3074665e-01	 +9.6191158e-02 -5.8656091e-04	 3.17e-01 Skipping	 177	 208	
15	 6.3035067e-01	 +9.3944060e-02 +8.6284863e-04	 4.61e-01 Skipping	 177	 209	
16	 6.3013230e-01	 +9.5166510e-02 -2.7023870e-03	 8.28e-01 Skipping	 178	 209	
17	 6.2980503e-01	 +9.3023422e-02 +8.4982365e-04	 6.12e-01 Skipping	 178	 209	
18	 6.2976808e-01	 +9.4024853e-02 -8.7501576e-04	 1.32e+00 Skipping	 178	 210	
19	 6.2946923e-01	 +9.2005011e-02 -2.4058144e-03	 7.46e-01 Skipping	 177	 210	
20	 6.2938882e-01	 +9.0929928e-02 +8.5440618e-04	 1.08e+00 Skipping	 178	 209	
21	 6.2911687e-01	 +8.8608404e-02 -1.4922983e-03	 6.16e-01 Skipping	 177	 210	
22	 6.2936529e-01	 +8.8560178e-02 -1.0079549e-03	 1.26e+00 Skipping	 178	 209	
23	 6.2940397e-01	 +9.1681482e-02 -3.3382154e-04	 8.63e-01 Skipping	 177	 210	
24	 6.2926824e-01	 +8.9642180e-02 +1.0435248e-03	 8.09e-01 Skipping	 178	 210	
25	 6.2930482e-01	 +8.9515537e-02 +3.0272562e-05	 1.56e+00 Skipping	 177	 210	
26	 6.2945234e-01	 +8.9374653e-02 -1.8012568e-03	 8.73e-01 Skipping	 180	 224	
27	 6.2916453e-01	 +8.5210311e-02 +2.2799618e-03	 5.95e-01 Skipping	 181	 210	
28	 6.2923262e-01	 +8.9132142e-02 +1.4266631e-03	 1.26e+00 Skipping	 178	 210	
29	 6.2907671e-01	 +8.8543541e-02 -1.4782079e-04	 1.01e+00 Skipping	 178	 210	
30	 6.2891778e-01	 +8.9684187e-02 +7.7021577e-04	 7.33e-01 Skipping	 180	 220	
31	 6.2909927e-01	 +8.9803966e-02 +3.3736898e-04	 1.07e+00 Skipping	 182	 210	
32	 6.2908401e-01	 +8.6777677e-02 -7.5120443e-04	 8.48e-01 Skipping	 179	 212	
33	 6.2924609e-01	 +8.6400344e-02 -8.4350919e-05	 1.73e+00 Skipping	 178	 211	
34	 6.2944848e-01	 +8.6577538e-02 +2.2796296e-04	 1.26e+00 Skipping	 179	 212	
35	 6.2923050e-01	 +8.6865276e-02 -1.2150747e-03	 6.78e-01 Skipping	 179	 211	
36	 6.2932265e-01	 +8.8318071e-02 -2.6256947e-03	 1.40e+00 Skipping	 179	 212	
37	 6.2929608e-01	 +8.7191803e-02 +1.2972245e-03	 1.89e+00 Skipping	 179	 211	
38	 6.2931306e-01	 +8.5160582e-02 -1.8378427e-03	 1.42e+00 Skipping	 178	 211	
39	 6.2939145e-01	 +8.8226675e-02 -2.1795569e-04	 1.03e+00 Skipping	 178	 210	
40	 6.2931280e-01	 +8.8352899e-02 +7.0545622e-04	 9.77e-01 Skipping	 178	 212	
41	 6.2923922e-01	 +8.8951212e-02 -5.4270587e-04	 1.07e+00 Skipping	 179	 211	
42	 6.2918491e-01	 +8.5633471e-02 +8.5700586e-04	 5.47e-01 Skipping	 179	 212	
43	 6.2927403e-01	 +8.7148309e-02 -9.9625022e-04	 1.08e+00 Skipping	 179	 212	
44	 6.2940979e-01	 +8.4838117e-02 +3.2072590e-04	 9.75e-01 Skipping	 179	 212	
45	 6.2945194e-01	 +8.5815063e-02 +9.8862412e-04	 7.41e-01 Skipping	 178	 212	
46	 6.2943672e-01	 +8.6344991e-02 -2.1552624e-03	 7.48e-01 Skipping	 179	 212	
47	 6.2941854e-01	 +8.6710177e-02 -1.3080552e-04	 1.31e+00 Skipping	 178	 211	
48	 6.2934776e-01	 +8.6962478e-02 +2.3666075e-04	 8.80e-01 Skipping	 179	 211	
49	 6.2934985e-01	 +8.5450047e-02 -4.1706206e-04	 1.11e+00 Skipping	 178	 212	
50	 6.2938662e-01	 +8.3138895e-02 +5.7013292e-04	 9.83e-01 Skipping	 180	 212	
51	 6.2911791e-01	 +8.2819664e-02 -2.9536806e-04	 8.05e-01 Accepted	 180	 212	
52	 6.2924208e-01	 +8.2971774e-02 -8.5705508e-04	 9.20e-01 Accepted	 179	 212	
53	 6.2923230e-01	 +8.3336053e-02 +5.6912427e-04	 6.88e-01 Accepted	 178	 210	
54	 6.2923230e-01	 +8.3336053e-02 +5.6912427e-04	 6.26e-01 Rejected	 178	 211	
55	 6.2941004e-01	 +8.2430516e-02 -6.6754780e-04	 7.35e-01 Accepted	 179	 212	
56	 6.2927985e-01	 +8.2238805e-02 +2.9017677e-04	 1.00e+00 Accepted	 178	 212	
57	 6.2926034e-01	 +8.0513498e-02 -2.6137781e-04	 1.31e+00 Accepted	 178	 212	
58	 6.2920709e-01	 +8.2264415e-02 -2.2297164e-03	 7.16e-01 Accepted	 179	 212	
59	 6.2927569e-01	 +8.3546227e-02 -7.6635616e-04	 7.62e-01 Accepted	 178	 212	
60	 6.2913235e-01	 +8.3019992e-02 +1.9162067e-03	 9.60e-01 Accepted	 178	 212	
61	 6.2929126e-01	 +8.3538234e-02 -2.1977421e-04	 1.16e+00 Accepted	 179	 212	
62	 6.2932548e-01	 +8.5247643e-02 +8.5200261e-04	 1.04e+00 Accepted	 178	 212	
63	 6.2925810e-01	 +8.6060586e-02 -9.1959807e-04	 8.16e-01 Accepted	 179	 212	
64	 6.2951069e-01	 +8.4083139e-02 +2.0610742e-03	 1.65e+00 Accepted	 179	 213	
65	 6.2959380e-01	 +8.3502969e-02 -6.7376035e-04	 1.21e+00 Accepted	 178	 212	
66	 6.2928128e-01	 +8.2815806e-02 -1.2549235e-03	 7.97e-01 Accepted	 179	 213	
67	 6.2933739e-01	 +8.4415326e-02 +8.0747778e-04	 1.19e+00 Accepted	 179	 213	
68	 6.2958644e-01	 +8.3120552e-02 -1.1510353e-03	 1.52e+00 Accepted	 180	 213	
69	 6.2958644e-01	 +8.3120552e-02 -1.1510353e-03	 5.31e-01 Rejected	 180	 214	
70	 6.2939726e-01	 +8.1134063e-02 +6.9710453e-04	 8.56e-01 Accepted	 180	 213	
71	 6.2939726e-01	 +8.1134063e-02 +6.9710453e-04	 6.87e-01 Rejected	 180	 213	
72	 6.2929852e-01	 +8.2553389e-02 +3.3843915e-04	 1.18e+00 Accepted	 180	 212	
73	 6.2929852e-01	 +8.2553389e-02 +3.3843915e-04	 6.80e-01 Rejected	 178	 213	
74	 6.2929852e-01	 +8.2553389e-02 +3.3843915e-04	 5.01e-01 Rejected	 179	 212	
75	 6.2942846e-01	 +8.2076780e-02 +1.0763978e-04	 8.38e-01 Accepted	 179	 212	
76	 6.2940236e-01	 +8.0617662e-02 +7.1489679e-04	 1.38e+00 Accepted	 179	 212	
77	 6.2936764e-01	 +8.3291231e-02 +5.0800014e-05	 9.02e-01 Accepted	 179	 212	
78	 6.2936764e-01	 +8.3291231e-02 +5.0800014e-05	 8.06e-01 Rejected	 179	 212	
79	 6.2928968e-01	 +8.3592887e-02 +7.1826130e-04	 9.86e-01 Accepted	 180	 213	
80	 6.2918879e-01	 +8.3825941e-02 +7.4805244e-04	 7.04e-01 Accepted	 179	 212	
81	 6.2918740e-01	 +8.2946493e-02 +9.2540343e-05	 7.64e-01 Accepted	 178	 211	
82	 6.2901820e-01	 +8.1968915e-02 -7.0373512e-04	 9.41e-01 Accepted	 179	 212	
83	 6.2903097e-01	 +8.0285051e-02 +1.5586015e-03	 1.28e+00 Accepted	 178	 212	
84	 6.2910260e-01	 +7.9578337e-02 -3.5265405e-04	 1.10e+00 Accepted	 180	 212	
85	 6.2910260e-01	 +7.9578337e-02 -3.5265405e-04	 9.19e-01 Rejected	 178	 212	
86	 6.2902342e-01	 +8.4601057e-02 +2.2720435e-04	 1.07e+00 Accepted	 179	 212	
87	 6.2902342e-01	 +8.4601057e-02 +2.2720435e-04	 8.54e-01 Rejected	 179	 212	
88	 6.2896891e-01	 +8.4112092e-02 +4.1557882e-04	 8.86e-01 Accepted	 179	 211	
89	 6.2893994e-01	 +8.4044074e-02 +7.6507042e-04	 8.47e-01 Accepted	 178	 212	
90	 6.2911996e-01	 +8.3355881e-02 +4.3926940e-04	 1.01e+00 Accepted	 178	 212	
91	 6.2930712e-01	 +8.2085668e-02 +1.2989797e-03	 1.30e+00 Accepted	 178	 212	
92	 6.2916918e-01	 +8.2764863e-02 +1.8143098e-03	 9.19e-01 Accepted	 179	 212	
93	 6.2921462e-01	 +8.1611410e-02 +2.0911169e-03	 1.09e+00 Accepted	 179	 212	
94	 6.2914594e-01	 +7.9690536e-02 -1.5690263e-04	 1.07e+00 Accepted	 178	 212	
95	 6.2895921e-01	 +7.8218954e-02 -5.8899538e-04	 5.67e-01 Accepted	 179	 212	
96	 6.2904532e-01	 +7.8442054e-02 -1.1021690e-04	 1.30e+00 Accepted	 179	 212	
97	 6.2907478e-01	 +8.0451313e-02 -1.0804931e-03	 8.83e-01 Accepted	 179	 212	
98	 6.2909845e-01	 +8.0113595e-02 -5.6092204e-04	 1.01e+00 Accepted	 178	 212	
99	 6.2917130e-01	 +8.1273592e-02 -1.2284778e-03	 1.69e+00 Accepted	 179	 212	
100	 6.2895640e-01	 +8.1230445e-02 +3.2231093e-05	 8.55e-01 Accepted	 178	 212	
101	 6.2892973e-01	 +8.2705135e-02 +1.4476431e-03	 8.85e-01 Accepted	 179	 212	
102	 6.2887170e-01	 +8.3864665e-02 -7.0104463e-04	 7.53e-01 Accepted	 179	 212	
103	 6.2881815e-01	 +8.1731458e-02 -7.9210545e-04	 9.83e-01 Accepted	 179	 212	
104	 6.2899515e-01	 +8.0535628e-02 +8.7164843e-04	 1.17e+00 Accepted	 179	 212	
105	 6.2902416e-01	 +8.5171400e-02 -6.3692407e-04	 1.52e+00 Accepted	 179	 212	
106	 6.2902416e-01	 +8.5171400e-02 -6.3692407e-04	 8.79e-01 Rejected	 179	 212	
107	 6.2890249e-01	 +8.1971309e-02 +1.4561729e-03	 9.99e-01 Accepted	 179	 212	
108	 6.2887620e-01	 +8.3642237e-02 +6.7525652e-05	 8.83e-01 Accepted	 179	 212	
109	 6.2913363e-01	 +8.5456363e-02 -8.4234065e-04	 1.29e+00 Accepted	 179	 211	
110	 6.2913403e-01	 +8.5335060e-02 +1.3158122e-03	 7.61e-01 Accepted	 179	 211	
111	 6.2913550e-01	 +8.5823418e-02 +3.7117218e-04	 1.31e+00 Accepted	 179	 212	
112	 6.2910839e-01	 +8.5097077e-02 +2.0299063e-04	 6.68e-01 Accepted	 179	 211	
113	 6.2911878e-01	 +8.5177126e-02 -4.0041671e-04	 8.54e-01 Accepted	 179	 211	
114	 6.2931970e-01	 +8.4666992e-02 +2.3858588e-04	 1.47e+00 Accepted	 178	 211	
115	 6.2927292e-01	 +8.6931142e-02 -2.5988187e-04	 1.23e+00 Accepted	 179	 211	
116	 6.2927292e-01	 +8.6931142e-02 -2.5988187e-04	 8.96e-01 Rejected	 179	 212	
117	 6.2935385e-01	 +8.7285561e-02 +2.3636529e-06	 8.39e-01 Accepted	 178	 211	
118	 6.2927500e-01	 +8.5107159e-02 +1.4778109e-04	 7.78e-01 Accepted	 179	 214	
119	 6.2927500e-01	 +8.5107159e-02 +1.4778109e-04	 8.20e-01 Rejected	 179	 211	
120	 6.2909156e-01	 +8.6425237e-02 -4.9463582e-04	 6.35e-01 Accepted	 183	 212	
121	 6.2914376e-01	 +8.8256379e-02 +1.8678755e-03	 1.04e+00 Accepted	 178	 212	
122	 6.2920942e-01	 +8.5296923e-02 +6.5161039e-04	 1.03e+00 Accepted	 179	 210	
123	 6.2925682e-01	 +8.6114870e-02 -1.3142470e-04	 1.29e+00 Accepted	 178	 211	
124	 6.2939684e-01	 +8.6136474e-02 -1.6093197e-03	 1.52e+00 Accepted	 178	 210	
125	 6.2919937e-01	 +8.3579308e-02 -2.5250147e-04	 8.66e-01 Accepted	 178	 211	
126	 6.2919937e-01	 +8.3579308e-02 -2.5250147e-04	 7.44e-01 Rejected	 179	 211	
127	 6.2919937e-01	 +8.3579308e-02 -2.5250147e-04	 6.23e-01 Rejected	 178	 210	
128	 6.2939393e-01	 +8.5194280e-02 -6.3231653e-04	 1.13e+00 Accepted	 179	 210	
129	 6.2931632e-01	 +8.5312565e-02 +1.1145786e-03	 7.34e-01 Accepted	 178	 211	
130	 6.2950789e-01	 +8.5088848e-02 +2.5066887e-04	 1.45e+00 Accepted	 179	 211	
131	 6.2924908e-01	 +8.3145428e-02 -7.6649588e-04	 6.67e-01 Accepted	 179	 212	
132	 6.2924334e-01	 +7.9587884e-02 -2.0251145e-03	 9.88e-01 Accepted	 179	 212	
133	 6.2921528e-01	 +8.0998819e-02 +2.4903789e-03	 1.15e+00 Accepted	 178	 210	
134	 6.2921802e-01	 +8.4950135e-02 +4.1522020e-04	 1.45e+00 Accepted	 179	 212	
135	 6.2929798e-01	 +8.1337646e-02 -3.8118718e-05	 8.81e-01 Accepted	 179	 212	
136	 6.2929798e-01	 +8.1337646e-02 -3.8118718e-05	 6.46e-01 Rejected	 179	 212	
137	 6.2936615e-01	 +8.4446212e-02 -3.2010894e-04	 1.25e+00 Accepted	 179	 212	
138	 6.2921483e-01	 +8.4077763e-02 +8.5088616e-04	 8.80e-01 Accepted	 179	 212	
139	 6.2933909e-01	 +8.4563566e-02 -3.0720932e-04	 1.31e+00 Accepted	 178	 211	
140	 6.2929574e-01	 +8.4532501e-02 -1.1660196e-03	 8.97e-01 Accepted	 179	 212	
141	 6.2929721e-01	 +8.6343859e-02 +1.2357149e-03	 7.89e-01 Accepted	 178	 212	
142	 6.2922035e-01	 +8.4474258e-02 +1.3968961e-04	 1.06e+00 Accepted	 179	 212	
143	 6.2937773e-01	 +8.6434512e-02 -9.7686806e-04	 9.85e-01 Accepted	 179	 212	
144	 6.2930915e-01	 +8.4248513e-02 +8.9011203e-04	 8.27e-01 Accepted	 179	 212	
145	 6.2943185e-01	 +8.5239138e-02 +1.1837977e-04	 1.17e+00 Accepted	 178	 212	
146	 6.2922976e-01	 +8.7147989e-02 -1.4504835e-03	 7.69e-01 Accepted	 179	 212	
147	 6.2932523e-01	 +8.5596415e-02 +7.6859096e-04	 9.16e-01 Accepted	 179	 212	
148	 6.2926231e-01	 +8.7036771e-02 -4.2914609e-04	 9.05e-01 Accepted	 178	 211	
149	 6.2926231e-01	 +8.7036771e-02 -4.2914609e-04	 7.92e-01 Rejected	 179	 214	
150	 6.2944199e-01	 +8.6534023e-02 +3.3793538e-04	 1.36e+00 Accepted	 179	 212	
151	 6.2940672e-01	 +8.6720914e-02 -1.6591381e-03	 1.52e+00 Accepted	 178	 211	
152	 6.2966859e-01	 +8.7962374e-02 -6.3357622e-04	 2.14e+00 Accepted	 178	 210	
153	 6.2934780e-01	 +8.5935959e-02 +3.4315006e-04	 4.81e-01 Accepted	 179	 212	
154	 6.2939391e-01	 +8.4321981e-02 +2.5837979e-04	 1.29e+00 Accepted	 179	 211	
155	 6.2917319e-01	 +8.5208501e-02 -1.5348005e-04	 6.43e-01 Accepted	 179	 212	
156	 6.2904978e-01	 +8.6748320e-02 -9.0851540e-04	 8.26e-01 Accepted	 178	 210	
157	 6.2898109e-01	 +8.5171037e-02 -1.5199154e-04	 1.04e+00 Accepted	 178	 210	
158	 6.2895944e-01	 +8.4833064e-02 +1.6019828e-03	 1.12e+00 Accepted	 179	 211	
159	 6.2886869e-01	 +8.3086823e-02 +1.8836218e-03	 9.07e-01 Accepted	 178	 211	
160	 6.2878703e-01	 +8.2371406e-02 +1.9273221e-03	 7.62e-01 Accepted	 178	 210	
161	 6.2900632e-01	 +8.4767342e-02 +8.8473779e-04	 9.63e-01 Accepted	 178	 210	
162	 6.2905664e-01	 +8.6771522e-02 +6.0516073e-05	 1.21e+00 Accepted	 178	 211	
163	 6.2913607e-01	 +8.3760680e-02 -3.0136076e-04	 1.26e+00 Accepted	 178	 210	
164	 6.2914299e-01	 +8.5257211e-02 +1.2922575e-03	 1.06e+00 Accepted	 178	 210	
165	 6.2903403e-01	 +8.7448387e-02 -5.8560738e-04	 1.15e+00 Accepted	 178	 211	
166	 6.2925302e-01	 +8.8124826e-02 -6.6028994e-04	 1.17e+00 Accepted	 179	 215	
167	 6.2925302e-01	 +8.8124826e-02 -6.6028994e-04	 7.69e-01 Rejected	 180	 210	
168	 6.2906899e-01	 +8.5456563e-02 +4.0767627e-04	 5.21e-01 Accepted	 180	 211	
169	 6.2906976e-01	 +8.5740666e-02 +1.4848115e-03	 8.68e-01 Accepted	 178	 212	
170	 6.2914006e-01	 +8.4599682e-02 -7.9994928e-04	 1.22e+00 Accepted	 179	 211	
171	 6.2911813e-01	 +8.6666953e-02 +9.6769169e-05	 1.03e+00 Accepted	 178	 211	
172	 6.2907457e-01	 +8.6404733e-02 +4.7211379e-04	 1.04e+00 Accepted	 179	 212	
173	 6.2884645e-01	 +8.2515678e-02 +5.1377355e-04	 7.90e-01 Accepted	 179	 212	
174	 6.2871793e-01	 +8.4858417e-02 -1.1032128e-03	 6.90e-01 Accepted	 179	 211	
175	 6.2900802e-01	 +8.4707411e-02 +4.9460078e-04	 1.13e+00 Accepted	 179	 212	
176	 6.2895480e-01	 +8.6597086e-02 +7.3875653e-04	 9.66e-01 Accepted	 179	 211	
177	 6.2903267e-01	 +8.4186814e-02 -1.1699163e-03	 1.63e+00 Accepted	 178	 212	
178	 6.2907033e-01	 +8.1369315e-02 +1.3359201e-04	 8.88e-01 Accepted	 179	 212	
179	 6.2913486e-01	 +8.3087091e-02 +2.4378318e-04	 8.07e-01 Accepted	 178	 212	
180	 6.2933753e-01	 +8.4311101e-02 -1.3608569e-03	 1.38e+00 Accepted	 179	 212	
181	 6.2924894e-01	 +8.5053286e-02 +7.9845977e-04	 9.31e-01 Accepted	 179	 211	
182	 6.2919372e-01	 +8.2402208e-02 +1.6995126e-04	 7.80e-01 Accepted	 179	 212	
183	 6.2906193e-01	 +8.4441891e-02 +1.4212937e-03	 9.87e-01 Accepted	 178	 213	
184	 6.2895805e-01	 +8.4027932e-02 +1.3723244e-03	 7.76e-01 Accepted	 179	 211	
185	 6.2888385e-01	 +8.4205274e-02 -1.2558333e-03	 1.00e+00 Accepted	 178	 211	
186	 6.2880009e-01	 +8.5107927e-02 +3.7449771e-05	 1.01e+00 Accepted	 178	 210	
187	 6.2881414e-01	 +8.4884476e-02 -2.8051028e-03	 7.22e-01 Accepted	 178	 211	
188	 6.2895323e-01	 +8.4360800e-02 -1.7912849e-04	 1.09e+00 Accepted	 179	 212	
189	 6.2914856e-01	 +8.4058461e-02 -8.3266049e-04	 1.10e+00 Accepted	 180	 221	
190	 6.2899685e-01	 +8.5612399e-02 +5.3602319e-04	 1.01e+00 Accepted	 182	 210	
191	 6.2874143e-01	 +8.4794623e-02 -2.0026026e-05	 6.02e-01 Accepted	 179	 212	
192	 6.2870940e-01	 +8.5979410e-02 +2.5047965e-04	 7.00e-01 Accepted	 179	 212	
193	 6.2898705e-01	 +8.5708093e-02 +4.2209051e-04	 1.28e+00 Accepted	 178	 211	
194	 6.2901737e-01	 +8.4564652e-02 -1.6721065e-04	 1.24e+00 Accepted	 179	 210	
195	 6.2924903e-01	 +8.4415490e-02 -2.8554156e-03	 1.19e+00 Accepted	 178	 210	
196	 6.2940248e-01	 +8.6309025e-02 +1.5727073e-03	 1.08e+00 Accepted	 178	 210	
197	 6.2940248e-01	 +8.6309025e-02 +1.5727073e-03	 6.09e-01 Rejected	 178	 210	
198	 6.2940248e-01	 +8.6309025e-02 +1.5727073e-03	 9.03e-01 Rejected	 179	 210	
199	 6.2941398e-01	 +8.8391249e-02 -1.3145610e-03	 1.46e+00 Accepted	 177	 210	
200	 6.2920343e-01	 +8.8611825e-02 -4.5009137e-04	 1.02e+00 Accepted	 179	 210	
201	 6.2936391e-01	 +8.5813403e-02 +1.3028621e-03	 1.22e+00 Accepted	 178	 210	
202	 6.2939765e-01	 +8.3907493e-02 -4.6345419e-04	 1.32e+00 Accepted	 179	 211	
203	 6.2922808e-01	 +8.6205484e-02 +1.4605616e-03	 8.08e-01 Accepted	 178	 211	
204	 6.2916376e-01	 +8.5302069e-02 +9.3263133e-05	 8.30e-01 Accepted	 178	 210	
205	 6.2926607e-01	 +8.5322015e-02 -1.2051331e-04	 1.16e+00 Accepted	 177	 210	
206	 6.2929128e-01	 +8.4888823e-02 -1.3333335e-03	 1.10e+00 Accepted	 179	 211	
207	 6.2927251e-01	 +8.3368314e-02 -1.7451608e-03	 9.05e-01 Accepted	 178	 210	
208	 6.2899880e-01	 +8.3247597e-02 -6.1704367e-04	 7.42e-01 Accepted	 179	 210	
209	 6.2896998e-01	 +8.3617412e-02 +1.0181270e-04	 1.29e+00 Accepted	 179	 211	
210	 6.2896998e-01	 +8.3617412e-02 +1.0181270e-04	 6.65e-01 Rejected	 178	 211	
211	 6.2912568e-01	 +8.5561380e-02 +8.4394820e-04	 1.14e+00 Accepted	 178	 211	
212	 6.2908933e-01	 +8.4596996e-02 -1.4317228e-03	 1.57e+00 Accepted	 178	 211	
213	 6.2912284e-01	 +8.6619532e-02 -1.5543584e-04	 9.99e-01 Accepted	 178	 211	
214	 6.2918427e-01	 +8.4998713e-02 +6.3413909e-04	 1.12e+00 Accepted	 178	 211	
215	 6.2931523e-01	 +8.6648439e-02 +5.6111390e-04	 1.04e+00 Accepted	 178	 210	
216	 6.2931523e-01	 +8.6648439e-02 +5.6111390e-04	 6.73e-01 Rejected	 179	 211	
217	 6.2948642e-01	 +8.8585323e-02 -1.5810313e-04	 8.34e-01 Accepted	 178	 210	
218	 6.2948642e-01	 +8.8585323e-02 -1.5810313e-04	 7.83e-01 Rejected	 178	 210	
219	 6.2945385e-01	 +8.5728849e-02 +5.7779724e-04	 9.76e-01 Accepted	 177	 210	
220	 6.2944723e-01	 +8.6005718e-02 +3.0140934e-04	 1.20e+00 Accepted	 178	 211	
221	 6.2943801e-01	 +8.5852216e-02 -7.3627569e-04	 1.56e+00 Accepted	 178	 212	
222	 6.2943801e-01	 +8.5852216e-02 -7.3627569e-04	 7.65e-01 Rejected	 179	 211	
223	 6.2941627e-01	 +8.4898613e-02 -3.7251055e-04	 6.42e-01 Accepted	 178	 212	
224	 6.2949384e-01	 +8.7450500e-02 +2.5355228e-05	 1.27e+00 Accepted	 179	 212	
225	 6.2952057e-01	 +8.3004215e-02 -5.1106330e-04	 1.38e+00 Accepted	 179	 220	
226	 6.2952057e-01	 +8.3004215e-02 -5.1106330e-04	 6.23e-01 Rejected	 182	 210	
227	 6.2938667e-01	 +8.3975678e-02 -3.8226654e-04	 6.96e-01 Accepted	 182	 211	
228	 6.2938667e-01	 +8.3975678e-02 -3.8226654e-04	 8.09e-01 Rejected	 179	 210	
229	 6.2938406e-01	 +8.6903777e-02 +2.6951525e-04	 9.88e-01 Accepted	 179	 212	
230	 6.2927981e-01	 +8.6901962e-02 -5.0391497e-04	 1.18e+00 Accepted	 178	 211	
231	 6.2940587e-01	 +8.7404586e-02 +9.7955745e-04	 2.14e+00 Accepted	 179	 212	
232	 6.2935235e-01	 +8.6885257e-02 +6.9615199e-05	 1.13e+00 Accepted	 179	 212	
233	 6.2935235e-01	 +8.6885257e-02 +6.9615199e-05	 5.86e-01 Rejected	 179	 212	
234	 6.2905439e-01	 +8.5571470e-02 +2.3353963e-04	 7.31e-01 Accepted	 179	 212	
235	 6.2911418e-01	 +8.7998242e-02 +3.1070951e-04	 1.03e+00 Accepted	 178	 212	
236	 6.2911391e-01	 +8.3988196e-02 -1.1641761e-03	 1.08e+00 Accepted	 179	 211	
237	 6.2905561e-01	 +8.4677400e-02 -5.5707360e-04	 6.63e-01 Accepted	 178	 210	
238	 6.2927922e-01	 +8.6560403e-02 -1.3034857e-03	 1.80e+00 Accepted	 178	 210	
239	 6.2927922e-01	 +8.6560403e-02 -1.3034857e-03	 7.50e-01 Rejected	 178	 210	
240	 6.2915393e-01	 +8.6667461e-02 -1.3172481e-03	 1.08e+00 Accepted	 178	 211	
241	 6.2917093e-01	 +8.6535758e-02 +4.3500779e-06	 7.83e-01 Accepted	 178	 211	
# Starting_type: CheckpointStart
# Trajectory_length / Number_of_MD_steps: 1 / 8
# 	 Plaquette	 Polyakov_Loop(re,im)	 Acc._Probability	 runtime_per_traj(s)	 CG_iterations	
241	 6.2917093e-01	 +8.6535758e-02 +4.3500779e-06	 7.83e-01 Skipping	 181	 211	
242	 6.2922123e-01	 +8.7875256e-02 -9.0084644e-04	 9.71e-01 Skipping	 180	 210	
243	 6.2910227e-01	 +8.6122636e-02 +1.7092570e-04	 7.94e-01 Skipping	 179	 210	
244	 6.2924100e-01	 +8.6140665e-02 -3.6529931e-04	 1.26e+00 Skipping	 180	 212	
245	 6.2919741e-01	 +8.5359034e-02 +4.2132682e-04	 7.46e-01 Skipping	 180	 212	
246	 6.2937316e-01	 +8.7497792e-02 +9.8849683e-04	 1.18e+00 Skipping	 180	 210	
247	 6.2917190e-01	 +8.7585863e-02 +8.9451252e-05	 6.24e-01 Skipping	 180	 211	
248	 6.2895026e-01	 +8.7590107e-02 +4.5443864e-04	 8.57e-01 Skipping	 179	 210	
249	 6.2887004e-01	 +8.6740338e-02 +7.2957170e-04	 1.13e+00 Skipping	 180	 211	
250	 6.2892932e-01	 +8.5406274e-02 -4.8552963e-04	 1.14e+00 Skipping	 180	 210	
251	 6.2889406e-01	 +8.6123740e-02 +3.0463149e-04	 9.35e-01 Skipping	 179	 210	
252	 6.2921655e-01	 +8.6837036e-02 -2.3968516e-04	 1.45e+00 Skipping	 180	 212	
253	 6.2894066e-01	 +8.4788317e-02 -8.2677391e-04	 8.58e-01 Skipping	 180	 217	
254	 6.2902149e-01	 +8.4534254e-02 +2.0552143e-03	 1.14e+00 Skipping	 182	 212	
255	 6.2894795e-01	 +8.5733401e-02 -1.2156860e-03	 1.31e+00 Skipping	 180	 211	
256	 6.2912932e-01	 +8.6982396e-02 -1.1058514e-03	 1.62e+00 Skipping	 180	 210	
257	 6.2918738e-01	 +8.3526236e-02 -1.2324126e-04	 8.67e-01 Skipping	 180	 214	
258	 6.2946231e-01	 +8.6282405e-02 +1.2730377e-03	 1.01e+00 Skipping	 181	 212	
259	 6.2937261e-01	 +8.3365184e-02 -6.4763441e-04	 8.43e-01 Skipping	 179	 211	
260	 6.2953065e-01	 +8.3805821e-02 +2.0366316e-03	 1.61e+00 Skipping	 180	 212	
261	 6.2939769e-01	 +8.3780216e-02 -1.9757674e-03	 6.83e-01 Skipping	 180	 211	
262	 6.2938449e-01	 +8.3482253e-02 +1.2580594e-03	 1.09e+00 Skipping	 179	 210	
263	 6.2939724e-01	 +8.6082566e-02 -5.5039211e-04	 9.88e-01 Skipping	 179	 211	
264	 6.2919623e-01	 +8.6555597e-02 -9.9699289e-04	 8.59e-01 Skipping	 180	 210	
265	 6.2910789e-01	 +8.4587200e-02 +1.3944274e-03	 1.10e+00 Skipping	 180	 211	
266	 6.2907846e-01	 +8.6850192e-02 +7.5774317e-04	 8.45e-01 Skipping	 180	 210	
267	 6.2914246e-01	 +8.4049978e-02 +6.5987156e-04	 9.99e-01 Skipping	 180	 212	
268	 6.2919797e-01	 +8.4605498e-02 +1.4993622e-03	 1.09e+00 Skipping	 181	 212	
269	 6.2916462e-01	 +8.2223090e-02 -1.8848946e-04	 1.05e+00 Skipping	 180	 212	
270	 6.2929947e-01	 +8.3950650e-02 +3.1489026e-04	 9.73e-01 Skipping	 181	 212	
271	 6.2940011e-01	 +8.4202039e-02 -1.7685754e-04	 1.56e+00 Skipping	 180	 212	
272	 6.2934290e-01	 +8.3621664e-02 -6.3154087e-04	 5.27e-01 Skipping	 180	 212	
273	 6.2937308e-01	 +8.2638290e-02 +2.1851369e-03	 1.17e+00 Skipping	 179	 213	
274	 6.2907636e-01	 +8.3848836e-02 -4.0306690e-04	 6.60e-01 Skipping	 181	 212	
275	 6.2921580e-01	 +8.2289124e-02 +8.4954406e-04	 1.45e+00 Skipping	 180	 212	
276	 6.2930859e-01	 +8.4012128e-02 +6.2446417e-04	 1.29e+00 Skipping	 180	 212	
277	 6.2921031e-01	 +8.4921465e-02 +4.3053988e-04	 7.64e-01 Skipping	 180	 212	
278	 6.2915836e-01	 +8.2514385e-02 +6.1899808e-05	 9.19e-01 Skipping	 180	 212	
279	 6.2928330e-01	 +8.0985338e-02 -9.4068781e-04	 1.18e+00 Skipping	 180	 212	
280	 6.2946705e-01	 +8.2648094e-02 +3.2874230e-04	 7.95e-01 Skipping	 180	 212	
281	 6.2946478e-01	 +8.2605627e-02 +2.4939586e-04	 1.08e+00 Skipping	 180	 212	
282	 6.2923422e-01	 +8.3790934e-02 +3.4430101e-04	 7.19e-01 Skipping	 180	 212	
283	 6.2943292e-01	 +8.3643191e-02 +4.8340986e-05	 1.73e+00 Skipping	 180	 212	
284	 6.2946467e-01	 +8.3495172e-02 +9.9128333e-04	 1.19e+00 Skipping	 181	 212	
285	 6.2912847e-01	 +8.3566764e-02 -7.8054521e-04	 7.50e-01 Skipping	 181	 212	
286	 6.2930232e-01	 +8.4301313e-02 -1.4268994e-03	 1.08e+00 Skipping	 180	 212	
287	 6.2900092e-01	 +8.4902412e-02 -1.1213835e-03	 6.02e-01 Skipping	 181	 212	
288	 6.2900058e-01	 +8.1678928e-02 -1.1214971e-03	 1.24e+00 Skipping	 180	 212	
289	 6.2917080e-01	 +8.5527821e-02 -5.5459903e-04	 9.99e-01 Skipping	 180	 212	
290	 6.2931336e-01	 +8.5321039e-02 +3.1451389e-04	 7.73e-01 Skipping	 181	 213	
291	 6.2921628e-01	 +8.5318013e-02 -1.8657258e-03	 8.47e-01 Accepted	 181	 212	
292	 6.2911809e-01	 +8.3450151e-02 -1.0283928e-03	 1.90e+00 Accepted	 181	 212	
293	 6.2896716e-01	 +8.4616256e-02 -1.1367838e-03	 6.92e-01 Accepted	 180	 212	
294	 6.2897021e-01	 +8.4130253e-02 +4.1075341e-04	 1.19e+00 Accepted	 181	 212	
295	 6.2888880e-01	 +8.2055933e-02 -7.1045466e-04	 9.09e-01 Accepted	 180	 212	
296	 6.2900153e-01	 +8.3603188e-02 +2.8248588e-04	 9.87e-01 Accepted	 181	 212	
297	 6.2925424e-01	 +8.3353736e-02 +7.0839986e-05	 1.11e+00 Accepted	 180	 212	
298	 6.2935959e-01	 +8.2248702e-02 -7.9050719e-04	 1.54e+00 Accepted	 181	 212	
299	 6.2911334e-01	 +8.2645879e-02 +2.5263785e-04	 6.22e-01 Accepted	 180	 211	
300	 6.2914283e-01	 +8.0857072e-02 +7.5475071e-04	 1.01e+00 Accepted	 181	 211	
301	 6.2903294e-01	 +8.4779116e-02 +4.2239409e-04	 8.34e-01 Accepted	 180	 211	
302	 6.2909844e-01	 +8.3963330e-02 -2.6564688e-03	 9.02e-01 Accepted	 180	 211	
303	 6.2908174e-01	 +8.5681021e-02 -2.2044049e-03	 1.55e+00 Accepted	 180	 212	
304	 6.2919607e-01	 +8.3621333e-02 +8.2034320e-04	 1.74e+00 Accepted	 181	 211	
305	 6.2904537e-01	 +8.7038023e-02 -6.7506424e-04	 8.81e-01 Accepted	 180	 211	
306	 6.2904429e-01	 +8.3536930e-02 +3.3723608e-04	 1.05e+00 Accepted	 180	 212	
307	 6.2908975e-01	 +8.4498155e-02 +5.3537527e-04	 8.64e-01 Accepted	 179	 212	
308	 6.2907302e-01	 +8.2970065e-02 +1.7147284e-03	 1.27e+00 Accepted	 181	 212	
309	 6.2919088e-01	 +8.3475019e-02 +1.1429508e-03	 1.00e+00 Accepted	 180	 212	
310	 6.2934700e-01	 +8.3446682e-02 +2.8294234e-03	 9.52e-01 Accepted	 181	 212	
311	 6.2934672e-01	 +8.5236332e-02 +8.3307651e-04	 1.17e+00 Accepted	 180	 213	
312	 6.2918445e-01	 +8.4502286e-02 +9.3969782e-04	 9.75e-01 Accepted	 181	 212	
313	 6.2918445e-01	 +8.4502286e-02 +9.3969782e-04	 6.15e-01 Rejected	 180	 212	
314	 6.2933551e-01	 +8.5713068e-02 -4.3948164e-04	 1.47e+00 Accepted	 181	 212	
315	 6.2912937e-01	 +8.5465429e-02 -2.0851064e-04	 6.68e-01 Accepted	 181	 212	
316	 6.2917717e-01	 +8.4485499e-02 +1.9747324e-03	 1.05e+00 Accepted	 180	 212	
317	 6.2932072e-01	 +8.4549704e-02 +7.6046687e-04	 1.16e+00 Accepted	 180	 212	
318	 6.2918212e-01	 +8.6641267e-02 +1.0642947e-03	 9.16e-01 Accepted	 180	 211	
319	 6.2950747e-01	 +8.6631240e-02 +4.0817725e-04	 1.77e+00 Accepted	 180	 211	
320	 6.2940002e-01	 +8.4575215e-02 +8.2211478e-05	 1.07e+00 Accepted	 181	 211	
321	 6.2928169e-01	 +8.5893377e-02 +7.0770646e-04	 1.23e+00 Accepted	 180	 211	
322	 6.2918630e-01	 +8.4176803e-02 -2.4702727e-04	 8.80e-01 Accepted	 181	 212	
323	 6.2921953e-01	 +8.5179967e-02 -7.1600403e-05	 1.15e+00 Accepted	 180	 212	
324	 6.2922368e-01	 +8.3599047e-02 -1.1189727e-03	 1.01e+00 Accepted	 181	 212	
325	 6.2927197e-01	 +8.2794433e-02 -2.1219194e-03	 1.05e+00 Accepted	 180	 213	
326	 6.2903248e-01	 +8.3221667e-02 +8.2468900e-04	 9.52e-01 Accepted	 181	 213	
327	 6.2918041e-01	 +8.3533624e-02 -1.3217899e-03	 1.00e+00 Accepted	 180	 212	
328	 6.2904383e-01	 +8.2302894e-02 +1.5393779e-03	 7.03e-01 Accepted	 181	 231	
329	 6.2914579e-01	 +8.6488693e-02 +6.2824807e-04	 1.17e+00 Accepted	 185	 212	
330	 6.2907906e-01	 +8.5399656e-02 +1.0493032e-04	 6.76e-01 Accepted	 181	 212	
331	 6.2910451e-01	 +8.3184145e-02 +1.8210791e-03	 1.40e+00 Accepted	 181	 212	
332	 6.2907570e-01	 +8.5253183e-02 +3.3133690e-04	 1.08e+00 Accepted	 180	 212	
333	 6.2908358e-01	 +8.4851137e-02 +1.8118576e-04	 1.23e+00 Accepted	 180	 212	
334	 6.2908358e-01	 +8.4851137e-02 +1.8118576e-04	 5.81e-01 Rejected	 180	 211	
335	 6.2926091e-01	 +8.5011919e-02 -4.6594194e-04	 1.09e+00 Accepted	 180	 212	
336	 6.2912924e-01	 +8.3146144e-02 -1.2716102e-03	 7.58e-01 Accepted	 181	 212	
337	 6.2888633e-01	 +8.3576203e-02 -8.2431611e-04	 9.35e-01 Accepted	 180	 211	
338	 6.2905495e-01	 +8.3896902e-02 -4.0276934e-04	 1.82e+00 Accepted	 180	 211	
339	 6.2923584e-01	 +8.6749059e-02 -4.5766299e-04	 1.29e+00 Accepted	 180	 211	
340	 6.2929739e-01	 +8.7568776e-02 -4.8260751e-04	 9.67e-01 Accepted	 180	 212	
341	 6.2936985e-01	 +8.5324393e-02 +7.8504050e-04	 1.32e+00 Accepted	 180	 211	
342	 6.2936985e-01	 +8.5324393e-02 +7.8504050e-04	 9.56e-01 Rejected	 181	 211	
343	 6.2936985e-01	 +8.5324393e-02 +7.8504050e-04	 8.38e-01 Rejected	 180	 212	
344	 6.2926558e-01	 +8.3736667e-02 +3.5466872e-05	 6.14e-01 Accepted	 180	 211	
345	 6.2912429e-01	 +8.4669854e-02 -1.9414563e-04	 1.33e+00 Accepted	 180	 212	
346	 6.2894231e-01	 +8.5320894e-02 -9.1793342e-04	 7.51e-01 Accepted	 181	 212	
347	 6.2925303e-01	 +8.4973078e-02 -2.4057546e-03	 1.82e+00 Accepted	 180	 211	
348	 6.2936779e-01	 +8.3504217e-02 -1.6201284e-03	 1.06e+00 Accepted	 180	 212	
349	 6.2921739e-01	 +8.5639954e-02 -1.5672574e-03	 8.06e-01 Accepted	 180	 210	
350	 6.2921174e-01	 +7.8782070e-02 +5.4907444e-04	 9.65e-01 Accepted	 180	 212	
351	 6.2922861e-01	 +8.0274549e-02 -1.9513273e-04	 8.44e-01 Accepted	 180	 212	
352	 6.2907152e-01	 +8.0728040e-02 +3.1359707e-04	 9.01e-01 Accepted	 180	 212	
353	 6.2926430e-01	 +8.2261149e-02 -6.8361478e-04	 1.66e+00 Accepted	 180	 212	
354	 6.2914401e-01	 +8.1005908e-02 +7.1352521e-04	 8.05e-01 Accepted	 182	 217	
355	 6.2896752e-01	 +8.1372346e-02 +6.0918437e-05	 6.36e-01 Accepted	 182	 212	
356	 6.2908928e-01	 +8.3389854e-02 -4.4004203e-04	 1.00e+00 Accepted	 180	 212	
357	 6.2918107e-01	 +8.4111278e-02 -1.0757437e-03	 1.10e+00 Accepted	 180	 212	
358	 6.2918901e-01	 +8.4627708e-02 +1.0205853e-03	 8.78e-01 Accepted	 181	 212	
359	 6.2931571e-01	 +8.1785583e-02 +1.3988828e-04	 1.44e+00 Accepted	 180	 212	
360	 6.2939684e-01	 +8.1125889e-02 +1.2318628e-03	 1.30e+00 Accepted	 181	 212	
361	 6.2934240e-01	 +8.2059787e-02 +1.5594854e-03	 9.25e-01 Accepted	 180	 212	
362	 6.2921496e-01	 +8.4205177e-02 -9.5481773e-04	 6.52e-01 Accepted	 180	 212	
363	 6.2921496e-01	 +8.4205177e-02 -9.5481773e-04	 7.61e-01 Rejected	 180	 211	
364	 6.2914447e-01	 +8.4043253e-02 -9.1026694e-05	 1.28e+00 Accepted	 181	 212	
365	 6.2914447e-01	 +8.4043253e-02 -9.1026694e-05	 6.34e-01 Rejected	 183	 212	
366	 6.2926085e-01	 +8.4396181e-02 +9.9428910e-04	 8.71e-01 Accepted	 181	 212	
367	 6.2932909e-01	 +8.4131882e-02 -6.1235633e-04	 1.06e+00 Accepted	 180	 212	
368	 6.2932909e-01	 +8.4131882e-02 -6.1235633e-04	 5.92e-01 Rejected	 180	 212	
369	 6.2926867e-01	 +8.3785957e-02 -2.6592490e-04	 1.17e+00 Accepted	 180	 211	
370	 6.2926757e-01	 +8.2974597e-02 -1.5083320e-04	 1.09e+00 Accepted	 181	 212	
371	 6.2939218e-01	 +8.2112009e-02 -1.5541950e-03	 1.16e+00 Accepted	 180	 212	
372	 6.2939218e-01	 +8.2112009e-02 -1.5541950e-03	 6.12e-01 Rejected	 181	 212	
373	 6.2939218e-01	 +8.2112009e-02 -1.5541950e-03	 7.48e-01 Rejected	 180	 212	
374	 6.2937251e-01	 +8.0945969e-02 +3.8053908e-04	 8.75e-01 Accepted	 182	 212	
375	 6.2924497e-01	 +8.3963798e-02 +6.1488296e-04	 7.58e-01 Accepted	 180	 211	
376	 6.2940567e-01	 +8.4403374e-02 -1.0413340e-03	 1.20e+00 Accepted	 180	 211	
377	 6.2923945e-01	 +8.2871878e-02 +3.2149442e-04	 6.10e-01 Accepted	 179	 212	
378	 6.2913485e-01	 +8.3676709e-02 -1.1980761e-03	 1.02e+00 Accepted	 180	 212	
379	 6.2929972e-01	 +8.3551713e-02 +8.8350843e-04	 1.50e+00 Accepted	 180	 212	
380	 6.2926360e-01	 +8.1178218e-02 -1.8866878e-04	 1.08e+00 Accepted	 181	 212	
381	 6.2936474e-01	 +8.3544284e-02 -3.9515535e-04	 9.73e-01 Accepted	 180	 212	
382	 6.2934619e-01	 +8.1915374e-02 +3.7697127e-04	 1.04e+00 Accepted	 180	 212	
383	 6.2930621e-01	 +8.1225992e-02 +4.0379052e-04	 7.34e-01 Accepted	 180	 212	
384	 6.2930621e-01	 +8.1225992e-02 +4.0379052e-04	 6.25e-01 Rejected	 181	 212	
385	 6.2926554e-01	 +8.1180997e-02 +3.1012211e-04	 1.31e+00 Accepted	 180	 212	
386	 6.2917167e-01	 +8.2011255e-02 +6.4701308e-04	 7.24e-01 Accepted	 180	 212	
387	 6.2918984e-01	 +8.1637814e-02 -1.1067196e-03	 9.87e-01 Accepted	 180	 212	
388	 6.2925411e-01	 +8.2704861e-02 +1.2689181e-03	 7.17e-01 Accepted	 181	 212	
389	 6.2929154e-01	 +8.2146788e-02 +5.1530904e-07	 9.28e-01 Accepted	 180	 212	
390	 6.2926754e-01	 +8.3283617e-02 +8.8991613e-04	 1.16e+00 Accepted	 180	 212	
391	 6.2917386e-01	 +8.4690857e-02 -9.3941298e-04	 5.88e-01 Accepted	 179	 210	
392	 6.2915260e-01	 +8.3863254e-02 +5.6985931e-04	 1.69e+00 Accepted	 180	 212	
393	 6.2909550e-01	 +8.3751273e-02 -2.7793768e-05	 1.11e+00 Accepted	 180	 212	
394	 6.2909550e-01	 +8.3751273e-02 -2.7793768e-05	 6.80e-01 Rejected	 181	 212	
395	 6.2892729e-01	 +8.4958272e-02 +1.8653233e-03	 6.70e-01 Accepted	 180	 212	
396	 6.2889854e-01	 +8.0774083e-02 -3.7539598e-04	 8.44e-01 Accepted	 181	 212	
397	 6.2904690e-01	 +8.1402320e-02 -6.6460477e-04	 1.58e+00 Accepted	 180	 212	
398	 6.2911922e-01	 +8.2166719e-02 -5.2664704e-07	 5.21e-01 Accepted	 181	 212	
399	 6.2903139e-01	 +8.5408745e-02 +9.7600383e-04	 1.57e+00 Accepted	 185	 239	
400	 6.2933680e-01	 +8.4895742e-02 -4.8885373e-04	 1.70e+00 Accepted	 188	 212	
401	 6.2933013e-01	 +8.3108925e-02 +1.9715693e-03	 8.98e-01 Accepted	 180	 212	
402	 6.2933013e-01	 +8.3108925e-02 +1.9715693e-03	 6.58e-01 Rejected	 183	 212	
403	 6.2932388e-01	 +8.3855355e-02 -2.4146237e-05	 9.13e-01 Accepted	 189	 262	
404	 6.2916835e-01	 +8.2762342e-02 -5.2874246e-04	 8.90e-01 Accepted	 194	 212	
405	 6.2905611e-01	 +8.1359271e-02 +1.2651377e-03	 6.65e-01 Accepted	 180	 212	
406	 6.2906627e-01	 +8.3809415e-02 -8.0703861e-04	 1.34e+00 Accepted	 180	 212	
407	 6.2923213e-01	 +8.1374468e-02 -8.6562108e-04	 1.72e+00 Accepted	 180	 211	
408	 6.2905725e-01	 +8.1872440e-02 -7.6889374e-04	 8.25e-01 Accepted	 180	 212	
409	 6.2925850e-01	 +8.2710173e-02 -3.5197144e-04	 1.50e+00 Accepted	 180	 212	
410	 6.2936360e-01	 +7.9948892e-02 +3.8397749e-04	 1.31e+00 Accepted	 181	 212	
411	 6.2938035e-01	 +8.2477702e-02 +1.7836991e-03	 1.34e+00 Accepted	 180	 212	
412	 6.2936055e-01	 +7.9285210e-02 +4.1725483e-04	 1.07e+00 Accepted	 180	 213	
413	 6.2930982e-01	 +7.9293016e-02 -4.0995695e-04	 1.15e+00 Accepted	 179	 213	
414	 6.2896093e-01	 +8.1280043e-02 +1.0580901e-03	 5.57e-01 Accepted	 181	 212	
415	 6.2906483e-01	 +8.2464042e-02 -9.8088458e-04	 1.54e+00 Accepted	 180	 212	
416	 6.2904382e-01	 +8.2905151e-02 +1.1418980e-03	 9.81e-01 Accepted	 181	 212	
417	 6.2892174e-01	 +7.9108309e-02 +2.0427406e-03	 1.14e+00 Accepted	 180	 212	
418	 6.2892377e-01	 +8.2934186e-02 -4.4975061e-04	 9.35e-01 Accepted	 180	 212	
419	 6.2911360e-01	 +8.4252702e-02 -6.4277858e-04	 8.95e-01 Accepted	 180	 212	
420	 6.2918928e-01	 +8.2551129e-02 -1.0887184e-03	 1.07e+00 Accepted	 180	 211	
421	 6.2921746e-01	 +8.3709446e-02 -4.2852231e-04	 7.03e-01 Accepted	 179	 211	
422	 6.2937164e-01	 +8.4992575e-02 -1.3989556e-03	 1.17e+00 Accepted	 180	 213	
423	 6.2934883e-01	 +8.5042646e-02 +5.3924439e-04	 8.70e-01 Accepted	 181	 212	
424	 6.2914394e-01	 +8.1596046e-02 -1.0761001e-03	 8.75e-01 Accepted	 181	 213	
425	 6.2934088e-01	 +8.2875455e-02 +9.0114726e-04	 1.50e+00 Accepted	 180	 212	
426	 6.2934088e-01	 +8.2875455e-02 +9.0114726e-04	 8.84e-01 Rejected	 180	 212	
427	 6.2937621e-01	 +8.3275141e-02 -2.5228044e-04	 9.38e-01 Accepted	 180	 212	
428	 6.2937621e-01	 +8.3275141e-02 -2.5228044e-04	 6.42e-01 Rejected	 180	 212	
429	 6.2945125e-01	 +8.1442884e-02 -9.7855702e-04	 1.01e+00 Accepted	 180	 212	
430	 6.2945125e-01	 +8.1442884e-02 -9.7855702e-04	 4.94e-01 Rejected	 181	 212	
431	 6.2945125e-01	 +8.1442884e-02 -9.7855702e-04	 7.16e-01 Rejected	 180	 212	
432	 6.2960533e-01	 +8.1745494e-02 -2.3278062e-04	 1.30e+00 Accepted	 180	 212	
433	 6.2960533e-01	 +8.1745494e-02 -2.3278062e-04	 6.05e-01 Rejected	 180	 212	
434	 6.2945280e-01	 +8.2604102e-02 -1.0095612e-03	 7.08e-01 Accepted	 181	 213	
435	 6.2945280e-01	 +8.2604102e-02 -1.0095612e-03	 6.07e-01 Rejected	 181	 212	
436	 6.2919966e-01	 +8.2621519e-02 -5.2515763e-04	 8.90e-01 Accepted	 181	 212	
437	 6.2894594e-01	 +8.1991420e-02 -2.7332892e-03	 1.00e+00 Accepted	 180	 212	
438	 6.2910281e-01	 +8.3732908e-02 -1.4979800e-03	 1.53e+00 Accepted	 180	 212	
439	 6.2908123e-01	 +8.4035252e-02 -3.8896703e-04	 8.79e-01 Accepted	 180	 212	
440	 6.2916300e-01	 +8.4010203e-02 +9.6000795e-04	 1.01e+00 Accepted	 180	 212	
441	 6.2919115e-01	 +8.4819577e-02 +6.8443155e-04	 9.31e-01 Accepted	 180	 212	
442	 6.2925408e-01	 +8.3149904e-02 +2.1328027e-03	 9.89e-01 Accepted	 181	 212	
443	 6.2930274e-01	 +8.7261036e-02 +7.7589563e-04	 1.31e+00 Accepted	 180	 212	
444	 6.2919657e-01	 +8.4330005e-02 -1.0628196e-03	 9.10e-01 Accepted	 181	 212	
445	 6.2937991e-01	 +8.4733799e-02 +1.2094824e-03	 8.29e-01 Accepted	 180	 212	
446	 6.2936556e-01	 +8.3493041e-02 +4.2632411e-04	 8.15e-01 Accepted	 180	 212	
447	 6.2936556e-01	 +8.3493041e-02 +4.2632411e-04	 7.91e-01 Rejected	 180	 212	
448	 6.2943886e-01	 +8.3976474e-02 +2.2548856e-04	 1.09e+00 Accepted	 180	 212	
449	 6.2945717e-01	 +8.4959005e-02 +2.6084730e-04	 1.49e+00 Accepted	 180	 212	
450	 6.2943706e-01	 +8.4960030e-02 +9.8647821e-05	 6.18e-01 Accepted	 180	 212	
451	 6.2928865e-01	 +8.2470679e-02 -1.4850746e-03	 9.66e-01 Accepted	 180	 212	
452	 6.2930450e-01	 +8.3369663e-02 +2.7303830e-03	 8.73e-01 Accepted	 180	 212	
453	 6.2917049e-01	 +8.4740038e-02 -4.4188388e-04	 8.08e-01 Accepted	 179	 212	
454	 6.2921479e-01	 +8.3568320e-02 -9.9691961e-04	 1.37e+00 Accepted	 180	 212	
455	 6.2902996e-01	 +8.2066813e-02 +1.1532915e-03	 9.04e-01 Accepted	 179	 212	
456	 6.2902543e-01	 +8.2477268e-02 -5.1348079e-04	 1.04e+00 Accepted	 180	 212	
457	 6.2921585e-01	 +8.3813508e-02 -3.5133117e-04	 1.29e+00 Accepted	 180	 212	
458	 6.2924063e-01	 +8.1720203e-02 -5.5097783e-04	 1.21e+00 Accepted	 181	 212	
459	 6.2917954e-01	 +8.2241509e-02 +3.9927833e-04	 1.01e+00 Accepted	 181	 212	
460	 6.2935020e-01	 +8.0434149e-02 -6.7824703e-04	 8.38e-01 Accepted	 180	 213	
461	 6.2934964e-01	 +8.0253010e-02 +3.5183657e-04	 5.70e-01 Accepted	 180	 212	
462	 6.2941806e-01	 +8.3141259e-02 +2.4402593e-04	 1.26e+00 Accepted	 181	 211	
463	 6.2941806e-01	 +8.3141259e-02 +2.4402593e-04	 5.47e-01 Rejected	 180	 212	
464	 6.2912629e-01	 +8.0658554e-02 -7.8030380e-04	 4.54e-01 Accepted	 181	 212	
465	 6.2913739e-01	 +8.3026233e-02 +1.1075765e-03	 7.24e-01 Accepted	 181	 212	
466	 6.2908970e-01	 +8.0159191e-02 +4.4416902e-04	 9.34e-01 Accepted	 181	 211	
467	 6.2913295e-01	 +8.0407941e-02 +1.7046659e-03	 1.51e+00 Accepted	 180	 212	
468	 6.2913295e-01	 +8.0407941e-02 +1.7046659e-03	 7.48e-01 Rejected	 181	 213	
469	 6.2940022e-01	 +8.1916259e-02 +1.6707359e-03	 1.33e+00 Accepted	 181	 214	
470	 6.2953769e-01	 +8.4855834e-02 +1.0740798e-03	 1.29e+00 Accepted	 181	 213	
471	 6.2941683e-01	 +8.3400845e-02 +3.9082939e-04	 7.82e-01 Accepted	 180	 212	
472	 6.2917417e-01	 +8.3849942e-02 +1.0637637e-03	 6.83e-01 Accepted	 181	 212	
473	 6.2910541e-01	 +8.2486525e-02 -1.4440992e-06	 8.89e-01 Accepted	 180	 212	
474	 6.2910605e-01	 +8.4685548e-02 +1.2218910e-03	 8.51e-01 Accepted	 181	 212	
475	 6.2895943e-01	 +8.6125582e-02 -4.0132724e-04	 9.84e-01 Accepted	 180	 212	
476	 6.2896159e-01	 +8.6463643e-02 +1.8545409e-03	 1.21e+00 Accepted	 181	 217	
477	 6.2919607e-01	 +8.4677449e-02 +1.0739539e-03	 1.02e+00 Accepted	 182	 212	
478	 6.2905939e-01	 +8.5455104e-02 +1.7558710e-03	 1.10e+00 Accepted	 180	 212	
479	 6.2905939e-01	 +8.5455104e-02 +1.7558710e-03	 6.79e-01 Rejected	 180	 212	
# Starting_type: CheckpointStart
# Trajectory_length / Number_of_MD_steps: 1 / 8
# 	 Plaquette	 Polyakov_Loop(re,im)	 Acc._Probability	 runtime_per_traj(s)	 CG_iterations	
479	 6.2893532e-01	 +8.2085524e-02 +2.4316107e-03	 6.79e-01 Skipping	 182	 212	
480	 6.2921145e-01	 +8.4174998e-02 +1.7779463e-03	 1.29e+00 Skipping	 180	 212	
481	 6.2938916e-01	 +8.4945625e-02 +3.3441893e-05	 1.16e+00 Skipping	 180	 212	
482	 6.2943897e-01	 +8.4230670e-02 -1.2959662e-03	 8.63e-01 Skipping	 181	 212	
483	 6.2916089e-01	 +8.4550090e-02 +8.7560597e-04	 5.06e-01 Skipping	 180	 212	
484	 6.2907257e-01	 +8.4493035e-02 -4.0900864e-04	 9.03e-01 Skipping	 180	 214	
485	 6.2924332e-01	 +8.4345781e-02 +5.1995199e-04	 1.57e+00 Skipping	 181	 212	
486	 6.2940066e-01	 +8.3456314e-02 +1.2811365e-03	 1.56e+00 Skipping	 180	 210	
487	 6.2944127e-01	 +8.3403710e-02 -1.0425984e-05	 1.03e+00 Skipping	 180	 212	
488	 6.2946690e-01	 +8.3975554e-02 +4.3299167e-04	 1.25e+00 Skipping	 180	 212	
489	 6.2939039e-01	 +8.5484259e-02 +1.2721153e-03	 5.65e-01 Skipping	 179	 212	
490	 6.2904137e-01	 +8.3643174e-02 -3.0720908e-04	 8.80e-01 Skipping	 181	 211	
491	 6.2895592e-01	 +8.5338585e-02 -6.6158340e-04	 1.08e+00 Skipping	 179	 211	
492	 6.2930564e-01	 +8.1586217e-02 +2.4303942e-03	 2.51e+00 Skipping	 180	 212	
493	 6.2938540e-01	 +8.3848194e-02 +5.1913085e-04	 1.14e+00 Skipping	 180	 212	
494	 6.2945639e-01	 +8.3669451e-02 +6.1934771e-04	 1.10e+00 Skipping	 180	 212	
495	 6.2933171e-01	 +8.4438385e-02 -2.3990055e-04	 8.30e-01 Skipping	 180	 212	
496	 6.2916339e-01	 +8.5657445e-02 -4.6233329e-04	 8.76e-01 Skipping	 181	 212	
497	 6.2928414e-01	 +8.3662057e-02 -1.6707503e-03	 9.82e-01 Skipping	 179	 212	
498	 6.2939675e-01	 +8.5547520e-02 -2.5846820e-03	 1.62e+00 Skipping	 180	 211	
499	 6.2949444e-01	 +8.5999899e-02 -1.7142131e-03	 1.20e+00 Skipping	 180	 212	
500	 6.2953268e-01	 +8.4562635e-02 -1.9076971e-03	 7.30e-01 Skipping	 180	 211	
501	 6.2945402e-01	 +8.3040355e-02 -5.4700431e-04	 1.29e+00 Skipping	 180	 212	
502	 6.2954749e-01	 +8.1305543e-02 -4.7034791e-04	 8.06e-01 Skipping	 180	 212	
503	 6.2944153e-01	 +8.2550725e-02 -7.0403604e-04	 1.06e+00 Skipping	 180	 211	
504	 6.2964640e-01	 +8.3702830e-02 +7.8334985e-04	 1.07e+00 Skipping	 180	 212	
505	 6.2937066e-01	 +8.4585280e-02 +9.3379476e-04	 5.65e-01 Skipping	 179	 211	
506	 6.2944470e-01	 +8.3239109e-02 -4.7453474e-04	 1.24e+00 Skipping	 181	 212	
507	 6.2928244e-01	 +8.3386256e-02 +1.0649851e-03	 7.96e-01 Skipping	 180	 212	
508	 6.2923391e-01	 +8.3096689e-02 +7.9674534e-05	 8.93e-01 Skipping	 180	 212	
509	 6.2920832e-01	 +8.2512862e-02 -6.7304905e-04	 6.70e-01 Skipping	 180	 212	
510	 6.2923849e-01	 +8.2252341e-02 -8.3732444e-04	 1.11e+00 Skipping	 180	 212	
511	 6.2891638e-01	 +8.1513118e-02 +4.2529105e-04	 5.09e-01 Skipping	 180	 212	
512	 6.2902899e-01	 +8.1638324e-02 -8.8747376e-04	 9.86e-01 Skipping	 180	 212	
513	 6.2914010e-01	 +8.2005091e-02 +6.1096940e-05	 1.20e+00 Skipping	 180	 212	
514	 6.2913988e-01	 +8.3074192e-02 +1.3412696e-03	 7.00e-01 Skipping	 180	 212	
515	 6.2911139e-01	 +8.1617826e-02 +2.2044958e-03	 9.48e-01 Skipping	 181	 226	
516	 6.2922744e-01	 +8.4493200e-02 +4.4450595e-04	 8.41e-01 Skipping	 186	 212	
517	 6.2915213e-01	 +8.5137380e-02 +2.5530297e-04	 1.23e+00 Skipping	 180	 212	
518	 6.2898800e-01	 +8.2566068e-02 -1.1298082e-04	 8.02e-01 Skipping	 181	 212	
519	 6.2890987e-01	 +8.3836882e-02 +9.2936775e-04	 1.28e+00 Skipping	 180	 213	
520	 6.2900688e-01	 +8.1543906e-02 +6.9525531e-04	 1.17e+00 Skipping	 181	 212	
521	 6.2924187e-01	 +8.4139031e-02 +3.7532378e-04	 7.99e-01 Skipping	 180	 213	
522	 6.2923444e-01	 +8.6393512e-02 +4.2938932e-05	 8.64e-01 Skipping	 180	 212	
523	 6.2925287e-01	 +8.2839779e-02 +3.4274240e-04	 8.50e-01 Skipping	 180	 212	
524	 6.2929881e-01	 +8.2762874e-02 +9.6906817e-04	 1.15e+00 Skipping	 181	 212	
525	 6.2907476e-01	 +8.1000749e-02 +8.4399211e-04	 6.81e-01 Skipping	 180	 212	
526	 6.2909322e-01	 +8.2437481e-02 +1.6717128e-03	 9.55e-01 Skipping	 180	 212	
527	 6.2913098e-01	 +8.4110451e-02 +1.6255161e-03	 9.04e-01 Skipping	 180	 212	
528	 6.2926091e-01	 +8.3467172e-02 -6.1673777e-04	 1.62e+00 Skipping	 180	 212	
529	 6.2904072e-01	 +8.2864489e-02 -9.1402215e-04	 9.47e-01 Accepted	 180	 212	
530	 6.2920141e-01	 +8.1489238e-02 +1.2344149e-03	 1.17e+00 Accepted	 180	 212	
531	 6.2924273e-01	 +8.2000486e-02 -7.2742191e-04	 9.06e-01 Accepted	 181	 211	
532	 6.2911109e-01	 +8.2232034e-02 -6.6874615e-04	 6.69e-01 Accepted	 180	 212	
533	 6.2925687e-01	 +8.3488475e-02 -5.9067020e-04	 1.65e+00 Accepted	 180	 212	
534	 6.2961767e-01	 +8.5188666e-02 -7.9080355e-04	 1.25e+00 Accepted	 180	 212	
535	 6.2940166e-01	 +8.4638726e-02 -1.9575575e-03	 7.78e-01 Accepted	 180	 212	
536	 6.2932134e-01	 +8.3730870e-02 +6.5846898e-05	 7.51e-01 Accepted	 180	 212	
537	 6.2928549e-01	 +8.4834096e-02 +4.5578665e-04	 1.06e+00 Accepted	 179	 212	
538	 6.2917852e-01	 +8.2219286e-02 +1.1291309e-03	 6.55e-01 Accepted	 180	 210	
539	 6.2923935e-01	 +8.3775702e-02 +1.5845055e-03	 1.03e+00 Accepted	 181	 212	
540	 6.2907987e-01	 +8.3543296e-02 +2.5097036e-03	 5.13e-01 Accepted	 180	 212	
541	 6.2907987e-01	 +8.3543296e-02 +2.5097036e-03	 7.08e-01 Rejected	 180	 212	
542	 6.2889430e-01	 +8.2170564e-02 +1.5884323e-03	 7.99e-01 Accepted	 181	 212	
543	 6.2890523e-01	 +8.1361534e-02 +1.7522782e-03	 1.16e+00 Accepted	 184	 240	
544	 6.2880661e-01	 +8.2113212e-02 +8.8672943e-04	 1.00e+00 Accepted	 187	 211	
545	 6.2908261e-01	 +8.2091442e-02 +8.3362672e-04	 9.28e-01 Accepted	 181	 212	
546	 6.2907222e-01	 +8.3839567e-02 +9.4728638e-05	 1.04e+00 Accepted	 181	 212	
547	 6.2907222e-01	 +8.3839567e-02 +9.4728638e-05	 7.78e-01 Rejected	 179	 212	
548	 6.2918208e-01	 +8.3104055e-02 +5.3343755e-04	 1.27e+00 Accepted	 180	 211	
549	 6.2913504e-01	 +8.2667772e-02 +1.5325720e-05	 8.95e-01 Accepted	 179	 212	
550	 6.2925947e-01	 +8.3031691e-02 -1.2171479e-03	 1.07e+00 Accepted	 180	 212	
551	 6.2916073e-01	 +8.5790170e-02 -1.2755207e-03	 8.54e-01 Accepted	 181	 211	
552	 6.2916817e-01	 +8.6722831e-02 -1.4986070e-04	 9.43e-01 Accepted	 180	 212	
553	 6.2917221e-01	 +8.2751327e-02 -4.5105871e-04	 1.13e+00 Accepted	 180	 211	
554	 6.2911089e-01	 +8.2926666e-02 +2.1910352e-03	 1.10e+00 Accepted	 181	 212	
555	 6.2911599e-01	 +8.4663141e-02 -2.5181335e-04	 9.29e-01 Accepted	 180	 211	
556	 6.2909871e-01	 +8.3899896e-02 -1.3688861e-03	 1.01e+00 Accepted	 180	 211	
557	 6.2913836e-01	 +8.5727680e-02 +2.7443532e-03	 1.31e+00 Accepted	 179	 211	
558	 6.2934445e-01	 +8.6655745e-02 -3.9187164e-04	 1.41e+00 Accepted	 180	 210	
559	 6.2934445e-01	 +8.6655745e-02 -3.9187164e-04	 7.61e-01 Rejected	 180	 210	
560	 6.2906224e-01	 +8.7495057e-02 +6.6419774e-04	 5.60e-01 Accepted	 180	 210	
561	 6.2912432e-01	 +8.4021543e-02 +1.6501965e-04	 1.14e+00 Accepted	 179	 211	
562	 6.2912432e-01	 +8.4021543e-02 +1.6501965e-04	 8.20e-01 Rejected	 180	 211	
563	 6.2911554e-01	 +8.5582261e-02 -1.2492153e-03	 1.11e+00 Accepted	 180	 211	
564	 6.2909872e-01	 +8.7258199e-02 -6.2045189e-04	 9.39e-01 Accepted	 180	 211	
565	 6.2925457e-01	 +8.5459748e-02 +2.9478689e-05	 1.42e+00 Accepted	 180	 211	
566	 6.2925815e-01	 +8.7727968e-02 -1.5306127e-03	 1.30e+00 Accepted	 180	 210	
567	 6.2930601e-01	 +8.7686703e-02 +1.0377189e-03	 1.49e+00 Accepted	 179	 212	
568	 6.2900469e-01	 +8.7662832e-02 -3.5709555e-04	 6.52e-01 Accepted	 180	 211	
569	 6.2912559e-01	 +8.7031604e-02 -1.7500899e-03	 1.08e+00 Accepted	 179	 210	
570	 6.2924138e-01	 +8.8649861e-02 -1.0442598e-03	 1.09e+00 Accepted	 179	 210	
571	 6.2933039e-01	 +8.9919797e-02 +1.2802619e-03	 9.20e-01 Accepted	 179	 210	
572	 6.2937248e-01	 +8.6260711e-02 -7.4884564e-04	 1.07e+00 Accepted	 180	 211	
573	 6.2904435e-01	 +8.6077573e-02 -5.7828670e-04	 5.18e-01 Accepted	 179	 210	
574	 6.2913392e-01	 +8.6357145e-02 +4.3015347e-04	 1.27e+00 Accepted	 180	 210	
575	 6.2923250e-01	 +8.7043767e-02 +3.3578951e-04	 9.12e-01 Accepted	 179	 210	
576	 6.2935812e-01	 +9.0919872e-02 -4.0023508e-04	 1.24e+00 Accepted	 180	 211	
577	 6.2935812e-01	 +9.0919872e-02 -4.0023508e-04	 6.76e-01 Rejected	 179	 210	
578	 6.2957356e-01	 +9.0227658e-02 +4.1499867e-04	 9.95e-01 Accepted	 180	 210	
579	 6.2957356e-01	 +9.0227658e-02 +4.1499867e-04	 6.60e-01 Rejected	 179	 210	
580	 6.2945657e-01	 +8.6275517e-02 +3.2089486e-04	 9.54e-01 Accepted	 180	 210	
581	 6.2927609e-01	 +8.9533424e-02 +2.2316414e-04	 7.59e-01 Accepted	 179	 210	
582	 6.2925376e-01	 +9.0113506e-02 -5.1803283e-04	 9.34e-01 Accepted	 180	 211	
583	 6.2914028e-01	 +8.6336693e-02 +9.0755934e-04	 9.42e-01 Accepted	 180	 212	
584	 6.2900027e-01	 +8.8366182e-02 +4.6661020e-04	 1.05e+00 Accepted	 181	 212	
585	 6.2896951e-01	 +8.7534636e-02 +6.3656897e-04	 1.01e+00 Accepted	 180	 221	
586	 6.2896951e-01	 +8.7534636e-02 +6.3656897e-04	 5.99e-01 Rejected	 184	 210	
587	 6.2904843e-01	 +8.6064833e-02 -1.2782303e-04	 1.07e+00 Accepted	 183	 211	
588	 6.2909849e-01	 +8.7246633e-02 +1.7657321e-04	 9.32e-01 Accepted	 180	 212	
589	 6.2909849e-01	 +8.7246633e-02 +1.7657321e-04	 9.28e-01 Rejected	 179	 210	
590	 6.2923312e-01	 +8.5523618e-02 +2.3055387e-04	 1.11e+00 Accepted	 180	 212	
591	 6.2912204e-01	 +8.6598891e-02 +9.8969036e-04	 7.07e-01 Accepted	 180	 211	
592	 6.2901390e-01	 +8.4127499e-02 -6.7177148e-04	 7.34e-01 Accepted	 181	 212	
593	 6.2901408e-01	 +8.3067596e-02 +1.4027203e-03	 1.05e+00 Accepted	 179	 212	
594	 6.2915558e-01	 +8.3267834e-02 +1.0408196e-04	 9.36e-01 Accepted	 180	 212	
595	 6.2912292e-01	 +8.5284111e-02 +3.1679720e-04	 1.26e+00 Accepted	 179	 212	
596	 6.2911852e-01	 +8.6251738e-02 -6.8194294e-04	 1.37e+00 Accepted	 181	 212	
597	 6.2923240e-01	 +8.7247458e-02 +8.7985401e-04	 8.28e-01 Accepted	 179	 211	
598	 6.2913604e-01	 +8.4245413e-02 -1.7636895e-03	 6.46e-01 Accepted	 180	 211	
599	 6.2941400e-01	 +8.3626943e-02 -3.7746511e-04	 9.23e-01 Accepted	 180	 211	
600	 6.2933163e-01	 +7.9615346e-02 +1.8403397e-04	 5.76e-01 Accepted	 181	 212	
601	 6.2932767e-01	 +8.1875258e-02 +5.2843421e-05	 7.77e-01 Accepted	 180	 211	
602	 6.2953553e-01	 +8.3649885e-02 +1.3334076e-03	 1.78e+00 Accepted	 180	 211	
603	 6.2932940e-01	 +8.2465534e-02 +4.3914499e-04	 7.36e-01 Accepted	 180	 211	
604	 6.2951294e-01	 +8.1830322e-02 -1.1488079e-03	 1.62e+00 Accepted	 180	 211	
605	 6.2944937e-01	 +8.0232347e-02 -1.1142408e-03	 1.05e+00 Accepted	 180	 212	
606	 6.2939182e-01	 +8.2166715e-02 -2.1402308e-04	 1.09e+00 Accepted	 181	 212	
607	 6.2926184e-01	 +8.1384973e-02 +4.8587566e-04	 9.39e-01 Accepted	 180	 212	
608	 6.2913585e-01	 +8.2938979e-02 +1.0541422e-03	 8.27e-01 Accepted	 180	 212	
609	 6.2915126e-01	 +8.2483368e-02 -4.7921967e-04	 8.15e-01 Accepted	 180	 212	
610	 6.2925796e-01	 +8.4267690e-02 -9.4628344e-04	 9.51e-01 Accepted	 180	 210	
611	 6.2925796e-01	 +8.4267690e-02 -9.4628344e-04	 6.73e-01 Rejected	 179	 212	
612	 6.2927811e-01	 +8.5056742e-02 -1.2404722e-03	 1.05e+00 Accepted	 180	 211	
613	 6.2927811e-01	 +8.5056742e-02 -1.2404722e-03	 6.99e-01 Rejected	 180	 210	
614	 6.2941535e-01	 +8.3528220e-02 -4.8520756e-05	 1.17e+00 Accepted	 180	 210	
615	 6.2916447e-01	 +8.5268169e-02 -9.7132578e-04	 8.32e-01 Accepted	 180	 211	
616	 6.2923035e-01	 +8.6424812e-02 -1.3753135e-03	 1.92e+00 Accepted	 180	 210	
617	 6.2933962e-01	 +9.0062957e-02 -1.1552432e-03	 1.07e+00 Accepted	 180	 210	
618	 6.2943317e-01	 +8.6716971e-02 -1.5857341e-03	 1.13e+00 Accepted	 181	 211	
619	 6.2930199e-01	 +8.7347968e-02 -1.1367427e-03	 1.29e+00 Accepted	 180	 210	
620	 6.2947132e-01	 +8.6683409e-02 -5.8873027e-04	 9.85e-01 Accepted	 180	 213	
621	 6.2947132e-01	 +8.6683409e-02 -5.8873027e-04	 7.98e-01 Rejected	 180	 211	
622	 6.2919685e-01	 +8.6660920e-02 +6.8783700e-04	 6.58e-01 Accepted	 181	 211	
623	 6.2945084e-01	 +8.6703158e-02 -2.2741015e-04	 1.07e+00 Accepted	 179	 210	
624	 6.2945084e-01	 +8.6703158e-02 -2.2741015e-04	 7.56e-01 Rejected	 180	 212	
625	 6.2943711e-01	 +8.8860611e-02 -1.5527657e-03	 1.19e+00 Accepted	 180	 210	
626	 6.2943711e-01	 +8.8860611e-02 -1.5527657e-03	 8.25e-01 Rejected	 180	 210	
627	 6.2943711e-01	 +8.8860611e-02 -1.5527657e-03	 5.78e-01 Rejected	 179	 210	
628	 6.2937317e-01	 +8.7545708e-02 -1.7663257e-04	 6.11e-01 Accepted	 180	 211	
629	 6.2941009e-01	 +8.6301759e-02 -1.2955071e-03	 1.44e+00 Accepted	 179	 210	
630	 6.2942673e-01	 +8.7304839e-02 -7.7013972e-04	 1.02e+00 Accepted	 179	 210	
631	 6.2952917e-01	 +8.8616554e-02 -1.0738671e-03	 1.08e+00 Accepted	 179	 210	
632	 6.2957799e-01	 +8.7057817e-02 -9.4827390e-04	 8.86e-01 Accepted	 179	 210	
633	 6.2960656e-01	 +8.6815955e-02 -1.4599398e-03	 7.84e-01 Accepted	 179	 211	
634	 6.2942699e-01	 +8.5459836e-02 -3.6310834e-04	 7.62e-01 Accepted	 180	 210	
635	 6.2933468e-01	 +8.6698753e-02 -1.4119872e-03	 1.00e+00 Accepted	 179	 210	
636	 6.2937728e-01	 +8.6199284e-02 -4.5077788e-04	 1.14e+00 Accepted	 180	 210	
637	 6.2936716e-01	 +8.8462086e-02 +1.6061552e-03	 1.01e+00 Accepted	 179	 211	
638	 6.2935279e-01	 +8.7595868e-02 +1.6263972e-04	 1.03e+00 Accepted	 180	 210	
639	 6.2925154e-01	 +8.5070812e-02 -2.9022796e-04	 8.67e-01 Accepted	 179	 210	
640	 6.2925154e-01	 +8.5070812e-02 -2.9022796e-04	 7.27e-01 Rejected	 180	 211	
641	 6.2925154e-01	 +8.5070812e-02 -2.9022796e-04	 7.18e-01 Rejected	 179	 211	
642	 6.2931292e-01	 +8.5764542e-02 +9.9755904e-04	 8.92e-01 Accepted	 180	 210	
643	 6.2926514e-01	 +8.3724659e-02 -2.5366822e-04	 1.37e+00 Accepted	 180	 211	
644	 6.2967367e-01	 +8.5879176e-02 -1.0985982e-03	 1.94e+00 Accepted	 180	 212	
645	 6.2967367e-01	 +8.5879176e-02 -1.0985982e-03	 5.15e-01 Rejected	 180	 211	
646	 6.2943399e-01	 +8.5011509e-02 +2.7590548e-04	 1.04e+00 Accepted	 180	 211	
647	 6.2929083e-01	 +8.4922824e-02 +1.0464569e-03	 8.61e-01 Accepted	 180	 211	
648	 6.2923230e-01	 +8.4641982e-02 -3.2749362e-04	 7.95e-01 Accepted	 180	 211	
649	 6.2914196e-01	 +8.5831447e-02 +3.8326451e-04	 9.81e-01 Accepted	 180	 210	
650	 6.2926073e-01	 +8.5905205e-02 -2.8202030e-04	 1.44e+00 Accepted	 180	 212	
651	 6.2907708e-01	 +8.6056711e-02 +1.8030206e-03	 1.27e+00 Accepted	 179	 210	
652	 6.2930608e-01	 +8.4862208e-02 -4.6861852e-04	 1.79e+00 Accepted	 180	 210	
653	 6.2916268e-01	 +8.9314329e-02 +3.6863570e-03	 9.94e-01 Accepted	 180	 211	
654	 6.2928697e-01	 +8.4900892e-02 -2.2016986e-04	 1.56e+00 Accepted	 180	 211	
655	 6.2906265e-01	 +8.5911940e-02 +7.4518514e-04	 8.36e-01 Accepted	 180	 212	
656	 6.2901843e-01	 +8.6402120e-02 +1.8937331e-03	 1.23e+00 Accepted	 180	 210	
657	 6.2905076e-01	 +8.5869697e-02 -2.6203996e-04	 1.30e+00 Accepted	 180	 211	
658	 6.2902291e-01	 +8.5237431e-02 -1.1305558e-04	 8.97e-01 Accepted	 181	 210	
659	 6.2911926e-01	 +8.4484907e-02 +1.2914689e-03	 1.24e+00 Accepted	 180	 210	
660	 6.2906649e-01	 +8.7554215e-02 -3.9294789e-05	 1.03e+00 Accepted	 180	 210	
661	 6.2863779e-01	 +8.5809891e-02 +9.8535698e-04	 6.45e-01 Accepted	 180	 210	
662	 6.2871507e-01	 +8.6281163e-02 -7.9586671e-04	 1.01e+00 Accepted	 181	 210	
663	 6.2874744e-01	 +8.5869021e-02 -5.3490175e-04	 9.13e-01 Accepted	 180	 225	
664	 6.2874935e-01	 +8.8014412e-02 +7.5132138e-04	 7.84e-01 Accepted	 188	 210	
665	 6.2893930e-01	 +8.8417747e-02 +1.4864033e-04	 1.14e+00 Accepted	 179	 210	
666	 6.2890658e-01	 +8.7056615e-02 -5.1995417e-04	 5.78e-01 Accepted	 180	 210	
667	 6.2888396e-01	 +8.6491287e-02 -4.1503788e-04	 1.19e+00 Accepted	 179	 210	
668	 6.2887169e-01	 +8.8399687e-02 -4.8955601e-04	 8.74e-01 Accepted	 180	 210	
669	 6.2908842e-01	 +8.7969050e-02 -1.3663607e-03	 1.51e+00 Accepted	 179	 210	
670	 6.2908842e-01	 +8.7969050e-02 -1.3663607e-03	 8.26e-01 Rejected	 180	 210	
671	 6.2903371e-01	 +8.9941145e-02 -1.3413669e-03	 1.42e+00 Accepted	 179	 210	
672	 6.2915193e-01	 +8.7566311e-02 -8.3017913e-04	 1.45e+00 Accepted	 180	 210	
673	 6.2911962e-01	 +8.8917179e-02 +2.9023628e-04	 7.06e-01 Accepted	 179	 210	
674	 6.2887407e-01	 +8.4665184e-02 +1.9045251e-04	 1.05e+00 Accepted	 180	 210	
675	 6.2902366e-01	 +8.7505827e-02 +2.3997635e-03	 9.48e-01 Accepted	 180	 210	
676	 6.2940318e-01	 +8.6839711e-02 -9.9833323e-04	 1.45e+00 Accepted	 180	 210	
677	 6.2931827e-01	 +8.6077001e-02 +7.6242784e-04	 1.35e+00 Accepted	 179	 210	
678	 6.2958704e-01	 +8.7252602e-02 -1.1565727e-04	 1.65e+00 Accepted	 180	 210	
679	 6.2939645e-01	 +8.5721754e-02 -2.0881269e-03	 8.72e-01 Accepted	 179	 210	
680	 6.2933648e-01	 +8.8570657e-02 +1.4400770e-03	 1.22e+00 Accepted	 181	 210	
681	 6.2916536e-01	 +8.7561275e-02 -4.5001825e-04	 6.50e-01 Accepted	 179	 210	
682	 6.2937100e-01	 +8.7390567e-02 -1.7782237e-03	 1.47e+00 Accepted	 180	 211	
683	 6.2926570e-01	 +8.6828574e-02 +1.6976122e-03	 8.06e-01 Accepted	 180	 210	
684	 6.2910106e-01	 +8.7476597e-02 +1.9067675e-03	 9.24e-01 Accepted	 179	 211	
685	 6.2917571e-01	 +8.5045482e-02 -1.0699643e-03	 1.00e+00 Accepted	 180	 210	
686	 6.2905076e-01	 +8.4399053e-02 -1.3102141e-03	 7.47e-01 Accepted	 180	 210	
687	 6.2893673e-01	 +8.7239656e-02 +1.1892160e-03	 1.08e+00 Accepted	 179	 210	
688	 6.2910340e-01	 +8.6727549e-02 -5.7245636e-04	 9.22e-01 Accepted	 180	 211	
689	 6.2900206e-01	 +8.7267260e-02 +1.9582254e-04	 7.80e-01 Accepted	 179	 211	
690	 6.2898234e-01	 +8.5430377e-02 +6.1405400e-04	 1.16e+00 Accepted	 180	 210	
691	 6.2879683e-01	 +8.6978719e-02 +3.6246195e-04	 9.98e-01 Accepted	 180	 211	
692	 6.2910472e-01	 +8.6245952e-02 -2.1998082e-03	 1.49e+00 Accepted	 180	 211	
693	 6.2902669e-01	 +8.8252899e-02 -1.7078803e-03	 1.03e+00 Accepted	 180	 210	
694	 6.2909225e-01	 +8.5875089e-02 +5.5410973e-04	 9.58e-01 Accepted	 180	 211	
695	 6.2900088e-01	 +8.7536349e-02 +1.2193218e-04	 9.33e-01 Accepted	 180	 212	
696	 6.2919160e-01	 +8.5955261e-02 -1.6730189e-04	 1.18e+00 Accepted	 181	 212	
697	 6.2952749e-01	 +8.6843320e-02 +1.0963017e-03	 1.85e+00 Accepted	 180	 212	
698	 6.2939880e-01	 +8.6925918e-02 -8.0096719e-04	 6.00e-01 Accepted	 180	 211	
699	 6.2920364e-01	 +8.8798582e-02 -3.7894921e-04	 7.70e-01 Accepted	 180	 212	
700	 6.2939366e-01	 +8.4668660e-02 -5.8664836e-04	 1.06e+00 Accepted	 181	 213	
701	 6.2916897e-01	 +8.3147915e-02 +6.6791827e-04	 5.87e-01 Accepted	 180	 212	
702	 6.2927217e-01	 +8.4139954e-02 +8.3225539e-04	 1.32e+00 Accepted	 182	 214	
703	 6.2949836e-01	 +8.3107172e-02 -5.2680582e-04	 1.26e+00 Accepted	 181	 212	
704	 6.2937759e-01	 +8.5535947e-02 +3.8492213e-04	 1.20e+00 Accepted	 181	 211	
705	 6.2931600e-01	 +8.5737381e-02 +8.1554370e-04	 9.15e-01 Accepted	 180	 212	
706	 6.2931600e-01	 +8.5737381e-02 +8.1554370e-04	 6.56e-01 Rejected	 181	 212	
707	 6.2928813e-01	 +8.4579990e-02 -2.6130187e-04	 8.37e-01 Accepted	 180	 210	
708	 6.2893561e-01	 +8.4722099e-02 +1.0559036e-03	 9.05e-01 Accepted	 181	 220	
709	 6.2918702e-01	 +8.3099836e-02 -7.5603353e-06	 9.43e-01 Accepted	 182	 210	
710	 6.2925864e-01	 +8.3273512e-02 +3.2608169e-05	 1.34e+00 Accepted	 181	 212	
711	 6.2926007e-01	 +8.3442726e-02 +5.7416931e-04	 1.03e+00 Accepted	 181	 212	
712	 6.2920247e-01	 +8.3771757e-02 +2.4240021e-03	 9.90e-01 Accepted	 181	 211	
713	 6.2919744e-01	 +8.4242618e-02 -4.2256532e-04	 9.63e-01 Accepted	 180	 212	
714	 6.2919744e-01	 +8.4242618e-02 -4.2256532e-04	 8.31e-01 Rejected	 180	 212	
715	 6.2919744e-01	 +8.4242618e-02 -4.2256532e-04	 6.31e-01 Rejected	 180	 212	
716	 6.2926684e-01	 +8.4307285e-02 +2.6707466e-03	 9.04e-01 Accepted	 180	 211	
717	 6.2926684e-01	 +8.4307285e-02 +2.6707466e-03	 8.62e-01 Rejected	 179	 211	
# Starting_type: CheckpointStart
# Trajectory_length / Number_of_MD_steps: 1 / 8
# 	 Plaquette	 Polyakov_Loop(re,im)	 Acc._Probability	 runtime_per_traj(s)	 CG_iterations	
717	 6.2926684e-01	 +8.4307285e-02 +2.6707466e-03	 8.62e-01 Rejected	 179	 211	
718	 6.2937902e-01	 +8.3606188e-02 +7.2556617e-04	 1.27e+00 Accepted	 179	 210	
719	 6.2917793e-01	 +8.5479285e-02 +1.9457760e-03	 7.78e-01 Accepted	 177	 210	
720	 6.2916467e-01	 +8.7861502e-02 +2.1333178e-03	 9.24e-01 Accepted	 178	 210	
721	 6.2942200e-01	 +8.3422478e-02 +5.8899722e-04	 1.38e+00 Accepted	 178	 211	
722	 6.2922133e-01	 +8.6242625e-02 +1.4291825e-03	 7.40e-01 Accepted	 179	 210	
723	 6.2911864e-01	 +8.2081344e-02 +1.3509962e-03	 8.40e-01 Accepted	 178	 212	
724	 6.2931932e-01	 +8.1883557e-02 +4.8744313e-04	 9.90e-01 Accepted	 179	 212	
725	 6.2929972e-01	 +8.2149023e-02 +2.2272508e-03	 8.30e-01 Accepted	 178	 212	
726	 6.2919263e-01	 +8.0327311e-02 +1.0546274e-03	 9.58e-01 Accepted	 179	 212	
727	 6.2909123e-01	 +8.3804749e-02 -9.3011776e-04	 7.78e-01 Accepted	 178	 212	
728	 6.2923771e-01	 +8.1227004e-02 -2.7673473e-04	 1.40e+00 Accepted	 179	 213	
729	 6.2928594e-01	 +8.3281602e-02 +1.3443319e-05	 1.27e+00 Accepted	 179	 212	
730	 6.2931027e-01	 +8.0072428e-02 -3.8795963e-04	 8.40e-01 Accepted	 179	 212	
731	 6.2938714e-01	 +8.1356899e-02 +2.3249057e-04	 1.19e+00 Accepted	 179	 212	
732	 6.2920000e-01	 +8.1205006e-02 +6.8082644e-04	 8.14e-01 Accepted	 179	 212	
733	 6.2913719e-01	 +8.1532991e-02 -3.9108214e-04	 9.15e-01 Accepted	 178	 212	
734	 6.2912813e-01	 +8.1172327e-02 -8.2439603e-04	 1.46e+00 Accepted	 179	 212	
735	 6.2933272e-01	 +8.0872703e-02 -1.0719300e-03	 1.07e+00 Accepted	 178	 212	
736	 6.2910253e-01	 +8.1319466e-02 -8.3171171e-04	 8.82e-01 Accepted	 179	 212	
737	 6.2915465e-01	 +8.0023465e-02 +3.4876911e-04	 9.54e-01 Accepted	 178	 212	
738	 6.2922776e-01	 +8.4046514e-02 +1.0196313e-05	 7.73e-01 Accepted	 179	 212	
739	 6.2925612e-01	 +8.2552887e-02 +1.3959336e-03	 1.21e+00 Accepted	 178	 212	
740	 6.2911582e-01	 +8.2728062e-02 -4.2402855e-04	 7.95e-01 Accepted	 178	 212	
741	 6.2909511e-01	 +8.3893812e-02 +1.3364849e-03	 1.08e+00 Accepted	 178	 211	
742	 6.2924447e-01	 +8.3937098e-02 -1.0159252e-03	 1.15e+00 Accepted	 179	 212	
743	 6.2916910e-01	 +8.1920119e-02 +1.8059320e-04	 8.73e-01 Accepted	 178	 212	
744	 6.2915780e-01	 +8.2816178e-02 +7.2316522e-04	 8.83e-01 Accepted	 178	 211	
745	 6.2904866e-01	 +8.3518535e-02 +2.1988742e-03	 8.26e-01 Accepted	 178	 212	
746	 6.2911798e-01	 +8.3441510e-02 -2.5136016e-04	 9.87e-01 Accepted	 179	 212	
747	 6.2888045e-01	 +8.2125356e-02 -1.2103828e-03	 6.49e-01 Accepted	 178	 212	
748	 6.2909184e-01	 +8.1336862e-02 +6.8023048e-05	 1.19e+00 Accepted	 178	 212	
749	 6.2901528e-01	 +8.2872466e-02 +5.7406099e-04	 8.45e-01 Accepted	 178	 212	
750	 6.2899542e-01	 +8.4029826e-02 +9.3129290e-05	 1.21e+00 Accepted	 179	 212	
751	 6.2899481e-01	 +8.1893591e-02 -1.5365920e-03	 1.04e+00 Accepted	 179	 212	
752	 6.2897527e-01	 +8.1395495e-02 -4.4603771e-04	 5.40e-01 Accepted	 178	 212	
753	 6.2915173e-01	 +8.0525963e-02 -1.7348128e-04	 9.34e-01 Accepted	 178	 213	
754	 6.2914108e-01	 +8.3107015e-02 -1.9948931e-04	 9.42e-01 Accepted	 179	 212	
755	 6.2916187e-01	 +8.3612764e-02 +1.7137479e-03	 9.27e-01 Accepted	 178	 211	
756	 6.2921041e-01	 +8.4786411e-02 -2.4447590e-04	 1.59e+00 Accepted	 179	 210	
757	 6.2938063e-01	 +8.5911755e-02 -1.3219022e-03	 1.19e+00 Accepted	 178	 212	
758	 6.2940389e-01	 +8.4992055e-02 -5.1930712e-04	 1.29e+00 Accepted	 179	 212	
759	 6.2919899e-01	 +8.3985827e-02 -1.7724461e-04	 9.28e-01 Accepted	 179	 212	
760	 6.2925898e-01	 +8.4966780e-02 +1.0772451e-03	 8.47e-01 Accepted	 178	 211	
761	 6.2946030e-01	 +8.4180903e-02 +1.3394808e-03	 1.38e+00 Accepted	 177	 210	
762	 6.2916170e-01	 +8.6520926e-02 -9.5123767e-04	 6.16e-01 Accepted	 178	 210	
763	 6.2934521e-01	 +8.8580819e-02 +2.3735552e-03	 1.68e+00 Accepted	 177	 210	
764	 6.2932663e-01	 +8.6328511e-02 +8.6360691e-04	 7.60e-01 Accepted	 179	 210	
765	 6.2926034e-01	 +8.5155506e-02 +4.9545800e-04	 1.34e+00 Accepted	 178	 211	
766	 6.2911750e-01	 +8.3105495e-02 -4.1836410e-04	 1.01e+00 Accepted	 178	 211	
767	 6.2937188e-01	 +8.5610387e-02 -9.7858685e-04	 1.10e+00 Accepted	 177	 210	
768	 6.2951821e-01	 +8.4826316e-02 -4.6576162e-04	 7.91e-01 Accepted	 179	 212	
769	 6.2951821e-01	 +8.4826316e-02 -4.6576162e-04	 5.76e-01 Rejected	 178	 211	
770	 6.2961159e-01	 +8.5804637e-02 +3.7370873e-05	 9.46e-01 Accepted	 179	 212	
771	 6.2943718e-01	 +8.3913865e-02 +1.7530255e-04	 9.37e-01 Accepted	 178	 211	
772	 6.2943718e-01	 +8.3913865e-02 +1.7530255e-04	 7.68e-01 Rejected	 179	 211	
773	 6.2940825e-01	 +8.5099479e-02 +1.1131684e-04	 8.57e-01 Accepted	 178	 212	
774	 6.2924051e-01	 +8.5823918e-02 +1.6889146e-04	 7.48e-01 Accepted	 178	 210	
775	 6.2930190e-01	 +8.9144388e-02 -9.7168221e-04	 1.30e+00 Accepted	 177	 210	
776	 6.2915036e-01	 +8.8813007e-02 +4.4938990e-04	 8.86e-01 Accepted	 178	 210	
777	 6.2923031e-01	 +8.7898436e-02 -2.1896809e-03	 1.13e+00 Accepted	 178	 210	
778	 6.2917657e-01	 +8.5865407e-02 -1.2052423e-03	 9.11e-01 Accepted	 178	 210	
779	 6.2914231e-01	 +8.6790375e-02 +9.2103586e-05	 9.64e-01 Accepted	 178	 210	
780	 6.2941763e-01	 +8.8848725e-02 +9.6987548e-04	 1.29e+00 Accepted	 178	 210	
781	 6.2913334e-01	 +8.5208121e-02 +1.7647025e-03	 8.02e-01 Accepted	 177	 210	
782	 6.2937224e-01	 +8.6724802e-02 +1.8549321e-03	 1.98e+00 Accepted	 178	 210	
783	 6.2939985e-01	 +8.7679411e-02 +5.1418368e-04	 8.16e-01 Accepted	 177	 210	
784	 6.2946582e-01	 +8.7395568e-02 +2.5510445e-04	 1.20e+00 Accepted	 178	 210	
785	 6.2934866e-01	 +8.6311998e-02 +1.4798697e-03	 1.09e+00 Accepted	 177	 210	
786	 6.2920050e-01	 +8.7016536e-02 -4.1968491e-04	 1.06e+00 Accepted	 178	 210	
787	 6.2911030e-01	 +8.6671840e-02 -1.6930641e-04	 9.47e-01 Accepted	 178	 211	
788	 6.2902158e-01	 +8.6458524e-02 -4.1259679e-05	 8.51e-01 Accepted	 178	 211	
789	 6.2887688e-01	 +8.5491977e-02 +7.3298448e-04	 5.89e-01 Accepted	 177	 211	
790	 6.2909188e-01	 +8.4939436e-02 +3.8924671e-04	 1.11e+00 Accepted	 178	 211	
791	 6.2890270e-01	 +8.4769054e-02 +6.4185792e-04	 7.78e-01 Accepted	 177	 212	
792	 6.2905783e-01	 +8.6055925e-02 +1.3567854e-03	 2.05e+00 Accepted	 178	 211	
793	 6.2902321e-01	 +8.4434278e-02 +2.0327409e-03	 8.21e-01 Accepted	 178	 210	
794	 6.2893026e-01	 +8.4897264e-02 +6.1777593e-04	 1.07e+00 Accepted	 178	 210	
795	 6.2876507e-01	 +8.6281443e-02 +3.3996504e-03	 1.11e+00 Accepted	 178	 210	
796	 6.2897967e-01	 +8.3824827e-02 +1.5296821e-03	 1.37e+00 Accepted	 178	 211	
797	 6.2898525e-01	 +8.4827969e-02 -9.5542796e-04	 1.33e+00 Accepted	 177	 211	
798	 6.2938043e-01	 +8.6586242e-02 +1.5056111e-03	 1.44e+00 Accepted	 179	 212	
799	 6.2938043e-01	 +8.6586242e-02 +1.5056111e-03	 6.03e-01 Rejected	 178	 211	
800	 6.2913914e-01	 +8.5021060e-02 -1.4947570e-04	 6.69e-01 Accepted	 178	 210	
801	 6.2934072e-01	 +8.4916070e-02 +1.4313621e-03	 1.07e+00 Accepted	 177	 210	
802	 6.2905965e-01	 +8.5600710e-02 +1.1435570e-03	 8.06e-01 Accepted	 178	 210	
803	 6.2905867e-01	 +8.6002771e-02 +1.0728835e-03	 8.19e-01 Accepted	 177	 210	
804	 6.2887953e-01	 +8.2977125e-02 +4.5944661e-04	 8.58e-01 Accepted	 177	 210	
805	 6.2887471e-01	 +8.5949145e-02 +9.3306764e-04	 6.05e-01 Accepted	 178	 210	
806	 6.2899180e-01	 +8.6458793e-02 -1.5393199e-04	 1.19e+00 Accepted	 178	 210	
807	 6.2899108e-01	 +8.8021111e-02 +9.6749418e-04	 1.18e+00 Accepted	 177	 210	
808	 6.2919436e-01	 +9.0399385e-02 -1.6304305e-03	 1.73e+00 Accepted	 178	 210	
809	 6.2932270e-01	 +8.8043199e-02 -1.1484760e-03	 1.18e+00 Accepted	 177	 210	
810	 6.2936514e-01	 +8.7439555e-02 -1.5274629e-03	 1.02e+00 Accepted	 178	 210	
811	 6.2936140e-01	 +8.6761818e-02 -2.8909130e-03	 8.82e-01 Accepted	 178	 210	
812	 6.2918662e-01	 +8.8825602e-02 +3.1982619e-04	 7.24e-01 Accepted	 178	 210	
813	 6.2913613e-01	 +8.9309493e-02 +4.0143091e-04	 1.08e+00 Accepted	 177	 211	
814	 6.2923562e-01	 +8.8404193e-02 +3.5679880e-05	 1.12e+00 Accepted	 178	 210	
815	 6.2920505e-01	 +9.0303074e-02 +1.0483054e-03	 6.89e-01 Accepted	 177	 210	
816	 6.2923040e-01	 +8.7891661e-02 -1.6989530e-03	 1.12e+00 Accepted	 178	 211	
817	 6.2899632e-01	 +8.9559343e-02 -7.4189044e-04	 9.08e-01 Accepted	 178	 210	
818	 6.2881188e-01	 +8.6759203e-02 -1.8951804e-03	 1.08e+00 Accepted	 178	 211	
819	 6.2905062e-01	 +8.7022829e-02 +1.4966009e-04	 1.71e+00 Accepted	 178	 210	
820	 6.2911663e-01	 +8.7096736e-02 -5.9185846e-04	 1.24e+00 Accepted	 181	 211	
821	 6.2911663e-01	 +8.7096736e-02 -5.9185846e-04	 7.00e-01 Rejected	 178	 211	
822	 6.2911587e-01	 +8.4769824e-02 +6.7138497e-04	 9.37e-01 Accepted	 178	 212	
823	 6.2896039e-01	 +8.7537536e-02 +3.7411787e-04	 1.09e+00 Accepted	 178	 212	
824	 6.2895936e-01	 +8.8115475e-02 -1.5108811e-03	 1.05e+00 Accepted	 179	 211	
825	 6.2906906e-01	 +8.5341862e-02 +5.8098675e-04	 1.28e+00 Accepted	 178	 211	
826	 6.2906448e-01	 +8.4848535e-02 -9.9204226e-05	 9.41e-01 Accepted	 178	 210	
827	 6.2901980e-01	 +8.4962623e-02 -1.5925825e-03	 1.18e+00 Accepted	 178	 210	
828	 6.2905831e-01	 +8.5802650e-02 -1.8197474e-03	 1.29e+00 Accepted	 178	 215	
829	 6.2916152e-01	 +8.5427845e-02 -1.0082940e-04	 1.18e+00 Accepted	 179	 212	
830	 6.2924041e-01	 +8.5414325e-02 +5.2025956e-05	 1.12e+00 Accepted	 178	 211	
831	 6.2905943e-01	 +8.6387518e-02 +7.4391890e-04	 1.26e+00 Accepted	 178	 211	
832	 6.2915250e-01	 +8.8023757e-02 -8.9281248e-04	 1.14e+00 Accepted	 178	 210	
833	 6.2931362e-01	 +8.5117864e-02 +1.0845773e-03	 9.44e-01 Accepted	 178	 211	
834	 6.2934960e-01	 +8.6429253e-02 -1.2244726e-03	 9.34e-01 Accepted	 178	 212	
835	 6.2934960e-01	 +8.6429253e-02 -1.2244726e-03	 4.61e-01 Rejected	 178	 212	
836	 6.2929389e-01	 +8.5212548e-02 +1.5263496e-03	 6.39e-01 Accepted	 179	 212	
837	 6.2941496e-01	 +8.3607680e-02 -2.7216559e-04	 1.48e+00 Accepted	 179	 212	
838	 6.2937652e-01	 +8.6027183e-02 -2.7738744e-04	 1.20e+00 Accepted	 179	 212	
839	 6.2942459e-01	 +8.6203536e-02 -1.9336332e-03	 1.10e+00 Accepted	 178	 211	
840	 6.2917637e-01	 +8.6526209e-02 -1.5918052e-04	 9.31e-01 Accepted	 178	 210	
841	 6.2917637e-01	 +8.6526209e-02 -1.5918052e-04	 7.84e-01 Rejected	 178	 212	
842	 6.2929526e-01	 +8.6283560e-02 -1.8778390e-03	 8.17e-01 Accepted	 179	 212	
843	 6.2925512e-01	 +8.6342107e-02 -2.2330853e-04	 8.55e-01 Accepted	 178	 212	
844	 6.2925512e-01	 +8.6342107e-02 -2.2330853e-04	 7.11e-01 Rejected	 178	 212	
845	 6.2901716e-01	 +8.5394278e-02 -1.2814660e-03	 8.25e-01 Accepted	 178	 212	
846	 6.2904819e-01	 +8.5993136e-02 -1.3984653e-03	 9.21e-01 Accepted	 179	 210	
847	 6.2926698e-01	 +8.6764209e-02 +1.6964429e-03	 1.42e+00 Accepted	 178	 212	
848	 6.2936877e-01	 +8.5415115e-02 +1.9655640e-05	 9.62e-01 Accepted	 178	 210	
849	 6.2944174e-01	 +8.6274749e-02 +2.2645169e-03	 1.45e+00 Accepted	 178	 214	
850	 6.2922114e-01	 +8.6272995e-02 -1.0126654e-03	 7.18e-01 Accepted	 180	 212	
851	 6.2904557e-01	 +8.5142134e-02 -1.0132299e-03	 6.73e-01 Accepted	 178	 212	
852	 6.2917410e-01	 +8.4568120e-02 +1.5971790e-03	 1.07e+00 Accepted	 178	 210	
853	 6.2906392e-01	 +8.4479040e-02 +2.7620965e-04	 8.09e-01 Accepted	 177	 210	
854	 6.2915423e-01	 +8.6440509e-02 -3.9726764e-04	 9.92e-01 Accepted	 179	 211	
855	 6.2916083e-01	 +8.5616352e-02 +8.4894352e-04	 1.03e+00 Accepted	 178	 211	
856	 6.2919641e-01	 +8.4612383e-02 -1.2314376e-04	 9.56e-01 Accepted	 179	 212	
857	 6.2929459e-01	 +8.1378491e-02 +1.9017428e-04	 1.33e+00 Accepted	 178	 212	
858	 6.2914811e-01	 +8.1995150e-02 -5.0056175e-04	 1.08e+00 Accepted	 179	 212	
859	 6.2919344e-01	 +8.3350700e-02 +3.7474490e-04	 1.14e+00 Accepted	 178	 212	
860	 6.2926443e-01	 +8.2045463e-02 +1.3546238e-03	 1.10e+00 Accepted	 179	 214	
861	 6.2926443e-01	 +8.2045463e-02 +1.3546238e-03	 9.11e-01 Rejected	 179	 212	
862	 6.2911022e-01	 +8.2873606e-02 -1.4791401e-03	 7.61e-01 Accepted	 180	 212	
863	 6.2899989e-01	 +8.3464653e-02 +4.4367560e-04	 9.78e-01 Accepted	 178	 212	
864	 6.2899989e-01	 +8.3464653e-02 +4.4367560e-04	 6.70e-01 Rejected	 178	 214	
865	 6.2904900e-01	 +8.2292973e-02 +1.5314446e-03	 1.07e+00 Accepted	 178	 212	
866	 6.2921158e-01	 +7.9547943e-02 +8.3219068e-04	 9.72e-01 Accepted	 179	 212	
867	 6.2916281e-01	 +8.2602540e-02 +1.2752290e-04	 1.01e+00 Accepted	 178	 212	
868	 6.2930731e-01	 +8.2817239e-02 +6.9282749e-04	 1.89e+00 Accepted	 178	 212	
869	 6.2937528e-01	 +8.3946866e-02 -6.8955365e-04	 9.22e-01 Accepted	 178	 211	
870	 6.2915206e-01	 +8.4128502e-02 -2.7390725e-04	 6.41e-01 Accepted	 179	 210	
871	 6.2923063e-01	 +8.2787634e-02 +7.0735254e-07	 8.84e-01 Accepted	 179	 211	
872	 6.2935602e-01	 +8.5001038e-02 +1.4423571e-04	 1.31e+00 Accepted	 179	 212	
873	 6.2935602e-01	 +8.5001038e-02 +1.4423571e-04	 6.80e-01 Rejected	 178	 211	
874	 6.2934558e-01	 +8.6810995e-02 -1.6242903e-03	 7.69e-01 Accepted	 179	 212	
875	 6.2913384e-01	 +8.7558989e-02 -8.3782965e-04	 8.91e-01 Accepted	 179	 211	
876	 6.2913384e-01	 +8.7558989e-02 -8.3782965e-04	 8.80e-01 Rejected	 178	 212	
877	 6.2927121e-01	 +8.6516823e-02 +1.0193974e-03	 9.42e-01 Accepted	 178	 212	
878	 6.2919568e-01	 +8.4870705e-02 -9.0188959e-04	 8.66e-01 Accepted	 179	 212	
879	 6.2931334e-01	 +8.3773063e-02 -7.7938425e-04	 1.33e+00 Accepted	 178	 211	
880	 6.2918039e-01	 +8.4439674e-02 +1.4430660e-03	 9.03e-01 Accepted	 178	 211	
881	 6.2925141e-01	 +8.4051694e-02 +1.6588366e-03	 1.10e+00 Accepted	 179	 212	
882	 6.2909386e-01	 +8.6210187e-02 +3.3267975e-03	 7.69e-01 Accepted	 179	 211	
883	 6.2922865e-01	 +8.6261214e-02 +1.6741212e-03	 1.58e+00 Accepted	 178	 211	
884	 6.2925219e-01	 +8.3990225e-02 +2.2360507e-04	 7.30e-01 Accepted	 179	 212	
885	 6.2917893e-01	 +8.2898847e-02 -5.7747424e-04	 7.28e-01 Accepted	 178	 212	
886	 6.2917893e-01	 +8.2898847e-02 -5.7747424e-04	 5.19e-01 Rejected	 179	 212	
887	 6.2934797e-01	 +8.4446410e-02 -6.5299654e-04	 1.31e+00 Accepted	 178	 211	
888	 6.2934797e-01	 +8.4446410e-02 -6.5299654e-04	 8.10e-01 Rejected	 187	 223	
889	 6.2937156e-01	 +8.3454124e-02 +3.6170505e-04	 1.25e+00 Accepted	 177	 210	
890	 6.2935472e-01	 +8.3279609e-02 +1.1383410e-03	 1.17e+00 Accepted	 179	 211	
891	 6.2935472e-01	 +8.3279609e-02 +1.1383410e-03	 6.91e-01 Rejected	 178	 212	
892	 6.2924630e-01	 +8.5711794e-02 -7.5535628e-04	 1.08e+00 Accepted	 179	 212	
893	 6.2921251e-01	 +8.5452180e-02 +1.1344039e-03	 8.28e-01 Accepted	 178	 211	
894	 6.2917968e-01	 +8.3975208e-02 -6.3038572e-04	 1.23e+00 Accepted	 178	 211	
895	 6.2909899e-01	 +8.3151225e-02 -2.4096748e-04	 9.71e-01 Accepted	 178	 211	
896	 6.2893990e-01	 +8.4259683e-02 +1.4917896e-03	 1.08e+00 Accepted	 180	 223	
897	 6.2903090e-01	 +8.3463031e-02 -1.1801126e-03	 9.78e-01 Accepted	 180	 211	
898	 6.2893479e-01	 +8.5212020e-02 +2.1540439e-04	 7.91e-01 Accepted	 178	 211	
899	 6.2902076e-01	 +8.5137241e-02 -9.5556028e-04	 1.65e+00 Accepted	 178	 211	
900	 6.2927409e-01	 +8.5113272e-02 -1.4731574e-04	 1.11e+00 Accepted	 179	 210	
901	 6.2910605e-01	 +8.4117822e-02 -1.7249432e-04	 1.33e+00 Accepted	 177	 211	
902	 6.2919934e-01	 +8.1772181e-02 +2.9127615e-04	 1.17e+00 Accepted	 179	 212	
903	 6.2912323e-01	 +8.5187380e-02 -1.6517772e-03	 1.40e+00 Accepted	 178	 212	
904	 6.2924648e-01	 +8.3949089e-02 -4.9388221e-06	 1.15e+00 Accepted	 178	 212	
905	 6.2924648e-01	 +8.3949089e-02 -4.9388221e-06	 9.26e-01 Rejected	 178	 212	
906	 6.2905446e-01	 +8.0280613e-02 +1.9153413e-04	 7.83e-01 Accepted	 179	 212	
907	 6.2918298e-01	 +7.9976410e-02 -7.1703348e-05	 1.33e+00 Accepted	 178	 212	
908	 6.2935906e-01	 +7.9890170e-02 -1.4295467e-03	 1.32e+00 Accepted	 179	 212	
909	 6.2903431e-01	 +8.1199752e-02 -9.4596910e-04	 7.40e-01 Accepted	 178	 212	
910	 6.2922462e-01	 +8.0315817e-02 -1.0237274e-03	 1.25e+00 Accepted	 179	 212	
911	 6.2914156e-01	 +8.0043180e-02 -1.1161563e-03	 1.26e+00 Accepted	 178	 212	
912	 6.2881984e-01	 +7.9579052e-02 -1.2305032e-03	 8.75e-01 Accepted	 178	 212	
913	 6.2909840e-01	 +8.1545090e-02 -3.6300530e-04	 1.38e+00 Accepted	 178	 212	
914	 6.2912530e-01	 +8.1500744e-02 +1.4242280e-04	 1.16e+00 Accepted	 179	 212	
915	 6.2901418e-01	 +7.9502864e-02 -1.2822671e-03	 1.04e+00 Accepted	 179	 212	
916	 6.2894302e-01	 +8.0985803e-02 -1.8365626e-03	 8.54e-01 Accepted	 179	 212	
917	 6.2901636e-01	 +8.0952536e-02 -1.4247474e-03	 7.78e-01 Accepted	 178	 212	
918	 6.2927399e-01	 +8.3560228e-02 -1.6001027e-03	 1.53e+00 Accepted	 179	 212	
919	 6.2898228e-01	 +8.2706441e-02 +8.7198987e-05	 9.63e-01 Accepted	 179	 212	
920	 6.2909373e-01	 +8.1963756e-02 -7.2616939e-04	 1.21e+00 Accepted	 179	 212	
921	 6.2909253e-01	 +8.1051531e-02 +1.0467237e-03	 1.20e+00 Accepted	 178	 212	
922	 6.2916879e-01	 +8.0883006e-02 -7.9824249e-04	 1.17e+00 Accepted	 179	 212	
923	 6.2916879e-01	 +8.0883006e-02 -7.9824249e-04	 8.12e-01 Rejected	 178	 212	
924	 6.2926031e-01	 +7.9480654e-02 +5.8723280e-04	 9.57e-01 Accepted	 179	 212	
925	 6.2926031e-01	 +7.9480654e-02 +5.8723280e-04	 9.20e-01 Rejected	 178	 212	
926	 6.2918519e-01	 +8.0888302e-02 -1.6511908e-04	 8.52e-01 Accepted	 179	 215	
927	 6.2923018e-01	 +8.1202995e-02 -3.0894469e-04	 1.08e+00 Accepted	 179	 212	
928	 6.2916515e-01	 +8.0077766e-02 -1.7229829e-03	 8.77e-01 Accepted	 178	 212	
929	 6.2907590e-01	 +8.3780349e-02 -1.0224551e-03	 5.64e-01 Accepted	 178	 212	
930	 6.2911852e-01	 +7.9400856e-02 +1.1708813e-03	 1.43e+00 Accepted	 179	 212	
931	 6.2911852e-01	 +7.9400856e-02 +1.1708813e-03	 5.39e-01 Rejected	 178	 212	
932	 6.2911852e-01	 +7.9400856e-02 +1.1708813e-03	 7.44e-01 Rejected	 178	 212	
933	 6.2930067e-01	 +8.1640266e-02 +1.1246636e-03	 1.43e+00 Accepted	 178	 212	
934	 6.2938699e-01	 +8.1303165e-02 -5.2633505e-04	 1.26e+00 Accepted	 179	 212	
935	 6.2938699e-01	 +8.1303165e-02 -5.2633505e-04	 4.20e-01 Rejected	 178	 212	
936	 6.2926698e-01	 +8.2245041e-02 -1.0246652e-03	 8.57e-01 Accepted	 179	 212	
937	 6.2943620e-01	 +8.2744963e-02 -2.8789824e-04	 1.25e+00 Accepted	 177	 212	
938	 6.2914386e-01	 +8.1654005e-02 -4.3736653e-04	 7.55e-01 Accepted	 179	 213	
939	 6.2924246e-01	 +8.2316173e-02 +2.8463543e-03	 8.94e-01 Accepted	 178	 212	
940	 6.2936689e-01	 +8.3414631e-02 -1.2136938e-03	 1.02e+00 Accepted	 179	 212	
941	 6.2933850e-01	 +8.3101383e-02 -1.3439054e-03	 7.42e-01 Accepted	 178	 212	
942	 6.2945041e-01	 +8.2006248e-02 -2.9079385e-04	 9.27e-01 Accepted	 179	 212	
943	 6.2932265e-01	 +8.3082261e-02 -1.3464235e-03	 6.96e-01 Accepted	 179	 212	
944	 6.2945303e-01	 +8.2575334e-02 -3.3074461e-04	 1.31e+00 Accepted	 179	 212	
945	 6.2938531e-01	 +8.2293302e-02 +8.7527838e-04	 9.23e-01 Accepted	 178	 212	
946	 6.2936425e-01	 +8.2098896e-02 -1.1586313e-03	 7.30e-01 Accepted	 179	 211	
947	 6.2927624e-01	 +8.2755208e-02 -2.9095254e-06	 8.93e-01 Accepted	 178	 212	
948	 6.2920536e-01	 +8.1675378e-02 -1.1111765e-03	 1.17e+00 Accepted	 179	 212	
949	 6.2922809e-01	 +8.4170146e-02 -4.2633575e-04	 1.71e+00 Accepted	 178	 212	
950	 6.2919714e-01	 +8.3296961e-02 -5.0922649e-04	 1.20e+00 Accepted	 179	 212	
951	 6.2923279e-01	 +8.6101825e-02 +4.1525638e-04	 1.22e+00 Accepted	 177	 210	
952	 6.2921078e-01	 +8.3585702e-02 +6.5582620e-04	 1.00e+00 Accepted	 179	 219	
953	 6.2924988e-01	 +8.4684805e-02 +1.0232966e-03	 1.94e+00 Accepted	 181	 211	
954	 6.2924988e-01	 +8.4684805e-02 +1.0232966e-03	 8.20e-01 Rejected	 179	 211	
955	 6.2924988e-01	 +8.4684805e-02 +1.0232966e-03	 6.99e-01 Rejected	 178	 211	
956	 6.2937909e-01	 +8.4609004e-02 -5.7020157e-04	 8.16e-01 Accepted	 178	 212	
957	 6.2946689e-01	 +8.2908069e-02 -9.2968233e-05	 9.52e-01 Accepted	 178	 212	
# Starting_type: CheckpointStart
# Trajectory_length / Number_of_MD_steps: 1 / 8
# 	 Plaquette	 Polyakov_Loop(re,im)	 Acc._Probability	 runtime_per_traj(s)	 CG_iterations	
957	 6.2946689e-01	 +8.2908069e-02 -9.2968233e-05	 9.52e-01 Accepted	 180	 212	
958	 6.2945313e-01	 +8.6432769e-02 -4.7232775e-04	 1.18e+00 Accepted	 180	 212	
959	 6.2962608e-01	 +8.2174077e-02 -2.3649248e-03	 1.10e+00 Accepted	 179	 212	
960	 6.2956318e-01	 +8.2948206e-02 -1.1176859e-03	 7.97e-01 Accepted	 179	 212	
961	 6.2936712e-01	 +8.4782332e-02 +2.6121323e-04	 8.43e-01 Accepted	 179	 212	
962	 6.2932191e-01	 +8.4687569e-02 +1.0326042e-03	 8.07e-01 Accepted	 178	 212	
963	 6.2901549e-01	 +8.3515392e-02 +1.0812445e-04	 7.56e-01 Accepted	 179	 213	
964	 6.2919681e-01	 +8.0879420e-02 +2.1352239e-03	 1.83e+00 Accepted	 180	 212	
965	 6.2920561e-01	 +8.4173738e-02 +3.8837556e-04	 1.33e+00 Accepted	 179	 212	
966	 6.2919788e-01	 +8.4063622e-02 +8.0355458e-04	 1.05e+00 Accepted	 179	 212	
967	 6.2919788e-01	 +8.4063622e-02 +8.0355458e-04	 6.96e-01 Rejected	 180	 212	
968	 6.2913944e-01	 +8.4388942e-02 +9.2460056e-04	 8.58e-01 Accepted	 180	 212	
969	 6.2908366e-01	 +8.3215859e-02 +1.4781861e-03	 6.54e-01 Accepted	 179	 212	
970	 6.2908366e-01	 +8.3215859e-02 +1.4781861e-03	 8.58e-01 Rejected	 179	 212	
971	 6.2893191e-01	 +8.1765687e-02 -2.2520547e-04	 9.10e-01 Accepted	 179	 212	
972	 6.2915906e-01	 +8.2991073e-02 +5.1463736e-04	 2.06e+00 Accepted	 179	 212	
973	 6.2921134e-01	 +8.3264532e-02 -9.1112339e-04	 7.11e-01 Accepted	 179	 212	
974	 6.2916866e-01	 +8.6176143e-02 +7.2996692e-04	 8.06e-01 Accepted	 179	 212	
975	 6.2916109e-01	 +8.3831056e-02 -2.9560849e-04	 7.16e-01 Accepted	 179	 212	
976	 6.2926684e-01	 +8.6337198e-02 +9.5251270e-04	 1.23e+00 Accepted	 179	 212	
977	 6.2926684e-01	 +8.6337198e-02 +9.5251270e-04	 6.89e-01 Rejected	 179	 212	
978	 6.2918698e-01	 +8.4737849e-02 +2.9204835e-04	 8.22e-01 Accepted	 179	 213	
979	 6.2933803e-01	 +8.5861969e-02 +1.8324798e-03	 8.80e-01 Accepted	 179	 212	
980	 6.2930461e-01	 +8.6242299e-02 +6.9731958e-04	 1.21e+00 Accepted	 180	 210	
981	 6.2930461e-01	 +8.6242299e-02 +6.9731958e-04	 6.45e-01 Rejected	 178	 211	
982	 6.2928988e-01	 +8.5966624e-02 -7.3147206e-04	 7.14e-01 Accepted	 179	 212	
983	 6.2929728e-01	 +8.3592190e-02 -2.3303308e-04	 1.30e+00 Accepted	 178	 212	
984	 6.2929728e-01	 +8.3592190e-02 -2.3303308e-04	 8.63e-01 Rejected	 179	 212	
985	 6.2919522e-01	 +8.4248344e-02 +1.5904214e-04	 9.41e-01 Accepted	 179	 211	
986	 6.2930585e-01	 +8.6339033e-02 -2.6142643e-03	 1.15e+00 Accepted	 179	 211	
987	 6.2901920e-01	 +8.5745306e-02 +3.0995808e-05	 8.17e-01 Accepted	 179	 212	
988	 6.2910890e-01	 +8.4541798e-02 +1.2078756e-03	 1.41e+00 Accepted	 180	 212	
989	 6.2920899e-01	 +8.3730238e-02 +7.1030464e-04	 1.47e+00 Accepted	 179	 212	
990	 6.2909030e-01	 +8.5002192e-02 +2.3035570e-03	 1.18e+00 Accepted	 179	 212	
991	 6.2897534e-01	 +8.2250062e-02 +1.4999800e-03	 8.49e-01 Accepted	 179	 212	
992	 6.2931005e-01	 +8.7557515e-02 +1.1711013e-03	 1.58e+00 Accepted	 179	 211	
993	 6.2953091e-01	 +8.7402604e-02 +4.4296652e-04	 1.08e+00 Accepted	 178	 210	
994	 6.2954521e-01	 +8.6931656e-02 +8.8018268e-04	 1.06e+00 Accepted	 178	 210	
995	 6.2933959e-01	 +8.7705038e-02 +1.3782585e-03	 5.64e-01 Accepted	 178	 210	
996	 6.2934269e-01	 +8.7114672e-02 +6.7976374e-04	 1.23e+00 Accepted	 179	 210	
997	 6.2917291e-01	 +8.7384981e-02 +2.3726215e-04	 9.70e-01 Accepted	 179	 225	
998	 6.2920487e-01	 +8.6655889e-02 -2.0125850e-04	 1.02e+00 Accepted	 183	 210	
999	 6.2904969e-01	 +8.5673814e-02 +1.6901716e-03	 8.55e-01 Accepted	 178	 212	
1000	 6.2904969e-01	 +8.5673814e-02 +1.6901716e-03	 8.20e-01 Rejected	 179	 212	
1001	 6.2926762e-01	 +8.5343721e-02 +1.2601752e-03	 9.13e-01 Accepted	 178	 211	
1002	 6.2903092e-01	 +8.5924680e-02 +8.5493821e-04	 1.09e+00 Accepted	 179	 211	
1003	 6.2901519e-01	 +8.5577170e-02 +4.8091527e-04	 7.38e-01 Accepted	 179	 211	
1004	 6.2912341e-01	 +8.4032796e-02 +1.5111236e-03	 9.86e-01 Accepted	 178	 212	
1005	 6.2914814e-01	 +8.6116176e-02 -8.3367176e-04	 1.35e+00 Accepted	 180	 222	
1006	 6.2929054e-01	 +8.4974178e-02 -3.7424701e-04	 1.24e+00 Accepted	 182	 211	
1007	 6.2910689e-01	 +8.3293260e-02 -1.8414350e-04	 6.83e-01 Accepted	 178	 211	
1008	 6.2927262e-01	 +8.5503226e-02 -7.5050041e-04	 9.16e-01 Accepted	 178	 210	
1009	 6.2931903e-01	 +8.5886692e-02 -1.5075947e-03	 1.08e+00 Accepted	 178	 210	
1010	 6.2935280e-01	 +8.4173681e-02 +1.2506421e-03	 9.71e-01 Accepted	 179	 210	
1011	 6.2930499e-01	 +8.4586510e-02 -6.1381395e-04	 1.06e+00 Accepted	 179	 211	
1012	 6.2928592e-01	 +8.4819013e-02 +7.9378272e-04	 9.07e-01 Accepted	 179	 212	
1013	 6.2956839e-01	 +8.5159574e-02 +4.9735583e-04	 1.23e+00 Accepted	 178	 211	
1014	 6.2938792e-01	 +8.3690437e-02 +5.1006023e-04	 9.05e-01 Accepted	 179	 211	
1015	 6.2951585e-01	 +8.6101588e-02 +7.9476525e-04	 7.39e-01 Accepted	 178	 212	
1016	 6.2948861e-01	 +8.4010896e-02 +2.7744792e-04	 9.01e-01 Accepted	 179	 212	
1017	 6.2917783e-01	 +8.5548913e-02 -1.9926028e-03	 5.10e-01 Accepted	 179	 210	
1018	 6.2922294e-01	 +8.8216744e-02 -1.2073880e-03	 7.69e-01 Accepted	 179	 211	
1019	 6.2927077e-01	 +8.5200380e-02 -1.4196841e-03	 6.34e-01 Accepted	 178	 211	
1020	 6.2921760e-01	 +8.4458684e-02 -5.9342138e-04	 8.75e-01 Accepted	 178	 210	
1021	 6.2921089e-01	 +8.5502019e-02 +3.3803062e-06	 1.17e+00 Accepted	 178	 210	
1022	 6.2919764e-01	 +8.6241048e-02 -1.3446186e-03	 9.59e-01 Accepted	 178	 210	
1023	 6.2920298e-01	 +8.4327037e-02 -1.9659896e-04	 9.40e-01 Accepted	 178	 210	
1024	 6.2904051e-01	 +8.5478461e-02 +2.2366526e-03	 8.25e-01 Accepted	 178	 210	
1025	 6.2915396e-01	 +8.5117371e-02 -5.3937101e-04	 7.80e-01 Accepted	 178	 210	
1026	 6.2933095e-01	 +8.3116585e-02 +1.2133486e-03	 1.31e+00 Accepted	 179	 212	
1027	 6.2919249e-01	 +8.4347949e-02 +3.2376813e-05	 7.50e-01 Accepted	 179	 212	
1028	 6.2920991e-01	 +8.6028935e-02 -1.1510670e-03	 8.47e-01 Accepted	 179	 212	
1029	 6.2905008e-01	 +8.6032406e-02 +6.9094646e-05	 6.74e-01 Accepted	 179	 212	
1030	 6.2922930e-01	 +8.6349220e-02 -1.2625534e-03	 1.47e+00 Accepted	 179	 212	
1031	 6.2922930e-01	 +8.6349220e-02 -1.2625534e-03	 6.93e-01 Rejected	 179	 212	
1032	 6.2922956e-01	 +8.4502835e-02 +4.8271899e-04	 9.70e-01 Accepted	 179	 211	
1033	 6.2932337e-01	 +8.4234448e-02 +1.6203139e-03	 1.02e+00 Accepted	 179	 212	
1034	 6.2942737e-01	 +8.3555332e-02 -1.7361924e-05	 9.50e-01 Accepted	 179	 211	
1035	 6.2939276e-01	 +8.3307972e-02 -7.0326125e-04	 1.08e+00 Accepted	 179	 212	
1036	 6.2939557e-01	 +8.3007935e-02 +8.7069260e-04	 8.05e-01 Accepted	 179	 212	
1037	 6.2931742e-01	 +8.5557557e-02 -1.2943239e-03	 1.53e+00 Accepted	 178	 213	
1038	 6.2948396e-01	 +8.4258002e-02 -2.4330538e-04	 1.17e+00 Accepted	 179	 213	
1039	 6.2948396e-01	 +8.3656488e-02 +9.9595856e-04	 9.39e-01 Accepted	 179	 212	
1040	 6.2944391e-01	 +8.5018760e-02 -2.0278728e-05	 9.11e-01 Accepted	 179	 211	
1041	 6.2920237e-01	 +8.3928304e-02 -3.4177554e-04	 7.74e-01 Accepted	 178	 211	
1042	 6.2915277e-01	 +8.4519973e-02 +1.3480078e-04	 7.58e-01 Accepted	 179	 212	
1043	 6.2916166e-01	 +8.4299425e-02 +1.4767366e-03	 1.12e+00 Accepted	 178	 211	
1044	 6.2924019e-01	 +8.6797335e-02 -5.0161511e-04	 1.14e+00 Accepted	 180	 211	
1045	 6.2913399e-01	 +8.5032564e-02 -1.9314793e-03	 1.07e+00 Accepted	 178	 211	
1046	 6.2904227e-01	 +8.4087711e-02 -9.7093482e-04	 5.41e-01 Accepted	 179	 212	
1047	 6.2904684e-01	 +8.3412025e-02 +6.6471152e-04	 1.19e+00 Accepted	 180	 212	
1048	 6.2899709e-01	 +8.3996477e-02 +8.8909028e-04	 8.71e-01 Accepted	 179	 212	
1049	 6.2891969e-01	 +8.2707083e-02 +4.8451072e-04	 8.27e-01 Accepted	 179	 212	
1050	 6.2904050e-01	 +8.2626786e-02 +1.8070082e-03	 1.12e+00 Accepted	 179	 212	
1051	 6.2910806e-01	 +8.4301848e-02 +4.6329898e-06	 1.35e+00 Accepted	 178	 211	
1052	 6.2944913e-01	 +8.6369518e-02 +1.2702953e-03	 2.61e+00 Accepted	 179	 211	
1053	 6.2909344e-01	 +8.3876331e-02 +3.3797128e-04	 8.75e-01 Accepted	 178	 212	
1054	 6.2910167e-01	 +8.3434735e-02 -1.8763887e-04	 8.46e-01 Accepted	 179	 212	
1055	 6.2910227e-01	 +8.4662022e-02 +1.7894319e-03	 8.89e-01 Accepted	 178	 212	
1056	 6.2876883e-01	 +8.6481160e-02 +2.1748112e-04	 6.17e-01 Accepted	 179	 213	
1057	 6.2888606e-01	 +8.6047165e-02 +4.2290798e-04	 1.29e+00 Accepted	 179	 212	
1058	 6.2933224e-01	 +8.5320818e-02 +9.4042021e-04	 1.52e+00 Accepted	 179	 212	
1059	 6.2932324e-01	 +8.5891140e-02 +7.0258753e-04	 9.41e-01 Accepted	 178	 211	
1060	 6.2932324e-01	 +8.5891140e-02 +7.0258753e-04	 7.63e-01 Rejected	 179	 211	
1061	 6.2956375e-01	 +8.6458326e-02 -1.2981263e-03	 1.06e+00 Accepted	 178	 211	
1062	 6.2955713e-01	 +8.6016289e-02 -8.6334345e-04	 1.06e+00 Accepted	 178	 210	
1063	 6.2960739e-01	 +8.7434253e-02 -7.1247364e-04	 9.30e-01 Accepted	 178	 211	
1064	 6.2953985e-01	 +8.5174893e-02 -1.1140934e-04	 6.53e-01 Accepted	 179	 211	
1065	 6.2943139e-01	 +8.6529422e-02 -2.4938729e-03	 7.43e-01 Accepted	 178	 210	
1066	 6.2928866e-01	 +8.7086900e-02 +5.2268686e-06	 8.77e-01 Accepted	 179	 210	
1067	 6.2933782e-01	 +8.6614474e-02 +2.0064604e-03	 1.14e+00 Accepted	 177	 211	
1068	 6.2957656e-01	 +8.9025525e-02 -4.5714512e-04	 1.14e+00 Accepted	 179	 210	
1069	 6.2936474e-01	 +8.6768838e-02 +1.2168585e-03	 8.48e-01 Accepted	 178	 211	
1070	 6.2913988e-01	 +8.6398830e-02 +7.0023321e-04	 7.91e-01 Accepted	 179	 212	
1071	 6.2918807e-01	 +8.7378919e-02 +1.4603308e-03	 1.11e+00 Accepted	 179	 211	
1072	 6.2906134e-01	 +8.8614952e-02 -2.0507323e-03	 6.91e-01 Accepted	 178	 210	
1073	 6.2889738e-01	 +9.0775830e-02 -4.1531664e-04	 8.85e-01 Accepted	 178	 210	
1074	 6.2898949e-01	 +9.1257728e-02 -6.2519621e-04	 1.11e+00 Accepted	 180	 210	
1075	 6.2923645e-01	 +9.0012292e-02 -1.1858547e-03	 1.56e+00 Accepted	 178	 210	
1076	 6.2922821e-01	 +8.9703293e-02 -1.0755341e-03	 1.14e+00 Accepted	 178	 210	
1077	 6.2922821e-01	 +8.9703293e-02 -1.0755341e-03	 9.76e-01 Rejected	 178	 210	
1078	 6.2929632e-01	 +9.0838978e-02 +9.9732248e-04	 1.05e+00 Accepted	 179	 210	
1079	 6.2912502e-01	 +8.9352951e-02 -1.5881230e-03	 8.96e-01 Accepted	 177	 210	
1080	 6.2919723e-01	 +8.8284208e-02 +1.9709003e-03	 8.64e-01 Accepted	 178	 210	
1081	 6.2916485e-01	 +8.9328645e-02 +4.0840815e-04	 1.01e+00 Accepted	 178	 210	
1082	 6.2916808e-01	 +8.9288500e-02 -7.7573962e-04	 1.39e+00 Accepted	 178	 210	
1083	 6.2927780e-01	 +8.8952401e-02 -8.0842516e-04	 1.10e+00 Accepted	 179	 211	
1084	 6.2920159e-01	 +8.9825766e-02 +1.5636919e-03	 1.11e+00 Accepted	 179	 210	
1085	 6.2908740e-01	 +8.8263225e-02 -3.6928022e-05	 8.57e-01 Accepted	 178	 210	
1086	 6.2904360e-01	 +8.7461194e-02 +5.2380327e-04	 9.99e-01 Accepted	 179	 216	
1087	 6.2901871e-01	 +8.8519917e-02 +1.9424602e-03	 1.12e+00 Accepted	 180	 210	
1088	 6.2883555e-01	 +8.7853891e-02 -1.1004538e-03	 1.06e+00 Accepted	 178	 210	
1089	 6.2903890e-01	 +8.6342138e-02 +2.7700493e-04	 1.10e+00 Accepted	 178	 210	
1090	 6.2893670e-01	 +8.5959566e-02 -1.9739410e-04	 8.59e-01 Accepted	 178	 211	
1091	 6.2913842e-01	 +8.6069325e-02 +1.6427413e-03	 1.40e+00 Accepted	 178	 210	
1092	 6.2923263e-01	 +8.4328735e-02 -9.9735954e-04	 1.03e+00 Accepted	 179	 211	
1093	 6.2939350e-01	 +8.5711831e-02 -1.8573723e-03	 1.32e+00 Accepted	 178	 210	
1094	 6.2951048e-01	 +8.6854604e-02 -4.1593773e-04	 1.31e+00 Accepted	 178	 210	
1095	 6.2960362e-01	 +8.7970211e-02 -6.0005123e-04	 1.06e+00 Accepted	 179	 219	
1096	 6.2946367e-01	 +8.5342010e-02 +1.0594710e-03	 8.43e-01 Accepted	 181	 210	
1097	 6.2953710e-01	 +8.4889209e-02 -2.0513850e-03	 9.85e-01 Accepted	 178	 212	
1098	 6.2948271e-01	 +8.5220261e-02 -2.4215292e-06	 6.91e-01 Accepted	 179	 211	
1099	 6.2935699e-01	 +8.4522733e-02 +1.1233731e-03	 1.32e+00 Accepted	 178	 212	
1100	 6.2935699e-01	 +8.4522733e-02 +1.1233731e-03	 7.39e-01 Rejected	 180	 212	
1101	 6.2914201e-01	 +8.3085357e-02 -4.8677966e-04	 8.97e-01 Accepted	 179	 212	
1102	 6.2901141e-01	 +8.3462562e-02 -2.2066982e-04	 1.07e+00 Accepted	 179	 212	
1103	 6.2908684e-01	 +8.6678470e-02 -3.3664074e-04	 1.11e+00 Accepted	 179	 216	
1104	 6.2920741e-01	 +8.2770151e-02 +4.3618602e-04	 1.45e+00 Accepted	 181	 212	
1105	 6.2914570e-01	 +8.2434126e-02 +9.1543141e-04	 1.04e+00 Accepted	 179	 212	
1106	 6.2904455e-01	 +8.3954986e-02 +2.8936253e-04	 8.53e-01 Accepted	 179	 212	
1107	 6.2904455e-01	 +8.3954986e-02 +2.8936253e-04	 8.12e-01 Rejected	 179	 213	
1108	 6.2893175e-01	 +8.3207024e-02 +3.3596934e-04	 8.82e-01 Accepted	 178	 211	
1109	 6.2908614e-01	 +8.3366423e-02 -8.8454794e-04	 1.22e+00 Accepted	 179	 211	
1110	 6.2919397e-01	 +8.3826298e-02 -2.4921893e-03	 6.80e-01 Accepted	 179	 211	
1111	 6.2897347e-01	 +8.5245389e-02 -1.8202218e-03	 1.05e+00 Accepted	 178	 211	
1112	 6.2912005e-01	 +8.3946557e-02 -1.0533384e-03	 1.68e+00 Accepted	 178	 213	
1113	 6.2930278e-01	 +8.4000230e-02 -1.0807725e-03	 1.04e+00 Accepted	 180	 212	
1114	 6.2913248e-01	 +8.2712021e-02 +8.3048838e-04	 1.02e+00 Accepted	 179	 212	
1115	 6.2904408e-01	 +8.6925494e-02 -1.4908833e-04	 9.47e-01 Accepted	 179	 212	
1116	 6.2929849e-01	 +8.2448837e-02 -1.1368880e-04	 1.07e+00 Accepted	 179	 212	
1117	 6.2930262e-01	 +8.6149679e-02 +8.7529935e-05	 1.18e+00 Accepted	 179	 211	
1118	 6.2914747e-01	 +8.2529389e-02 -7.4452406e-04	 1.16e+00 Accepted	 179	 212	
1119	 6.2914747e-01	 +8.2529389e-02 -7.4452406e-04	 5.77e-01 Rejected	 178	 212	
1120	 6.2919250e-01	 +8.3382941e-02 -9.1577271e-04	 1.01e+00 Accepted	 179	 212	
1121	 6.2917468e-01	 +8.3095627e-02 +2.5195775e-04	 6.45e-01 Accepted	 178	 212	
1122	 6.2926863e-01	 +8.3352655e-02 -2.4817713e-03	 8.93e-01 Accepted	 179	 211	
1123	 6.2926182e-01	 +8.3027201e-02 -1.7611642e-03	 6.92e-01 Accepted	 179	 212	
1124	 6.2905266e-01	 +8.2833543e-02 -3.2582741e-04	 6.02e-01 Accepted	 179	 212	
1125	 6.2913661e-01	 +8.5369362e-02 +5.2133172e-04	 9.87e-01 Accepted	 178	 210	
1126	 6.2900010e-01	 +8.4722753e-02 +2.2638872e-04	 1.03e+00 Accepted	 179	 211	
1127	 6.2903027e-01	 +8.4550714e-02 -1.0041478e-04	 1.11e+00 Accepted	 178	 211	
1128	 6.2916722e-01	 +8.3463517e-02 +2.7302016e-04	 9.79e-01 Accepted	 179	 210	
1129	 6.2916722e-01	 +8.3463517e-02 +2.7302016e-04	 6.85e-01 Rejected	 179	 212	
1130	 6.2923997e-01	 +8.4088020e-02 +1.1527322e-03	 9.91e-01 Accepted	 179	 211	
1131	 6.2912666e-01	 +8.3782185e-02 +1.6038953e-03	 8.85e-01 Accepted	 178	 210	
1132	 6.2945584e-01	 +8.3274814e-02 +4.8714744e-04	 2.19e+00 Accepted	 179	 212	
1133	 6.2933792e-01	 +8.4191846e-02 +2.7457056e-03	 5.51e-01 Accepted	 179	 212	
1134	 6.2936375e-01	 +8.2489238e-02 +1.3922267e-03	 8.96e-01 Accepted	 179	 212	
1135	 6.2958675e-01	 +8.4997947e-02 +4.3616468e-05	 1.58e+00 Accepted	 179	 212	
1136	 6.2974386e-01	 +8.3623777e-02 +8.0161779e-04	 1.78e+00 Accepted	 179	 212	
1137	 6.2971689e-01	 +8.0720129e-02 +1.2740164e-03	 9.42e-01 Accepted	 179	 212	
1138	 6.2964370e-01	 +8.0271028e-02 +2.0302791e-03	 6.38e-01 Accepted	 179	 212	
1139	 6.2956430e-01	 +8.1977880e-02 -5.6484948e-04	 9.50e-01 Accepted	 179	 212	
1140	 6.2941475e-01	 +8.1946006e-02 -4.9261577e-04	 7.04e-01 Accepted	 179	 213	
1141	 6.2928236e-01	 +8.4102608e-02 -5.1958648e-04	 9.22e-01 Accepted	 179	 211	
1142	 6.2910406e-01	 +8.3558823e-02 +1.0233703e-03	 8.89e-01 Accepted	 178	 212	
1143	 6.2910406e-01	 +8.3558823e-02 +1.0233703e-03	 7.85e-01 Rejected	 179	 212	
1144	 6.2914026e-01	 +8.3172449e-02 +1.1384678e-03	 1.03e+00 Accepted	 180	 212	
1145	 6.2925799e-01	 +8.3753164e-02 +1.0814442e-03	 1.12e+00 Accepted	 179	 212	
1146	 6.2923848e-01	 +8.2405025e-02 +7.9271117e-04	 9.83e-01 Accepted	 179	 212	
1147	 6.2932518e-01	 +8.3697486e-02 +1.3669432e-03	 1.13e+00 Accepted	 180	 212	
1148	 6.2934075e-01	 +8.5225697e-02 +1.4151143e-04	 1.24e+00 Accepted	 179	 212	
1149	 6.2930900e-01	 +8.1519676e-02 +7.8637064e-05	 1.04e+00 Accepted	 179	 212	
1150	 6.2921183e-01	 +8.2175688e-02 +3.5772761e-04	 6.99e-01 Accepted	 179	 212	
1151	 6.2905252e-01	 +8.3039128e-02 +2.8315387e-04	 7.71e-01 Accepted	 179	 212	
1152	 6.2904387e-01	 +8.2498886e-02 +3.6251982e-04	 9.82e-01 Accepted	 180	 212	
1153	 6.2904560e-01	 +8.4083125e-02 +5.2057004e-04	 8.42e-01 Accepted	 179	 212	
1154	 6.2903952e-01	 +8.2683318e-02 -4.5181182e-04	 1.11e+00 Accepted	 179	 212	
1155	 6.2892881e-01	 +8.3237434e-02 -7.4307155e-04	 7.48e-01 Accepted	 179	 211	
1156	 6.2892881e-01	 +8.3237434e-02 -7.4307155e-04	 9.77e-01 Rejected	 179	 212	
1157	 6.2899555e-01	 +8.5196200e-02 -1.1130727e-03	 1.84e+00 Accepted	 179	 212	
1158	 6.2883859e-01	 +8.1735050e-02 -8.0442437e-04	 4.91e-01 Accepted	 179	 212	
1159	 6.2892399e-01	 +8.1657046e-02 +1.3205609e-03	 1.10e+00 Accepted	 179	 211	
1160	 6.2902105e-01	 +8.0914369e-02 -6.3425191e-04	 9.37e-01 Accepted	 179	 211	
1161	 6.2930626e-01	 +8.2087574e-02 +8.6795135e-04	 1.32e+00 Accepted	 178	 212	
1162	 6.2913975e-01	 +8.0889061e-02 -1.7398959e-03	 7.95e-01 Accepted	 180	 219	
1163	 6.2926932e-01	 +8.0231291e-02 -5.9892781e-04	 1.93e+00 Accepted	 181	 212	
1164	 6.2917175e-01	 +8.4479772e-02 -3.2795504e-04	 8.48e-01 Accepted	 180	 212	
1165	 6.2900308e-01	 +8.5227323e-02 +2.2780177e-03	 1.45e+00 Accepted	 179	 210	
1166	 6.2914061e-01	 +8.5292445e-02 +1.3688574e-03	 1.39e+00 Accepted	 181	 214	
1167	 6.2908562e-01	 +8.5723863e-02 +9.9671249e-04	 9.58e-01 Accepted	 181	 212	
1168	 6.2929225e-01	 +8.7951307e-02 +1.5150897e-03	 1.04e+00 Accepted	 178	 211	
1169	 6.2927012e-01	 +8.7445877e-02 +3.7633734e-04	 1.09e+00 Accepted	 178	 210	
1170	 6.2916537e-01	 +8.4255828e-02 -6.2061293e-04	 8.25e-01 Accepted	 179	 211	
1171	 6.2924236e-01	 +8.5381361e-02 -4.4742655e-04	 1.32e+00 Accepted	 178	 211	
1172	 6.2924236e-01	 +8.5381361e-02 -4.4742655e-04	 6.76e-01 Rejected	 179	 212	
1173	 6.2935747e-01	 +8.5942117e-02 -1.1172967e-04	 1.57e+00 Accepted	 179	 212	
1174	 6.2929780e-01	 +8.4451200e-02 +4.7270101e-04	 8.52e-01 Accepted	 179	 210	
1175	 6.2926229e-01	 +8.3027223e-02 -4.1366981e-04	 7.06e-01 Accepted	 178	 211	
1176	 6.2923032e-01	 +8.5776161e-02 -3.6444966e-04	 8.61e-01 Accepted	 179	 212	
1177	 6.2932738e-01	 +8.4575841e-02 +2.3389816e-04	 1.10e+00 Accepted	 179	 212	
1178	 6.2931880e-01	 +8.4635288e-02 +1.5040919e-04	 8.59e-01 Accepted	 179	 212	
1179	 6.2942228e-01	 +8.7058966e-02 +9.5909809e-04	 1.28e+00 Accepted	 179	 211	
1180	 6.2931239e-01	 +8.6763139e-02 -4.7101958e-05	 9.45e-01 Accepted	 178	 210	
1181	 6.2914364e-01	 +8.6754107e-02 -1.0943915e-03	 8.25e-01 Accepted	 179	 212	
1182	 6.2906464e-01	 +8.4993889e-02 +8.3195709e-04	 1.03e+00 Accepted	 179	 211	
1183	 6.2907549e-01	 +8.8631388e-02 +1.0253398e-03	 1.46e+00 Accepted	 178	 210	
1184	 6.2907107e-01	 +8.6809181e-02 +1.6815221e-04	 1.35e+00 Accepted	 179	 212	
1185	 6.2907107e-01	 +8.6809181e-02 +1.6815221e-04	 6.70e-01 Rejected	 179	 210	
1186	 6.2892550e-01	 +8.4664118e-02 +2.7166289e-03	 8.31e-01 Accepted	 179	 210	
1187	 6.2904993e-01	 +8.6609509e-02 -7.3526906e-05	 1.63e+00 Accepted	 178	 211	
1188	 6.2920016e-01	 +8.6349381e-02 +2.2424378e-03	 1.39e+00 Accepted	 179	 211	
1189	 6.2913936e-01	 +8.4755892e-02 +8.7960296e-04	 9.04e-01 Accepted	 179	 212	
1190	 6.2898639e-01	 +8.4218930e-02 -4.7040733e-04	 1.07e+00 Accepted	 179	 212	
1191	 6.2918430e-01	 +8.3079526e-02 +1.1914139e-03	 1.68e+00 Accepted	 179	 212	
1192	 6.2915216e-01	 +8.4744696e-02 -1.0106496e-03	 1.04e+00 Accepted	 178	 210	
1193	 6.2915291e-01	 +8.6985873e-02 +4.6810169e-04	 9.61e-01 Accepted	 178	 210	
1194	 6.2913648e-01	 +8.4490919e-02 -6.2911762e-04	 9.53e-01 Accepted	 178	 212	
1195	 6.2912167e-01	 +8.4965157e-02 +8.4922901e-04	 1.04e+00 Accepted	 179	 212	
1196	 6.2894127e-01	 +8.1797002e-02 +1.0752052e-03	 7.18e-01 Accepted	 179	 212	
1197	 6.2879567e-01	 +8.0955291e-02 -4.7810083e-04	 9.63e-01 Accepted	 179	 212	
