# Starting_type: HotStart
# serial RNG seed: 	[2142 64749 404 33602 46303]
# parallel RNG seed:	[42663 9616 17733 10071 52243]
# Trajectory_length / Number_of_MD_steps: 1 / 8
# 	 Plaquette	 Polyakov_Loop(re,im)	 Acc._Probability	 runtime_per_traj(s)	 CG_iterations	
1	 2.2831434e-01	 -1.9586088e-04 -8.0839261e-04	 6.35e+67 Accepted	 358	 643	
2	 3.2339926e-01	 +1.7343890e-03 +5.0774463e-04	 1.20e+34 Accepted	 393	 645	
3	 3.7703035e-01	 +1.2505181e-03 +3.9882056e-04	 1.66e+21 Accepted	 392	 633	
4	 4.1262204e-01	 -4.6778310e-04 +1.0289649e-03	 1.56e+15 Accepted	 386	 622	
5	 4.3885268e-01	 -6.7801537e-04 -1.9129675e-03	 5.53e+11 Accepted	 383	 614	
6	 4.5984910e-01	 -7.3353802e-04 +6.7071797e-04	 5.15e+09 Accepted	 378	 606	
7	 4.7771871e-01	 +2.4161801e-04 -3.9415976e-04	 3.80e+08 Accepted	 374	 598	
8	 4.9308113e-01	 -1.5235675e-03 -5.7720209e-04	 2.30e+07 Accepted	 369	 592	
9	 5.0703533e-01	 -4.2734783e-04 -7.8447446e-04	 6.53e+06 Accepted	 368	 585	
10	 5.1895220e-01	 +6.4127394e-04 -3.0402440e-05	 1.57e+06 Accepted	 365	 581	
11	 5.2935223e-01	 +1.2988260e-03 +1.6845258e-03	 2.28e+05 Accepted	 363	 578	
12	 5.3864800e-01	 -2.4021017e-04 -2.6955508e-04	 1.20e+05 Accepted	 360	 570	
13	 5.4650055e-01	 +2.0752714e-04 -9.7683962e-04	 1.05e+04 Accepted	 357	 567	
14	 5.5336218e-01	 -2.1186094e-04 +1.6324691e-03	 4.95e+03 Accepted	 356	 563	
15	 5.5937362e-01	 -6.7180102e-04 -1.1411246e-03	 1.44e+03 Accepted	 354	 558	
16	 5.6428861e-01	 +1.0374304e-03 +9.9035670e-04	 3.04e+02 Accepted	 352	 558	
17	 5.6848769e-01	 -1.0651372e-04 +1.6648993e-04	 2.19e+02 Accepted	 352	 550	
18	 5.7195142e-01	 +3.4099350e-04 -4.5906652e-04	 6.74e+01 Accepted	 348	 545	
19	 5.7440354e-01	 +3.4684394e-04 -1.1429587e-03	 1.89e+01 Accepted	 347	 542	
20	 5.7668838e-01	 +5.6283050e-04 +5.3126986e-04	 1.57e+01 Accepted	 343	 541	
21	 5.7851350e-01	 +4.0075973e-04 -1.2925491e-03	 9.11e+00 Accepted	 341	 534	
22	 5.8031598e-01	 -1.2726068e-05 +1.2715613e-03	 1.15e+01 Accepted	 337	 530	
23	 5.8171106e-01	 +1.5657518e-03 -3.1309963e-04	 4.56e+00 Accepted	 335	 512	
24	 5.8268240e-01	 +1.3827416e-03 -9.1726075e-04	 2.85e+00 Accepted	 331	 516	
25	 5.8367519e-01	 +4.3152793e-04 -3.2327054e-05	 3.56e+00 Accepted	 330	 513	
26	 5.8447476e-01	 +1.9563140e-03 +2.2908813e-03	 2.63e+00 Accepted	 328	 506	
27	 5.8495814e-01	 +1.6793246e-03 +1.0564018e-03	 1.74e+00 Accepted	 324	 486	
28	 5.8543038e-01	 -5.3065753e-04 +1.8668691e-03	 1.13e+00 Accepted	 320	 499	
29	 5.8575686e-01	 +5.4724692e-04 -6.3115582e-05	 1.49e+00 Accepted	 323	 495	
30	 5.8606632e-01	 -4.2692933e-04 +1.3556636e-04	 1.45e+00 Accepted	 325	 493	
31	 5.8636194e-01	 -4.2743289e-04 -3.0251706e-04	 1.64e+00 Accepted	 317	 500	
32	 5.8663062e-01	 -2.3311150e-03 -5.8561809e-05	 1.67e+00 Accepted	 320	 495	
33	 5.8673139e-01	 +9.9262316e-04 -1.7178177e-04	 9.52e-01 Accepted	 316	 472	
34	 5.8682310e-01	 +1.9102657e-03 +1.0067992e-03	 1.39e+00 Accepted	 312	 488	
35	 5.8699475e-01	 +1.4235603e-04 -1.9573033e-04	 1.03e+00 Accepted	 315	 487	
36	 5.8748773e-01	 +4.7204924e-04 +2.0579377e-03	 2.30e+00 Accepted	 316	 484	
37	 5.8790561e-01	 +8.9376064e-04 +1.2980535e-04	 2.61e+00 Accepted	 314	 457	
38	 5.8810166e-01	 +5.9830460e-04 +1.0262458e-03	 1.17e+00 Accepted	 298	 438	
39	 5.8790085e-01	 +2.8319210e-04 +1.3928619e-03	 7.55e-01 Accepted	 291	 388	
40	 5.8809853e-01	 -1.5004568e-03 +1.3241136e-04	 9.35e-01 Accepted	 269	 406	
41	 5.8797488e-01	 +7.7473011e-05 +2.6984065e-03	 9.32e-01 Accepted	 277	 424	
42	 5.8793901e-01	 +1.4569203e-03 +1.5914599e-03	 7.78e-01 Accepted	 296	 478	
43	 5.8804717e-01	 +9.7892089e-04 +1.9632024e-03	 1.16e+00 Accepted	 300	 386	
44	 5.8830086e-01	 +1.8806394e-03 +1.2533717e-04	 1.39e+00 Accepted	 271	 388	
45	 5.8813190e-01	 +2.2297173e-03 +9.5480711e-04	 6.94e-01 Accepted	 265	 378	
46	 5.8825082e-01	 +3.9903729e-04 +2.0544997e-03	 1.23e+00 Accepted	 275	 426	
47	 5.8825692e-01	 +1.0633039e-03 +3.1733792e-04	 1.07e+00 Accepted	 273	 403	
48	 5.8839814e-01	 +1.1823743e-03 +1.3160537e-03	 1.45e+00 Accepted	 271	 348	
49	 5.8883243e-01	 +9.6282573e-04 +6.9042392e-04	 1.90e+00 Accepted	 258	 353	
50	 5.8875089e-01	 +3.1587365e-03 -8.0358158e-04	 1.08e+00 Accepted	 244	 325	
51	 5.8874339e-01	 +2.1677931e-03 +1.7484135e-03	 1.18e+00 Accepted	 255	 397	
52	 5.8885751e-01	 +2.6698474e-03 +3.0508376e-03	 1.93e+00 Accepted	 265	 349	
53	 5.8885751e-01	 +2.6698474e-03 +3.0508376e-03	 7.95e-01 Rejected	 259	 375	
54	 5.8853109e-01	 +1.3079145e-03 +8.0184834e-04	 4.42e-01 Accepted	 243	 380	
55	 5.8871666e-01	 +1.0221055e-03 -1.1830732e-03	 1.19e+00 Accepted	 259	 373	
56	 5.8878999e-01	 +1.1986036e-03 -1.2173703e-03	 1.18e+00 Accepted	 238	 281	
57	 5.8876152e-01	 +1.0865948e-03 +1.8420383e-03	 9.03e-01 Accepted	 220	 343	
58	 5.8886494e-01	 +7.9216387e-04 +1.2564248e-03	 1.29e+00 Accepted	 248	 375	
59	 5.8911942e-01	 +2.1097398e-03 +5.5247645e-04	 1.02e+00 Accepted	 281	 399	
60	 5.8931699e-01	 -7.5086454e-05 +1.2662135e-03	 1.32e+00 Accepted	 263	 355	
61	 5.8922133e-01	 -7.6266329e-04 +2.7012141e-03	 8.46e-01 Accepted	 237	 323	
62	 5.8922133e-01	 -7.6266329e-04 +2.7012141e-03	 3.90e-01 Rejected	 240	 279	
63	 5.8911879e-01	 +1.1570885e-03 +2.9796337e-03	 9.33e-01 Accepted	 251	 387	
64	 5.8911879e-01	 +1.1570885e-03 +2.9796337e-03	 6.80e-01 Rejected	 255	 283	
65	 5.8905408e-01	 +1.4768163e-03 +1.6056278e-03	 8.50e-01 Accepted	 249	 299	
66	 5.8923428e-01	 +1.9134009e-03 +8.5193009e-04	 1.40e+00 Accepted	 235	 329	
67	 5.8915005e-01	 +6.5972458e-04 +2.5308831e-03	 1.33e+00 Accepted	 239	 311	
68	 5.8932437e-01	 +3.7236609e-04 +6.8819263e-04	 1.12e+00 Accepted	 235	 332	
69	 5.8954344e-01	 -9.9830962e-04 +1.8914633e-03	 1.07e+00 Accepted	 242	 346	
70	 5.8935603e-01	 +2.4579580e-03 +2.1402263e-03	 8.84e-01 Accepted	 243	 311	
71	 5.8935603e-01	 +2.4579580e-03 +2.1402263e-03	 8.66e-01 Rejected	 235	 337	
72	 5.8906576e-01	 +7.0833189e-04 +1.9349342e-03	 9.31e-01 Accepted	 226	 322	
73	 5.8924376e-01	 +1.2847766e-03 +1.3015460e-03	 8.06e-01 Accepted	 235	 334	
74	 5.8916540e-01	 +1.9524358e-03 +1.3993994e-03	 8.54e-01 Accepted	 230	 279	
75	 5.8940163e-01	 +1.6031983e-03 +1.5693984e-03	 1.21e+00 Accepted	 213	 286	
76	 5.8940163e-01	 +1.6031983e-03 +1.5693984e-03	 9.01e-01 Rejected	 228	 317	
77	 5.8940163e-01	 +1.6031983e-03 +1.5693984e-03	 8.76e-01 Rejected	 219	 330	
78	 5.8927425e-01	 +5.1540843e-05 +1.7695771e-03	 7.31e-01 Accepted	 221	 265	
79	 5.8944148e-01	 -6.7958549e-04 +1.4132097e-03	 1.28e+00 Accepted	 212	 312	
80	 5.8950790e-01	 -4.1793537e-04 +1.6868565e-03	 1.04e+00 Accepted	 228	 312	
81	 5.8951205e-01	 +3.4068449e-03 +1.0236201e-03	 9.68e-01 Accepted	 223	 315	
82	 5.8959638e-01	 +2.9814971e-04 +8.6677793e-05	 9.53e-01 Accepted	 228	 303	
83	 5.8986128e-01	 +4.0428904e-04 -2.8436720e-04	 1.19e+00 Accepted	 221	 270	
84	 5.8973207e-01	 +7.9935779e-04 +1.1766092e-03	 1.14e+00 Accepted	 212	 305	
85	 5.8955816e-01	 +1.8571735e-03 +6.0962292e-04	 7.36e-01 Accepted	 231	 351	
86	 5.8962150e-01	 +3.6852166e-03 +1.4513569e-03	 1.40e+00 Accepted	 245	 272	
87	 5.8949204e-01	 +1.6407510e-03 +1.8382920e-03	 8.40e-01 Accepted	 218	 305	
88	 5.8946389e-01	 +8.7787018e-04 -6.9819068e-04	 8.42e-01 Accepted	 228	 315	
89	 5.8931892e-01	 +5.4967198e-04 +3.1669253e-04	 6.70e-01 Accepted	 237	 348	
90	 5.8938650e-01	 +1.4406958e-03 +5.0870146e-04	 1.12e+00 Accepted	 244	 294	
91	 5.8950082e-01	 -5.1837233e-04 +3.7032834e-03	 9.56e-01 Accepted	 207	 233	
92	 5.8967940e-01	 +9.8556719e-04 -1.2891500e-03	 1.24e+00 Accepted	 214	 358	
93	 5.8967431e-01	 +6.1919415e-04 -1.4481997e-03	 7.01e-01 Accepted	 242	 282	
94	 5.8967431e-01	 +6.1919415e-04 -1.4481997e-03	 6.63e-01 Rejected	 223	 325	
95	 5.8939746e-01	 +1.8303206e-04 +2.8711906e-05	 8.56e-01 Accepted	 215	 275	
96	 5.8940022e-01	 -8.0195768e-04 +1.5287238e-03	 1.32e+00 Accepted	 213	 306	
97	 5.8942001e-01	 -9.9862935e-04 +1.7965582e-03	 1.06e+00 Accepted	 242	 357	
98	 5.8935241e-01	 +1.0448905e-03 +1.9513671e-03	 6.81e-01 Accepted	 266	 403	
99	 5.8921114e-01	 -7.9930556e-04 -5.6313970e-04	 7.17e-01 Accepted	 270	 367	
100	 5.8931329e-01	 -1.7072116e-04 +1.9608505e-03	 1.33e+00 Accepted	 252	 342	
101	 5.8942794e-01	 -4.5227592e-04 +2.5025874e-03	 1.22e+00 Accepted	 258	 388	
102	 5.8925813e-01	 -1.2739076e-03 +1.4552679e-03	 6.58e-01 Accepted	 270	 365	
103	 5.8931216e-01	 -1.6543476e-03 +1.8647618e-03	 9.10e-01 Accepted	 244	 320	
104	 5.8937169e-01	 -5.7156019e-04 +2.7439118e-03	 1.71e+00 Accepted	 234	 286	
105	 5.8927690e-01	 -1.1019013e-03 +2.2942011e-03	 8.14e-01 Accepted	 228	 290	
106	 5.8947570e-01	 +1.6662618e-03 +1.6972737e-03	 1.89e+00 Accepted	 225	 306	
107	 5.8958345e-01	 +1.1972535e-03 +2.3097645e-03	 1.11e+00 Accepted	 222	 273	
108	 5.8948840e-01	 +8.8203819e-04 +9.3107115e-04	 1.15e+00 Accepted	 205	 248	
109	 5.8966559e-01	 +8.6802921e-04 +1.2061479e-03	 1.39e+00 Accepted	 200	 261	
110	 5.8940224e-01	 -9.5578714e-04 -7.9927101e-05	 8.28e-01 Accepted	 201	 254	
111	 5.8936669e-01	 +1.9404123e-03 +1.5119735e-03	 1.02e+00 Accepted	 203	 285	
112	 5.8931515e-01	 +1.1412801e-03 +1.6160473e-04	 7.08e-01 Accepted	 240	 388	
113	 5.8960195e-01	 -1.2158461e-03 +2.7504825e-03	 1.44e+00 Accepted	 232	 234	
114	 5.8965416e-01	 +2.8290841e-03 -4.4488626e-04	 1.40e+00 Accepted	 201	 291	
115	 5.8964092e-01	 -1.1512618e-04 +1.2715590e-03	 1.17e+00 Accepted	 216	 268	
116	 5.8971378e-01	 +9.6375369e-04 +5.1347145e-04	 8.20e-01 Accepted	 201	 242	
117	 5.8957615e-01	 +3.4286392e-03 +3.5469177e-04	 7.08e-01 Accepted	 201	 267	
118	 5.8978095e-01	 +1.3624637e-03 +2.0116010e-03	 1.43e+00 Accepted	 206	 251	
119	 5.8960004e-01	 +3.3685571e-03 +2.2341030e-03	 7.52e-01 Accepted	 210	 297	
120	 5.8960004e-01	 +3.3685571e-03 +2.2341030e-03	 5.17e-01 Rejected	 226	 296	
121	 5.8942600e-01	 +2.5975459e-03 +2.9526958e-04	 7.68e-01 Accepted	 230	 379	
122	 5.8948928e-01	 +1.8206612e-03 +3.2997695e-03	 9.70e-01 Accepted	 255	 321	
123	 5.8936230e-01	 +2.1480101e-03 +2.1082629e-03	 1.01e+00 Accepted	 233	 291	
124	 5.8928242e-01	 +1.4533448e-03 +2.6857885e-03	 7.91e-01 Accepted	 222	 288	
125	 5.8938407e-01	 +2.5405659e-03 -6.5814291e-04	 1.22e+00 Accepted	 219	 299	
126	 5.8947669e-01	 -3.8637650e-04 -6.3808761e-04	 6.27e-01 Accepted	 234	 356	
127	 5.8948877e-01	 +2.0903419e-03 +2.5199416e-04	 5.85e-01 Accepted	 252	 366	
128	 5.8948877e-01	 +2.0903419e-03 +2.5199416e-04	 8.55e-01 Rejected	 237	 246	
129	 5.8972730e-01	 +9.6135729e-04 +6.4294912e-05	 9.26e-01 Accepted	 240	 299	
130	 5.8989559e-01	 +9.2804589e-04 +4.1248247e-04	 8.98e-01 Accepted	 227	 314	
131	 5.8983318e-01	 +1.5975832e-03 +8.2083185e-04	 7.70e-01 Accepted	 237	 315	
132	 5.8959643e-01	 +1.1217850e-03 +2.5692022e-03	 7.19e-01 Accepted	 253	 387	
133	 5.8957422e-01	 -2.0702243e-04 +7.6835579e-04	 9.32e-01 Accepted	 261	 327	
134	 5.8969870e-01	 +1.7697663e-04 +2.4367588e-03	 9.02e-01 Accepted	 246	 378	
135	 5.8936391e-01	 +3.0343945e-03 +2.6375249e-03	 4.49e-01 Accepted	 256	 291	
136	 5.8929664e-01	 -1.1171996e-03 +1.5732090e-03	 9.74e-01 Accepted	 233	 324	
137	 5.8951200e-01	 -2.9228698e-04 +1.4576866e-03	 1.07e+00 Accepted	 229	 287	
138	 5.8962477e-01	 +1.5042068e-03 +1.3024010e-03	 1.47e+00 Accepted	 211	 248	
139	 5.8960589e-01	 +4.3077964e-04 +4.9174983e-03	 8.73e-01 Accepted	 198	 280	
140	 5.8952075e-01	 -8.8379145e-04 +1.8725010e-03	 8.20e-01 Accepted	 218	 279	
141	 5.8943085e-01	 +1.4978186e-04 +4.4816878e-03	 1.03e+00 Accepted	 210	 257	
142	 5.8983644e-01	 -1.2206669e-03 +3.0667493e-03	 1.17e+00 Accepted	 205	 301	
143	 5.9004302e-01	 -1.2943116e-03 +4.8607177e-03	 9.83e-01 Accepted	 217	 230	
144	 5.8988616e-01	 -2.8361659e-04 +2.7541995e-03	 1.34e+00 Accepted	 191	 246	
145	 5.8962575e-01	 +7.8120702e-04 +3.0941879e-03	 8.81e-01 Accepted	 211	 328	
146	 5.8967205e-01	 +1.6520162e-03 +4.8562650e-03	 1.04e+00 Accepted	 223	 266	
147	 5.8953459e-01	 -2.1274622e-04 +3.3914128e-03	 8.41e-01 Accepted	 220	 340	
148	 5.8950926e-01	 -5.7717801e-04 +5.6928622e-03	 1.01e+00 Accepted	 238	 350	
149	 5.8968859e-01	 -2.4299351e-04 +3.5614999e-03	 1.67e+00 Accepted	 236	 316	
150	 5.8988601e-01	 +1.4686147e-03 +4.3492833e-03	 1.08e+00 Accepted	 237	 304	
151	 5.8971783e-01	 +2.1696071e-03 +2.6621485e-03	 7.88e-01 Accepted	 225	 292	
152	 5.8971149e-01	 +3.7318001e-04 +4.3908565e-03	 8.20e-01 Accepted	 222	 277	
153	 5.8987011e-01	 +8.6794546e-05 +3.3585907e-03	 1.10e+00 Accepted	 211	 279	
154	 5.8951371e-01	 +1.7602969e-04 +3.5269899e-03	 7.20e-01 Accepted	 212	 232	
155	 5.8950913e-01	 -4.1984805e-05 +4.4932667e-03	 9.61e-01 Accepted	 200	 309	
156	 5.8956604e-01	 -1.8403149e-03 +4.9202899e-03	 1.06e+00 Accepted	 223	 232	
157	 5.8971965e-01	 -4.2999894e-04 +4.5609813e-03	 9.97e-01 Accepted	 197	 248	
158	 5.8974781e-01	 -7.9875530e-04 +4.5952168e-03	 9.02e-01 Accepted	 205	 255	
159	 5.8935498e-01	 -9.9184970e-04 +5.9500506e-03	 5.72e-01 Accepted	 203	 240	
160	 5.8924320e-01	 -1.6812314e-03 +9.2290077e-03	 7.82e-01 Accepted	 197	 258	
161	 5.8919561e-01	 -9.1220329e-04 +5.5151303e-03	 7.24e-01 Accepted	 209	 246	
162	 5.8928966e-01	 +3.5820661e-04 +5.9188311e-03	 1.02e+00 Accepted	 207	 290	
163	 5.8921192e-01	 +6.8445711e-04 +7.6278852e-03	 7.00e-01 Accepted	 218	 272	
164	 5.8950682e-01	 +1.6328208e-03 +6.7607942e-03	 1.02e+00 Accepted	 208	 274	
165	 5.8958883e-01	 -1.0637771e-03 +8.1823088e-03	 9.59e-01 Accepted	 207	 242	
166	 5.8929254e-01	 -1.3395544e-05 +6.2507771e-03	 6.44e-01 Accepted	 198	 273	
167	 5.8923651e-01	 +4.2832336e-04 +5.8415015e-03	 8.88e-01 Accepted	 223	 369	
# Starting_type: CheckpointStart
# Trajectory_length / Number_of_MD_steps: 1 / 8
# 	 Plaquette	 Polyakov_Loop(re,im)	 Acc._Probability	 runtime_per_traj(s)	 CG_iterations	
167	 5.8923651e-01	 +4.2832336e-04 +5.8415015e-03	 8.88e-01 Accepted	 226	 369	
168	 5.8925588e-01	 +3.1188531e-03 +3.8149092e-03	 1.11e+00 Accepted	 243	 254	
169	 5.8935625e-01	 +3.2745756e-03 +6.0391886e-03	 1.27e+00 Accepted	 202	 278	
170	 5.8939590e-01	 -7.7987185e-04 +5.0481465e-03	 1.25e+00 Accepted	 218	 315	
171	 5.8944767e-01	 -2.0741314e-05 +2.2292761e-03	 1.14e+00 Accepted	 233	 328	
172	 5.8969904e-01	 +5.5100415e-04 +5.7780093e-03	 1.06e+00 Accepted	 245	 315	
173	 5.8969904e-01	 +5.5100415e-04 +5.7780093e-03	 9.01e-01 Rejected	 236	 301	
174	 5.8962796e-01	 +1.1897342e-03 +4.2429282e-03	 9.69e-01 Accepted	 236	 308	
175	 5.8953958e-01	 +5.3158355e-04 +6.0239508e-03	 7.90e-01 Accepted	 231	 317	
176	 5.8953958e-01	 +5.3158355e-04 +6.0239508e-03	 5.13e-01 Rejected	 219	 242	
177	 5.8956369e-01	 -1.9930457e-03 +3.9644679e-03	 9.11e-01 Accepted	 216	 235	
178	 5.8949659e-01	 -4.6534718e-04 +4.5335660e-03	 9.78e-01 Accepted	 193	 250	
179	 5.8968317e-01	 +5.5671519e-04 +4.0274150e-03	 1.07e+00 Accepted	 204	 277	
180	 5.8962949e-01	 -3.9718262e-04 +3.5853804e-03	 1.23e+00 Accepted	 226	 295	
181	 5.9001466e-01	 -2.8973652e-03 +3.8317105e-03	 1.77e+00 Accepted	 223	 258	
182	 5.9007674e-01	 +8.2724404e-04 +1.9443972e-03	 8.07e-01 Accepted	 200	 259	
183	 5.9008012e-01	 -6.1862594e-04 +2.2725613e-03	 9.08e-01 Accepted	 201	 254	
184	 5.9007196e-01	 +1.1873088e-03 +2.5806757e-03	 1.09e+00 Accepted	 197	 240	
185	 5.9010973e-01	 -2.1762123e-04 +2.0560252e-03	 1.09e+00 Accepted	 196	 253	
186	 5.9008569e-01	 +1.4463782e-03 +1.2995478e-03	 8.30e-01 Accepted	 195	 249	
187	 5.8981750e-01	 +5.5661295e-05 +4.0642323e-04	 1.19e+00 Accepted	 216	 269	
188	 5.8955087e-01	 +7.4910011e-04 +2.4446824e-03	 5.81e-01 Accepted	 225	 294	
189	 5.8972098e-01	 +8.6526120e-05 +1.6273637e-03	 1.13e+00 Accepted	 222	 262	
190	 5.8976499e-01	 +1.4976966e-03 +1.9081976e-03	 9.61e-01 Accepted	 201	 235	
191	 5.8952118e-01	 -9.4031206e-04 +3.1301046e-03	 8.64e-01 Accepted	 204	 285	
192	 5.8962659e-01	 +1.6916680e-03 +2.1324732e-03	 1.14e+00 Accepted	 211	 250	
193	 5.8962734e-01	 +4.0094811e-03 +2.5586992e-03	 1.42e+00 Accepted	 202	 252	
194	 5.8973650e-01	 +3.2884659e-04 +2.8850044e-03	 1.12e+00 Accepted	 203	 269	
195	 5.8978990e-01	 +2.9371489e-03 +1.2997776e-03	 9.21e-01 Accepted	 207	 226	
196	 5.8957170e-01	 -2.4052011e-04 +2.8512166e-03	 6.49e-01 Accepted	 197	 244	
197	 5.8947428e-01	 +1.4677714e-03 +2.4372563e-03	 6.68e-01 Accepted	 200	 292	
198	 5.8984108e-01	 +3.6500042e-03 +2.9106878e-03	 1.58e+00 Accepted	 212	 233	
199	 5.8984108e-01	 +3.6500042e-03 +2.9106878e-03	 7.10e-01 Rejected	 197	 239	
200	 5.8984108e-01	 +3.6500042e-03 +2.9106878e-03	 7.02e-01 Rejected	 198	 267	
201	 5.8960302e-01	 +3.5654300e-03 +3.8290958e-03	 1.04e+00 Accepted	 196	 251	
202	 5.8944422e-01	 +3.4559077e-03 +6.5853408e-03	 9.49e-01 Accepted	 202	 256	
203	 5.8958906e-01	 +7.3887324e-04 +2.5152838e-03	 1.31e+00 Accepted	 207	 263	
204	 5.8952198e-01	 +2.9285110e-03 +4.5539589e-03	 6.65e-01 Accepted	 212	 325	
205	 5.8946269e-01	 +2.6943103e-03 +4.4296447e-03	 1.72e+00 Accepted	 217	 253	
206	 5.8956554e-01	 +4.4394482e-03 +3.1378576e-03	 1.68e+00 Accepted	 202	 236	
207	 5.8944080e-01	 +1.6605293e-03 +3.6510719e-03	 1.07e+00 Accepted	 198	 261	
208	 5.8952868e-01	 +2.1342465e-03 +5.1991763e-03	 1.07e+00 Accepted	 206	 242	
209	 5.8985376e-01	 +2.8280262e-03 +4.7067851e-03	 1.43e+00 Accepted	 195	 244	
210	 5.8974229e-01	 +4.3938077e-03 +6.9279528e-03	 1.35e+00 Accepted	 196	 250	
211	 5.8953137e-01	 +2.8511191e-03 +3.0875173e-03	 9.86e-01 Accepted	 207	 300	
212	 5.8949348e-01	 +3.8989217e-03 +4.4443746e-03	 7.97e-01 Accepted	 222	 270	
213	 5.8951039e-01	 +3.4533549e-03 +3.5505437e-03	 1.20e+00 Accepted	 201	 230	
214	 5.8955717e-01	 +2.8432458e-03 +5.6861394e-03	 1.20e+00 Accepted	 199	 299	
215	 5.8962579e-01	 +5.5463044e-03 +4.7295001e-03	 1.35e+00 Accepted	 216	 259	
216	 5.8989784e-01	 +3.7982050e-03 +4.9240314e-03	 1.80e+00 Accepted	 205	 259	
217	 5.8975738e-01	 -1.7287501e-04 +2.5839990e-03	 7.90e-01 Accepted	 199	 267	
218	 5.8968077e-01	 +1.0392621e-03 +3.9935188e-03	 8.37e-01 Accepted	 205	 272	
219	 5.8979307e-01	 +2.4048799e-03 +3.8821507e-03	 1.58e+00 Accepted	 205	 243	
220	 5.8989825e-01	 +1.3896733e-03 +4.6403911e-03	 9.28e-01 Accepted	 199	 272	
221	 5.8992517e-01	 +4.4179395e-03 +4.9924484e-03	 1.25e+00 Accepted	 201	 242	
222	 5.8987655e-01	 +3.6410492e-03 +4.9107881e-03	 7.82e-01 Accepted	 195	 259	
223	 5.8964380e-01	 +4.5453988e-03 +4.2290538e-03	 5.89e-01 Accepted	 209	 249	
224	 5.8992513e-01	 +3.6401193e-03 +4.8641991e-03	 1.52e+00 Accepted	 198	 247	
225	 5.8986969e-01	 +1.4799521e-03 +3.0576957e-03	 7.73e-01 Accepted	 203	 306	
226	 5.9001742e-01	 +8.1703213e-04 +5.7667214e-03	 1.31e+00 Accepted	 228	 304	
227	 5.8986558e-01	 +3.8928238e-03 +3.1100593e-03	 1.12e+00 Accepted	 226	 309	
228	 5.8980189e-01	 +2.5086205e-03 +5.7189086e-03	 1.13e+00 Accepted	 219	 248	
229	 5.8980189e-01	 +2.5086205e-03 +5.7189086e-03	 6.74e-01 Rejected	 202	 280	
230	 5.8977253e-01	 +3.1150488e-03 +6.9088550e-03	 8.15e-01 Accepted	 208	 317	
231	 5.8954255e-01	 +3.4152972e-03 +6.8353187e-03	 6.94e-01 Accepted	 217	 227	
232	 5.8953919e-01	 +2.4782210e-03 +5.2217413e-03	 1.29e+00 Accepted	 192	 238	
233	 5.8946719e-01	 +1.9584628e-03 +7.6721325e-03	 1.03e+00 Accepted	 213	 309	
234	 5.8943134e-01	 +2.2167850e-03 +8.1594386e-03	 1.07e+00 Accepted	 230	 260	
235	 5.8985350e-01	 +3.9957079e-03 +7.0976239e-03	 2.09e+00 Accepted	 204	 255	
236	 5.8985350e-01	 +3.9957079e-03 +7.0976239e-03	 7.96e-01 Rejected	 201	 252	
237	 5.8985350e-01	 +3.9957079e-03 +7.0976239e-03	 8.52e-01 Rejected	 199	 250	
238	 5.8985350e-01	 +3.9957079e-03 +7.0976239e-03	 8.18e-01 Rejected	 201	 236	
239	 5.8985133e-01	 +5.4703272e-03 +7.2695976e-03	 1.04e+00 Accepted	 202	 273	
240	 5.8995098e-01	 +3.9580415e-03 +7.7323763e-03	 8.16e-01 Accepted	 210	 283	
241	 5.8993584e-01	 +3.7003296e-03 +7.4114927e-03	 5.91e-01 Accepted	 215	 280	
242	 5.8976539e-01	 +5.2444229e-03 +4.9725213e-03	 8.15e-01 Accepted	 209	 234	
243	 5.8991916e-01	 +1.7075985e-03 +4.9754797e-03	 1.47e+00 Accepted	 196	 250	
244	 5.8991916e-01	 +1.7075985e-03 +4.9754797e-03	 6.93e-01 Rejected	 197	 262	
245	 5.8987465e-01	 +1.7398687e-03 +6.3573071e-03	 9.70e-01 Accepted	 206	 280	
246	 5.8980991e-01	 +3.6582448e-03 +6.0915763e-03	 1.02e+00 Accepted	 224	 298	
247	 5.8963455e-01	 +5.5517239e-03 +6.6154908e-03	 8.21e-01 Accepted	 231	 302	
248	 5.8962197e-01	 +4.6829504e-03 +4.1738018e-03	 1.24e+00 Accepted	 225	 253	
249	 5.8963898e-01	 +5.6395240e-03 +4.5550345e-03	 1.38e+00 Accepted	 204	 246	
250	 5.8976544e-01	 +4.9053083e-03 +5.2514385e-03	 7.06e-01 Accepted	 199	 249	
251	 5.8985022e-01	 +6.6952694e-03 +5.5839359e-03	 9.69e-01 Accepted	 203	 277	
252	 5.8976024e-01	 +5.5819246e-03 +7.4474826e-03	 1.13e+00 Accepted	 202	 237	
253	 5.8987703e-01	 +5.3763285e-03 +7.8367578e-03	 1.22e+00 Accepted	 203	 283	
254	 5.9001500e-01	 +6.8996271e-03 +5.0726127e-03	 1.10e+00 Accepted	 206	 241	
255	 5.8988076e-01	 +6.9784101e-03 +6.1719203e-03	 7.88e-01 Accepted	 200	 263	
256	 5.8994072e-01	 +4.8602324e-03 +7.1005807e-03	 1.15e+00 Accepted	 219	 307	
257	 5.8994072e-01	 +4.8602324e-03 +7.1005807e-03	 6.63e-01 Rejected	 225	 270	
258	 5.8982147e-01	 +6.8899700e-03 +9.2925923e-03	 1.33e+00 Accepted	 234	 310	
259	 5.8987205e-01	 +5.1532295e-03 +7.6300070e-03	 9.89e-01 Accepted	 222	 248	
260	 5.9011043e-01	 +7.0573928e-03 +9.8783842e-03	 1.24e+00 Accepted	 200	 236	
261	 5.8994665e-01	 +7.6310167e-03 +7.2098498e-03	 9.40e-01 Accepted	 197	 276	
262	 5.8985996e-01	 +6.7347525e-03 +5.1191757e-03	 8.64e-01 Accepted	 213	 261	
263	 5.8949669e-01	 +6.3774760e-03 +4.0640318e-03	 6.26e-01 Accepted	 208	 308	
264	 5.8928463e-01	 +5.7061158e-03 +5.1866912e-03	 6.66e-01 Accepted	 231	 331	
265	 5.8951545e-01	 +6.6320674e-03 +3.9756199e-03	 1.23e+00 Accepted	 227	 245	
266	 5.8948502e-01	 +4.9916310e-03 +5.8477608e-03	 8.01e-01 Accepted	 196	 240	
267	 5.8967802e-01	 +5.8311108e-03 +8.0263093e-03	 1.23e+00 Accepted	 202	 286	
268	 5.8963882e-01	 +4.2329622e-03 +7.6814706e-03	 9.02e-01 Accepted	 221	 309	
269	 5.8985430e-01	 +6.6549014e-03 +5.6366983e-03	 1.08e+00 Accepted	 220	 235	
270	 5.8981440e-01	 +4.5009804e-03 +7.0684204e-03	 8.43e-01 Accepted	 199	 250	
271	 5.8981440e-01	 +4.5009804e-03 +7.0684204e-03	 7.63e-01 Rejected	 203	 244	
272	 5.8984028e-01	 +6.1962741e-03 +7.7033534e-03	 1.18e+00 Accepted	 199	 256	
273	 5.8984028e-01	 +6.1962741e-03 +7.7033534e-03	 6.94e-01 Rejected	 206	 239	
274	 5.8977784e-01	 +4.8886363e-03 +5.6094858e-03	 6.43e-01 Accepted	 201	 258	
275	 5.8983822e-01	 +5.0170798e-03 +7.6310989e-03	 1.54e+00 Accepted	 198	 239	
276	 5.8990097e-01	 +5.3405721e-03 +6.0055687e-03	 1.12e+00 Accepted	 197	 240	
277	 5.9009321e-01	 +4.8785988e-03 +5.8913915e-03	 1.86e+00 Accepted	 195	 252	
278	 5.9002737e-01	 +6.6198749e-03 +5.0356955e-03	 8.52e-01 Accepted	 195	 235	
279	 5.9008786e-01	 +8.3342428e-03 +5.4438975e-03	 1.27e+00 Accepted	 197	 248	
280	 5.9008786e-01	 +8.3342428e-03 +5.4438975e-03	 7.64e-01 Rejected	 203	 254	
281	 5.9008786e-01	 +8.3342428e-03 +5.4438975e-03	 4.73e-01 Rejected	 200	 244	
282	 5.8995650e-01	 +2.8953854e-03 +6.7468034e-03	 8.72e-01 Accepted	 203	 261	
283	 5.9005251e-01	 +4.6037217e-03 +5.4978410e-03	 1.22e+00 Accepted	 209	 289	
284	 5.9019071e-01	 +4.9027755e-03 +4.7248694e-03	 8.84e-01 Accepted	 217	 283	
285	 5.9005465e-01	 +6.9627763e-03 +5.6274995e-03	 7.99e-01 Accepted	 217	 282	
286	 5.9005465e-01	 +6.9627763e-03 +5.6274995e-03	 8.47e-01 Rejected	 209	 238	
287	 5.8998264e-01	 +6.0748636e-03 +1.7402226e-03	 1.00e+00 Accepted	 207	 250	
288	 5.8978351e-01	 +5.4054729e-03 +4.0394596e-03	 6.05e-01 Accepted	 204	 256	
289	 5.8961717e-01	 +6.0730012e-03 +4.5839327e-03	 8.54e-01 Accepted	 213	 285	
290	 5.8979580e-01	 +6.1773293e-03 +4.5040701e-03	 1.30e+00 Accepted	 208	 253	
291	 5.8994050e-01	 +4.9792378e-03 +5.1916745e-03	 1.03e+00 Accepted	 199	 241	
292	 5.8995430e-01	 +6.5098896e-03 +4.8214192e-03	 1.04e+00 Accepted	 199	 261	
293	 5.8994950e-01	 +5.5604485e-03 +5.6936186e-03	 9.70e-01 Accepted	 209	 248	
294	 5.9006171e-01	 +5.2431211e-03 +6.1684759e-03	 1.16e+00 Accepted	 196	 242	
295	 5.8982083e-01	 +6.7934233e-03 +7.1542771e-03	 7.57e-01 Accepted	 197	 251	
296	 5.8980490e-01	 +6.3171756e-03 +5.5144514e-03	 7.02e-01 Accepted	 200	 270	
297	 5.8975031e-01	 +4.4340612e-03 +4.9092334e-03	 1.16e+00 Accepted	 202	 238	
298	 5.8965921e-01	 +4.7706302e-03 +4.3695457e-03	 6.38e-01 Accepted	 197	 256	
299	 5.8974643e-01	 +6.7289048e-03 +4.3863002e-03	 9.20e-01 Accepted	 201	 281	
300	 5.8994894e-01	 +7.9732241e-03 +5.2426618e-03	 1.60e+00 Accepted	 208	 245	
301	 5.8994894e-01	 +7.9732241e-03 +5.2426618e-03	 6.77e-01 Rejected	 217	 326	
302	 5.8994760e-01	 +4.7308693e-03 +3.3508414e-03	 1.36e+00 Accepted	 212	 285	
303	 5.8978820e-01	 +6.8493591e-03 +6.8793293e-03	 1.28e+00 Accepted	 212	 254	
304	 5.8968179e-01	 +7.6726094e-03 +4.5317843e-03	 7.06e-01 Accepted	 196	 242	
305	 5.8950391e-01	 +8.0762158e-03 +5.5010493e-03	 8.99e-01 Accepted	 202	 279	
306	 5.8972868e-01	 +6.6955807e-03 +5.9481428e-03	 1.59e+00 Accepted	 205	 234	
307	 5.8960583e-01	 +4.8376677e-03 +5.2933700e-03	 7.71e-01 Accepted	 198	 255	
308	 5.8954257e-01	 +6.5316251e-03 +5.2650379e-03	 1.23e+00 Accepted	 216	 341	
309	 5.8971688e-01	 +5.8727454e-03 +5.2226133e-03	 1.12e+00 Accepted	 233	 273	
310	 5.8971678e-01	 +7.5663651e-03 +4.8783203e-03	 1.05e+00 Accepted	 209	 239	
311	 5.8950872e-01	 +6.0333914e-03 +5.9697975e-03	 6.42e-01 Accepted	 195	 258	
312	 5.8939907e-01	 +3.6753703e-03 +5.7477830e-03	 9.26e-01 Accepted	 203	 249	
313	 5.8952266e-01	 +4.6911711e-03 +6.1888916e-03	 1.23e+00 Accepted	 197	 244	
314	 5.8933613e-01	 +7.2164988e-03 +4.9242895e-03	 1.07e+00 Accepted	 199	 233	
315	 5.8926900e-01	 +6.3519319e-03 +5.9260133e-03	 7.89e-01 Accepted	 195	 239	
316	 5.8960197e-01	 +6.0891995e-03 +4.8664458e-03	 9.84e-01 Accepted	 198	 242	
317	 5.8958924e-01	 +3.8803007e-03 +7.0945747e-03	 7.90e-01 Accepted	 202	 290	
318	 5.8970611e-01	 +5.5202413e-03 +5.2733060e-03	 1.29e+00 Accepted	 209	 245	
319	 5.8970611e-01	 +5.5202413e-03 +5.2733060e-03	 5.36e-01 Rejected	 194	 233	
320	 5.8984497e-01	 +4.4751332e-03 +5.3034767e-03	 9.43e-01 Accepted	 200	 265	
321	 5.8983859e-01	 +3.7710081e-03 +5.8599998e-03	 7.83e-01 Accepted	 206	 269	
322	 5.8979553e-01	 +4.2816120e-03 +4.6742534e-03	 1.15e+00 Accepted	 210	 243	
323	 5.8994051e-01	 +7.2216853e-03 +6.1394045e-03	 1.22e+00 Accepted	 197	 267	
324	 5.8999729e-01	 +7.2979181e-03 +5.6655226e-03	 9.27e-01 Accepted	 208	 265	
325	 5.8999729e-01	 +7.2979181e-03 +5.6655226e-03	 6.28e-01 Rejected	 199	 226	
326	 5.8995855e-01	 +8.6949408e-03 +7.6335911e-03	 1.05e+00 Accepted	 215	 298	
327	 5.8994261e-01	 +7.9156419e-03 +6.9540847e-03	 1.42e+00 Accepted	 210	 236	
328	 5.8982032e-01	 +7.4243062e-03 +5.3227977e-03	 6.94e-01 Accepted	 195	 237	
329	 5.9016177e-01	 +8.5624259e-03 +6.0340943e-03	 1.44e+00 Accepted	 196	 246	
330	 5.8987345e-01	 +6.0072758e-03 +5.2812340e-03	 5.65e-01 Accepted	 199	 241	
331	 5.8976886e-01	 +7.5832633e-03 +5.9676433e-03	 9.93e-01 Accepted	 197	 241	
332	 5.8980316e-01	 +5.6878439e-03 +7.0223251e-03	 1.13e+00 Accepted	 205	 241	
333	 5.8975584e-01	 +5.7194550e-03 +6.7383168e-03	 1.01e+00 Accepted	 197	 244	
334	 5.8964938e-01	 +6.5845620e-03 +5.1568623e-03	 1.17e+00 Accepted	 204	 302	
335	 5.8968799e-01	 +6.0664954e-03 +4.9068974e-03	 1.12e+00 Accepted	 214	 284	
336	 5.8974490e-01	 +1.0173670e-02 +7.2037382e-03	 1.53e+00 Accepted	 227	 350	
337	 5.8977337e-01	 +7.6995179e-03 +4.9046402e-03	 9.79e-01 Accepted	 258	 377	
338	 5.8991531e-01	 +8.9420839e-03 +7.0309497e-03	 8.10e-01 Accepted	 240	 277	
339	 5.8987865e-01	 +9.1312504e-03 +4.1273342e-03	 8.03e-01 Accepted	 205	 231	
340	 5.8973237e-01	 +8.8163918e-03 +4.9680325e-03	 9.75e-01 Accepted	 206	 270	
341	 5.8958918e-01	 +8.6287691e-03 +4.9117535e-03	 8.68e-01 Accepted	 202	 245	
342	 5.8981368e-01	 +1.0785491e-02 +3.0787004e-03	 1.25e+00 Accepted	 196	 260	
343	 5.8979105e-01	 +1.1010692e-02 +4.3916453e-03	 1.00e+00 Accepted	 208	 263	
344	 5.8947609e-01	 +9.5692007e-03 +4.9330943e-03	 7.35e-01 Accepted	 206	 246	
345	 5.8940044e-01	 +1.1774466e-02 +3.3484082e-03	 7.61e-01 Accepted	 203	 288	
346	 5.8950770e-01	 +9.6872964e-03 +3.4755255e-03	 9.66e-01 Accepted	 217	 264	
347	 5.8950567e-01	 +1.0162930e-02 +2.5453947e-03	 1.08e+00 Accepted	 203	 242	
348	 5.8975322e-01	 +9.4344093e-03 +2.4978512e-03	 1.24e+00 Accepted	 197	 249	
349	 5.8987461e-01	 +1.1793311e-02 +4.7125167e-03	 1.39e+00 Accepted	 201	 246	
350	 5.8997991e-01	 +9.5647947e-03 +4.8277756e-03	 1.01e+00 Accepted	 202	 248	
351	 5.8979020e-01	 +1.0146894e-02 +3.4312031e-03	 7.04e-01 Accepted	 199	 237	
352	 5.8976137e-01	 +1.0954687e-02 +4.5615717e-03	 1.03e+00 Accepted	 196	 246	
353	 5.8981595e-01	 +1.1374881e-02 +2.6801523e-03	 1.03e+00 Accepted	 198	 248	
354	 5.8969256e-01	 +8.1282195e-03 +1.5546453e-03	 9.57e-01 Accepted	 202	 237	
355	 5.8989624e-01	 +9.9054812e-03 +2.1711067e-03	 1.13e+00 Accepted	 195	 258	
356	 5.8985217e-01	 +7.5160109e-03 +1.8719960e-03	 8.18e-01 Accepted	 205	 249	
357	 5.8961957e-01	 +8.4472630e-03 +1.9198037e-03	 6.85e-01 Accepted	 198	 255	
358	 5.8952074e-01	 +8.6252646e-03 +2.5187065e-03	 1.09e+00 Accepted	 210	 264	
359	 5.8949109e-01	 +1.0086808e-02 +1.8844906e-03	 6.61e-01 Accepted	 200	 249	
360	 5.8930637e-01	 +9.6644593e-03 +3.6812165e-03	 6.40e-01 Accepted	 199	 256	
361	 5.8946539e-01	 +8.8861991e-03 +4.0576170e-03	 1.65e+00 Accepted	 199	 265	
362	 5.8967024e-01	 +7.7603653e-03 +4.8126273e-03	 1.52e+00 Accepted	 216	 255	
363	 5.8967024e-01	 +7.7603653e-03 +4.8126273e-03	 9.30e-01 Rejected	 201	 243	
364	 5.8968135e-01	 +1.1255701e-02 +5.0292984e-03	 1.21e+00 Accepted	 204	 276	
365	 5.8966854e-01	 +8.8009158e-03 +4.0852355e-03	 1.02e+00 Accepted	 204	 243	
366	 5.8971780e-01	 +9.2329271e-03 +2.0028065e-03	 1.59e+00 Accepted	 198	 263	
367	 5.8995573e-01	 +8.7422079e-03 +5.9029991e-04	 1.20e+00 Accepted	 199	 251	
368	 5.8971967e-01	 +8.6395230e-03 +4.3416824e-03	 6.80e-01 Accepted	 200	 277	
369	 5.9001048e-01	 +9.2652409e-03 +4.5414490e-03	 1.38e+00 Accepted	 206	 222	
370	 5.9023763e-01	 +7.4464596e-03 +2.7726003e-03	 1.47e+00 Accepted	 191	 231	
371	 5.9013013e-01	 +8.2850536e-03 +3.7316892e-03	 9.23e-01 Accepted	 203	 329	
372	 5.9008039e-01	 +9.1984367e-03 +2.9148246e-03	 1.57e+00 Accepted	 224	 260	
373	 5.8990585e-01	 +7.6671478e-03 +3.6250198e-03	 9.47e-01 Accepted	 208	 243	
374	 5.9000981e-01	 +5.9603699e-03 +3.5915635e-03	 1.13e+00 Accepted	 209	 296	
# Starting_type: CheckpointStart
# Trajectory_length / Number_of_MD_steps: 1 / 8
# 	 Plaquette	 Polyakov_Loop(re,im)	 Acc._Probability	 runtime_per_traj(s)	 CG_iterations	
375	 5.8977021e-01	 +6.0758611e-03 +4.2996284e-03	 8.67e-01 Accepted	 208	 244	
376	 5.8997803e-01	 +5.7889301e-03 +4.2510299e-03	 2.04e+00 Accepted	 209	 292	
377	 5.8989625e-01	 +6.5273168e-03 +5.4787898e-03	 7.41e-01 Accepted	 216	 292	
378	 5.8989070e-01	 +7.1748845e-03 +2.7017163e-03	 7.22e-01 Accepted	 212	 263	
379	 5.8986170e-01	 +6.6078590e-03 +3.2722060e-03	 6.64e-01 Accepted	 201	 254	
380	 5.8985924e-01	 +5.5440288e-03 +3.0392430e-03	 1.40e+00 Accepted	 207	 246	
381	 5.8985137e-01	 +7.5725203e-03 +1.1691926e-03	 9.71e-01 Accepted	 203	 264	
382	 5.8999245e-01	 +6.4995321e-03 +1.6491507e-03	 1.08e+00 Accepted	 210	 248	
383	 5.8999245e-01	 +6.4995321e-03 +1.6491507e-03	 6.48e-01 Rejected	 202	 300	
384	 5.8988819e-01	 +5.1038258e-03 +1.2876467e-03	 1.26e+00 Accepted	 196	 247	
385	 5.8989558e-01	 +8.1673508e-03 +1.2509583e-03	 8.20e-01 Accepted	 210	 298	
386	 5.8957672e-01	 +9.3381028e-03 +1.3189907e-03	 6.19e-01 Accepted	 241	 378	
387	 5.8933591e-01	 +7.4299501e-03 +3.0400203e-03	 8.20e-01 Accepted	 252	 284	
388	 5.8942343e-01	 +7.8452704e-03 +1.6417202e-03	 9.22e-01 Accepted	 215	 276	
389	 5.8959166e-01	 +6.6874188e-03 +2.0658584e-03	 1.19e+00 Accepted	 201	 238	
390	 5.8960663e-01	 +6.4826673e-03 +1.7086013e-03	 1.08e+00 Accepted	 196	 231	
391	 5.8948810e-01	 +7.3552046e-03 +1.2210897e-03	 8.36e-01 Accepted	 200	 245	
392	 5.8963549e-01	 +7.9069013e-03 +1.7479068e-03	 1.33e+00 Accepted	 203	 243	
393	 5.8982206e-01	 +6.2237827e-03 +2.1654770e-03	 9.76e-01 Accepted	 210	 281	
394	 5.8976947e-01	 +7.3173803e-03 +9.6367691e-04	 7.29e-01 Accepted	 209	 241	
395	 5.8983920e-01	 +8.3400183e-03 -1.2979974e-03	 1.05e+00 Accepted	 199	 260	
396	 5.8987417e-01	 +7.3531366e-03 -5.7891763e-04	 1.16e+00 Accepted	 200	 244	
397	 5.8996349e-01	 +7.2624174e-03 +9.8656660e-04	 1.31e+00 Accepted	 193	 251	
398	 5.8968375e-01	 +7.1509414e-03 +8.6266209e-05	 7.04e-01 Accepted	 200	 256	
399	 5.8956643e-01	 +8.8247988e-03 -1.3814367e-05	 7.88e-01 Accepted	 205	 271	
400	 5.8978243e-01	 +8.2952335e-03 +2.0482761e-03	 9.50e-01 Accepted	 206	 247	
401	 5.8966500e-01	 +8.4995166e-03 +1.8248323e-03	 8.32e-01 Accepted	 204	 251	
402	 5.8992693e-01	 +8.6166262e-03 -2.0942638e-04	 9.00e-01 Accepted	 213	 325	
403	 5.8980637e-01	 +8.4489373e-03 +4.7060265e-04	 9.42e-01 Accepted	 224	 237	
404	 5.9003650e-01	 +9.8575333e-03 +8.5240529e-04	 1.58e+00 Accepted	 198	 259	
405	 5.8989216e-01	 +1.0109561e-02 -8.5845171e-04	 7.29e-01 Accepted	 217	 272	
406	 5.8987666e-01	 +8.4253046e-03 +8.1604122e-04	 6.20e-01 Accepted	 200	 240	
407	 5.8960222e-01	 +8.0321527e-03 +1.4048830e-03	 8.16e-01 Accepted	 197	 242	
408	 5.8958751e-01	 +1.0289782e-02 +4.7374522e-04	 9.75e-01 Accepted	 212	 299	
409	 5.8956981e-01	 +1.0431080e-02 -3.8386508e-04	 1.04e+00 Accepted	 219	 237	
410	 5.8946444e-01	 +1.0939568e-02 +1.4993019e-03	 1.05e+00 Accepted	 194	 232	
411	 5.8962031e-01	 +1.0299979e-02 -1.8810266e-03	 1.07e+00 Accepted	 193	 237	
412	 5.8999570e-01	 +1.2458764e-02 -1.7216715e-04	 1.26e+00 Accepted	 210	 339	
413	 5.8999570e-01	 +1.2458764e-02 -1.7216715e-04	 8.17e-01 Rejected	 223	 241	
414	 5.8999570e-01	 +1.2458764e-02 -1.7216715e-04	 7.94e-01 Rejected	 227	 288	
415	 5.8977680e-01	 +1.3651188e-02 -1.1163948e-03	 9.92e-01 Accepted	 225	 236	
416	 5.8993190e-01	 +1.2105492e-02 +2.6117245e-04	 1.06e+00 Accepted	 197	 268	
417	 5.8996734e-01	 +9.3960248e-03 -1.3279403e-03	 8.53e-01 Accepted	 199	 226	
418	 5.8996734e-01	 +9.3960248e-03 -1.3279403e-03	 9.01e-01 Rejected	 196	 278	
419	 5.8980039e-01	 +1.0685559e-02 -2.2684661e-04	 1.07e+00 Accepted	 190	 247	
420	 5.8995729e-01	 +1.0556869e-02 +2.5328925e-05	 1.97e+00 Accepted	 198	 261	
421	 5.8995729e-01	 +1.0556869e-02 +2.5328925e-05	 6.03e-01 Rejected	 203	 258	
422	 5.8997231e-01	 +9.7949525e-03 +4.2858551e-04	 8.32e-01 Accepted	 206	 235	
423	 5.8971206e-01	 +1.1962429e-02 +9.4478199e-04	 9.22e-01 Accepted	 197	 268	
424	 5.8954591e-01	 +1.1282722e-02 +3.0756376e-03	 7.31e-01 Accepted	 205	 268	
425	 5.8976454e-01	 +1.0972530e-02 +9.4035746e-04	 1.19e+00 Accepted	 203	 240	
426	 5.8958704e-01	 +1.1168694e-02 +1.8014834e-03	 1.02e+00 Accepted	 195	 252	
427	 5.8987663e-01	 +1.1962980e-02 +1.1270760e-03	 1.32e+00 Accepted	 205	 291	
428	 5.8963135e-01	 +1.1061974e-02 +2.8570329e-03	 7.33e-01 Accepted	 218	 309	
429	 5.8964993e-01	 +1.0898847e-02 +1.7035168e-03	 1.11e+00 Accepted	 219	 259	
430	 5.8964993e-01	 +1.0898847e-02 +1.7035168e-03	 7.65e-01 Rejected	 208	 265	
431	 5.8968804e-01	 +1.0670942e-02 +1.9153152e-04	 8.19e-01 Accepted	 207	 272	
432	 5.8972172e-01	 +1.1765506e-02 +9.9534544e-04	 1.18e+00 Accepted	 212	 275	
433	 5.8981889e-01	 +1.0140379e-02 +1.1124478e-03	 1.15e+00 Accepted	 220	 280	
434	 5.8994024e-01	 +1.0186673e-02 +1.2916177e-03	 9.65e-01 Accepted	 214	 268	
435	 5.8994024e-01	 +1.0186673e-02 +1.2916177e-03	 8.33e-01 Rejected	 207	 255	
436	 5.8963058e-01	 +1.0999927e-02 +2.0890126e-03	 6.36e-01 Accepted	 209	 242	
437	 5.8988122e-01	 +9.8282221e-03 -7.5392084e-04	 1.56e+00 Accepted	 197	 272	
438	 5.8986263e-01	 +8.8091413e-03 +7.3356664e-04	 1.02e+00 Accepted	 209	 258	
439	 5.8986263e-01	 +8.8091413e-03 +7.3356664e-04	 9.01e-01 Rejected	 198	 255	
440	 5.8974656e-01	 +8.8749892e-03 +3.9952193e-03	 1.11e+00 Accepted	 209	 292	
441	 5.8965545e-01	 +9.9532391e-03 +6.1912835e-04	 7.77e-01 Accepted	 212	 278	
442	 5.8978915e-01	 +1.0546103e-02 +1.7100588e-03	 1.10e+00 Accepted	 213	 251	
443	 5.8976685e-01	 +1.0429448e-02 +1.3657666e-03	 9.20e-01 Accepted	 198	 246	
444	 5.8978006e-01	 +8.4733968e-03 +1.6601213e-03	 1.11e+00 Accepted	 213	 290	
445	 5.8987146e-01	 +6.8193072e-03 +8.5771823e-04	 6.33e-01 Accepted	 220	 285	
446	 5.8969834e-01	 +8.0418324e-03 +4.7237141e-04	 1.00e+00 Accepted	 217	 261	
447	 5.8975406e-01	 +8.2832147e-03 +2.3190371e-03	 1.10e+00 Accepted	 209	 272	
448	 5.8948271e-01	 +8.0700727e-03 +2.3774708e-03	 7.06e-01 Accepted	 233	 388	
449	 5.8968539e-01	 +8.7030673e-03 +3.3974891e-03	 1.34e+00 Accepted	 253	 303	
450	 5.8968727e-01	 +8.4340200e-03 +1.5457593e-03	 1.03e+00 Accepted	 225	 244	
451	 5.8968058e-01	 +8.2988739e-03 +2.2091382e-03	 2.19e+00 Accepted	 196	 236	
452	 5.8970644e-01	 +9.2553846e-03 +3.6872609e-03	 1.01e+00 Accepted	 192	 220	
453	 5.8980905e-01	 +1.0238908e-02 +2.8623847e-03	 1.08e+00 Accepted	 188	 240	
454	 5.8980905e-01	 +1.0238908e-02 +2.8623847e-03	 6.14e-01 Rejected	 200	 268	
455	 5.8939393e-01	 +8.0876329e-03 +2.8183770e-03	 6.96e-01 Accepted	 196	 265	
456	 5.8939393e-01	 +8.0876329e-03 +2.8183770e-03	 6.61e-01 Rejected	 202	 247	
457	 5.8939393e-01	 +8.0876329e-03 +2.8183770e-03	 6.96e-01 Rejected	 207	 238	
458	 5.8939393e-01	 +8.0876329e-03 +2.8183770e-03	 9.13e-01 Rejected	 200	 237	
459	 5.8920525e-01	 +8.8965141e-03 +5.4958466e-03	 8.74e-01 Accepted	 209	 282	
460	 5.8921717e-01	 +8.2509528e-03 +3.6758652e-03	 1.36e+00 Accepted	 207	 229	
461	 5.8933935e-01	 +9.6458665e-03 +2.8029688e-03	 1.07e+00 Accepted	 195	 280	
462	 5.8930198e-01	 +9.3132035e-03 +4.9261559e-03	 8.09e-01 Accepted	 215	 257	
463	 5.8951061e-01	 +9.0447530e-03 +3.0368097e-03	 1.82e+00 Accepted	 199	 237	
464	 5.8949030e-01	 +9.1781615e-03 +3.7493780e-03	 1.34e+00 Accepted	 199	 271	
465	 5.8948745e-01	 +7.8613790e-03 +2.9837399e-03	 7.41e-01 Accepted	 204	 252	
466	 5.8948892e-01	 +7.8399652e-03 +2.6530571e-03	 1.53e+00 Accepted	 201	 261	
467	 5.8949360e-01	 +8.5110850e-03 +1.5381749e-03	 1.40e+00 Accepted	 202	 283	
468	 5.8962585e-01	 +7.8005113e-03 +2.5193859e-03	 9.06e-01 Accepted	 217	 243	
469	 5.8964873e-01	 +7.5396932e-03 +6.0837406e-03	 1.35e+00 Accepted	 196	 260	
470	 5.8949208e-01	 +9.0233370e-03 +3.6517455e-03	 6.86e-01 Accepted	 209	 259	
471	 5.8965708e-01	 +1.0854207e-02 +4.0916929e-03	 8.31e-01 Accepted	 204	 271	
472	 5.8952172e-01	 +9.1055594e-03 +4.1677908e-03	 7.95e-01 Accepted	 205	 234	
473	 5.8959842e-01	 +1.0759930e-02 +4.4998412e-03	 7.52e-01 Accepted	 196	 244	
474	 5.8979685e-01	 +1.0086689e-02 +4.5010961e-03	 1.22e+00 Accepted	 203	 286	
475	 5.8983608e-01	 +9.8567347e-03 +3.4278532e-03	 9.92e-01 Accepted	 207	 253	
476	 5.8974875e-01	 +1.0965674e-02 +5.1897434e-03	 8.76e-01 Accepted	 205	 241	
477	 5.8958006e-01	 +9.9742925e-03 +4.8611231e-03	 9.28e-01 Accepted	 205	 280	
478	 5.8972201e-01	 +1.0849079e-02 +5.7614788e-03	 1.04e+00 Accepted	 206	 251	
479	 5.8970493e-01	 +8.7958013e-03 +5.0049048e-03	 1.16e+00 Accepted	 200	 259	
480	 5.8968286e-01	 +7.7371817e-03 +3.5908133e-03	 1.08e+00 Accepted	 203	 242	
481	 5.8981303e-01	 +7.2358962e-03 +3.6024964e-03	 1.33e+00 Accepted	 204	 300	
482	 5.8973988e-01	 +1.0119251e-02 +5.0287868e-03	 9.32e-01 Accepted	 218	 257	
483	 5.8973988e-01	 +1.0119251e-02 +5.0287868e-03	 5.76e-01 Rejected	 200	 248	
484	 5.8975140e-01	 +1.3671302e-02 +3.7000073e-03	 6.92e-01 Accepted	 202	 275	
485	 5.8947026e-01	 +1.0329705e-02 +6.0090462e-03	 7.38e-01 Accepted	 213	 257	
486	 5.8940352e-01	 +9.6805496e-03 +5.8240841e-03	 1.10e+00 Accepted	 205	 253	
487	 5.8979800e-01	 +9.2068380e-03 +6.8270562e-03	 1.69e+00 Accepted	 199	 250	
488	 5.8964502e-01	 +1.1125326e-02 +2.7368155e-03	 6.94e-01 Accepted	 199	 254	
489	 5.8974210e-01	 +9.7791497e-03 +5.3934721e-03	 1.13e+00 Accepted	 212	 286	
490	 5.8981325e-01	 +9.9988147e-03 +3.9846870e-03	 1.40e+00 Accepted	 219	 279	
491	 5.8976563e-01	 +9.8063977e-03 +4.8889240e-03	 7.99e-01 Accepted	 207	 245	
492	 5.8987594e-01	 +1.1196669e-02 +5.5851226e-03	 9.70e-01 Accepted	 199	 235	
493	 5.8988356e-01	 +1.0491120e-02 +3.9380916e-03	 1.26e+00 Accepted	 197	 260	
494	 5.8992526e-01	 +1.0496593e-02 +2.6203436e-03	 1.10e+00 Accepted	 202	 244	
495	 5.8994522e-01	 +9.1157114e-03 +4.4354266e-03	 1.08e+00 Accepted	 197	 256	
496	 5.8973772e-01	 +1.0435336e-02 +4.8336960e-03	 7.51e-01 Accepted	 213	 250	
497	 5.8976907e-01	 +1.0915646e-02 +2.7349586e-03	 8.61e-01 Accepted	 199	 266	
498	 5.8992877e-01	 +1.2767036e-02 +5.4522352e-03	 1.61e+00 Accepted	 201	 251	
499	 5.8983445e-01	 +1.0519853e-02 +3.8328879e-03	 7.46e-01 Accepted	 196	 260	
500	 5.8990882e-01	 +1.1743351e-02 +3.5130769e-03	 8.75e-01 Accepted	 198	 240	
501	 5.8982029e-01	 +1.0321260e-02 +4.5516062e-03	 1.08e+00 Accepted	 196	 257	
502	 5.8982029e-01	 +1.0321260e-02 +4.5516062e-03	 7.10e-01 Rejected	 204	 251	
503	 5.8982029e-01	 +1.0321260e-02 +4.5516062e-03	 7.14e-01 Rejected	 206	 264	
504	 5.8973622e-01	 +1.0988570e-02 +4.9396569e-03	 9.51e-01 Accepted	 204	 235	
505	 5.8977619e-01	 +1.0758274e-02 +5.2774135e-03	 9.73e-01 Accepted	 196	 258	
506	 5.8959726e-01	 +9.3528248e-03 +2.1117407e-03	 6.30e-01 Accepted	 207	 258	
507	 5.8957011e-01	 +1.2025172e-02 +2.2234068e-03	 1.21e+00 Accepted	 201	 258	
508	 5.8985824e-01	 +1.3324902e-02 +2.7030094e-03	 2.03e+00 Accepted	 202	 240	
509	 5.8981763e-01	 +1.2683895e-02 +1.2708408e-03	 1.11e+00 Accepted	 193	 251	
510	 5.8981763e-01	 +1.2683895e-02 +1.2708408e-03	 7.54e-01 Rejected	 202	 245	
511	 5.8967929e-01	 +1.4958957e-02 +2.2099023e-03	 6.97e-01 Accepted	 218	 318	
512	 5.8969124e-01	 +1.1428668e-02 +1.7395772e-03	 1.27e+00 Accepted	 238	 296	
513	 5.8971312e-01	 +9.7299224e-03 +3.1710720e-03	 9.14e-01 Accepted	 223	 315	
514	 5.8972296e-01	 +9.5582390e-03 +7.5812414e-04	 1.02e+00 Accepted	 223	 241	
515	 5.8992075e-01	 +1.0930372e-02 +1.8064945e-03	 1.68e+00 Accepted	 198	 261	
516	 5.8993822e-01	 +1.3421270e-02 -3.2906106e-04	 1.75e+00 Accepted	 199	 237	
517	 5.8996851e-01	 +1.3893030e-02 +1.7161137e-03	 1.05e+00 Accepted	 194	 228	
518	 5.8989542e-01	 +1.2899223e-02 -1.2071486e-04	 6.58e-01 Accepted	 195	 268	
519	 5.8971718e-01	 +1.3741027e-02 +4.4612343e-04	 6.84e-01 Accepted	 203	 282	
520	 5.8953489e-01	 +1.2160334e-02 -3.9585727e-04	 7.14e-01 Accepted	 212	 271	
521	 5.8935553e-01	 +1.3799869e-02 +1.1716526e-03	 7.65e-01 Accepted	 205	 235	
522	 5.8945891e-01	 +1.3015388e-02 +1.1533687e-03	 1.08e+00 Accepted	 197	 269	
523	 5.8984366e-01	 +1.1963037e-02 +1.1630511e-03	 1.34e+00 Accepted	 215	 260	
524	 5.8982193e-01	 +1.2388152e-02 +1.2936228e-03	 1.12e+00 Accepted	 205	 271	
525	 5.8979977e-01	 +1.3759626e-02 +9.5784131e-04	 9.76e-01 Accepted	 206	 256	
526	 5.8983480e-01	 +1.3310480e-02 +2.4689837e-03	 9.07e-01 Accepted	 197	 230	
527	 5.8978037e-01	 +1.3171406e-02 +6.0479897e-04	 1.12e+00 Accepted	 190	 232	
528	 5.8984459e-01	 +1.2965176e-02 +5.9988281e-04	 1.27e+00 Accepted	 191	 236	
529	 5.8984017e-01	 +1.3240665e-02 -1.4240479e-03	 1.17e+00 Accepted	 200	 291	
530	 5.8984199e-01	 +1.0385605e-02 -1.1390252e-03	 7.54e-01 Accepted	 213	 274	
531	 5.8996266e-01	 +1.2255104e-02 +4.7581732e-04	 1.27e+00 Accepted	 201	 256	
532	 5.8989477e-01	 +1.3690925e-02 +7.2624118e-04	 7.97e-01 Accepted	 210	 315	
533	 5.9006425e-01	 +1.3322254e-02 +6.7864068e-04	 1.28e+00 Accepted	 217	 244	
534	 5.9006425e-01	 +1.3322254e-02 +6.7864068e-04	 4.67e-01 Rejected	 208	 245	
535	 5.9004913e-01	 +1.1213209e-02 +2.3829804e-04	 9.70e-01 Accepted	 200	 237	
536	 5.8991499e-01	 +1.2535455e-02 +1.5123684e-03	 7.33e-01 Accepted	 194	 245	
537	 5.8977166e-01	 +1.2968283e-02 -1.3364118e-04	 1.29e+00 Accepted	 203	 274	
538	 5.9001560e-01	 +1.2438549e-02 -5.6298144e-04	 1.28e+00 Accepted	 209	 267	
539	 5.8978322e-01	 +1.4443771e-02 +1.8424151e-03	 9.19e-01 Accepted	 203	 229	
540	 5.8978322e-01	 +1.4443771e-02 +1.8424151e-03	 7.42e-01 Rejected	 192	 237	
541	 5.8985226e-01	 +1.3862628e-02 +2.1712118e-03	 1.39e+00 Accepted	 199	 278	
542	 5.8984271e-01	 +1.1699315e-02 +2.6901575e-03	 1.12e+00 Accepted	 207	 245	
543	 5.8974446e-01	 +1.0711474e-02 +5.2710738e-03	 9.04e-01 Accepted	 195	 252	
544	 5.8993786e-01	 +1.0968119e-02 +3.5087800e-03	 1.22e+00 Accepted	 201	 266	
545	 5.9017846e-01	 +1.2200789e-02 +2.6478952e-03	 1.23e+00 Accepted	 207	 283	
546	 5.9020897e-01	 +1.2406749e-02 +8.0734124e-04	 8.98e-01 Accepted	 205	 237	
547	 5.9020897e-01	 +1.2406749e-02 +8.0734124e-04	 5.63e-01 Rejected	 194	 257	
548	 5.9029880e-01	 +1.0161483e-02 +1.9441379e-03	 1.11e+00 Accepted	 199	 282	
549	 5.9029880e-01	 +1.0161483e-02 +1.9441379e-03	 4.42e-01 Rejected	 206	 247	
550	 5.9004659e-01	 +9.1184896e-03 +5.2922655e-04	 4.21e-01 Accepted	 205	 228	
551	 5.9014267e-01	 +1.1941538e-02 +9.3448404e-04	 1.24e+00 Accepted	 197	 258	
552	 5.9016419e-01	 +1.3066870e-02 +1.1488484e-03	 1.37e+00 Accepted	 203	 267	
553	 5.9017147e-01	 +1.1756228e-02 +1.0225575e-04	 1.10e+00 Accepted	 209	 277	
554	 5.8983646e-01	 +1.3139353e-02 +2.2313073e-03	 7.55e-01 Accepted	 215	 255	
555	 5.8995484e-01	 +1.1787738e-02 +1.2073913e-03	 1.26e+00 Accepted	 202	 238	
556	 5.8987610e-01	 +1.0375176e-02 +6.9882521e-04	 1.21e+00 Accepted	 202	 243	
557	 5.8965357e-01	 +1.4483273e-02 +1.4669902e-03	 8.20e-01 Accepted	 204	 278	
558	 5.8970583e-01	 +1.1455109e-02 +7.4954485e-04	 9.12e-01 Accepted	 210	 268	
559	 5.8976188e-01	 +1.1994451e-02 +2.3735335e-03	 1.09e+00 Accepted	 208	 228	
560	 5.8976188e-01	 +1.1994451e-02 +2.3735335e-03	 7.30e-01 Rejected	 190	 233	
561	 5.8975940e-01	 +1.2945629e-02 +4.2302926e-03	 7.45e-01 Accepted	 195	 252	
562	 5.8977503e-01	 +1.3541750e-02 +3.4110836e-03	 9.74e-01 Accepted	 198	 237	
563	 5.8992538e-01	 +1.4817123e-02 +1.0231336e-03	 9.97e-01 Accepted	 202	 300	
564	 5.8988130e-01	 +1.3344504e-02 +2.1708394e-03	 8.18e-01 Accepted	 219	 239	
565	 5.8988130e-01	 +1.3344504e-02 +2.1708394e-03	 6.03e-01 Rejected	 194	 238	
566	 5.8988130e-01	 +1.3344504e-02 +2.1708394e-03	 5.44e-01 Rejected	 203	 297	
567	 5.8980069e-01	 +1.4205205e-02 +3.1142352e-03	 1.05e+00 Accepted	 194	 238	
568	 5.8981062e-01	 +1.3049602e-02 +9.4765431e-04	 1.31e+00 Accepted	 193	 248	
569	 5.8962565e-01	 +1.3803863e-02 +7.6689542e-04	 1.02e+00 Accepted	 204	 287	
570	 5.8939564e-01	 +1.2449932e-02 +1.2918098e-04	 7.72e-01 Accepted	 223	 285	
571	 5.8956211e-01	 +1.3261431e-02 +1.6523732e-04	 1.33e+00 Accepted	 223	 299	
572	 5.8911457e-01	 +1.2082206e-02 -1.6088057e-04	 6.48e-01 Accepted	 229	 356	
573	 5.8925709e-01	 +1.3022921e-02 -1.5188073e-03	 7.22e-01 Accepted	 253	 333	
574	 5.8930923e-01	 +1.1363519e-02 +3.6966386e-04	 1.03e+00 Accepted	 242	 345	
575	 5.8942803e-01	 +1.4050432e-02 +1.0018590e-03	 1.51e+00 Accepted	 239	 304	
576	 5.8943863e-01	 +1.1655927e-02 +6.2303412e-04	 1.06e+00 Accepted	 220	 238	
577	 5.8933135e-01	 +1.4003766e-02 +7.1628343e-05	 8.00e-01 Accepted	 205	 264	
578	 5.8946999e-01	 +1.2205330e-02 -4.9960361e-04	 1.06e+00 Accepted	 205	 248	
579	 5.8973049e-01	 +1.1491344e-02 +1.7962160e-03	 1.16e+00 Accepted	 208	 274	
580	 5.8955910e-01	 +1.0938148e-02 +3.2086490e-03	 8.71e-01 Accepted	 209	 262	
581	 5.8953311e-01	 +1.1480283e-02 -5.0784205e-04	 1.17e+00 Accepted	 203	 269	
582	 5.8963804e-01	 +1.5416721e-02 +1.0429914e-03	 1.12e+00 Accepted	 211	 262	
# Starting_type: CheckpointStart
# Trajectory_length / Number_of_MD_steps: 1 / 8
# 	 Plaquette	 Polyakov_Loop(re,im)	 Acc._Probability	 runtime_per_traj(s)	 CG_iterations	
583	 5.8966747e-01	 +1.2724062e-02 -5.4064108e-04	 1.49e+00 Accepted	 208	 285	
584	 5.8990703e-01	 +1.3198635e-02 -6.6004316e-04	 8.48e-01 Accepted	 215	 271	
585	 5.8961351e-01	 +1.2857221e-02 -1.5881349e-03	 6.71e-01 Accepted	 217	 375	
586	 5.8989474e-01	 +1.1676782e-02 -1.3796144e-03	 9.69e-01 Accepted	 246	 300	
587	 5.8981595e-01	 +1.4487246e-02 -1.6551634e-03	 1.25e+00 Accepted	 218	 268	
588	 5.8976513e-01	 +1.3465637e-02 -1.9945100e-03	 9.63e-01 Accepted	 202	 234	
589	 5.8975389e-01	 +1.2133826e-02 -1.7379714e-03	 1.28e+00 Accepted	 192	 234	
590	 5.8998202e-01	 +1.4091633e-02 -8.0616755e-05	 1.69e+00 Accepted	 197	 274	
591	 5.9014213e-01	 +1.2566033e-02 +7.4477449e-04	 1.53e+00 Accepted	 214	 283	
592	 5.9014213e-01	 +1.2566033e-02 +7.4477449e-04	 7.85e-01 Rejected	 223	 300	
593	 5.9014213e-01	 +1.2566033e-02 +7.4477449e-04	 5.45e-01 Rejected	 225	 273	
594	 5.8975385e-01	 +1.3952305e-02 +5.0764297e-04	 4.82e-01 Accepted	 220	 292	
595	 5.8977318e-01	 +1.2927519e-02 +3.0461345e-03	 7.36e-01 Accepted	 219	 259	
596	 5.8964857e-01	 +1.2010653e-02 +1.6966361e-03	 6.57e-01 Accepted	 219	 312	
597	 5.8962009e-01	 +1.4092439e-02 +9.0729242e-04	 1.28e+00 Accepted	 235	 309	
598	 5.8974879e-01	 +1.5267617e-02 +2.1806169e-03	 9.04e-01 Accepted	 231	 287	
599	 5.8984094e-01	 +1.3337463e-02 +2.1886469e-03	 9.24e-01 Accepted	 223	 309	
600	 5.9003849e-01	 +1.3878607e-02 +3.1402473e-03	 2.38e+00 Accepted	 215	 239	
601	 5.8987376e-01	 +1.5237723e-02 +3.0121557e-03	 6.98e-01 Accepted	 204	 279	
602	 5.9008778e-01	 +1.5194783e-02 +3.6488505e-03	 7.99e-01 Accepted	 220	 281	
603	 5.8992444e-01	 +1.2783921e-02 +2.0070636e-03	 7.51e-01 Accepted	 213	 284	
604	 5.8989542e-01	 +1.4187881e-02 +5.0268484e-03	 1.21e+00 Accepted	 224	 305	
605	 5.8973218e-01	 +1.4758319e-02 +3.4435593e-03	 1.14e+00 Accepted	 223	 236	
606	 5.8961908e-01	 +1.2385409e-02 +2.7066199e-03	 9.86e-01 Accepted	 201	 290	
607	 5.8974684e-01	 +1.0246164e-02 +1.8588611e-03	 1.03e+00 Accepted	 223	 344	
608	 5.8961297e-01	 +1.0618169e-02 +2.8566105e-03	 1.39e+00 Accepted	 223	 242	
609	 5.8962090e-01	 +1.2888165e-02 +4.3431856e-03	 7.65e-01 Accepted	 191	 230	
610	 5.8977048e-01	 +1.0950553e-02 +2.6575356e-03	 1.21e+00 Accepted	 192	 238	
611	 5.8984460e-01	 +1.2854052e-02 +1.5396513e-03	 1.16e+00 Accepted	 194	 254	
612	 5.8994489e-01	 +1.2912700e-02 +2.0138873e-03	 9.94e-01 Accepted	 213	 290	
613	 5.9000221e-01	 +1.2639645e-02 +2.2906363e-03	 1.09e+00 Accepted	 212	 247	
614	 5.9000221e-01	 +1.2639645e-02 +2.2906363e-03	 8.52e-01 Rejected	 196	 245	
615	 5.9014773e-01	 +1.3857792e-02 +2.1266744e-03	 1.33e+00 Accepted	 207	 304	
616	 5.9013488e-01	 +1.2320561e-02 +1.2736332e-03	 1.12e+00 Accepted	 237	 359	
617	 5.9013488e-01	 +1.2320561e-02 +1.2736332e-03	 6.35e-01 Rejected	 251	 344	
618	 5.9013488e-01	 +1.2320561e-02 +1.2736332e-03	 8.95e-01 Rejected	 239	 303	
619	 5.9028155e-01	 +1.1723293e-02 +2.0647179e-03	 7.33e-01 Accepted	 246	 283	
620	 5.9009388e-01	 +1.1374301e-02 +1.5125318e-03	 5.36e-01 Accepted	 211	 281	
621	 5.9009388e-01	 +1.1374301e-02 +1.5125318e-03	 8.94e-01 Rejected	 211	 294	
622	 5.9002204e-01	 +1.2756672e-02 -2.2112413e-04	 1.01e+00 Accepted	 214	 323	
623	 5.8989910e-01	 +1.1132247e-02 +3.4269302e-04	 1.20e+00 Accepted	 221	 247	
624	 5.9001857e-01	 +1.2168712e-02 -7.5750824e-04	 9.47e-01 Accepted	 200	 267	
625	 5.9006164e-01	 +1.1718959e-02 +1.1897002e-03	 6.55e-01 Accepted	 208	 263	
626	 5.8977666e-01	 +1.2909410e-02 -9.4336740e-04	 7.12e-01 Accepted	 199	 232	
627	 5.8971751e-01	 +1.0374573e-02 +7.5562879e-05	 1.19e+00 Accepted	 198	 248	
628	 5.8955866e-01	 +1.0172442e-02 -7.3308748e-04	 8.91e-01 Accepted	 201	 283	
629	 5.8955866e-01	 +1.0172442e-02 -7.3308748e-04	 8.49e-01 Rejected	 209	 239	
630	 5.8968544e-01	 +1.0694925e-02 -2.8979025e-04	 1.53e+00 Accepted	 215	 283	
631	 5.8962721e-01	 +1.3272150e-02 -1.1220159e-03	 8.83e-01 Accepted	 220	 325	
632	 5.8962721e-01	 +1.3272150e-02 -1.1220159e-03	 7.95e-01 Rejected	 250	 393	
633	 5.8957904e-01	 +1.1463095e-02 +1.2907648e-04	 9.96e-01 Accepted	 239	 324	
634	 5.8963651e-01	 +1.1137293e-02 -1.2085450e-03	 8.53e-01 Accepted	 230	 290	
635	 5.8957354e-01	 +1.1519922e-02 +8.8046962e-04	 8.47e-01 Accepted	 224	 299	
636	 5.8961553e-01	 +1.1721408e-02 +1.1219033e-03	 7.32e-01 Accepted	 224	 259	
637	 5.9003907e-01	 +1.4034921e-02 +9.5717659e-04	 1.71e+00 Accepted	 196	 248	
638	 5.8979051e-01	 +1.1375833e-02 +2.1634409e-03	 7.19e-01 Accepted	 194	 240	
639	 5.9014396e-01	 +1.3378349e-02 +6.7612885e-04	 1.59e+00 Accepted	 205	 278	
640	 5.9006295e-01	 +1.4696997e-02 +1.0542492e-03	 9.78e-01 Accepted	 207	 260	
641	 5.9015914e-01	 +1.1912263e-02 +2.3222912e-03	 8.63e-01 Accepted	 209	 277	
642	 5.9007371e-01	 +1.2811920e-02 -6.6983618e-04	 9.40e-01 Accepted	 212	 257	
643	 5.9007004e-01	 +1.2761595e-02 -4.1616711e-04	 7.74e-01 Accepted	 201	 240	
644	 5.9007004e-01	 +1.2761595e-02 -4.1616711e-04	 4.68e-01 Rejected	 193	 230	
645	 5.8978706e-01	 +1.4322861e-02 -8.5596579e-04	 5.54e-01 Accepted	 196	 254	
646	 5.8978029e-01	 +1.3787123e-02 +2.6252882e-03	 1.42e+00 Accepted	 214	 306	
647	 5.8980301e-01	 +1.3519123e-02 +2.3182302e-04	 9.74e-01 Accepted	 233	 274	
648	 5.8980301e-01	 +1.3519123e-02 +2.3182302e-04	 6.79e-01 Rejected	 210	 263	
649	 5.8980301e-01	 +1.3519123e-02 +2.3182302e-04	 7.47e-01 Rejected	 204	 267	
650	 5.8982657e-01	 +1.2734581e-02 -3.9868683e-04	 1.28e+00 Accepted	 210	 282	
