# Starting_type: ColdStart
# serial RNG seed: 	[17694 8974 28747 32563 36981]
# parallel RNG seed:	[56827 63113 57266 6159 10925]
# Trajectory_length / Number_of_MD_steps: 0.1 / 10
# 	 Plaquette	 Polyakov_Loop(re,im)	 Acc._Probability	 runtime_per_traj(s)	 CG_iterations	
1	 9.3407259e-01	 +8.6843637e-01 -6.8928174e-05	 4.81e-01 Accepted	 157	 299	
2	 8.8751417e-01	 +7.7279606e-01 -1.6075715e-05	 5.99e-01 Accepted	 161	 308	
3	 8.5302754e-01	 +6.9958672e-01 +1.5771729e-04	 6.88e-01 Accepted	 164	 315	
4	 8.2667173e-01	 +6.4159901e-01 +2.8238610e-04	 7.54e-01 Accepted	 167	 322	
5	 8.0579278e-01	 +5.9458661e-01 +5.7944044e-04	 8.01e-01 Accepted	 169	 327	
6	 7.8901775e-01	 +5.5544679e-01 -6.0464878e-05	 8.38e-01 Accepted	 170	 331	
7	 7.7528696e-01	 +5.2196615e-01 -9.0411555e-04	 8.66e-01 Accepted	 172	 334	
8	 7.6404280e-01	 +4.9420871e-01 -9.4782119e-04	 8.89e-01 Accepted	 173	 339	
9	 7.5439402e-01	 +4.6990604e-01 -1.0015639e-03	 9.07e-01 Accepted	 174	 342	
10	 7.4619506e-01	 +4.4912337e-01 -7.2213611e-04	 9.18e-01 Accepted	 176	 345	
11	 7.3930102e-01	 +4.3040114e-01 -4.0179027e-04	 9.32e-01 Accepted	 176	 347	
12	 7.3332392e-01	 +4.1312028e-01 -6.9512104e-04	 9.40e-01 Accepted	 177	 349	
13	 7.2814268e-01	 +3.9949025e-01 -2.7096738e-04	 9.49e-01 Accepted	 179	 352	
14	 7.2355846e-01	 +3.8636884e-01 -1.7826463e-04	 9.55e-01 Accepted	 179	 353	
15	 7.1942627e-01	 +3.7500494e-01 +5.3507777e-05	 9.59e-01 Accepted	 179	 355	
16	 7.1573947e-01	 +3.6468924e-01 +1.5705143e-04	 9.65e-01 Accepted	 180	 358	
17	 7.1263420e-01	 +3.5480422e-01 -4.5793272e-04	 9.67e-01 Accepted	 181	 360	
18	 7.0974208e-01	 +3.4575692e-01 -3.0299851e-04	 9.70e-01 Accepted	 181	 360	
19	 7.0716244e-01	 +3.3862149e-01 -7.1639332e-04	 9.74e-01 Accepted	 183	 362	
20	 7.0473832e-01	 +3.3125943e-01 -7.4686732e-04	 9.77e-01 Accepted	 183	 364	
21	 7.0250559e-01	 +3.2477036e-01 -5.3378087e-04	 9.78e-01 Accepted	 182	 365	
22	 7.0062804e-01	 +3.1832275e-01 -7.5811751e-04	 9.84e-01 Accepted	 183	 366	
23	 6.9885248e-01	 +3.1234070e-01 +1.2130526e-04	 9.83e-01 Accepted	 184	 367	
24	 6.9733984e-01	 +3.0728665e-01 -4.8259298e-05	 9.87e-01 Accepted	 184	 368	
25	 6.9592998e-01	 +3.0169779e-01 +5.7207719e-05	 9.85e-01 Accepted	 186	 369	
26	 6.9448563e-01	 +2.9733779e-01 +6.0843331e-04	 9.86e-01 Accepted	 186	 371	
27	 6.9328711e-01	 +2.9200310e-01 +8.1272230e-04	 9.88e-01 Accepted	 186	 370	
28	 6.9218755e-01	 +2.8803369e-01 +1.0403937e-03	 9.89e-01 Accepted	 186	 373	
29	 6.9116017e-01	 +2.8511526e-01 +5.0465454e-04	 9.91e-01 Accepted	 185	 372	
30	 6.9015646e-01	 +2.8105712e-01 +5.0057123e-04	 9.90e-01 Accepted	 186	 376	
31	 6.8928275e-01	 +2.7715788e-01 +4.8900033e-05	 9.91e-01 Accepted	 187	 376	
32	 6.8854922e-01	 +2.7475860e-01 +1.7978909e-04	 9.93e-01 Accepted	 187	 377	
33	 6.8772689e-01	 +2.7149218e-01 +4.7986382e-05	 9.93e-01 Accepted	 187	 377	
34	 6.8706504e-01	 +2.6948875e-01 +8.7496227e-04	 9.93e-01 Accepted	 188	 379	
35	 6.8636190e-01	 +2.6718724e-01 +1.1744538e-03	 9.94e-01 Accepted	 188	 381	
36	 6.8565572e-01	 +2.6525973e-01 +8.2522705e-04	 9.94e-01 Accepted	 188	 380	
37	 6.8506492e-01	 +2.6347610e-01 +9.3948930e-04	 9.94e-01 Accepted	 188	 380	
38	 6.8453791e-01	 +2.6062051e-01 +7.3852835e-04	 9.92e-01 Accepted	 189	 382	
39	 6.8394611e-01	 +2.5848849e-01 +1.1346746e-03	 9.94e-01 Accepted	 189	 384	
40	 6.8350788e-01	 +2.5703257e-01 +9.4506122e-04	 9.97e-01 Accepted	 189	 384	
41	 6.8307697e-01	 +2.5474360e-01 +6.3798557e-04	 9.95e-01 Accepted	 188	 382	
42	 6.8265773e-01	 +2.5255294e-01 +6.2681102e-04	 9.98e-01 Accepted	 189	 385	
43	 6.8227540e-01	 +2.5033897e-01 +8.5584411e-04	 9.95e-01 Accepted	 189	 383	
44	 6.8179952e-01	 +2.4906010e-01 +3.6360098e-04	 9.96e-01 Accepted	 190	 385	
45	 6.8150227e-01	 +2.4710504e-01 +4.9991493e-04	 9.97e-01 Accepted	 190	 386	
46	 6.8103436e-01	 +2.4449859e-01 +6.5203246e-04	 9.97e-01 Accepted	 189	 384	
47	 6.8064274e-01	 +2.4345658e-01 +5.3558770e-04	 9.94e-01 Accepted	 190	 387	
48	 6.8045295e-01	 +2.4224420e-01 +6.8357694e-04	 9.98e-01 Accepted	 191	 388	
49	 6.8015616e-01	 +2.3975080e-01 -7.3008704e-05	 9.97e-01 Accepted	 191	 387	
50	 6.7993802e-01	 +2.3852036e-01 +5.2109913e-05	 9.99e-01 Accepted	 191	 389	
51	 6.7967798e-01	 +2.3686276e-01 +2.8416136e-04	 9.97e-01 Accepted	 191	 389	
52	 6.7947915e-01	 +2.3487535e-01 -9.7463563e-05	 9.98e-01 Accepted	 191	 389	
53	 6.7920707e-01	 +2.3281543e-01 -2.1432683e-04	 9.98e-01 Accepted	 191	 389	
54	 6.7897871e-01	 +2.3193626e-01 -1.6760127e-04	 9.97e-01 Accepted	 191	 390	
55	 6.7878080e-01	 +2.3024629e-01 -6.2419702e-04	 9.99e-01 Accepted	 192	 391	
56	 6.7862724e-01	 +2.2839046e-01 -5.1009528e-04	 9.99e-01 Accepted	 192	 393	
57	 6.7841665e-01	 +2.2748499e-01 -7.5292721e-04	 9.97e-01 Accepted	 192	 392	
58	 6.7821339e-01	 +2.2783302e-01 -1.5160496e-03	 9.98e-01 Accepted	 192	 391	
59	 6.7805053e-01	 +2.2654118e-01 -1.1345927e-03	 1.00e+00 Accepted	 192	 394	
60	 6.7785164e-01	 +2.2508168e-01 -2.5032808e-04	 9.99e-01 Accepted	 192	 394	
61	 6.7766619e-01	 +2.2358560e-01 +2.3710835e-05	 9.96e-01 Accepted	 193	 395	
62	 6.7736813e-01	 +2.2272088e-01 +2.6279171e-04	 9.96e-01 Accepted	 193	 395	
63	 6.7732154e-01	 +2.2198311e-01 +6.6023810e-04	 1.00e+00 Accepted	 193	 396	
64	 6.7724676e-01	 +2.2034050e-01 +6.6437178e-04	 1.00e+00 Accepted	 194	 395	
65	 6.7713121e-01	 +2.2017648e-01 -4.2726493e-04	 1.00e+00 Accepted	 194	 396	
66	 6.7709188e-01	 +2.1925360e-01 +6.0631865e-04	 1.00e+00 Accepted	 194	 397	
67	 6.7690445e-01	 +2.1766795e-01 +2.9333978e-04	 9.99e-01 Accepted	 196	 399	
68	 6.7671262e-01	 +2.1648044e-01 +3.0232882e-04	 9.99e-01 Accepted	 196	 399	
69	 6.7662268e-01	 +2.1573633e-01 +4.1498499e-04	 9.96e-01 Accepted	 196	 397	
70	 6.7653708e-01	 +2.1612395e-01 +4.3286870e-04	 1.00e+00 Accepted	 196	 398	
71	 6.7636567e-01	 +2.1536135e-01 +5.9155597e-04	 1.00e+00 Accepted	 196	 400	
72	 6.7635190e-01	 +2.1402110e-01 +8.1344279e-04	 1.00e+00 Accepted	 196	 399	
73	 6.7635202e-01	 +2.1365157e-01 +2.5146117e-04	 9.99e-01 Accepted	 196	 398	
74	 6.7634938e-01	 +2.1229934e-01 +3.4074975e-04	 9.99e-01 Accepted	 197	 401	
75	 6.7620150e-01	 +2.1131244e-01 +8.7131238e-04	 9.98e-01 Accepted	 197	 400	
76	 6.7611212e-01	 +2.1090894e-01 +1.0733630e-03	 9.99e-01 Accepted	 196	 399	
77	 6.7606769e-01	 +2.1011182e-01 +7.3617537e-04	 9.99e-01 Accepted	 197	 401	
78	 6.7609183e-01	 +2.0954346e-01 +8.7797407e-04	 9.98e-01 Accepted	 197	 402	
79	 6.7601157e-01	 +2.0872640e-01 +7.1965513e-04	 9.96e-01 Accepted	 197	 401	
80	 6.7583956e-01	 +2.0740268e-01 +5.7621272e-05	 9.97e-01 Accepted	 198	 403	
81	 6.7575784e-01	 +2.0623917e-01 +3.0943549e-04	 9.98e-01 Accepted	 197	 403	
82	 6.7575628e-01	 +2.0700578e-01 +7.4820681e-04	 1.00e+00 Accepted	 198	 404	
83	 6.7566252e-01	 +2.0668197e-01 -3.5968694e-04	 1.00e+00 Accepted	 197	 403	
84	 6.7556803e-01	 +2.0515681e-01 -3.7034270e-04	 1.00e+00 Accepted	 197	 403	
85	 6.7552627e-01	 +2.0484153e-01 +3.4415766e-05	 1.00e+00 Accepted	 198	 403	
86	 6.7554836e-01	 +2.0491672e-01 +1.0100381e-04	 1.00e+00 Accepted	 198	 404	
87	 6.7540177e-01	 +2.0453113e-01 +9.9783936e-05	 9.97e-01 Accepted	 198	 405	
88	 6.7534492e-01	 +2.0304837e-01 +7.2520074e-05	 9.98e-01 Accepted	 198	 404	
89	 6.7530109e-01	 +2.0245485e-01 +3.3744718e-04	 9.99e-01 Accepted	 198	 404	
90	 6.7533722e-01	 +2.0147150e-01 +5.1247162e-04	 1.00e+00 Accepted	 198	 406	
91	 6.7536257e-01	 +2.0164975e-01 -3.9796866e-04	 1.00e+00 Accepted	 199	 405	
92	 6.7529763e-01	 +2.0152826e-01 -7.6607220e-05	 9.98e-01 Accepted	 197	 406	
93	 6.7525482e-01	 +2.0128254e-01 -1.1812748e-04	 1.00e+00 Accepted	 199	 407	
94	 6.7521016e-01	 +2.0059406e-01 -2.4491060e-04	 9.99e-01 Accepted	 199	 407	
95	 6.7521627e-01	 +2.0142867e-01 +7.0513419e-04	 1.00e+00 Accepted	 198	 407	
96	 6.7514484e-01	 +2.0037538e-01 +1.8455690e-04	 1.00e+00 Accepted	 200	 408	
97	 6.7512734e-01	 +1.9912213e-01 -4.9102289e-04	 1.00e+00 Accepted	 200	 409	
98	 6.7508787e-01	 +1.9866938e-01 -4.5482862e-05	 1.00e+00 Accepted	 199	 408	
99	 6.7491731e-01	 +1.9893597e-01 -1.2119397e-04	 1.00e+00 Accepted	 200	 408	
100	 6.7482511e-01	 +1.9732130e-01 -3.2195324e-04	 9.98e-01 Accepted	 200	 409	
101	 6.7470494e-01	 +1.9812701e-01 -8.4774715e-05	 9.96e-01 Accepted	 200	 408	
102	 6.7469880e-01	 +1.9787213e-01 -3.6979243e-04	 1.00e+00 Accepted	 200	 409	
103	 6.7465448e-01	 +1.9638966e-01 -9.6526156e-04	 1.00e+00 Accepted	 200	 409	
104	 6.7465446e-01	 +1.9602691e-01 -8.1429773e-04	 1.00e+00 Accepted	 200	 410	
105	 6.7468627e-01	 +1.9625051e-01 -6.2314092e-04	 1.00e+00 Accepted	 200	 410	
106	 6.7466580e-01	 +1.9582075e-01 -1.0413706e-03	 9.98e-01 Accepted	 201	 410	
107	 6.7463500e-01	 +1.9557906e-01 -1.3317268e-03	 9.99e-01 Accepted	 200	 410	
108	 6.7465251e-01	 +1.9615053e-01 -1.6113554e-03	 1.00e+00 Accepted	 202	 412	
109	 6.7461988e-01	 +1.9672705e-01 -1.3714326e-03	 9.99e-01 Accepted	 201	 412	
110	 6.7445690e-01	 +1.9539846e-01 -1.3716091e-03	 9.99e-01 Accepted	 201	 410	
111	 6.7436618e-01	 +1.9498157e-01 -1.1186532e-03	 9.99e-01 Accepted	 202	 413	
112	 6.7425336e-01	 +1.9392406e-01 -1.7319787e-04	 9.99e-01 Accepted	 200	 410	
113	 6.7420829e-01	 +1.9331764e-01 -1.6136256e-04	 9.99e-01 Accepted	 201	 412	
114	 6.7423123e-01	 +1.9277594e-01 +2.8803422e-04	 1.00e+00 Accepted	 202	 413	
115	 6.7411841e-01	 +1.9225648e-01 +2.1976698e-04	 1.00e+00 Accepted	 202	 414	
116	 6.7411152e-01	 +1.9144361e-01 -3.1009668e-04	 9.99e-01 Accepted	 201	 412	
117	 6.7412822e-01	 +1.9210652e-01 -8.2739448e-05	 9.99e-01 Accepted	 199	 410	
118	 6.7405317e-01	 +1.9198099e-01 -1.1287183e-04	 1.00e+00 Accepted	 201	 413	
119	 6.7402893e-01	 +1.9174582e-01 -1.4228943e-04	 9.99e-01 Accepted	 202	 414	
120	 6.7403763e-01	 +1.9175142e-01 -2.7044626e-04	 9.99e-01 Accepted	 201	 414	
121	 6.7402382e-01	 +1.9172700e-01 -3.9720671e-04	 1.00e+00 Accepted	 201	 415	
122	 6.7390087e-01	 +1.9134803e-01 -2.2547498e-04	 9.98e-01 Accepted	 201	 414	
123	 6.7396036e-01	 +1.9025975e-01 -1.1479677e-03	 1.00e+00 Accepted	 201	 414	
124	 6.7392298e-01	 +1.8951468e-01 -1.1562966e-03	 9.99e-01 Accepted	 201	 414	
125	 6.7398873e-01	 +1.8913669e-01 -5.3286183e-04	 1.00e+00 Accepted	 201	 413	
126	 6.7399449e-01	 +1.8945244e-01 +9.8506570e-05	 1.00e+00 Accepted	 201	 415	
127	 6.7391743e-01	 +1.8873912e-01 -9.4037817e-04	 9.99e-01 Accepted	 201	 416	
128	 6.7388580e-01	 +1.8876544e-01 -4.3316589e-04	 9.98e-01 Accepted	 202	 415	
129	 6.7387235e-01	 +1.8857445e-01 -1.1883336e-03	 9.99e-01 Accepted	 202	 416	
130	 6.7387227e-01	 +1.8924234e-01 -1.1651375e-03	 9.99e-01 Accepted	 202	 415	
131	 6.7391517e-01	 +1.8959993e-01 -8.2976495e-04	 9.98e-01 Accepted	 202	 417	
132	 6.7398773e-01	 +1.9029938e-01 -6.8307438e-04	 1.00e+00 Accepted	 201	 416	
133	 6.7392479e-01	 +1.8993154e-01 -9.8910199e-04	 1.00e+00 Accepted	 202	 416	
134	 6.7389065e-01	 +1.8942535e-01 -5.6145065e-04	 9.99e-01 Accepted	 202	 416	
135	 6.7386907e-01	 +1.8853253e-01 +9.4365250e-05	 1.00e+00 Accepted	 202	 417	
136	 6.7384898e-01	 +1.8829891e-01 +1.6670532e-04	 9.99e-01 Accepted	 202	 416	
137	 6.7384405e-01	 +1.8775335e-01 +1.1056206e-04	 1.00e+00 Accepted	 202	 418	
138	 6.7384335e-01	 +1.8696752e-01 -7.4882422e-05	 1.00e+00 Accepted	 204	 419	
139	 6.7389788e-01	 +1.8727143e-01 -8.8712546e-04	 1.00e+00 Accepted	 203	 418	
140	 6.7391976e-01	 +1.8679123e-01 -2.6304573e-04	 1.00e+00 Accepted	 202	 418	
141	 6.7389521e-01	 +1.8679638e-01 +9.8300883e-05	 1.00e+00 Accepted	 202	 418	
142	 6.7387724e-01	 +1.8515983e-01 +8.5059512e-04	 9.99e-01 Accepted	 203	 419	
143	 6.7384166e-01	 +1.8571578e-01 -1.9310506e-04	 9.99e-01 Accepted	 203	 418	
144	 6.7383939e-01	 +1.8664683e-01 -1.8158197e-04	 9.99e-01 Accepted	 202	 418	
145	 6.7377712e-01	 +1.8675349e-01 -5.2043740e-04	 1.00e+00 Accepted	 202	 418	
146	 6.7396935e-01	 +1.8699612e-01 -4.2842067e-04	 1.00e+00 Accepted	 202	 417	
147	 6.7396947e-01	 +1.8732261e-01 -7.2870316e-04	 1.00e+00 Accepted	 202	 417	
148	 6.7389217e-01	 +1.8675975e-01 -1.2158266e-03	 1.00e+00 Accepted	 204	 420	
149	 6.7383852e-01	 +1.8586935e-01 -4.7859141e-05	 9.99e-01 Accepted	 203	 420	
150	 6.7392231e-01	 +1.8559394e-01 -3.8768015e-04	 1.00e+00 Accepted	 203	 419	
151	 6.7385974e-01	 +1.8522413e-01 -1.3665151e-04	 1.00e+00 Accepted	 203	 418	
152	 6.7383674e-01	 +1.8504005e-01 -7.0855129e-04	 1.00e+00 Accepted	 203	 419	
153	 6.7369668e-01	 +1.8479831e-01 -4.7946453e-04	 9.98e-01 Accepted	 205	 421	
154	 6.7359129e-01	 +1.8435448e-01 +6.8825109e-04	 1.00e+00 Accepted	 204	 421	
155	 6.7359915e-01	 +1.8346660e-01 +9.4134077e-04	 9.99e-01 Accepted	 204	 422	
156	 6.7362795e-01	 +1.8362895e-01 +4.2824285e-04	 1.00e+00 Accepted	 202	 418	
157	 6.7362046e-01	 +1.8408613e-01 +3.1028423e-04	 1.00e+00 Accepted	 203	 419	
158	 6.7367489e-01	 +1.8391013e-01 +6.0931598e-04	 1.00e+00 Accepted	 203	 420	
159	 6.7361986e-01	 +1.8324525e-01 +8.8033750e-04	 9.99e-01 Accepted	 204	 422	
160	 6.7366069e-01	 +1.8258750e-01 +2.2499808e-04	 1.00e+00 Accepted	 204	 422	
161	 6.7361092e-01	 +1.8198953e-01 +4.6162857e-04	 9.99e-01 Accepted	 204	 421	
162	 6.7354921e-01	 +1.8150627e-01 +6.2577229e-05	 9.99e-01 Accepted	 205	 423	
163	 6.7362582e-01	 +1.8143046e-01 -3.6500797e-05	 1.00e+00 Accepted	 204	 421	
164	 6.7360102e-01	 +1.8080555e-01 -1.5163816e-04	 1.00e+00 Accepted	 204	 424	
165	 6.7348949e-01	 +1.8130119e-01 +5.4932259e-05	 9.98e-01 Accepted	 205	 425	
166	 6.7347376e-01	 +1.8175220e-01 -3.3155526e-04	 1.00e+00 Accepted	 204	 423	
167	 6.7346864e-01	 +1.8104103e-01 -3.2140424e-04	 1.00e+00 Accepted	 204	 422	
168	 6.7349931e-01	 +1.8075718e-01 -9.8191242e-04	 1.00e+00 Accepted	 204	 421	
169	 6.7345337e-01	 +1.8082040e-01 -3.0226568e-04	 1.00e+00 Accepted	 205	 422	
170	 6.7346142e-01	 +1.8109982e-01 -5.9358650e-04	 9.99e-01 Accepted	 204	 421	
171	 6.7356875e-01	 +1.8036816e-01 -4.9182436e-04	 1.00e+00 Accepted	 204	 422	
172	 6.7361014e-01	 +1.8042008e-01 -1.2792554e-03	 1.00e+00 Accepted	 204	 422	
173	 6.7350053e-01	 +1.8125164e-01 -6.9843351e-04	 1.00e+00 Accepted	 204	 422	
174	 6.7350214e-01	 +1.7956882e-01 -3.7445516e-04	 1.00e+00 Accepted	 204	 422	
175	 6.7351484e-01	 +1.7890050e-01 -1.6068220e-04	 9.99e-01 Accepted	 205	 422	
176	 6.7361504e-01	 +1.7887497e-01 -9.7763069e-04	 1.00e+00 Accepted	 205	 423	
177	 6.7369233e-01	 +1.7916706e-01 -5.6550724e-04	 9.99e-01 Accepted	 205	 423	
178	 6.7367368e-01	 +1.7915664e-01 -7.0466087e-04	 1.00e+00 Accepted	 204	 422	
179	 6.7363801e-01	 +1.7912269e-01 -1.3980558e-03	 9.99e-01 Accepted	 204	 424	
180	 6.7348341e-01	 +1.7811854e-01 -1.4881064e-03	 9.99e-01 Accepted	 204	 422	
181	 6.7343113e-01	 +1.7838593e-01 -1.2848560e-03	 9.99e-01 Accepted	 204	 422	
182	 6.7340098e-01	 +1.7910224e-01 -5.7141141e-04	 1.00e+00 Accepted	 204	 422	
183	 6.7353541e-01	 +1.7875107e-01 -2.7039317e-04	 1.00e+00 Accepted	 203	 422	
184	 6.7360325e-01	 +1.7808612e-01 -1.5439177e-04	 1.00e+00 Accepted	 204	 423	
185	 6.7353378e-01	 +1.7822780e-01 +2.7617913e-04	 1.00e+00 Accepted	 204	 423	
186	 6.7359072e-01	 +1.7800967e-01 -4.7093892e-05	 1.00e+00 Accepted	 205	 424	
187	 6.7357031e-01	 +1.7854391e-01 +3.4320297e-04	 1.00e+00 Accepted	 204	 424	
188	 6.7368232e-01	 +1.7897211e-01 -2.5465854e-04	 1.00e+00 Accepted	 205	 425	
189	 6.7369183e-01	 +1.7851442e-01 -2.9769304e-04	 9.99e-01 Accepted	 204	 422	
190	 6.7368614e-01	 +1.7834848e-01 -7.7829478e-04	 1.00e+00 Accepted	 205	 423	
191	 6.7368614e-01	 +1.7834848e-01 -7.7829478e-04	 9.98e-01 Rejected	 206	 425	
192	 6.7366458e-01	 +1.7727488e-01 -1.0360839e-03	 1.00e+00 Accepted	 205	 424	
193	 6.7360062e-01	 +1.7630464e-01 -1.3853439e-03	 9.99e-01 Accepted	 206	 424	
194	 6.7357484e-01	 +1.7694134e-01 -7.7127152e-04	 9.98e-01 Accepted	 206	 424	
195	 6.7353085e-01	 +1.7635363e-01 -8.9166343e-04	 1.00e+00 Accepted	 206	 423	
196	 6.7346546e-01	 +1.7602916e-01 -1.0011504e-03	 9.98e-01 Accepted	 206	 424	
197	 6.7335011e-01	 +1.7693649e-01 -1.2931829e-03	 9.99e-01 Accepted	 206	 425	
198	 6.7346669e-01	 +1.7681313e-01 -6.9710306e-04	 1.00e+00 Accepted	 206	 425	
199	 6.7347426e-01	 +1.7665721e-01 -3.8234457e-04	 9.98e-01 Accepted	 205	 424	
200	 6.7347554e-01	 +1.7745844e-01 -2.9842931e-04	 9.98e-01 Accepted	 205	 423	
# Starting_type: CheckpointStart
# Trajectory_length / Number_of_MD_steps: 1 / 8
# 	 Plaquette	 Polyakov_Loop(re,im)	 Acc._Probability	 runtime_per_traj(s)	 CG_iterations	
201	 6.7318378e-01	 +1.6996659e-01 -4.2831853e-04	 9.19e-01 Accepted	 184	 431	
202	 6.7296600e-01	 +1.6455994e-01 -6.0216986e-04	 5.28e-01 Accepted	 185	 438	
203	 6.7296600e-01	 +1.6455994e-01 -6.0216986e-04	 5.75e-01 Rejected	 184	 440	
204	 6.7293786e-01	 +1.5963870e-01 -3.4621095e-04	 1.03e+00 Accepted	 179	 441	
205	 6.7290939e-01	 +1.5922598e-01 +1.6792860e-03	 1.34e+00 Accepted	 179	 444	
206	 6.7277137e-01	 +1.5736831e-01 -3.8260005e-04	 1.09e+00 Accepted	 180	 446	
207	 6.7279557e-01	 +1.5469420e-01 +5.2641353e-04	 5.59e-01 Accepted	 181	 454	
208	 6.7290607e-01	 +1.5483530e-01 -7.1982912e-04	 1.19e+00 Accepted	 183	 450	
209	 6.7295243e-01	 +1.5434646e-01 +6.7967610e-04	 7.25e-01 Accepted	 182	 452	
210	 6.7283160e-01	 +1.5238535e-01 -4.3299621e-04	 7.15e-01 Accepted	 184	 456	
211	 6.7283160e-01	 +1.5238535e-01 -4.3299621e-04	 6.54e-01 Rejected	 184	 456	
212	 6.7281185e-01	 +1.5350220e-01 -6.0302555e-04	 1.12e+00 Accepted	 184	 458	
213	 6.7291025e-01	 +1.5108369e-01 +5.7793490e-04	 1.02e+00 Accepted	 185	 459	
214	 6.7323635e-01	 +1.4964178e-01 +1.5231429e-03	 1.57e+00 Accepted	 185	 460	
215	 6.7311866e-01	 +1.5188155e-01 +1.4183180e-04	 5.96e-01 Accepted	 185	 459	
216	 6.7322003e-01	 +1.5053498e-01 +6.8986092e-04	 1.13e+00 Accepted	 185	 463	
217	 6.7322003e-01	 +1.5053498e-01 +6.8986092e-04	 5.55e-01 Rejected	 186	 464	
218	 6.7310462e-01	 +1.4743750e-01 -1.2747096e-03	 8.67e-01 Accepted	 186	 462	
219	 6.7295441e-01	 +1.4815616e-01 -1.6432562e-03	 7.42e-01 Accepted	 184	 458	
220	 6.7318886e-01	 +1.4539179e-01 +6.6523778e-04	 1.22e+00 Accepted	 186	 467	
221	 6.7307065e-01	 +1.4644312e-01 -1.4257434e-03	 9.98e-01 Accepted	 186	 461	
222	 6.7307065e-01	 +1.4644312e-01 -1.4257434e-03	 6.51e-01 Rejected	 186	 468	
223	 6.7281490e-01	 +1.4636096e-01 +4.7591721e-04	 5.21e-01 Accepted	 186	 468	
224	 6.7265228e-01	 +1.4685537e-01 -1.9257639e-04	 8.43e-01 Accepted	 187	 463	
225	 6.7265228e-01	 +1.4685537e-01 -1.9257639e-04	 6.18e-01 Rejected	 187	 465	
226	 6.7253202e-01	 +1.4669269e-01 -5.7533045e-04	 7.27e-01 Accepted	 186	 463	
227	 6.7275268e-01	 +1.4410459e-01 +2.8614471e-04	 2.07e+00 Accepted	 186	 461	
228	 6.7291781e-01	 +1.4494006e-01 +4.2388067e-04	 6.82e-01 Accepted	 186	 464	
229	 6.7285899e-01	 +1.4632275e-01 +2.9378872e-04	 6.21e-01 Accepted	 186	 465	
230	 6.7302020e-01	 +1.4673928e-01 +9.2362801e-04	 1.60e+00 Accepted	 186	 467	
231	 6.7311545e-01	 +1.4466644e-01 +6.4978212e-04	 1.07e+00 Accepted	 188	 469	
232	 6.7299637e-01	 +1.4653335e-01 +1.7984440e-04	 7.66e-01 Accepted	 189	 468	
233	 6.7287296e-01	 +1.4478037e-01 -3.3449849e-04	 6.66e-01 Accepted	 189	 467	
234	 6.7288031e-01	 +1.4398525e-01 -8.6362693e-04	 1.11e+00 Accepted	 189	 469	
235	 6.7286335e-01	 +1.4815217e-01 +1.6328909e-03	 1.17e+00 Accepted	 188	 468	
236	 6.7308819e-01	 +1.4738389e-01 +8.7697440e-04	 9.95e-01 Accepted	 187	 465	
237	 6.7292449e-01	 +1.4433740e-01 +1.3074595e-05	 9.16e-01 Accepted	 187	 472	
