# Starting_type: HotStart
# serial RNG seed: 	[36732 51265 22625 45086 61895]
# parallel RNG seed:	[40861 33572 16597 54244 13852]
# Trajectory_length / Number_of_MD_steps: 1 / 7
# 	 Plaquette	 Polyakov_Loop(re,im)	 Acc._Probability	 runtime_per_traj(s)	 CG_iterations	
1	 2.2563202e-01	 +1.3534773e-03 -1.0908451e-04	 6.27e+198 Accepted	 167	 958	
2	 3.1838564e-01	 +2.7662625e-04 -7.1340075e-04	 1.03e+106 Accepted	 219	 1212	
3	 3.6961053e-01	 +8.5564240e-04 +1.1838148e-03	 1.76e+66 Accepted	 238	 1337	
4	 4.0283878e-01	 -6.1359026e-04 +4.1233507e-04	 2.67e+43 Accepted	 256	 1402	
5	 4.2683995e-01	 +3.0791804e-04 +7.4117104e-04	 1.80e+31 Accepted	 261	 1444	
6	 4.4558548e-01	 +4.8675709e-04 +3.6985251e-04	 1.32e+22 Accepted	 269	 1471	
7	 4.6108191e-01	 -6.4317566e-04 -4.7300594e-04	 1.64e+18 Accepted	 271	 1484	
8	 4.7460905e-01	 -1.1567605e-03 -4.4159811e-04	 8.58e+15 Accepted	 277	 1494	
9	 4.8661606e-01	 -6.4908985e-04 +2.3213050e-04	 5.99e+13 Accepted	 274	 1500	
10	 4.9739090e-01	 +8.4896169e-04 -6.3206647e-04	 6.44e+10 Accepted	 277	 1500	
