# Starting_type: ColdStart
# serial RNG seed: 	[64279 17386 65458 57718 25270]
# parallel RNG seed:	[49993 41766 4769 48049 52704]
# Trajectory_length / Number_of_MD_steps: 1 / 7
# 	 Plaquette	 Polyakov_Loop(re,im)	 Acc._Probability	 runtime_per_traj(s)	 CG_iterations	
1	 8.0510018e-01	 +2.8898786e-01 +4.0768362e-04	 0.00e+00 Skipping	 298	 568	
2	 7.3272960e-01	 +1.3671685e-01 +6.6952712e-04	 1.63e-207 Skipping	 339	 622	
3	 6.8836141e-01	 +7.8514497e-02 +8.0216269e-04	 6.85e-137 Skipping	 340	 655	
4	 6.5747848e-01	 +5.2764489e-02 +3.4311571e-04	 3.87e-96 Skipping	 359	 680	
5	 6.3541026e-01	 +3.6850370e-02 -6.1543685e-04	 2.34e-69 Skipping	 354	 703	
6	 6.1947176e-01	 +2.8654395e-02 +2.5823645e-05	 3.41e-50 Skipping	 371	 721	
7	 6.0798939e-01	 +2.2789280e-02 +7.8177088e-04	 4.05e-36 Skipping	 366	 742	
8	 5.9964337e-01	 +1.9600200e-02 -2.7413211e-04	 4.02e-27 Skipping	 383	 757	
9	 5.9394649e-01	 +1.6483766e-02 +4.9072065e-04	 2.07e-17 Skipping	 378	 771	
10	 5.8962332e-01	 +1.4760387e-02 +1.6326726e-04	 2.76e-13 Skipping	 392	 788	
11	 5.8654933e-01	 +1.3845996e-02 -3.3232850e-04	 2.66e-10 Skipping	 385	 800	
12	 5.8449582e-01	 +1.3094774e-02 +4.9584841e-04	 2.21e-07 Skipping	 402	 809	
13	 5.8281352e-01	 +1.1610889e-02 -2.5669220e-05	 7.91e-07 Skipping	 390	 819	
14	 5.8169814e-01	 +1.1197338e-02 -6.0661418e-05	 1.52e-04 Skipping	 407	 839	
15	 5.8092277e-01	 +1.0673520e-02 +6.6203316e-04	 4.29e-03 Skipping	 399	 849	
16	 5.8033720e-01	 +1.1169638e-02 +1.4888755e-04	 1.03e-02 Skipping	 412	 868	
17	 5.7988879e-01	 +1.0502300e-02 -3.7333347e-04	 2.92e-01 Skipping	 406	 853	
18	 5.7952802e-01	 +9.5624521e-03 +5.8978263e-05	 7.51e-02 Skipping	 416	 859	
19	 5.7937187e-01	 +9.2819935e-03 +1.1619233e-04	 1.87e-01 Skipping	 406	 872	
20	 5.7922156e-01	 +8.9032156e-03 -3.9949429e-04	 1.91e-01 Skipping	 419	 871	
21	 5.7902364e-01	 +8.5730993e-03 +6.9536490e-04	 3.86e-01 Skipping	 411	 882	
22	 5.7897068e-01	 +8.6413848e-03 +3.9336529e-04	 2.32e-01 Skipping	 424	 896	
23	 5.7887075e-01	 +8.7885932e-03 -1.4243619e-04	 3.37e-01 Skipping	 420	 895	
24	 5.7880370e-01	 +8.2927515e-03 +1.8488728e-04	 3.08e-01 Skipping	 428	 907	
25	 5.7868074e-01	 +7.6756025e-03 +1.6954600e-05	 5.86e-01 Skipping	 419	 905	
26	 5.7869155e-01	 +7.3037236e-03 -9.6859868e-04	 5.09e-01 Skipping	 432	 930	
27	 5.7870144e-01	 +7.9106956e-03 +4.8659707e-04	 2.58e-01 Skipping	 425	 913	
28	 5.7866731e-01	 +7.4776212e-03 +5.6316402e-04	 7.17e-01 Skipping	 432	 922	
29	 5.7874446e-01	 +7.0903408e-03 +2.5380775e-04	 1.08e+00 Skipping	 424	 930	
30	 5.7870131e-01	 +7.5209999e-03 -2.1958944e-04	 5.78e-01 Skipping	 440	 945	
31	 5.7860897e-01	 +6.7745533e-03 -5.1313725e-04	 3.75e-01 Skipping	 430	 945	
32	 5.7861633e-01	 +6.9033864e-03 +8.8380650e-04	 1.53e+00 Skipping	 443	 948	
33	 5.7872447e-01	 +6.6259785e-03 -9.4263087e-04	 1.99e+00 Skipping	 430	 940	
34	 5.7869511e-01	 +6.3963537e-03 -1.2001241e-04	 7.59e-01 Skipping	 444	 952	
35	 5.7865541e-01	 +6.7847157e-03 +8.7168209e-04	 4.17e-01 Skipping	 434	 955	
36	 5.7861717e-01	 +6.4277178e-03 +4.5488458e-04	 1.24e+00 Skipping	 448	 966	
37	 5.7851842e-01	 +6.5425857e-03 -1.6746033e-04	 1.02e+00 Skipping	 434	 978	
38	 5.7845973e-01	 +5.8879823e-03 +3.2399853e-04	 1.94e-01 Skipping	 455	 957	
39	 5.7840013e-01	 +6.8572728e-03 -1.1109580e-04	 9.13e-01 Skipping	 438	 984	
40	 5.7830914e-01	 +6.2661245e-03 -7.4353545e-04	 7.36e-01 Skipping	 454	 959	
41	 5.7842732e-01	 +7.1032709e-03 +3.8587034e-05	 1.88e+00 Skipping	 437	 964	
42	 5.7841133e-01	 +6.3480673e-03 -8.8176727e-05	 8.74e-01 Skipping	 459	 965	
43	 5.7846402e-01	 +6.4936235e-03 +5.4856313e-04	 1.66e-01 Skipping	 435	 959	
44	 5.7850406e-01	 +6.1456882e-03 -4.3231777e-04	 5.48e-02 Skipping	 446	 973	
45	 5.7855015e-01	 +6.8203750e-03 +1.2176814e-04	 9.59e-01 Skipping	 438	 972	
46	 5.7843539e-01	 +6.2684948e-03 -5.8490402e-04	 2.14e-01 Skipping	 453	 989	
47	 5.7836810e-01	 +5.9849100e-03 -9.0258672e-05	 1.54e-01 Skipping	 443	 1029	
48	 5.7839872e-01	 +6.1318973e-03 +9.3477068e-04	 8.01e-01 Skipping	 461	 1024	
49	 5.7838368e-01	 +6.4289142e-03 +4.5403156e-04	 3.34e-01 Skipping	 447	 986	
50	 5.7838426e-01	 +5.2474648e-03 +8.8540259e-05	 7.89e-01 Skipping	 455	 969	
51	 5.7839682e-01	 +5.1452207e-03 +9.9688052e-04	 2.20e+00 Accepted	 442	 980	
