# Starting_type: ColdStart
# serial RNG seed: 	[10537 6661 12911 36588 35730]
# parallel RNG seed:	[14656 36230 43714 38964 46812]
# Trajectory_length / Number_of_MD_steps: 1 / 7
# 	 Plaquette	 Polyakov_Loop(re,im)	 Acc._Probability	 runtime_per_traj(s)	 CG_iterations	
1	 8.0821928e-01	 +3.0057522e-01 -1.7580741e-04	 0.00e+00 Skipping	 297	 568	
2	 7.3817955e-01	 +1.4984670e-01 +1.2626107e-04	 3.86e-207 Skipping	 339	 620	
3	 6.9701496e-01	 +9.2636244e-02 -3.1180809e-04	 5.47e-133 Skipping	 339	 646	
4	 6.6915848e-01	 +6.1598413e-02 -2.1322779e-04	 9.17e-93 Skipping	 357	 669	
5	 6.4957541e-01	 +4.6486047e-02 -8.6177266e-04	 2.34e-65 Skipping	 350	 689	
6	 6.3575736e-01	 +3.6824341e-02 +9.5099580e-04	 3.65e-46 Skipping	 366	 707	
7	 6.2575603e-01	 +3.1595551e-02 -1.4001135e-04	 2.15e-33 Skipping	 360	 721	
8	 6.1873618e-01	 +2.7956354e-02 -1.7536310e-04	 8.00e-24 Skipping	 376	 735	
9	 6.1379208e-01	 +2.4505205e-02 +4.2460907e-05	 2.30e-17 Skipping	 368	 746	
10	 6.1026402e-01	 +2.2357252e-02 -1.2086746e-03	 2.66e-12 Skipping	 381	 753	
11	 6.0777305e-01	 +2.0842401e-02 -1.4311175e-04	 1.14e-08 Skipping	 373	 761	
12	 6.0588861e-01	 +2.0975523e-02 +6.1671288e-04	 9.57e-07 Skipping	 387	 772	
13	 6.0474665e-01	 +1.8491284e-02 +5.9256529e-04	 2.90e-04 Skipping	 377	 782	
14	 6.0386442e-01	 +1.7559546e-02 +9.7004490e-04	 1.85e-04 Skipping	 391	 791	
15	 6.0321648e-01	 +1.6773659e-02 +7.3151327e-04	 3.67e-03 Skipping	 382	 791	
16	 6.0279118e-01	 +1.6486822e-02 +4.5902604e-04	 1.64e-02 Skipping	 395	 797	
17	 6.0241746e-01	 +1.6208884e-02 -2.5647290e-04	 4.50e-02 Skipping	 384	 801	
18	 6.0218229e-01	 +1.6033935e-02 +2.7053556e-06	 4.61e-02 Skipping	 397	 805	
19	 6.0199470e-01	 +1.6841772e-02 -2.1069055e-03	 1.41e-01 Skipping	 387	 811	
20	 6.0187367e-01	 +1.6029146e-02 -1.0638937e-03	 1.39e-01 Skipping	 400	 823	
21	 6.0181797e-01	 +1.5193416e-02 +1.1761673e-03	 8.09e-01 Skipping	 391	 825	
22	 6.0176696e-01	 +1.5604179e-02 -4.8676921e-04	 5.53e-01 Skipping	 405	 831	
23	 6.0162403e-01	 +1.5187593e-02 +6.6129365e-06	 2.56e-01 Skipping	 394	 836	
24	 6.0169513e-01	 +1.4821343e-02 +2.1872030e-04	 1.82e-01 Skipping	 407	 826	
25	 6.0157952e-01	 +1.5419990e-02 +1.4390899e-04	 5.61e-01 Skipping	 393	 827	
26	 6.0157205e-01	 +1.4107531e-02 +1.9821113e-04	 5.00e-01 Skipping	 405	 831	
27	 6.0154747e-01	 +1.3767383e-02 -6.3316991e-04	 2.36e+00 Skipping	 398	 847	
28	 6.0161485e-01	 +1.3888780e-02 -3.2113188e-04	 6.91e-01 Skipping	 410	 849	
29	 6.0157224e-01	 +1.4234940e-02 +4.7450996e-04	 4.63e-01 Skipping	 400	 852	
30	 6.0149641e-01	 +1.3443426e-02 +6.8632688e-04	 1.64e-01 Skipping	 413	 847	
31	 6.0146555e-01	 +1.2521824e-02 -3.4208158e-04	 5.02e-02 Skipping	 401	 854	
32	 6.0152838e-01	 +1.4211129e-02 +8.9569038e-04	 8.68e-01 Skipping	 414	 858	
33	 6.0148308e-01	 +1.3619737e-02 -1.1413240e-03	 3.52e-01 Skipping	 403	 852	
34	 6.0146713e-01	 +1.3552957e-02 -5.3696045e-04	 2.53e-01 Skipping	 413	 860	
35	 6.0143983e-01	 +1.3146522e-02 -1.0721844e-04	 3.27e-01 Skipping	 403	 859	
36	 6.0152709e-01	 +1.3397452e-02 -5.1828561e-04	 1.16e+00 Skipping	 416	 856	
37	 6.0155351e-01	 +1.2481017e-02 -4.0860337e-05	 1.27e+00 Skipping	 406	 866	
38	 6.0149689e-01	 +1.3167677e-02 +1.4410811e-06	 3.26e-01 Skipping	 418	 861	
39	 6.0144002e-01	 +1.2827926e-02 +3.3418388e-04	 2.14e-01 Skipping	 408	 876	
40	 6.0143453e-01	 +1.1921761e-02 -1.7160737e-03	 2.07e-01 Skipping	 418	 873	
41	 6.0141177e-01	 +1.2600346e-02 -6.8170413e-04	 3.41e-01 Skipping	 413	 884	
42	 6.0138771e-01	 +1.2597877e-02 +5.4138950e-04	 7.50e-01 Skipping	 424	 892	
43	 6.0146263e-01	 +1.2674632e-02 -9.5746855e-04	 5.49e-01 Skipping	 415	 895	
44	 6.0143482e-01	 +1.1763635e-02 -7.5721369e-05	 2.46e-01 Skipping	 426	 897	
45	 6.0138597e-01	 +1.1961856e-02 +4.2514496e-04	 6.53e-01 Skipping	 418	 898	
46	 6.0143006e-01	 +1.1835534e-02 -1.1884158e-03	 1.63e+00 Skipping	 425	 893	
47	 6.0129176e-01	 +1.2301743e-02 -3.6739226e-04	 7.63e-01 Skipping	 414	 897	
48	 6.0126614e-01	 +1.1488569e-02 -1.5107255e-04	 1.51e-01 Skipping	 426	 897	
49	 6.0127856e-01	 +1.2404203e-02 -5.5074975e-04	 1.66e-01 Skipping	 414	 893	
50	 6.0138030e-01	 +1.1005157e-02 -8.0961950e-05	 1.25e+00 Skipping	 425	 900	
51	 6.0133792e-01	 +1.1640704e-02 -4.9098121e-04	 6.73e-01 Accepted	 414	 895	
52	 6.0133792e-01	 +1.1640704e-02 -4.9098121e-04	 2.11e-01 Rejected	 426	 892	
53	 6.0133792e-01	 +1.1640704e-02 -4.9098121e-04	 5.36e-01 Rejected	 413	 898	
54	 6.0143644e-01	 +1.1706785e-02 +1.9174798e-04	 3.60e+00 Accepted	 427	 890	
