# Starting_type: ColdStart
# serial RNG seed: 	[63932 7575 643 41310 60212]
# parallel RNG seed:	[40293 28279 18085 26859 32602]
# Trajectory_length / Number_of_MD_steps: 1 / 7
# 	 Plaquette	 Polyakov_Loop(re,im)	 Acc._Probability	 runtime_per_traj(s)	 CG_iterations	
1	 8.1010951e-01	 +3.0406901e-01 -4.6128668e-04	 0.00e+00 Skipping	 297	 565	
2	 7.4106384e-01	 +1.5530586e-01 -5.7760031e-04	 1.57e-207 Skipping	 338	 615	
3	 7.0118146e-01	 +9.6156218e-02 -1.1042717e-04	 2.03e-132 Skipping	 338	 645	
4	 6.7465057e-01	 +6.7613036e-02 -6.1519233e-05	 2.16e-90 Skipping	 355	 664	
5	 6.5614197e-01	 +5.1959316e-02 +3.8319860e-04	 8.10e-64 Skipping	 349	 686	
6	 6.4312284e-01	 +4.2191718e-02 -9.8621175e-04	 9.57e-46 Skipping	 365	 699	
7	 6.3382611e-01	 +3.6801837e-02 +2.8899646e-05	 1.35e-31 Skipping	 357	 712	
8	 6.2740719e-01	 +3.1541443e-02 -2.0393654e-04	 9.88e-23 Skipping	 374	 722	
9	 6.2277695e-01	 +2.9504218e-02 +3.1990052e-05	 7.61e-17 Skipping	 366	 735	
10	 6.1951190e-01	 +2.6591284e-02 +1.6881849e-04	 1.25e-11 Skipping	 378	 745	
11	 6.1716668e-01	 +2.5087374e-02 -3.5206050e-04	 1.49e-08 Skipping	 371	 749	
12	 6.1549645e-01	 +2.4285052e-02 -2.0049678e-04	 1.09e-06 Skipping	 382	 756	
13	 6.1438796e-01	 +2.3390303e-02 +3.8632262e-04	 6.27e-05 Skipping	 373	 762	
14	 6.1359876e-01	 +2.3916694e-02 +3.3867594e-04	 2.41e-03 Skipping	 387	 765	
15	 6.1294053e-01	 +2.1565442e-02 +9.4035033e-04	 3.91e-03 Skipping	 376	 768	
16	 6.1260761e-01	 +2.1546916e-02 -3.8115250e-04	 2.24e-02 Skipping	 391	 780	
17	 6.1231119e-01	 +1.9594583e-02 -1.3029511e-04	 5.13e-02 Skipping	 380	 783	
18	 6.1218743e-01	 +2.0384598e-02 +6.5493387e-04	 1.56e-01 Skipping	 392	 789	
19	 6.1186701e-01	 +1.9382538e-02 +2.2898258e-04	 1.20e-01 Skipping	 385	 790	
20	 6.1177330e-01	 +1.8229061e-02 -9.7599627e-04	 8.95e-01 Skipping	 395	 794	
21	 6.1172684e-01	 +1.8654826e-02 -3.3358102e-04	 1.66e-01 Skipping	 387	 800	
22	 6.1178474e-01	 +1.8503381e-02 -3.3325125e-05	 3.23e+00 Skipping	 398	 801	
23	 6.1165001e-01	 +1.8693589e-02 +6.5090840e-04	 4.04e-01 Skipping	 386	 797	
24	 6.1162259e-01	 +1.8829437e-02 +2.2198268e-04	 3.63e-01 Skipping	 398	 804	
25	 6.1152275e-01	 +1.8383871e-02 +7.8054780e-04	 7.74e-01 Skipping	 388	 806	
26	 6.1158095e-01	 +1.7722021e-02 -5.5493180e-04	 8.65e-01 Skipping	 398	 807	
27	 6.1147625e-01	 +1.7975675e-02 -2.6173847e-05	 2.41e-01 Skipping	 391	 813	
28	 6.1150961e-01	 +1.7438586e-02 -9.9514234e-04	 5.21e-01 Skipping	 401	 819	
29	 6.1144054e-01	 +1.6993981e-02 -7.7147639e-04	 8.52e-01 Skipping	 392	 813	
30	 6.1145975e-01	 +1.6822451e-02 +2.5726091e-04	 1.07e+00 Skipping	 405	 816	
31	 6.1151374e-01	 +1.8147348e-02 -6.4152129e-04	 3.70e-01 Skipping	 392	 818	
32	 6.1164975e-01	 +1.6468774e-02 -7.9754027e-04	 5.52e-01 Skipping	 405	 823	
33	 6.1160677e-01	 +1.7695656e-02 -8.0765162e-04	 2.68e-01 Skipping	 394	 821	
34	 6.1155532e-01	 +1.7754724e-02 -2.5804951e-04	 2.50e-01 Skipping	 405	 821	
35	 6.1151484e-01	 +1.6760845e-02 +2.7484920e-04	 1.59e+00 Skipping	 392	 829	
36	 6.1148213e-01	 +1.7080180e-02 -6.1786371e-04	 3.92e+00 Skipping	 407	 826	
37	 6.1149566e-01	 +1.5068770e-02 -9.7973073e-04	 6.13e-01 Skipping	 396	 837	
38	 6.1154589e-01	 +1.7371445e-02 +5.2921875e-04	 3.62e+00 Skipping	 410	 836	
39	 6.1153052e-01	 +1.6272092e-02 -8.2421872e-05	 1.07e-01 Skipping	 398	 834	
40	 6.1148529e-01	 +1.5889246e-02 -1.0259913e-03	 6.53e-01 Skipping	 412	 842	
41	 6.1151127e-01	 +1.6548856e-02 -1.1682564e-04	 4.85e-01 Skipping	 401	 842	
42	 6.1153230e-01	 +1.7235754e-02 -9.0271591e-04	 5.69e-01 Skipping	 412	 842	
43	 6.1154412e-01	 +1.6638075e-02 +7.5577523e-06	 3.42e-01 Skipping	 401	 845	
44	 6.1154712e-01	 +1.5790344e-02 +1.8979116e-04	 6.50e-01 Skipping	 410	 842	
45	 6.1153665e-01	 +1.5639266e-02 +3.4803192e-04	 5.62e-01 Skipping	 399	 839	
46	 6.1154646e-01	 +1.4632887e-02 -7.9810701e-04	 6.40e-01 Skipping	 411	 840	
47	 6.1141145e-01	 +1.6123169e-02 +5.9107816e-04	 1.02e-01 Skipping	 404	 845	
48	 6.1146764e-01	 +1.6148863e-02 +4.0036005e-04	 2.53e+00 Skipping	 412	 843	
49	 6.1137981e-01	 +1.5367812e-02 -5.1432445e-04	 4.25e+00 Skipping	 401	 853	
50	 6.1137340e-01	 +1.6538821e-02 -2.3671997e-04	 1.82e+00 Skipping	 413	 852	
51	 6.1138712e-01	 +1.4981474e-02 -3.2961109e-05	 5.97e-01 Accepted	 403	 866	
52	 6.1138712e-01	 +1.4981474e-02 -3.2961109e-05	 5.66e-01 Rejected	 416	 862	
53	 6.1145346e-01	 +1.5572863e-02 -5.2546059e-04	 3.60e-01 Accepted	 404	 858	
54	 6.1144194e-01	 +1.5572655e-02 +8.3341314e-04	 2.24e-01 Accepted	 414	 854	
55	 6.1144194e-01	 +1.5572655e-02 +8.3341314e-04	 3.34e-01 Rejected	 406	 862	
