# Starting_type: ColdStart
# serial RNG seed: 	[53367 33804 59603 64055 60119]
# parallel RNG seed:	[8034 24775 40488 30577 11119]
# Trajectory_length / Number_of_MD_steps: 1 / 7
# 	 Plaquette	 Polyakov_Loop(re,im)	 Acc._Probability	 runtime_per_traj(s)	 CG_iterations	
1	 8.1216872e-01	 +3.0788111e-01 -2.0928765e-04	 0.00e+00 Skipping	 296	 564	
2	 7.4395696e-01	 +1.6126529e-01 -6.9400548e-04	 1.01e-207 Skipping	 336	 611	
3	 7.0521451e-01	 +1.0216221e-01 -5.5774771e-04	 4.31e-130 Skipping	 335	 639	
4	 6.7982098e-01	 +7.3769034e-02 +3.1171867e-04	 2.05e-88 Skipping	 354	 662	
5	 6.6240958e-01	 +5.5325761e-02 +3.2336025e-04	 3.12e-62 Skipping	 347	 677	
6	 6.5021106e-01	 +4.6723955e-02 +2.1565904e-04	 6.61e-44 Skipping	 363	 692	
7	 6.4167351e-01	 +4.0135746e-02 +2.9909271e-04	 4.67e-31 Skipping	 355	 708	
8	 6.3554889e-01	 +3.5745533e-02 -2.6109270e-04	 4.36e-22 Skipping	 371	 718	
9	 6.3116783e-01	 +3.2743519e-02 +1.7993510e-03	 1.55e-16 Skipping	 363	 733	
10	 6.2801982e-01	 +3.0764729e-02 -1.0522865e-04	 9.87e-12 Skipping	 377	 738	
11	 6.2582379e-01	 +2.7910484e-02 +5.8778135e-04	 2.69e-08 Skipping	 369	 745	
12	 6.2437257e-01	 +2.7842848e-02 +4.0302621e-05	 2.75e-06 Skipping	 382	 751	
13	 6.2330239e-01	 +2.6903177e-02 +1.2788506e-04	 1.03e-04 Skipping	 374	 760	
14	 6.2253429e-01	 +2.5378615e-02 +1.0388447e-03	 6.57e-04 Skipping	 388	 764	
15	 6.2209262e-01	 +2.4881778e-02 +1.0610607e-03	 1.45e-02 Skipping	 377	 763	
16	 6.2170478e-01	 +2.3769800e-02 +2.0233462e-04	 2.52e-02 Skipping	 390	 769	
17	 6.2143875e-01	 +2.3329256e-02 -7.8470313e-05	 7.14e-02 Skipping	 379	 777	
18	 6.2116271e-01	 +2.2902145e-02 +1.6971020e-04	 1.33e-01 Skipping	 391	 773	
19	 6.2098293e-01	 +2.2931174e-02 +6.8322406e-04	 2.50e-01 Skipping	 380	 778	
20	 6.2090733e-01	 +2.3300283e-02 +7.7748866e-04	 6.00e-02 Skipping	 393	 776	
21	 6.2089813e-01	 +2.2081642e-02 +4.2478900e-04	 7.03e-01 Skipping	 381	 779	
22	 6.2088249e-01	 +2.2394110e-02 +2.4082455e-04	 1.16e-01 Skipping	 394	 787	
23	 6.2088276e-01	 +2.2405656e-02 +5.1657887e-04	 2.46e-01 Skipping	 386	 791	
24	 6.2087215e-01	 +2.2097602e-02 +2.6692180e-04	 6.47e-01 Skipping	 397	 790	
25	 6.2086137e-01	 +2.1560744e-02 +9.4489002e-05	 4.18e+00 Skipping	 385	 790	
26	 6.2097701e-01	 +2.1060480e-02 -1.0231202e-04	 2.66e+00 Skipping	 397	 792	
27	 6.2093743e-01	 +2.0651734e-02 +5.2627593e-04	 3.02e-01 Skipping	 389	 803	
28	 6.2092485e-01	 +2.2479407e-02 +4.1531335e-04	 1.35e-01 Skipping	 403	 806	
29	 6.2089555e-01	 +2.1026397e-02 -3.3543168e-04	 4.69e-01 Skipping	 392	 810	
30	 6.2094910e-01	 +2.0977981e-02 -1.3308115e-06	 5.06e-01 Skipping	 403	 804	
31	 6.2073363e-01	 +2.1458204e-02 -6.4562813e-05	 1.86e-01 Skipping	 390	 810	
32	 6.2074619e-01	 +2.0315059e-02 -3.7987939e-05	 9.03e-01 Skipping	 402	 810	
33	 6.2076352e-01	 +2.0943929e-02 +2.9982086e-04	 1.61e-01 Skipping	 393	 816	
34	 6.2084045e-01	 +1.9714769e-02 +6.5538448e-04	 7.07e-01 Skipping	 405	 812	
35	 6.2069359e-01	 +2.0327879e-02 -8.8846532e-05	 1.98e-01 Skipping	 392	 815	
36	 6.2073410e-01	 +2.0799135e-02 -6.1313040e-04	 1.72e-01 Skipping	 405	 820	
37	 6.2078897e-01	 +2.0292664e-02 -7.5862782e-04	 5.24e+00 Skipping	 396	 817	
38	 6.2075350e-01	 +1.9822236e-02 +4.5915384e-04	 2.77e+00 Skipping	 405	 819	
39	 6.2076410e-01	 +1.9014454e-02 -9.9199080e-04	 6.15e-01 Skipping	 396	 817	
40	 6.2077709e-01	 +1.9475921e-02 +1.1297675e-03	 6.68e+00 Skipping	 406	 813	
41	 6.2079447e-01	 +1.9061462e-02 +7.0930096e-05	 6.70e-01 Skipping	 395	 814	
42	 6.2076001e-01	 +1.9699886e-02 +1.1387182e-04	 1.70e+00 Skipping	 408	 818	
43	 6.2071419e-01	 +1.8520481e-02 +4.0250558e-04	 1.14e+00 Skipping	 398	 825	
44	 6.2073401e-01	 +1.8492337e-02 -2.0141221e-04	 5.30e-01 Skipping	 410	 826	
45	 6.2075233e-01	 +1.9891384e-02 -2.5293568e-04	 7.74e-01 Skipping	 399	 828	
46	 6.2077751e-01	 +1.9449923e-02 +1.7810783e-04	 1.93e-01 Skipping	 412	 828	
47	 6.2075777e-01	 +1.8618811e-02 -1.4100790e-04	 1.65e+00 Skipping	 402	 822	
48	 6.2079907e-01	 +1.9236921e-02 -8.1899854e-05	 1.03e+00 Skipping	 413	 826	
49	 6.2082509e-01	 +1.9012040e-02 +4.9659696e-04	 9.86e-01 Skipping	 399	 826	
50	 6.2084740e-01	 +1.9470851e-02 -2.1399537e-04	 2.31e+00 Skipping	 410	 823	
51	 6.2084740e-01	 +1.9470851e-02 -2.1399537e-04	 4.14e-01 Rejected	 401	 832	
52	 6.2089128e-01	 +1.9079223e-02 -1.8297989e-04	 1.23e+00 Accepted	 412	 829	
53	 6.2089128e-01	 +1.9079223e-02 -1.8297989e-04	 2.25e-01 Rejected	 403	 841	
54	 6.2082374e-01	 +1.8468568e-02 +8.0128879e-04	 3.51e-01 Accepted	 411	 834	
55	 6.2080121e-01	 +1.8587389e-02 -2.0282552e-04	 4.21e-01 Accepted	 400	 828	
