# Starting_type: HotStart
# serial RNG seed: 	[46122 30008 52624 20713 16000]
# parallel RNG seed:	[14856 56467 14024 34890 24373]
# Trajectory_length / Number_of_MD_steps: 1 / 7
# 	 Plaquette	 Polyakov_Loop(re,im)	 Acc._Probability	 runtime_per_traj(s)	 CG_iterations	
1	 2.3378926e-01	 -2.6340739e-04 +1.0286949e-03	 0.00e+00 Accepted	 381	 982	
2	 3.3480309e-01	 +4.0361859e-04 +4.4418651e-04	 0.00e+00 Accepted	 498	 1254	
3	 3.9438668e-01	 -4.1157692e-04 -1.1396501e-04	 5.57e+200 Accepted	 542	 1386	
4	 4.3594196e-01	 -5.7003726e-04 -6.9475309e-04	 1.68e+148 Accepted	 579	 1454	
5	 4.6829874e-01	 +4.7075828e-04 +5.2529252e-04	 2.03e+111 Accepted	 582	 1485	
6	 4.9539750e-01	 -2.7714418e-04 +1.7752719e-04	 3.60e+88 Accepted	 599	 1499	
7	 5.1856730e-01	 +5.7203307e-05 +5.8217629e-04	 7.44e+73 Accepted	 591	 1496	
8	 5.3844876e-01	 +7.3567712e-05 +1.2025816e-03	 5.02e+61 Accepted	 605	 1494	
9	 5.5513237e-01	 +3.6092938e-05 +2.4257545e-04	 4.24e+49 Accepted	 590	 1493	
10	 5.6899785e-01	 +4.5366664e-04 -3.0869226e-05	 9.86e+40 Accepted	 598	 1465	
11	 5.8019240e-01	 -1.9814546e-04 +3.1574287e-05	 1.28e+32 Accepted	 584	 1462	
12	 5.8884790e-01	 -1.4159852e-04 +5.0047598e-04	 3.58e+24 Accepted	 590	 1464	
13	 5.9558275e-01	 -1.2319299e-04 +1.2728283e-04	 1.44e+20 Accepted	 573	 1415	
14	 6.0080223e-01	 -2.3022482e-04 +4.6892551e-04	 6.34e+15 Accepted	 582	 1423	
15	 6.0475615e-01	 -1.5528388e-04 +4.3056563e-04	 6.93e+11 Accepted	 571	 1439	
16	 6.0784164e-01	 -6.0248911e-04 +6.4453884e-06	 2.82e+09 Accepted	 574	 1393	
17	 6.1017181e-01	 -3.0628174e-04 +1.9979666e-04	 1.30e+07 Accepted	 557	 1365	
18	 6.1192534e-01	 -1.2859169e-03 +6.1098568e-04	 4.02e+04 Accepted	 562	 1325	
19	 6.1336473e-01	 +5.9759834e-04 +5.6281626e-04	 1.65e+04 Accepted	 550	 1287	
20	 6.1457625e-01	 -7.3603454e-04 -2.4352452e-04	 8.79e+02 Accepted	 550	 1302	
21	 6.1536214e-01	 +7.6508638e-04 -1.8637832e-04	 1.22e+02 Accepted	 533	 1274	
22	 6.1599551e-01	 -1.2146224e-04 -7.6578841e-04	 1.59e+01 Accepted	 545	 1322	
23	 6.1676762e-01	 +4.5681783e-05 +4.5075377e-04	 3.79e+01 Accepted	 543	 1356	
24	 6.1720731e-01	 +7.6511519e-04 -1.8392517e-04	 2.11e+01 Accepted	 555	 1299	
25	 6.1757230e-01	 +2.7955053e-05 +6.0826290e-04	 7.41e-01 Accepted	 531	 1242	
26	 6.1796245e-01	 +2.9040678e-04 -1.4097974e-03	 3.27e+00 Accepted	 529	 1234	
27	 6.1796245e-01	 +2.9040678e-04 -1.4097974e-03	 6.19e-01 Rejected	 523	 1226	
28	 6.1819679e-01	 +2.4185553e-04 -6.7013800e-04	 1.03e+00 Accepted	 524	 1245	
29	 6.1855482e-01	 +1.1201224e-04 -4.2874766e-04	 1.18e+01 Accepted	 519	 1290	
30	 6.1873688e-01	 +8.2110408e-04 +1.3542328e-04	 4.54e+00 Accepted	 539	 1201	
31	 6.1893855e-01	 -1.0434588e-03 +3.3867701e-04	 9.22e-01 Accepted	 512	 1217	
32	 6.1909411e-01	 +4.5577774e-04 +4.2970527e-04	 6.04e+00 Accepted	 524	 1226	
33	 6.1918617e-01	 +1.6992820e-04 -4.4819020e-04	 3.21e+00 Accepted	 515	 1223	
34	 6.1916542e-01	 -3.2811660e-04 -1.1287517e-03	 1.48e+00 Accepted	 528	 1216	
35	 6.1916542e-01	 -3.2811660e-04 -1.1287517e-03	 6.54e-01 Rejected	 508	 1168	
36	 6.1916542e-01	 -3.2811660e-04 -1.1287517e-03	 4.13e-01 Rejected	 517	 1158	
37	 6.1924138e-01	 +1.8366729e-04 -8.1946916e-04	 2.94e+00 Accepted	 517	 1176	
38	 6.1936860e-01	 +3.3546390e-05 +9.3074420e-04	 1.30e+00 Accepted	 526	 1294	
39	 6.1944963e-01	 -7.7910915e-05 +1.2057981e-03	 1.35e+00 Accepted	 531	 1261	
