# Starting_type: HotStart
# serial RNG seed: 	[59300 47081 59593 39765 32494]
# parallel RNG seed:	[5373 4742 28882 12461 46308]
# Trajectory_length / Number_of_MD_steps: 1 / 7
# 	 Plaquette	 Polyakov_Loop(re,im)	 Acc._Probability	 runtime_per_traj(s)	 CG_iterations	
1	 2.2771339e-01	 -1.0643524e-03 +3.6597502e-04	 0.00e+00 Accepted	 380	 966	
2	 3.2230455e-01	 -1.8345830e-04 -4.0563440e-05	 1.22e+273 Accepted	 496	 1223	
3	 3.7558946e-01	 -4.8889301e-04 -1.3022445e-04	 2.23e+164 Accepted	 536	 1350	
4	 4.1100989e-01	 +2.8568612e-04 -4.0150727e-05	 5.95e+109 Accepted	 575	 1418	
5	 4.3702760e-01	 -2.0876918e-05 -4.7682455e-04	 2.18e+84 Accepted	 580	 1457	
6	 4.5792675e-01	 -7.5848613e-05 +1.9268740e-04	 4.64e+60 Accepted	 602	 1480	
7	 4.7551100e-01	 -3.5472375e-04 +1.3904279e-04	 2.06e+52 Accepted	 596	 1496	
8	 4.9110396e-01	 +5.0741734e-04 +3.5767464e-04	 8.89e+43 Accepted	 612	 1499	
9	 5.0487212e-01	 +2.3627650e-04 -4.8826681e-04	 9.40e+36 Accepted	 604	 1508	
10	 5.1717989e-01	 -1.3518532e-04 +1.0083975e-03	 4.12e+34 Accepted	 613	 1503	
11	 5.2818617e-01	 -2.0886359e-04 -2.3996530e-04	 2.60e+28 Accepted	 601	 1502	
12	 5.3795629e-01	 +6.7480207e-04 -3.9906174e-04	 1.17e+26 Accepted	 611	 1501	
13	 5.4648941e-01	 +5.6222392e-04 -6.0121617e-06	 4.64e+22 Accepted	 600	 1486	
14	 5.5389536e-01	 -7.0331823e-04 -2.9282715e-04	 8.84e+18 Accepted	 608	 1488	
15	 5.6019344e-01	 +7.4045827e-05 +2.3081610e-04	 4.09e+15 Accepted	 595	 1460	
16	 5.6541993e-01	 +2.1084562e-04 -3.9215328e-04	 3.01e+14 Accepted	 598	 1426	
17	 5.6964807e-01	 -1.0860712e-04 -1.1328898e-03	 4.40e+10 Accepted	 578	 1421	
18	 5.7306517e-01	 +1.1421549e-04 +1.1841041e-04	 8.58e+07 Accepted	 591	 1419	
19	 5.7580267e-01	 -9.5481288e-04 +5.1954647e-04	 1.07e+07 Accepted	 571	 1373	
20	 5.7813964e-01	 -2.4518287e-04 +3.1033728e-04	 5.28e+04 Accepted	 571	 1380	
21	 5.7992232e-01	 +8.9163872e-04 -1.4337098e-03	 3.18e+03 Accepted	 561	 1363	
22	 5.8144994e-01	 -1.2237527e-04 -2.7969313e-04	 6.93e+03 Accepted	 573	 1406	
23	 5.8272561e-01	 +1.4202292e-05 -4.1562902e-04	 3.19e+03 Accepted	 565	 1338	
24	 5.8368395e-01	 +1.6688953e-04 +5.0668167e-04	 1.97e+02 Accepted	 571	 1351	
25	 5.8448808e-01	 +2.5600583e-04 +4.7025960e-04	 2.35e+01 Accepted	 552	 1373	
26	 5.8515444e-01	 +4.4349296e-04 +1.2692898e-05	 2.58e+01 Accepted	 576	 1298	
27	 5.8567664e-01	 -1.4165519e-04 +8.3290171e-04	 3.48e+01 Accepted	 536	 1286	
28	 5.8627180e-01	 +5.6703933e-04 -4.7648947e-05	 3.31e+01 Accepted	 548	 1279	
29	 5.8653130e-01	 +7.5125476e-04 +3.0180847e-05	 1.52e+00 Accepted	 532	 1295	
30	 5.8689524e-01	 -7.8832489e-05 +4.4473117e-04	 2.67e+01 Accepted	 549	 1310	
31	 5.8737254e-01	 -1.1051230e-03 +1.7826276e-05	 2.91e+00 Accepted	 531	 1225	
32	 5.8757046e-01	 +8.4677372e-04 +2.9455013e-04	 1.71e+01 Accepted	 530	 1248	
33	 5.8784021e-01	 -1.1772707e-03 +5.7904566e-04	 1.07e+01 Accepted	 523	 1233	
34	 5.8804661e-01	 -3.9694545e-04 -1.1087277e-04	 1.88e+00 Accepted	 534	 1279	
35	 5.8831949e-01	 +8.0718826e-04 +4.2878916e-04	 1.51e+01 Accepted	 526	 1227	
36	 5.8831949e-01	 +8.0718826e-04 +4.2878916e-04	 1.67e-01 Rejected	 536	 1205	
37	 5.8854939e-01	 +4.1410488e-04 +1.6758076e-04	 1.89e+00 Accepted	 530	 1260	
38	 5.8854939e-01	 +4.1410488e-04 +1.6758076e-04	 4.29e-01 Rejected	 540	 1234	
