# Starting_type: HotStart
# serial RNG seed: 	[3972 9130 45545 65529 9099]
# parallel RNG seed:	[45923 19241 56960 23143 18291]
# Trajectory_length / Number_of_MD_steps: 1 / 7
# 	 Plaquette	 Polyakov_Loop(re,im)	 Acc._Probability	 runtime_per_traj(s)	 CG_iterations	
1	 2.2573022e-01	 -2.4052223e-04 -2.5494715e-04	 0.00e+00 Accepted	 375	 960	
2	 3.1817581e-01	 -3.9424601e-04 +6.6558800e-05	 1.06e+256 Accepted	 489	 1212	
3	 3.6939323e-01	 +3.4738441e-04 +3.6359394e-04	 1.18e+155 Accepted	 523	 1336	
4	 4.0273854e-01	 -4.4091654e-04 -4.2788310e-04	 9.97e+99 Accepted	 563	 1404	
5	 4.2669865e-01	 -3.1186707e-04 +5.4708886e-06	 2.11e+67 Accepted	 564	 1444	
6	 4.4549802e-01	 +4.7994357e-04 +2.4589792e-04	 2.21e+54 Accepted	 585	 1470	
7	 4.6105971e-01	 +1.5397387e-03 -2.2780073e-04	 1.19e+43 Accepted	 581	 1484	
8	 4.7449816e-01	 +6.4024127e-05 +4.9076092e-05	 5.60e+39 Accepted	 597	 1497	
9	 4.8644925e-01	 +8.8734277e-04 -4.6450404e-05	 3.13e+32 Accepted	 588	 1500	
10	 4.9711492e-01	 +4.5059855e-04 -1.1007595e-03	 1.73e+27 Accepted	 600	 1500	
11	 5.0710593e-01	 +5.2989340e-04 -7.9151049e-04	 2.41e+26 Accepted	 590	 1503	
12	 5.1612358e-01	 +3.4247216e-04 -5.5001406e-04	 9.89e+20 Accepted	 601	 1494	
13	 5.2437688e-01	 +1.9142302e-04 -6.0273053e-04	 5.64e+19 Accepted	 588	 1500	
14	 5.3184789e-01	 -3.8990815e-04 +7.4677755e-04	 1.79e+16 Accepted	 601	 1495	
15	 5.3854251e-01	 +4.2405278e-05 -2.0032250e-04	 2.56e+16 Accepted	 587	 1474	
16	 5.4426424e-01	 +2.0093041e-04 +3.8026209e-05	 2.79e+14 Accepted	 597	 1503	
17	 5.4928920e-01	 +1.4643234e-04 -1.2451099e-04	 7.36e+11 Accepted	 585	 1464	
18	 5.5360116e-01	 -6.7381336e-04 +4.6806959e-04	 7.98e+09 Accepted	 591	 1442	
19	 5.5727374e-01	 +4.4155015e-05 -2.6566526e-04	 6.43e+08 Accepted	 580	 1450	
20	 5.6044637e-01	 +7.0183351e-04 -7.1537215e-04	 4.55e+07 Accepted	 589	 1413	
21	 5.6310100e-01	 +3.8635637e-04 +2.0234487e-05	 2.00e+06 Accepted	 574	 1416	
22	 5.6528057e-01	 +1.8430001e-04 -3.0505600e-04	 1.86e+04 Accepted	 585	 1421	
23	 5.6715913e-01	 +3.8654307e-04 +4.0091573e-05	 2.05e+04 Accepted	 568	 1393	
24	 5.6864104e-01	 +9.5187215e-04 -6.7855755e-04	 2.80e+03 Accepted	 575	 1372	
25	 5.7003123e-01	 -1.5026313e-04 +9.0830364e-04	 2.22e+03 Accepted	 560	 1360	
26	 5.7101492e-01	 +1.1718403e-04 +8.4838488e-05	 9.49e+01 Accepted	 569	 1362	
27	 5.7186087e-01	 +5.9427751e-04 +2.9786319e-04	 6.64e+02 Accepted	 550	 1330	
28	 5.7247374e-01	 -3.4806251e-04 -3.3826455e-04	 1.85e+01 Accepted	 559	 1369	
29	 5.7328134e-01	 +4.4030796e-04 -1.2035350e-03	 8.72e+01 Accepted	 547	 1326	
30	 5.7369565e-01	 +2.4645913e-04 -5.8870818e-04	 7.14e+00 Accepted	 555	 1342	
31	 5.7413741e-01	 -3.7323428e-04 -5.2193824e-04	 9.21e+00 Accepted	 539	 1306	
32	 5.7442698e-01	 -4.8046681e-04 +3.4252023e-04	 4.04e+00 Accepted	 550	 1295	
33	 5.7475749e-01	 -6.8959969e-04 +8.4970737e-06	 1.09e+00 Accepted	 536	 1329	
34	 5.7513227e-01	 -3.3185068e-04 -4.3780208e-04	 2.29e+00 Accepted	 551	 1297	
35	 5.7534602e-01	 +4.8375359e-04 -1.8245562e-04	 3.99e-01 Accepted	 533	 1271	
36	 5.7548844e-01	 +2.9072774e-04 -3.8712232e-04	 1.61e+00 Accepted	 538	 1246	
37	 5.7566405e-01	 +1.0356581e-03 -2.4275865e-04	 2.11e+00 Accepted	 533	 1265	
38	 5.7572685e-01	 -1.5268421e-04 -1.5773153e-04	 9.05e-01 Accepted	 543	 1269	
# Starting_type: HotStart
# serial RNG seed: 	[3972 9130 45545 65529 9099]
# parallel RNG seed:	[45923 19241 56960 23143 18291]
# Trajectory_length / Number_of_MD_steps: 1 / 7
# 	 Plaquette	 Polyakov_Loop(re,im)	 Acc._Probability	 runtime_per_traj(s)	 CG_iterations	
1	 2.2573022e-01	 -2.4052223e-04 -2.5494715e-04	 0.00e+00 Accepted	 376	 960	
