# Starting_type: HotStart
# serial RNG seed: 	[7595 25353 18084 55514 44795]
# parallel RNG seed:	[16753 58473 7141 61363 16439]
# Trajectory_length / Number_of_MD_steps: 1 / 7
# 	 Plaquette	 Polyakov_Loop(re,im)	 Acc._Probability	 runtime_per_traj(s)	 CG_iterations	
1	 2.2974369e-01	 +1.0022624e-03 +8.0281033e-04	 0.00e+00 Accepted	 375	 972	
2	 3.2661836e-01	 -5.8464135e-04 -5.3586708e-05	 1.21e+279 Accepted	 486	 1234	
3	 3.8208437e-01	 -3.7911664e-04 +1.1731230e-03	 4.79e+180 Accepted	 525	 1362	
4	 4.1948116e-01	 -5.7222989e-04 +8.9192923e-04	 5.69e+120 Accepted	 565	 1431	
5	 4.4768791e-01	 -3.0453419e-04 -4.8816371e-04	 2.16e+92 Accepted	 571	 1470	
6	 4.7073292e-01	 +3.7185765e-04 -1.7073254e-04	 2.36e+71 Accepted	 588	 1488	
7	 4.9048728e-01	 +4.1027098e-04 -6.3878315e-04	 6.92e+60 Accepted	 581	 1499	
8	 5.0773431e-01	 -5.0836739e-04 +6.3714686e-06	 7.90e+47 Accepted	 598	 1500	
9	 5.2296631e-01	 +3.6294978e-04 +3.4010605e-04	 1.23e+43 Accepted	 585	 1497	
10	 5.3625108e-01	 +1.3051633e-03 -3.9542688e-04	 3.63e+36 Accepted	 595	 1508	
11	 5.4790631e-01	 +2.7763124e-05 +2.7449331e-04	 1.56e+32 Accepted	 586	 1504	
12	 5.5757936e-01	 +2.2173235e-04 +1.0572005e-03	 6.74e+25 Accepted	 592	 1475	
13	 5.6582051e-01	 -1.6602882e-04 +5.1012810e-05	 1.69e+22 Accepted	 578	 1450	
14	 5.7239367e-01	 -2.3213156e-04 +1.2663224e-04	 1.84e+17 Accepted	 586	 1449	
15	 5.7778465e-01	 -3.5801690e-04 -1.6205844e-04	 4.80e+15 Accepted	 567	 1416	
16	 5.8214838e-01	 +2.2956120e-05 -5.0225442e-04	 9.92e+11 Accepted	 571	 1412	
17	 5.8563516e-01	 +1.3117552e-03 +1.1604628e-03	 6.13e+09 Accepted	 560	 1400	
18	 5.8836360e-01	 +3.6020835e-04 +1.5439715e-04	 1.16e+07 Accepted	 567	 1386	
19	 5.9058280e-01	 -1.1392191e-03 -8.7296578e-04	 2.00e+06 Accepted	 558	 1396	
20	 5.9225594e-01	 +1.0454612e-03 +4.2053422e-04	 2.79e+03 Accepted	 561	 1359	
21	 5.9357921e-01	 +2.6997687e-04 -3.5486803e-04	 3.09e+03 Accepted	 547	 1304	
22	 5.9478623e-01	 -2.7047150e-04 +3.7600429e-04	 3.62e+03 Accepted	 552	 1353	
23	 5.9566389e-01	 -3.6828709e-04 +2.3019828e-04	 3.07e+01 Accepted	 547	 1307	
24	 5.9629133e-01	 +9.6034354e-04 +3.7049014e-04	 2.20e+01 Accepted	 553	 1313	
25	 5.9692857e-01	 +3.7141406e-04 -5.1218227e-05	 4.83e+02 Accepted	 538	 1265	
26	 5.9724639e-01	 +1.4266911e-03 -1.1989480e-03	 1.74e+01 Accepted	 542	 1287	
27	 5.9769698e-01	 +6.1157152e-05 -2.1619339e-04	 1.17e+00 Accepted	 534	 1279	
28	 5.9806434e-01	 +7.3304343e-04 -3.2592473e-04	 5.31e+00 Accepted	 542	 1291	
29	 5.9824101e-01	 +4.3412084e-04 -4.9813754e-04	 7.37e-01 Accepted	 528	 1271	
30	 5.9856753e-01	 -2.3648348e-04 -8.6848896e-05	 1.35e+00 Accepted	 543	 1279	
31	 5.9894871e-01	 +8.1168997e-04 -5.9636830e-04	 1.64e+00 Accepted	 521	 1253	
32	 5.9911384e-01	 +5.1503724e-04 -3.3484737e-04	 2.98e+00 Accepted	 522	 1225	
33	 5.9911384e-01	 +5.1503724e-04 -3.3484737e-04	 2.31e-01 Rejected	 507	 1212	
34	 5.9914251e-01	 +1.6306638e-03 +4.2894434e-04	 6.73e-01 Accepted	 527	 1294	
35	 5.9933667e-01	 +8.0386645e-04 +5.3280095e-05	 8.63e-01 Accepted	 529	 1226	
36	 5.9933667e-01	 +8.0386645e-04 +5.3280095e-05	 5.64e-01 Rejected	 533	 1273	
37	 5.9938063e-01	 +1.5784967e-04 +3.4041067e-04	 2.10e+00 Accepted	 514	 1201	
38	 5.9951850e-01	 +4.3226972e-04 +5.5324746e-04	 3.38e+00 Accepted	 521	 1208	
39	 5.9969454e-01	 +3.7816989e-04 -1.6598335e-04	 1.37e+01 Accepted	 511	 1240	
