1685 1686 1687 1688 1689 1690 1691 1692 1693 1694 1695 1696 1697 1698 1699 1700 
1894 1896 1897 1898 1899 1900 1901 1902 1903 1904 1905 1906 1907 1913 1915 1916 
1894 1896 1897 1898 1899 1900 1901 1902 1903 1904 1905 1906 1907 1913 1915 1916 
1878 1879 1880 1882 1883 1884 1887 1889 1890 1892 1893 2139 2140 2141 2142 2143 
1775 1776 1777 1778 1779 1780 1781 1782 1784 1785 1786 1788 1789 1790 1791 1874 
1775 1776 1777 1778 1779 1780 1781 1782 1784 1785 1786 1788 1789 1790 1791 1874 
1745 1746 1747 1748 1749 1750 1751 1752 1769 1770 1771 1772 1773 1774 1783 1801 
1147 1148 1149 1150 1151 1152 1153 1154 1155 1156 1157 1158 1159 1160 1161 1162 
1115 1116 1117 1118 1119 1120 1121 1122 1123 1124 1125 1126 1127 1128 1129 1130 
1245 1246 1247 1248 1249 1250 1251 1252 1253 1254 1255 1256 1257 1258 1259 1260 
1421 1422 1423 1424 1425 1426 1427 1428 1429 1430 1431 1432 1433 1434 1435 1436 
1701 1702 1703 1704 1705 1706 1707 1708 1709 1710 1713 1714 1715 1716 1717 1718 
1685 1686 1687 1688 1689 1690 1691 1692 1693 1694 1695 1696 1697 1698 1699 1700 
1685 1686 1687 1688 1689 1690 1691 1692 1693 1694 1695 1696 1697 1698 1699 1700 
1794 1798 1799 1801 1802 1803 1804 1805 1806 1807 1885 1888 2144 2145 2146 2147 
1794 1798 1799 1801 1802 1803 1804 1805 1806 1807 1885 1888 2113 2114 2115 2116 
1878 1879 1880 1946 1947 2117 2118 2119 2120 2141 2142 2143 2144 2145 2146 2147 
1808 1809 1810 1811 1812 1814 1815 1816 1817 1818 1819 1820 1821 1822 1823 1824 
1163 1164 1165 1166 1167 1168 1169 1170 1171 1172 1173 1174 1175 1176 1177 1178 
1179 1180 1181 1182 1183 1184 1185 1186 1187 1188 1189 1190 1191 1192 1193 1194 
1719 1720 1721 1722 1723 1724 1725 1726 1727 1728 1737 1738 1739 1740 1741 1742 
1792 1793 1794 1795 1796 1797 1798 1799 1800 1801 1802 1803 1804 1805 1806 1807 
1878 1879 1880 1881 1882 1883 1884 1885 1886 1887 1888 1889 1890 1891 1892 1893 
1792 1793 1795 1796 1797 1800 1825 1826 1827 1828 1829 1830 1831 1832 1833 1834 
1808 1809 1810 1811 1812 1814 1815 1816 1817 1818 1819 1820 1821 1822 1823 1824 
1808 1809 1810 1811 1812 1814 1815 1816 1817 1818 1819 1820 1821 1822 1823 1824 
1894 1896 1897 1898 1899 1900 1901 1902 1903 1904 1905 1906 1907 1913 1915 1916 
1131 1132 1133 1134 1135 1136 1137 1138 1139 1140 1141 1142 1143 1144 1145 1146 
1065 1066 1067 1068 1069 1070 1071 1072 1073 1074 1075 1076 1077 1078 1079 1080 
1099 1100 1101 1102 1103 1104 1105 1106 1107 1108 1109 1110 1111 1112 1113 1114 
1437 1438 1439 1440 1441 1442 1443 1444 1445 1446 1447 1448 1449 1450 1451 1452 
1743 1744 1745 1746 1747 1748 1749 1750 1751 1752 1769 1770 1771 1772 1773 1774 
1701 1702 1703 1704 1705 1706 1707 1708 1709 1710 1713 1714 1715 1716 1717 1718 
1743 1744 1745 1746 1747 1748 1749 1750 1751 1752 1769 1770 1771 1772 1773 1774 
1835 1836 1837 1838 1839 1840 1881 1886 1891 1917 1920 1923 1924 1927 1928 1929 
1835 1836 1837 1838 1839 1840 1881 1886 1891 1917 1920 1923 1924 1927 1928 1929 
1065 1066 1067 1068 1069 1070 1071 1072 1073 1074 1075 1076 1077 1078 1079 1080 
1775 1776 1777 1778 1779 1780 1781 1782 1784 1786 1788 1789 1790 1791 1874 2092 
1260 1261 1262 1263 1264 1265 1266 1267 1268 1269 1270 1272 1273 1274 1275 1276 
1293 1294 1295 1296 1297 1298 1299 1300 1301 1302 1303 1304 1305 1306 1307 1308 
1775 1776 1777 1778 1779 1780 1781 1782 1783 1784 1785 1786 1788 1789 1790 1791 
1743 1744 1745 1746 1747 1748 1749 1750 1751 1752 1769 1770 1771 1772 1773 1774 
1701 1702 1703 1704 1705 1706 1707 1708 1709 1710 1713 1714 1715 1716 1717 1718 
1841 1842 1843 1844 1845 1846 1848 1849 1850 1851 1852 1854 1855 1856 1857 1922 
1878 1879 1880 1882 1883 1884 1887 1889 1890 1892 1893 2117 2118 2119 2120 2137 
1719 1720 1721 1722 1723 1724 1725 1726 1737 1738 1739 1740 1741 1742 1853 1882 
1785 1793 1795 1796 1797 1800 1825 1826 1827 1829 1830 1831 1832 1833 1834 2100 
1179 1180 1181 1182 1183 1184 1185 1186 1187 1188 1189 1190 1191 1192 1193 1194 
1147 1148 1149 1150 1151 1152 1153 1154 1155 1156 1157 1158 1159 1160 1161 1162 
1261 1262 1263 1264 1265 1266 1267 1268 1269 1270 1272 1273 1274 1275 1276 1309 
1453 1454 1455 1457 1458 1459 1460 1461 1462 1463 1464 1465 1466 1467 1468 1469 
1792 1793 1794 1795 1796 1797 1798 1799 1800 1801 1802 1803 1804 1805 1806 1807 
1858 1859 1860 1861 1862 1863 1864 1865 1866 1868 1869 1870 1871 1873 1874 1877 
1775 1776 1777 1778 1779 1780 1781 1782 1783 1784 1785 1786 1788 1789 1790 1791 
1808 1809 1810 1811 1812 1814 1815 1816 1817 1818 1819 1820 1821 1822 1823 1824 
1792 1793 1795 1796 1797 1800 1825 1826 1827 1828 1829 1830 1831 1832 1833 1834 
1841 1842 1843 1844 1845 1846 1848 1849 1850 1851 1852 1854 1855 1856 1857 1922 
1049 1050 1051 1052 1053 1054 1055 1056 1057 1058 1060 1061 1062 1063 1064 1792 
1195 1196 1197 1198 1199 1200 1201 1202 1203 1204 1205 1206 1207 1208 1209 1210 
1211 1212 1213 1214 1215 1217 1218 1219 1220 1221 1222 1223 1224 1225 1226 1227 
1277 1278 1279 1280 1281 1282 1283 1284 1285 1286 1287 1288 1289 1290 1291 1292 
1470 1471 1472 1473 1474 1475 1476 1477 1478 1479 1480 1481 1482 1483 1484 1485 
1808 1809 1810 1811 1812 1814 1815 1816 1817 1818 1819 1820 1821 1822 1823 1824 
1917 1920 1922 1923 1924 1927 1928 1929 1937 1940 1941 1942 1946 1947 1958 1959 
1917 1920 1922 1923 1924 1927 1928 1929 1937 1940 1941 1942 1946 1947 1958 1959 
1719 1720 1721 1722 1723 1724 1725 1726 1737 1738 1739 1740 1741 1742 1853 1937 
1841 1842 1843 1844 1845 1846 1848 1849 1850 1851 1852 1854 1855 1856 1857 1922 
1792 1793 1795 1796 1797 1800 1825 1826 1827 1828 1829 1830 1831 1832 1833 1834 
1917 1920 1923 1924 1927 1928 1929 1940 1941 1942 1958 1959 1960 2094 2097 2099 
1065 1066 1067 1068 1069 1070 1071 1072 1073 1074 1075 1076 1077 1078 1079 1080 
1309 1310 1311 1312 1313 1314 1315 1316 1317 1318 1319 1320 1321 1322 1323 1324 
1196 1197 1198 1199 1200 1201 1202 1203 1204 1205 1206 1207 1208 1209 1210 1244 
1341 1342 1343 1344 1345 1346 1347 1348 1349 1350 1351 1352 1353 1354 1355 1356 
1825 1826 1827 1828 1829 1830 1831 1832 1833 1834 1835 1836 1837 1838 1839 1840 
1878 1879 1880 1881 1882 1883 1884 1885 1886 1887 1888 1889 1890 1891 1892 1893 
1825 1826 1827 1828 1829 1830 1831 1832 1833 1834 1835 1836 1837 1838 1839 1840 
1727 1728 1858 1859 1860 1861 1862 1863 1864 1865 1866 1868 1869 1870 1871 1873 
1727 1728 1858 1859 1860 1861 1862 1863 1864 1865 1866 1868 1869 1870 1871 1873 
1687 1688 1689 1690 1691 1692 1693 1694 1695 1696 1697 1698 1699 1700 1743 1744 
1081 1082 1083 1084 1085 1086 1088 1093 1094 1095 1097 1098 1843 1849 1850 1856 
1244 1245 1246 1247 1248 1249 1250 1251 1252 1253 1254 1255 1256 1257 1258 1259 
1277 1278 1279 1280 1281 1282 1283 1284 1285 1286 1287 1288 1289 1290 1291 1292 
1131 1132 1133 1134 1135 1136 1137 1138 1139 1140 1141 1142 1143 1144 1145 1146 
1486 1487 1489 1490 1491 1492 1493 1494 1495 1496 1513 1514 1515 1516 1517 1518 
1841 1842 1843 1844 1845 1846 1848 1849 1850 1851 1852 1853 1854 1855 1856 1857 
1825 1826 1827 1828 1829 1830 1831 1832 1833 1834 1835 1836 1837 1838 1839 1840 
1792 1793 1794 1795 1796 1797 1798 1799 1800 1801 1802 1803 1804 1805 1806 1807 
1775 1776 1777 1778 1779 1780 1781 1782 1784 1785 1786 1788 1789 1790 1791 1874 
1719 1720 1721 1722 1723 1724 1725 1726 1737 1738 1739 1740 1741 1742 1853 1937 
1794 1798 1799 1807 1883 1884 1887 1888 1889 1890 1892 1893 1937 2113 2114 2115 
1059 1099 1100 1101 1102 1103 1104 1105 1106 1107 1108 1109 1110 1112 1113 1114 
1211 1212 1213 1214 1215 1217 1218 1219 1220 1221 1222 1223 1224 1225 1226 1227 
1325 1326 1327 1328 1329 1330 1331 1332 1333 1334 1335 1336 1337 1338 1339 1340 
1228 1229 1230 1231 1232 1233 1234 1235 1236 1237 1238 1239 1240 1241 1242 1243 
1357 1358 1359 1360 1361 1362 1363 1364 1365 1366 1367 1368 1369 1370 1371 1372 
1858 1859 1860 1861 1862 1863 1864 1865 1866 1868 1869 1870 1871 1873 1874 1877 
1841 1842 1843 1844 1845 1846 1848 1849 1850 1851 1852 1853 1854 1855 1856 1857 
1960 2091 2092 2093 2094 2095 2096 2097 2098 2099 2100 2101 2102 2103 2104 2105 
1743 1744 1745 1746 1747 1748 1749 1750 1751 1769 1770 1771 1772 1773 1774 1783 
1743 1744 1745 1746 1747 1748 1749 1750 1751 1769 1770 1771 1772 1773 1774 1783 
1081 1082 1083 1084 1085 1086 1087 1088 1089 1090 1093 1094 1095 1096 1097 1098 
1111 1794 1798 1799 1807 1828 1841 1842 1844 1845 1846 1848 1851 1852 1854 1855 
1228 1229 1230 1231 1232 1233 1234 1235 1236 1237 1238 1239 1240 1241 1242 1243 
1131 1132 1133 1134 1135 1136 1137 1138 1139 1140 1141 1142 1143 1144 1145 1146 
1115 1116 1117 1118 1119 1120 1121 1122 1123 1124 1125 1126 1127 1128 1129 1130 
1373 1374 1375 1376 1377 1378 1379 1380 1381 1382 1383 1384 1385 1386 1387 1388 
1878 1879 1880 1881 1882 1883 1884 1885 1886 1887 1888 1889 1890 1891 1892 1893 
1808 1809 1810 1811 1812 1814 1815 1816 1817 1818 1819 1820 1821 1822 1823 1824 
1841 1842 1843 1844 1845 1846 1848 1849 1850 1851 1852 1853 1854 1855 1856 1857 
1877 1940 1941 1942 1946 1947 1958 1959 1960 2091 2092 2093 2094 2095 2096 2097 
1877 1940 1941 1942 1958 1959 1960 2091 2092 2093 2094 2095 2096 2097 2138 2148 
1115 1116 1117 1118 1119 1120 1121 1122 1123 1124 1125 1126 1127 1128 1685 1686 
1087 1089 1090 1096 1857 1883 1887 1892 1922 1937 1946 2143 2144 2145 2146 2147 
1293 1294 1295 1296 1297 1298 1299 1300 1301 1302 1303 1304 1305 1306 1307 1308 
1341 1342 1343 1344 1345 1346 1347 1348 1349 1350 1351 1352 1353 1354 1355 1356 
1310 1311 1312 1313 1314 1315 1316 1317 1318 1319 1320 1321 1322 1323 1324 1325 
1194 1211 1212 1213 1214 1215 1217 1218 1219 1220 1221 1222 1223 1224 1225 1226 
1894 1896 1897 1898 1899 1900 1901 1902 1903 1904 1905 1906 1907 1913 1915 1916 
1719 1720 1721 1722 1723 1724 1725 1726 1727 1728 1737 1738 1739 1740 1741 1742 
1719 1720 1721 1722 1723 1724 1725 1726 1727 1728 1737 1738 1739 1740 1741 1742 
1685 1686 1687 1688 1689 1690 1691 1692 1693 1694 1695 1696 1697 1698 1699 1700 
1685 1686 1687 1688 1689 1690 1691 1692 1693 1694 1695 1696 1697 1698 1699 1700 
1049 1050 1051 1052 1053 1054 1055 1056 1057 1058 1059 1060 1061 1062 1063 1064 
1701 1702 1703 1704 1705 1706 1707 1708 1709 1710 1713 1714 1715 1716 1717 1718 
1115 1116 1117 1118 1119 1120 1121 1122 1123 1124 1125 1126 1127 1128 1129 1130 
1099 1100 1101 1102 1103 1104 1105 1106 1107 1108 1109 1110 1111 1112 1113 1114 
1081 1082 1083 1084 1085 1086 1087 1088 1089 1090 1093 1094 1095 1096 1097 1098 
1519 1520 1521 1522 1523 1524 1525 1526 1527 1528 1529 1530 1531 1532 1533 1534 
1917 1920 1922 1923 1924 1927 1928 1929 1937 1940 1941 1942 1946 1947 1958 1959 
1775 1776 1777 1778 1779 1780 1781 1782 1783 1784 1785 1786 1788 1789 1790 1791 
1858 1859 1860 1861 1862 1863 1864 1865 1866 1868 1869 1870 1871 1873 1874 1877 
1701 1702 1703 1704 1705 1706 1707 1708 1709 1710 1713 1714 1715 1716 1717 1718 
1701 1702 1703 1704 1705 1706 1707 1708 1709 1710 1713 1714 1715 1716 1717 1718 
1701 1702 1703 1704 1705 1706 1707 1708 1709 1710 1713 1714 1715 1716 1717 1718 
1727 1728 1863 1864 1865 1866 1868 1869 1870 1871 1873 1877 1881 1885 1886 1891 
1664 1668 1669 1670 1672 1674 1677 1678 1681 1683 1684 1908 1909 1910 1912 1914 
1081 1082 1083 1084 1085 1086 1087 1088 1089 1090 1093 1094 1095 1096 1097 1098 
1049 1050 1051 1052 1053 1054 1055 1056 1057 1058 1059 1060 1061 1062 1063 1064 
2106 2107 2108 2109 2110 2111 2112 2113 2114 2115 2116 2117 2118 2119 2120 2137 
2106 2107 2108 2109 2110 2111 2112 2113 2114 2115 2116 2117 2118 2119 2120 2138 
2106 2107 2108 2109 2110 2111 2112 2113 2114 2115 2116 2117 2118 2119 2120 2138 
2106 2107 2108 2109 2110 2111 2112 2113 2114 2115 2116 2117 2118 2119 2120 2138 
1903 2098 2099 2100 2101 2102 2103 2104 2105 2106 2107 2108 2109 2110 2111 2112 
1903 2098 2099 2100 2101 2102 2103 2104 2105 2106 2107 2108 2109 2110 2111 2112 
1802 1803 1804 1805 1806 1835 1836 1837 1838 1839 1840 1858 1859 1860 1861 1862 
1951 1953 1954 1957 1962 1968 1973 1978 1982 1990 2000 2003 2004 2009 2022 2023 
1049 1050 1051 1052 1053 1054 1055 1056 1057 1058 1059 1060 1061 1062 1063 1064 
1164 1165 1166 1167 1168 1169 1170 1171 1172 1173 1174 1175 1176 1177 1178 1195 
1389 1390 1391 1392 1393 1394 1395 1396 1397 1398 1399 1400 1401 1402 1403 1404 
1960 2091 2092 2093 2094 2095 2096 2097 2098 2099 2100 2101 2102 2103 2104 2105 
2091 2092 2093 2094 2095 2096 2097 2098 2099 2100 2101 2102 2103 2104 2105 2137 
1808 1809 1810 1811 1812 1814 1815 1816 1817 1818 1819 1820 1821 1822 1823 1824 
1752 1894 1896 1897 1898 1899 1900 1901 1902 1904 1905 1906 1907 1913 1915 1916 
1752 1894 1896 1897 1898 1899 1900 1901 1902 1904 1905 1906 1907 1913 1915 1916 
1099 1100 1101 1102 1103 1104 1105 1106 1107 1108 1109 1110 1111 1112 1113 1114 
1719 1720 1721 1722 1723 1724 1725 1726 1737 1738 1739 1740 1741 1853 1882 2142 
1277 1278 1279 1280 1281 1282 1283 1284 1285 1286 1287 1288 1289 1290 1291 1292 
1228 1229 1230 1231 1232 1233 1234 1235 1236 1237 1238 1239 1240 1241 1242 1243 
1065 1066 1067 1068 1069 1070 1071 1072 1073 1074 1075 1076 1077 1078 1079 1080 
1405 1406 1407 1408 1409 1410 1411 1412 1413 1414 1415 1416 1417 1418 1419 1420 
