# Starting_type: ColdStart
# serial RNG seed: 	[55707 52855 33730 2715 51956]
# parallel RNG seed:	[32420 9159 2405 34165 59697]
# Trajectory_length / Number_of_MD_steps: 1 / 7
# 	 Plaquette	 Polyakov_Loop(re,im)	 Acc._Probability	 runtime_per_traj(s)	 CG_iterations	
1	 8.0104574e-01	 +3.9816775e-01 -2.3352099e-04	 1.36e-29 Skipping	 106	 387	
2	 7.1829655e-01	 +2.1158506e-01 +1.6753277e-03	 6.29e-17 Skipping	 129	 450	
3	 6.6116472e-01	 +1.3486039e-01 +1.0769927e-03	 2.48e-12 Skipping	 141	 509	
4	 6.1896564e-01	 +8.9403794e-02 -1.7897376e-05	 2.31e-09 Skipping	 151	 569	
5	 5.8654596e-01	 +6.2025262e-02 +1.0188963e-03	 2.78e-07 Skipping	 165	 625	
6	 5.6289269e-01	 +4.6545370e-02 -6.8567113e-04	 1.32e-05 Skipping	 180	 695	
7	 5.4505785e-01	 +3.5625560e-02 -5.4530748e-04	 2.65e-04 Skipping	 195	 795	
8	 5.3104854e-01	 +2.7659414e-02 +1.5576725e-04	 1.33e-03 Skipping	 222	 900	
9	 5.2041939e-01	 +2.0120688e-02 -2.3762045e-03	 4.96e-03 Skipping	 248	 1051	
10	 5.1202271e-01	 +1.3908887e-02 +2.7933773e-03	 1.02e-02 Skipping	 285	 1306	
11	 5.0427011e-01	 +1.1099671e-02 -7.1761089e-04	 1.60e-02 Skipping	 332	 1449	
12	 4.9714787e-01	 +1.0851467e-02 -1.2970923e-03	 2.08e-02 Skipping	 367	 1631	
13	 4.9087963e-01	 +9.8978231e-03 -6.2600266e-04	 3.08e-02 Skipping	 390	 1592	
14	 4.8498625e-01	 +6.4328081e-03 -3.4006814e-03	 7.18e-02 Skipping	 389	 1600	
15	 4.7879129e-01	 +4.7407323e-03 +7.1203994e-04	 2.39e-02 Skipping	 380	 1558	
16	 4.7229206e-01	 -3.0738808e-04 +1.1202561e-03	 2.19e-02 Skipping	 374	 1499	
17	 4.6606451e-01	 +1.9795133e-03 -1.0764538e-03	 2.00e-02 Skipping	 355	 1376	
18	 4.6002251e-01	 +1.5265075e-03 -2.6573181e-04	 1.71e-02 Skipping	 335	 1337	
19	 4.5356526e-01	 +8.5995717e-04 -2.6014859e-03	 2.25e-02 Skipping	 320	 1247	
20	 4.4814648e-01	 +7.3541745e-04 +1.3678557e-04	 2.38e-02 Skipping	 305	 1159	
21	 4.4212318e-01	 -3.3327475e-04 -1.5331951e-03	 1.82e-02 Skipping	 285	 1086	
22	 4.3742695e-01	 +2.7188365e-03 +1.5313912e-03	 7.01e-02 Skipping	 271	 1020	
23	 4.3290456e-01	 -1.0305456e-03 -1.0439324e-03	 7.27e-02 Skipping	 258	 982	
24	 4.2919560e-01	 -3.8962341e-04 +1.9579588e-03	 9.82e-02 Skipping	 251	 938	
25	 4.2586571e-01	 +5.6942559e-04 -6.2638462e-05	 1.04e-01 Skipping	 240	 891	
26	 4.2311638e-01	 +1.1082873e-03 +1.6188814e-03	 2.19e-01 Skipping	 233	 861	
27	 4.2108978e-01	 +4.0243973e-04 -1.8270590e-05	 3.81e-01 Skipping	 227	 831	
28	 4.1868237e-01	 -1.7594274e-05 +9.7687905e-04	 2.34e-01 Skipping	 224	 829	
29	 4.1727384e-01	 +7.9955396e-04 +1.0865033e-03	 3.49e-01 Skipping	 221	 814	
30	 4.1572753e-01	 -2.4024868e-03 +1.8077745e-03	 5.61e-01 Skipping	 218	 797	
31	 4.1521480e-01	 -1.4999023e-03 -2.1089210e-04	 8.48e-01 Skipping	 215	 797	
32	 4.1462653e-01	 -4.9342553e-04 +5.5182698e-06	 7.84e-01 Skipping	 215	 807	
33	 4.1396934e-01	 +8.9867899e-05 +8.3155703e-04	 7.29e-01 Skipping	 214	 790	
34	 4.1339288e-01	 +1.6103213e-04 +2.4142059e-03	 6.04e-01 Skipping	 213	 785	
35	 4.1308548e-01	 -3.1984107e-04 -9.6484647e-05	 4.92e-01 Skipping	 210	 769	
36	 4.1259840e-01	 +1.6984952e-03 -1.2797835e-03	 5.82e-01 Skipping	 209	 768	
37	 4.1239803e-01	 +4.9473650e-04 +2.5892477e-03	 5.03e-01 Skipping	 208	 771	
38	 4.1184583e-01	 +7.9149767e-05 -2.4720251e-04	 7.23e-01 Skipping	 209	 767	
39	 4.1124534e-01	 -1.9507910e-03 -6.5306039e-04	 7.38e-01 Skipping	 208	 767	
40	 4.1117248e-01	 -1.6344918e-03 +5.6441612e-04	 1.00e+00 Skipping	 208	 766	
41	 4.1087779e-01	 +1.6745347e-03 +6.8861076e-04	 4.97e-01 Skipping	 208	 758	
42	 4.1089830e-01	 +1.8421716e-03 -1.0455972e-03	 1.02e+00 Skipping	 207	 759	
43	 4.1101315e-01	 +2.6615089e-03 +1.5917058e-03	 1.32e+00 Skipping	 207	 760	
44	 4.1076045e-01	 +2.5608683e-03 +5.2090297e-04	 6.81e-01 Skipping	 208	 769	
45	 4.1069981e-01	 -7.9738819e-04 +1.2558044e-04	 6.94e-01 Skipping	 209	 760	
46	 4.1086755e-01	 -4.5094133e-04 -1.4287134e-03	 1.20e+00 Skipping	 207	 772	
47	 4.1099413e-01	 +1.6836898e-03 +3.2945732e-05	 9.43e-01 Skipping	 208	 759	
48	 4.1083120e-01	 -2.0459725e-03 -1.3047715e-03	 1.40e+00 Skipping	 207	 761	
49	 4.1083219e-01	 -8.3679421e-04 -6.2668151e-04	 1.08e+00 Skipping	 207	 761	
50	 4.1064463e-01	 -2.6191923e-03 +1.7640905e-03	 1.23e+00 Skipping	 206	 753	
51	 4.1077864e-01	 -2.9585032e-03 -2.8949817e-03	 1.05e+00 Accepted	 206	 770	
52	 4.1092815e-01	 +2.9067450e-03 -1.1985234e-03	 8.26e-01 Accepted	 210	 764	
53	 4.1097626e-01	 -2.3074809e-04 -2.9483218e-04	 8.38e-01 Accepted	 207	 768	
54	 4.1141427e-01	 -3.3615135e-03 -6.5735782e-04	 9.16e-01 Accepted	 208	 765	
55	 4.1167577e-01	 -5.5794201e-04 +7.9942572e-04	 1.31e+00 Accepted	 209	 773	
56	 4.1128916e-01	 +7.6758220e-04 +5.9284785e-04	 1.05e+00 Accepted	 208	 767	
57	 4.1110919e-01	 +1.1172616e-03 +1.2923893e-03	 9.65e-01 Accepted	 207	 771	
58	 4.1099081e-01	 +6.9048458e-04 -1.2156298e-03	 1.30e+00 Accepted	 207	 763	
59	 4.1124666e-01	 +4.8643516e-04 -8.3903355e-04	 1.02e+00 Accepted	 207	 766	
60	 4.1099936e-01	 -1.8751691e-03 -2.7889647e-03	 8.99e-01 Accepted	 208	 763	
61	 4.1106571e-01	 +6.5611700e-05 -4.9848264e-04	 1.25e+00 Accepted	 206	 762	
62	 4.1129907e-01	 +1.7317606e-04 -1.0436827e-03	 1.16e+00 Accepted	 208	 764	
63	 4.1163585e-01	 -3.0229588e-03 -2.5236114e-03	 1.36e+00 Accepted	 208	 769	
64	 4.1169976e-01	 +1.4417479e-04 -1.3602281e-03	 1.37e+00 Accepted	 208	 768	
65	 4.1176183e-01	 +4.7699390e-04 -2.1327029e-03	 8.20e-01 Accepted	 208	 769	
66	 4.1187483e-01	 +1.3063647e-03 -8.8153918e-04	 1.14e+00 Accepted	 207	 762	
67	 4.1188043e-01	 +1.2500538e-03 +2.9552421e-04	 9.22e-01 Accepted	 206	 772	
68	 4.1173892e-01	 -4.2339235e-03 +2.8946586e-03	 1.07e+00 Accepted	 208	 761	
69	 4.1160797e-01	 -1.4027726e-03 -4.6922886e-06	 1.05e+00 Accepted	 207	 763	
70	 4.1131889e-01	 -4.6725790e-05 +1.7770658e-03	 1.02e+00 Accepted	 209	 777	
71	 4.1190198e-01	 +1.3444735e-03 -1.3425763e-04	 1.56e+00 Accepted	 208	 761	
72	 4.1151437e-01	 -8.1779339e-04 -1.9557723e-03	 7.53e-01 Accepted	 209	 782	
73	 4.1185457e-01	 -1.2751352e-03 -1.0893301e-03	 8.19e-01 Accepted	 209	 761	
74	 4.1178042e-01	 -1.3955562e-03 -1.6907909e-03	 1.20e+00 Accepted	 209	 770	
75	 4.1231086e-01	 +9.8025984e-04 +1.6884906e-04	 1.45e+00 Accepted	 209	 767	
76	 4.1192267e-01	 -6.3829827e-04 -1.2848306e-03	 7.69e-01 Accepted	 209	 767	
77	 4.1159469e-01	 +3.6081429e-03 -2.2711805e-03	 1.02e+00 Accepted	 209	 769	
78	 4.1162389e-01	 +6.3551476e-04 +1.8830849e-03	 8.34e-01 Accepted	 207	 772	
79	 4.1181723e-01	 -2.7247407e-03 +1.2083159e-03	 1.23e+00 Accepted	 208	 772	
80	 4.1148671e-01	 -3.2958421e-04 +9.1723323e-04	 7.77e-01 Accepted	 208	 761	
81	 4.1148671e-01	 -3.2958421e-04 +9.1723323e-04	 6.68e-01 Rejected	 207	 760	
82	 4.1165674e-01	 -2.1275277e-04 -1.9118908e-03	 1.13e+00 Accepted	 208	 768	
83	 4.1159438e-01	 -9.8246124e-04 -3.5183623e-03	 7.06e-01 Accepted	 207	 768	
84	 4.1157386e-01	 +2.7231223e-03 +1.9372495e-03	 1.09e+00 Accepted	 209	 757	
85	 4.1137592e-01	 -1.4865102e-03 +1.7146258e-03	 1.09e+00 Accepted	 209	 774	
86	 4.1147808e-01	 -1.1142189e-05 -1.4570687e-03	 9.44e-01 Accepted	 209	 765	
87	 4.1162754e-01	 +3.2026853e-04 -2.8540007e-04	 7.97e-01 Accepted	 207	 762	
88	 4.1159660e-01	 +1.1222191e-03 +9.0975984e-04	 1.34e+00 Accepted	 208	 775	
89	 4.1168755e-01	 +1.7630839e-04 -2.9163079e-03	 1.19e+00 Accepted	 210	 762	
90	 4.1121972e-01	 +2.7459026e-03 +8.7253563e-04	 7.59e-01 Accepted	 208	 770	
91	 4.1098961e-01	 -8.6110196e-04 -6.4520726e-05	 8.89e-01 Accepted	 208	 760	
92	 4.1105900e-01	 -1.4822522e-03 +1.3762843e-03	 7.07e-01 Accepted	 206	 765	
93	 4.1105900e-01	 -1.4822522e-03 +1.3762843e-03	 7.85e-01 Rejected	 206	 761	
94	 4.1124163e-01	 -3.8686999e-04 +5.0176622e-04	 1.46e+00 Accepted	 208	 769	
95	 4.1092042e-01	 -2.5200252e-04 -1.4322987e-04	 8.70e-01 Accepted	 209	 776	
96	 4.1130113e-01	 -1.2750987e-03 -4.2950827e-05	 9.35e-01 Accepted	 209	 762	
97	 4.1115235e-01	 +1.9670496e-03 -3.0860060e-04	 8.30e-01 Accepted	 208	 774	
98	 4.1085523e-01	 -3.1420623e-04 -1.2251691e-03	 6.91e-01 Accepted	 209	 764	
99	 4.1096618e-01	 +5.8141550e-04 +8.1056292e-04	 1.35e+00 Accepted	 207	 763	
100	 4.1096618e-01	 +5.8141550e-04 +8.1056292e-04	 6.15e-01 Rejected	 207	 766	
101	 4.1110754e-01	 -1.3495730e-03 -6.6154735e-04	 9.07e-01 Accepted	 209	 764	
102	 4.1122762e-01	 -1.1134377e-03 +4.7649774e-04	 9.99e-01 Accepted	 209	 763	
103	 4.1122762e-01	 -1.1134377e-03 +4.7649774e-04	 7.83e-01 Rejected	 206	 764	
104	 4.1073992e-01	 +4.0810992e-04 -4.8792335e-04	 1.19e+00 Accepted	 207	 759	
105	 4.1107669e-01	 +1.7562915e-03 -2.8215678e-04	 1.45e+00 Accepted	 207	 771	
106	 4.1081308e-01	 +4.4569016e-05 +3.5441355e-04	 1.02e+00 Accepted	 208	 754	
107	 4.1081308e-01	 +4.4569016e-05 +3.5441355e-04	 6.54e-01 Rejected	 206	 759	
108	 4.1088055e-01	 +4.2973228e-04 +1.9056639e-03	 9.84e-01 Accepted	 207	 768	
109	 4.1144885e-01	 +1.4151416e-03 -5.1882160e-04	 1.36e+00 Accepted	 209	 765	
110	 4.1118397e-01	 -1.3876603e-03 +5.4055802e-04	 9.29e-01 Accepted	 207	 758	
111	 4.1122860e-01	 -2.4504235e-04 -5.4851570e-05	 9.91e-01 Accepted	 206	 763	
112	 4.1140600e-01	 -2.1317635e-03 -1.7554647e-03	 1.11e+00 Accepted	 208	 782	
113	 4.1123084e-01	 +3.5819647e-03 +1.1393835e-03	 8.68e-01 Accepted	 209	 760	
114	 4.1141631e-01	 +3.0781124e-04 +2.5458872e-03	 6.74e-01 Accepted	 208	 768	
115	 4.1121141e-01	 +6.9591462e-04 -1.9259398e-03	 1.26e+00 Accepted	 207	 764	
116	 4.1152463e-01	 -1.0784162e-03 -1.3422388e-03	 1.04e+00 Accepted	 206	 771	
117	 4.1152463e-01	 -1.0784162e-03 -1.3422388e-03	 7.96e-01 Rejected	 207	 768	
118	 4.1138455e-01	 -1.3532228e-03 -1.9994300e-03	 1.27e+00 Accepted	 208	 766	
119	 4.1132493e-01	 -1.6645804e-03 +1.4970030e-03	 6.13e-01 Accepted	 206	 755	
120	 4.1115633e-01	 -9.6345485e-04 +4.0329507e-04	 1.08e+00 Accepted	 207	 766	
121	 4.1142355e-01	 -2.5144769e-03 -4.0158198e-03	 1.50e+00 Accepted	 209	 777	
122	 4.1189550e-01	 -3.8413542e-03 +1.1226792e-04	 1.08e+00 Accepted	 211	 777	
123	 4.1214160e-01	 +2.1258245e-03 +1.2879843e-04	 1.43e+00 Accepted	 209	 769	
124	 4.1185285e-01	 +9.8587664e-04 -7.2865967e-04	 9.77e-01 Accepted	 208	 768	
125	 4.1157438e-01	 -1.6944668e-04 -6.2514225e-05	 7.53e-01 Accepted	 208	 773	
126	 4.1179354e-01	 -3.0776682e-04 +5.7380764e-04	 1.00e+00 Accepted	 209	 773	
127	 4.1136032e-01	 +1.0423867e-03 -6.6289981e-05	 8.14e-01 Accepted	 210	 779	
128	 4.1137248e-01	 +1.1919166e-03 +1.0388484e-03	 8.97e-01 Accepted	 209	 767	
129	 4.1120718e-01	 -4.7168649e-03 +3.1574265e-03	 9.39e-01 Accepted	 207	 765	
130	 4.1112388e-01	 -9.9563950e-04 -1.1839502e-03	 5.15e-01 Accepted	 208	 764	
131	 4.1144028e-01	 -7.2506149e-04 -1.6035283e-03	 1.17e+00 Accepted	 207	 771	
132	 4.1163657e-01	 -8.5956584e-04 +2.9548036e-03	 1.22e+00 Accepted	 208	 770	
133	 4.1142110e-01	 -5.3236701e-04 -4.2233086e-04	 9.92e-01 Accepted	 207	 768	
134	 4.1114511e-01	 +1.1241668e-03 -2.0899718e-04	 7.16e-01 Accepted	 209	 760	
135	 4.1119297e-01	 +7.4438478e-04 +1.4986932e-03	 1.16e+00 Accepted	 207	 763	
136	 4.1168048e-01	 -3.2959365e-04 -2.5566766e-03	 9.39e-01 Accepted	 208	 769	
137	 4.1148938e-01	 +1.9425912e-03 +7.2857384e-04	 7.41e-01 Accepted	 209	 767	
138	 4.1128129e-01	 +1.4641227e-03 +1.4859995e-03	 1.07e+00 Accepted	 208	 760	
139	 4.1145125e-01	 +2.0611759e-03 +5.1704054e-05	 1.38e+00 Accepted	 206	 762	
140	 4.1105309e-01	 +1.0157714e-03 +4.5553884e-04	 5.54e-01 Accepted	 207	 760	
141	 4.1133334e-01	 +1.2339310e-03 +7.9167140e-04	 9.34e-01 Accepted	 207	 765	
142	 4.1139162e-01	 -1.9497327e-03 +1.9413065e-03	 7.62e-01 Accepted	 208	 770	
143	 4.1139162e-01	 -1.9497327e-03 +1.9413065e-03	 6.00e-01 Rejected	 209	 768	
144	 4.1126455e-01	 +5.8145928e-04 -7.3392794e-04	 9.98e-01 Accepted	 209	 764	
145	 4.1132234e-01	 +9.2789933e-04 -1.3173277e-03	 1.12e+00 Accepted	 207	 766	
146	 4.1137062e-01	 +6.5991123e-04 +2.3086822e-04	 7.54e-01 Accepted	 207	 769	
147	 4.1143856e-01	 -5.4984276e-05 -3.6104743e-04	 1.45e+00 Accepted	 209	 775	
148	 4.1175203e-01	 +1.2007791e-03 -2.1672300e-03	 1.16e+00 Accepted	 209	 769	
149	 4.1131927e-01	 -4.1737391e-05 +1.4505728e-04	 7.26e-01 Accepted	 208	 766	
150	 4.1122178e-01	 +1.3145281e-03 -1.0755118e-03	 8.14e-01 Accepted	 209	 777	
151	 4.1122027e-01	 +5.4669154e-04 -8.9467019e-04	 9.21e-01 Accepted	 208	 761	
152	 4.1113159e-01	 -1.9138161e-03 +7.9881161e-04	 8.86e-01 Accepted	 207	 766	
153	 4.1137380e-01	 -2.8747879e-03 -7.3757760e-04	 1.27e+00 Accepted	 208	 762	
154	 4.1108999e-01	 +2.7542985e-03 -5.6827750e-04	 7.89e-01 Accepted	 207	 760	
155	 4.1073813e-01	 +1.0359853e-03 -1.6741119e-03	 1.10e+00 Accepted	 207	 757	
156	 4.1097093e-01	 +5.7871122e-04 +5.5212560e-04	 1.23e+00 Accepted	 207	 760	
157	 4.1102988e-01	 +1.9297512e-03 -2.0980842e-03	 9.56e-01 Accepted	 208	 773	
158	 4.1099751e-01	 +2.4433057e-03 +5.0481779e-04	 1.18e+00 Accepted	 207	 759	
159	 4.1118548e-01	 -1.8102571e-04 +8.2938161e-04	 1.37e+00 Accepted	 206	 763	
160	 4.1137499e-01	 +9.9853718e-04 +1.6198386e-03	 1.04e+00 Accepted	 209	 782	
161	 4.1137499e-01	 +9.9853718e-04 +1.6198386e-03	 8.44e-01 Rejected	 211	 781	
162	 4.1117403e-01	 +2.8634341e-03 -1.4551727e-03	 1.10e+00 Accepted	 209	 768	
163	 4.1104392e-01	 +2.4323907e-03 -1.7621160e-03	 9.61e-01 Accepted	 208	 770	
164	 4.1112656e-01	 -7.2100584e-04 +5.0528185e-04	 9.58e-01 Accepted	 208	 758	
165	 4.1115535e-01	 +3.2804559e-04 -3.3737271e-04	 9.36e-01 Accepted	 207	 759	
166	 4.1161193e-01	 -1.6044518e-03 -1.4832639e-03	 1.05e+00 Accepted	 207	 770	
167	 4.1177443e-01	 +7.3233247e-05 -1.1456332e-03	 9.56e-01 Accepted	 208	 771	
168	 4.1100271e-01	 -1.0066271e-03 +2.4171917e-03	 7.07e-01 Accepted	 209	 773	
169	 4.1100271e-01	 -1.0066271e-03 +2.4171917e-03	 7.23e-01 Rejected	 209	 765	
170	 4.1089985e-01	 +2.7380171e-03 +1.2631185e-03	 1.07e+00 Accepted	 208	 764	
171	 4.1147198e-01	 +4.4368230e-04 +1.7958642e-03	 1.53e+00 Accepted	 208	 770	
172	 4.1163261e-01	 -1.6049525e-04 -5.6783631e-04	 1.07e+00 Accepted	 208	 765	
173	 4.1157111e-01	 +3.0760972e-04 -2.2535629e-03	 1.24e+00 Accepted	 207	 764	
174	 4.1157111e-01	 +3.0760972e-04 -2.2535629e-03	 6.25e-01 Rejected	 208	 765	
175	 4.1139401e-01	 +6.6783693e-04 +1.3364456e-03	 7.56e-01 Accepted	 208	 764	
176	 4.1128187e-01	 +5.6355597e-05 -1.5657233e-03	 7.23e-01 Accepted	 210	 772	
177	 4.1131433e-01	 +1.7050836e-03 -1.7462480e-05	 9.27e-01 Accepted	 207	 761	
178	 4.1155487e-01	 +3.6388211e-04 -2.6031523e-03	 8.94e-01 Accepted	 208	 766	
179	 4.1193290e-01	 +5.2668137e-04 +3.0608197e-04	 1.19e+00 Accepted	 208	 765	
180	 4.1164407e-01	 +1.0057243e-04 -9.0888722e-04	 7.77e-01 Accepted	 209	 769	
181	 4.1193918e-01	 -2.8608205e-06 -6.5591304e-05	 1.61e+00 Accepted	 209	 770	
182	 4.1193918e-01	 -2.8608205e-06 -6.5591304e-05	 7.07e-01 Rejected	 208	 767	
183	 4.1188453e-01	 +1.1930232e-03 +1.7104380e-03	 9.40e-01 Accepted	 208	 767	
184	 4.1157827e-01	 +2.1844738e-03 +2.5607538e-03	 7.07e-01 Accepted	 208	 771	
185	 4.1144827e-01	 +1.4260045e-04 +4.9077595e-04	 1.03e+00 Accepted	 209	 765	
186	 4.1144827e-01	 +1.4260045e-04 +4.9077595e-04	 7.24e-01 Rejected	 207	 765	
187	 4.1214019e-01	 -1.5879398e-04 +1.3497069e-03	 1.35e+00 Accepted	 208	 775	
188	 4.1190536e-01	 -1.2742934e-03 -1.8310631e-03	 9.47e-01 Accepted	 209	 774	
189	 4.1143646e-01	 -5.6325789e-04 +2.2412640e-03	 7.58e-01 Accepted	 208	 780	
190	 4.1179241e-01	 +1.7568838e-03 -9.8788276e-04	 1.12e+00 Accepted	 210	 765	
191	 4.1217107e-01	 +6.3471770e-04 +1.7074668e-03	 7.98e-01 Accepted	 208	 770	
192	 4.1168740e-01	 +6.0468173e-06 +1.7305089e-03	 7.41e-01 Accepted	 208	 770	
193	 4.1159122e-01	 +5.5883396e-04 -9.8985007e-04	 1.06e+00 Accepted	 208	 767	
194	 4.1175056e-01	 +1.1945141e-03 -1.4162183e-03	 9.57e-01 Accepted	 207	 766	
195	 4.1175056e-01	 +1.1945141e-03 -1.4162183e-03	 7.13e-01 Rejected	 209	 773	
196	 4.1122590e-01	 +8.5279521e-04 +4.0955023e-04	 9.33e-01 Accepted	 209	 768	
197	 4.1147446e-01	 -3.4819031e-04 +6.8792493e-05	 6.81e-01 Accepted	 208	 770	
198	 4.1170849e-01	 -1.8819324e-03 +5.5705133e-04	 8.98e-01 Accepted	 208	 770	
199	 4.1179564e-01	 +2.4753734e-04 -2.3113723e-03	 1.17e+00 Accepted	 207	 769	
200	 4.1159830e-01	 +2.7712344e-03 +4.3895838e-04	 9.23e-01 Accepted	 207	 766	
