# Starting_type: HotStart
# serial RNG seed: 	[35927 21916 40068 50333 49058]
# parallel RNG seed:	[31978 22652 27910 556 57693]
# Trajectory_length / Number_of_MD_steps: 1 / 8
# 	 Plaquette	 Polyakov_Loop(re,im)	 Acc._Probability	 runtime_per_traj(s)	 CG_iterations	
1	 2.1469420e-01	 -5.0818099e-04 +1.5597256e-03	 7.57e+21 Accepted	 179	 637	
2	 2.9669101e-01	 -1.8116158e-03 -1.8563315e-03	 8.93e+09 Accepted	 196	 649	
3	 3.3842701e-01	 +1.3320914e-03 +3.2598967e-03	 3.03e+05 Accepted	 198	 642	
4	 3.6174258e-01	 -1.2896686e-03 +1.6605352e-04	 1.23e+03 Accepted	 198	 636	
5	 3.7687537e-01	 +1.5330839e-03 -2.6830241e-03	 1.38e+02 Accepted	 196	 632	
6	 3.8682933e-01	 +3.6243575e-04 +8.9559092e-04	 3.37e+01 Accepted	 195	 629	
7	 3.9372276e-01	 +5.0086766e-04 -3.6256797e-05	 8.14e+00 Accepted	 194	 626	
8	 3.9878594e-01	 +3.3978925e-04 -7.2606753e-04	 1.29e+01 Accepted	 194	 625	
9	 4.0299608e-01	 +2.5806873e-04 +1.9622197e-03	 3.82e+00 Accepted	 194	 624	
10	 4.0613076e-01	 +4.7112467e-04 +1.1269144e-03	 1.88e+00 Accepted	 195	 622	
11	 4.0829196e-01	 -1.2705861e-03 +7.7301387e-04	 2.39e+00 Accepted	 194	 621	
12	 4.0944934e-01	 -1.4895487e-03 -1.2720076e-03	 1.32e+00 Accepted	 194	 621	
13	 4.1060185e-01	 +1.7476682e-03 +9.1684534e-04	 1.14e+00 Accepted	 193	 622	
14	 4.1088690e-01	 +5.3412431e-04 +1.1392434e-03	 1.33e+00 Accepted	 193	 621	
15	 4.1183086e-01	 +5.0402274e-04 +7.7872547e-04	 1.42e+00 Accepted	 193	 621	
16	 4.1275957e-01	 -2.7637661e-03 -1.2678525e-03	 9.06e-01 Accepted	 195	 620	
17	 4.1319108e-01	 -1.4694942e-03 -2.9006593e-03	 1.21e+00 Accepted	 194	 620	
18	 4.1362983e-01	 +2.0304036e-03 +2.0812703e-03	 1.14e+00 Accepted	 194	 620	
19	 4.1366504e-01	 +1.7847015e-03 -2.9249494e-03	 1.32e+00 Accepted	 193	 619	
20	 4.1411529e-01	 +1.5310793e-03 +3.9785572e-03	 1.35e+00 Accepted	 194	 619	
21	 4.1438103e-01	 +7.4337202e-05 -1.6893132e-03	 8.56e-01 Accepted	 192	 620	
22	 4.1448616e-01	 -1.7435443e-03 -7.0796334e-04	 8.29e-01 Accepted	 193	 619	
23	 4.1428758e-01	 +3.2498405e-04 -7.5263428e-04	 1.07e+00 Accepted	 192	 620	
24	 4.1429250e-01	 +8.1088832e-05 -2.5581187e-03	 8.88e-01 Accepted	 192	 619	
25	 4.1508315e-01	 -8.4442900e-04 -2.9187754e-04	 1.13e+00 Accepted	 193	 619	
26	 4.1519004e-01	 -3.8007764e-04 +1.8666454e-03	 9.12e-01 Accepted	 193	 619	
27	 4.1543224e-01	 -1.1736960e-03 -1.3526814e-03	 1.13e+00 Accepted	 193	 619	
28	 4.1557096e-01	 +1.5928672e-03 -7.5763267e-04	 9.02e-01 Accepted	 193	 619	
29	 4.1557096e-01	 +1.5928672e-03 -7.5763267e-04	 8.82e-01 Rejected	 193	 619	
30	 4.1597117e-01	 -3.0091025e-04 -2.6417649e-04	 6.92e-01 Accepted	 193	 619	
31	 4.1618703e-01	 -4.7182158e-04 +1.0902290e-03	 1.30e+00 Accepted	 194	 619	
32	 4.1566207e-01	 +1.0368777e-03 +9.4752411e-04	 7.64e-01 Accepted	 193	 619	
33	 4.1524773e-01	 -3.3983297e-04 -8.9812335e-04	 7.51e-01 Accepted	 193	 619	
34	 4.1508138e-01	 -1.1947553e-03 +2.2363748e-03	 1.08e+00 Accepted	 193	 619	
35	 4.1525730e-01	 +8.4995598e-04 -2.2427939e-03	 8.09e-01 Accepted	 194	 619	
36	 4.1534696e-01	 +5.6728725e-04 -3.3121548e-03	 1.05e+00 Accepted	 193	 619	
37	 4.1576850e-01	 -1.5214666e-03 -7.4018065e-04	 1.12e+00 Accepted	 193	 619	
38	 4.1600380e-01	 -6.6282984e-04 -3.1455893e-04	 8.27e-01 Accepted	 193	 619	
39	 4.1600380e-01	 -6.6282984e-04 -3.1455893e-04	 8.27e-01 Rejected	 193	 619	
40	 4.1593864e-01	 +1.7522665e-04 +7.7691208e-04	 5.81e-01 Accepted	 193	 619	
41	 4.1572509e-01	 +7.8903728e-05 -2.2853199e-04	 9.62e-01 Accepted	 192	 619	
42	 4.1594048e-01	 +7.0867973e-04 +6.7944668e-04	 1.42e+00 Accepted	 193	 619	
43	 4.1594048e-01	 +7.0867973e-04 +6.7944668e-04	 4.50e-01 Rejected	 193	 619	
44	 4.1573582e-01	 +1.2553238e-04 +2.4588533e-04	 9.63e-01 Accepted	 193	 619	
45	 4.1556054e-01	 -4.7302979e-04 +2.5994021e-04	 8.12e-01 Accepted	 193	 619	
46	 4.1588415e-01	 -1.1082078e-03 +4.6750580e-04	 1.20e+00 Accepted	 193	 619	
47	 4.1588415e-01	 -1.1082078e-03 +4.6750580e-04	 6.62e-01 Rejected	 193	 619	
48	 4.1588415e-01	 -1.1082078e-03 +4.6750580e-04	 8.32e-01 Rejected	 193	 619	
49	 4.1591485e-01	 +1.8714418e-03 -1.0239491e-03	 1.04e+00 Accepted	 194	 619	
50	 4.1591485e-01	 +1.8714418e-03 -1.0239491e-03	 6.99e-01 Rejected	 194	 619	
51	 4.1557895e-01	 +6.5563180e-05 +3.3221346e-04	 1.20e+00 Accepted	 193	 619	
52	 4.1557895e-01	 +6.5563180e-05 +3.3221346e-04	 6.58e-01 Rejected	 193	 619	
53	 4.1572814e-01	 +8.8588890e-04 +4.1795016e-03	 1.09e+00 Accepted	 193	 619	
54	 4.1523014e-01	 +9.5125494e-04 -4.4743412e-04	 9.13e-01 Accepted	 192	 619	
55	 4.1535916e-01	 -6.6145692e-04 -2.0082928e-04	 1.53e+00 Accepted	 193	 618	
56	 4.1550564e-01	 -3.5942944e-04 +4.6579026e-04	 1.43e+00 Accepted	 193	 619	
57	 4.1550564e-01	 -3.5942944e-04 +4.6579026e-04	 8.03e-01 Rejected	 194	 619	
58	 4.1564192e-01	 +2.9883175e-04 +9.2912175e-04	 1.35e+00 Accepted	 194	 619	
59	 4.1551568e-01	 -6.5157990e-04 -1.9075774e-03	 7.39e-01 Accepted	 193	 619	
60	 4.1555301e-01	 -2.5329134e-04 +2.3161527e-03	 1.33e+00 Accepted	 193	 620	
61	 4.1555301e-01	 -2.5329134e-04 +2.3161527e-03	 6.34e-01 Rejected	 193	 619	
62	 4.1561221e-01	 -2.4861626e-03 +1.7614739e-03	 8.09e-01 Accepted	 193	 619	
63	 4.1566267e-01	 +8.2816823e-05 +1.6814589e-03	 1.25e+00 Accepted	 193	 620	
64	 4.1548922e-01	 +4.2970963e-05 +7.7773493e-04	 7.96e-01 Accepted	 192	 618	
65	 4.1548922e-01	 +4.2970963e-05 +7.7773493e-04	 7.29e-01 Rejected	 194	 619	
66	 4.1539171e-01	 -1.7471125e-03 +3.2878177e-04	 1.08e+00 Accepted	 193	 619	
67	 4.1542004e-01	 +3.6826868e-04 +8.6307170e-04	 1.22e+00 Accepted	 193	 620	
68	 4.1545791e-01	 -2.1300005e-03 -2.8677918e-03	 1.10e+00 Accepted	 193	 619	
69	 4.1531971e-01	 +1.1521750e-03 -1.7573164e-03	 9.36e-01 Accepted	 193	 620	
70	 4.1531841e-01	 +6.1512267e-04 -1.3833456e-03	 1.08e+00 Accepted	 193	 620	
71	 4.1527487e-01	 +7.8986711e-04 -2.8896591e-04	 9.86e-01 Accepted	 193	 619	
72	 4.1538310e-01	 -8.9657856e-04 +2.5003156e-04	 1.05e+00 Accepted	 192	 619	
73	 4.1512336e-01	 -2.6595521e-03 -4.7484417e-04	 8.36e-01 Accepted	 193	 619	
74	 4.1500160e-01	 +1.6420938e-03 +2.9281649e-03	 7.23e-01 Accepted	 194	 619	
75	 4.1538456e-01	 +3.3665864e-03 +3.8306664e-05	 1.70e+00 Accepted	 194	 619	
76	 4.1553111e-01	 -2.4325212e-03 +2.0656510e-03	 8.97e-01 Accepted	 194	 619	
77	 4.1509986e-01	 -4.2440136e-03 +1.2334727e-05	 7.33e-01 Accepted	 193	 619	
78	 4.1500943e-01	 +1.5027124e-03 +1.4912917e-03	 1.04e+00 Accepted	 194	 619	
79	 4.1541056e-01	 -2.3656045e-04 +5.2812907e-04	 1.01e+00 Accepted	 193	 619	
80	 4.1526416e-01	 -2.4014825e-03 -2.2478977e-03	 9.11e-01 Accepted	 194	 619	
81	 4.1500672e-01	 +2.2786787e-03 -1.4861929e-03	 8.65e-01 Accepted	 194	 619	
82	 4.1521139e-01	 -1.8915083e-04 -8.9979888e-04	 1.17e+00 Accepted	 195	 619	
83	 4.1539803e-01	 +3.4638144e-03 +8.2275280e-04	 1.18e+00 Accepted	 193	 619	
84	 4.1547124e-01	 -6.6888595e-04 -7.1495832e-04	 1.34e+00 Accepted	 193	 619	
85	 4.1520113e-01	 +3.9870770e-04 +3.0892549e-04	 7.89e-01 Accepted	 193	 619	
86	 4.1538874e-01	 +2.9698902e-03 -4.7380861e-04	 1.09e+00 Accepted	 193	 619	
87	 4.1543174e-01	 +2.5894947e-03 -1.2194970e-03	 1.02e+00 Accepted	 194	 619	
88	 4.1540752e-01	 +9.5686875e-04 -4.7980636e-04	 7.26e-01 Accepted	 193	 619	
89	 4.1549075e-01	 -5.1852536e-04 +4.7222731e-04	 8.72e-01 Accepted	 193	 619	
90	 4.1569259e-01	 -1.4710248e-03 -9.8819772e-05	 7.81e-01 Accepted	 192	 619	
91	 4.1548555e-01	 +3.0332704e-03 -1.8099964e-05	 9.67e-01 Accepted	 194	 619	
92	 4.1552498e-01	 -1.0187299e-05 +4.2803263e-04	 8.41e-01 Accepted	 192	 619	
93	 4.1569666e-01	 +2.1689687e-03 -5.6016551e-04	 1.02e+00 Accepted	 193	 619	
94	 4.1575131e-01	 -9.3620467e-04 -1.0101542e-03	 9.03e-01 Accepted	 193	 619	
95	 4.1541377e-01	 +9.4644965e-04 +1.9445732e-03	 9.84e-01 Accepted	 193	 619	
96	 4.1508787e-01	 -1.2809313e-03 -1.1545668e-03	 9.80e-01 Accepted	 193	 619	
97	 4.1479221e-01	 -5.0397567e-04 +4.9468054e-04	 8.55e-01 Accepted	 194	 619	
98	 4.1479221e-01	 -5.0397567e-04 +4.9468054e-04	 8.71e-01 Rejected	 193	 619	
99	 4.1501026e-01	 -1.6671479e-03 +1.1070410e-03	 8.41e-01 Accepted	 193	 619	
100	 4.1482328e-01	 -2.9786196e-03 +1.0142916e-03	 8.79e-01 Accepted	 194	 619	
101	 4.1469119e-01	 -2.3078204e-03 +2.3828909e-03	 1.11e+00 Accepted	 193	 619	
102	 4.1461931e-01	 +1.2403739e-03 +3.8511024e-03	 1.09e+00 Accepted	 193	 620	
103	 4.1461931e-01	 +1.2403739e-03 +3.8511024e-03	 6.35e-01 Rejected	 193	 619	
104	 4.1461931e-01	 +1.2403739e-03 +3.8511024e-03	 7.74e-01 Rejected	 194	 619	
105	 4.1492355e-01	 +2.3592147e-03 -8.0885642e-04	 9.65e-01 Accepted	 193	 619	
106	 4.1495735e-01	 -1.3478623e-03 -8.3302574e-04	 1.71e+00 Accepted	 194	 619	
107	 4.1476913e-01	 +5.9708984e-04 +9.4797753e-04	 6.24e-01 Accepted	 193	 620	
108	 4.1489203e-01	 -4.4294053e-04 -4.2809847e-03	 1.15e+00 Accepted	 193	 619	
109	 4.1467912e-01	 +1.0547104e-03 -1.0827423e-04	 6.80e-01 Accepted	 193	 619	
110	 4.1474067e-01	 -1.8193933e-03 -3.5450819e-04	 1.03e+00 Accepted	 193	 619	
111	 4.1541218e-01	 -5.3049792e-04 -8.2627677e-04	 1.81e+00 Accepted	 193	 619	
112	 4.1541218e-01	 -5.3049792e-04 -8.2627677e-04	 8.05e-01 Rejected	 193	 619	
113	 4.1599473e-01	 +5.7526036e-04 -1.6281110e-04	 1.00e+00 Accepted	 193	 619	
114	 4.1562369e-01	 -8.8710306e-04 -1.1976538e-03	 8.55e-01 Accepted	 193	 619	
115	 4.1562369e-01	 -8.8710306e-04 -1.1976538e-03	 7.45e-01 Rejected	 193	 620	
116	 4.1562369e-01	 -8.8710306e-04 -1.1976538e-03	 5.32e-01 Rejected	 194	 620	
117	 4.1562868e-01	 -6.8581229e-04 +3.3129716e-03	 1.09e+00 Accepted	 194	 619	
118	 4.1560922e-01	 +3.3385995e-04 -1.3990611e-03	 1.37e+00 Accepted	 193	 619	
119	 4.1578436e-01	 +2.2159014e-03 -1.2531511e-03	 1.27e+00 Accepted	 193	 619	
120	 4.1583271e-01	 +8.7156705e-04 +2.1691519e-04	 1.13e+00 Accepted	 193	 619	
121	 4.1542229e-01	 +1.8267712e-03 -2.4516400e-04	 7.73e-01 Accepted	 193	 619	
122	 4.1513346e-01	 +2.7258423e-04 +3.9720839e-04	 1.15e+00 Accepted	 194	 619	
123	 4.1526726e-01	 -1.6756703e-03 +1.1811717e-03	 1.25e+00 Accepted	 193	 619	
124	 4.1528837e-01	 +1.0766516e-03 +6.1621077e-04	 8.00e-01 Accepted	 194	 619	
125	 4.1504004e-01	 +7.0895109e-05 +3.8202268e-04	 8.57e-01 Accepted	 193	 619	
126	 4.1536989e-01	 +2.3342703e-05 +4.2611345e-03	 1.36e+00 Accepted	 193	 619	
127	 4.1543447e-01	 +1.4898200e-04 -7.1204983e-04	 1.12e+00 Accepted	 193	 619	
128	 4.1556356e-01	 -3.6106810e-04 -4.7446167e-04	 1.55e+00 Accepted	 194	 619	
129	 4.1514665e-01	 +1.4762420e-03 -1.6654953e-04	 1.13e+00 Accepted	 194	 620	
130	 4.1488631e-01	 -1.1361831e-03 +8.6072848e-04	 8.10e-01 Accepted	 194	 619	
131	 4.1526015e-01	 +3.1799390e-03 +2.8044038e-03	 1.34e+00 Accepted	 194	 619	
132	 4.1558352e-01	 +6.5964403e-04 +1.7499639e-03	 1.53e+00 Accepted	 194	 619	
133	 4.1586536e-01	 -2.1143383e-03 -3.9229830e-04	 7.33e-01 Accepted	 193	 618	
134	 4.1587477e-01	 -1.9195724e-03 -1.2534730e-04	 1.24e+00 Accepted	 193	 619	
135	 4.1590888e-01	 -5.8404743e-04 +4.2920575e-04	 8.23e-01 Accepted	 193	 618	
136	 4.1614859e-01	 -1.0686289e-03 -2.3225433e-03	 1.19e+00 Accepted	 194	 618	
137	 4.1572435e-01	 +4.5437548e-04 -6.7256915e-04	 7.10e-01 Accepted	 193	 620	
138	 4.1565308e-01	 +1.2456599e-03 -1.3355442e-03	 1.06e+00 Accepted	 194	 619	
139	 4.1565308e-01	 +1.2456599e-03 -1.3355442e-03	 5.26e-01 Rejected	 193	 619	
140	 4.1597730e-01	 +1.1707173e-03 -2.7847605e-03	 1.09e+00 Accepted	 193	 619	
141	 4.1570338e-01	 +1.2299816e-03 -2.0703199e-03	 9.33e-01 Accepted	 193	 620	
142	 4.1570338e-01	 +1.2299816e-03 -2.0703199e-03	 9.22e-01 Rejected	 193	 619	
143	 4.1564387e-01	 +2.4823797e-04 -5.2969979e-04	 9.43e-01 Accepted	 193	 619	
144	 4.1558693e-01	 +1.0032133e-06 +8.2929566e-07	 5.44e-01 Accepted	 194	 619	
145	 4.1522706e-01	 +2.2793152e-03 -1.2356488e-03	 1.13e+00 Accepted	 193	 619	
146	 4.1538434e-01	 +1.1112169e-03 -1.8350679e-03	 7.81e-01 Accepted	 194	 619	
147	 4.1580064e-01	 -1.9923135e-03 +1.9179978e-03	 1.29e+00 Accepted	 193	 619	
148	 4.1580340e-01	 -4.5333861e-04 +1.8713441e-03	 6.88e-01 Accepted	 193	 619	
149	 4.1609446e-01	 +3.0008041e-06 +4.1376226e-04	 1.25e+00 Accepted	 194	 619	
150	 4.1599571e-01	 +1.6934766e-03 -1.0895715e-03	 1.27e+00 Accepted	 194	 619	
151	 4.1588283e-01	 -4.6979253e-05 -1.1934580e-03	 8.72e-01 Accepted	 193	 618	
152	 4.1545263e-01	 -7.8896400e-05 -1.8532355e-04	 6.78e-01 Accepted	 193	 619	
153	 4.1553803e-01	 -1.0346417e-03 -1.9202764e-03	 7.39e-01 Accepted	 194	 619	
154	 4.1553981e-01	 +1.2228300e-04 +6.1976885e-05	 9.22e-01 Accepted	 193	 619	
155	 4.1555126e-01	 -8.3500444e-05 +3.1244288e-04	 1.16e+00 Accepted	 193	 619	
156	 4.1569173e-01	 +1.0139572e-03 -5.1676512e-04	 1.22e+00 Accepted	 194	 619	
157	 4.1577641e-01	 -1.2874401e-03 +1.3104569e-03	 1.23e+00 Accepted	 193	 619	
158	 4.1550453e-01	 +1.1922839e-03 -6.4824628e-04	 8.82e-01 Accepted	 193	 619	
159	 4.1521158e-01	 -1.2383231e-04 -6.0246236e-04	 1.43e+00 Accepted	 193	 619	
160	 4.1556541e-01	 +4.7038902e-05 -2.0445077e-03	 8.62e-01 Accepted	 194	 619	
161	 4.1574806e-01	 +3.7805223e-05 -2.5321417e-03	 1.31e+00 Accepted	 194	 619	
162	 4.1547288e-01	 -2.4737179e-03 +2.1486915e-03	 7.39e-01 Accepted	 194	 619	
163	 4.1560913e-01	 +1.1726072e-03 -9.5667740e-04	 9.68e-01 Accepted	 193	 619	
164	 4.1577395e-01	 -6.9267399e-04 +6.5065039e-05	 5.32e-01 Accepted	 193	 619	
165	 4.1565869e-01	 +3.2433520e-03 -2.9196683e-03	 9.02e-01 Accepted	 193	 619	
166	 4.1586603e-01	 -1.4873591e-03 +3.0095131e-03	 1.64e+00 Accepted	 192	 619	
167	 4.1558849e-01	 +4.9467478e-04 +1.1179328e-03	 6.12e-01 Accepted	 194	 619	
168	 4.1595530e-01	 -1.1365329e-03 -1.0493435e-03	 9.24e-01 Accepted	 194	 619	
169	 4.1536810e-01	 +6.8030584e-04 -1.4329870e-03	 9.80e-01 Accepted	 195	 619	
170	 4.1584904e-01	 -1.6234188e-03 -1.4981315e-03	 1.10e+00 Accepted	 194	 619	
171	 4.1533540e-01	 -2.5067471e-03 +8.1695445e-04	 6.10e-01 Accepted	 193	 619	
172	 4.1540109e-01	 +2.5333105e-03 +3.9404487e-03	 1.00e+00 Accepted	 194	 619	
173	 4.1576038e-01	 -1.1729364e-03 +2.3183787e-03	 1.46e+00 Accepted	 194	 619	
174	 4.1557428e-01	 -1.6598851e-04 +1.9323002e-03	 7.88e-01 Accepted	 193	 619	
175	 4.1507793e-01	 -2.0453225e-03 +5.7545749e-04	 8.85e-01 Accepted	 193	 619	
176	 4.1530717e-01	 +3.1721946e-04 +3.0331763e-04	 1.08e+00 Accepted	 193	 619	
177	 4.1555216e-01	 +2.0560598e-03 -6.0872079e-04	 1.13e+00 Accepted	 193	 619	
178	 4.1518246e-01	 -1.2425158e-03 -4.2398345e-04	 1.46e+00 Accepted	 193	 619	
179	 4.1537853e-01	 +1.4162309e-04 -9.7173733e-04	 9.33e-01 Accepted	 194	 619	
180	 4.1542995e-01	 +2.0386300e-03 +3.3520454e-04	 7.91e-01 Accepted	 194	 620	
181	 4.1567250e-01	 +8.0579338e-04 +2.9342330e-04	 1.04e+00 Accepted	 192	 619	
182	 4.1585250e-01	 +1.6941124e-03 +2.6764097e-03	 8.41e-01 Accepted	 194	 619	
183	 4.1576428e-01	 +2.5762021e-04 -2.4404925e-03	 9.11e-01 Accepted	 194	 619	
184	 4.1621346e-01	 -1.3089953e-03 +4.6426115e-04	 1.28e+00 Accepted	 193	 619	
185	 4.1541378e-01	 +2.5522182e-03 +1.9637965e-03	 8.02e-01 Accepted	 193	 619	
186	 4.1577672e-01	 -2.5211390e-04 -5.6726242e-04	 7.19e-01 Accepted	 194	 619	
187	 4.1573820e-01	 -4.3081040e-05 +1.1517000e-03	 1.01e+00 Accepted	 193	 619	
188	 4.1571230e-01	 -8.3826228e-04 +1.7714608e-03	 7.64e-01 Accepted	 193	 619	
189	 4.1532189e-01	 -1.7171348e-03 -2.2136711e-03	 8.13e-01 Accepted	 194	 620	
190	 4.1537905e-01	 +7.6085059e-04 -1.0772385e-04	 9.52e-01 Accepted	 194	 619	
191	 4.1543849e-01	 +2.8674705e-03 -5.8376447e-04	 8.92e-01 Accepted	 194	 619	
192	 4.1539877e-01	 -3.0087593e-04 +1.2068727e-03	 7.66e-01 Accepted	 193	 620	
193	 4.1546324e-01	 -2.6465820e-03 -1.3173740e-04	 9.45e-01 Accepted	 193	 619	
194	 4.1535333e-01	 +3.0897941e-04 -1.2307493e-03	 9.47e-01 Accepted	 194	 618	
195	 4.1556310e-01	 -2.2920224e-03 +1.5420423e-03	 8.63e-01 Accepted	 193	 619	
196	 4.1580002e-01	 -1.2232751e-03 -9.0293370e-04	 1.07e+00 Accepted	 193	 618	
197	 4.1569320e-01	 -1.3499248e-03 +2.6241798e-03	 1.11e+00 Accepted	 193	 619	
198	 4.1566544e-01	 +1.0565858e-03 -1.6622924e-03	 7.51e-01 Accepted	 193	 619	
199	 4.1549510e-01	 +1.5173554e-03 +4.1483185e-04	 8.52e-01 Accepted	 194	 620	
200	 4.1537337e-01	 +1.6012181e-03 +9.6437491e-04	 7.90e-01 Accepted	 193	 619	
201	 4.1537337e-01	 +1.6012181e-03 +9.6437491e-04	 5.64e-01 Rejected	 193	 619	
202	 4.1509000e-01	 -7.3862849e-04 +8.9914763e-04	 1.24e+00 Accepted	 194	 619	
203	 4.1526347e-01	 -1.5329729e-03 +1.1295966e-04	 1.08e+00 Accepted	 194	 619	
204	 4.1579467e-01	 -1.1715692e-03 +1.8380099e-03	 1.07e+00 Accepted	 194	 619	
205	 4.1582345e-01	 -1.3494163e-03 +2.0484740e-03	 1.26e+00 Accepted	 193	 619	
206	 4.1543159e-01	 +4.8514233e-04 -9.5181072e-04	 6.81e-01 Accepted	 193	 619	
207	 4.1498921e-01	 +2.3262633e-03 -6.3959506e-04	 1.12e+00 Accepted	 194	 619	
208	 4.1498921e-01	 +2.3262633e-03 -6.3959506e-04	 6.47e-01 Rejected	 193	 619	
209	 4.1507501e-01	 +1.0928301e-03 -1.0976618e-03	 8.78e-01 Accepted	 194	 619	
210	 4.1507501e-01	 +1.0928301e-03 -1.0976618e-03	 7.01e-01 Rejected	 194	 619	
211	 4.1499028e-01	 -9.8470416e-04 +9.4282083e-05	 1.15e+00 Accepted	 194	 619	
212	 4.1484452e-01	 -4.5470960e-04 -1.1865971e-03	 9.04e-01 Accepted	 194	 619	
213	 4.1485692e-01	 +8.5991958e-04 -1.3937734e-03	 8.94e-01 Accepted	 193	 620	
214	 4.1500238e-01	 +2.7381971e-03 -2.8432229e-03	 8.41e-01 Accepted	 194	 620	
215	 4.1486875e-01	 -1.5610061e-03 -4.2721512e-04	 1.38e+00 Accepted	 194	 619	
216	 4.1496849e-01	 +8.9007158e-04 -6.4941702e-04	 1.21e+00 Accepted	 193	 619	
217	 4.1509200e-01	 +1.6047321e-03 -1.1230095e-03	 1.02e+00 Accepted	 194	 620	
218	 4.1495529e-01	 -3.5836493e-04 +2.4416569e-03	 1.28e+00 Accepted	 194	 620	
219	 4.1528693e-01	 +5.3278356e-05 +2.1506635e-04	 1.76e+00 Accepted	 194	 619	
220	 4.1505890e-01	 -3.4404150e-04 -5.4529204e-06	 8.49e-01 Accepted	 194	 619	
221	 4.1550127e-01	 +1.9057409e-05 -6.2610568e-04	 1.09e+00 Accepted	 193	 619	
222	 4.1538616e-01	 +2.4259845e-03 -2.5963897e-03	 9.78e-01 Accepted	 193	 619	
223	 4.1541867e-01	 +5.8536761e-04 -1.7768468e-03	 1.31e+00 Accepted	 193	 620	
# Starting_type: CheckpointStart
# Trajectory_length / Number_of_MD_steps: 1 / 8
# 	 Plaquette	 Polyakov_Loop(re,im)	 Acc._Probability	 runtime_per_traj(s)	 CG_iterations	
223	 4.1541867e-01	 +5.8536761e-04 -1.7768468e-03	 1.31e+00 Accepted	 201	 620	
224	 4.1576694e-01	 -2.2473510e-03 -5.9363779e-04	 7.81e-01 Accepted	 198	 619	
225	 4.1599927e-01	 +1.3689909e-03 +3.0206910e-04	 9.35e-01 Accepted	 195	 619	
226	 4.1622813e-01	 +4.3538611e-04 +1.0570073e-03	 1.11e+00 Accepted	 194	 619	
227	 4.1566305e-01	 +1.4163714e-03 +3.4645240e-05	 8.20e-01 Accepted	 194	 619	
228	 4.1516420e-01	 +1.0909110e-03 +4.4436079e-04	 7.18e-01 Accepted	 194	 619	
229	 4.1499439e-01	 -6.0280814e-04 -1.3259830e-05	 8.85e-01 Accepted	 193	 620	
230	 4.1517419e-01	 -1.0621337e-03 -5.0371518e-06	 8.04e-01 Accepted	 194	 619	
231	 4.1519596e-01	 +1.0690481e-03 -1.0854808e-03	 1.13e+00 Accepted	 193	 619	
232	 4.1479023e-01	 -1.2785524e-03 -9.9558392e-04	 8.14e-01 Accepted	 193	 620	
233	 4.1507814e-01	 -1.1322848e-03 +8.2531336e-04	 8.33e-01 Accepted	 194	 619	
234	 4.1488857e-01	 -7.6686182e-04 +2.5677179e-04	 7.90e-01 Accepted	 194	 619	
235	 4.1509244e-01	 -1.6316644e-03 -3.7639381e-04	 1.21e+00 Accepted	 194	 620	
236	 4.1533594e-01	 -3.3948765e-03 +2.5402881e-03	 1.03e+00 Accepted	 194	 619	
237	 4.1562510e-01	 -7.8906805e-05 +8.4768063e-04	 1.09e+00 Accepted	 194	 618	
238	 4.1554186e-01	 +3.4068898e-03 +6.3413725e-04	 7.87e-01 Accepted	 193	 619	
239	 4.1512109e-01	 +1.1157369e-03 +2.4584710e-03	 6.90e-01 Accepted	 193	 619	
240	 4.1502975e-01	 -5.6523234e-05 +1.2818827e-03	 1.10e+00 Accepted	 193	 619	
241	 4.1502975e-01	 -5.6523234e-05 +1.2818827e-03	 7.92e-01 Rejected	 193	 619	
242	 4.1532520e-01	 +1.0673038e-04 +3.5301825e-03	 1.22e+00 Accepted	 193	 619	
243	 4.1532520e-01	 +1.0673038e-04 +3.5301825e-03	 7.54e-01 Rejected	 194	 619	
244	 4.1524842e-01	 -4.9804738e-04 -3.1400514e-03	 1.25e+00 Accepted	 193	 619	
245	 4.1551340e-01	 -1.6494183e-03 +1.8541756e-03	 1.02e+00 Accepted	 194	 619	
246	 4.1498381e-01	 -1.9265665e-04 +9.0897259e-04	 6.30e-01 Accepted	 192	 619	
247	 4.1512523e-01	 +1.3063326e-03 -7.0843729e-04	 8.57e-01 Accepted	 193	 620	
248	 4.1526039e-01	 +3.5013375e-03 +1.5736224e-03	 1.14e+00 Accepted	 194	 620	
249	 4.1537751e-01	 -1.0231341e-04 +8.6995403e-04	 1.04e+00 Accepted	 194	 619	
250	 4.1546369e-01	 +1.5050280e-03 +8.5467308e-05	 1.00e+00 Accepted	 194	 619	
251	 4.1497374e-01	 -1.1269415e-03 +1.1590903e-03	 6.73e-01 Accepted	 192	 619	
252	 4.1511795e-01	 -3.9070854e-04 +6.6853296e-04	 9.06e-01 Accepted	 193	 620	
253	 4.1511795e-01	 -3.9070854e-04 +6.6853296e-04	 5.68e-01 Rejected	 193	 620	
254	 4.1538973e-01	 +1.4410292e-03 +1.0244467e-03	 1.26e+00 Accepted	 193	 619	
255	 4.1498978e-01	 +1.4750873e-04 +3.2051191e-03	 8.70e-01 Accepted	 193	 619	
256	 4.1504290e-01	 +6.4677346e-05 +1.6481320e-04	 1.32e+00 Accepted	 193	 619	
257	 4.1494643e-01	 -1.3925635e-03 +6.0113392e-04	 8.61e-01 Accepted	 193	 619	
258	 4.1506589e-01	 -2.1171744e-03 +2.6785194e-03	 9.68e-01 Accepted	 194	 619	
259	 4.1518896e-01	 +1.5349948e-03 +1.1723161e-03	 7.39e-01 Accepted	 193	 619	
260	 4.1526482e-01	 -1.6323371e-03 -1.6881037e-03	 1.11e+00 Accepted	 194	 620	
261	 4.1543609e-01	 +1.8598959e-03 +1.6082269e-03	 8.06e-01 Accepted	 194	 619	
262	 4.1551351e-01	 -6.4592627e-04 +1.6370613e-04	 6.92e-01 Accepted	 193	 619	
263	 4.1564926e-01	 -6.8556965e-04 +5.7845659e-04	 1.20e+00 Accepted	 194	 618	
264	 4.1564926e-01	 -6.8556965e-04 +5.7845659e-04	 5.96e-01 Rejected	 194	 619	
265	 4.1572858e-01	 -1.3971465e-04 -8.9598492e-04	 1.10e+00 Accepted	 192	 619	
266	 4.1538615e-01	 -5.0138806e-04 -7.0740232e-04	 1.24e+00 Accepted	 193	 619	
267	 4.1543910e-01	 -2.0922750e-03 -1.4958949e-04	 9.30e-01 Accepted	 194	 619	
268	 4.1523541e-01	 +1.1678828e-03 +1.3317335e-03	 9.23e-01 Accepted	 194	 619	
269	 4.1550153e-01	 -2.0014352e-03 -4.2323523e-04	 1.25e+00 Accepted	 193	 619	
270	 4.1547429e-01	 +1.1808834e-03 +2.4615096e-03	 9.74e-01 Accepted	 193	 619	
271	 4.1518800e-01	 -1.9623587e-04 -1.2398400e-03	 8.80e-01 Accepted	 193	 619	
272	 4.1502713e-01	 -2.6098805e-03 +2.4290835e-03	 9.55e-01 Accepted	 194	 619	
273	 4.1528590e-01	 -6.9147842e-05 -1.1807663e-03	 9.30e-01 Accepted	 193	 619	
274	 4.1528590e-01	 -6.9147842e-05 -1.1807663e-03	 8.17e-01 Rejected	 194	 619	
275	 4.1522611e-01	 +3.6744794e-03 +9.6718414e-04	 9.95e-01 Accepted	 193	 619	
276	 4.1584488e-01	 -3.7063258e-03 -1.2685690e-03	 2.44e+00 Accepted	 194	 619	
277	 4.1587320e-01	 -8.1181352e-04 +1.8183021e-03	 1.02e+00 Accepted	 194	 619	
278	 4.1553959e-01	 -2.1655433e-03 -4.7391291e-04	 1.14e+00 Accepted	 193	 619	
279	 4.1528053e-01	 -6.0345207e-04 +5.0588638e-04	 8.55e-01 Accepted	 193	 619	
280	 4.1514024e-01	 +1.1748825e-03 +1.2288560e-04	 9.40e-01 Accepted	 193	 620	
281	 4.1514024e-01	 +1.1748825e-03 +1.2288560e-04	 6.90e-01 Rejected	 193	 620	
282	 4.1533742e-01	 -4.9458599e-04 -9.9410596e-04	 1.13e+00 Accepted	 193	 619	
283	 4.1503223e-01	 +1.8689921e-03 +6.6463861e-04	 7.68e-01 Accepted	 193	 619	
284	 4.1496800e-01	 +1.2050278e-03 -4.5049190e-04	 9.94e-01 Accepted	 194	 620	
285	 4.1515449e-01	 -1.3627845e-03 -4.2101288e-05	 1.23e+00 Accepted	 193	 619	
286	 4.1491227e-01	 -3.0616999e-04 +1.2266058e-03	 1.36e+00 Accepted	 193	 618	
287	 4.1519034e-01	 +4.1878271e-04 -2.1101142e-04	 1.05e+00 Accepted	 193	 620	
288	 4.1493111e-01	 +2.4248940e-03 -1.0344186e-03	 6.75e-01 Accepted	 193	 619	
289	 4.1526340e-01	 +1.5162035e-04 -7.9133599e-04	 8.03e-01 Accepted	 193	 619	
290	 4.1522677e-01	 -6.6191318e-04 +6.8153102e-04	 1.22e+00 Accepted	 194	 619	
291	 4.1470478e-01	 -2.9888739e-03 +6.6146145e-04	 1.06e+00 Accepted	 193	 620	
292	 4.1497106e-01	 +2.5961732e-03 +2.8225009e-05	 8.24e-01 Accepted	 194	 620	
293	 4.1499047e-01	 -2.2225489e-03 +1.5584521e-04	 1.20e+00 Accepted	 194	 619	
294	 4.1491000e-01	 +1.5999997e-04 -2.1496375e-03	 9.89e-01 Accepted	 194	 618	
295	 4.1571892e-01	 +8.0033632e-04 +1.8099613e-03	 1.00e+00 Accepted	 193	 619	
296	 4.1592614e-01	 -2.0746295e-03 -4.3507873e-04	 1.14e+00 Accepted	 195	 619	
297	 4.1572871e-01	 +6.9770224e-04 -4.1350486e-04	 9.19e-01 Accepted	 194	 619	
298	 4.1559713e-01	 +1.3271164e-03 -1.1454424e-03	 1.18e+00 Accepted	 194	 619	
299	 4.1537606e-01	 -1.1517127e-03 -2.1969112e-04	 7.88e-01 Accepted	 194	 620	
300	 4.1543696e-01	 +2.8751633e-03 +7.4336523e-05	 8.61e-01 Accepted	 193	 619	
301	 4.1473566e-01	 +5.7629010e-04 -1.9220490e-04	 9.12e-01 Accepted	 193	 619	
302	 4.1473566e-01	 +5.7629010e-04 -1.9220490e-04	 8.84e-01 Rejected	 193	 620	
303	 4.1519887e-01	 +1.9736467e-03 -1.8776569e-03	 1.12e+00 Accepted	 194	 619	
304	 4.1537126e-01	 -8.5162456e-04 +3.1710222e-04	 6.91e-01 Accepted	 195	 619	
305	 4.1584296e-01	 +1.8760799e-03 +4.9100630e-04	 8.04e-01 Accepted	 193	 618	
306	 4.1564138e-01	 +1.3789350e-03 +7.9281119e-04	 1.28e+00 Accepted	 193	 619	
307	 4.1581792e-01	 +9.6655095e-05 +2.3816804e-03	 9.70e-01 Accepted	 193	 619	
308	 4.1615069e-01	 -8.2263049e-04 +1.4042227e-03	 9.54e-01 Accepted	 194	 619	
309	 4.1615109e-01	 +2.1918082e-03 +1.0501725e-03	 8.88e-01 Accepted	 194	 619	
310	 4.1607250e-01	 +6.2490433e-04 +4.5925685e-04	 1.03e+00 Accepted	 194	 619	
311	 4.1577103e-01	 -1.1996677e-04 -2.1454093e-03	 7.86e-01 Accepted	 194	 619	
312	 4.1572570e-01	 -8.7128580e-04 +2.0428484e-03	 8.82e-01 Accepted	 193	 619	
313	 4.1556671e-01	 +1.1713671e-03 +1.9446374e-03	 1.23e+00 Accepted	 193	 619	
314	 4.1588809e-01	 -2.1235534e-03 +4.2059184e-04	 1.21e+00 Accepted	 194	 619	
315	 4.1605309e-01	 +5.5252381e-05 -9.9769320e-04	 1.04e+00 Accepted	 193	 619	
316	 4.1595430e-01	 -3.0746640e-03 +1.1051015e-03	 1.53e+00 Accepted	 195	 619	
317	 4.1645535e-01	 -6.8458495e-04 -3.4862990e-05	 1.47e+00 Accepted	 195	 619	
318	 4.1620515e-01	 +3.9353724e-04 +5.4009969e-04	 8.80e-01 Accepted	 193	 618	
319	 4.1569433e-01	 +1.1653081e-03 -6.2559293e-04	 9.08e-01 Accepted	 193	 619	
320	 4.1511446e-01	 +2.2921664e-03 +6.8082171e-04	 8.08e-01 Accepted	 193	 619	
321	 4.1510120e-01	 +2.7206237e-03 -1.1532819e-04	 7.98e-01 Accepted	 193	 619	
322	 4.1483727e-01	 +2.2158860e-03 -4.8054523e-04	 1.13e+00 Accepted	 194	 619	
323	 4.1508941e-01	 -1.5079577e-05 -1.9742960e-03	 1.55e+00 Accepted	 193	 620	
324	 4.1472335e-01	 +2.9684369e-03 +9.6745022e-04	 9.31e-01 Accepted	 193	 619	
325	 4.1514239e-01	 +1.8039843e-03 -1.1206589e-03	 1.35e+00 Accepted	 193	 619	
326	 4.1491596e-01	 -1.7998629e-03 +1.4428879e-03	 6.86e-01 Accepted	 194	 619	
327	 4.1504231e-01	 +6.3004084e-04 -8.3156838e-04	 1.21e+00 Accepted	 193	 619	
328	 4.1504656e-01	 +5.4374972e-04 -1.9481778e-03	 1.18e+00 Accepted	 194	 619	
329	 4.1520429e-01	 -1.6120941e-03 +2.0084111e-04	 1.62e+00 Accepted	 193	 619	
330	 4.1537181e-01	 -4.5795085e-04 +1.3053870e-03	 1.10e+00 Accepted	 193	 618	
331	 4.1562345e-01	 +1.9099420e-03 -3.6715594e-04	 1.17e+00 Accepted	 192	 619	
332	 4.1575842e-01	 +9.4973979e-04 -1.7212950e-03	 1.29e+00 Accepted	 194	 619	
333	 4.1575842e-01	 +9.4973979e-04 -1.7212950e-03	 5.28e-01 Rejected	 194	 620	
334	 4.1565604e-01	 +9.0552371e-04 -1.3932329e-03	 1.14e+00 Accepted	 194	 619	
335	 4.1538958e-01	 -1.8761701e-03 +2.8880881e-03	 8.84e-01 Accepted	 194	 619	
336	 4.1518527e-01	 +6.6475294e-04 -1.5555828e-03	 8.74e-01 Accepted	 193	 619	
337	 4.1518527e-01	 +6.6475294e-04 -1.5555828e-03	 5.22e-01 Rejected	 194	 619	
338	 4.1550681e-01	 -3.1912988e-03 +8.9764159e-04	 1.09e+00 Accepted	 194	 619	
339	 4.1511308e-01	 -2.3008075e-03 +2.5929491e-03	 1.09e+00 Accepted	 193	 619	
340	 4.1521109e-01	 +3.9301597e-04 -6.2504850e-04	 1.67e+00 Accepted	 193	 619	
341	 4.1491359e-01	 +1.1185595e-03 -1.1129813e-03	 7.43e-01 Accepted	 193	 619	
342	 4.1479208e-01	 +1.0668291e-03 -7.5207797e-04	 1.26e+00 Accepted	 194	 619	
343	 4.1465846e-01	 -3.6489434e-04 +1.5644841e-03	 8.81e-01 Accepted	 193	 619	
344	 4.1509004e-01	 -1.2694795e-03 +2.6969462e-04	 1.38e+00 Accepted	 193	 619	
345	 4.1506700e-01	 -2.6286800e-05 +1.7324548e-03	 1.20e+00 Accepted	 193	 619	
346	 4.1556171e-01	 -8.2646292e-04 -1.2344930e-03	 1.16e+00 Accepted	 193	 619	
347	 4.1527125e-01	 -1.0585978e-03 +1.1483634e-03	 8.13e-01 Accepted	 193	 619	
348	 4.1546152e-01	 +4.9863935e-04 +2.3276637e-03	 9.28e-01 Accepted	 193	 619	
349	 4.1560269e-01	 +2.4880015e-03 +8.7375464e-04	 6.63e-01 Accepted	 194	 619	
350	 4.1555696e-01	 -3.6628046e-04 -1.2590921e-03	 7.15e-01 Accepted	 193	 619	
351	 4.1541889e-01	 -2.1932358e-03 +3.8445829e-04	 1.46e+00 Accepted	 193	 619	
352	 4.1517202e-01	 +1.8281040e-04 -1.0820165e-03	 8.26e-01 Accepted	 194	 619	
353	 4.1537638e-01	 +3.0960468e-03 +3.6884587e-05	 1.26e+00 Accepted	 193	 619	
354	 4.1537638e-01	 +3.0960468e-03 +3.6884587e-05	 6.53e-01 Rejected	 194	 619	
355	 4.1543217e-01	 -1.1924697e-04 +6.3753611e-04	 1.02e+00 Accepted	 194	 619	
356	 4.1552711e-01	 -1.3912664e-03 -2.3456720e-03	 7.91e-01 Accepted	 193	 619	
357	 4.1534013e-01	 +5.8983007e-05 -1.4112603e-03	 1.26e+00 Accepted	 193	 619	
358	 4.1532331e-01	 +1.9608503e-03 +3.2486704e-03	 7.06e-01 Accepted	 193	 620	
359	 4.1577328e-01	 -6.4186797e-04 +5.9238159e-04	 1.87e+00 Accepted	 193	 619	
360	 4.1619139e-01	 -6.1475745e-04 +2.1804815e-04	 1.18e+00 Accepted	 193	 619	
361	 4.1632192e-01	 +6.4818292e-04 -2.3739144e-03	 1.35e+00 Accepted	 193	 619	
362	 4.1643261e-01	 +1.2302006e-03 -2.1936050e-03	 1.50e+00 Accepted	 194	 619	
363	 4.1622913e-01	 -5.8699784e-04 -1.6917759e-03	 1.13e+00 Accepted	 193	 619	
364	 4.1606773e-01	 -7.6903303e-05 -3.6480437e-03	 9.14e-01 Accepted	 193	 619	
365	 4.1573398e-01	 +4.5442368e-04 -1.1974525e-03	 9.30e-01 Accepted	 193	 619	
366	 4.1557347e-01	 -1.3325968e-04 -3.0970670e-03	 8.38e-01 Accepted	 194	 620	
367	 4.1502392e-01	 +5.8355011e-04 +5.8338936e-05	 1.27e+00 Accepted	 193	 619	
368	 4.1544369e-01	 -1.9993399e-04 -1.3720221e-03	 1.14e+00 Accepted	 194	 619	
369	 4.1528243e-01	 -7.7034817e-04 -2.2368354e-03	 6.88e-01 Accepted	 193	 619	
370	 4.1549472e-01	 +4.1550439e-04 +3.0279935e-04	 9.70e-01 Accepted	 194	 619	
371	 4.1584709e-01	 -7.4258106e-04 +6.1334856e-04	 1.11e+00 Accepted	 194	 619	
372	 4.1584709e-01	 -7.4258106e-04 +6.1334856e-04	 8.80e-01 Rejected	 194	 619	
373	 4.1570072e-01	 -1.8170901e-04 +5.3024423e-04	 8.80e-01 Accepted	 193	 619	
374	 4.1570072e-01	 -1.8170901e-04 +5.3024423e-04	 7.52e-01 Rejected	 193	 619	
375	 4.1542305e-01	 +6.3023143e-04 -9.5177938e-04	 1.12e+00 Accepted	 194	 619	
376	 4.1558183e-01	 +1.3349256e-03 +1.5479251e-03	 1.40e+00 Accepted	 193	 619	
377	 4.1521506e-01	 +9.1295168e-04 +9.6347201e-04	 8.02e-01 Accepted	 194	 619	
378	 4.1517640e-01	 +1.0918478e-03 -1.2341899e-03	 9.48e-01 Accepted	 194	 620	
379	 4.1559920e-01	 -3.1493985e-04 +1.3913933e-03	 1.06e+00 Accepted	 194	 619	
380	 4.1590353e-01	 +1.2234666e-03 -1.1644842e-03	 8.49e-01 Accepted	 194	 619	
381	 4.1580479e-01	 +1.0004547e-03 +1.4455275e-03	 1.12e+00 Accepted	 194	 618	
382	 4.1570664e-01	 +6.2065863e-04 -1.5295770e-03	 1.34e+00 Accepted	 194	 619	
383	 4.1548508e-01	 -7.8591910e-04 +4.4583292e-04	 1.56e+00 Accepted	 193	 619	
384	 4.1590748e-01	 -3.4376599e-04 +2.4384824e-04	 9.86e-01 Accepted	 194	 619	
385	 4.1552335e-01	 -1.2477112e-03 -2.4989088e-03	 9.29e-01 Accepted	 194	 619	
386	 4.1560663e-01	 -4.2610878e-04 +1.9415993e-03	 6.04e-01 Accepted	 194	 619	
387	 4.1524490e-01	 +2.3815188e-03 +2.9194108e-03	 9.92e-01 Accepted	 193	 619	
388	 4.1524490e-01	 +2.3815188e-03 +2.9194108e-03	 8.06e-01 Rejected	 194	 619	
389	 4.1487782e-01	 +9.1300668e-04 -1.8520316e-03	 9.01e-01 Accepted	 193	 619	
390	 4.1497033e-01	 +5.0387696e-04 +1.6192493e-03	 8.56e-01 Accepted	 194	 619	
391	 4.1572881e-01	 +1.3539028e-03 -4.1664020e-04	 1.12e+00 Accepted	 193	 619	
392	 4.1603291e-01	 +3.5423495e-04 -6.6513454e-04	 9.80e-01 Accepted	 193	 619	
393	 4.1544041e-01	 -2.8478047e-04 +8.4683365e-04	 8.19e-01 Accepted	 194	 619	
394	 4.1539162e-01	 +2.4646035e-03 -5.3076085e-05	 8.03e-01 Accepted	 194	 619	
395	 4.1510971e-01	 +8.4783659e-04 -1.1904988e-04	 9.36e-01 Accepted	 193	 619	
396	 4.1522473e-01	 -1.0553999e-05 -5.9764519e-04	 8.41e-01 Accepted	 193	 619	
397	 4.1522473e-01	 -1.0553999e-05 -5.9764519e-04	 7.02e-01 Rejected	 193	 619	
398	 4.1542518e-01	 -3.4699758e-04 +1.6178827e-03	 1.12e+00 Accepted	 194	 619	
399	 4.1513148e-01	 +1.1826391e-03 +1.3447720e-03	 7.90e-01 Accepted	 193	 619	
400	 4.1540072e-01	 -1.0885672e-03 +1.5475899e-03	 1.67e+00 Accepted	 193	 620	
401	 4.1557855e-01	 -2.6440316e-03 +8.8252352e-04	 1.29e+00 Accepted	 193	 620	
402	 4.1553388e-01	 -1.1750468e-03 -3.2557016e-03	 1.17e+00 Accepted	 193	 619	
403	 4.1553388e-01	 -1.1750468e-03 -3.2557016e-03	 8.37e-01 Rejected	 194	 619	
404	 4.1553388e-01	 -1.1750468e-03 -3.2557016e-03	 8.21e-01 Rejected	 194	 619	
405	 4.1536701e-01	 -1.2374625e-03 -3.7209567e-03	 1.00e+00 Accepted	 193	 619	
406	 4.1535585e-01	 +8.3711407e-04 +2.5796958e-03	 1.21e+00 Accepted	 193	 619	
407	 4.1479661e-01	 -2.9942225e-04 -6.8150078e-04	 9.15e-01 Accepted	 194	 619	
408	 4.1460229e-01	 +2.5831115e-03 +2.6412558e-04	 9.42e-01 Accepted	 194	 619	
409	 4.1527757e-01	 +4.4235035e-04 -8.4116003e-04	 1.06e+00 Accepted	 194	 619	
410	 4.1556718e-01	 +7.6100801e-04 +1.7473711e-03	 1.19e+00 Accepted	 193	 619	
411	 4.1608320e-01	 -2.5620433e-04 -2.9196442e-03	 1.16e+00 Accepted	 193	 619	
412	 4.1553581e-01	 +1.0275044e-03 +6.9806727e-04	 1.10e+00 Accepted	 192	 619	
413	 4.1586130e-01	 +7.1477147e-04 -5.5298375e-04	 1.40e+00 Accepted	 193	 619	
414	 4.1564682e-01	 -1.7057174e-04 -3.1302590e-03	 9.06e-01 Accepted	 194	 619	
415	 4.1612513e-01	 -7.9411573e-04 +8.6620648e-04	 8.15e-01 Accepted	 194	 619	
416	 4.1600361e-01	 +1.9093112e-03 -3.6894432e-04	 9.18e-01 Accepted	 194	 619	
417	 4.1595827e-01	 +1.6094934e-03 +4.4148406e-04	 1.17e+00 Accepted	 194	 619	
418	 4.1570039e-01	 -1.0305355e-03 -3.0360038e-03	 9.19e-01 Accepted	 194	 619	
419	 4.1618274e-01	 -4.6915048e-04 +7.8507607e-04	 1.21e+00 Accepted	 193	 619	
420	 4.1618274e-01	 -4.6915048e-04 +7.8507607e-04	 7.32e-01 Rejected	 192	 619	
421	 4.1620717e-01	 +1.6990198e-03 +2.0817697e-03	 1.01e+00 Accepted	 193	 619	
422	 4.1579408e-01	 +1.3579134e-04 +1.2935523e-03	 7.15e-01 Accepted	 193	 619	
423	 4.1588065e-01	 +1.2857774e-03 -2.2826493e-03	 1.18e+00 Accepted	 193	 619	
424	 4.1553571e-01	 +5.4433868e-04 -2.5614586e-03	 8.89e-01 Accepted	 194	 619	
425	 4.1571699e-01	 -1.1755701e-03 +8.6573821e-04	 8.96e-01 Accepted	 193	 619	
426	 4.1533421e-01	 +1.1729897e-03 +2.2881416e-03	 5.43e-01 Accepted	 194	 619	
427	 4.1548147e-01	 -4.9098354e-04 +1.2828230e-03	 1.04e+00 Accepted	 194	 619	
428	 4.1571988e-01	 +5.0770895e-04 -4.5875538e-05	 8.40e-01 Accepted	 193	 619	
429	 4.1542922e-01	 +1.1632768e-03 -2.2248611e-04	 6.44e-01 Accepted	 193	 619	
430	 4.1561309e-01	 +1.0146977e-03 -1.6599925e-04	 1.21e+00 Accepted	 193	 620	
431	 4.1581947e-01	 -7.2864424e-04 -4.9847399e-04	 1.37e+00 Accepted	 193	 619	
432	 4.1577812e-01	 -8.8240500e-04 -2.3611610e-03	 7.13e-01 Accepted	 194	 619	
433	 4.1577812e-01	 -8.8240500e-04 -2.3611610e-03	 7.15e-01 Rejected	 195	 619	
434	 4.1577812e-01	 -8.8240500e-04 -2.3611610e-03	 7.46e-01 Rejected	 193	 619	
435	 4.1574534e-01	 +9.4912123e-04 +5.6114758e-04	 7.93e-01 Accepted	 193	 619	
436	 4.1596767e-01	 -5.6481967e-04 -7.6589981e-05	 9.53e-01 Accepted	 194	 619	
437	 4.1596767e-01	 -5.6481967e-04 -7.6589981e-05	 7.92e-01 Rejected	 194	 620	
438	 4.1573782e-01	 +2.4399326e-04 +3.6015819e-03	 8.74e-01 Accepted	 194	 619	
439	 4.1544999e-01	 -2.2479732e-03 +3.9863895e-04	 8.42e-01 Accepted	 193	 620	
440	 4.1477071e-01	 -6.6381404e-04 +1.0556711e-03	 7.68e-01 Accepted	 194	 620	
441	 4.1477071e-01	 -6.6381404e-04 +1.0556711e-03	 7.55e-01 Rejected	 193	 619	
442	 4.1472062e-01	 +5.8394032e-04 +5.7731178e-04	 1.24e+00 Accepted	 194	 620	
443	 4.1471156e-01	 +1.2273653e-03 -8.1362370e-04	 1.20e+00 Accepted	 193	 619	
444	 4.1456302e-01	 +4.6601404e-04 -1.0540966e-04	 1.19e+00 Accepted	 193	 619	
445	 4.1421245e-01	 -3.7875860e-04 +9.3066227e-04	 1.35e+00 Accepted	 193	 619	
# Starting_type: CheckpointStart
# Trajectory_length / Number_of_MD_steps: 1 / 8
# 	 Plaquette	 Polyakov_Loop(re,im)	 Acc._Probability	 runtime_per_traj(s)	 CG_iterations	
445	 4.1421245e-01	 -3.7875860e-04 +9.3066227e-04	 1.35e+00 Accepted	 199	 619	
446	 4.1378922e-01	 -4.7516279e-04 -7.9402361e-05	 9.25e-01 Accepted	 193	 619	
447	 4.1433244e-01	 -3.2759026e-03 -1.8301677e-04	 1.11e+00 Accepted	 193	 619	
448	 4.1487276e-01	 -2.8460535e-04 +3.0191535e-03	 1.47e+00 Accepted	 192	 620	
449	 4.1490316e-01	 -8.8911456e-04 +1.1931711e-03	 7.83e-01 Accepted	 193	 619	
450	 4.1480944e-01	 +1.7237565e-04 +1.1175269e-04	 9.84e-01 Accepted	 193	 619	
451	 4.1518976e-01	 -2.8364561e-04 +1.8844186e-04	 7.47e-01 Accepted	 193	 619	
452	 4.1541528e-01	 +2.3415273e-03 +1.7480933e-03	 1.35e+00 Accepted	 193	 619	
453	 4.1569154e-01	 +2.6177320e-04 +1.5332934e-03	 1.32e+00 Accepted	 193	 619	
454	 4.1561165e-01	 +7.0862993e-04 -2.3405572e-03	 1.15e+00 Accepted	 194	 619	
455	 4.1524199e-01	 -2.6568117e-05 -2.5587059e-03	 1.58e+00 Accepted	 192	 620	
456	 4.1552948e-01	 +2.3153202e-03 -1.6101202e-03	 1.01e+00 Accepted	 193	 619	
457	 4.1569823e-01	 +2.4569777e-03 +1.4546894e-03	 1.06e+00 Accepted	 191	 619	
458	 4.1559011e-01	 +2.0805797e-03 +1.1316707e-03	 1.01e+00 Accepted	 192	 619	
459	 4.1625910e-01	 -8.8494206e-05 +6.4426771e-04	 1.31e+00 Accepted	 192	 619	
460	 4.1598192e-01	 -1.1493620e-03 -9.3386009e-04	 8.89e-01 Accepted	 193	 618	
461	 4.1622271e-01	 +1.2180295e-03 +6.6595666e-04	 1.15e+00 Accepted	 193	 619	
462	 4.1581639e-01	 -6.7253228e-04 +8.4676691e-04	 8.55e-01 Accepted	 192	 619	
463	 4.1535488e-01	 +1.9082100e-04 +6.6419585e-06	 1.26e+00 Accepted	 193	 619	
464	 4.1535488e-01	 +1.9082100e-04 +6.6419585e-06	 6.08e-01 Rejected	 193	 619	
465	 4.1554633e-01	 +2.9433125e-03 -1.9122338e-04	 1.09e+00 Accepted	 193	 619	
466	 4.1511125e-01	 +3.0033552e-03 -1.0252901e-04	 1.12e+00 Accepted	 194	 619	
467	 4.1573546e-01	 +2.5081294e-03 +1.5363592e-03	 8.28e-01 Accepted	 193	 619	
468	 4.1524581e-01	 -3.9538220e-04 +3.3517164e-04	 1.20e+00 Accepted	 193	 619	
469	 4.1539738e-01	 -3.0562999e-03 -3.2754029e-04	 1.21e+00 Accepted	 193	 620	
470	 4.1516318e-01	 -2.6770907e-03 -5.2157346e-04	 6.30e-01 Accepted	 193	 619	
471	 4.1479659e-01	 +9.1507147e-04 +2.2361292e-04	 7.40e-01 Accepted	 193	 619	
472	 4.1471297e-01	 +1.4930851e-03 -1.4688040e-03	 8.31e-01 Accepted	 193	 619	
473	 4.1504564e-01	 +2.6325398e-04 +2.4318479e-03	 9.61e-01 Accepted	 192	 620	
474	 4.1528271e-01	 +6.5823289e-04 +1.7411996e-03	 1.12e+00 Accepted	 193	 619	
475	 4.1540785e-01	 -4.1877508e-04 +1.6535646e-03	 9.37e-01 Accepted	 194	 619	
476	 4.1538389e-01	 -1.7017182e-03 -2.6672414e-03	 1.04e+00 Accepted	 193	 620	
477	 4.1538389e-01	 -1.7017182e-03 -2.6672414e-03	 5.84e-01 Rejected	 193	 619	
478	 4.1584627e-01	 +2.3125752e-03 +2.7917274e-03	 1.28e+00 Accepted	 193	 619	
479	 4.1594635e-01	 +1.7221483e-03 -1.7901046e-03	 7.67e-01 Accepted	 193	 619	
480	 4.1599132e-01	 -1.2956750e-04 -6.2182105e-04	 1.20e+00 Accepted	 193	 619	
481	 4.1612754e-01	 -2.4221928e-03 -1.2222238e-05	 8.81e-01 Accepted	 193	 619	
482	 4.1596018e-01	 +4.8681985e-04 +7.0521135e-04	 1.28e+00 Accepted	 192	 618	
483	 4.1596018e-01	 +4.8681985e-04 +7.0521135e-04	 9.11e-01 Rejected	 193	 619	
484	 4.1596018e-01	 +4.8681985e-04 +7.0521135e-04	 8.00e-01 Rejected	 194	 619	
485	 4.1574529e-01	 +2.2331819e-04 -3.4750640e-03	 1.20e+00 Accepted	 193	 618	
486	 4.1539653e-01	 +2.0252622e-03 +1.0531717e-03	 8.47e-01 Accepted	 193	 619	
487	 4.1535897e-01	 -1.1176960e-03 -3.4485783e-03	 6.41e-01 Accepted	 193	 619	
488	 4.1528742e-01	 -2.4939902e-03 +4.8547996e-04	 1.43e+00 Accepted	 193	 619	
489	 4.1564099e-01	 +3.9585774e-04 +1.8352083e-05	 1.10e+00 Accepted	 194	 619	
490	 4.1565025e-01	 -2.1292170e-03 -1.2954376e-03	 7.33e-01 Accepted	 193	 619	
491	 4.1550499e-01	 +2.7402605e-03 +1.9557235e-05	 1.43e+00 Accepted	 193	 619	
492	 4.1531564e-01	 +2.0641925e-03 +1.1735646e-03	 9.35e-01 Accepted	 193	 619	
493	 4.1537368e-01	 -6.7355530e-04 -1.2243095e-03	 7.67e-01 Accepted	 192	 620	
494	 4.1492381e-01	 +2.5307519e-03 -1.5670433e-03	 1.03e+00 Accepted	 193	 619	
495	 4.1521225e-01	 +2.0804256e-03 -4.3653264e-04	 8.19e-01 Accepted	 193	 619	
496	 4.1513586e-01	 +7.1243091e-04 -5.4012745e-04	 7.26e-01 Accepted	 193	 619	
497	 4.1526869e-01	 +1.0651279e-03 +1.6064339e-03	 1.28e+00 Accepted	 193	 619	
498	 4.1527478e-01	 -2.3302058e-03 -1.1437463e-04	 8.45e-01 Accepted	 193	 619	
499	 4.1583418e-01	 -1.6348758e-03 +1.0992957e-03	 1.00e+00 Accepted	 193	 618	
500	 4.1576766e-01	 +1.4433381e-04 -1.6302188e-04	 1.29e+00 Accepted	 193	 619	
501	 4.1576766e-01	 +1.4433381e-04 -1.6302188e-04	 6.00e-01 Rejected	 194	 618	
502	 4.1518813e-01	 +1.1910872e-03 -1.4938856e-03	 7.95e-01 Accepted	 193	 619	
503	 4.1521941e-01	 +1.1558015e-03 +1.3638488e-03	 9.71e-01 Accepted	 193	 619	
504	 4.1561387e-01	 -6.4722665e-04 +1.6857879e-03	 1.11e+00 Accepted	 193	 619	
505	 4.1568917e-01	 -1.0186250e-03 -1.4180931e-03	 9.08e-01 Accepted	 193	 619	
506	 4.1555290e-01	 +2.3937957e-03 -1.3436056e-03	 1.12e+00 Accepted	 194	 619	
507	 4.1563105e-01	 -5.1660208e-04 -6.5755840e-04	 1.16e+00 Accepted	 193	 619	
508	 4.1566079e-01	 +1.9019123e-03 -7.9031305e-04	 9.28e-01 Accepted	 193	 619	
509	 4.1547898e-01	 +1.3556606e-03 -5.1391272e-06	 8.46e-01 Accepted	 192	 619	
510	 4.1507710e-01	 -9.8247964e-04 +1.0446520e-03	 7.56e-01 Accepted	 193	 620	
511	 4.1572149e-01	 +5.5217183e-04 +3.2455293e-04	 1.42e+00 Accepted	 193	 619	
512	 4.1559767e-01	 +3.5989309e-04 -1.2028674e-03	 7.20e-01 Accepted	 193	 619	
513	 4.1557109e-01	 +1.5351581e-03 +2.4218619e-04	 5.77e-01 Accepted	 193	 619	
514	 4.1551208e-01	 -2.4616177e-03 +9.6291258e-04	 1.06e+00 Accepted	 194	 619	
515	 4.1521401e-01	 +3.8496773e-03 +9.7822132e-04	 1.26e+00 Accepted	 193	 619	
516	 4.1508214e-01	 +2.0101737e-03 -5.6547778e-04	 1.01e+00 Accepted	 193	 620	
517	 4.1476967e-01	 +7.0300190e-04 -7.1197833e-04	 1.03e+00 Accepted	 193	 619	
518	 4.1500604e-01	 -4.6808742e-04 -2.0901115e-03	 9.03e-01 Accepted	 194	 619	
519	 4.1538751e-01	 -1.4948265e-03 +5.8026229e-04	 1.12e+00 Accepted	 193	 619	
520	 4.1538751e-01	 -1.4948265e-03 +5.8026229e-04	 7.38e-01 Rejected	 193	 619	
521	 4.1537550e-01	 -1.1770566e-03 +1.4521865e-03	 1.07e+00 Accepted	 193	 620	
522	 4.1544805e-01	 +1.3914071e-03 +2.4598791e-03	 1.15e+00 Accepted	 194	 619	
523	 4.1553567e-01	 -9.4952244e-04 -2.8071106e-04	 8.77e-01 Accepted	 192	 619	
524	 4.1559848e-01	 +1.9837106e-03 -8.3056049e-04	 1.02e+00 Accepted	 193	 619	
525	 4.1562732e-01	 -1.4449219e-03 -7.6014270e-04	 1.30e+00 Accepted	 193	 619	
526	 4.1562138e-01	 -1.9311827e-03 +9.7912378e-04	 9.17e-01 Accepted	 193	 619	
527	 4.1562138e-01	 -1.9311827e-03 +9.7912378e-04	 6.64e-01 Rejected	 193	 619	
528	 4.1574883e-01	 +2.2241193e-03 +5.2231300e-04	 1.43e+00 Accepted	 194	 619	
529	 4.1574883e-01	 +2.2241193e-03 +5.2231300e-04	 6.68e-01 Rejected	 194	 619	
530	 4.1574883e-01	 +2.2241193e-03 +5.2231300e-04	 8.82e-01 Rejected	 193	 619	
531	 4.1568295e-01	 -9.8264603e-04 -8.7081505e-05	 1.12e+00 Accepted	 193	 619	
532	 4.1576274e-01	 -6.7161826e-04 -1.1337654e-03	 8.04e-01 Accepted	 193	 619	
533	 4.1576274e-01	 -6.7161826e-04 -1.1337654e-03	 8.07e-01 Rejected	 193	 619	
534	 4.1536908e-01	 +7.5278796e-04 -4.7241816e-04	 8.39e-01 Accepted	 194	 619	
535	 4.1492449e-01	 -2.2298325e-03 +5.7202984e-05	 1.09e+00 Accepted	 193	 619	
536	 4.1469155e-01	 +1.4476949e-03 +6.2490072e-04	 1.10e+00 Accepted	 193	 619	
537	 4.1463450e-01	 +1.1544214e-03 +8.0342274e-04	 8.72e-01 Accepted	 192	 620	
538	 4.1471214e-01	 +8.6758714e-04 -1.3119150e-03	 8.19e-01 Accepted	 193	 620	
539	 4.1453929e-01	 -1.0627220e-03 -2.6114538e-03	 1.16e+00 Accepted	 193	 619	
540	 4.1473111e-01	 +2.6099854e-03 -4.8843219e-04	 9.71e-01 Accepted	 193	 619	
541	 4.1472678e-01	 -4.9504742e-04 +7.8570507e-04	 1.38e+00 Accepted	 193	 619	
542	 4.1462221e-01	 +2.4731102e-03 -5.9899028e-06	 7.50e-01 Accepted	 193	 619	
543	 4.1524652e-01	 -1.2117695e-04 +5.7420675e-04	 8.18e-01 Accepted	 192	 619	
544	 4.1492671e-01	 -1.3914904e-03 -1.6742536e-03	 9.55e-01 Accepted	 194	 619	
545	 4.1542578e-01	 -6.1798680e-04 +7.1698591e-04	 1.25e+00 Accepted	 192	 619	
546	 4.1559764e-01	 +8.6778314e-04 +1.0897107e-03	 7.57e-01 Accepted	 194	 618	
547	 4.1531848e-01	 -1.2775941e-03 -1.3168741e-03	 7.61e-01 Accepted	 193	 618	
548	 4.1484851e-01	 +2.7386456e-04 -3.1207816e-04	 1.06e+00 Accepted	 194	 619	
549	 4.1511174e-01	 -1.6598170e-03 -7.3435423e-05	 1.48e+00 Accepted	 193	 619	
550	 4.1518742e-01	 -5.8253504e-04 -3.3633083e-03	 8.48e-01 Accepted	 194	 620	
551	 4.1507762e-01	 -1.0694859e-03 +1.0356612e-03	 1.07e+00 Accepted	 193	 620	
552	 4.1495523e-01	 -1.2844333e-03 -1.4172735e-03	 9.31e-01 Accepted	 194	 619	
553	 4.1544126e-01	 +1.3630968e-03 -8.6742030e-04	 8.26e-01 Accepted	 192	 620	
554	 4.1594442e-01	 +4.0067339e-04 +8.5382812e-04	 1.03e+00 Accepted	 193	 619	
555	 4.1578098e-01	 +3.6652381e-04 -2.2570886e-04	 8.98e-01 Accepted	 193	 619	
556	 4.1555738e-01	 -1.4928667e-03 -2.4656002e-03	 5.26e-01 Accepted	 193	 619	
557	 4.1543993e-01	 +2.9289789e-03 +7.1834196e-04	 1.05e+00 Accepted	 194	 620	
558	 4.1588321e-01	 -7.2268850e-04 -1.1498016e-04	 8.20e-01 Accepted	 193	 620	
559	 4.1561095e-01	 -2.6733397e-03 +2.6592010e-04	 1.12e+00 Accepted	 193	 619	
560	 4.1545787e-01	 +1.8586105e-03 -1.7255897e-03	 8.11e-01 Accepted	 193	 620	
561	 4.1553408e-01	 -3.5308568e-04 -1.2319133e-03	 7.88e-01 Accepted	 193	 620	
562	 4.1579540e-01	 -1.1474968e-04 -4.9272327e-04	 1.17e+00 Accepted	 194	 619	
563	 4.1584715e-01	 +9.3886944e-04 -6.6260807e-06	 1.26e+00 Accepted	 193	 619	
564	 4.1578891e-01	 -2.6250653e-04 -1.1801148e-03	 1.48e+00 Accepted	 193	 619	
565	 4.1585449e-01	 +1.0345930e-03 -1.0318564e-03	 1.11e+00 Accepted	 194	 619	
566	 4.1486999e-01	 -1.2388179e-03 -1.9716908e-03	 5.16e-01 Accepted	 193	 619	
567	 4.1505424e-01	 +2.5093743e-03 -1.2146807e-03	 1.30e+00 Accepted	 193	 619	
568	 4.1538240e-01	 -1.4132723e-03 +6.0633818e-04	 1.20e+00 Accepted	 194	 619	
569	 4.1529391e-01	 +1.7664232e-03 -3.4596404e-03	 6.45e-01 Accepted	 193	 619	
570	 4.1564410e-01	 -9.6210880e-04 +9.0907356e-04	 1.33e+00 Accepted	 193	 619	
571	 4.1517879e-01	 -1.2067170e-03 +2.3141985e-04	 7.68e-01 Accepted	 192	 620	
572	 4.1470169e-01	 -4.9573615e-05 -2.0674600e-04	 1.06e+00 Accepted	 193	 619	
573	 4.1480788e-01	 -1.8021289e-03 +2.5526738e-03	 1.09e+00 Accepted	 193	 620	
574	 4.1485494e-01	 +2.8840079e-04 +5.3876665e-04	 7.50e-01 Accepted	 194	 620	
575	 4.1505928e-01	 -1.3205147e-03 +9.1976741e-04	 1.06e+00 Accepted	 193	 619	
576	 4.1488214e-01	 +4.5647932e-04 -8.9829642e-04	 1.01e+00 Accepted	 194	 619	
577	 4.1489679e-01	 +2.8353942e-04 -4.4508258e-04	 8.53e-01 Accepted	 192	 619	
578	 4.1489679e-01	 +2.8353942e-04 -4.4508258e-04	 9.01e-01 Rejected	 194	 619	
579	 4.1545198e-01	 +4.0818197e-03 +1.0182253e-03	 1.03e+00 Accepted	 193	 619	
580	 4.1526714e-01	 +6.6340045e-04 -9.2454596e-06	 1.40e+00 Accepted	 193	 619	
581	 4.1522130e-01	 +1.5670154e-03 +1.1150382e-04	 1.08e+00 Accepted	 193	 619	
582	 4.1531206e-01	 -5.0920191e-04 -1.6550994e-04	 8.50e-01 Accepted	 194	 619	
583	 4.1520821e-01	 -6.1359435e-04 -1.3368130e-04	 1.23e+00 Accepted	 193	 620	
584	 4.1544186e-01	 +1.7563547e-03 -8.5908557e-04	 9.76e-01 Accepted	 194	 619	
585	 4.1617825e-01	 +2.1452362e-03 +1.6569088e-04	 1.25e+00 Accepted	 192	 619	
586	 4.1627254e-01	 -1.5107795e-05 +1.6149025e-03	 9.46e-01 Accepted	 192	 619	
587	 4.1623031e-01	 +4.5418190e-04 -4.6167301e-05	 9.73e-01 Accepted	 193	 619	
588	 4.1645812e-01	 +3.3432945e-03 -1.5465964e-03	 8.85e-01 Accepted	 194	 618	
589	 4.1626021e-01	 +1.7897988e-03 -7.9276438e-04	 5.81e-01 Accepted	 193	 619	
590	 4.1559678e-01	 -1.8393367e-04 +3.7619154e-04	 7.61e-01 Accepted	 194	 619	
591	 4.1572966e-01	 -2.1535846e-05 +1.3678864e-03	 1.13e+00 Accepted	 193	 619	
592	 4.1562450e-01	 -1.2813237e-03 -2.3088226e-03	 8.29e-01 Accepted	 193	 619	
593	 4.1559340e-01	 +2.4596544e-04 +5.6434539e-04	 1.07e+00 Accepted	 193	 619	
594	 4.1524219e-01	 -3.2645798e-03 +1.8613677e-04	 1.00e+00 Accepted	 194	 619	
595	 4.1537899e-01	 +1.8068540e-03 -3.7120562e-03	 1.25e+00 Accepted	 193	 619	
596	 4.1544449e-01	 -1.3222111e-03 +1.4858576e-03	 8.60e-01 Accepted	 194	 619	
597	 4.1544449e-01	 -1.3222111e-03 +1.4858576e-03	 8.42e-01 Rejected	 194	 619	
598	 4.1536579e-01	 +3.3150596e-05 +1.0094784e-03	 1.23e+00 Accepted	 193	 619	
599	 4.1546926e-01	 -7.3479768e-04 +2.7982797e-04	 1.09e+00 Accepted	 193	 619	
600	 4.1496450e-01	 +1.3750972e-03 +1.6636287e-03	 7.84e-01 Accepted	 193	 619	
601	 4.1508750e-01	 +2.8009755e-03 +1.1404857e-03	 1.28e+00 Accepted	 193	 619	
602	 4.1481904e-01	 +1.0989368e-03 +6.6963676e-04	 8.74e-01 Accepted	 193	 620	
603	 4.1505382e-01	 +6.3661588e-04 +5.7179414e-04	 1.20e+00 Accepted	 193	 619	
604	 4.1501428e-01	 +3.5685355e-03 +6.0503743e-04	 9.99e-01 Accepted	 193	 619	
605	 4.1502734e-01	 +7.4154701e-05 +1.4518651e-03	 9.88e-01 Accepted	 193	 619	
606	 4.1533326e-01	 +1.3551061e-03 +1.8052378e-03	 1.24e+00 Accepted	 193	 620	
607	 4.1594734e-01	 +5.2290195e-04 +1.9420278e-03	 1.13e+00 Accepted	 193	 619	
608	 4.1566439e-01	 -1.8806313e-03 -6.8632200e-04	 1.36e+00 Accepted	 194	 619	
609	 4.1625884e-01	 +2.8639272e-03 +2.5260959e-03	 1.31e+00 Accepted	 193	 619	
610	 4.1637933e-01	 +2.5201341e-03 -1.8144350e-03	 6.82e-01 Accepted	 194	 619	
611	 4.1610222e-01	 -7.2568990e-04 +3.7425047e-04	 9.65e-01 Accepted	 193	 619	
612	 4.1609788e-01	 +4.3080027e-06 -3.8313127e-04	 9.12e-01 Accepted	 194	 619	
613	 4.1598431e-01	 +1.2727621e-04 -2.3261996e-03	 7.54e-01 Accepted	 193	 618	
614	 4.1572581e-01	 +5.8380285e-05 -2.3548345e-04	 9.85e-01 Accepted	 193	 619	
615	 4.1557117e-01	 +1.4021337e-03 -7.2638460e-04	 7.51e-01 Accepted	 193	 619	
616	 4.1534891e-01	 -1.2792684e-03 -4.4083894e-04	 7.33e-01 Accepted	 194	 619	
617	 4.1558812e-01	 -2.6060941e-03 -4.8646043e-04	 1.19e+00 Accepted	 193	 619	
618	 4.1558812e-01	 -2.6060941e-03 -4.8646043e-04	 6.48e-01 Rejected	 194	 619	
619	 4.1558812e-01	 -2.6060941e-03 -4.8646043e-04	 5.84e-01 Rejected	 192	 619	
620	 4.1558391e-01	 +2.2637399e-03 -4.9096034e-04	 1.02e+00 Accepted	 193	 619	
621	 4.1589954e-01	 +1.3273972e-03 -2.6328564e-03	 9.70e-01 Accepted	 193	 618	
622	 4.1550269e-01	 -1.3085771e-03 +1.4646989e-03	 7.57e-01 Accepted	 193	 619	
623	 4.1525033e-01	 +1.3858871e-03 +1.6103571e-03	 7.69e-01 Accepted	 193	 619	
624	 4.1598582e-01	 -2.5349389e-03 -2.9387072e-03	 1.39e+00 Accepted	 193	 619	
625	 4.1610291e-01	 +1.1374590e-03 -1.2276968e-03	 9.50e-01 Accepted	 192	 619	
626	 4.1611405e-01	 +2.4726097e-03 -2.2392992e-03	 8.51e-01 Accepted	 193	 619	
627	 4.1588100e-01	 -1.8779783e-03 +1.5134624e-03	 1.06e+00 Accepted	 192	 619	
628	 4.1581067e-01	 -2.0583852e-03 +9.1560124e-04	 8.76e-01 Accepted	 193	 619	
629	 4.1581067e-01	 -2.0583852e-03 +9.1560124e-04	 7.78e-01 Rejected	 193	 619	
630	 4.1572849e-01	 +3.4941047e-03 -1.2822143e-03	 1.10e+00 Accepted	 193	 619	
631	 4.1572849e-01	 +3.4941047e-03 -1.2822143e-03	 8.84e-01 Rejected	 193	 619	
632	 4.1527486e-01	 -5.1132413e-04 +3.2339291e-03	 7.92e-01 Accepted	 194	 619	
633	 4.1527486e-01	 -5.1132413e-04 +3.2339291e-03	 8.71e-01 Rejected	 193	 619	
634	 4.1549159e-01	 -5.8488843e-04 +1.2705018e-05	 1.05e+00 Accepted	 194	 619	
635	 4.1538904e-01	 +2.8948171e-04 -1.1972479e-03	 1.32e+00 Accepted	 193	 619	
636	 4.1538904e-01	 +2.8948171e-04 -1.1972479e-03	 6.72e-01 Rejected	 193	 619	
637	 4.1543414e-01	 +7.7827121e-04 -6.0785116e-04	 9.24e-01 Accepted	 194	 619	
638	 4.1573649e-01	 -1.0368195e-03 +1.9378585e-03	 9.96e-01 Accepted	 194	 619	
639	 4.1545086e-01	 +4.7276732e-04 +8.7421064e-04	 7.69e-01 Accepted	 195	 619	
640	 4.1582203e-01	 -1.0123645e-03 +1.4696068e-04	 1.15e+00 Accepted	 193	 619	
641	 4.1562420e-01	 +2.0259788e-03 +3.9176874e-04	 9.15e-01 Accepted	 193	 619	
642	 4.1601260e-01	 -2.1578821e-03 -7.7081975e-04	 7.64e-01 Accepted	 192	 619	
643	 4.1584248e-01	 -8.6645941e-04 +1.5662585e-04	 9.07e-01 Accepted	 194	 619	
644	 4.1580278e-01	 -5.6011933e-04 +1.8481352e-03	 8.78e-01 Accepted	 194	 619	
645	 4.1580642e-01	 -9.8087260e-04 -1.4081532e-03	 5.19e-01 Accepted	 193	 620	
646	 4.1580642e-01	 -9.8087260e-04 -1.4081532e-03	 8.89e-01 Rejected	 193	 619	
647	 4.1569062e-01	 -4.1183889e-03 +1.1340108e-03	 1.34e+00 Accepted	 193	 619	
648	 4.1539103e-01	 -1.7451429e-03 -7.9031349e-04	 1.16e+00 Accepted	 193	 619	
649	 4.1510976e-01	 +2.6804514e-04 -1.4963418e-04	 9.27e-01 Accepted	 192	 619	
650	 4.1510976e-01	 +2.6804514e-04 -1.4963418e-04	 8.12e-01 Rejected	 193	 619	
651	 4.1536818e-01	 +1.3052401e-03 -1.7370530e-04	 1.54e+00 Accepted	 193	 619	
652	 4.1568529e-01	 -1.5244946e-04 -1.4087921e-03	 1.25e+00 Accepted	 193	 619	
653	 4.1568529e-01	 -1.5244946e-04 -1.4087921e-03	 8.35e-01 Rejected	 192	 619	
654	 4.1588038e-01	 -1.1436240e-03 +2.2902355e-04	 1.59e+00 Accepted	 193	 619	
655	 4.1586789e-01	 +1.3110626e-04 -2.5052124e-03	 8.45e-01 Accepted	 192	 619	
656	 4.1606744e-01	 -1.4188016e-03 +7.2629156e-04	 1.07e+00 Accepted	 193	 619	
657	 4.1548368e-01	 +4.7280874e-03 -6.6200084e-04	 9.39e-01 Accepted	 193	 618	
658	 4.1540676e-01	 -5.4367437e-04 -2.3950829e-03	 6.53e-01 Accepted	 194	 619	
659	 4.1528581e-01	 +2.5528679e-03 -1.2324146e-03	 9.60e-01 Accepted	 192	 620	
660	 4.1528581e-01	 +2.5528679e-03 -1.2324146e-03	 7.99e-01 Rejected	 193	 619	
661	 4.1518787e-01	 +1.3486118e-03 +1.9256627e-03	 1.13e+00 Accepted	 193	 619	
662	 4.1474721e-01	 +8.6177420e-04 +2.1545625e-03	 9.28e-01 Accepted	 194	 619	
663	 4.1457509e-01	 -1.5899135e-03 +1.4401876e-03	 1.17e+00 Accepted	 193	 619	
664	 4.1484850e-01	 -2.2165507e-03 +1.1631860e-04	 1.43e+00 Accepted	 193	 619	
665	 4.1493299e-01	 -5.3771854e-04 +2.9500217e-04	 8.26e-01 Accepted	 193	 619	
666	 4.1534971e-01	 +1.2325016e-04 +3.0541499e-04	 1.65e+00 Accepted	 193	 619	
667	 4.1509521e-01	 -2.1057668e-04 -2.0881224e-04	 1.19e+00 Accepted	 193	 619	
# Starting_type: CheckpointStart
# Trajectory_length / Number_of_MD_steps: 1 / 8
# 	 Plaquette	 Polyakov_Loop(re,im)	 Acc._Probability	 runtime_per_traj(s)	 CG_iterations	
667	 4.1509521e-01	 -2.1057668e-04 -2.0881224e-04	 1.19e+00 Accepted	 204	 619	
668	 4.1547769e-01	 -2.0852133e-04 +7.6166697e-04	 8.10e-01 Accepted	 198	 619	
669	 4.1547769e-01	 -2.0852133e-04 +7.6166697e-04	 6.92e-01 Rejected	 192	 619	
670	 4.1547769e-01	 -2.0852133e-04 +7.6166697e-04	 7.59e-01 Rejected	 194	 619	
671	 4.1531883e-01	 -7.9810848e-04 +2.6917123e-03	 8.64e-01 Accepted	 193	 619	
672	 4.1515621e-01	 -4.1463431e-04 -1.0034110e-03	 7.13e-01 Accepted	 193	 619	
673	 4.1523362e-01	 +1.6904545e-04 -1.8066382e-04	 1.09e+00 Accepted	 193	 619	
674	 4.1526677e-01	 +1.1473378e-03 +1.6508897e-04	 9.17e-01 Accepted	 193	 619	
675	 4.1546641e-01	 +1.6389159e-04 -5.3184317e-04	 9.35e-01 Accepted	 194	 619	
676	 4.1527644e-01	 -7.3483264e-04 -1.6614958e-03	 8.68e-01 Accepted	 192	 619	
677	 4.1527644e-01	 -7.3483264e-04 -1.6614958e-03	 7.05e-01 Rejected	 193	 619	
678	 4.1505381e-01	 -2.0113726e-03 +1.4479484e-03	 7.83e-01 Accepted	 192	 620	
679	 4.1505381e-01	 -2.0113726e-03 +1.4479484e-03	 7.94e-01 Rejected	 193	 619	
680	 4.1518723e-01	 +1.8402818e-03 -1.7434741e-03	 9.64e-01 Accepted	 192	 619	
681	 4.1573067e-01	 +1.6458492e-04 -1.2948830e-03	 9.49e-01 Accepted	 192	 619	
682	 4.1580677e-01	 +3.4344325e-04 -2.7830136e-04	 1.21e+00 Accepted	 193	 618	
683	 4.1569013e-01	 -1.7926876e-03 +1.6833934e-03	 9.06e-01 Accepted	 193	 619	
684	 4.1577964e-01	 +7.6389503e-04 +1.0025112e-03	 1.12e+00 Accepted	 192	 620	
685	 4.1580705e-01	 +4.9072832e-04 +1.4555954e-03	 9.16e-01 Accepted	 193	 619	
686	 4.1573462e-01	 -3.4293343e-04 +1.8629584e-03	 1.18e+00 Accepted	 194	 619	
687	 4.1571876e-01	 -5.9111204e-04 -1.9177322e-04	 9.81e-01 Accepted	 192	 619	
688	 4.1565359e-01	 +1.8395768e-03 +2.1711083e-03	 9.52e-01 Accepted	 192	 619	
689	 4.1546897e-01	 -2.1795626e-03 +2.4586787e-03	 8.70e-01 Accepted	 192	 619	
690	 4.1552138e-01	 +2.9919821e-03 +3.3248661e-04	 8.72e-01 Accepted	 194	 619	
691	 4.1597512e-01	 -3.9171532e-04 -2.3697460e-03	 9.62e-01 Accepted	 192	 619	
692	 4.1597512e-01	 -3.9171532e-04 -2.3697460e-03	 7.49e-01 Rejected	 193	 619	
693	 4.1597512e-01	 -3.9171532e-04 -2.3697460e-03	 7.52e-01 Rejected	 193	 619	
694	 4.1550237e-01	 +1.4297411e-03 -1.9129721e-03	 6.01e-01 Accepted	 193	 619	
695	 4.1508501e-01	 -1.5027323e-03 -5.5893170e-04	 1.08e+00 Accepted	 193	 619	
696	 4.1508501e-01	 -1.5027323e-03 -5.5893170e-04	 7.45e-01 Rejected	 193	 620	
697	 4.1470943e-01	 -7.8234566e-04 +3.1255126e-03	 7.22e-01 Accepted	 193	 619	
698	 4.1531958e-01	 +8.4729538e-04 -2.1635124e-04	 1.27e+00 Accepted	 193	 619	
699	 4.1576735e-01	 -1.0017956e-03 +8.5033804e-04	 1.26e+00 Accepted	 192	 619	
700	 4.1537324e-01	 -1.7377051e-03 -2.3620329e-03	 1.23e+00 Accepted	 193	 619	
701	 4.1491736e-01	 -3.2216957e-03 +1.6011830e-03	 8.27e-01 Accepted	 192	 619	
702	 4.1512737e-01	 -1.7096399e-03 -2.8008550e-03	 1.29e+00 Accepted	 192	 619	
703	 4.1520675e-01	 -1.8765485e-03 +2.2520585e-03	 8.60e-01 Accepted	 193	 619	
704	 4.1533396e-01	 -5.2501347e-04 +1.5744081e-03	 9.36e-01 Accepted	 194	 620	
705	 4.1529616e-01	 -2.1412712e-03 -1.0463789e-03	 9.06e-01 Accepted	 192	 619	
706	 4.1523446e-01	 +1.0149287e-04 -3.6162839e-04	 1.25e+00 Accepted	 193	 619	
707	 4.1550045e-01	 -2.3291572e-03 -7.4512607e-04	 1.19e+00 Accepted	 193	 619	
708	 4.1481655e-01	 +4.5651865e-04 -2.0615636e-03	 9.97e-01 Accepted	 193	 619	
709	 4.1554918e-01	 -4.1597378e-04 +1.4736386e-04	 1.39e+00 Accepted	 193	 619	
710	 4.1526410e-01	 -7.1994450e-04 +3.8605717e-03	 7.83e-01 Accepted	 192	 619	
711	 4.1526410e-01	 -7.1994450e-04 +3.8605717e-03	 9.78e-01 Rejected	 191	 619	
712	 4.1514412e-01	 +2.6667975e-03 +4.9002019e-04	 8.82e-01 Accepted	 194	 619	
713	 4.1485550e-01	 -1.3256115e-03 -2.9428594e-03	 1.04e+00 Accepted	 193	 619	
714	 4.1494506e-01	 +6.3972007e-04 +3.8757911e-04	 1.63e+00 Accepted	 192	 619	
715	 4.1488693e-01	 +1.7778799e-04 -3.8658295e-03	 1.44e+00 Accepted	 193	 619	
716	 4.1488693e-01	 +1.7778799e-04 -3.8658295e-03	 8.34e-01 Rejected	 192	 620	
717	 4.1555524e-01	 -4.1558624e-04 +1.1820741e-03	 1.07e+00 Accepted	 193	 619	
718	 4.1572148e-01	 -3.8636674e-05 +4.0198529e-04	 1.05e+00 Accepted	 193	 619	
719	 4.1550703e-01	 -2.2987779e-03 +3.8677391e-04	 8.30e-01 Accepted	 193	 619	
720	 4.1550703e-01	 -2.2987779e-03 +3.8677391e-04	 5.88e-01 Rejected	 193	 619	
721	 4.1583732e-01	 +3.2907148e-04 -1.8890392e-03	 9.29e-01 Accepted	 192	 619	
722	 4.1590489e-01	 +1.7946649e-03 -6.9128399e-04	 7.29e-01 Accepted	 194	 619	
723	 4.1620017e-01	 +1.1271347e-03 +7.9690378e-04	 7.58e-01 Accepted	 193	 619	
724	 4.1592596e-01	 -7.6737571e-04 -4.0966086e-04	 9.56e-01 Accepted	 193	 619	
725	 4.1557701e-01	 -5.8987353e-06 +1.7978056e-03	 1.42e+00 Accepted	 193	 619	
726	 4.1540219e-01	 +2.0124420e-03 +2.8254432e-03	 1.15e+00 Accepted	 193	 619	
727	 4.1544042e-01	 +4.2701718e-04 +1.3819807e-04	 7.90e-01 Accepted	 193	 619	
728	 4.1532114e-01	 -2.9427420e-04 +1.0343952e-03	 1.01e+00 Accepted	 193	 619	
729	 4.1543686e-01	 +9.6687352e-04 -1.2173080e-03	 7.99e-01 Accepted	 193	 619	
730	 4.1562932e-01	 +1.5443848e-03 +6.7922960e-04	 1.56e+00 Accepted	 193	 619	
731	 4.1562932e-01	 +1.5443848e-03 +6.7922960e-04	 8.47e-01 Rejected	 193	 619	
732	 4.1565459e-01	 +8.5475084e-05 +5.6401714e-04	 1.19e+00 Accepted	 194	 619	
733	 4.1583871e-01	 -6.9176679e-04 +5.3424926e-04	 9.10e-01 Accepted	 193	 619	
734	 4.1553549e-01	 -5.9323130e-04 -2.3180654e-03	 9.58e-01 Accepted	 193	 619	
735	 4.1510797e-01	 +3.0901053e-03 +6.1768826e-04	 6.88e-01 Accepted	 193	 619	
736	 4.1560537e-01	 -4.0118247e-04 -2.1457012e-03	 9.61e-01 Accepted	 193	 619	
737	 4.1560522e-01	 +2.8482395e-03 -8.4091903e-04	 1.37e+00 Accepted	 193	 620	
738	 4.1590255e-01	 -4.0070260e-04 -3.0327816e-03	 9.01e-01 Accepted	 194	 619	
739	 4.1571051e-01	 -6.2124313e-04 -5.5651464e-05	 1.37e+00 Accepted	 194	 619	
740	 4.1556798e-01	 +2.9894579e-03 +7.7617924e-04	 8.45e-01 Accepted	 193	 619	
741	 4.1543665e-01	 -2.9130853e-03 +1.1538460e-03	 9.16e-01 Accepted	 193	 619	
742	 4.1566467e-01	 -9.3037746e-05 -1.0129488e-03	 7.28e-01 Accepted	 193	 619	
743	 4.1583975e-01	 +2.7687069e-03 -1.4007673e-03	 8.55e-01 Accepted	 194	 619	
744	 4.1554757e-01	 +1.2029618e-03 -1.5110668e-03	 1.01e+00 Accepted	 193	 619	
745	 4.1576496e-01	 -4.1042061e-04 +2.5988095e-03	 1.01e+00 Accepted	 193	 619	
746	 4.1550168e-01	 -1.8158975e-03 -1.6100180e-03	 7.76e-01 Accepted	 193	 619	
747	 4.1600251e-01	 +2.0382783e-03 +1.4710635e-03	 1.24e+00 Accepted	 193	 619	
748	 4.1538414e-01	 -4.5759007e-04 -1.4535363e-03	 8.55e-01 Accepted	 193	 619	
749	 4.1525155e-01	 +4.0240412e-05 -1.6304858e-04	 1.18e+00 Accepted	 193	 619	
750	 4.1557076e-01	 -2.0742677e-03 -3.3146627e-03	 8.08e-01 Accepted	 193	 619	
751	 4.1543316e-01	 -1.4633421e-03 -3.2954540e-03	 1.68e+00 Accepted	 193	 619	
752	 4.1533045e-01	 -9.9305594e-04 -1.0173197e-03	 8.93e-01 Accepted	 193	 619	
753	 4.1498261e-01	 -2.7155676e-04 +1.6265245e-04	 8.42e-01 Accepted	 194	 620	
754	 4.1536625e-01	 -1.0011321e-03 -2.4851000e-04	 1.32e+00 Accepted	 194	 619	
755	 4.1530494e-01	 -5.6414695e-04 -1.5434535e-03	 9.87e-01 Accepted	 193	 619	
756	 4.1483576e-01	 -4.6175025e-04 +1.0403595e-03	 6.64e-01 Accepted	 193	 619	
757	 4.1509797e-01	 +1.2175652e-03 -2.9531128e-05	 8.31e-01 Accepted	 193	 619	
758	 4.1533849e-01	 -4.2757471e-03 +2.6607707e-03	 1.15e+00 Accepted	 193	 619	
759	 4.1597671e-01	 +1.2857241e-03 -1.3993894e-03	 1.78e+00 Accepted	 194	 619	
760	 4.1570466e-01	 -1.0754513e-03 -1.8507707e-03	 1.06e+00 Accepted	 193	 619	
761	 4.1593685e-01	 -1.0533139e-03 +9.9585458e-04	 1.27e+00 Accepted	 193	 619	
762	 4.1577237e-01	 -1.1774162e-03 +1.0642590e-03	 9.05e-01 Accepted	 193	 619	
763	 4.1611307e-01	 -7.3503859e-04 -1.2457363e-04	 1.68e+00 Accepted	 193	 619	
764	 4.1625724e-01	 +1.8971141e-03 +3.3825150e-04	 8.37e-01 Accepted	 193	 619	
765	 4.1626044e-01	 +1.9023434e-03 -1.1881788e-03	 7.14e-01 Accepted	 192	 619	
766	 4.1630698e-01	 +1.2870285e-03 +4.2883773e-03	 7.46e-01 Accepted	 192	 619	
767	 4.1626860e-01	 -1.5033027e-03 -5.1611978e-04	 1.23e+00 Accepted	 193	 619	
768	 4.1597626e-01	 +2.1388361e-04 +3.0666391e-05	 9.81e-01 Accepted	 193	 619	
769	 4.1568125e-01	 -5.5298040e-04 -9.2195544e-04	 7.16e-01 Accepted	 193	 619	
770	 4.1559615e-01	 -6.6757009e-04 -3.6903862e-04	 5.28e-01 Accepted	 192	 619	
771	 4.1560767e-01	 +2.2201900e-03 +2.5663999e-04	 1.27e+00 Accepted	 193	 619	
772	 4.1556508e-01	 +1.8486954e-03 +9.4341753e-04	 5.47e-01 Accepted	 193	 619	
773	 4.1546180e-01	 +2.3695416e-03 -1.9001228e-03	 7.31e-01 Accepted	 193	 619	
774	 4.1546180e-01	 +2.3695416e-03 -1.9001228e-03	 8.44e-01 Rejected	 193	 619	
775	 4.1510060e-01	 +1.7921569e-03 -2.1616066e-03	 9.23e-01 Accepted	 193	 619	
776	 4.1543684e-01	 +1.7525221e-03 +8.2694558e-04	 9.45e-01 Accepted	 193	 619	
777	 4.1563615e-01	 +1.2424404e-03 -2.3705891e-03	 9.52e-01 Accepted	 192	 619	
778	 4.1542448e-01	 -1.2538890e-03 -3.0130104e-04	 8.88e-01 Accepted	 193	 619	
779	 4.1482594e-01	 +1.8937349e-03 +1.3083604e-03	 5.65e-01 Accepted	 192	 619	
780	 4.1503662e-01	 +1.7019414e-03 -4.4399844e-04	 8.79e-01 Accepted	 193	 619	
781	 4.1477019e-01	 -2.0384759e-05 +7.6401831e-04	 1.06e+00 Accepted	 194	 619	
782	 4.1482360e-01	 +5.7586459e-04 +2.2231850e-03	 1.23e+00 Accepted	 193	 619	
783	 4.1482360e-01	 +5.7586459e-04 +2.2231850e-03	 6.81e-01 Rejected	 193	 619	
784	 4.1486652e-01	 -1.8295555e-03 -1.8207639e-04	 9.64e-01 Accepted	 193	 620	
785	 4.1492746e-01	 +5.1258905e-04 -6.6722382e-04	 1.59e+00 Accepted	 194	 620	
786	 4.1524154e-01	 -5.5777648e-04 -2.9126031e-03	 1.29e+00 Accepted	 193	 619	
787	 4.1524154e-01	 -5.5777648e-04 -2.9126031e-03	 8.27e-01 Rejected	 193	 619	
788	 4.1524154e-01	 -5.5777648e-04 -2.9126031e-03	 6.27e-01 Rejected	 193	 619	
789	 4.1514381e-01	 +9.7689922e-04 +3.8873736e-04	 9.18e-01 Accepted	 193	 619	
790	 4.1514381e-01	 +9.7689922e-04 +3.8873736e-04	 7.78e-01 Rejected	 193	 619	
791	 4.1514381e-01	 +9.7689922e-04 +3.8873736e-04	 7.39e-01 Rejected	 193	 619	
792	 4.1514381e-01	 +9.7689922e-04 +3.8873736e-04	 6.08e-01 Rejected	 193	 619	
793	 4.1525552e-01	 -6.5030133e-04 +2.6372362e-03	 6.44e-01 Accepted	 193	 620	
794	 4.1531941e-01	 +3.2303273e-03 +1.4583387e-03	 1.08e+00 Accepted	 193	 619	
795	 4.1574324e-01	 +2.9920634e-05 -8.9436143e-04	 1.17e+00 Accepted	 193	 619	
796	 4.1589779e-01	 +2.2926877e-04 -1.5853573e-03	 9.36e-01 Accepted	 193	 619	
797	 4.1517664e-01	 +9.3649091e-04 +1.7061085e-03	 9.02e-01 Accepted	 193	 619	
798	 4.1525586e-01	 +8.8312677e-04 +9.0681516e-04	 8.88e-01 Accepted	 194	 619	
799	 4.1525586e-01	 +8.8312677e-04 +9.0681516e-04	 7.55e-01 Rejected	 193	 620	
800	 4.1539542e-01	 +1.4127474e-03 -1.4199668e-03	 1.20e+00 Accepted	 193	 619	
801	 4.1531780e-01	 +1.0613576e-03 +1.2615137e-03	 7.14e-01 Accepted	 193	 619	
802	 4.1514762e-01	 -2.5126173e-03 +5.9571361e-04	 1.06e+00 Accepted	 194	 619	
803	 4.1550371e-01	 +1.1637475e-03 -1.4099336e-03	 1.51e+00 Accepted	 193	 619	
804	 4.1511019e-01	 -1.9365389e-03 -1.8625558e-03	 1.11e+00 Accepted	 193	 619	
805	 4.1554015e-01	 +2.2972189e-04 -2.5951937e-04	 9.72e-01 Accepted	 193	 619	
806	 4.1571756e-01	 +8.2631894e-04 -9.0559026e-04	 1.22e+00 Accepted	 193	 619	
807	 4.1520916e-01	 -9.7283956e-05 +2.1591966e-03	 7.32e-01 Accepted	 193	 618	
808	 4.1595707e-01	 +3.7664287e-04 +2.8037551e-03	 1.37e+00 Accepted	 193	 618	
809	 4.1589567e-01	 +4.2162485e-04 -8.0923058e-04	 8.34e-01 Accepted	 194	 619	
810	 4.1589567e-01	 +4.2162485e-04 -8.0923058e-04	 5.22e-01 Rejected	 193	 619	
811	 4.1524224e-01	 -1.9128414e-03 -6.3929041e-04	 7.28e-01 Accepted	 193	 620	
812	 4.1524224e-01	 -1.9128414e-03 -6.3929041e-04	 8.75e-01 Rejected	 193	 619	
813	 4.1519972e-01	 -6.3334325e-04 -1.3035904e-03	 1.33e+00 Accepted	 193	 619	
814	 4.1492495e-01	 +1.9782384e-03 -2.0359326e-03	 6.17e-01 Accepted	 193	 619	
815	 4.1491902e-01	 +1.2254782e-03 -8.1836477e-04	 1.31e+00 Accepted	 192	 619	
816	 4.1479394e-01	 -2.0126758e-03 +1.1106706e-04	 9.12e-01 Accepted	 192	 619	
817	 4.1467407e-01	 +1.7385788e-04 +1.7623684e-03	 7.23e-01 Accepted	 193	 619	
818	 4.1531314e-01	 +1.2163182e-03 +4.1390892e-04	 9.25e-01 Accepted	 193	 619	
819	 4.1518942e-01	 +5.3027746e-04 -3.0649534e-04	 8.54e-01 Accepted	 193	 620	
820	 4.1537276e-01	 -2.3721915e-03 -1.4787291e-03	 1.19e+00 Accepted	 193	 619	
821	 4.1541518e-01	 -1.1595367e-03 +5.3389982e-04	 8.89e-01 Accepted	 193	 619	
822	 4.1546957e-01	 +1.0147309e-03 +2.9548836e-03	 7.82e-01 Accepted	 192	 619	
823	 4.1528903e-01	 -3.7289835e-03 -2.3613227e-04	 1.02e+00 Accepted	 193	 619	
824	 4.1536864e-01	 -1.2847676e-03 +2.3570674e-03	 8.33e-01 Accepted	 193	 618	
825	 4.1516938e-01	 -1.3159724e-03 +1.0379065e-03	 1.22e+00 Accepted	 193	 619	
826	 4.1519071e-01	 -2.5975248e-04 +2.6593562e-03	 9.34e-01 Accepted	 192	 619	
827	 4.1503027e-01	 -1.7697020e-03 +7.9998574e-04	 1.09e+00 Accepted	 193	 619	
828	 4.1542020e-01	 +7.1585911e-04 +1.4587918e-03	 1.48e+00 Accepted	 194	 619	
829	 4.1554981e-01	 -2.0869987e-03 +1.3819706e-03	 1.32e+00 Accepted	 193	 619	
830	 4.1554981e-01	 -2.0869987e-03 +1.3819706e-03	 6.36e-01 Rejected	 193	 619	
831	 4.1538279e-01	 -1.9640657e-03 -9.9991240e-04	 1.08e+00 Accepted	 192	 619	
832	 4.1538976e-01	 +1.8468367e-03 +2.6703453e-03	 1.61e+00 Accepted	 193	 619	
833	 4.1527070e-01	 -1.1901711e-03 -8.5972952e-04	 9.29e-01 Accepted	 193	 618	
834	 4.1532670e-01	 +1.4503576e-03 +8.8056940e-04	 1.22e+00 Accepted	 194	 618	
835	 4.1516047e-01	 -1.2228458e-03 +7.3163987e-04	 8.61e-01 Accepted	 192	 619	
836	 4.1566485e-01	 -4.7835039e-04 +1.2943758e-03	 1.43e+00 Accepted	 193	 619	
837	 4.1569416e-01	 -2.5463195e-04 -3.1224264e-03	 9.93e-01 Accepted	 193	 619	
838	 4.1548640e-01	 +2.5739913e-03 -3.4237559e-04	 1.12e+00 Accepted	 194	 619	
839	 4.1564130e-01	 -1.1493757e-03 -1.0936355e-03	 8.53e-01 Accepted	 193	 619	
840	 4.1550426e-01	 +1.9364001e-03 -2.2069319e-03	 8.42e-01 Accepted	 193	 619	
841	 4.1519512e-01	 -4.4056637e-04 -4.4873226e-04	 6.70e-01 Accepted	 193	 619	
842	 4.1507831e-01	 -1.3940732e-03 -2.1992191e-03	 7.61e-01 Accepted	 192	 619	
843	 4.1544728e-01	 -1.5502471e-04 +2.9503558e-03	 1.38e+00 Accepted	 193	 618	
844	 4.1544728e-01	 -1.5502471e-04 +2.9503558e-03	 6.31e-01 Rejected	 194	 619	
845	 4.1558871e-01	 -6.2014487e-05 +1.1046418e-03	 1.01e+00 Accepted	 193	 619	
846	 4.1519682e-01	 +2.9391766e-03 -4.3079521e-04	 8.73e-01 Accepted	 193	 619	
847	 4.1509362e-01	 -1.6300880e-03 +1.8304039e-04	 8.83e-01 Accepted	 193	 619	
848	 4.1509362e-01	 -1.6300880e-03 +1.8304039e-04	 8.22e-01 Rejected	 193	 620	
849	 4.1570975e-01	 -6.8489891e-04 +1.8051544e-03	 1.55e+00 Accepted	 193	 619	
850	 4.1570975e-01	 -6.8489891e-04 +1.8051544e-03	 6.71e-01 Rejected	 193	 619	
851	 4.1570975e-01	 -6.8489891e-04 +1.8051544e-03	 6.53e-01 Rejected	 194	 619	
852	 4.1534662e-01	 +5.4507666e-04 -1.4784327e-03	 9.49e-01 Accepted	 192	 619	
853	 4.1534662e-01	 +5.4507666e-04 -1.4784327e-03	 7.05e-01 Rejected	 193	 620	
854	 4.1565588e-01	 +1.0673901e-03 -1.3836796e-03	 7.83e-01 Accepted	 194	 620	
855	 4.1545011e-01	 +1.0895626e-03 +1.1318422e-03	 7.72e-01 Accepted	 194	 619	
856	 4.1547728e-01	 +8.9252339e-04 -1.0197661e-03	 9.39e-01 Accepted	 194	 619	
857	 4.1547728e-01	 +8.9252339e-04 -1.0197661e-03	 6.44e-01 Rejected	 193	 619	
858	 4.1611070e-01	 -1.0719647e-03 +2.5223431e-03	 1.39e+00 Accepted	 193	 618	
859	 4.1611070e-01	 -1.0719647e-03 +2.5223431e-03	 7.99e-01 Rejected	 192	 619	
860	 4.1613935e-01	 +1.9691182e-03 -1.2845219e-03	 1.18e+00 Accepted	 193	 619	
861	 4.1539464e-01	 +2.0711542e-04 -2.9305225e-03	 6.69e-01 Accepted	 193	 619	
862	 4.1518182e-01	 -3.7438067e-04 +2.3010574e-03	 8.35e-01 Accepted	 193	 619	
863	 4.1508933e-01	 +2.4137214e-03 -2.0975278e-03	 1.09e+00 Accepted	 193	 619	
864	 4.1549912e-01	 +1.1070167e-03 +1.7750213e-03	 1.34e+00 Accepted	 193	 619	
865	 4.1582257e-01	 +1.8029730e-03 +9.4331022e-04	 1.31e+00 Accepted	 193	 619	
866	 4.1592729e-01	 +3.3287928e-04 -5.0221295e-07	 1.62e+00 Accepted	 193	 619	
867	 4.1580876e-01	 +1.4308678e-03 +2.1738182e-03	 9.78e-01 Accepted	 192	 619	
868	 4.1599063e-01	 -2.6222935e-04 +1.0300876e-03	 1.53e+00 Accepted	 194	 619	
869	 4.1607351e-01	 +4.7856531e-05 +2.1654492e-03	 1.31e+00 Accepted	 193	 619	
870	 4.1590801e-01	 +2.0292555e-04 -3.0788350e-03	 9.44e-01 Accepted	 193	 619	
871	 4.1532078e-01	 -5.8874586e-04 -7.1851592e-04	 6.51e-01 Accepted	 193	 619	
872	 4.1593467e-01	 +2.4839441e-04 +1.4013128e-03	 8.35e-01 Accepted	 193	 619	
873	 4.1628616e-01	 +1.2359459e-05 +1.6678026e-03	 1.65e+00 Accepted	 193	 620	
874	 4.1558631e-01	 -3.9113152e-04 -2.2132152e-03	 4.98e-01 Accepted	 194	 618	
875	 4.1545823e-01	 +1.5558092e-04 -2.3778503e-03	 1.22e+00 Accepted	 193	 619	
876	 4.1545823e-01	 +1.5558092e-04 -2.3778503e-03	 7.70e-01 Rejected	 192	 619	
877	 4.1522517e-01	 -1.4273194e-03 +1.9845579e-04	 8.04e-01 Accepted	 192	 620	
878	 4.1558613e-01	 +3.5705830e-03 +2.6078954e-03	 9.64e-01 Accepted	 193	 619	
879	 4.1537251e-01	 +1.9054123e-04 +1.3640053e-03	 1.56e+00 Accepted	 193	 619	
880	 4.1523841e-01	 +2.5550023e-03 -8.3548311e-04	 6.85e-01 Accepted	 193	 619	
881	 4.1474110e-01	 +6.5793043e-04 +3.4389353e-04	 8.85e-01 Accepted	 193	 620	
882	 4.1473213e-01	 -5.6502772e-04 -1.8363338e-03	 1.50e+00 Accepted	 193	 620	
883	 4.1503097e-01	 +3.4055553e-03 +1.0850613e-03	 9.79e-01 Accepted	 194	 620	
884	 4.1547636e-01	 -9.3829683e-04 +2.5940388e-05	 1.46e+00 Accepted	 193	 619	
885	 4.1595174e-01	 +6.8917054e-04 -2.2705457e-03	 1.52e+00 Accepted	 193	 619	
886	 4.1595174e-01	 +6.8917054e-04 -2.2705457e-03	 7.90e-01 Rejected	 193	 619	
887	 4.1555912e-01	 -1.1967897e-03 +7.7006048e-04	 1.01e+00 Accepted	 193	 619	
888	 4.1580655e-01	 -2.9613044e-04 +1.3292789e-03	 1.07e+00 Accepted	 194	 619	
889	 4.1538530e-01	 +5.6747329e-04 +2.2656363e-03	 1.09e+00 Accepted	 193	 619	
# Starting_type: CheckpointStart
# Trajectory_length / Number_of_MD_steps: 1 / 8
# 	 Plaquette	 Polyakov_Loop(re,im)	 Acc._Probability	 runtime_per_traj(s)	 CG_iterations	
889	 4.1538530e-01	 +5.6747329e-04 +2.2656363e-03	 1.09e+00 Accepted	 193	 619	
890	 4.1559125e-01	 +2.7909676e-03 +1.7395754e-03	 7.80e-01 Accepted	 193	 619	
891	 4.1557073e-01	 -1.1549661e-03 +4.3378263e-04	 1.12e+00 Accepted	 192	 620	
892	 4.1633697e-01	 +3.5916684e-04 -1.2151006e-03	 1.16e+00 Accepted	 192	 619	
893	 4.1655197e-01	 -9.0179956e-04 -9.4997144e-05	 9.12e-01 Accepted	 192	 619	
894	 4.1666599e-01	 +3.5224123e-03 +1.5120071e-04	 1.13e+00 Accepted	 193	 619	
895	 4.1638746e-01	 +1.5954953e-03 -6.6439924e-04	 1.41e+00 Accepted	 193	 619	
896	 4.1602246e-01	 -1.6508475e-04 -3.4544806e-04	 1.14e+00 Accepted	 192	 619	
897	 4.1567769e-01	 -4.2487553e-04 +1.2887581e-03	 8.57e-01 Accepted	 192	 619	
898	 4.1614401e-01	 +9.9243450e-04 -6.3990912e-04	 1.11e+00 Accepted	 193	 619	
899	 4.1614401e-01	 +9.9243450e-04 -6.3990912e-04	 7.51e-01 Rejected	 193	 619	
900	 4.1594063e-01	 -7.1377566e-04 -3.0650652e-03	 1.32e+00 Accepted	 192	 619	
901	 4.1594063e-01	 -7.1377566e-04 -3.0650652e-03	 6.04e-01 Rejected	 194	 620	
902	 4.1523214e-01	 +1.6353246e-03 -1.5427158e-03	 7.75e-01 Accepted	 193	 619	
903	 4.1551118e-01	 +2.7755149e-04 -4.3914841e-04	 1.09e+00 Accepted	 193	 619	
904	 4.1521996e-01	 +9.4000353e-04 -2.9603146e-04	 8.42e-01 Accepted	 193	 619	
905	 4.1498802e-01	 +2.3613315e-04 +1.1719495e-03	 7.45e-01 Accepted	 193	 620	
906	 4.1526367e-01	 +4.5705790e-04 -2.0080278e-03	 1.25e+00 Accepted	 193	 619	
907	 4.1515345e-01	 +2.4730644e-03 -9.4133118e-06	 1.03e+00 Accepted	 193	 619	
908	 4.1518579e-01	 +5.3614293e-04 +1.2466195e-03	 1.25e+00 Accepted	 193	 620	
909	 4.1508118e-01	 +2.0312611e-03 +2.5551424e-05	 8.15e-01 Accepted	 192	 620	
910	 4.1552465e-01	 -4.3027306e-04 +2.2941788e-03	 1.12e+00 Accepted	 193	 619	
911	 4.1573023e-01	 -1.9164989e-04 +9.9042059e-05	 1.12e+00 Accepted	 192	 619	
912	 4.1521303e-01	 +5.1153379e-04 -1.0847629e-03	 1.15e+00 Accepted	 193	 619	
913	 4.1521964e-01	 +1.9836897e-03 +8.9975265e-04	 1.84e+00 Accepted	 193	 619	
914	 4.1568101e-01	 -1.6189221e-03 +1.0458846e-03	 1.21e+00 Accepted	 194	 619	
915	 4.1544537e-01	 -1.9582804e-03 -9.3471873e-04	 8.36e-01 Accepted	 193	 619	
916	 4.1554931e-01	 -1.0036149e-03 +4.7284822e-04	 1.06e+00 Accepted	 193	 620	
917	 4.1542888e-01	 -9.5878246e-04 +2.4873907e-04	 7.75e-01 Accepted	 192	 619	
918	 4.1562892e-01	 +1.3875131e-03 -2.7994754e-05	 1.60e+00 Accepted	 193	 619	
919	 4.1562892e-01	 +1.3875131e-03 -2.7994754e-05	 7.96e-01 Rejected	 193	 619	
920	 4.1541073e-01	 +1.4219295e-05 +9.5342198e-04	 8.61e-01 Accepted	 193	 619	
921	 4.1526575e-01	 -1.9898261e-03 -1.2707317e-03	 5.96e-01 Accepted	 194	 619	
922	 4.1538386e-01	 +7.6309732e-05 -7.3146781e-04	 9.71e-01 Accepted	 193	 619	
923	 4.1584331e-01	 -8.7558661e-04 +1.9558631e-04	 1.31e+00 Accepted	 193	 619	
924	 4.1591216e-01	 -8.5508413e-04 +6.8693942e-04	 7.21e-01 Accepted	 194	 619	
925	 4.1596328e-01	 +4.9398945e-04 -6.7528417e-04	 1.10e+00 Accepted	 194	 619	
926	 4.1588934e-01	 +2.0845892e-04 +1.3601807e-03	 7.56e-01 Accepted	 194	 619	
927	 4.1570596e-01	 +3.8423127e-04 +1.0645497e-03	 7.56e-01 Accepted	 193	 619	
928	 4.1563049e-01	 -1.4532762e-03 +3.0838842e-04	 9.94e-01 Accepted	 193	 619	
929	 4.1563049e-01	 -1.4532762e-03 +3.0838842e-04	 7.12e-01 Rejected	 194	 619	
930	 4.1509394e-01	 +3.2828172e-03 -3.1565601e-04	 7.40e-01 Accepted	 193	 618	
931	 4.1580168e-01	 -1.1865690e-03 +2.5075419e-03	 1.32e+00 Accepted	 193	 619	
932	 4.1560293e-01	 +1.7430843e-03 -7.1001234e-04	 1.22e+00 Accepted	 193	 619	
933	 4.1568968e-01	 +1.2280936e-03 -1.5522123e-04	 1.03e+00 Accepted	 193	 619	
934	 4.1539434e-01	 -9.8989784e-06 -7.6753797e-04	 9.54e-01 Accepted	 193	 619	
935	 4.1559915e-01	 -4.4038294e-04 -2.4677221e-06	 7.33e-01 Accepted	 192	 618	
936	 4.1579151e-01	 -1.0874547e-03 -3.7534581e-03	 1.03e+00 Accepted	 193	 619	
937	 4.1598196e-01	 +4.8860789e-04 -1.6173635e-04	 9.90e-01 Accepted	 194	 619	
938	 4.1598144e-01	 -2.1777957e-03 +6.5455219e-04	 1.10e+00 Accepted	 192	 619	
939	 4.1595403e-01	 +9.6882677e-04 -1.5094084e-03	 9.87e-01 Accepted	 193	 619	
940	 4.1586797e-01	 -2.0713371e-03 +8.0156757e-04	 8.52e-01 Accepted	 193	 619	
941	 4.1589775e-01	 -2.1358075e-03 +1.0065662e-03	 8.72e-01 Accepted	 193	 618	
942	 4.1582282e-01	 -3.1346531e-04 +1.4200912e-03	 8.28e-01 Accepted	 193	 619	
943	 4.1557606e-01	 -1.5638262e-03 +5.1470746e-04	 8.70e-01 Accepted	 193	 619	
944	 4.1574074e-01	 +6.4072594e-04 -2.8769115e-03	 1.40e+00 Accepted	 194	 619	
945	 4.1512090e-01	 +3.1350494e-03 +1.5689260e-03	 8.81e-01 Accepted	 193	 620	
946	 4.1472366e-01	 -1.2375016e-03 +2.7698816e-04	 7.90e-01 Accepted	 193	 619	
947	 4.1513496e-01	 +1.8989465e-04 -9.0578099e-04	 1.41e+00 Accepted	 193	 620	
948	 4.1530750e-01	 -2.1557628e-03 -3.1776005e-03	 7.85e-01 Accepted	 194	 619	
949	 4.1530750e-01	 -2.1557628e-03 -3.1776005e-03	 6.33e-01 Rejected	 193	 619	
950	 4.1540117e-01	 +1.2214645e-03 -3.0191349e-04	 8.66e-01 Accepted	 193	 619	
951	 4.1503507e-01	 -2.0604762e-05 +1.9050022e-03	 7.32e-01 Accepted	 193	 619	
952	 4.1477652e-01	 -1.0670822e-04 -1.3303850e-03	 7.05e-01 Accepted	 193	 619	
953	 4.1472523e-01	 +2.7284220e-03 +1.9475386e-04	 7.78e-01 Accepted	 193	 619	
954	 4.1495425e-01	 -2.4546762e-03 +9.7650489e-04	 2.15e+00 Accepted	 193	 619	
955	 4.1544807e-01	 -1.8830926e-04 +7.6269394e-04	 1.45e+00 Accepted	 193	 619	
956	 4.1579229e-01	 +1.8640810e-03 +1.8863397e-03	 1.15e+00 Accepted	 193	 619	
957	 4.1579229e-01	 +1.8640810e-03 +1.8863397e-03	 7.47e-01 Rejected	 193	 619	
958	 4.1596707e-01	 +1.4427957e-05 +8.2624581e-04	 1.36e+00 Accepted	 194	 619	
959	 4.1616633e-01	 -2.9313918e-04 +1.3938231e-03	 1.02e+00 Accepted	 193	 619	
960	 4.1577692e-01	 -1.6002367e-03 +4.2209218e-04	 1.20e+00 Accepted	 193	 619	
961	 4.1543872e-01	 +1.8472568e-03 -1.8862125e-03	 9.39e-01 Accepted	 193	 619	
962	 4.1500021e-01	 +1.0708706e-03 +2.1939756e-03	 1.11e+00 Accepted	 194	 619	
963	 4.1537286e-01	 -2.7276573e-04 +2.1384351e-03	 9.86e-01 Accepted	 193	 619	
964	 4.1527107e-01	 -1.2850790e-03 +8.3579382e-04	 1.19e+00 Accepted	 193	 619	
965	 4.1537408e-01	 +2.0435353e-03 +8.0919023e-04	 7.53e-01 Accepted	 193	 619	
966	 4.1542948e-01	 +6.9130806e-04 +1.0705427e-03	 1.17e+00 Accepted	 193	 619	
967	 4.1555697e-01	 -2.8027449e-03 +1.3848220e-03	 9.86e-01 Accepted	 193	 619	
968	 4.1528352e-01	 +2.5610365e-03 +1.5639922e-03	 9.77e-01 Accepted	 194	 619	
969	 4.1505183e-01	 +1.2592213e-03 -2.1320452e-03	 9.28e-01 Accepted	 194	 619	
970	 4.1513203e-01	 +7.0468991e-04 +7.7596711e-04	 7.30e-01 Accepted	 193	 619	
971	 4.1521724e-01	 +1.0025245e-03 -1.8002376e-03	 1.04e+00 Accepted	 192	 619	
972	 4.1527520e-01	 -2.7173302e-03 +1.1407622e-03	 1.06e+00 Accepted	 193	 619	
973	 4.1540670e-01	 -1.3003323e-03 +1.9606377e-03	 9.86e-01 Accepted	 193	 619	
974	 4.1555434e-01	 -4.2852913e-04 +8.9577856e-04	 1.14e+00 Accepted	 193	 619	
975	 4.1567592e-01	 -5.1095604e-04 +5.5441545e-04	 1.32e+00 Accepted	 193	 619	
976	 4.1523474e-01	 -8.8537119e-04 +7.2320593e-05	 7.45e-01 Accepted	 194	 619	
977	 4.1507703e-01	 -2.4765115e-03 +3.5985502e-04	 8.04e-01 Accepted	 193	 620	
978	 4.1503543e-01	 +2.7156988e-04 -1.8132975e-03	 7.43e-01 Accepted	 193	 619	
979	 4.1468612e-01	 -8.0321757e-04 -1.6795054e-04	 9.06e-01 Accepted	 193	 620	
980	 4.1482345e-01	 -1.0739372e-03 +3.3135404e-04	 8.44e-01 Accepted	 193	 619	
981	 4.1521540e-01	 +1.3568438e-03 -3.0034014e-03	 1.06e+00 Accepted	 194	 620	
982	 4.1521540e-01	 +1.3568438e-03 -3.0034014e-03	 8.03e-01 Rejected	 193	 619	
983	 4.1502540e-01	 -1.4459618e-03 -1.9968289e-03	 7.10e-01 Accepted	 194	 620	
984	 4.1525533e-01	 +9.8366596e-04 -9.8825189e-05	 1.22e+00 Accepted	 192	 619	
985	 4.1511362e-01	 -1.2596235e-03 -2.9139919e-03	 8.05e-01 Accepted	 193	 620	
986	 4.1516262e-01	 +1.1457835e-03 -8.3177422e-04	 1.14e+00 Accepted	 193	 619	
987	 4.1508791e-01	 +1.1349741e-03 +3.3559624e-04	 1.34e+00 Accepted	 192	 619	
988	 4.1525609e-01	 +1.0796231e-05 +3.1230666e-03	 1.26e+00 Accepted	 194	 619	
989	 4.1522532e-01	 +5.8989089e-05 -5.3414284e-04	 1.05e+00 Accepted	 193	 619	
990	 4.1549036e-01	 -1.6809700e-03 +1.1235156e-03	 8.41e-01 Accepted	 194	 619	
991	 4.1573663e-01	 +1.1700204e-03 -1.3740151e-03	 1.10e+00 Accepted	 194	 618	
992	 4.1549467e-01	 +8.0032051e-04 -1.0723505e-03	 9.95e-01 Accepted	 192	 619	
993	 4.1541519e-01	 +2.1967223e-03 +1.3186496e-04	 8.66e-01 Accepted	 193	 619	
994	 4.1505155e-01	 -1.1151989e-03 -1.7000167e-03	 1.13e+00 Accepted	 193	 619	
995	 4.1520713e-01	 -1.4713149e-03 -1.8002397e-03	 1.02e+00 Accepted	 193	 619	
996	 4.1539118e-01	 +1.4052911e-04 -1.6334039e-03	 1.35e+00 Accepted	 194	 619	
997	 4.1532524e-01	 +8.7379808e-04 +1.4112209e-03	 7.66e-01 Accepted	 193	 619	
998	 4.1517318e-01	 -2.3104826e-03 +2.5547461e-03	 1.03e+00 Accepted	 192	 619	
999	 4.1476829e-01	 +2.9258647e-04 +1.5185592e-03	 1.16e+00 Accepted	 194	 619	
1000	 4.1485923e-01	 +3.0416005e-03 +2.4448323e-03	 1.26e+00 Accepted	 194	 618	
1001	 4.1485923e-01	 +3.0416005e-03 +2.4448323e-03	 8.83e-01 Rejected	 193	 619	
1002	 4.1510291e-01	 -7.9494821e-04 -1.1991516e-03	 1.25e+00 Accepted	 193	 619	
1003	 4.1510291e-01	 -7.9494821e-04 -1.1991516e-03	 7.60e-01 Rejected	 194	 620	
1004	 4.1544353e-01	 +1.1283757e-03 -1.8208533e-05	 1.11e+00 Accepted	 193	 619	
1005	 4.1574874e-01	 -3.1630330e-03 -5.5411343e-04	 1.58e+00 Accepted	 192	 619	
1006	 4.1575927e-01	 +1.5087437e-03 -1.8353244e-03	 8.31e-01 Accepted	 193	 619	
1007	 4.1565007e-01	 -5.6464217e-04 -1.7504506e-03	 9.29e-01 Accepted	 193	 619	
1008	 4.1565007e-01	 -5.6464217e-04 -1.7504506e-03	 6.35e-01 Rejected	 193	 620	
1009	 4.1517036e-01	 -2.1397737e-04 +1.4136678e-03	 8.82e-01 Accepted	 193	 619	
1010	 4.1517036e-01	 -2.1397737e-04 +1.4136678e-03	 6.80e-01 Rejected	 192	 619	
1011	 4.1552773e-01	 +2.8443284e-04 +2.2357638e-03	 8.85e-01 Accepted	 193	 619	
1012	 4.1604422e-01	 +1.3504990e-03 -1.0510747e-04	 1.13e+00 Accepted	 193	 619	
1013	 4.1631578e-01	 -1.4827523e-03 +1.3570014e-03	 1.28e+00 Accepted	 193	 619	
1014	 4.1633619e-01	 +2.5218946e-03 -7.4096410e-04	 1.40e+00 Accepted	 192	 619	
1015	 4.1650400e-01	 +5.6170451e-04 -1.3000372e-03	 1.07e+00 Accepted	 194	 619	
1016	 4.1650400e-01	 +5.6170451e-04 -1.3000372e-03	 7.67e-01 Rejected	 194	 619	
1017	 4.1613018e-01	 -1.1744275e-04 -4.7888890e-04	 9.58e-01 Accepted	 193	 618	
1018	 4.1629241e-01	 -2.3300725e-04 -4.2952992e-04	 1.26e+00 Accepted	 192	 619	
1019	 4.1554142e-01	 +8.5199663e-04 +1.9811677e-03	 1.04e+00 Accepted	 194	 619	
1020	 4.1554142e-01	 +8.5199663e-04 +1.9811677e-03	 7.43e-01 Rejected	 193	 619	
1021	 4.1570352e-01	 -3.6258602e-04 -1.1743279e-03	 6.98e-01 Accepted	 192	 619	
1022	 4.1550185e-01	 +1.1589460e-03 +9.2721791e-04	 9.58e-01 Accepted	 193	 619	
1023	 4.1561214e-01	 -1.7562288e-03 -4.5473617e-04	 8.88e-01 Accepted	 193	 619	
1024	 4.1555511e-01	 -2.0529702e-03 +6.1601996e-05	 1.21e+00 Accepted	 194	 619	
1025	 4.1598123e-01	 -2.0319430e-03 +5.3018120e-04	 7.45e-01 Accepted	 193	 619	
1026	 4.1557378e-01	 +1.0736117e-03 +7.7021691e-04	 9.70e-01 Accepted	 194	 619	
1027	 4.1544376e-01	 -1.3777508e-03 +9.3096238e-04	 7.46e-01 Accepted	 193	 619	
1028	 4.1533828e-01	 -2.0898031e-03 -3.2359501e-03	 5.92e-01 Accepted	 192	 618	
1029	 4.1533396e-01	 +1.6428808e-04 +1.6736836e-04	 1.08e+00 Accepted	 192	 619	
1030	 4.1518713e-01	 +2.3399154e-03 +1.7911466e-04	 6.14e-01 Accepted	 194	 619	
1031	 4.1518713e-01	 +2.3399154e-03 +1.7911466e-04	 7.40e-01 Rejected	 193	 619	
1032	 4.1509476e-01	 -1.1143818e-03 +1.3548972e-03	 1.27e+00 Accepted	 192	 619	
1033	 4.1487572e-01	 +6.6960801e-04 -9.5033864e-04	 9.94e-01 Accepted	 193	 619	
1034	 4.1487572e-01	 +6.6960801e-04 -9.5033864e-04	 8.19e-01 Rejected	 194	 619	
1035	 4.1536404e-01	 -2.0244862e-04 -2.5918432e-04	 1.33e+00 Accepted	 193	 619	
1036	 4.1533581e-01	 +1.7305789e-03 -5.1396696e-04	 8.23e-01 Accepted	 194	 620	
1037	 4.1565976e-01	 +1.2019261e-03 -1.5765252e-04	 9.27e-01 Accepted	 192	 619	
1038	 4.1609108e-01	 +3.5564419e-04 +1.1322342e-03	 1.87e+00 Accepted	 194	 619	
1039	 4.1632900e-01	 -1.3250384e-03 -2.7831215e-04	 1.11e+00 Accepted	 192	 619	
1040	 4.1632900e-01	 -1.3250384e-03 -2.7831215e-04	 9.22e-01 Rejected	 193	 619	
1041	 4.1601781e-01	 +7.6937070e-04 -1.1872855e-03	 8.04e-01 Accepted	 193	 619	
1042	 4.1545730e-01	 -1.9530911e-03 -3.2042531e-03	 6.42e-01 Accepted	 194	 620	
1043	 4.1594570e-01	 +5.0610584e-04 -1.6383194e-03	 1.64e+00 Accepted	 194	 619	
1044	 4.1566954e-01	 +1.1949236e-03 +3.1377364e-04	 7.71e-01 Accepted	 193	 619	
1045	 4.1564986e-01	 +1.9198878e-03 -2.1175726e-03	 1.23e+00 Accepted	 192	 619	
1046	 4.1564986e-01	 +1.9198878e-03 -2.1175726e-03	 5.53e-01 Rejected	 194	 619	
1047	 4.1544351e-01	 +9.8291031e-04 +2.2310567e-03	 9.16e-01 Accepted	 193	 619	
1048	 4.1515388e-01	 -9.1660296e-04 -5.1681332e-04	 7.01e-01 Accepted	 193	 620	
1049	 4.1519788e-01	 +1.0143635e-03 +1.5868329e-03	 1.07e+00 Accepted	 193	 619	
1050	 4.1519788e-01	 +1.0143635e-03 +1.5868329e-03	 8.12e-01 Rejected	 193	 619	
1051	 4.1494539e-01	 +2.6152072e-04 +5.2040475e-04	 8.74e-01 Accepted	 193	 619	
1052	 4.1503995e-01	 -1.6355299e-04 +4.7483568e-04	 9.70e-01 Accepted	 194	 620	
1053	 4.1479040e-01	 -1.7326906e-04 -1.5764779e-03	 9.25e-01 Accepted	 193	 619	
1054	 4.1473892e-01	 -9.1002620e-04 +9.5735170e-04	 7.53e-01 Accepted	 193	 620	
1055	 4.1462852e-01	 -2.1192323e-04 -9.9381123e-04	 7.94e-01 Accepted	 194	 619	
1056	 4.1483574e-01	 -8.9123085e-04 -1.0838931e-03	 1.06e+00 Accepted	 193	 619	
1057	 4.1468418e-01	 -4.5167593e-04 +3.9416257e-04	 1.48e+00 Accepted	 193	 619	
1058	 4.1473500e-01	 +1.3256478e-03 -3.8170916e-05	 6.89e-01 Accepted	 193	 619	
1059	 4.1488597e-01	 +4.3674207e-04 +3.3323691e-03	 1.30e+00 Accepted	 193	 620	
1060	 4.1519330e-01	 -1.5681938e-03 -2.0732618e-03	 9.62e-01 Accepted	 194	 619	
1061	 4.1527664e-01	 +6.5145299e-04 +4.5782169e-04	 5.71e-01 Accepted	 194	 619	
1062	 4.1504970e-01	 -8.4812235e-04 +1.1639943e-03	 9.35e-01 Accepted	 194	 619	
1063	 4.1482912e-01	 +1.0346489e-03 -4.6806639e-04	 8.82e-01 Accepted	 193	 619	
1064	 4.1481417e-01	 +1.3861796e-03 -9.0369358e-05	 9.47e-01 Accepted	 194	 619	
1065	 4.1500394e-01	 -1.6493506e-03 -8.0198110e-04	 9.09e-01 Accepted	 193	 619	
1066	 4.1492614e-01	 -2.5700263e-04 -7.3358061e-04	 9.57e-01 Accepted	 193	 620	
1067	 4.1492614e-01	 -2.5700263e-04 -7.3358061e-04	 5.21e-01 Rejected	 193	 619	
1068	 4.1492614e-01	 -2.5700263e-04 -7.3358061e-04	 7.68e-01 Rejected	 194	 620	
1069	 4.1498668e-01	 -8.7999538e-04 -4.1239368e-04	 1.05e+00 Accepted	 193	 619	
1070	 4.1472649e-01	 +1.9399407e-05 +1.6133818e-03	 6.96e-01 Accepted	 193	 619	
1071	 4.1546278e-01	 +1.5202764e-04 +1.0446831e-03	 1.94e+00 Accepted	 193	 619	
1072	 4.1546278e-01	 +1.5202764e-04 +1.0446831e-03	 8.12e-01 Rejected	 193	 619	
1073	 4.1544093e-01	 +2.0588119e-04 -3.3255427e-03	 1.40e+00 Accepted	 193	 619	
1074	 4.1565111e-01	 -2.4406226e-03 +1.2797769e-03	 1.03e+00 Accepted	 193	 619	
1075	 4.1565111e-01	 -2.4406226e-03 +1.2797769e-03	 8.05e-01 Rejected	 193	 619	
1076	 4.1565111e-01	 -2.4406226e-03 +1.2797769e-03	 8.11e-01 Rejected	 193	 619	
1077	 4.1563424e-01	 +2.3043193e-04 -2.7315069e-03	 8.94e-01 Accepted	 193	 618	
1078	 4.1545496e-01	 -8.1610957e-04 -9.6865532e-04	 9.44e-01 Accepted	 192	 619	
1079	 4.1508685e-01	 +7.4344066e-04 -1.7557009e-04	 9.96e-01 Accepted	 193	 620	
1080	 4.1521457e-01	 -1.2285173e-03 -1.3675394e-03	 1.18e+00 Accepted	 193	 619	
1081	 4.1495617e-01	 +2.1829768e-03 +1.0667032e-04	 9.03e-01 Accepted	 193	 619	
1082	 4.1541022e-01	 -2.0375978e-04 +9.6440515e-05	 1.20e+00 Accepted	 193	 619	
1083	 4.1528800e-01	 +1.4054276e-03 +4.4185943e-04	 8.97e-01 Accepted	 193	 619	
1084	 4.1513761e-01	 -1.5808167e-03 -1.8745761e-03	 8.96e-01 Accepted	 194	 619	
1085	 4.1525404e-01	 -3.1303355e-03 -4.3804450e-04	 7.79e-01 Accepted	 192	 619	
1086	 4.1558267e-01	 -4.9851288e-04 -1.6614024e-03	 8.71e-01 Accepted	 193	 619	
1087	 4.1560526e-01	 +2.4902848e-03 +9.7912956e-04	 1.10e+00 Accepted	 193	 619	
1088	 4.1566506e-01	 -5.2915872e-04 -1.9082442e-03	 1.40e+00 Accepted	 193	 619	
1089	 4.1535018e-01	 -2.0224685e-03 +9.6432244e-04	 1.06e+00 Accepted	 192	 619	
1090	 4.1535294e-01	 -6.4014177e-04 +9.1181949e-04	 7.92e-01 Accepted	 193	 619	
1091	 4.1527501e-01	 -1.4162947e-03 -2.0678368e-03	 8.67e-01 Accepted	 193	 620	
1092	 4.1521133e-01	 +7.1457873e-04 -6.2419648e-04	 6.20e-01 Accepted	 194	 619	
1093	 4.1535633e-01	 -1.2792468e-03 +8.4535067e-04	 8.45e-01 Accepted	 194	 619	
1094	 4.1503057e-01	 -4.6683973e-04 +5.9019514e-04	 5.70e-01 Accepted	 194	 619	
1095	 4.1502211e-01	 +1.9472751e-03 +1.6567874e-03	 1.04e+00 Accepted	 193	 619	
1096	 4.1519605e-01	 -2.1125038e-03 -1.4927011e-03	 1.07e+00 Accepted	 194	 620	
1097	 4.1520913e-01	 +2.5321546e-04 +9.4523113e-04	 1.09e+00 Accepted	 193	 619	
1098	 4.1516254e-01	 -1.0384962e-03 +1.0120554e-03	 1.13e+00 Accepted	 194	 619	
1099	 4.1517060e-01	 +2.0203653e-03 +1.2852973e-03	 7.95e-01 Accepted	 192	 619	
1100	 4.1487480e-01	 -5.2929010e-04 -2.5795768e-03	 1.00e+00 Accepted	 193	 619	
1101	 4.1460782e-01	 +1.0159708e-03 -3.9331967e-03	 6.17e-01 Accepted	 192	 619	
1102	 4.1457578e-01	 -1.5156814e-03 -2.7802799e-03	 1.09e+00 Accepted	 194	 620	
1103	 4.1444071e-01	 -2.0135661e-03 +5.3397519e-04	 1.04e+00 Accepted	 193	 619	
1104	 4.1444071e-01	 -2.0135661e-03 +5.3397519e-04	 8.25e-01 Rejected	 194	 620	
1105	 4.1415284e-01	 -2.7590760e-03 +3.3817398e-05	 7.98e-01 Accepted	 193	 619	
1106	 4.1460921e-01	 +3.8205551e-04 -3.8985638e-04	 1.16e+00 Accepted	 194	 619	
1107	 4.1468233e-01	 +1.6963463e-03 +1.6268563e-03	 1.02e+00 Accepted	 194	 619	
1108	 4.1468233e-01	 +1.6963463e-03 +1.6268563e-03	 7.83e-01 Rejected	 194	 619	
1109	 4.1451460e-01	 -7.7320845e-04 +1.7730149e-03	 1.09e+00 Accepted	 193	 619	
1110	 4.1445484e-01	 +2.5223985e-04 +2.1156946e-03	 8.60e-01 Accepted	 194	 619	
1111	 4.1481660e-01	 +1.3355968e-03 +1.9675988e-03	 8.85e-01 Accepted	 193	 619	
