# Starting_type: HotStart
# serial RNG seed: 	[56848 46337 20153 53942 48540]
# parallel RNG seed:	[3152 3052 40137 51284 7762]
# Trajectory_length / Number_of_MD_steps: 1 / 7
# 	 Plaquette	 Polyakov_Loop(re,im)	 Acc._Probability	 runtime_per_traj(s)	 CG_iterations	
1	 2.1487786e-01	 +1.6400544e-03 +1.4794606e-03	 9.11e+29 Accepted	 96	 306	
2	 2.9642150e-01	 -1.0720993e-03 -1.0020385e-03	 1.89e+13 Accepted	 114	 397	
3	 3.3775334e-01	 +2.3532182e-04 +3.7669315e-03	 1.41e+07 Accepted	 132	 471	
4	 3.6169663e-01	 +4.1517007e-03 -3.7967741e-05	 3.13e+04 Accepted	 148	 538	
5	 3.7640365e-01	 +1.7924937e-03 -1.3522911e-03	 4.91e+02 Accepted	 161	 582	
6	 3.8608296e-01	 +1.3799623e-04 +1.7329196e-03	 6.76e+01 Accepted	 172	 622	
7	 3.9288681e-01	 +1.5193993e-03 -1.2236195e-03	 3.07e+01 Accepted	 178	 661	
8	 3.9802617e-01	 +1.7204629e-04 +1.2421086e-03	 8.06e+00 Accepted	 186	 678	
9	 4.0120673e-01	 +2.4545010e-03 -3.0964524e-03	 4.34e+00 Accepted	 190	 693	
10	 4.0339172e-01	 +6.5124961e-04 +1.4685111e-03	 2.97e+00 Accepted	 195	 719	
11	 4.0534890e-01	 +1.8040356e-03 +2.0489898e-03	 2.50e+00 Accepted	 200	 743	
12	 4.0634094e-01	 +1.9551696e-03 +8.1794174e-04	 1.43e+00 Accepted	 201	 737	
13	 4.0729061e-01	 +1.6310817e-03 +9.4414983e-04	 1.84e+00 Accepted	 200	 735	
14	 4.0802372e-01	 -2.1859558e-03 +9.2907235e-04	 1.33e+00 Accepted	 202	 740	
15	 4.0883575e-01	 +1.3303090e-03 -1.7611334e-03	 1.07e+00 Accepted	 202	 755	
16	 4.0932417e-01	 -1.9728907e-04 -2.0364681e-04	 1.48e+00 Accepted	 206	 748	
17	 4.0977853e-01	 -8.3266424e-04 +9.2253058e-04	 1.05e+00 Accepted	 206	 772	
18	 4.0992344e-01	 -1.2994951e-03 +1.7044629e-03	 1.22e+00 Accepted	 206	 752	
19	 4.1008094e-01	 -5.2688512e-04 +1.5293619e-03	 7.82e-01 Accepted	 205	 762	
20	 4.1019992e-01	 +1.5642517e-04 -7.8267747e-04	 1.29e+00 Accepted	 206	 768	
21	 4.1044889e-01	 +9.3868752e-04 +3.7950802e-05	 1.18e+00 Accepted	 206	 752	
22	 4.1047329e-01	 -2.7702804e-03 -7.0517893e-04	 9.63e-01 Accepted	 207	 774	
23	 4.1070860e-01	 +1.2980197e-03 +6.5499975e-04	 9.01e-01 Accepted	 209	 766	
24	 4.1048292e-01	 +1.5677259e-04 +1.9155173e-04	 6.03e-01 Accepted	 207	 762	
25	 4.1090942e-01	 -8.6062003e-04 -2.2886464e-03	 1.40e+00 Accepted	 207	 755	
26	 4.1090942e-01	 -8.6062003e-04 -2.2886464e-03	 7.88e-01 Rejected	 207	 764	
27	 4.1085592e-01	 +4.4359172e-04 -1.4205577e-03	 7.74e-01 Accepted	 207	 760	
28	 4.1078176e-01	 -1.7556808e-03 +7.2525892e-04	 1.48e+00 Accepted	 207	 764	
29	 4.1128397e-01	 +8.4385486e-04 +2.6077349e-03	 9.35e-01 Accepted	 207	 764	
30	 4.1164598e-01	 -2.1111839e-04 -1.6056428e-03	 2.06e+00 Accepted	 207	 763	
31	 4.1197620e-01	 -1.6206109e-04 -1.0741830e-03	 1.17e+00 Accepted	 207	 775	
32	 4.1177063e-01	 +1.1902719e-03 -1.0111256e-03	 9.58e-01 Accepted	 210	 771	
33	 4.1177063e-01	 +1.1902719e-03 -1.0111256e-03	 6.80e-01 Rejected	 209	 774	
34	 4.1158204e-01	 +1.8617824e-03 -1.2941655e-03	 8.12e-01 Accepted	 210	 771	
35	 4.1152577e-01	 -2.1643896e-03 -1.1619581e-03	 1.05e+00 Accepted	 208	 764	
36	 4.1168444e-01	 +2.5959507e-03 -1.1948289e-03	 1.18e+00 Accepted	 208	 768	
37	 4.1211867e-01	 +3.1076537e-03 -7.0855444e-04	 1.02e+00 Accepted	 208	 767	
38	 4.1219822e-01	 +1.8415539e-04 -1.0264209e-03	 1.42e+00 Accepted	 209	 770	
39	 4.1207876e-01	 +1.0425261e-03 +2.5990957e-03	 1.08e+00 Accepted	 208	 774	
40	 4.1207876e-01	 +1.0425261e-03 +2.5990957e-03	 5.63e-01 Rejected	 209	 759	
41	 4.1200633e-01	 -1.7872217e-04 -5.8474570e-04	 9.63e-01 Accepted	 208	 769	
42	 4.1188426e-01	 +4.0777544e-04 -7.0216555e-04	 1.13e+00 Accepted	 207	 770	
43	 4.1172246e-01	 -2.3157914e-04 -1.6308965e-03	 8.47e-01 Accepted	 207	 767	
44	 4.1171727e-01	 +9.2792938e-04 -1.0107571e-03	 8.85e-01 Accepted	 206	 769	
45	 4.1155860e-01	 -1.2374542e-03 +7.4376730e-04	 5.28e-01 Accepted	 208	 760	
46	 4.1109062e-01	 -3.4271185e-04 -1.2835661e-03	 8.54e-01 Accepted	 206	 762	
47	 4.1070978e-01	 +1.5951775e-03 -5.1933235e-04	 6.80e-01 Accepted	 205	 754	
48	 4.1057877e-01	 -1.0929843e-03 +2.7670116e-03	 7.71e-01 Accepted	 206	 761	
49	 4.1095419e-01	 +1.1962657e-03 -3.4197210e-04	 1.25e+00 Accepted	 207	 756	
50	 4.1108619e-01	 -2.2324007e-03 -1.9857850e-04	 1.06e+00 Accepted	 206	 768	
51	 4.1126419e-01	 -1.1539028e-03 +8.0036006e-04	 1.26e+00 Accepted	 207	 762	
52	 4.1141518e-01	 -2.3025979e-03 +3.6359138e-04	 1.41e+00 Accepted	 208	 775	
53	 4.1171916e-01	 +3.2313685e-04 +1.3692271e-03	 1.42e+00 Accepted	 209	 779	
54	 4.1156032e-01	 -2.3420524e-03 +2.6026145e-04	 9.92e-01 Accepted	 211	 788	
55	 4.1156032e-01	 -2.3420524e-03 +2.6026145e-04	 6.98e-01 Rejected	 209	 766	
56	 4.1103687e-01	 -1.4643377e-03 +5.7301357e-04	 6.35e-01 Accepted	 209	 768	
57	 4.1126673e-01	 +1.2830768e-03 -1.3498563e-03	 1.29e+00 Accepted	 208	 772	
58	 4.1141612e-01	 +1.7306431e-03 +1.0396589e-04	 1.20e+00 Accepted	 208	 769	
59	 4.1156909e-01	 -1.3009264e-03 +1.3357245e-03	 1.40e+00 Accepted	 208	 761	
60	 4.1136514e-01	 -1.3319964e-03 +7.3506077e-04	 1.04e+00 Accepted	 208	 766	
61	 4.1148392e-01	 +2.2098500e-03 -1.9793671e-03	 1.36e+00 Accepted	 208	 766	
62	 4.1078683e-01	 -2.6424538e-04 +5.4368633e-04	 7.33e-01 Accepted	 207	 776	
63	 4.1107074e-01	 +8.4668901e-04 +8.8198811e-04	 1.12e+00 Accepted	 208	 766	
64	 4.1100968e-01	 -2.9153111e-03 +1.4233256e-03	 1.06e+00 Accepted	 207	 766	
65	 4.1110055e-01	 +2.6376732e-04 +7.9029766e-04	 1.04e+00 Accepted	 208	 774	
66	 4.1149710e-01	 -1.4407342e-03 -1.4775121e-04	 1.23e+00 Accepted	 208	 768	
67	 4.1116009e-01	 -2.7433104e-05 -2.1180005e-03	 1.29e+00 Accepted	 208	 776	
68	 4.1087861e-01	 +4.9020407e-04 -1.3751201e-03	 8.38e-01 Accepted	 208	 778	
69	 4.1088070e-01	 +4.1480423e-04 -1.6794823e-03	 7.42e-01 Accepted	 208	 762	
70	 4.1070376e-01	 -2.3498205e-03 +8.1654885e-04	 8.48e-01 Accepted	 206	 766	
71	 4.1058404e-01	 -1.0142697e-03 +1.6014141e-03	 8.27e-01 Accepted	 208	 764	
72	 4.1058404e-01	 -1.0142697e-03 +1.6014141e-03	 6.38e-01 Rejected	 207	 756	
73	 4.1062375e-01	 -1.3657151e-03 -1.5772817e-03	 1.24e+00 Accepted	 207	 764	
74	 4.1082398e-01	 -3.2754043e-04 -1.5701666e-03	 9.67e-01 Accepted	 207	 774	
75	 4.1082036e-01	 -7.7917123e-04 -9.3427406e-04	 8.47e-01 Accepted	 209	 764	
76	 4.1071189e-01	 +1.5123633e-03 -1.2066368e-03	 9.64e-01 Accepted	 207	 765	
77	 4.1095671e-01	 +6.7458848e-04 +1.3110835e-03	 1.23e+00 Accepted	 208	 761	
78	 4.1095671e-01	 +6.7458848e-04 +1.3110835e-03	 6.86e-01 Rejected	 206	 766	
79	 4.1132013e-01	 -3.2984283e-04 +1.0190138e-03	 7.73e-01 Accepted	 206	 764	
80	 4.1117179e-01	 +2.1438599e-04 -3.1555576e-03	 9.59e-01 Accepted	 207	 763	
81	 4.1130186e-01	 -3.4505211e-04 -1.8831096e-03	 1.01e+00 Accepted	 206	 757	
82	 4.1143741e-01	 +7.4930266e-04 -1.6535325e-03	 9.37e-01 Accepted	 206	 763	
83	 4.1136217e-01	 +5.9592132e-04 -1.9768711e-03	 8.79e-01 Accepted	 206	 769	
84	 4.1136217e-01	 +5.9592132e-04 -1.9768711e-03	 6.73e-01 Rejected	 207	 764	
85	 4.1144823e-01	 +1.2815514e-03 -7.3008313e-04	 1.13e+00 Accepted	 208	 772	
86	 4.1124209e-01	 +1.1589067e-03 +4.2441319e-04	 7.43e-01 Accepted	 207	 758	
87	 4.1077421e-01	 -4.3214132e-04 -7.1424749e-04	 6.22e-01 Accepted	 206	 759	
88	 4.1093607e-01	 -1.5805733e-03 -1.9434567e-03	 1.11e+00 Accepted	 206	 770	
89	 4.1133245e-01	 +3.1436133e-03 +1.4350166e-03	 1.47e+00 Accepted	 208	 767	
90	 4.1088258e-01	 -1.1434263e-03 -1.4903376e-03	 5.74e-01 Accepted	 208	 758	
91	 4.1044957e-01	 +1.9794702e-03 +4.1373253e-04	 9.68e-01 Accepted	 207	 756	
92	 4.1087865e-01	 -6.7988682e-04 -1.9216724e-03	 8.24e-01 Accepted	 206	 765	
93	 4.1085862e-01	 -3.4849991e-03 -1.1036385e-03	 1.21e+00 Accepted	 206	 769	
94	 4.1043950e-01	 -1.3579952e-03 -1.1079206e-03	 9.91e-01 Accepted	 207	 760	
95	 4.1087231e-01	 -1.3519807e-03 -1.7618804e-03	 9.79e-01 Accepted	 206	 764	
96	 4.1143560e-01	 -1.1498521e-03 -8.6340683e-04	 1.83e+00 Accepted	 206	 774	
97	 4.1126543e-01	 -3.7613791e-04 -1.0797589e-03	 7.32e-01 Accepted	 207	 760	
98	 4.1137576e-01	 -1.7797814e-03 -1.0892742e-03	 1.43e+00 Accepted	 208	 766	
99	 4.1174376e-01	 +1.8175375e-03 +1.8427595e-03	 1.07e+00 Accepted	 209	 767	
100	 4.1174376e-01	 +1.8175375e-03 +1.8427595e-03	 6.96e-01 Rejected	 208	 770	
101	 4.1172437e-01	 -5.5272049e-04 +1.1105316e-03	 1.37e+00 Accepted	 208	 778	
102	 4.1202496e-01	 +1.1184235e-03 +2.8516444e-03	 1.20e+00 Accepted	 210	 784	
103	 4.1184023e-01	 -7.7935590e-04 -1.9419471e-03	 1.16e+00 Accepted	 210	 773	
104	 4.1184023e-01	 -7.7935590e-04 -1.9419471e-03	 6.81e-01 Rejected	 208	 774	
105	 4.1159101e-01	 +9.3949572e-04 -3.6649559e-03	 6.55e-01 Accepted	 209	 771	
106	 4.1171007e-01	 +1.3836263e-03 -1.7958622e-03	 1.15e+00 Accepted	 208	 760	
107	 4.1179001e-01	 -8.1020523e-04 -3.8159479e-04	 8.06e-01 Accepted	 208	 769	
108	 4.1131002e-01	 -4.1217504e-07 +4.4445016e-04	 7.99e-01 Accepted	 208	 761	
109	 4.1113763e-01	 +2.0821289e-03 -3.7569807e-04	 6.73e-01 Accepted	 207	 773	
110	 4.1118562e-01	 +1.9974537e-03 +2.5804602e-03	 1.06e+00 Accepted	 207	 773	
111	 4.1128831e-01	 -5.9536172e-05 -1.5367060e-03	 1.61e+00 Accepted	 208	 769	
112	 4.1209082e-01	 +1.3186926e-03 -1.3169388e-04	 1.34e+00 Accepted	 208	 764	
113	 4.1214590e-01	 -7.0093385e-04 +1.9754250e-03	 1.12e+00 Accepted	 208	 774	
114	 4.1224641e-01	 +1.8347665e-04 -1.1074179e-03	 9.50e-01 Accepted	 208	 771	
115	 4.1193318e-01	 +1.3783142e-03 -8.4441869e-04	 9.30e-01 Accepted	 208	 782	
116	 4.1179482e-01	 +2.0998223e-03 -3.5048738e-04	 9.69e-01 Accepted	 211	 787	
117	 4.1157991e-01	 +2.3157065e-03 +5.5431375e-04	 9.60e-01 Accepted	 209	 769	
118	 4.1168679e-01	 +2.3968399e-03 +2.0251810e-04	 7.47e-01 Accepted	 209	 767	
119	 4.1181741e-01	 +2.0996680e-05 -1.7961792e-05	 9.26e-01 Accepted	 208	 759	
120	 4.1176080e-01	 +4.1562379e-04 -2.7645589e-03	 1.20e+00 Accepted	 208	 770	
121	 4.1176080e-01	 +4.1562379e-04 -2.7645589e-03	 7.84e-01 Rejected	 207	 757	
122	 4.1133851e-01	 +2.0159005e-03 -1.7552324e-03	 7.83e-01 Accepted	 209	 767	
123	 4.1116296e-01	 -1.0176555e-03 -2.5384236e-03	 9.57e-01 Accepted	 208	 773	
124	 4.1145148e-01	 -4.1915935e-03 +5.3649637e-04	 1.37e+00 Accepted	 208	 768	
125	 4.1109694e-01	 +3.3674391e-03 -1.6505819e-04	 1.20e+00 Accepted	 207	 765	
126	 4.1144642e-01	 -1.0645199e-03 +1.7520024e-03	 1.04e+00 Accepted	 208	 769	
127	 4.1139044e-01	 +1.5878909e-03 +9.4521515e-06	 1.05e+00 Accepted	 208	 770	
128	 4.1096819e-01	 +1.0937889e-03 -1.7297930e-03	 8.09e-01 Accepted	 208	 769	
129	 4.1130272e-01	 +2.2914870e-03 -2.6197281e-03	 1.27e+00 Accepted	 208	 762	
130	 4.1110758e-01	 +2.2549104e-03 +1.4808339e-03	 1.19e+00 Accepted	 207	 764	
131	 4.1122876e-01	 -1.1129940e-03 +9.6762853e-04	 6.36e-01 Accepted	 208	 763	
132	 4.1148388e-01	 +1.3844549e-03 -9.9772407e-04	 1.63e+00 Accepted	 208	 763	
133	 4.1176103e-01	 +6.8671947e-04 +4.0552628e-04	 1.23e+00 Accepted	 206	 762	
134	 4.1201007e-01	 +2.1956444e-03 +1.3424084e-03	 1.01e+00 Accepted	 208	 772	
135	 4.1173449e-01	 +7.6821336e-04 -2.4256251e-03	 7.91e-01 Accepted	 209	 765	
136	 4.1224723e-01	 -4.6376264e-04 +1.9190766e-04	 1.54e+00 Accepted	 209	 767	
137	 4.1203272e-01	 +1.0332310e-03 +8.7282010e-04	 9.57e-01 Accepted	 208	 779	
138	 4.1151941e-01	 -7.3448856e-05 +1.1963508e-03	 9.93e-01 Accepted	 210	 772	
139	 4.1141360e-01	 -3.6610156e-03 +2.4991130e-03	 1.16e+00 Accepted	 207	 758	
140	 4.1132788e-01	 -1.0559629e-03 -8.6675681e-04	 1.25e+00 Accepted	 207	 764	
141	 4.1132788e-01	 -1.0559629e-03 -8.6675681e-04	 7.57e-01 Rejected	 207	 772	
142	 4.1159383e-01	 +1.0444729e-04 -1.4239908e-03	 1.26e+00 Accepted	 208	 770	
143	 4.1131155e-01	 -1.0257188e-03 -6.4771583e-04	 5.76e-01 Accepted	 208	 769	
144	 4.1128491e-01	 -1.6884924e-03 -1.1300356e-03	 1.67e+00 Accepted	 207	 762	
145	 4.1155226e-01	 +1.4721319e-03 -2.9109983e-03	 1.05e+00 Accepted	 207	 771	
146	 4.1179014e-01	 +1.3143759e-04 +9.1390869e-04	 1.43e+00 Accepted	 207	 774	
147	 4.1182373e-01	 +1.4307422e-03 -1.0281165e-03	 9.55e-01 Accepted	 207	 762	
148	 4.1195988e-01	 +1.7706328e-03 -6.8973282e-04	 9.66e-01 Accepted	 207	 767	
149	 4.1138253e-01	 -1.1387533e-03 -1.6333304e-04	 7.71e-01 Accepted	 207	 767	
150	 4.1157329e-01	 +1.8124169e-03 +1.0177274e-04	 1.16e+00 Accepted	 209	 767	
151	 4.1119707e-01	 +2.3785651e-04 +3.5468608e-04	 8.50e-01 Accepted	 209	 765	
152	 4.1094300e-01	 -3.5444454e-03 -3.2329897e-04	 1.10e+00 Accepted	 206	 762	
153	 4.1139698e-01	 -2.8191886e-03 -1.1296008e-03	 9.71e-01 Accepted	 207	 764	
154	 4.1139698e-01	 -2.8191886e-03 -1.1296008e-03	 7.71e-01 Rejected	 207	 767	
155	 4.1114660e-01	 -1.1512331e-05 -2.4355573e-03	 1.21e+00 Accepted	 206	 766	
156	 4.1128488e-01	 +2.7358983e-03 -6.8200539e-04	 1.23e+00 Accepted	 208	 762	
157	 4.1131369e-01	 +1.2727859e-03 -2.1884576e-03	 9.57e-01 Accepted	 206	 762	
158	 4.1131369e-01	 +1.2727859e-03 -2.1884576e-03	 5.95e-01 Rejected	 206	 753	
159	 4.1130804e-01	 -1.9867441e-03 +2.0635355e-03	 9.40e-01 Accepted	 207	 776	
160	 4.1136653e-01	 -1.0730831e-04 +1.6108901e-03	 6.75e-01 Accepted	 210	 773	
161	 4.1133011e-01	 +1.4293207e-03 -1.5364320e-03	 9.01e-01 Accepted	 208	 766	
162	 4.1091381e-01	 -1.1383414e-03 -1.4508110e-03	 1.23e+00 Accepted	 206	 764	
163	 4.1125056e-01	 -3.0726090e-03 -4.8082914e-04	 8.59e-01 Accepted	 209	 764	
164	 4.1141342e-01	 -3.9785587e-04 -7.8454354e-04	 1.06e+00 Accepted	 208	 781	
165	 4.1144042e-01	 +1.5082416e-04 +7.3001139e-04	 8.06e-01 Accepted	 209	 766	
166	 4.1171219e-01	 -1.8492470e-03 +9.4502527e-04	 1.49e+00 Accepted	 208	 765	
167	 4.1148803e-01	 +3.9699507e-03 +1.0063715e-03	 6.63e-01 Accepted	 207	 768	
168	 4.1136349e-01	 -8.3665628e-04 +1.0009254e-03	 1.29e+00 Accepted	 207	 768	
169	 4.1182355e-01	 +7.0088549e-04 -8.9816212e-04	 1.37e+00 Accepted	 207	 767	
170	 4.1158748e-01	 -1.8867492e-05 -1.5251194e-03	 8.72e-01 Accepted	 207	 759	
171	 4.1166636e-01	 +9.8973645e-05 +8.6386359e-04	 9.88e-01 Accepted	 207	 763	
172	 4.1108351e-01	 -1.5360981e-03 -6.6579611e-04	 8.28e-01 Accepted	 208	 762	
173	 4.1085933e-01	 -3.0400095e-03 +4.7656117e-05	 1.05e+00 Accepted	 206	 764	
174	 4.1142090e-01	 +1.6955319e-03 -1.7328516e-03	 1.38e+00 Accepted	 208	 780	
175	 4.1159838e-01	 +7.9558349e-04 -7.9329651e-04	 1.16e+00 Accepted	 209	 767	
176	 4.1157673e-01	 -1.7208883e-03 -6.7292087e-04	 1.63e+00 Accepted	 207	 762	
177	 4.1158632e-01	 -1.3827210e-04 +6.5671971e-04	 1.29e+00 Accepted	 207	 768	
178	 4.1176113e-01	 +3.1529126e-05 +8.1912020e-04	 1.12e+00 Accepted	 209	 773	
179	 4.1125418e-01	 +1.8107268e-03 +2.9131860e-04	 4.10e-01 Accepted	 208	 765	
180	 4.1114555e-01	 +2.2512555e-03 -8.4836555e-05	 6.95e-01 Accepted	 206	 767	
181	 4.1104146e-01	 -1.4988144e-03 +1.7628833e-03	 8.15e-01 Accepted	 209	 765	
182	 4.1081965e-01	 +9.6012616e-04 +5.9383179e-04	 9.20e-01 Accepted	 207	 774	
183	 4.1110801e-01	 +1.5355800e-03 -2.7296987e-04	 9.29e-01 Accepted	 207	 760	
184	 4.1167378e-01	 -3.1831067e-04 -1.0840562e-03	 1.08e+00 Accepted	 206	 767	
185	 4.1171395e-01	 +2.1815450e-03 +2.2540939e-03	 1.15e+00 Accepted	 208	 770	
186	 4.1181903e-01	 -2.0942722e-03 -5.2076833e-04	 9.31e-01 Accepted	 208	 762	
187	 4.1183962e-01	 -8.3045484e-04 +2.4607617e-03	 7.71e-01 Accepted	 208	 769	
188	 4.1185537e-01	 -9.5855633e-04 +6.4912844e-04	 1.02e+00 Accepted	 208	 764	
189	 4.1137652e-01	 -9.0423293e-04 +3.8354626e-04	 9.72e-01 Accepted	 208	 767	
190	 4.1142403e-01	 +3.5178726e-04 +8.5677326e-04	 6.55e-01 Accepted	 206	 762	
191	 4.1123044e-01	 +1.7018216e-03 -1.0250381e-03	 6.03e-01 Accepted	 207	 776	
192	 4.1125935e-01	 +3.7086418e-04 -1.7715431e-03	 1.20e+00 Accepted	 209	 770	
193	 4.1107389e-01	 +1.2899855e-03 -3.4728376e-04	 1.00e+00 Accepted	 207	 761	
194	 4.1116331e-01	 -3.1858532e-04 +5.3719358e-04	 1.49e+00 Accepted	 208	 771	
195	 4.1123258e-01	 +2.4894001e-03 -1.2377406e-03	 9.78e-01 Accepted	 208	 771	
196	 4.1118025e-01	 +1.5228087e-03 +3.0319225e-04	 1.20e+00 Accepted	 207	 759	
197	 4.1112189e-01	 -6.3938827e-04 -1.4062786e-03	 6.99e-01 Accepted	 206	 758	
198	 4.1066468e-01	 -1.1429867e-03 -1.6731352e-03	 1.10e+00 Accepted	 206	 754	
199	 4.1056049e-01	 -5.6281128e-04 -9.1863283e-04	 1.20e+00 Accepted	 206	 760	
200	 4.1088506e-01	 +1.2835233e-03 -1.2297130e-03	 1.08e+00 Accepted	 207	 764	
201	 4.1088506e-01	 +1.2835233e-03 -1.2297130e-03	 5.61e-01 Rejected	 205	 751	
202	 4.1120498e-01	 -1.6329030e-03 -1.3533285e-03	 1.12e+00 Accepted	 208	 766	
203	 4.1139718e-01	 +1.8904516e-03 +1.7655351e-03	 1.14e+00 Accepted	 206	 767	
204	 4.1123362e-01	 +3.9564514e-04 -1.7428189e-03	 9.17e-01 Accepted	 207	 764	
205	 4.1118189e-01	 -1.6078760e-04 -3.5211167e-03	 6.18e-01 Accepted	 207	 768	
206	 4.1147641e-01	 -6.6532020e-04 -2.1600659e-03	 9.84e-01 Accepted	 207	 764	
207	 4.1156485e-01	 +9.7777746e-04 +8.6678527e-04	 1.10e+00 Accepted	 207	 759	
208	 4.1105483e-01	 +2.5971128e-04 +7.0385803e-04	 9.28e-01 Accepted	 208	 768	
209	 4.1085149e-01	 +2.2477125e-03 +9.7679303e-05	 6.69e-01 Accepted	 208	 753	
210	 4.1054773e-01	 +1.3977677e-04 -1.9347268e-03	 1.80e+00 Accepted	 206	 766	
