# Starting_type: ColdStart
# serial RNG seed: 	[14688 16792 48808 31746 12462]
# parallel RNG seed:	[45310 43079 41066 64980 23599]
# Trajectory_length / Number_of_MD_steps: 1 / 8
# 	 Plaquette	 Polyakov_Loop(re,im)	 Acc._Probability	 runtime_per_traj(s)	 CG_iterations	
1	 8.0017751e-01	 +3.9215515e-01 -1.2832139e-03	 3.21e-26 Skipping	 146	 531	
2	 7.1476126e-01	 +2.0224745e-01 -5.4800367e-04	 2.47e-14 Skipping	 193	 701	
3	 6.5477930e-01	 +1.2286022e-01 +1.1089846e-03	 2.81e-10 Skipping	 228	 871	
4	 6.0980330e-01	 +7.8788356e-02 +3.2441058e-03	 1.21e-07 Skipping	 264	 1037	
5	 5.7625933e-01	 +5.8407818e-02 +1.0422169e-03	 1.23e-05 Skipping	 305	 1233	
6	 5.5106820e-01	 +3.8659685e-02 -2.4429600e-03	 3.23e-04 Skipping	 349	 1459	
7	 5.3183225e-01	 +2.6763568e-02 -9.5618720e-04	 2.40e-03 Skipping	 403	 1748	
8	 5.1701466e-01	 +2.1254753e-02 -2.3971728e-03	 2.04e-02 Skipping	 483	 2302	
9	 5.0414309e-01	 +1.6445701e-02 -1.3217797e-03	 3.06e-02 Skipping	 632	 2976	
10	 4.9365968e-01	 +9.7419390e-03 +3.0143208e-03	 1.55e-01 Skipping	 779	 3663	
11	 4.8396142e-01	 +5.9748419e-03 -1.5730110e-03	 2.83e-01 Skipping	 887	 3864	
12	 4.7493953e-01	 +9.0736201e-03 +1.9439623e-03	 1.80e-01 Skipping	 928	 3898	
13	 4.6680285e-01	 +4.0321685e-03 -2.5447629e-03	 3.10e-01 Skipping	 924	 3704	
14	 4.5872402e-01	 +3.4218865e-03 -1.8535715e-03	 2.28e-01 Skipping	 886	 3568	
15	 4.5051394e-01	 +2.3447263e-04 -6.8034596e-04	 1.96e-01 Skipping	 827	 3245	
16	 4.4227040e-01	 -8.8139277e-05 +1.3790868e-03	 1.48e-02 Skipping	 762	 2993	
17	 4.3428249e-01	 +1.2125334e-03 -1.0230505e-03	 1.78e-02 Skipping	 716	 2776	
18	 4.2738634e-01	 +1.3909616e-03 +4.0723243e-04	 7.42e-03 Skipping	 676	 2636	
19	 4.2105783e-01	 -2.3373483e-03 -1.6491355e-03	 1.71e-02 Skipping	 648	 2524	
20	 4.1581024e-01	 +2.5091919e-03 -2.4703080e-03	 8.45e-02 Skipping	 629	 2436	
21	 4.1140397e-01	 -1.6560326e-03 -7.1583845e-04	 7.14e-02 Skipping	 603	 2367	
22	 4.0732065e-01	 -5.7326428e-04 -1.9456922e-03	 6.68e-02 Skipping	 590	 2339	
23	 4.0377563e-01	 +9.1352593e-04 +4.3183852e-04	 1.87e-01 Skipping	 580	 2257	
24	 4.0104105e-01	 +4.4683713e-05 -5.1175494e-04	 9.67e-02 Skipping	 568	 2209	
25	 3.9894664e-01	 -6.7586871e-04 -6.6980724e-04	 2.05e-01 Skipping	 558	 2174	
26	 3.9739092e-01	 -1.9483099e-05 -1.0415720e-03	 3.51e-01 Skipping	 551	 2184	
27	 3.9604472e-01	 +2.2534894e-03 +5.2490864e-04	 3.36e-01 Skipping	 552	 2166	
28	 3.9517337e-01	 -1.3014828e-03 -4.3586343e-04	 1.95e-01 Skipping	 545	 2148	
29	 3.9484416e-01	 -2.1702167e-03 -3.9859267e-04	 5.17e-01 Skipping	 547	 2163	
30	 3.9444862e-01	 -3.9748283e-04 -1.8256569e-03	 2.68e-01 Skipping	 546	 2138	
31	 3.9383688e-01	 -9.6256167e-05 -4.3307302e-04	 6.82e-01 Skipping	 543	 2147	
32	 3.9381546e-01	 +1.6728403e-03 +5.1353628e-04	 1.10e+01 Skipping	 543	 2135	
33	 3.9384333e-01	 +3.5439336e-03 -6.1143562e-04	 1.02e-01 Skipping	 543	 2123	
34	 3.9384512e-01	 -2.1648271e-03 -1.0966002e-03	 5.40e-01 Skipping	 541	 2131	
35	 3.9340353e-01	 +7.3699293e-04 +4.8646922e-04	 3.64e-01 Skipping	 543	 2123	
36	 3.9337386e-01	 +3.3240868e-03 -2.0745373e-04	 1.90e-01 Skipping	 541	 2133	
37	 3.9320020e-01	 +6.1581689e-04 -6.1443075e-04	 2.38e-01 Skipping	 543	 2113	
38	 3.9311487e-01	 -9.6118334e-04 +1.5860802e-03	 1.03e+00 Skipping	 540	 2115	
39	 3.9328775e-01	 +3.6130282e-03 -2.7132351e-03	 5.66e-01 Skipping	 540	 2135	
40	 3.9322617e-01	 -2.7994919e-04 -1.7818294e-03	 1.49e+00 Skipping	 542	 2117	
41	 3.9297422e-01	 +3.8449284e-03 +1.3467345e-03	 1.05e+00 Skipping	 538	 2109	
42	 3.9323039e-01	 +3.9580228e-04 +3.2486204e-03	 4.84e-01 Skipping	 540	 2140	
43	 3.9346579e-01	 -2.4313131e-03 +1.0590293e-03	 1.77e+00 Skipping	 542	 2116	
44	 3.9274440e-01	 +1.2789284e-03 +2.2716781e-03	 3.45e-01 Skipping	 540	 2132	
45	 3.9252327e-01	 -4.7234410e-04 +1.0028791e-03	 1.62e-01 Skipping	 544	 2125	
46	 3.9305420e-01	 +4.8036283e-04 -1.3507513e-03	 6.22e-01 Skipping	 539	 2119	
47	 3.9340178e-01	 +7.4856357e-04 +2.0458429e-03	 5.68e-01 Skipping	 541	 2135	
48	 3.9353750e-01	 +2.6843235e-03 +1.9472666e-03	 3.89e-01 Skipping	 543	 2129	
49	 3.9368707e-01	 +1.9909096e-03 +4.3119512e-04	 5.44e-01 Skipping	 540	 2142	
50	 3.9353445e-01	 -2.4665820e-03 +6.5419523e-04	 2.28e-01 Skipping	 541	 2131	
51	 3.9353445e-01	 -2.4665820e-03 +6.5419523e-04	 2.67e-01 Rejected	 546	 2115	
52	 3.9353445e-01	 -2.4665820e-03 +6.5419523e-04	 2.15e-01 Rejected	 541	 2126	
53	 3.9352312e-01	 -7.3704582e-04 -2.8237855e-03	 2.15e+00 Accepted	 542	 2108	
54	 3.9359363e-01	 -1.0857235e-03 -3.1264749e-03	 2.46e+00 Accepted	 540	 2119	
55	 3.9360965e-01	 +9.2563646e-04 -8.4810071e-04	 4.10e-01 Accepted	 545	 2141	
56	 3.9351939e-01	 +9.7258049e-04 +1.3816641e-03	 1.15e+00 Accepted	 546	 2128	
57	 3.9344196e-01	 +6.1381600e-04 +6.7453598e-04	 5.84e+00 Accepted	 540	 2132	
58	 3.9324654e-01	 -4.7265868e-04 -9.7112218e-04	 3.94e-01 Accepted	 542	 2133	
59	 3.9296785e-01	 +5.9203629e-04 +1.7617826e-03	 1.05e+00 Accepted	 544	 2153	
60	 3.9296785e-01	 +5.9203629e-04 +1.7617826e-03	 3.26e-01 Rejected	 545	 2126	
61	 3.9300702e-01	 +6.2306155e-04 -2.3529391e-03	 3.77e+00 Accepted	 546	 2134	
62	 3.9310033e-01	 +3.3797105e-04 +2.6542880e-04	 4.16e-01 Accepted	 541	 2124	
63	 3.9304457e-01	 +5.0615805e-04 +4.0056795e-04	 1.48e+00 Accepted	 540	 2133	
64	 3.9304457e-01	 +5.0615805e-04 +4.0056795e-04	 3.38e-01 Rejected	 545	 2122	
65	 3.9277641e-01	 -9.3151082e-04 -9.0103608e-04	 9.76e-01 Accepted	 539	 2094	
66	 3.9263324e-01	 +1.9979213e-03 -1.4778430e-03	 3.98e-01 Accepted	 537	 2112	
67	 3.9263324e-01	 +1.9979213e-03 -1.4778430e-03	 5.61e-01 Rejected	 535	 2107	
68	 3.9263324e-01	 +1.9979213e-03 -1.4778430e-03	 9.33e-01 Rejected	 539	 2126	
69	 3.9293275e-01	 +1.7175882e-03 +3.0507272e-04	 2.75e-01 Accepted	 538	 2155	
70	 3.9293275e-01	 +1.7175882e-03 +3.0507272e-04	 4.33e-02 Rejected	 544	 2116	
71	 3.9322126e-01	 +8.0614159e-04 +6.4312209e-04	 4.34e+00 Accepted	 542	 2132	
72	 3.9322126e-01	 +8.0614159e-04 +6.4312209e-04	 7.30e-01 Rejected	 541	 2123	
73	 3.9318427e-01	 +2.0491754e-04 +1.1793465e-03	 1.12e-01 Accepted	 539	 2114	
74	 3.9318427e-01	 +2.0491754e-04 +1.1793465e-03	 3.07e-01 Rejected	 538	 2110	
75	 3.9326386e-01	 +1.3305661e-04 -1.3903736e-03	 1.01e+00 Accepted	 541	 2116	
76	 3.9326386e-01	 +1.3305661e-04 -1.3903736e-03	 5.27e-01 Rejected	 543	 2129	
77	 3.9322448e-01	 +2.7246064e-03 +1.0526784e-03	 4.50e-01 Accepted	 541	 2103	
