# Starting_type: ColdStart
# serial RNG seed: 	[45216 20456 7608 48930 16381]
# parallel RNG seed:	[45030 48313 31973 52701 27277]
# Trajectory_length / Number_of_MD_steps: 1 / 7
# 	 Plaquette	 Polyakov_Loop(re,im)	 Acc._Probability	 runtime_per_traj(s)	 CG_iterations	
1	 8.0117698e-01	 +4.0811178e-01 +1.6406562e-04	 3.39e-30 Skipping	 105	 382	
2	 7.2139835e-01	 +2.2373736e-01 +1.9816877e-03	 9.99e-17 Skipping	 129	 450	
3	 6.6720065e-01	 +1.4615280e-01 +1.5307955e-03	 3.39e-12 Skipping	 140	 503	
4	 6.2706941e-01	 +9.5753061e-02 +8.4825824e-04	 3.82e-09 Skipping	 151	 553	
5	 5.9776612e-01	 +7.3617798e-02 -2.2938057e-03	 7.50e-07 Skipping	 161	 607	
6	 5.7620098e-01	 +5.5646494e-02 +1.3862994e-03	 2.56e-05 Skipping	 174	 671	
7	 5.6039429e-01	 +4.4383718e-02 +6.3847100e-04	 4.74e-04 Skipping	 188	 739	
8	 5.4773832e-01	 +3.5380137e-02 +4.7198859e-04	 3.20e-03 Skipping	 205	 804	
9	 5.3851745e-01	 +3.0338570e-02 -2.6204066e-03	 9.02e-03 Skipping	 216	 845	
10	 5.3107502e-01	 +2.0217064e-02 -1.3045090e-03	 2.02e-02 Skipping	 230	 947	
11	 5.2511416e-01	 +2.0165849e-02 -1.0110323e-03	 4.22e-02 Skipping	 252	 1044	
12	 5.2044089e-01	 +1.6900048e-02 -1.4648505e-03	 8.75e-02 Skipping	 285	 1164	
13	 5.1644311e-01	 +1.6192022e-02 +4.4321323e-03	 1.34e-01 Skipping	 305	 1380	
14	 5.1272011e-01	 +1.2280578e-02 +1.0783914e-03	 1.65e-01 Skipping	 353	 1616	
15	 5.0887381e-01	 +1.0137227e-02 +3.0152651e-04	 1.35e-01 Skipping	 381	 1515	
16	 5.0615197e-01	 +8.4579959e-03 +7.7120682e-04	 2.96e-01 Skipping	 376	 1596	
17	 5.0309826e-01	 +7.0086305e-03 +1.4065342e-03	 2.62e-01 Skipping	 393	 1656	
18	 5.0008759e-01	 +7.3840299e-03 +1.1148271e-03	 2.30e-01 Skipping	 402	 1738	
19	 4.9735415e-01	 +2.0549632e-03 +2.8771755e-04	 2.08e-01 Skipping	 408	 1716	
20	 4.9440203e-01	 +1.7949616e-03 +4.9418760e-04	 1.67e-01 Skipping	 412	 1713	
21	 4.9170389e-01	 +1.3793971e-03 -1.8088283e-04	 1.90e-01 Skipping	 401	 1674	
22	 4.8878658e-01	 +4.9503922e-03 -2.0293463e-03	 1.47e-01 Skipping	 398	 1681	
23	 4.8579533e-01	 +3.8149954e-04 -7.7983880e-04	 2.20e-01 Skipping	 399	 1643	
24	 4.8247550e-01	 +3.1645399e-03 -1.6163057e-03	 1.42e-01 Skipping	 388	 1572	
25	 4.7907556e-01	 -8.1413524e-04 +7.9050891e-04	 1.52e-01 Skipping	 377	 1521	
26	 4.7604558e-01	 +8.9187827e-04 -1.0520720e-03	 1.26e-01 Skipping	 363	 1461	
27	 4.7293208e-01	 +1.9190487e-03 +4.1713024e-04	 1.25e-01 Skipping	 351	 1438	
28	 4.7006595e-01	 -1.3427446e-03 -1.9254468e-03	 1.07e-01 Skipping	 348	 1425	
29	 4.6686805e-01	 +6.3234815e-04 +1.0317528e-03	 8.33e-02 Skipping	 342	 1351	
30	 4.6458019e-01	 +9.9299531e-04 -3.3243437e-04	 1.23e-01 Skipping	 328	 1317	
31	 4.6138956e-01	 +4.2567488e-04 -1.3408676e-03	 1.10e-01 Skipping	 321	 1278	
32	 4.5874447e-01	 -7.0237174e-04 -3.1835805e-03	 2.16e-01 Skipping	 316	 1286	
33	 4.5579154e-01	 +4.3559464e-03 +2.2500938e-03	 2.10e-01 Skipping	 311	 1189	
34	 4.5355054e-01	 +8.2167114e-04 +7.3728480e-04	 2.27e-01 Skipping	 299	 1206	
35	 4.5135634e-01	 -1.7302400e-03 +1.7617667e-03	 1.93e-01 Skipping	 296	 1160	
36	 4.4985929e-01	 -1.7849809e-03 +2.6382624e-04	 4.92e-01 Skipping	 288	 1136	
37	 4.4774444e-01	 +6.2463204e-04 -9.3963756e-04	 2.16e-01 Skipping	 281	 1097	
38	 4.4607819e-01	 -5.7424933e-04 +5.5615916e-04	 6.00e-01 Skipping	 277	 1081	
39	 4.4502658e-01	 +2.2255249e-03 -5.6964433e-04	 5.28e-01 Skipping	 273	 1064	
40	 4.4353683e-01	 +2.8197695e-03 +4.6516725e-04	 6.71e-01 Skipping	 272	 1039	
41	 4.4185604e-01	 -8.9397097e-05 -3.6237115e-04	 3.56e-01 Skipping	 266	 1034	
42	 4.4103126e-01	 -1.4197180e-03 -1.2983133e-03	 7.37e-01 Skipping	 265	 1025	
43	 4.3980555e-01	 +1.1714013e-03 -1.3295531e-03	 6.45e-01 Skipping	 262	 1020	
44	 4.3894204e-01	 +1.1654606e-03 -1.2182787e-03	 6.59e-01 Skipping	 258	 1003	
45	 4.3838984e-01	 -7.4417034e-04 -1.8596394e-03	 5.56e-01 Skipping	 255	 987	
46	 4.3787141e-01	 -3.5507335e-04 +1.6246128e-03	 7.50e-01 Skipping	 253	 973	
47	 4.3767757e-01	 +1.4058405e-03 -2.3240577e-04	 8.80e-01 Skipping	 253	 987	
48	 4.3724283e-01	 +1.8804573e-03 -1.8773899e-03	 8.89e-01 Skipping	 254	 963	
49	 4.3682304e-01	 +2.3790801e-03 +1.7776880e-03	 8.78e-01 Skipping	 250	 964	
50	 4.3651059e-01	 +1.1554744e-03 +2.0385847e-03	 5.57e-01 Skipping	 252	 972	
51	 4.3666692e-01	 -1.0716066e-03 -3.5331403e-03	 9.90e-01 Accepted	 250	 960	
52	 4.3666692e-01	 -1.0716066e-03 -3.5331403e-03	 8.29e-01 Rejected	 249	 953	
53	 4.3647015e-01	 +6.9201708e-04 +1.1754529e-03	 1.59e+00 Accepted	 249	 960	
54	 4.3647015e-01	 +6.9201708e-04 +1.1754529e-03	 8.77e-01 Rejected	 250	 964	
55	 4.3630517e-01	 +2.4864187e-04 -2.3664683e-03	 1.02e+00 Accepted	 249	 967	
56	 4.3603744e-01	 +3.7321455e-04 +2.0984388e-03	 6.32e-01 Accepted	 249	 957	
57	 4.3589675e-01	 -3.4689833e-05 +4.9055315e-04	 5.92e-01 Accepted	 249	 957	
58	 4.3544193e-01	 +1.2644494e-04 +8.7547314e-04	 9.24e-01 Accepted	 247	 946	
59	 4.3566796e-01	 +1.3931497e-03 +2.3943054e-04	 1.12e+00 Accepted	 250	 969	
60	 4.3549833e-01	 +1.1838230e-03 -8.2053598e-04	 8.86e-01 Accepted	 251	 956	
61	 4.3505649e-01	 +9.2410998e-04 +1.5441272e-03	 7.19e-01 Accepted	 246	 938	
62	 4.3509444e-01	 +2.3567769e-04 -2.1723781e-03	 1.17e+00 Accepted	 245	 950	
63	 4.3530304e-01	 +1.1970223e-03 +3.7953103e-04	 1.33e+00 Accepted	 246	 939	
64	 4.3540295e-01	 -1.7155001e-03 -1.1018296e-03	 8.14e-01 Accepted	 245	 940	
65	 4.3540295e-01	 -1.7155001e-03 -1.1018296e-03	 7.95e-01 Rejected	 245	 947	
66	 4.3543439e-01	 +3.5607829e-04 -1.2725237e-04	 7.80e-01 Accepted	 245	 933	
67	 4.3542773e-01	 +2.7091521e-03 -1.7845479e-03	 9.83e-01 Accepted	 245	 953	
68	 4.3536308e-01	 +1.0261998e-03 +2.6175278e-04	 1.20e+00 Accepted	 247	 951	
69	 4.3587650e-01	 +8.9754017e-04 +4.4340134e-04	 8.06e-01 Accepted	 247	 946	
70	 4.3571044e-01	 -3.0888313e-03 +1.9233611e-04	 7.54e-01 Accepted	 247	 951	
71	 4.3563518e-01	 +1.2764510e-03 -6.8008049e-04	 1.47e+00 Accepted	 246	 961	
72	 4.3556159e-01	 +3.6550373e-03 +4.2108763e-04	 1.00e+00 Accepted	 248	 952	
73	 4.3523511e-01	 +1.9328740e-03 -1.2247716e-04	 1.01e+00 Accepted	 247	 945	
74	 4.3543429e-01	 +2.1884335e-04 -3.8186326e-04	 7.93e-01 Accepted	 246	 949	
75	 4.3579873e-01	 +7.4097436e-04 -6.9738434e-04	 1.55e+00 Accepted	 248	 947	
76	 4.3557726e-01	 +1.1867573e-04 -2.6689400e-04	 7.59e-01 Accepted	 245	 952	
77	 4.3541665e-01	 -1.1600635e-03 -4.6393932e-04	 6.39e-01 Accepted	 246	 960	
78	 4.3521688e-01	 -6.2140827e-04 -7.6981128e-04	 1.01e+00 Accepted	 248	 941	
79	 4.3525207e-01	 +4.9057787e-04 +2.0338875e-03	 1.08e+00 Accepted	 246	 947	
80	 4.3564949e-01	 -7.2273246e-05 +1.2715648e-03	 9.23e-01 Accepted	 245	 944	
81	 4.3550056e-01	 -8.8404576e-04 +1.5001387e-05	 8.85e-01 Accepted	 246	 946	
82	 4.3564341e-01	 -2.3241644e-03 +5.5038509e-04	 1.10e+00 Accepted	 246	 938	
83	 4.3557997e-01	 +4.0976980e-04 -2.1615482e-04	 1.51e+00 Accepted	 244	 952	
84	 4.3541716e-01	 -5.6283268e-04 -9.0784562e-04	 8.05e-01 Accepted	 248	 960	
85	 4.3575861e-01	 +1.2825037e-03 -4.7941064e-04	 1.02e+00 Accepted	 250	 945	
86	 4.3591432e-01	 +1.9775008e-03 -8.9407383e-04	 1.03e+00 Accepted	 246	 950	
87	 4.3591432e-01	 +1.9775008e-03 -8.9407383e-04	 6.92e-01 Rejected	 249	 964	
88	 4.3574261e-01	 +3.9214421e-03 -1.0443510e-03	 9.16e-01 Accepted	 248	 961	
89	 4.3517187e-01	 -4.7971013e-03 +1.7093661e-04	 8.57e-01 Accepted	 249	 943	
90	 4.3475712e-01	 +1.2294438e-03 +7.5253030e-04	 1.05e+00 Accepted	 246	 946	
91	 4.3475712e-01	 +1.2294438e-03 +7.5253030e-04	 4.08e-01 Rejected	 247	 948	
92	 4.3435227e-01	 +1.0960725e-03 +4.7540948e-04	 8.93e-01 Accepted	 248	 958	
93	 4.3450892e-01	 +2.2492888e-03 +8.0272801e-05	 1.23e+00 Accepted	 246	 946	
94	 4.3450892e-01	 +2.2492888e-03 +8.0272801e-05	 8.95e-01 Rejected	 244	 933	
95	 4.3402187e-01	 -6.0733754e-04 -5.3990388e-04	 8.88e-01 Accepted	 245	 945	
96	 4.3432772e-01	 -1.8542796e-03 +1.6853505e-03	 9.47e-01 Accepted	 244	 944	
97	 4.3440620e-01	 +1.8534014e-03 +1.3158500e-03	 9.69e-01 Accepted	 247	 954	
98	 4.3455280e-01	 -2.2211359e-03 -1.1155297e-03	 8.43e-01 Accepted	 245	 927	
99	 4.3477161e-01	 -1.2648710e-03 -1.5794745e-04	 1.20e+00 Accepted	 243	 943	
100	 4.3477161e-01	 -1.2648710e-03 -1.5794745e-04	 6.27e-01 Rejected	 246	 947	
101	 4.3467304e-01	 -2.7208889e-04 -1.7643900e-03	 1.14e+00 Accepted	 245	 941	
102	 4.3454818e-01	 -1.4210831e-03 -4.7431057e-04	 1.13e+00 Accepted	 246	 930	
103	 4.3479143e-01	 +2.1598519e-04 +2.1485617e-03	 1.00e+00 Accepted	 243	 924	
104	 4.3525281e-01	 -3.3675948e-04 -9.9429257e-04	 1.21e+00 Accepted	 244	 935	
105	 4.3532661e-01	 +6.3755729e-04 +1.5272039e-03	 1.30e+00 Accepted	 244	 930	
106	 4.3516425e-01	 -1.4716209e-03 +1.2338158e-03	 1.28e+00 Accepted	 246	 968	
107	 4.3506113e-01	 -1.4205165e-03 +1.8650843e-04	 6.92e-01 Accepted	 245	 933	
108	 4.3468803e-01	 -7.8338554e-04 -1.7621836e-03	 1.18e+00 Accepted	 245	 945	
109	 4.3493568e-01	 -1.6804685e-03 -5.3699742e-04	 1.13e+00 Accepted	 245	 951	
110	 4.3461315e-01	 -1.8456469e-03 +1.1398778e-03	 8.01e-01 Accepted	 247	 942	
111	 4.3454633e-01	 -7.7462529e-04 -2.6682028e-03	 7.22e-01 Accepted	 245	 945	
112	 4.3423176e-01	 +4.9418612e-03 -1.4450526e-03	 1.31e+00 Accepted	 243	 924	
113	 4.3373447e-01	 +1.3884682e-03 -1.3429459e-03	 8.09e-01 Accepted	 245	 947	
114	 4.3345390e-01	 +1.0847147e-03 -1.8058605e-03	 7.54e-01 Accepted	 243	 937	
115	 4.3345534e-01	 +1.2219098e-03 -7.4012237e-04	 1.03e+00 Accepted	 245	 949	
116	 4.3399439e-01	 -6.4621893e-04 -2.0706179e-04	 1.05e+00 Accepted	 248	 946	
117	 4.3395592e-01	 +9.3629777e-04 +1.1274365e-03	 7.60e-01 Accepted	 246	 941	
118	 4.3451551e-01	 -9.8322393e-04 -1.3532166e-03	 1.38e+00 Accepted	 245	 938	
119	 4.3400484e-01	 -7.0602019e-04 -1.2280887e-03	 9.19e-01 Accepted	 246	 929	
120	 4.3447672e-01	 +1.7768363e-03 -1.3334199e-03	 7.32e-01 Accepted	 244	 940	
121	 4.3455959e-01	 -1.2926816e-03 +6.2051050e-04	 5.12e-01 Accepted	 246	 942	
122	 4.3507649e-01	 -1.2026164e-03 +8.0231047e-05	 1.13e+00 Accepted	 247	 943	
123	 4.3507649e-01	 -1.2026164e-03 +8.0231047e-05	 8.13e-01 Rejected	 245	 943	
124	 4.3498120e-01	 +3.9144320e-03 -2.4912392e-03	 8.78e-01 Accepted	 246	 969	
125	 4.3504029e-01	 +2.5452573e-03 -3.4061737e-03	 1.01e+00 Accepted	 248	 937	
126	 4.3528370e-01	 -1.2945542e-03 -3.1187194e-05	 1.44e+00 Accepted	 246	 943	
127	 4.3532698e-01	 -3.5793445e-03 -4.0921882e-04	 1.21e+00 Accepted	 245	 951	
128	 4.3521465e-01	 -1.2388864e-03 +2.4236812e-03	 1.10e+00 Accepted	 246	 956	
129	 4.3526632e-01	 -8.0616762e-04 +1.0354926e-03	 1.22e+00 Accepted	 249	 952	
130	 4.3491302e-01	 +2.0230841e-03 +3.3112100e-03	 4.47e-01 Accepted	 248	 964	
131	 4.3498578e-01	 -1.9763042e-03 -8.1371357e-04	 9.54e-01 Accepted	 249	 945	
132	 4.3503460e-01	 -1.3821299e-03 -1.4242377e-06	 9.25e-01 Accepted	 246	 950	
133	 4.3503460e-01	 -1.3821299e-03 -1.4242377e-06	 7.36e-01 Rejected	 246	 945	
134	 4.3467624e-01	 +1.2131791e-04 -6.9583163e-04	 5.79e-01 Accepted	 246	 949	
135	 4.3481745e-01	 +2.0439650e-03 +3.1334834e-03	 1.78e+00 Accepted	 246	 941	
136	 4.3466151e-01	 +2.5319866e-03 -1.0890148e-03	 1.04e+00 Accepted	 245	 952	
137	 4.3467000e-01	 +9.0449358e-04 +8.9221735e-06	 6.90e-01 Accepted	 249	 957	
138	 4.3514727e-01	 -1.1871807e-03 -1.5692818e-03	 1.51e+00 Accepted	 249	 953	
139	 4.3558924e-01	 -2.1865437e-03 +2.0266475e-04	 1.20e+00 Accepted	 249	 956	
140	 4.3553478e-01	 -1.3540354e-03 -1.2549231e-03	 9.25e-01 Accepted	 250	 937	
141	 4.3559507e-01	 +1.8213805e-03 -8.0566683e-04	 9.77e-01 Accepted	 247	 957	
142	 4.3559507e-01	 +1.8213805e-03 -8.0566683e-04	 4.44e-01 Rejected	 250	 951	
143	 4.3548848e-01	 -8.4050138e-04 -2.1181943e-03	 8.67e-01 Accepted	 249	 947	
144	 4.3523247e-01	 +2.4198929e-03 -4.2256993e-05	 7.15e-01 Accepted	 249	 964	
145	 4.3571202e-01	 +1.9701649e-03 +9.2904621e-05	 1.50e+00 Accepted	 248	 944	
146	 4.3526822e-01	 +2.6616001e-04 +1.6700636e-03	 8.55e-01 Accepted	 247	 956	
147	 4.3536881e-01	 -4.2696853e-04 +1.2449517e-03	 9.53e-01 Accepted	 252	 991	
148	 4.3494066e-01	 -7.0728574e-05 -5.4806312e-04	 1.02e+00 Accepted	 254	 956	
149	 4.3495529e-01	 -4.0009770e-04 -2.5249974e-03	 9.95e-01 Accepted	 250	 937	
150	 4.3529201e-01	 -6.8987014e-04 +2.9615487e-04	 1.09e+00 Accepted	 246	 942	
151	 4.3546597e-01	 -8.5256290e-04 -8.3521318e-04	 1.24e+00 Accepted	 247	 951	
152	 4.3595814e-01	 -5.4450626e-04 +1.6883810e-04	 1.68e+00 Accepted	 251	 958	
153	 4.3637364e-01	 +1.4550850e-03 -2.7075193e-03	 1.15e+00 Accepted	 246	 948	
154	 4.3581357e-01	 +1.6302185e-03 +1.7963763e-03	 6.63e-01 Accepted	 247	 943	
155	 4.3559203e-01	 +4.5296059e-03 -6.9734643e-04	 1.43e+00 Accepted	 247	 960	
156	 4.3500553e-01	 +6.4504852e-05 -1.3218375e-04	 1.04e+00 Accepted	 247	 933	
157	 4.3463326e-01	 -5.7807035e-04 +3.1055857e-03	 7.75e-01 Accepted	 244	 942	
158	 4.3476708e-01	 -3.5396299e-04 -1.3798368e-04	 1.46e+00 Accepted	 247	 942	
159	 4.3466937e-01	 +3.6357254e-04 +2.7155935e-03	 6.22e-01 Accepted	 245	 940	
160	 4.3453872e-01	 +1.0508674e-03 -2.4430047e-03	 8.49e-01 Accepted	 245	 949	
161	 4.3440744e-01	 +2.2713919e-03 -1.8994446e-04	 9.20e-01 Accepted	 246	 933	
162	 4.3440744e-01	 +2.2713919e-03 -1.8994446e-04	 9.82e-01 Rejected	 244	 947	
163	 4.3445563e-01	 -1.2811555e-03 +5.1540445e-04	 8.92e-01 Accepted	 245	 952	
164	 4.3428488e-01	 -6.4951282e-04 +2.6535648e-03	 8.20e-01 Accepted	 246	 943	
165	 4.3405025e-01	 +1.4955758e-03 -7.0706693e-04	 7.83e-01 Accepted	 247	 928	
166	 4.3466599e-01	 -3.4265360e-04 -4.0564912e-06	 1.34e+00 Accepted	 244	 948	
