# Starting_type: HotStart
# serial RNG seed: 	[24928 47841 15355 55131 8492]
# parallel RNG seed:	[34659 40597 48002 48712 47642]
# Trajectory_length / Number_of_MD_steps: 1 / 8
# 	 Plaquette	 Polyakov_Loop(re,im)	 Acc._Probability	 runtime_per_traj(s)	 CG_iterations	
1	 1.9651361e-01	 -1.4046267e-03 -1.2313358e-03	 4.42e+18 Accepted	 228	 968	
2	 2.6144105e-01	 -1.8882400e-04 -5.7107341e-04	 1.25e+08 Accepted	 302	 1221	
3	 2.8916756e-01	 -1.7360705e-04 -5.7561889e-04	 1.75e+03 Accepted	 347	 1359	
4	 3.0229017e-01	 +4.0182954e-05 -4.0383683e-03	 1.01e+02 Accepted	 372	 1425	
5	 3.0838431e-01	 +2.2358610e-04 +8.1932984e-04	 2.52e+00 Accepted	 384	 1477	
6	 3.1205085e-01	 +5.2350095e-05 +2.4357625e-03	 1.10e+00 Accepted	 391	 1500	
7	 3.1391326e-01	 +1.9763610e-03 +1.7040557e-03	 8.30e-01 Accepted	 395	 1499	
8	 3.1455397e-01	 -9.8034824e-05 +1.7084132e-03	 3.59e-01 Accepted	 395	 1521	
9	 3.1455397e-01	 -9.8034824e-05 +1.7084132e-03	 1.63e-01 Rejected	 397	 1522	
10	 3.1479067e-01	 -1.3169665e-03 -2.1779999e-03	 4.18e-01 Accepted	 396	 1512	
11	 3.1494902e-01	 +6.2939164e-04 +6.8359595e-04	 2.01e+00 Accepted	 398	 1510	
12	 3.1494902e-01	 +6.2939164e-04 +6.8359595e-04	 3.14e-01 Rejected	 396	 1510	
13	 3.1511601e-01	 +1.0609934e-03 -1.4970458e-03	 2.39e-01 Accepted	 398	 1522	
14	 3.1511601e-01	 +1.0609934e-03 -1.4970458e-03	 4.24e-01 Rejected	 398	 1514	
15	 3.1514772e-01	 +5.2793173e-04 -9.4569493e-04	 2.44e-01 Accepted	 399	 1516	
16	 3.1508151e-01	 +3.1128126e-04 +5.8907879e-04	 8.81e-01 Accepted	 398	 1515	
17	 3.1461534e-01	 +1.4021411e-03 +3.4425083e-04	 5.87e-01 Accepted	 397	 1511	
18	 3.1484311e-01	 -5.2554146e-04 -2.1962143e-03	 2.47e+00 Accepted	 398	 1503	
19	 3.1484311e-01	 -5.2554146e-04 -2.1962143e-03	 4.22e-01 Rejected	 396	 1517	
20	 3.1484311e-01	 -5.2554146e-04 -2.1962143e-03	 3.47e-01 Rejected	 396	 1502	
21	 3.1510934e-01	 +1.1555600e-03 +1.3722144e-03	 1.29e+01 Accepted	 397	 1501	
22	 3.1535030e-01	 +1.3402981e-04 -1.9714984e-03	 1.08e+00 Accepted	 397	 1512	
23	 3.1550573e-01	 +1.7666010e-03 +2.1014360e-03	 3.43e+00 Accepted	 398	 1521	
24	 3.1534977e-01	 +1.0407683e-03 -1.6371489e-03	 5.71e-01 Accepted	 398	 1509	
25	 3.1532402e-01	 -1.3167993e-03 -5.1288395e-04	 1.26e+00 Accepted	 395	 1504	
26	 3.1522463e-01	 -1.2255791e-03 -1.1694068e-03	 1.44e+00 Accepted	 396	 1509	
27	 3.1498796e-01	 -1.5516713e-03 -2.6361251e-03	 4.79e-01 Accepted	 397	 1512	
28	 3.1528060e-01	 +6.3335856e-04 -1.3615495e-03	 5.39e-01 Accepted	 398	 1516	
29	 3.1540757e-01	 +1.5263763e-03 +2.0829071e-04	 2.05e+00 Accepted	 396	 1516	
30	 3.1544708e-01	 +7.7473606e-04 -4.6663583e-05	 6.13e-01 Accepted	 399	 1514	
31	 3.1544532e-01	 +1.6917545e-03 +6.6138839e-07	 5.13e-01 Accepted	 398	 1507	
32	 3.1544532e-01	 +1.6917545e-03 +6.6138839e-07	 3.65e-02 Rejected	 397	 1513	
33	 3.1544532e-01	 +1.6917545e-03 +6.6138839e-07	 6.14e-01 Rejected	 397	 1512	
34	 3.1567638e-01	 +5.4714700e-04 +1.9496191e-03	 1.13e+00 Accepted	 399	 1510	
35	 3.1567638e-01	 +5.4714700e-04 +1.9496191e-03	 2.68e-01 Rejected	 397	 1506	
36	 3.1567638e-01	 +5.4714700e-04 +1.9496191e-03	 5.51e-02 Rejected	 397	 1512	
37	 3.1567638e-01	 +5.4714700e-04 +1.9496191e-03	 3.05e-01 Rejected	 397	 1520	
38	 3.1515464e-01	 +1.4442684e-03 -6.5153302e-04	 5.72e-01 Accepted	 400	 1508	
39	 3.1515464e-01	 +1.4442684e-03 -6.5153302e-04	 4.07e-01 Rejected	 396	 1516	
40	 3.1542698e-01	 -1.4112767e-04 -2.8873424e-03	 9.29e-01 Accepted	 397	 1511	
41	 3.1542698e-01	 -1.4112767e-04 -2.8873424e-03	 5.72e-01 Rejected	 397	 1512	
42	 3.1542698e-01	 -1.4112767e-04 -2.8873424e-03	 3.84e-01 Rejected	 399	 1502	
43	 3.1542698e-01	 -1.4112767e-04 -2.8873424e-03	 2.33e-01 Rejected	 396	 1507	
44	 3.1536798e-01	 +5.9853065e-04 +1.8231349e-03	 4.83e-01 Accepted	 397	 1522	
45	 3.1484240e-01	 +1.6063746e-04 -8.7196796e-04	 4.53e-01 Accepted	 396	 1503	
46	 3.1527198e-01	 -1.8624071e-04 +7.4406401e-04	 1.86e+00 Accepted	 397	 1510	
47	 3.1527198e-01	 -1.8624071e-04 +7.4406401e-04	 6.80e-01 Rejected	 396	 1518	
48	 3.1522872e-01	 -6.7592701e-04 +5.0474703e-04	 1.38e+00 Accepted	 397	 1508	
49	 3.1502421e-01	 +9.8648547e-04 -8.7296527e-04	 1.68e+00 Accepted	 398	 1506	
50	 3.1502421e-01	 +9.8648547e-04 -8.7296527e-04	 6.96e-01 Rejected	 397	 1517	
51	 3.1502421e-01	 +9.8648547e-04 -8.7296527e-04	 5.97e-01 Rejected	 398	 1511	
52	 3.1530779e-01	 -8.4115416e-04 +1.4864054e-03	 7.84e-01 Accepted	 395	 1511	
53	 3.1530779e-01	 -8.4115416e-04 +1.4864054e-03	 6.07e-01 Rejected	 399	 1510	
54	 3.1530779e-01	 -8.4115416e-04 +1.4864054e-03	 4.87e-01 Rejected	 398	 1508	
55	 3.1484698e-01	 +1.8804190e-03 +1.2672497e-03	 1.16e+00 Accepted	 399	 1515	
56	 3.1545039e-01	 -1.3144672e-03 +1.5496927e-03	 1.41e+00 Accepted	 397	 1510	
57	 3.1482819e-01	 -1.2558736e-03 +1.5358527e-03	 5.17e-01 Accepted	 398	 1495	
58	 3.1546040e-01	 +2.0667019e-04 +1.4463215e-03	 6.04e-01 Accepted	 395	 1504	
59	 3.1546040e-01	 +2.0667019e-04 +1.4463215e-03	 3.21e-01 Rejected	 396	 1510	
60	 3.1546040e-01	 +2.0667019e-04 +1.4463215e-03	 2.71e-01 Rejected	 397	 1507	
61	 3.1546040e-01	 +2.0667019e-04 +1.4463215e-03	 2.68e-01 Rejected	 399	 1510	
62	 3.1527745e-01	 +2.3428785e-03 -1.6129870e-03	 1.12e+00 Accepted	 398	 1506	
63	 3.1527745e-01	 +2.3428785e-03 -1.6129870e-03	 3.13e-01 Rejected	 397	 1508	
64	 3.1527745e-01	 +2.3428785e-03 -1.6129870e-03	 6.93e-01 Rejected	 397	 1507	
65	 3.1527745e-01	 +2.3428785e-03 -1.6129870e-03	 2.23e-01 Rejected	 396	 1505	
66	 3.1502105e-01	 -8.9239666e-04 +9.3676829e-04	 1.03e+00 Accepted	 398	 1510	
67	 3.1480697e-01	 -2.9200203e-04 +4.2106263e-04	 1.03e+00 Accepted	 397	 1508	
68	 3.1480697e-01	 -2.9200203e-04 +4.2106263e-04	 3.93e-01 Rejected	 398	 1510	
69	 3.1512571e-01	 +2.6352086e-03 -2.3235986e-03	 7.42e-01 Accepted	 396	 1520	
70	 3.1534744e-01	 +1.9142102e-04 -2.0037078e-03	 1.19e+00 Accepted	 398	 1513	
71	 3.1518154e-01	 +3.1146639e-04 +5.6268479e-04	 2.62e-01 Accepted	 399	 1521	
72	 3.1518154e-01	 +3.1146639e-04 +5.6268479e-04	 4.41e-01 Rejected	 398	 1519	
73	 3.1518154e-01	 +3.1146639e-04 +5.6268479e-04	 2.65e-01 Rejected	 399	 1513	
74	 3.1522403e-01	 +2.9132313e-03 -1.0671165e-03	 7.31e-01 Accepted	 398	 1516	
75	 3.1522403e-01	 +2.9132313e-03 -1.0671165e-03	 5.77e-01 Rejected	 397	 1507	
76	 3.1521971e-01	 +1.5598129e-03 +3.8774419e-04	 5.88e-01 Accepted	 399	 1517	
77	 3.1521971e-01	 +1.5598129e-03 +3.8774419e-04	 6.84e-01 Rejected	 399	 1514	
78	 3.1535337e-01	 +4.2620803e-04 +9.0259161e-05	 5.26e-01 Accepted	 398	 1521	
79	 3.1524792e-01	 +3.5877855e-04 +4.1088366e-04	 3.39e-01 Accepted	 399	 1508	
80	 3.1535889e-01	 -2.0177849e-03 -3.9843236e-03	 9.08e-01 Accepted	 398	 1509	
81	 3.1484343e-01	 -3.5990351e-03 -1.8189109e-03	 1.48e+00 Accepted	 397	 1507	
82	 3.1476926e-01	 -1.0913728e-03 +7.1617950e-04	 4.46e-01 Accepted	 399	 1513	
83	 3.1499217e-01	 -5.6484096e-04 +1.0322463e-03	 1.10e+00 Accepted	 396	 1508	
84	 3.1499217e-01	 -5.6484096e-04 +1.0322463e-03	 3.35e-01 Rejected	 397	 1513	
85	 3.1517801e-01	 +1.1361991e-03 +1.9180407e-03	 6.22e-01 Accepted	 398	 1518	
86	 3.1556864e-01	 -1.5432850e-03 -6.2918833e-04	 1.42e+00 Accepted	 398	 1514	
87	 3.1556864e-01	 -1.5432850e-03 -6.2918833e-04	 4.88e-01 Rejected	 400	 1512	
88	 3.1556864e-01	 -1.5432850e-03 -6.2918833e-04	 2.57e-01 Rejected	 399	 1521	
89	 3.1556864e-01	 -1.5432850e-03 -6.2918833e-04	 6.51e-01 Rejected	 398	 1498	
90	 3.1495460e-01	 -1.0918683e-03 +2.6588176e-03	 4.87e-01 Accepted	 400	 1505	
91	 3.1509001e-01	 +2.4483566e-03 +1.0846448e-04	 1.46e+00 Accepted	 397	 1500	
92	 3.1509001e-01	 +2.4483566e-03 +1.0846448e-04	 5.41e-01 Rejected	 399	 1513	
93	 3.1500745e-01	 -4.3102530e-04 -1.3679469e-03	 5.82e-01 Accepted	 395	 1520	
94	 3.1482625e-01	 -1.5816496e-03 +1.5324269e-03	 8.48e-01 Accepted	 397	 1500	
95	 3.1509232e-01	 +1.1985416e-03 -8.1515340e-04	 2.75e+00 Accepted	 396	 1504	
96	 3.1463269e-01	 -1.2465432e-03 -1.5601106e-03	 5.77e-01 Accepted	 396	 1501	
97	 3.1463269e-01	 -1.2465432e-03 -1.5601106e-03	 3.97e-01 Rejected	 396	 1512	
98	 3.1491353e-01	 -1.2396929e-03 +6.8687019e-04	 3.99e+00 Accepted	 397	 1515	
99	 3.1536329e-01	 -1.1261469e-03 +5.1561752e-04	 6.30e-01 Accepted	 399	 1520	
100	 3.1513387e-01	 -3.2772510e-03 +9.2906524e-04	 8.68e-01 Accepted	 400	 1511	
101	 3.1522946e-01	 +1.3551110e-03 +2.4016970e-03	 1.76e+00 Accepted	 397	 1510	
102	 3.1522946e-01	 +1.3551110e-03 +2.4016970e-03	 6.02e-01 Rejected	 395	 1498	
103	 3.1523408e-01	 +1.6966291e-03 -6.9902722e-04	 9.48e-01 Accepted	 397	 1509	
104	 3.1515679e-01	 +2.4425398e-03 +2.3489388e-04	 2.05e+00 Accepted	 397	 1512	
105	 3.1515679e-01	 +2.4425398e-03 +2.3489388e-04	 6.96e-01 Rejected	 397	 1512	
106	 3.1515679e-01	 +2.4425398e-03 +2.3489388e-04	 6.42e-01 Rejected	 399	 1508	
107	 3.1491226e-01	 +7.9315145e-04 +6.3716384e-04	 3.31e-01 Accepted	 397	 1512	
108	 3.1491226e-01	 +7.9315145e-04 +6.3716384e-04	 2.96e-01 Rejected	 398	 1511	
109	 3.1491226e-01	 +7.9315145e-04 +6.3716384e-04	 6.06e-01 Rejected	 396	 1504	
