# Starting_type: ColdStart
# serial RNG seed: 	[27488 32380 22600 63003 60557]
# parallel RNG seed:	[27970 26580 49714 49767 60281]
# Trajectory_length / Number_of_MD_steps: 1 / 8
# 	 Plaquette	 Polyakov_Loop(re,im)	 Acc._Probability	 runtime_per_traj(s)	 CG_iterations	
1	 8.0072444e-01	 +4.0300687e-01 -6.4965367e-04	 3.89e-26 Skipping	 91	 225	
2	 7.1879772e-01	 +2.2040876e-01 -1.0831101e-03	 3.66e-14 Skipping	 92	 213	
3	 6.6191208e-01	 +1.3169762e-01 -3.9322218e-04	 1.81e-10 Skipping	 89	 207	
4	 6.1945598e-01	 +8.5641060e-02 +1.4305874e-03	 5.93e-08 Skipping	 90	 217	
5	 5.8783788e-01	 +6.6430434e-02 -1.5789415e-03	 4.47e-06 Skipping	 93	 231	
6	 5.6452397e-01	 +4.2425200e-02 +3.6304258e-04	 1.32e-04 Skipping	 101	 312	
7	 5.4663670e-01	 +3.1775413e-02 +1.2354574e-03	 9.59e-04 Skipping	 118	 368	
8	 5.3367503e-01	 +2.8118142e-02 +1.5719939e-03	 7.29e-03 Skipping	 135	 440	
9	 5.2341887e-01	 +2.1630745e-02 +3.6098509e-04	 1.92e-02 Skipping	 153	 512	
10	 5.1525954e-01	 +1.4273814e-02 -5.9393077e-04	 3.61e-02 Skipping	 170	 533	
11	 5.0814523e-01	 +1.3871494e-02 +1.3889410e-03	 5.81e-02 Skipping	 175	 555	
12	 5.0235321e-01	 +1.0086770e-02 +7.2670921e-04	 1.07e-01 Skipping	 178	 562	
13	 4.9742079e-01	 +5.7945574e-03 +9.8485280e-04	 1.78e-01 Skipping	 180	 568	
14	 4.9199381e-01	 +5.6066352e-03 +1.5481372e-03	 1.35e-01 Skipping	 182	 576	
15	 4.8710159e-01	 +2.0004951e-03 +1.4155372e-04	 1.30e-01 Skipping	 182	 577	
16	 4.8179226e-01	 +2.1046040e-03 -1.4533598e-04	 8.03e-02 Skipping	 183	 583	
17	 4.7647910e-01	 +2.7959631e-03 +9.8703784e-04	 1.42e-01 Skipping	 183	 582	
18	 4.7163235e-01	 +2.8296942e-03 +1.1202607e-03	 1.70e-01 Skipping	 185	 588	
19	 4.6652509e-01	 +1.5083811e-03 -1.0154140e-03	 1.15e-01 Skipping	 186	 593	
20	 4.6157009e-01	 +1.5336703e-03 +2.0005258e-03	 1.48e-01 Skipping	 186	 596	
21	 4.5657831e-01	 +7.3474922e-04 +1.3786846e-03	 1.62e-01 Skipping	 187	 598	
22	 4.5178570e-01	 +1.6279465e-03 +1.2354143e-03	 1.40e-01 Skipping	 188	 601	
23	 4.4692060e-01	 -3.3758642e-05 -2.1046031e-03	 1.14e-01 Skipping	 188	 604	
24	 4.4266634e-01	 -3.5230574e-04 -4.6095139e-04	 1.81e-01 Skipping	 189	 607	
25	 4.3911466e-01	 +1.8464627e-03 +1.4784445e-03	 2.15e-01 Skipping	 189	 608	
26	 4.3555868e-01	 +5.2077751e-04 -5.4262870e-04	 3.26e-01 Skipping	 190	 610	
27	 4.3255490e-01	 +6.6149441e-04 -3.5026159e-04	 3.14e-01 Skipping	 190	 611	
28	 4.2947634e-01	 +1.9595079e-03 -1.0325122e-03	 2.09e-01 Skipping	 192	 613	
29	 4.2671820e-01	 -1.0510138e-03 -1.4774727e-03	 3.19e-01 Skipping	 191	 614	
30	 4.2470172e-01	 +8.2433693e-04 +2.5260397e-04	 5.37e-01 Skipping	 192	 615	
31	 4.2266790e-01	 +5.6834933e-04 -2.6382914e-03	 4.58e-01 Skipping	 193	 617	
32	 4.2150031e-01	 -2.2660266e-03 -2.1900229e-03	 6.55e-01 Skipping	 192	 617	
33	 4.2054010e-01	 -2.8282319e-04 +1.1282590e-03	 6.60e-01 Skipping	 193	 617	
34	 4.1906637e-01	 +7.6209667e-04 +7.1262592e-05	 4.81e-01 Skipping	 193	 618	
35	 4.1837703e-01	 +1.6320848e-03 -5.5780461e-04	 9.40e-01 Skipping	 194	 618	
36	 4.1769897e-01	 +1.5823586e-03 +1.9707628e-03	 6.05e-01 Skipping	 193	 618	
37	 4.1775650e-01	 -3.6402766e-04 +2.6161108e-03	 7.23e-01 Skipping	 194	 617	
38	 4.1665143e-01	 -2.4395855e-03 -1.9609539e-04	 7.15e-01 Skipping	 193	 619	
39	 4.1676333e-01	 -1.3287904e-03 -3.4524058e-03	 1.47e+00 Skipping	 194	 619	
40	 4.1614041e-01	 +1.2735865e-03 +2.4941739e-03	 1.07e+00 Skipping	 195	 619	
41	 4.1594325e-01	 +9.5124723e-04 -5.4321560e-04	 1.36e+00 Skipping	 193	 619	
42	 4.1548768e-01	 -2.3591440e-03 +5.0497016e-04	 7.24e-01 Skipping	 193	 619	
43	 4.1480633e-01	 -1.8696151e-03 -4.4754135e-04	 6.16e-01 Skipping	 193	 620	
44	 4.1536810e-01	 +1.6985392e-03 +1.5110333e-03	 1.40e+00 Skipping	 194	 619	
45	 4.1526793e-01	 -3.6012413e-03 +4.1651372e-04	 8.69e-01 Skipping	 192	 620	
46	 4.1505108e-01	 -2.5654601e-04 +1.3644329e-03	 9.42e-01 Skipping	 194	 619	
47	 4.1556005e-01	 +2.7432996e-03 +1.0481500e-03	 1.16e+00 Skipping	 194	 619	
48	 4.1559238e-01	 -3.6449145e-05 -7.2084656e-04	 9.11e-01 Skipping	 194	 619	
49	 4.1574965e-01	 +1.1046889e-03 +4.1880909e-04	 1.14e+00 Skipping	 193	 619	
50	 4.1552136e-01	 -4.6530555e-04 -3.1389804e-03	 8.75e-01 Skipping	 194	 619	
51	 4.1552235e-01	 -1.3965776e-03 -1.5524603e-03	 1.43e+00 Accepted	 193	 619	
52	 4.1595154e-01	 -4.6479641e-04 +2.1060300e-03	 1.05e+00 Accepted	 194	 620	
53	 4.1617064e-01	 +9.4472472e-04 +8.5438130e-04	 1.10e+00 Accepted	 193	 619	
54	 4.1617064e-01	 +9.4472472e-04 +8.5438130e-04	 6.55e-01 Rejected	 193	 619	
55	 4.1610080e-01	 -2.0223135e-03 +2.7904669e-03	 8.21e-01 Accepted	 194	 619	
56	 4.1610080e-01	 -2.0223135e-03 +2.7904669e-03	 6.65e-01 Rejected	 194	 619	
57	 4.1609499e-01	 -4.6651724e-04 +8.1734688e-04	 8.40e-01 Accepted	 193	 619	
58	 4.1566195e-01	 -1.4845099e-03 +2.2043555e-05	 1.02e+00 Accepted	 193	 619	
59	 4.1609969e-01	 -1.1263572e-03 +2.6788974e-04	 1.05e+00 Accepted	 194	 619	
60	 4.1621301e-01	 +3.2594221e-03 -3.7846655e-04	 1.15e+00 Accepted	 194	 619	
61	 4.1589494e-01	 -3.2963809e-05 -3.8360895e-04	 1.04e+00 Accepted	 194	 619	
62	 4.1582796e-01	 +1.1559624e-03 +1.0570559e-03	 1.09e+00 Accepted	 194	 619	
63	 4.1561910e-01	 -8.8967886e-04 -1.4576297e-03	 7.70e-01 Accepted	 194	 619	
64	 4.1553843e-01	 +2.3904582e-03 +3.6880235e-03	 7.47e-01 Accepted	 194	 620	
65	 4.1540414e-01	 -9.0935107e-04 -4.7242626e-03	 8.00e-01 Accepted	 194	 619	
66	 4.1545120e-01	 -4.6855348e-05 -1.6616505e-03	 1.08e+00 Accepted	 194	 619	
67	 4.1540379e-01	 +3.6552590e-04 +2.8512785e-03	 7.21e-01 Accepted	 193	 619	
68	 4.1540646e-01	 -4.0183385e-05 +2.5361944e-04	 9.68e-01 Accepted	 194	 619	
69	 4.1506744e-01	 -1.1915124e-03 +3.1970949e-03	 7.48e-01 Accepted	 193	 619	
70	 4.1543168e-01	 +7.0184441e-04 -1.8466706e-04	 1.02e+00 Accepted	 194	 620	
71	 4.1543168e-01	 +7.0184441e-04 -1.8466706e-04	 7.40e-01 Rejected	 194	 619	
72	 4.1532288e-01	 +2.4977332e-03 -1.0853437e-03	 6.32e-01 Accepted	 194	 619	
73	 4.1529996e-01	 -3.1724888e-03 -5.7844174e-04	 1.03e+00 Accepted	 194	 619	
74	 4.1536791e-01	 -1.1336481e-03 -8.1275954e-04	 1.25e+00 Accepted	 194	 619	
75	 4.1550329e-01	 -1.0069110e-03 +6.0343542e-04	 1.01e+00 Accepted	 193	 619	
76	 4.1525328e-01	 +1.6864899e-03 +6.9078252e-04	 1.10e+00 Accepted	 194	 619	
77	 4.1558462e-01	 -6.9005480e-04 +1.6321386e-04	 1.14e+00 Accepted	 194	 619	
78	 4.1545415e-01	 +2.8795269e-03 -5.9101854e-04	 9.72e-01 Accepted	 193	 619	
79	 4.1528183e-01	 +8.6190192e-04 -6.0539193e-05	 8.46e-01 Accepted	 193	 620	
80	 4.1478306e-01	 -1.2609345e-03 -1.4303638e-03	 5.30e-01 Accepted	 195	 620	
81	 4.1456040e-01	 +7.7913598e-04 +1.1464148e-04	 1.13e+00 Accepted	 193	 619	
82	 4.1467774e-01	 -3.8849355e-04 -4.0642795e-04	 9.47e-01 Accepted	 193	 619	
83	 4.1508506e-01	 -4.4063366e-04 -1.2390000e-03	 1.04e+00 Accepted	 193	 619	
84	 4.1499115e-01	 +1.1908416e-04 -1.4904247e-03	 7.81e-01 Accepted	 193	 619	
85	 4.1499115e-01	 +1.1908416e-04 -1.4904247e-03	 8.67e-01 Rejected	 194	 619	
86	 4.1539164e-01	 +8.6077380e-04 +4.3499756e-05	 1.13e+00 Accepted	 194	 619	
87	 4.1550728e-01	 -1.1944522e-03 -1.0528968e-03	 1.18e+00 Accepted	 193	 619	
88	 4.1518189e-01	 -2.2022482e-03 +2.8880753e-04	 1.00e+00 Accepted	 194	 619	
89	 4.1486699e-01	 +1.6533239e-03 -2.1040978e-03	 9.26e-01 Accepted	 194	 620	
90	 4.1510258e-01	 +8.8014218e-04 +3.1286245e-04	 1.66e+00 Accepted	 194	 620	
91	 4.1543258e-01	 +1.3074361e-03 +1.9723637e-03	 1.30e+00 Accepted	 193	 619	
92	 4.1541679e-01	 -1.0390912e-03 -1.5960207e-03	 1.02e+00 Accepted	 194	 619	
93	 4.1539716e-01	 +2.7426582e-03 -6.4747317e-04	 8.86e-01 Accepted	 194	 619	
94	 4.1523154e-01	 +4.8225998e-04 -5.7309634e-04	 7.26e-01 Accepted	 194	 619	
95	 4.1567228e-01	 -1.0767527e-03 +1.2040057e-03	 8.47e-01 Accepted	 194	 619	
96	 4.1581858e-01	 -2.1482829e-03 -1.1687579e-03	 1.23e+00 Accepted	 194	 619	
97	 4.1615530e-01	 +2.0271391e-04 +2.0268131e-03	 1.73e+00 Accepted	 193	 619	
98	 4.1615530e-01	 +2.0271391e-04 +2.0268131e-03	 6.72e-01 Rejected	 193	 619	
99	 4.1578153e-01	 -1.5263943e-03 -1.0617738e-03	 9.13e-01 Accepted	 193	 619	
100	 4.1617564e-01	 +3.3130238e-03 -2.2332157e-03	 9.89e-01 Accepted	 194	 618	
101	 4.1595033e-01	 -3.6047435e-03 +1.4440970e-03	 9.15e-01 Accepted	 192	 619	
102	 4.1603647e-01	 +2.2484082e-04 -2.7857594e-04	 9.39e-01 Accepted	 193	 619	
103	 4.1570244e-01	 -9.7270741e-05 +3.2027155e-04	 1.08e+00 Accepted	 194	 619	
104	 4.1589793e-01	 +2.2307781e-03 +1.1444036e-03	 1.25e+00 Accepted	 193	 619	
105	 4.1590655e-01	 -2.5624621e-04 +7.8482769e-05	 1.33e+00 Accepted	 194	 619	
106	 4.1575373e-01	 +3.4477296e-04 +2.7879547e-04	 9.19e-01 Accepted	 193	 618	
107	 4.1551774e-01	 +5.8161977e-04 +5.2558208e-04	 8.78e-01 Accepted	 193	 620	
108	 4.1544365e-01	 +9.0531595e-04 +1.0362512e-03	 1.14e+00 Accepted	 194	 619	
109	 4.1601636e-01	 +1.5273839e-04 -1.6410216e-03	 1.49e+00 Accepted	 193	 619	
110	 4.1598517e-01	 +5.6739041e-04 -1.2932472e-03	 1.06e+00 Accepted	 194	 619	
111	 4.1605482e-01	 +1.2732754e-03 +1.3992398e-03	 7.70e-01 Accepted	 193	 619	
112	 4.1602546e-01	 -3.3514088e-04 -5.7888060e-04	 1.37e+00 Accepted	 193	 619	
113	 4.1581568e-01	 -1.4480689e-03 +2.2858457e-03	 8.53e-01 Accepted	 193	 619	
114	 4.1586228e-01	 -2.9795836e-04 -8.8229502e-04	 1.14e+00 Accepted	 193	 620	
115	 4.1542967e-01	 -6.9284068e-04 +1.4584408e-03	 9.37e-01 Accepted	 193	 619	
116	 4.1595511e-01	 +1.7955139e-03 +1.9835256e-03	 1.11e+00 Accepted	 194	 619	
117	 4.1601666e-01	 +1.3149298e-03 -1.2680600e-03	 7.68e-01 Accepted	 194	 619	
118	 4.1591892e-01	 -1.3473805e-03 -1.5423083e-03	 1.25e+00 Accepted	 194	 619	
119	 4.1566482e-01	 +3.4190192e-04 +1.4049521e-03	 1.25e+00 Accepted	 193	 619	
120	 4.1600253e-01	 +2.9882525e-04 +8.6655030e-04	 1.33e+00 Accepted	 194	 619	
121	 4.1596044e-01	 +5.8705702e-04 -5.2959368e-04	 1.45e+00 Accepted	 194	 618	
122	 4.1596044e-01	 +5.8705702e-04 -5.2959368e-04	 9.03e-01 Rejected	 193	 619	
123	 4.1588655e-01	 -6.7111549e-04 +1.8945712e-03	 9.59e-01 Accepted	 193	 619	
124	 4.1573132e-01	 +1.2206724e-03 -7.3906839e-04	 9.15e-01 Accepted	 194	 619	
125	 4.1644088e-01	 -1.7017361e-03 -1.3097687e-03	 1.01e+00 Accepted	 193	 619	
126	 4.1612706e-01	 +7.3192467e-04 +2.0986863e-03	 8.02e-01 Accepted	 193	 619	
127	 4.1602162e-01	 -1.3595601e-03 -1.7729547e-03	 1.04e+00 Accepted	 194	 619	
128	 4.1614790e-01	 +7.0644101e-04 +6.1483578e-05	 9.76e-01 Accepted	 193	 619	
129	 4.1576522e-01	 +1.1242145e-03 -1.0349738e-03	 7.18e-01 Accepted	 194	 619	
130	 4.1595785e-01	 -1.3368589e-03 -1.3847901e-03	 1.39e+00 Accepted	 193	 619	
131	 4.1595785e-01	 -1.3368589e-03 -1.3847901e-03	 9.00e-01 Rejected	 193	 619	
132	 4.1629140e-01	 -1.4679559e-03 -5.0147363e-04	 1.16e+00 Accepted	 193	 619	
133	 4.1610796e-01	 -2.2567509e-03 +1.7067542e-03	 1.07e+00 Accepted	 194	 619	
134	 4.1644058e-01	 -4.8505234e-04 +1.5044546e-03	 1.47e+00 Accepted	 194	 619	
135	 4.1655044e-01	 -1.5361962e-04 -7.9847708e-04	 1.01e+00 Accepted	 193	 619	
136	 4.1622250e-01	 +2.1613315e-04 +5.9512336e-04	 8.93e-01 Accepted	 195	 619	
137	 4.1621384e-01	 +4.4338865e-04 -1.2726957e-03	 1.20e+00 Accepted	 193	 619	
138	 4.1638607e-01	 -5.4405038e-04 +2.5321545e-03	 1.25e+00 Accepted	 193	 619	
139	 4.1600921e-01	 +1.9168303e-03 -1.5550229e-03	 6.84e-01 Accepted	 194	 619	
140	 4.1600921e-01	 +1.9168303e-03 -1.5550229e-03	 6.34e-01 Rejected	 194	 619	
141	 4.1600921e-01	 +1.9168303e-03 -1.5550229e-03	 7.80e-01 Rejected	 194	 619	
142	 4.1555377e-01	 +2.2730053e-03 +1.1754795e-03	 6.09e-01 Accepted	 194	 619	
143	 4.1568786e-01	 +1.1283058e-03 +1.8300567e-03	 1.15e+00 Accepted	 192	 619	
144	 4.1600454e-01	 -2.9472940e-03 +1.4617735e-03	 8.47e-01 Accepted	 194	 619	
145	 4.1547565e-01	 +8.1162432e-04 +1.3758306e-03	 7.55e-01 Accepted	 193	 619	
146	 4.1525129e-01	 -9.7295909e-05 -1.0906208e-03	 9.95e-01 Accepted	 193	 619	
147	 4.1506317e-01	 +7.7061948e-04 -2.5320441e-03	 1.33e+00 Accepted	 194	 619	
148	 4.1485436e-01	 -3.5897680e-04 +2.9028347e-03	 9.90e-01 Accepted	 195	 620	
149	 4.1519486e-01	 +2.3706510e-03 +1.4057814e-03	 1.62e+00 Accepted	 193	 619	
150	 4.1559134e-01	 -2.1249205e-03 -1.9934610e-04	 9.88e-01 Accepted	 193	 619	
151	 4.1592269e-01	 -1.3083129e-03 +3.6582203e-04	 9.35e-01 Accepted	 194	 619	
152	 4.1561601e-01	 -1.6787312e-03 -3.2398799e-03	 7.25e-01 Accepted	 194	 619	
153	 4.1607809e-01	 +8.8929771e-04 -1.1391850e-03	 1.42e+00 Accepted	 193	 619	
154	 4.1575019e-01	 +5.3127736e-05 -1.3905403e-03	 9.41e-01 Accepted	 193	 619	
155	 4.1582231e-01	 +2.6530277e-03 +1.4008983e-03	 9.31e-01 Accepted	 193	 619	
156	 4.1566454e-01	 +4.5057686e-04 +2.1619154e-03	 1.45e+00 Accepted	 194	 619	
157	 4.1577959e-01	 +1.0541899e-03 +2.7999808e-03	 1.02e+00 Accepted	 193	 619	
158	 4.1573578e-01	 +1.7676613e-03 -3.6377603e-03	 1.43e+00 Accepted	 194	 619	
159	 4.1573578e-01	 +1.7676613e-03 -3.6377603e-03	 7.95e-01 Rejected	 193	 619	
160	 4.1598327e-01	 -8.1777820e-05 -1.5835859e-03	 1.12e+00 Accepted	 194	 618	
161	 4.1617815e-01	 -1.3941305e-03 +1.7214847e-03	 1.13e+00 Accepted	 193	 619	
162	 4.1621784e-01	 -2.8567924e-04 +9.0394131e-04	 8.34e-01 Accepted	 194	 619	
163	 4.1574290e-01	 +1.0820569e-03 +1.3956799e-03	 8.46e-01 Accepted	 193	 619	
164	 4.1605086e-01	 +2.3272376e-03 +1.3935652e-03	 1.13e+00 Accepted	 194	 619	
165	 4.1620753e-01	 -6.0587901e-04 -2.1799741e-04	 1.45e+00 Accepted	 194	 619	
166	 4.1615392e-01	 +1.5144352e-03 -4.4908213e-03	 1.10e+00 Accepted	 192	 619	
167	 4.1607179e-01	 -1.1718527e-03 +1.3051494e-03	 1.13e+00 Accepted	 193	 619	
168	 4.1610253e-01	 +6.1911184e-04 +3.4826533e-04	 8.86e-01 Accepted	 193	 619	
169	 4.1606664e-01	 -2.4813219e-04 -9.3507606e-04	 9.40e-01 Accepted	 193	 619	
170	 4.1606664e-01	 -2.4813219e-04 -9.3507606e-04	 7.67e-01 Rejected	 194	 618	
171	 4.1567683e-01	 -1.2353729e-03 -1.3490686e-03	 9.42e-01 Accepted	 192	 619	
172	 4.1556896e-01	 -6.3526421e-04 -1.4191375e-03	 1.00e+00 Accepted	 194	 620	
173	 4.1582187e-01	 -3.1774191e-05 -1.6496614e-03	 1.04e+00 Accepted	 194	 619	
174	 4.1595681e-01	 -1.5797313e-03 +1.2072424e-04	 1.11e+00 Accepted	 193	 619	
175	 4.1555254e-01	 +2.1888663e-04 -1.4220127e-03	 6.32e-01 Accepted	 193	 619	
176	 4.1540356e-01	 -1.1594814e-03 -1.1060657e-04	 1.35e+00 Accepted	 193	 619	
177	 4.1586560e-01	 +1.8123466e-03 +1.3530760e-03	 9.03e-01 Accepted	 193	 619	
178	 4.1535957e-01	 +1.2153024e-03 -3.2245689e-03	 1.07e+00 Accepted	 194	 619	
179	 4.1565649e-01	 +1.1036865e-03 -2.0219253e-04	 9.46e-01 Accepted	 193	 619	
180	 4.1536271e-01	 -9.5284991e-04 +1.7070883e-03	 7.03e-01 Accepted	 192	 619	
181	 4.1491337e-01	 -6.4892194e-04 +8.3722843e-04	 5.35e-01 Accepted	 193	 619	
182	 4.1506832e-01	 -6.6131709e-05 -1.9516671e-03	 9.88e-01 Accepted	 194	 619	
183	 4.1544001e-01	 -1.8986044e-03 -1.0640441e-04	 1.52e+00 Accepted	 193	 619	
184	 4.1545562e-01	 -1.0167324e-03 +7.0151668e-04	 9.41e-01 Accepted	 194	 619	
185	 4.1559667e-01	 +3.9355157e-04 +3.0171065e-03	 1.02e+00 Accepted	 193	 619	
186	 4.1598664e-01	 +2.4135313e-03 -5.3743509e-04	 1.06e+00 Accepted	 193	 619	
187	 4.1566342e-01	 -1.5508305e-03 -6.7010522e-04	 6.19e-01 Accepted	 192	 619	
188	 4.1566342e-01	 -1.5508305e-03 -6.7010522e-04	 6.56e-01 Rejected	 192	 619	
189	 4.1565462e-01	 +1.4865550e-03 +7.3125719e-04	 1.06e+00 Accepted	 193	 619	
190	 4.1553454e-01	 -1.7052058e-03 +7.6855214e-04	 1.09e+00 Accepted	 194	 619	
191	 4.1553454e-01	 -1.7052058e-03 +7.6855214e-04	 6.86e-01 Rejected	 194	 620	
192	 4.1547700e-01	 +2.6542458e-03 +1.2250206e-03	 1.09e+00 Accepted	 194	 619	
193	 4.1517578e-01	 +1.0861758e-03 -6.8342379e-04	 7.99e-01 Accepted	 194	 619	
194	 4.1522973e-01	 -1.2714423e-03 -1.4062741e-05	 1.56e+00 Accepted	 193	 619	
195	 4.1522743e-01	 +3.5987903e-04 +1.1044453e-03	 1.39e+00 Accepted	 194	 619	
196	 4.1524447e-01	 +2.5144129e-03 -1.1585843e-03	 1.32e+00 Accepted	 194	 619	
197	 4.1570062e-01	 +3.0475364e-04 +1.7491245e-03	 1.12e+00 Accepted	 194	 619	
198	 4.1576339e-01	 -1.1293105e-04 +4.6225033e-04	 1.16e+00 Accepted	 193	 619	
199	 4.1575509e-01	 -6.3017643e-04 -1.7052478e-03	 8.70e-01 Accepted	 193	 619	
200	 4.1575902e-01	 +6.2979992e-04 -1.3619988e-03	 8.32e-01 Accepted	 193	 619	
201	 4.1608533e-01	 -1.6592209e-03 -1.7940228e-03	 8.75e-01 Accepted	 194	 619	
202	 4.1580658e-01	 +2.3630898e-03 -1.5808141e-03	 8.19e-01 Accepted	 194	 619	
203	 4.1533773e-01	 -3.4635605e-04 -2.0449532e-03	 9.77e-01 Accepted	 193	 619	
204	 4.1603439e-01	 +1.2820662e-03 -1.1896352e-03	 1.24e+00 Accepted	 194	 618	
205	 4.1579124e-01	 +2.7637787e-04 -1.2929985e-03	 1.03e+00 Accepted	 193	 619	
206	 4.1598649e-01	 -4.3538860e-04 -1.5794713e-03	 1.38e+00 Accepted	 194	 619	
207	 4.1573582e-01	 -1.3760214e-03 +5.7450082e-04	 8.23e-01 Accepted	 192	 619	
208	 4.1566590e-01	 -2.1562700e-03 +2.3424438e-03	 1.26e+00 Accepted	 193	 619	
209	 4.1548961e-01	 +1.4570721e-03 +6.1779097e-04	 7.49e-01 Accepted	 193	 619	
210	 4.1548961e-01	 +1.4570721e-03 +6.1779097e-04	 7.23e-01 Rejected	 194	 619	
211	 4.1543987e-01	 -1.7750048e-03 +5.3039480e-04	 9.30e-01 Accepted	 193	 619	
212	 4.1495777e-01	 -2.1620679e-03 -2.6934951e-04	 1.08e+00 Accepted	 194	 619	
213	 4.1502219e-01	 -3.2407880e-03 +3.3260388e-03	 1.13e+00 Accepted	 193	 619	
214	 4.1513856e-01	 -5.0432823e-04 +9.9891991e-04	 1.16e+00 Accepted	 194	 620	
215	 4.1532873e-01	 -1.9443850e-03 -8.7134873e-04	 1.35e+00 Accepted	 193	 620	
216	 4.1579350e-01	 +1.1534598e-03 -2.3382226e-03	 1.55e+00 Accepted	 194	 619	
217	 4.1593812e-01	 -1.6400904e-03 -1.3814136e-03	 1.04e+00 Accepted	 193	 619	
218	 4.1625803e-01	 -1.2337595e-03 +1.0636412e-04	 1.33e+00 Accepted	 194	 619	
219	 4.1609594e-01	 +1.0795073e-03 -5.2786009e-04	 1.25e+00 Accepted	 194	 619	
220	 4.1621014e-01	 +2.6964646e-03 +3.9558890e-03	 7.66e-01 Accepted	 193	 619	
221	 4.1621014e-01	 +2.6964646e-03 +3.9558890e-03	 7.96e-01 Rejected	 194	 619	
222	 4.1604495e-01	 +2.2756180e-03 +5.9756333e-04	 8.43e-01 Accepted	 194	 619	
223	 4.1611033e-01	 +2.0808221e-03 -3.1481377e-04	 1.11e+00 Accepted	 194	 620	
224	 4.1608293e-01	 -1.1773679e-03 -1.0752782e-03	 9.22e-01 Accepted	 194	 619	
225	 4.1659960e-01	 +2.7617900e-04 -2.0225901e-03	 1.01e+00 Accepted	 194	 619	
226	 4.1619042e-01	 +1.8167021e-03 +1.2738343e-03	 1.49e+00 Accepted	 193	 619	
227	 4.1619042e-01	 +1.8167021e-03 +1.2738343e-03	 6.55e-01 Rejected	 193	 618	
228	 4.1579568e-01	 +1.6539996e-04 -3.9288413e-03	 5.66e-01 Accepted	 194	 619	
# Starting_type: CheckpointStart
# Trajectory_length / Number_of_MD_steps: 1 / 8
# 	 Plaquette	 Polyakov_Loop(re,im)	 Acc._Probability	 runtime_per_traj(s)	 CG_iterations	
229	 4.1574105e-01	 -1.7997464e-03 -1.4418417e-03	 8.83e-01 Skipping	 204	 619	
230	 4.1587980e-01	 +1.1205425e-03 +1.4713922e-04	 9.33e-01 Skipping	 193	 619	
231	 4.1595546e-01	 -1.2851986e-04 -2.0643326e-03	 7.87e-01 Skipping	 193	 619	
232	 4.1604028e-01	 +2.1511108e-03 +3.9491224e-04	 9.70e-01 Skipping	 194	 619	
233	 4.1580393e-01	 -1.0160672e-03 -3.6812259e-04	 1.30e+00 Skipping	 193	 619	
234	 4.1592659e-01	 +4.5463385e-03 +2.6183193e-03	 1.41e+00 Skipping	 193	 619	
235	 4.1619802e-01	 +7.6841841e-04 +1.2790138e-03	 7.61e-01 Skipping	 192	 619	
236	 4.1592091e-01	 -2.6745515e-03 +8.3899936e-04	 6.26e-01 Skipping	 192	 619	
237	 4.1586846e-01	 +1.5389211e-05 -1.2500119e-04	 9.39e-01 Skipping	 193	 619	
238	 4.1567341e-01	 -6.1065123e-04 +8.5144311e-04	 1.07e+00 Skipping	 193	 619	
239	 4.1538391e-01	 -6.9073066e-04 +1.5269737e-03	 7.64e-01 Skipping	 192	 619	
240	 4.1518136e-01	 +6.7503740e-05 +1.4055234e-03	 6.88e-01 Skipping	 193	 620	
241	 4.1498478e-01	 +1.6930927e-03 -1.9333346e-03	 9.62e-01 Skipping	 193	 619	
242	 4.1540963e-01	 +2.9599142e-03 +1.1879751e-03	 1.35e+00 Skipping	 192	 619	
243	 4.1516681e-01	 -1.3125736e-03 +1.2061205e-04	 9.89e-01 Skipping	 193	 619	
244	 4.1521277e-01	 -3.0684491e-03 +8.3840536e-04	 8.82e-01 Skipping	 192	 620	
245	 4.1514565e-01	 +2.4348863e-03 +1.8445904e-03	 9.66e-01 Skipping	 193	 619	
246	 4.1505039e-01	 +1.5416982e-03 +2.2278016e-03	 1.07e+00 Skipping	 192	 619	
247	 4.1492815e-01	 -9.9509478e-05 +5.3132463e-04	 1.08e+00 Skipping	 193	 619	
248	 4.1507395e-01	 -3.9337435e-03 +6.2510031e-04	 1.13e+00 Skipping	 193	 619	
249	 4.1517162e-01	 -4.2714128e-04 +9.6012512e-04	 7.81e-01 Skipping	 193	 619	
250	 4.1516107e-01	 +1.9972678e-05 -1.5523814e-03	 8.32e-01 Skipping	 193	 620	
251	 4.1525237e-01	 +2.1574195e-03 -1.0094925e-04	 6.47e-01 Skipping	 194	 618	
252	 4.1539574e-01	 +1.1154263e-03 +7.7886978e-04	 1.06e+00 Skipping	 193	 619	
253	 4.1521635e-01	 -1.8486849e-03 -1.5504356e-03	 1.25e+00 Skipping	 193	 619	
254	 4.1549665e-01	 +5.3095530e-04 +5.0171799e-04	 1.66e+00 Skipping	 194	 619	
255	 4.1572384e-01	 +1.3035355e-03 -7.3034424e-04	 8.96e-01 Skipping	 193	 619	
256	 4.1603837e-01	 -2.0360330e-03 +8.9785800e-04	 1.20e+00 Skipping	 193	 619	
257	 4.1607041e-01	 -2.4260670e-03 +1.7109389e-03	 8.22e-01 Skipping	 193	 619	
258	 4.1599455e-01	 +1.9001164e-03 +4.1494071e-04	 1.08e+00 Skipping	 192	 618	
259	 4.1544040e-01	 -3.6560483e-03 -1.8236338e-03	 1.06e+00 Skipping	 194	 619	
260	 4.1575393e-01	 -7.9465661e-04 -3.1940720e-04	 1.11e+00 Skipping	 193	 619	
261	 4.1567277e-01	 +2.5901825e-03 +6.7368128e-05	 1.05e+00 Skipping	 193	 619	
262	 4.1583947e-01	 -2.1607230e-03 -8.8478491e-04	 1.38e+00 Skipping	 193	 619	
263	 4.1593769e-01	 -1.3969931e-03 -8.4008951e-04	 1.04e+00 Skipping	 193	 619	
264	 4.1597222e-01	 +3.8739705e-04 -1.1451291e-03	 7.86e-01 Skipping	 194	 619	
265	 4.1528336e-01	 -1.6272594e-03 -9.0314406e-04	 6.37e-01 Skipping	 192	 619	
266	 4.1562555e-01	 +3.2447302e-03 +1.4286907e-03	 8.33e-01 Skipping	 193	 619	
267	 4.1549985e-01	 +2.2259252e-04 -5.1199920e-04	 9.94e-01 Skipping	 192	 619	
268	 4.1559550e-01	 +1.8840740e-03 +1.5948281e-03	 8.62e-01 Skipping	 194	 619	
269	 4.1549767e-01	 +3.1813525e-04 +9.0835860e-05	 1.38e+00 Skipping	 192	 619	
270	 4.1501115e-01	 +1.9353120e-03 -2.8388888e-03	 1.02e+00 Skipping	 193	 619	
271	 4.1552844e-01	 -1.3011272e-03 -1.8184200e-03	 1.39e+00 Skipping	 192	 619	
272	 4.1552093e-01	 -1.7030770e-03 -6.2515809e-04	 9.76e-01 Skipping	 193	 619	
273	 4.1579893e-01	 +5.0207987e-04 -2.2910276e-04	 1.20e+00 Skipping	 194	 619	
274	 4.1602004e-01	 -2.2815717e-03 +7.5115114e-04	 1.22e+00 Skipping	 194	 618	
275	 4.1558385e-01	 +5.0681758e-04 +2.5286762e-04	 7.61e-01 Skipping	 193	 619	
276	 4.1578512e-01	 -1.6386961e-03 +1.4682884e-04	 2.12e+00 Skipping	 193	 619	
277	 4.1533226e-01	 -1.8420352e-04 +8.9295216e-04	 1.00e+00 Skipping	 193	 619	
278	 4.1552108e-01	 +1.4069510e-03 +5.3881272e-04	 1.21e+00 Skipping	 194	 619	
279	 4.1550167e-01	 -1.6464069e-03 -1.3970248e-03	 7.56e-01 Accepted	 192	 619	
280	 4.1527986e-01	 -1.1042700e-04 -8.7469099e-04	 8.93e-01 Accepted	 194	 619	
281	 4.1525003e-01	 +9.4577634e-04 -7.7471763e-04	 1.06e+00 Accepted	 193	 619	
282	 4.1539042e-01	 +3.6082703e-04 +2.5781380e-04	 1.12e+00 Accepted	 192	 619	
283	 4.1573787e-01	 -1.4531702e-04 -1.2209002e-03	 1.45e+00 Accepted	 193	 619	
284	 4.1580151e-01	 -1.7466657e-03 +4.3296040e-04	 1.34e+00 Accepted	 194	 619	
285	 4.1518969e-01	 +1.4373047e-03 +5.2406424e-04	 9.79e-01 Accepted	 193	 619	
286	 4.1550808e-01	 +2.1839454e-03 -1.0881500e-03	 1.26e+00 Accepted	 193	 619	
287	 4.1491571e-01	 +2.0133911e-04 -7.2462338e-04	 7.66e-01 Accepted	 193	 619	
288	 4.1509918e-01	 +3.1914792e-04 +1.6855493e-03	 9.72e-01 Accepted	 193	 619	
289	 4.1556524e-01	 -4.0208227e-04 -1.8645366e-03	 1.43e+00 Accepted	 193	 620	
290	 4.1577908e-01	 +2.0897415e-04 +8.1327546e-04	 1.01e+00 Accepted	 193	 620	
291	 4.1564860e-01	 +1.4905729e-03 -6.3750744e-04	 1.11e+00 Accepted	 192	 619	
292	 4.1564860e-01	 +1.4905729e-03 -6.3750744e-04	 6.98e-01 Rejected	 194	 620	
293	 4.1545135e-01	 -3.7587993e-05 -4.0068417e-04	 8.82e-01 Accepted	 194	 619	
294	 4.1535998e-01	 +2.2785159e-03 +1.1762853e-03	 7.48e-01 Accepted	 193	 619	
295	 4.1535998e-01	 +2.2785159e-03 +1.1762853e-03	 7.88e-01 Rejected	 194	 620	
296	 4.1519336e-01	 +2.2180331e-04 +2.5122836e-03	 9.29e-01 Accepted	 193	 619	
297	 4.1489990e-01	 +7.2993711e-04 +1.6184254e-03	 1.09e+00 Accepted	 193	 619	
298	 4.1465610e-01	 -9.3315376e-04 +7.8402540e-04	 9.99e-01 Accepted	 193	 619	
299	 4.1529940e-01	 -1.9036418e-03 -2.4847931e-04	 7.49e-01 Accepted	 193	 619	
300	 4.1485650e-01	 -1.9207873e-03 +2.9966744e-03	 1.07e+00 Accepted	 193	 619	
301	 4.1474584e-01	 +6.9276598e-04 +2.0206605e-03	 8.72e-01 Accepted	 194	 619	
302	 4.1485508e-01	 -1.2908036e-04 +1.2119147e-04	 9.68e-01 Accepted	 193	 619	
303	 4.1513734e-01	 +5.6060956e-04 +1.2916933e-03	 1.00e+00 Accepted	 193	 620	
304	 4.1571074e-01	 +8.9035966e-04 +5.5319664e-04	 1.56e+00 Accepted	 193	 620	
305	 4.1571074e-01	 +8.9035966e-04 +5.5319664e-04	 5.01e-01 Rejected	 194	 618	
306	 4.1571074e-01	 +8.9035966e-04 +5.5319664e-04	 5.81e-01 Rejected	 193	 619	
307	 4.1599190e-01	 -2.1818296e-03 +2.8993258e-05	 1.10e+00 Accepted	 194	 619	
308	 4.1561262e-01	 +2.8455405e-04 +2.4721220e-03	 9.40e-01 Accepted	 193	 619	
309	 4.1591040e-01	 -7.7049478e-04 +1.4868246e-05	 1.03e+00 Accepted	 193	 619	
310	 4.1603917e-01	 +6.3154119e-04 -2.5304002e-04	 1.26e+00 Accepted	 194	 619	
311	 4.1607242e-01	 +2.2026093e-03 -2.1972135e-04	 1.13e+00 Accepted	 193	 619	
312	 4.1604943e-01	 -1.2606538e-03 -2.7899179e-04	 9.32e-01 Accepted	 194	 618	
313	 4.1604943e-01	 -1.2606538e-03 -2.7899179e-04	 7.34e-01 Rejected	 193	 618	
314	 4.1587590e-01	 +3.0875001e-03 -8.8888565e-04	 8.17e-01 Accepted	 193	 619	
315	 4.1584221e-01	 -8.8355562e-04 -1.2568729e-03	 1.26e+00 Accepted	 193	 618	
316	 4.1558763e-01	 -1.9218205e-03 -1.1459860e-03	 7.52e-01 Accepted	 193	 619	
317	 4.1554741e-01	 -5.1328135e-05 +1.0279792e-03	 9.32e-01 Accepted	 193	 619	
318	 4.1517391e-01	 +1.0659804e-03 -1.0954730e-04	 8.26e-01 Accepted	 194	 619	
319	 4.1559639e-01	 +2.4017315e-03 +2.2047600e-03	 1.14e+00 Accepted	 193	 620	
320	 4.1536357e-01	 -9.2645847e-04 +4.1814751e-04	 8.75e-01 Accepted	 193	 619	
321	 4.1561176e-01	 -1.8563385e-04 +3.9615527e-04	 1.06e+00 Accepted	 193	 619	
322	 4.1584948e-01	 +2.0329192e-04 -2.0398563e-03	 1.23e+00 Accepted	 194	 618	
323	 4.1577698e-01	 +7.3085705e-05 -7.2684387e-04	 9.77e-01 Accepted	 193	 619	
324	 4.1567965e-01	 +1.4349306e-03 -3.2593299e-05	 1.00e+00 Accepted	 193	 619	
325	 4.1551490e-01	 +2.9467379e-04 +5.6894016e-04	 4.68e-01 Accepted	 193	 619	
326	 4.1529716e-01	 +3.9125091e-04 +1.6354993e-03	 1.36e+00 Accepted	 193	 619	
327	 4.1529716e-01	 +3.9125091e-04 +1.6354993e-03	 6.90e-01 Rejected	 194	 619	
328	 4.1519164e-01	 +2.6789694e-03 -6.0513636e-04	 1.02e+00 Accepted	 193	 619	
329	 4.1542471e-01	 -1.9134887e-03 +3.2307826e-04	 9.56e-01 Accepted	 194	 619	
330	 4.1557211e-01	 -1.9733855e-04 -2.7814431e-04	 8.21e-01 Accepted	 194	 619	
331	 4.1570762e-01	 -1.7754868e-03 +2.1377975e-03	 7.72e-01 Accepted	 193	 619	
332	 4.1615595e-01	 +5.6441764e-04 +2.2454841e-04	 9.44e-01 Accepted	 194	 619	
333	 4.1615595e-01	 +5.6441764e-04 +2.2454841e-04	 8.42e-01 Rejected	 193	 619	
334	 4.1593305e-01	 +1.4049724e-03 +8.2757535e-04	 1.06e+00 Accepted	 194	 619	
335	 4.1580261e-01	 -2.4043378e-03 -2.2172844e-03	 1.02e+00 Accepted	 194	 619	
336	 4.1587865e-01	 -6.2184235e-04 -9.3128123e-04	 1.41e+00 Accepted	 194	 619	
337	 4.1576255e-01	 +1.1121439e-03 +5.3876178e-04	 7.81e-01 Accepted	 194	 619	
338	 4.1555446e-01	 -1.9725458e-03 +1.6533118e-03	 1.36e+00 Accepted	 194	 619	
339	 4.1530869e-01	 -2.0338543e-03 +7.3181780e-04	 8.98e-01 Accepted	 194	 619	
340	 4.1559923e-01	 +1.2418078e-04 +2.5893114e-03	 1.00e+00 Accepted	 193	 619	
341	 4.1542027e-01	 +8.1448751e-04 -1.6342627e-03	 1.28e+00 Accepted	 193	 619	
342	 4.1540380e-01	 +5.6263642e-04 -9.5704680e-04	 8.49e-01 Accepted	 194	 619	
343	 4.1547540e-01	 -2.3071817e-03 -5.0692493e-04	 9.31e-01 Accepted	 192	 619	
344	 4.1599159e-01	 +4.0607867e-03 +1.8284632e-03	 1.57e+00 Accepted	 194	 619	
345	 4.1594522e-01	 +6.1447528e-04 -3.5253623e-04	 1.06e+00 Accepted	 194	 619	
346	 4.1613194e-01	 +2.1610832e-03 -9.1265377e-04	 8.52e-01 Accepted	 193	 619	
347	 4.1596306e-01	 -2.3073808e-04 +2.9848044e-04	 8.18e-01 Accepted	 193	 619	
348	 4.1618233e-01	 -3.4943897e-03 -3.1253866e-03	 1.14e+00 Accepted	 194	 619	
349	 4.1608116e-01	 +3.9894783e-05 +1.3862591e-04	 8.40e-01 Accepted	 193	 619	
350	 4.1561320e-01	 -2.5710542e-04 +1.9810669e-03	 9.91e-01 Accepted	 193	 619	
351	 4.1561785e-01	 -2.3687262e-04 -6.5942824e-04	 5.38e-01 Accepted	 193	 620	
352	 4.1545713e-01	 +1.6814813e-04 -2.3674691e-04	 9.32e-01 Accepted	 193	 619	
353	 4.1581101e-01	 +1.2697762e-03 -2.8599061e-03	 1.22e+00 Accepted	 193	 619	
354	 4.1553890e-01	 -1.3331065e-03 -7.5552289e-05	 1.08e+00 Accepted	 193	 619	
355	 4.1534209e-01	 -2.3119853e-03 -8.9296274e-04	 7.46e-01 Accepted	 193	 619	
356	 4.1491459e-01	 -2.7368082e-03 -6.2573585e-05	 9.24e-01 Accepted	 194	 619	
357	 4.1533965e-01	 -1.1270439e-03 +2.3521428e-03	 1.29e+00 Accepted	 193	 619	
358	 4.1553367e-01	 +3.1635407e-04 -1.6709362e-03	 1.01e+00 Accepted	 193	 619	
359	 4.1558537e-01	 +1.7001818e-03 -2.2983624e-04	 8.97e-01 Accepted	 193	 619	
360	 4.1558537e-01	 +1.7001818e-03 -2.2983624e-04	 6.44e-01 Rejected	 194	 619	
361	 4.1569741e-01	 +7.7394715e-04 +2.0786358e-03	 1.00e+00 Accepted	 192	 619	
362	 4.1558963e-01	 +8.4545140e-04 +9.1272644e-04	 9.00e-01 Accepted	 193	 619	
363	 4.1543777e-01	 -1.7386053e-03 -1.3288083e-03	 1.37e+00 Accepted	 194	 620	
364	 4.1534792e-01	 -1.2489105e-03 -1.6213878e-03	 5.38e-01 Accepted	 194	 619	
365	 4.1516433e-01	 -1.9174911e-03 -4.9001320e-04	 8.32e-01 Accepted	 193	 619	
366	 4.1510709e-01	 -9.6768775e-04 +1.6500523e-03	 7.98e-01 Accepted	 193	 619	
367	 4.1501956e-01	 +1.4496297e-03 +2.0211406e-05	 8.25e-01 Accepted	 193	 620	
368	 4.1544291e-01	 +2.3090749e-03 +2.9068027e-03	 1.73e+00 Accepted	 194	 619	
369	 4.1524666e-01	 -3.4600699e-04 +2.2693412e-03	 1.27e+00 Accepted	 193	 619	
370	 4.1555337e-01	 -7.6245203e-05 -1.8435582e-03	 1.16e+00 Accepted	 193	 619	
371	 4.1593037e-01	 +1.3694774e-03 -1.4116178e-03	 9.26e-01 Accepted	 192	 619	
372	 4.1593037e-01	 +1.3694774e-03 -1.4116178e-03	 4.94e-01 Rejected	 194	 619	
373	 4.1539871e-01	 -9.1126838e-04 -1.4919111e-03	 8.91e-01 Accepted	 194	 619	
374	 4.1511972e-01	 +3.3876635e-03 -3.8317838e-04	 1.08e+00 Accepted	 193	 619	
375	 4.1490921e-01	 -4.1048926e-04 -1.3222769e-04	 8.06e-01 Accepted	 193	 619	
376	 4.1528378e-01	 -7.7125125e-04 +4.3877820e-04	 8.43e-01 Accepted	 193	 619	
377	 4.1558586e-01	 -1.4958694e-04 -4.1445296e-03	 9.76e-01 Accepted	 193	 619	
378	 4.1564400e-01	 -4.6546826e-04 +1.1794824e-03	 1.58e+00 Accepted	 193	 619	
379	 4.1543479e-01	 -1.9660506e-03 +2.5473411e-03	 1.22e+00 Accepted	 193	 619	
380	 4.1590742e-01	 -4.5297265e-04 +1.5979065e-03	 1.03e+00 Accepted	 193	 619	
381	 4.1590742e-01	 -4.5297265e-04 +1.5979065e-03	 8.53e-01 Rejected	 193	 619	
382	 4.1590742e-01	 -4.5297265e-04 +1.5979065e-03	 8.44e-01 Rejected	 193	 619	
383	 4.1620010e-01	 -4.3467864e-04 -9.8205259e-04	 1.21e+00 Accepted	 193	 619	
384	 4.1624736e-01	 -6.6760402e-04 +9.5556021e-04	 8.35e-01 Accepted	 193	 619	
385	 4.1561273e-01	 +1.8466215e-03 +1.4926783e-03	 6.69e-01 Accepted	 193	 619	
386	 4.1569966e-01	 -7.8920892e-04 +1.1536110e-03	 1.25e+00 Accepted	 193	 619	
387	 4.1587176e-01	 -2.8896769e-04 -2.0349696e-04	 1.31e+00 Accepted	 194	 619	
388	 4.1540802e-01	 +1.5199961e-03 -1.7429746e-03	 9.63e-01 Accepted	 193	 619	
389	 4.1597751e-01	 -1.7323933e-03 +2.2039271e-05	 1.18e+00 Accepted	 193	 620	
390	 4.1614908e-01	 -6.3222486e-04 -3.2652299e-03	 1.01e+00 Accepted	 194	 618	
391	 4.1596533e-01	 +4.9288532e-04 +2.5161485e-03	 1.19e+00 Accepted	 193	 619	
392	 4.1593862e-01	 +1.9387922e-03 -6.3473513e-04	 1.16e+00 Accepted	 193	 619	
393	 4.1539152e-01	 -2.2765279e-03 +4.8059921e-04	 7.88e-01 Accepted	 192	 619	
394	 4.1525013e-01	 -1.5853533e-03 -1.9404059e-03	 1.04e+00 Accepted	 193	 619	
395	 4.1564537e-01	 -2.5942323e-03 -1.2126348e-03	 1.00e+00 Accepted	 192	 619	
396	 4.1562285e-01	 +1.6174189e-03 -2.9005750e-03	 1.18e+00 Accepted	 194	 619	
397	 4.1549689e-01	 -2.9736348e-03 +2.9736692e-04	 7.35e-01 Accepted	 194	 620	
398	 4.1555697e-01	 -7.8003562e-04 -3.6127245e-04	 1.41e+00 Accepted	 194	 619	
399	 4.1572150e-01	 -4.4735412e-04 -2.8307943e-03	 1.41e+00 Accepted	 193	 619	
400	 4.1552259e-01	 -7.3827125e-04 -1.2678418e-03	 1.24e+00 Accepted	 193	 619	
401	 4.1563217e-01	 +7.4761520e-04 -4.5580992e-04	 9.09e-01 Accepted	 192	 619	
402	 4.1571037e-01	 +1.8721151e-03 -1.9813611e-03	 1.47e+00 Accepted	 193	 618	
403	 4.1593208e-01	 -1.7846869e-03 -1.5696614e-03	 1.14e+00 Accepted	 194	 619	
404	 4.1590095e-01	 -2.4277503e-03 -2.0662179e-04	 8.51e-01 Accepted	 193	 618	
405	 4.1590143e-01	 +2.8922038e-03 -5.2130666e-04	 1.44e+00 Accepted	 193	 619	
406	 4.1551007e-01	 +2.8376655e-05 -1.4113264e-03	 8.26e-01 Accepted	 193	 619	
407	 4.1551007e-01	 +2.8376655e-05 -1.4113264e-03	 6.52e-01 Rejected	 193	 619	
408	 4.1531187e-01	 +1.9274609e-05 +3.0055107e-03	 8.27e-01 Accepted	 193	 619	
409	 4.1569693e-01	 -1.6887738e-03 +2.1557360e-03	 6.38e-01 Accepted	 194	 620	
410	 4.1565033e-01	 +3.8416548e-03 -7.8592376e-04	 1.28e+00 Accepted	 194	 619	
411	 4.1565033e-01	 +3.8416548e-03 -7.8592376e-04	 9.24e-01 Rejected	 193	 618	
412	 4.1580036e-01	 -1.1546414e-03 +1.2609582e-03	 9.43e-01 Accepted	 194	 620	
413	 4.1580036e-01	 -1.1546414e-03 +1.2609582e-03	 7.64e-01 Rejected	 194	 619	
414	 4.1580036e-01	 -1.1546414e-03 +1.2609582e-03	 7.21e-01 Rejected	 194	 619	
415	 4.1580036e-01	 -1.1546414e-03 +1.2609582e-03	 6.81e-01 Rejected	 193	 619	
416	 4.1607855e-01	 +5.7322180e-04 +2.3273577e-04	 1.20e+00 Accepted	 194	 619	
417	 4.1566907e-01	 -8.5217504e-04 +1.7434994e-03	 9.06e-01 Accepted	 193	 620	
418	 4.1544657e-01	 -1.1671445e-03 +1.0657831e-03	 9.32e-01 Accepted	 194	 620	
419	 4.1544657e-01	 -1.1671445e-03 +1.0657831e-03	 6.66e-01 Rejected	 192	 619	
420	 4.1554323e-01	 +1.6838174e-03 +1.3137432e-03	 7.84e-01 Accepted	 193	 619	
421	 4.1525956e-01	 +6.8645694e-04 +4.5631430e-04	 8.98e-01 Accepted	 194	 619	
422	 4.1494733e-01	 +3.7141215e-04 -4.1509833e-04	 7.59e-01 Accepted	 193	 619	
423	 4.1498905e-01	 -6.0414563e-04 -9.6570492e-04	 1.06e+00 Accepted	 193	 618	
424	 4.1498905e-01	 -6.0414563e-04 -9.6570492e-04	 6.43e-01 Rejected	 194	 619	
425	 4.1484669e-01	 +1.7750400e-03 -8.8149033e-04	 1.23e+00 Accepted	 194	 619	
426	 4.1538892e-01	 -4.9364626e-04 +1.2692421e-03	 1.52e+00 Accepted	 193	 619	
427	 4.1529049e-01	 +3.5651105e-04 +1.2509650e-03	 7.93e-01 Accepted	 193	 619	
428	 4.1511608e-01	 +1.0100832e-03 +7.7219886e-04	 1.01e+00 Accepted	 194	 619	
429	 4.1498718e-01	 +5.6869555e-04 -1.0708422e-03	 1.09e+00 Accepted	 194	 619	
430	 4.1474590e-01	 +2.2983432e-03 +3.2532053e-04	 9.29e-01 Accepted	 193	 619	
431	 4.1508481e-01	 -9.6717954e-04 -2.3502437e-03	 1.40e+00 Accepted	 193	 619	
432	 4.1558003e-01	 -2.7948438e-03 -2.4191937e-03	 1.44e+00 Accepted	 193	 619	
433	 4.1507515e-01	 +2.9440087e-04 +2.9169061e-03	 5.96e-01 Accepted	 192	 619	
434	 4.1532755e-01	 +1.6429337e-03 +4.1348636e-03	 1.58e+00 Accepted	 193	 619	
435	 4.1550735e-01	 +2.1125509e-03 +1.0797987e-03	 1.09e+00 Accepted	 193	 619	
436	 4.1559965e-01	 +6.5561950e-04 +2.0666329e-03	 1.03e+00 Accepted	 193	 619	
437	 4.1581668e-01	 +6.5231025e-04 -1.1406278e-03	 7.50e-01 Accepted	 192	 619	
438	 4.1564787e-01	 +1.7987405e-04 -5.7147992e-04	 1.15e+00 Accepted	 193	 619	
439	 4.1574565e-01	 -8.6441422e-04 -3.4250836e-04	 1.10e+00 Accepted	 193	 619	
440	 4.1586884e-01	 +1.3580254e-03 -1.5945422e-03	 1.12e+00 Accepted	 193	 619	
441	 4.1625398e-01	 +2.6804961e-03 +7.4250139e-04	 1.04e+00 Accepted	 193	 619	
442	 4.1624212e-01	 -7.0605610e-04 +1.6730700e-03	 1.38e+00 Accepted	 192	 619	
443	 4.1578519e-01	 +2.2326590e-03 -1.9844468e-03	 7.16e-01 Accepted	 193	 619	
444	 4.1621705e-01	 -2.7889101e-03 -1.2994769e-03	 9.80e-01 Accepted	 192	 619	
445	 4.1595297e-01	 -8.4534824e-04 -6.8013974e-04	 7.88e-01 Accepted	 193	 620	
446	 4.1585027e-01	 -2.9421305e-04 +6.5433530e-04	 8.24e-01 Accepted	 194	 619	
447	 4.1611932e-01	 -6.0210682e-04 +5.4341994e-04	 8.54e-01 Accepted	 192	 619	
448	 4.1629861e-01	 +6.6860396e-04 -8.6084822e-04	 9.41e-01 Accepted	 193	 619	
449	 4.1627007e-01	 +2.2837469e-03 +1.4875186e-03	 9.71e-01 Accepted	 194	 618	
450	 4.1617166e-01	 +8.5233574e-04 +2.4348022e-03	 8.35e-01 Accepted	 192	 619	
451	 4.1600348e-01	 +3.6225557e-05 +2.4904892e-04	 1.26e+00 Accepted	 193	 619	
# Starting_type: CheckpointStart
# Trajectory_length / Number_of_MD_steps: 1 / 8
# 	 Plaquette	 Polyakov_Loop(re,im)	 Acc._Probability	 runtime_per_traj(s)	 CG_iterations	
451	 4.1600348e-01	 +3.6225557e-05 +2.4904892e-04	 1.26e+00 Skipping	 199	 619	
452	 4.1553269e-01	 -1.7143323e-03 -4.4771659e-04	 6.51e-01 Skipping	 193	 619	
453	 4.1564935e-01	 -1.6888426e-03 +2.1881112e-03	 9.95e-01 Skipping	 192	 619	
454	 4.1545082e-01	 -1.0297668e-03 +8.5789164e-04	 9.33e-01 Skipping	 192	 619	
455	 4.1542187e-01	 +1.4049406e-04 -2.2744796e-03	 5.64e-01 Skipping	 192	 620	
456	 4.1544218e-01	 +1.5807348e-03 +6.8076721e-04	 1.28e+00 Skipping	 193	 619	
457	 4.1547628e-01	 -2.7432011e-03 -8.7977575e-04	 1.73e+00 Skipping	 193	 619	
458	 4.1524822e-01	 +2.8893627e-04 +5.5664727e-04	 1.27e+00 Skipping	 193	 620	
459	 4.1526294e-01	 -4.0851623e-05 +4.3050545e-04	 5.88e-01 Skipping	 194	 619	
460	 4.1517432e-01	 +1.2309167e-03 -2.5347551e-04	 1.94e+00 Skipping	 192	 620	
461	 4.1547690e-01	 +5.6650174e-04 -6.7113120e-04	 1.26e+00 Skipping	 193	 619	
462	 4.1567865e-01	 +2.6586491e-03 +3.0668676e-04	 1.28e+00 Skipping	 192	 619	
463	 4.1597777e-01	 -7.1960193e-04 -1.7657384e-03	 1.37e+00 Skipping	 193	 619	
464	 4.1610146e-01	 +1.2269148e-03 +2.3258432e-03	 1.44e+00 Skipping	 193	 619	
465	 4.1573110e-01	 +6.9490718e-04 +5.5730984e-04	 9.31e-01 Skipping	 192	 619	
466	 4.1616500e-01	 -5.5456821e-04 +1.8957370e-03	 8.43e-01 Skipping	 193	 619	
467	 4.1572971e-01	 +1.7853763e-03 -2.4423955e-03	 6.87e-01 Skipping	 192	 619	
468	 4.1538593e-01	 +1.8617165e-04 -3.3095925e-05	 9.06e-01 Skipping	 193	 619	
469	 4.1497347e-01	 -1.6525916e-03 -2.8200728e-03	 7.41e-01 Skipping	 193	 619	
470	 4.1506240e-01	 +4.8113128e-04 +1.1368901e-03	 9.60e-01 Skipping	 194	 619	
471	 4.1533980e-01	 -1.3207490e-03 -1.0534629e-03	 7.69e-01 Skipping	 193	 619	
472	 4.1511105e-01	 +1.2103177e-03 +2.4965828e-03	 1.22e+00 Skipping	 193	 619	
473	 4.1509008e-01	 +1.9677187e-04 -2.3827735e-03	 1.09e+00 Skipping	 193	 619	
474	 4.1549083e-01	 +1.3355920e-03 -1.6874545e-03	 1.24e+00 Skipping	 193	 619	
475	 4.1542619e-01	 +1.7311251e-04 -4.0075601e-04	 7.93e-01 Skipping	 193	 619	
476	 4.1518469e-01	 -1.2218880e-03 +2.9664831e-04	 8.64e-01 Skipping	 193	 619	
477	 4.1528076e-01	 +1.1642124e-03 +1.2894607e-03	 1.09e+00 Skipping	 192	 619	
478	 4.1551730e-01	 +5.7465854e-05 -1.3031034e-03	 1.33e+00 Skipping	 193	 619	
479	 4.1533211e-01	 +9.2448686e-04 +4.2552483e-04	 1.12e+00 Skipping	 193	 619	
480	 4.1516631e-01	 +6.9047546e-04 +7.4639504e-05	 7.96e-01 Skipping	 193	 619	
481	 4.1487219e-01	 +6.2616660e-04 +1.6219947e-03	 7.07e-01 Skipping	 193	 619	
482	 4.1466690e-01	 +1.1199244e-03 -2.1816906e-03	 6.97e-01 Skipping	 193	 619	
483	 4.1507369e-01	 -3.4230588e-06 -1.7916347e-03	 9.87e-01 Skipping	 193	 619	
484	 4.1462578e-01	 -1.7848518e-03 +2.0608392e-03	 5.09e-01 Skipping	 194	 619	
485	 4.1497919e-01	 +1.0767780e-03 -2.1362371e-04	 9.69e-01 Skipping	 192	 620	
486	 4.1490374e-01	 +2.3922278e-03 -2.9254251e-03	 1.25e+00 Skipping	 194	 619	
487	 4.1547340e-01	 -3.6784196e-04 +1.8401677e-03	 1.10e+00 Skipping	 193	 619	
488	 4.1548929e-01	 +1.3612044e-03 +5.0700152e-04	 6.70e-01 Skipping	 193	 619	
489	 4.1608338e-01	 +5.2666348e-04 +5.8725836e-04	 1.30e+00 Skipping	 192	 619	
490	 4.1600445e-01	 +7.3921655e-04 +5.4546443e-04	 1.58e+00 Skipping	 194	 619	
491	 4.1632001e-01	 +9.0611661e-04 -5.5292865e-03	 9.69e-01 Skipping	 193	 618	
492	 4.1606554e-01	 -9.1256713e-04 +1.0193503e-03	 8.65e-01 Skipping	 194	 618	
493	 4.1620752e-01	 +7.5837171e-04 -1.3707408e-03	 1.12e+00 Skipping	 192	 619	
494	 4.1578929e-01	 +1.0643069e-03 +1.0902442e-03	 7.00e-01 Skipping	 193	 619	
495	 4.1604563e-01	 -8.6473842e-04 -2.6714936e-03	 9.13e-01 Skipping	 192	 619	
496	 4.1611456e-01	 -3.4667245e-03 -4.1511389e-04	 7.78e-01 Skipping	 193	 619	
497	 4.1586618e-01	 -3.2377992e-03 +8.7593213e-04	 8.35e-01 Skipping	 193	 619	
498	 4.1585504e-01	 -9.4191900e-04 -2.0043945e-03	 1.03e+00 Skipping	 194	 619	
499	 4.1593434e-01	 -1.2915554e-05 -5.2365184e-04	 1.86e+00 Skipping	 194	 619	
500	 4.1536701e-01	 +5.3857774e-04 +2.3741825e-03	 8.30e-01 Skipping	 194	 619	
501	 4.1580685e-01	 +1.5977564e-03 -5.1075860e-04	 1.16e+00 Accepted	 193	 619	
502	 4.1575884e-01	 +6.4116965e-04 +2.4788377e-04	 6.46e-01 Accepted	 193	 619	
503	 4.1551410e-01	 +2.2314251e-03 +1.4728394e-03	 5.81e-01 Accepted	 193	 619	
504	 4.1551410e-01	 +2.2314251e-03 +1.4728394e-03	 8.45e-01 Rejected	 193	 619	
505	 4.1530726e-01	 +3.1088611e-03 +6.5075250e-04	 1.21e+00 Accepted	 193	 618	
506	 4.1482122e-01	 -3.6163090e-04 -1.2708881e-04	 7.88e-01 Accepted	 193	 619	
507	 4.1487746e-01	 -8.8496533e-04 +3.3370137e-04	 1.06e+00 Accepted	 194	 620	
508	 4.1486734e-01	 -1.0691230e-03 +2.6808331e-03	 6.06e-01 Accepted	 194	 619	
509	 4.1460122e-01	 +5.7601014e-04 -8.5671438e-05	 7.63e-01 Accepted	 194	 619	
510	 4.1460122e-01	 +5.7601014e-04 -8.5671438e-05	 5.63e-01 Rejected	 193	 620	
511	 4.1483138e-01	 +1.7028764e-03 -7.0151052e-04	 1.02e+00 Accepted	 193	 619	
512	 4.1495184e-01	 -2.9324799e-03 -1.7488462e-03	 1.08e+00 Accepted	 192	 619	
513	 4.1481817e-01	 +7.7813818e-04 -1.8838221e-04	 1.29e+00 Accepted	 193	 620	
514	 4.1509316e-01	 +9.1875680e-04 -1.2165425e-03	 9.51e-01 Accepted	 193	 620	
515	 4.1511528e-01	 -7.1629775e-04 -2.6935929e-04	 8.77e-01 Accepted	 193	 619	
516	 4.1516046e-01	 -3.5478095e-03 +6.7021097e-04	 8.55e-01 Accepted	 194	 619	
517	 4.1576515e-01	 -1.1995261e-03 -1.4779221e-03	 9.13e-01 Accepted	 193	 619	
518	 4.1529058e-01	 -1.1222935e-03 +2.6136956e-04	 1.16e+00 Accepted	 194	 620	
519	 4.1512353e-01	 +6.2966663e-04 +1.1867757e-03	 1.24e+00 Accepted	 192	 619	
520	 4.1530232e-01	 +1.6020805e-04 +4.1143440e-04	 8.12e-01 Accepted	 193	 619	
521	 4.1502049e-01	 +1.3376656e-03 -1.6072693e-05	 1.69e+00 Accepted	 193	 619	
522	 4.1502049e-01	 +1.3376656e-03 -1.6072693e-05	 8.17e-01 Rejected	 194	 619	
523	 4.1538140e-01	 -1.9143429e-03 -1.7622381e-04	 9.75e-01 Accepted	 194	 619	
524	 4.1528586e-01	 +1.8854523e-04 -7.1739933e-04	 8.28e-01 Accepted	 193	 619	
525	 4.1557576e-01	 +2.0107146e-03 +2.3790197e-04	 1.11e+00 Accepted	 194	 619	
526	 4.1582828e-01	 -1.7612249e-03 -4.1934572e-04	 1.20e+00 Accepted	 194	 620	
527	 4.1582828e-01	 -1.7612249e-03 -4.1934572e-04	 5.60e-01 Rejected	 194	 619	
528	 4.1551074e-01	 -2.2462190e-03 -1.4972121e-04	 7.96e-01 Accepted	 193	 619	
529	 4.1542334e-01	 -1.4304893e-03 +9.3035077e-04	 9.13e-01 Accepted	 192	 619	
530	 4.1536890e-01	 +8.1940627e-05 +8.5182016e-04	 8.88e-01 Accepted	 193	 619	
531	 4.1527022e-01	 -4.2171926e-04 +1.9633669e-03	 1.26e+00 Accepted	 193	 619	
532	 4.1520061e-01	 -2.8826149e-03 +2.3130142e-04	 9.57e-01 Accepted	 193	 619	
533	 4.1510362e-01	 +1.4164114e-03 +1.3942511e-04	 8.09e-01 Accepted	 193	 619	
534	 4.1479369e-01	 +3.3006608e-03 +8.8690703e-04	 6.75e-01 Accepted	 194	 619	
535	 4.1462876e-01	 +2.9397712e-04 +6.8433050e-04	 8.72e-01 Accepted	 194	 620	
536	 4.1497882e-01	 -1.7228255e-03 +1.2299366e-03	 9.68e-01 Accepted	 193	 619	
537	 4.1523586e-01	 +3.2791343e-04 -1.7531824e-03	 1.26e+00 Accepted	 194	 619	
538	 4.1529407e-01	 -3.6927010e-04 +3.0737862e-03	 8.97e-01 Accepted	 194	 619	
539	 4.1502384e-01	 +1.7144482e-03 -1.1590432e-03	 9.95e-01 Accepted	 194	 620	
540	 4.1491700e-01	 +1.0970979e-03 +1.0583231e-04	 7.91e-01 Accepted	 193	 619	
541	 4.1536927e-01	 -3.7673435e-04 +3.0674270e-03	 1.03e+00 Accepted	 193	 619	
542	 4.1519939e-01	 +1.3321252e-03 -7.1466474e-04	 9.29e-01 Accepted	 193	 619	
543	 4.1548482e-01	 +2.1369756e-03 +2.8727397e-04	 1.29e+00 Accepted	 193	 619	
544	 4.1546933e-01	 +6.6535766e-04 -7.1224371e-04	 6.64e-01 Accepted	 193	 619	
545	 4.1528560e-01	 +2.4590609e-04 -1.3816761e-03	 7.40e-01 Accepted	 193	 619	
546	 4.1509196e-01	 -6.7328393e-04 -2.0212392e-04	 7.50e-01 Accepted	 194	 619	
547	 4.1552621e-01	 -1.6736258e-04 +1.2541896e-03	 1.07e+00 Accepted	 193	 619	
548	 4.1587852e-01	 -6.3282613e-04 -6.6261323e-04	 9.17e-01 Accepted	 194	 619	
549	 4.1585116e-01	 -1.0466672e-04 -2.8222006e-03	 7.91e-01 Accepted	 192	 619	
550	 4.1565605e-01	 +1.7845201e-04 -2.7978530e-05	 7.95e-01 Accepted	 192	 619	
551	 4.1569672e-01	 +7.0855637e-04 -2.8677463e-03	 9.37e-01 Accepted	 193	 619	
552	 4.1577422e-01	 -2.7057672e-04 -7.0423452e-05	 1.21e+00 Accepted	 192	 619	
553	 4.1580474e-01	 +1.0087509e-03 -4.4728320e-04	 7.74e-01 Accepted	 193	 619	
554	 4.1542812e-01	 +1.5260534e-03 +1.6826783e-03	 8.98e-01 Accepted	 193	 619	
555	 4.1588798e-01	 +7.8356338e-04 -3.7622271e-04	 1.21e+00 Accepted	 193	 619	
556	 4.1588798e-01	 +7.8356338e-04 -3.7622271e-04	 6.35e-01 Rejected	 193	 619	
557	 4.1570789e-01	 -1.8364097e-03 -1.0418731e-03	 8.63e-01 Accepted	 193	 619	
558	 4.1578549e-01	 -9.1204339e-05 +2.5252143e-03	 8.98e-01 Accepted	 195	 618	
559	 4.1550598e-01	 -1.4768915e-03 -3.3152721e-04	 1.33e+00 Accepted	 193	 619	
560	 4.1539252e-01	 -1.3152794e-03 +1.6402471e-03	 9.78e-01 Accepted	 194	 620	
561	 4.1519995e-01	 -4.8643994e-04 +1.4202089e-04	 7.36e-01 Accepted	 194	 619	
562	 4.1519995e-01	 -4.8643994e-04 +1.4202089e-04	 7.97e-01 Rejected	 193	 619	
563	 4.1519791e-01	 -3.8878790e-04 -1.7819130e-03	 9.42e-01 Accepted	 194	 620	
564	 4.1559197e-01	 +1.3807536e-03 -8.2496091e-04	 9.25e-01 Accepted	 193	 620	
565	 4.1541859e-01	 -2.9340517e-05 -3.7408814e-04	 9.31e-01 Accepted	 193	 619	
566	 4.1493414e-01	 -1.2639673e-03 +4.2058090e-04	 9.68e-01 Accepted	 193	 619	
567	 4.1539658e-01	 -2.7413907e-03 -5.1263879e-04	 1.07e+00 Accepted	 193	 619	
568	 4.1505151e-01	 +2.8427643e-03 +2.3318053e-03	 1.09e+00 Accepted	 192	 620	
569	 4.1558005e-01	 -4.4188020e-04 +5.0583989e-04	 8.04e-01 Accepted	 193	 619	
570	 4.1549026e-01	 +2.5275073e-03 +9.2594980e-04	 9.90e-01 Accepted	 193	 619	
571	 4.1558747e-01	 +1.5261714e-04 +4.4305073e-04	 7.67e-01 Accepted	 193	 619	
572	 4.1586039e-01	 -1.7979125e-03 -6.5820541e-04	 1.17e+00 Accepted	 193	 619	
573	 4.1591999e-01	 -2.5801598e-03 -1.6718503e-03	 1.21e+00 Accepted	 194	 619	
574	 4.1551544e-01	 -7.2006354e-05 -2.0176758e-04	 1.02e+00 Accepted	 193	 619	
575	 4.1546949e-01	 -4.4665396e-05 +2.2961665e-04	 8.44e-01 Accepted	 193	 620	
576	 4.1560389e-01	 +6.7602884e-04 -3.5600646e-04	 1.19e+00 Accepted	 193	 619	
577	 4.1560389e-01	 +6.7602884e-04 -3.5600646e-04	 8.76e-01 Rejected	 193	 619	
578	 4.1532727e-01	 +3.8439971e-04 -8.1670939e-04	 9.07e-01 Accepted	 193	 619	
579	 4.1518327e-01	 +1.4149968e-03 +1.8146958e-04	 1.23e+00 Accepted	 193	 619	
580	 4.1518019e-01	 -5.1270867e-04 +1.7082000e-03	 1.15e+00 Accepted	 193	 619	
581	 4.1563650e-01	 +5.7069076e-04 -1.2960575e-03	 1.42e+00 Accepted	 193	 619	
582	 4.1580267e-01	 +1.1313189e-03 +7.5259848e-04	 1.14e+00 Accepted	 193	 619	
583	 4.1546560e-01	 +1.1832177e-03 -1.9976050e-03	 1.14e+00 Accepted	 194	 619	
584	 4.1540678e-01	 +2.3607205e-03 -1.2403834e-03	 8.61e-01 Accepted	 194	 619	
585	 4.1569435e-01	 +2.0763138e-03 +2.0041857e-03	 1.14e+00 Accepted	 193	 619	
586	 4.1544825e-01	 -1.4386648e-04 +2.8567747e-03	 7.87e-01 Accepted	 193	 619	
587	 4.1538545e-01	 +1.2715298e-03 +1.7796433e-03	 9.14e-01 Accepted	 193	 620	
588	 4.1516961e-01	 -2.3116147e-03 -1.2697453e-03	 9.61e-01 Accepted	 193	 619	
589	 4.1515371e-01	 -1.6760837e-04 -2.1915353e-03	 1.04e+00 Accepted	 192	 620	
590	 4.1554428e-01	 +7.4565018e-05 +2.2108654e-03	 1.21e+00 Accepted	 193	 619	
591	 4.1578259e-01	 -2.7798389e-03 -7.2270791e-04	 1.20e+00 Accepted	 192	 619	
592	 4.1550632e-01	 -1.0035667e-03 -7.9315609e-04	 8.36e-01 Accepted	 192	 619	
593	 4.1538578e-01	 +2.0615159e-03 -2.2315826e-04	 1.15e+00 Accepted	 193	 620	
594	 4.1544710e-01	 -3.8554497e-04 -3.3550013e-04	 1.20e+00 Accepted	 194	 619	
595	 4.1554134e-01	 -1.9947515e-03 +7.9312434e-04	 8.11e-01 Accepted	 194	 619	
596	 4.1548561e-01	 -1.2498152e-03 +2.3957791e-03	 7.36e-01 Accepted	 194	 619	
597	 4.1566596e-01	 -7.6615618e-05 -2.4620997e-03	 1.03e+00 Accepted	 194	 619	
598	 4.1547885e-01	 +2.2558045e-03 -1.3969882e-03	 1.65e+00 Accepted	 194	 619	
599	 4.1523863e-01	 +2.4281769e-03 +2.1158593e-03	 8.67e-01 Accepted	 193	 620	
600	 4.1458001e-01	 -3.4510175e-03 +1.4186972e-03	 1.50e+00 Accepted	 194	 619	
601	 4.1466954e-01	 +4.5534459e-04 +1.7685550e-03	 1.07e+00 Accepted	 193	 620	
602	 4.1500696e-01	 +3.6984678e-03 -1.3538575e-03	 1.04e+00 Accepted	 193	 619	
603	 4.1500696e-01	 +3.6984678e-03 -1.3538575e-03	 5.91e-01 Rejected	 193	 619	
604	 4.1500696e-01	 +3.6984678e-03 -1.3538575e-03	 8.67e-01 Rejected	 194	 619	
605	 4.1475368e-01	 +1.9646393e-03 -6.6931970e-05	 1.17e+00 Accepted	 193	 619	
606	 4.1510371e-01	 +1.1787570e-04 -2.5637388e-03	 8.85e-01 Accepted	 194	 620	
607	 4.1503730e-01	 +2.2830793e-03 +1.9960384e-04	 9.09e-01 Accepted	 192	 619	
608	 4.1574471e-01	 -2.9251985e-03 -8.3672589e-05	 1.54e+00 Accepted	 194	 619	
609	 4.1571574e-01	 -1.3036803e-03 -1.1227454e-03	 7.81e-01 Accepted	 193	 619	
610	 4.1559173e-01	 +1.2411476e-03 -1.1334747e-03	 7.93e-01 Accepted	 192	 619	
611	 4.1555440e-01	 -1.7665023e-03 +1.1346761e-03	 8.50e-01 Accepted	 192	 619	
612	 4.1555440e-01	 -1.7665023e-03 +1.1346761e-03	 5.50e-01 Rejected	 193	 619	
613	 4.1555440e-01	 -1.7665023e-03 +1.1346761e-03	 8.48e-01 Rejected	 193	 619	
614	 4.1551232e-01	 -5.6566780e-05 -3.0904684e-04	 9.45e-01 Accepted	 194	 619	
615	 4.1513539e-01	 +2.2253673e-03 -2.4948752e-03	 9.06e-01 Accepted	 194	 619	
616	 4.1484908e-01	 +9.9357931e-05 -9.2933195e-04	 8.62e-01 Accepted	 193	 619	
617	 4.1478972e-01	 -1.5445433e-03 -9.1387554e-04	 1.24e+00 Accepted	 194	 618	
618	 4.1475420e-01	 -7.8186364e-04 -1.0990502e-03	 1.36e+00 Accepted	 193	 619	
619	 4.1468918e-01	 -1.4624300e-03 +1.0147083e-03	 1.42e+00 Accepted	 192	 619	
620	 4.1468918e-01	 -1.4624300e-03 +1.0147083e-03	 8.62e-01 Rejected	 194	 620	
621	 4.1441420e-01	 -5.8240505e-04 +4.4048814e-05	 7.53e-01 Accepted	 194	 619	
622	 4.1451607e-01	 +1.3643032e-03 -1.9352742e-03	 1.32e+00 Accepted	 192	 619	
623	 4.1451607e-01	 +1.3643032e-03 -1.9352742e-03	 8.08e-01 Rejected	 193	 619	
624	 4.1459930e-01	 +1.4623355e-03 -1.5573736e-04	 9.48e-01 Accepted	 193	 619	
625	 4.1468350e-01	 +2.9407670e-03 -2.5040407e-03	 1.44e+00 Accepted	 194	 620	
626	 4.1513831e-01	 +4.8164050e-04 -1.2037956e-03	 1.12e+00 Accepted	 193	 619	
627	 4.1496994e-01	 -4.3407482e-04 -5.7132456e-04	 6.39e-01 Accepted	 194	 619	
628	 4.1440104e-01	 -1.1139662e-03 +2.4911610e-04	 9.54e-01 Accepted	 194	 620	
629	 4.1466102e-01	 -1.6831479e-03 +1.0832209e-03	 9.35e-01 Accepted	 193	 619	
630	 4.1543012e-01	 +1.2199080e-03 +2.8148290e-04	 1.38e+00 Accepted	 193	 620	
631	 4.1543012e-01	 +1.2199080e-03 +2.8148290e-04	 6.34e-01 Rejected	 193	 619	
632	 4.1576936e-01	 +2.1018087e-03 -1.4536894e-04	 1.11e+00 Accepted	 194	 619	
633	 4.1544742e-01	 -1.2000103e-03 +1.0516687e-03	 8.29e-01 Accepted	 193	 619	
634	 4.1495164e-01	 +1.8530688e-03 +3.5038684e-04	 1.03e+00 Accepted	 192	 619	
635	 4.1499469e-01	 -2.5941785e-03 +1.3712158e-04	 8.68e-01 Accepted	 193	 619	
636	 4.1491368e-01	 -1.9365336e-03 -3.4453113e-04	 8.95e-01 Accepted	 194	 620	
637	 4.1493869e-01	 +2.9601802e-03 -3.3068052e-04	 1.11e+00 Accepted	 192	 619	
638	 4.1489029e-01	 +2.0458175e-03 +4.7417042e-04	 9.26e-01 Accepted	 193	 619	
639	 4.1495929e-01	 -2.8397927e-03 +5.9357927e-04	 1.06e+00 Accepted	 193	 620	
640	 4.1457334e-01	 +3.6098763e-04 -1.4229134e-03	 1.10e+00 Accepted	 193	 619	
641	 4.1508277e-01	 -9.5560774e-04 +1.6216932e-03	 8.58e-01 Accepted	 192	 619	
642	 4.1545128e-01	 -1.3924713e-03 +4.8574114e-04	 1.09e+00 Accepted	 194	 619	
643	 4.1534065e-01	 +4.5993156e-04 +3.5940304e-03	 6.92e-01 Accepted	 192	 619	
644	 4.1517068e-01	 -1.3717284e-04 -2.1670592e-03	 8.75e-01 Accepted	 193	 619	
645	 4.1517068e-01	 -1.3717284e-04 -2.1670592e-03	 9.49e-01 Rejected	 192	 619	
646	 4.1537612e-01	 +2.3475697e-03 -1.2107123e-03	 1.21e+00 Accepted	 194	 619	
647	 4.1531286e-01	 +1.2981872e-03 -8.5371617e-04	 1.24e+00 Accepted	 194	 619	
648	 4.1513312e-01	 +1.4934843e-03 -1.6651716e-03	 1.03e+00 Accepted	 193	 619	
649	 4.1528497e-01	 +1.2044544e-03 -8.4560242e-04	 1.01e+00 Accepted	 193	 619	
650	 4.1488702e-01	 -1.4531769e-03 +2.1075016e-03	 1.16e+00 Accepted	 194	 619	
651	 4.1456273e-01	 -2.4866513e-05 -1.4620035e-03	 8.31e-01 Accepted	 193	 620	
652	 4.1460684e-01	 -9.6300731e-04 +1.1716979e-04	 1.05e+00 Accepted	 193	 619	
653	 4.1484491e-01	 -8.0598138e-04 +1.4848390e-03	 1.25e+00 Accepted	 193	 620	
654	 4.1516181e-01	 +6.9827999e-04 -2.5712027e-03	 9.10e-01 Accepted	 194	 619	
655	 4.1517981e-01	 +1.4282806e-03 +1.6297243e-03	 9.96e-01 Accepted	 194	 620	
656	 4.1533645e-01	 +3.7704088e-04 +2.3775420e-03	 9.81e-01 Accepted	 193	 619	
657	 4.1541917e-01	 +3.8910369e-03 +4.8852414e-04	 9.74e-01 Accepted	 194	 619	
658	 4.1597605e-01	 -2.8312048e-03 +8.3777588e-04	 1.62e+00 Accepted	 194	 619	
659	 4.1633007e-01	 -5.7134486e-04 +5.6129047e-04	 8.74e-01 Accepted	 193	 619	
660	 4.1653821e-01	 -5.7347493e-04 -2.6559959e-04	 7.42e-01 Accepted	 194	 619	
661	 4.1644472e-01	 -1.8732657e-04 -1.0600766e-03	 1.13e+00 Accepted	 194	 618	
662	 4.1643479e-01	 -9.3382470e-04 -1.8497189e-04	 1.25e+00 Accepted	 193	 619	
663	 4.1633885e-01	 +4.6947058e-04 +5.1061721e-04	 1.04e+00 Accepted	 193	 618	
664	 4.1624129e-01	 +4.5952265e-04 -2.0464922e-03	 7.32e-01 Accepted	 193	 618	
665	 4.1630139e-01	 +2.6437579e-03 +8.3416865e-04	 9.62e-01 Accepted	 194	 619	
666	 4.1630139e-01	 +2.6437579e-03 +8.3416865e-04	 7.42e-01 Rejected	 193	 619	
667	 4.1588301e-01	 +3.9398913e-03 +1.8331409e-03	 8.22e-01 Accepted	 193	 619	
668	 4.1533891e-01	 -6.1837165e-05 -2.0313889e-04	 9.30e-01 Accepted	 193	 619	
669	 4.1553884e-01	 -1.1476756e-03 +5.8702692e-04	 8.37e-01 Accepted	 194	 619	
670	 4.1565102e-01	 +1.9090413e-03 -1.1670401e-03	 8.57e-01 Accepted	 193	 619	
671	 4.1566134e-01	 -2.0171134e-03 +2.3266090e-03	 1.33e+00 Accepted	 193	 619	
672	 4.1598713e-01	 +3.1638858e-04 +2.2281938e-03	 1.65e+00 Accepted	 192	 619	
673	 4.1598713e-01	 +3.1638858e-04 +2.2281938e-03	 5.60e-01 Rejected	 193	 619	
# Starting_type: CheckpointStart
# Trajectory_length / Number_of_MD_steps: 1 / 8
# 	 Plaquette	 Polyakov_Loop(re,im)	 Acc._Probability	 runtime_per_traj(s)	 CG_iterations	
673	 4.1569614e-01	 +3.2737037e-04 -8.6412189e-04	 5.60e-01 Skipping	 198	 619	
674	 4.1549635e-01	 +2.2051573e-03 -1.3394979e-03	 1.67e+00 Skipping	 194	 619	
675	 4.1527910e-01	 -1.2040389e-03 -1.0308662e-03	 5.53e-01 Skipping	 193	 619	
676	 4.1556005e-01	 -2.5191180e-03 +8.5290139e-05	 1.05e+00 Skipping	 193	 619	
677	 4.1527511e-01	 -9.2066518e-04 -3.6763248e-04	 9.46e-01 Skipping	 193	 619	
678	 4.1521564e-01	 -1.6441399e-03 -7.0888458e-04	 1.31e+00 Skipping	 193	 619	
679	 4.1520658e-01	 +2.6307737e-04 +5.6443914e-04	 1.39e+00 Skipping	 194	 619	
680	 4.1527607e-01	 +1.9167615e-03 +3.0232688e-03	 6.56e-01 Skipping	 194	 619	
681	 4.1521619e-01	 +9.7850246e-04 +2.6060056e-03	 1.24e+00 Skipping	 194	 619	
682	 4.1471432e-01	 -6.1232371e-04 +6.3465040e-04	 1.06e+00 Skipping	 194	 619	
683	 4.1451164e-01	 +3.6453636e-04 +1.9083731e-03	 6.17e-01 Skipping	 193	 619	
684	 4.1451870e-01	 -7.5955180e-05 -2.0190289e-03	 6.74e-01 Skipping	 194	 620	
685	 4.1461391e-01	 +1.3093384e-03 +3.1012811e-03	 1.37e+00 Skipping	 193	 620	
686	 4.1481136e-01	 +3.4256500e-03 -1.9560748e-04	 1.23e+00 Skipping	 195	 619	
687	 4.1508910e-01	 +1.5122120e-03 +3.1765425e-04	 1.37e+00 Skipping	 194	 619	
688	 4.1496251e-01	 -1.3932097e-04 -2.8404565e-03	 7.03e-01 Skipping	 194	 620	
689	 4.1509710e-01	 +3.6470134e-03 -2.6226353e-03	 8.62e-01 Skipping	 193	 619	
690	 4.1501476e-01	 +3.5035080e-03 +7.6071833e-04	 7.23e-01 Skipping	 194	 619	
691	 4.1521308e-01	 +2.9569920e-03 -1.8771865e-03	 1.03e+00 Skipping	 193	 619	
692	 4.1493373e-01	 -2.1615647e-03 +2.0604898e-03	 7.78e-01 Skipping	 193	 620	
693	 4.1497786e-01	 +5.0850095e-04 -4.6039830e-04	 8.46e-01 Skipping	 194	 619	
694	 4.1522453e-01	 +1.7136673e-03 -6.0153338e-04	 1.33e+00 Skipping	 193	 619	
695	 4.1567530e-01	 -5.8918645e-04 -6.1420500e-04	 1.35e+00 Skipping	 192	 619	
696	 4.1564890e-01	 +1.4347755e-03 -3.5592894e-04	 9.71e-01 Skipping	 193	 619	
697	 4.1494448e-01	 +3.2827703e-03 -2.3634355e-03	 8.37e-01 Skipping	 193	 619	
698	 4.1524953e-01	 -1.7134313e-03 +4.1974772e-04	 9.68e-01 Skipping	 193	 619	
699	 4.1604315e-01	 +1.7355215e-04 -1.4600220e-03	 8.25e-01 Skipping	 193	 619	
700	 4.1588630e-01	 -7.5099943e-04 -8.6885869e-04	 9.37e-01 Skipping	 194	 619	
701	 4.1579085e-01	 +6.7954140e-04 -1.7064187e-03	 6.46e-01 Skipping	 193	 618	
702	 4.1530300e-01	 -2.5038350e-03 +1.1822447e-03	 6.75e-01 Skipping	 194	 619	
703	 4.1519114e-01	 +7.6317727e-05 -4.2124450e-03	 9.93e-01 Skipping	 194	 619	
704	 4.1556126e-01	 +1.5243718e-03 +2.1595715e-03	 1.43e+00 Skipping	 193	 619	
705	 4.1503996e-01	 +2.5049752e-03 -8.7643179e-04	 6.32e-01 Skipping	 193	 619	
706	 4.1509450e-01	 +2.2616970e-03 +1.2393620e-03	 1.05e+00 Skipping	 194	 620	
707	 4.1520170e-01	 +1.8739310e-03 -1.2742955e-03	 1.42e+00 Skipping	 193	 619	
708	 4.1539734e-01	 +5.8656294e-04 -3.0174859e-04	 1.19e+00 Skipping	 193	 619	
709	 4.1556565e-01	 +6.8164092e-04 +2.7292381e-04	 1.02e+00 Skipping	 194	 619	
710	 4.1515942e-01	 -2.8550977e-03 +3.5347096e-03	 7.39e-01 Skipping	 193	 619	
711	 4.1556102e-01	 +1.1069935e-04 -2.9565711e-03	 1.27e+00 Skipping	 193	 619	
712	 4.1564340e-01	 -1.5247370e-03 +3.3272802e-03	 9.32e-01 Skipping	 194	 619	
713	 4.1575762e-01	 +1.2841263e-03 +1.2688038e-03	 6.65e-01 Skipping	 194	 619	
714	 4.1541928e-01	 +1.0097282e-03 -1.3574251e-03	 8.36e-01 Skipping	 194	 619	
715	 4.1546782e-01	 -1.6516500e-03 -1.8431094e-04	 1.10e+00 Skipping	 193	 619	
716	 4.1580537e-01	 +1.6389447e-03 +3.9377609e-05	 6.91e-01 Skipping	 193	 619	
717	 4.1567718e-01	 +2.0003900e-03 +1.5987122e-03	 8.75e-01 Skipping	 193	 619	
718	 4.1585266e-01	 +4.6920405e-04 +6.5134344e-05	 1.09e+00 Skipping	 194	 619	
719	 4.1602755e-01	 +3.6302048e-04 -1.8480462e-03	 1.20e+00 Skipping	 193	 618	
720	 4.1567081e-01	 +1.3240917e-03 +2.5769571e-05	 8.79e-01 Skipping	 194	 618	
721	 4.1517599e-01	 +8.0792408e-04 +1.2345243e-03	 5.84e-01 Skipping	 193	 619	
722	 4.1552137e-01	 -1.1355563e-03 +3.0520358e-04	 1.18e+00 Skipping	 194	 619	
723	 4.1552137e-01	 -1.1355563e-03 +3.0520358e-04	 9.45e-01 Rejected	 194	 619	
724	 4.1536449e-01	 +4.8436089e-04 +1.1378644e-03	 8.99e-01 Accepted	 194	 619	
725	 4.1492790e-01	 +1.7097473e-03 +8.6403442e-04	 6.80e-01 Accepted	 193	 619	
726	 4.1503187e-01	 +2.0648298e-03 -2.0543251e-03	 1.25e+00 Accepted	 194	 619	
727	 4.1514424e-01	 +2.3706096e-03 -3.5950766e-04	 1.15e+00 Accepted	 194	 619	
728	 4.1597459e-01	 +1.0336022e-03 +1.4205828e-03	 1.40e+00 Accepted	 194	 619	
729	 4.1597459e-01	 +1.0336022e-03 +1.4205828e-03	 7.63e-01 Rejected	 194	 619	
730	 4.1595589e-01	 -3.1698827e-04 -7.0499582e-04	 1.08e+00 Accepted	 194	 619	
731	 4.1560105e-01	 -1.1365315e-03 -5.8872993e-05	 8.92e-01 Accepted	 192	 620	
732	 4.1560105e-01	 -1.1365315e-03 -5.8872993e-05	 6.51e-01 Rejected	 194	 618	
733	 4.1560105e-01	 -1.1365315e-03 -5.8872993e-05	 8.03e-01 Rejected	 194	 619	
734	 4.1547106e-01	 -4.6899997e-04 +7.5851289e-04	 9.12e-01 Accepted	 193	 619	
735	 4.1531036e-01	 -6.4618111e-04 +2.2263497e-03	 8.62e-01 Accepted	 193	 619	
736	 4.1536762e-01	 -7.9436906e-04 +9.3022254e-04	 1.23e+00 Accepted	 194	 619	
737	 4.1569150e-01	 +2.0529431e-03 -2.6802666e-03	 6.56e-01 Accepted	 193	 619	
738	 4.1529223e-01	 -8.4118211e-04 +1.3210981e-03	 1.03e+00 Accepted	 194	 618	
739	 4.1571399e-01	 -5.6837720e-04 +5.8170629e-04	 1.26e+00 Accepted	 194	 619	
740	 4.1563155e-01	 -4.1152710e-04 -2.3367366e-03	 9.66e-01 Accepted	 194	 619	
741	 4.1557337e-01	 +4.4043487e-05 +2.7566759e-03	 6.86e-01 Accepted	 193	 619	
742	 4.1520390e-01	 +8.2324333e-04 +1.5437135e-03	 1.23e+00 Accepted	 194	 619	
743	 4.1514731e-01	 +1.4528738e-03 +1.0453297e-03	 6.13e-01 Accepted	 194	 620	
744	 4.1529008e-01	 -3.7244951e-03 -1.0683426e-03	 8.72e-01 Accepted	 194	 619	
745	 4.1529008e-01	 -3.7244951e-03 -1.0683426e-03	 9.76e-01 Rejected	 193	 619	
746	 4.1545212e-01	 -7.4101569e-04 +3.6442376e-04	 8.69e-01 Accepted	 193	 619	
747	 4.1543558e-01	 -1.3117364e-03 +7.3882839e-04	 1.10e+00 Accepted	 194	 619	
748	 4.1486502e-01	 +3.5893302e-04 +1.0484272e-03	 6.93e-01 Accepted	 194	 619	
749	 4.1486502e-01	 +3.5893302e-04 +1.0484272e-03	 9.05e-01 Rejected	 195	 619	
750	 4.1508518e-01	 +1.2472405e-03 -1.2558105e-03	 1.46e+00 Accepted	 194	 619	
751	 4.1522025e-01	 +1.6459036e-04 +5.4255751e-04	 1.06e+00 Accepted	 194	 619	
752	 4.1483082e-01	 +1.3921611e-03 +3.3787392e-04	 1.12e+00 Accepted	 194	 619	
753	 4.1492795e-01	 +1.2297733e-03 -3.7817722e-04	 1.31e+00 Accepted	 193	 619	
754	 4.1492795e-01	 +1.2297733e-03 -3.7817722e-04	 7.47e-01 Rejected	 194	 619	
755	 4.1504164e-01	 +2.6339227e-04 +1.5612018e-04	 8.80e-01 Accepted	 194	 619	
756	 4.1498769e-01	 -6.7620401e-04 +1.1250744e-04	 7.40e-01 Accepted	 194	 619	
757	 4.1508924e-01	 -4.1308855e-03 -9.7856255e-04	 1.11e+00 Accepted	 193	 619	
758	 4.1511299e-01	 +2.1452454e-03 -1.1319618e-03	 9.35e-01 Accepted	 193	 619	
759	 4.1564974e-01	 -2.4872981e-03 +7.8633294e-04	 1.05e+00 Accepted	 193	 619	
760	 4.1559303e-01	 +3.5848083e-05 +1.5295395e-03	 6.59e-01 Accepted	 193	 620	
761	 4.1526352e-01	 -2.1547408e-03 -1.5310037e-03	 9.41e-01 Accepted	 194	 619	
762	 4.1537609e-01	 +6.8924835e-04 -3.7226673e-04	 8.94e-01 Accepted	 194	 619	
763	 4.1537609e-01	 +6.8924835e-04 -3.7226673e-04	 7.98e-01 Rejected	 193	 619	
764	 4.1508385e-01	 +1.6581231e-03 +6.8300915e-04	 1.29e+00 Accepted	 194	 619	
765	 4.1508385e-01	 +1.6581231e-03 +6.8300915e-04	 9.24e-01 Rejected	 192	 618	
766	 4.1534167e-01	 +6.9894302e-04 -4.9325242e-04	 1.42e+00 Accepted	 194	 619	
767	 4.1534214e-01	 +7.6553477e-04 +1.8321920e-03	 1.72e+00 Accepted	 194	 619	
768	 4.1490112e-01	 +2.3068390e-03 -1.9219832e-03	 1.14e+00 Accepted	 194	 619	
769	 4.1490563e-01	 +2.1514833e-03 -4.4460126e-04	 1.07e+00 Accepted	 194	 620	
770	 4.1496152e-01	 +1.2021749e-04 +9.5032413e-04	 1.43e+00 Accepted	 194	 620	
771	 4.1506846e-01	 +1.3389242e-03 -1.0365320e-03	 1.18e+00 Accepted	 193	 619	
772	 4.1510341e-01	 +9.9166642e-07 +5.7882883e-04	 1.11e+00 Accepted	 194	 618	
773	 4.1510888e-01	 -1.4237750e-03 +4.3004378e-04	 1.25e+00 Accepted	 194	 619	
774	 4.1511069e-01	 -2.2452843e-04 -1.4977025e-04	 7.71e-01 Accepted	 194	 619	
775	 4.1496198e-01	 +1.8491811e-03 +2.9973988e-03	 6.85e-01 Accepted	 193	 619	
776	 4.1510321e-01	 +1.8438624e-03 +2.0846720e-03	 1.08e+00 Accepted	 194	 620	
777	 4.1496334e-01	 +5.4299892e-04 +1.2082569e-03	 1.12e+00 Accepted	 193	 619	
778	 4.1496334e-01	 +5.4299892e-04 +1.2082569e-03	 9.61e-01 Rejected	 193	 619	
779	 4.1496334e-01	 +5.4299892e-04 +1.2082569e-03	 7.19e-01 Rejected	 194	 619	
780	 4.1486388e-01	 -1.4650655e-03 -8.1337634e-05	 1.02e+00 Accepted	 194	 619	
781	 4.1477921e-01	 -8.1360390e-04 -2.3893228e-03	 8.42e-01 Accepted	 193	 619	
782	 4.1446732e-01	 -7.4149742e-04 -9.6018849e-04	 9.27e-01 Accepted	 193	 619	
783	 4.1474628e-01	 -8.4181814e-04 -9.9832402e-04	 8.06e-01 Accepted	 194	 619	
784	 4.1509261e-01	 -1.5483533e-03 -4.2157964e-04	 1.91e+00 Accepted	 194	 620	
785	 4.1553969e-01	 +6.2883953e-05 -1.5459686e-03	 1.10e+00 Accepted	 193	 619	
786	 4.1554403e-01	 -1.7058560e-03 -9.4482989e-04	 9.09e-01 Accepted	 192	 619	
787	 4.1568675e-01	 +1.5404428e-03 +8.5428333e-04	 1.18e+00 Accepted	 193	 620	
788	 4.1568675e-01	 +1.5404428e-03 +8.5428333e-04	 9.27e-01 Rejected	 193	 619	
789	 4.1557313e-01	 +1.0238036e-03 +9.7015732e-04	 8.02e-01 Accepted	 193	 619	
790	 4.1574782e-01	 -1.2869572e-03 -8.3959333e-04	 1.73e+00 Accepted	 193	 619	
791	 4.1579390e-01	 +2.4228456e-03 -2.7396585e-04	 1.48e+00 Accepted	 194	 619	
792	 4.1575247e-01	 +9.7577357e-04 +7.2998521e-04	 7.44e-01 Accepted	 194	 619	
793	 4.1575247e-01	 +9.7577357e-04 +7.2998521e-04	 6.61e-01 Rejected	 194	 619	
794	 4.1539791e-01	 +3.9199326e-04 -1.7065339e-03	 7.80e-01 Accepted	 193	 619	
795	 4.1576344e-01	 +1.8628540e-03 -3.1756324e-03	 1.58e+00 Accepted	 193	 619	
796	 4.1562051e-01	 +1.7601033e-03 -2.2328744e-03	 8.78e-01 Accepted	 194	 619	
797	 4.1554860e-01	 +3.4385771e-04 +1.0647355e-03	 9.87e-01 Accepted	 193	 619	
798	 4.1561486e-01	 +2.0002828e-03 -4.1202310e-04	 9.16e-01 Accepted	 193	 619	
799	 4.1542093e-01	 -2.8012387e-03 -4.9073422e-04	 6.41e-01 Accepted	 193	 619	
800	 4.1533186e-01	 +7.3625192e-05 +8.9433062e-05	 8.30e-01 Accepted	 193	 619	
801	 4.1524381e-01	 -7.0945135e-04 -1.1165771e-03	 8.65e-01 Accepted	 193	 619	
802	 4.1514399e-01	 -1.1972920e-03 -8.5759121e-04	 1.16e+00 Accepted	 194	 619	
803	 4.1508646e-01	 +2.4601732e-03 -2.0594307e-03	 1.88e+00 Accepted	 193	 618	
804	 4.1549346e-01	 +4.8803727e-04 -2.3649064e-04	 1.38e+00 Accepted	 193	 619	
805	 4.1565713e-01	 +3.0635828e-04 -5.7157865e-05	 1.14e+00 Accepted	 193	 619	
806	 4.1603178e-01	 +7.0280183e-05 -2.2124441e-03	 1.31e+00 Accepted	 193	 619	
807	 4.1591281e-01	 +1.8437056e-03 +1.3542636e-03	 1.05e+00 Accepted	 194	 619	
808	 4.1591281e-01	 +1.8437056e-03 +1.3542636e-03	 6.67e-01 Rejected	 194	 619	
809	 4.1616256e-01	 +5.7923900e-04 +1.1772977e-04	 1.05e+00 Accepted	 193	 619	
810	 4.1616256e-01	 +5.7923900e-04 +1.1772977e-04	 7.07e-01 Rejected	 192	 619	
811	 4.1573361e-01	 +1.6281044e-04 -2.1396457e-03	 7.97e-01 Accepted	 194	 620	
812	 4.1533418e-01	 +2.1215186e-03 -1.3685012e-03	 1.38e+00 Accepted	 193	 619	
813	 4.1533418e-01	 +2.1215186e-03 -1.3685012e-03	 8.27e-01 Rejected	 194	 619	
814	 4.1534892e-01	 -2.0485658e-05 +7.9669403e-06	 1.23e+00 Accepted	 194	 619	
815	 4.1514829e-01	 -2.2411236e-03 +4.8923462e-04	 7.92e-01 Accepted	 194	 619	
816	 4.1539119e-01	 -1.3019204e-03 +1.3337329e-04	 1.46e+00 Accepted	 192	 620	
817	 4.1537137e-01	 +3.2058972e-04 -1.5985691e-03	 9.22e-01 Accepted	 193	 619	
818	 4.1537846e-01	 +1.1216523e-03 -1.5008399e-03	 9.50e-01 Accepted	 193	 619	
819	 4.1537846e-01	 +1.1216523e-03 -1.5008399e-03	 6.01e-01 Rejected	 193	 619	
820	 4.1545792e-01	 +2.5561191e-03 +1.5420589e-03	 9.18e-01 Accepted	 194	 619	
821	 4.1556844e-01	 -1.1273441e-03 +1.6587038e-03	 1.14e+00 Accepted	 193	 618	
822	 4.1508371e-01	 +8.1516671e-04 -1.0704125e-03	 6.72e-01 Accepted	 194	 619	
823	 4.1528571e-01	 -3.9874126e-04 +1.3091671e-03	 1.16e+00 Accepted	 193	 620	
824	 4.1508524e-01	 +1.9960134e-03 +9.6012936e-05	 8.34e-01 Accepted	 192	 619	
825	 4.1517239e-01	 +3.6040539e-04 +2.1339336e-03	 1.36e+00 Accepted	 193	 619	
826	 4.1504925e-01	 -2.8668273e-03 +1.0853103e-03	 8.65e-01 Accepted	 193	 619	
827	 4.1565315e-01	 +9.9573652e-04 +2.5670026e-04	 1.41e+00 Accepted	 193	 619	
828	 4.1558967e-01	 +7.2860329e-06 -6.5313636e-05	 1.07e+00 Accepted	 194	 620	
829	 4.1537617e-01	 -1.7169501e-03 +1.0924472e-03	 6.97e-01 Accepted	 193	 619	
830	 4.1531075e-01	 -1.2837562e-03 +1.6671113e-03	 1.32e+00 Accepted	 194	 619	
831	 4.1520799e-01	 -2.6158226e-03 +5.3326138e-04	 5.70e-01 Accepted	 193	 619	
832	 4.1533616e-01	 +1.5934267e-03 -5.5565591e-05	 1.26e+00 Accepted	 194	 619	
833	 4.1536061e-01	 +7.5648217e-04 -1.7593665e-03	 1.88e+00 Accepted	 194	 619	
834	 4.1543690e-01	 +1.9577241e-03 -3.7092376e-04	 1.32e+00 Accepted	 194	 619	
835	 4.1516906e-01	 +1.9857888e-03 +8.6487705e-04	 1.09e+00 Accepted	 193	 619	
836	 4.1506706e-01	 +7.1186074e-04 -5.0634794e-04	 1.11e+00 Accepted	 193	 619	
837	 4.1500419e-01	 -2.2556505e-03 +2.0504882e-03	 8.04e-01 Accepted	 193	 619	
838	 4.1500419e-01	 -2.2556505e-03 +2.0504882e-03	 8.45e-01 Rejected	 194	 619	
839	 4.1503534e-01	 +7.5800575e-04 +2.4722622e-03	 8.04e-01 Accepted	 194	 619	
840	 4.1469870e-01	 +7.9008698e-04 -2.4507111e-03	 8.16e-01 Accepted	 194	 620	
841	 4.1464913e-01	 +2.9245581e-03 -3.3915756e-03	 1.16e+00 Accepted	 193	 619	
842	 4.1464913e-01	 +2.9245581e-03 -3.3915756e-03	 9.82e-01 Rejected	 194	 619	
843	 4.1450813e-01	 +5.2771994e-04 +1.4201560e-03	 1.10e+00 Accepted	 193	 619	
844	 4.1432725e-01	 +5.3971164e-04 -8.2116750e-04	 1.44e+00 Accepted	 194	 619	
845	 4.1440357e-01	 +2.3713413e-03 +1.4105631e-03	 7.55e-01 Accepted	 193	 620	
846	 4.1418794e-01	 +2.6977973e-03 +1.7355104e-04	 8.93e-01 Accepted	 193	 620	
847	 4.1435011e-01	 +2.7747744e-03 +9.3251003e-04	 9.34e-01 Accepted	 194	 619	
848	 4.1490440e-01	 +2.0465349e-03 -8.1736308e-04	 1.58e+00 Accepted	 194	 619	
849	 4.1464505e-01	 -2.0922699e-03 -3.7075347e-04	 7.73e-01 Accepted	 194	 619	
850	 4.1469566e-01	 +9.9512742e-04 +4.2454072e-04	 9.15e-01 Accepted	 194	 619	
851	 4.1461108e-01	 +8.3844764e-05 -1.5505436e-03	 8.69e-01 Accepted	 194	 619	
852	 4.1437954e-01	 +7.3763364e-04 +1.1499495e-03	 1.20e+00 Accepted	 194	 619	
853	 4.1394487e-01	 -2.4689558e-03 +2.0919541e-03	 7.68e-01 Accepted	 193	 619	
854	 4.1419833e-01	 +1.0328648e-03 -7.0193321e-05	 9.82e-01 Accepted	 193	 619	
855	 4.1472444e-01	 -1.4920321e-03 -2.5029520e-03	 1.10e+00 Accepted	 193	 619	
856	 4.1472444e-01	 -1.4920321e-03 -2.5029520e-03	 7.63e-01 Rejected	 194	 619	
857	 4.1459451e-01	 +1.3516491e-03 -3.1731569e-03	 9.88e-01 Accepted	 192	 620	
858	 4.1517443e-01	 -1.2259026e-03 -1.9662547e-03	 8.02e-01 Accepted	 194	 619	
859	 4.1517443e-01	 -1.2259026e-03 -1.9662547e-03	 9.14e-01 Rejected	 193	 619	
860	 4.1535165e-01	 -6.8619023e-04 -6.5989689e-04	 9.74e-01 Accepted	 193	 619	
861	 4.1536563e-01	 +2.1204441e-04 -9.3192320e-04	 1.15e+00 Accepted	 194	 620	
862	 4.1534525e-01	 +2.1111537e-04 +1.1126564e-03	 1.05e+00 Accepted	 194	 619	
863	 4.1485743e-01	 -6.0230213e-04 -1.3850646e-04	 8.24e-01 Accepted	 193	 619	
864	 4.1486797e-01	 +2.3853301e-03 +1.0357524e-03	 9.03e-01 Accepted	 193	 619	
865	 4.1433636e-01	 +1.2567634e-04 +3.4835362e-04	 8.65e-01 Accepted	 194	 619	
866	 4.1426875e-01	 +9.6662274e-04 -1.9132728e-03	 6.63e-01 Accepted	 194	 619	
867	 4.1463886e-01	 +4.9143623e-05 -1.4479876e-03	 1.17e+00 Accepted	 194	 619	
868	 4.1447217e-01	 +1.5874324e-03 -4.2819662e-04	 6.42e-01 Accepted	 193	 619	
869	 4.1467669e-01	 +4.5109051e-04 +2.6659567e-03	 1.07e+00 Accepted	 192	 619	
870	 4.1422262e-01	 -2.4924399e-03 -9.7059410e-04	 9.21e-01 Accepted	 194	 619	
871	 4.1514815e-01	 +2.3375530e-03 +9.0957595e-04	 1.17e+00 Accepted	 193	 619	
872	 4.1535562e-01	 +6.3627679e-04 -7.0133372e-04	 1.27e+00 Accepted	 194	 619	
873	 4.1569999e-01	 -1.0291814e-03 +1.6185908e-03	 7.49e-01 Accepted	 194	 619	
874	 4.1579024e-01	 -2.9455397e-03 +1.6751205e-03	 8.10e-01 Accepted	 193	 620	
875	 4.1549772e-01	 -1.8574773e-05 -5.8660852e-04	 1.31e+00 Accepted	 194	 619	
876	 4.1568330e-01	 +7.1241247e-04 +2.2366613e-03	 1.36e+00 Accepted	 193	 619	
877	 4.1568330e-01	 +7.1241247e-04 +2.2366613e-03	 8.95e-01 Rejected	 193	 619	
878	 4.1562973e-01	 +1.2865303e-03 +8.9763520e-04	 8.07e-01 Accepted	 193	 620	
879	 4.1539697e-01	 +3.0016519e-04 +2.0656947e-03	 8.30e-01 Accepted	 193	 619	
880	 4.1527827e-01	 +5.9591146e-04 -1.6641739e-03	 1.03e+00 Accepted	 193	 620	
881	 4.1521526e-01	 +1.8708666e-03 -8.2700598e-04	 1.01e+00 Accepted	 194	 619	
882	 4.1514649e-01	 +1.9301181e-03 +1.0628323e-03	 1.09e+00 Accepted	 193	 619	
883	 4.1511947e-01	 +2.0763420e-03 +6.8757572e-04	 1.02e+00 Accepted	 193	 619	
884	 4.1533692e-01	 +2.3542645e-04 +2.4568422e-04	 1.03e+00 Accepted	 194	 619	
885	 4.1517828e-01	 -1.3283182e-03 -1.3279798e-03	 1.05e+00 Accepted	 193	 619	
886	 4.1519262e-01	 -1.1942498e-03 -1.1662456e-04	 1.03e+00 Accepted	 194	 619	
887	 4.1501395e-01	 -7.9645421e-04 +2.2818576e-03	 9.80e-01 Accepted	 194	 620	
888	 4.1496441e-01	 +2.3783810e-03 -8.9810763e-04	 1.21e+00 Accepted	 193	 619	
889	 4.1521151e-01	 +2.5088128e-03 -1.8158379e-03	 8.51e-01 Accepted	 193	 619	
890	 4.1535708e-01	 -2.0643083e-03 +1.9915528e-03	 9.33e-01 Accepted	 193	 619	
891	 4.1545809e-01	 -5.5664485e-04 -6.6263337e-05	 1.30e+00 Accepted	 193	 619	
892	 4.1533553e-01	 +2.6114938e-04 +1.8742003e-03	 1.00e+00 Accepted	 193	 619	
893	 4.1544129e-01	 -1.5478811e-03 +3.3818248e-03	 1.04e+00 Accepted	 194	 619	
894	 4.1493841e-01	 +2.5177951e-04 +1.8513845e-03	 6.93e-01 Accepted	 194	 620	
895	 4.1455252e-01	 +2.2440560e-03 +1.3720187e-03	 8.35e-01 Accepted	 192	 619	
# Starting_type: CheckpointStart
# Trajectory_length / Number_of_MD_steps: 1 / 8
# 	 Plaquette	 Polyakov_Loop(re,im)	 Acc._Probability	 runtime_per_traj(s)	 CG_iterations	
895	 4.1455252e-01	 +2.2440560e-03 +1.3720187e-03	 8.35e-01 Accepted	 202	 619	
896	 4.1445464e-01	 +4.7897210e-04 +2.3349599e-03	 1.59e+00 Accepted	 195	 619	
897	 4.1490521e-01	 +7.9311259e-04 -2.6293483e-03	 1.41e+00 Accepted	 193	 619	
898	 4.1492066e-01	 +1.9837807e-03 -5.2227962e-04	 1.37e+00 Accepted	 193	 619	
899	 4.1506080e-01	 +2.6952484e-03 +4.2804883e-03	 9.95e-01 Accepted	 192	 619	
900	 4.1538810e-01	 -5.3075487e-04 -1.2041396e-03	 1.69e+00 Accepted	 194	 620	
901	 4.1548489e-01	 -5.9746638e-04 -2.1850071e-03	 9.68e-01 Accepted	 193	 619	
902	 4.1530111e-01	 +1.4254738e-03 -1.6548847e-04	 1.13e+00 Accepted	 194	 619	
903	 4.1496435e-01	 +5.4647677e-04 +1.6713657e-03	 7.53e-01 Accepted	 194	 619	
904	 4.1548814e-01	 -1.1525598e-03 +2.2408086e-03	 1.52e+00 Accepted	 193	 619	
905	 4.1533959e-01	 +9.7220268e-04 +1.6804434e-03	 9.15e-01 Accepted	 193	 619	
906	 4.1532860e-01	 -2.1441626e-04 -1.4066767e-03	 7.12e-01 Accepted	 192	 619	
907	 4.1547463e-01	 -1.5343050e-03 +1.7354862e-04	 8.45e-01 Accepted	 193	 619	
908	 4.1582506e-01	 -2.2563315e-03 +1.9118695e-03	 9.38e-01 Accepted	 194	 619	
909	 4.1585667e-01	 +1.8225663e-03 +9.3883820e-04	 6.99e-01 Accepted	 193	 619	
910	 4.1611448e-01	 +1.5458115e-03 -1.7987313e-04	 1.43e+00 Accepted	 194	 619	
911	 4.1594006e-01	 -1.3559666e-03 -9.0049794e-04	 8.58e-01 Accepted	 193	 619	
912	 4.1573285e-01	 +1.4416756e-03 -3.9704955e-04	 9.69e-01 Accepted	 193	 619	
913	 4.1588161e-01	 +2.8597048e-03 -2.4429845e-03	 7.42e-01 Accepted	 193	 619	
914	 4.1563750e-01	 -1.5497821e-05 +1.8640915e-04	 1.02e+00 Accepted	 193	 619	
915	 4.1529163e-01	 -2.7318929e-03 -1.1513661e-03	 7.57e-01 Accepted	 193	 619	
916	 4.1515846e-01	 -2.3204685e-04 +9.6127959e-04	 8.02e-01 Accepted	 193	 619	
917	 4.1515846e-01	 -2.3204685e-04 +9.6127959e-04	 6.51e-01 Rejected	 194	 619	
918	 4.1520086e-01	 -2.0246101e-04 +9.1819446e-04	 8.74e-01 Accepted	 193	 620	
919	 4.1510638e-01	 -2.6776548e-04 +1.5119764e-03	 1.04e+00 Accepted	 193	 620	
920	 4.1491586e-01	 +2.2124506e-03 -2.5438543e-03	 1.75e+00 Accepted	 193	 620	
921	 4.1492132e-01	 +2.5816085e-04 -1.0643105e-03	 1.00e+00 Accepted	 193	 620	
922	 4.1510590e-01	 -2.3194924e-04 +3.0904726e-03	 9.65e-01 Accepted	 193	 619	
923	 4.1496953e-01	 +8.2204144e-04 -1.6301499e-03	 1.20e+00 Accepted	 193	 619	
924	 4.1526961e-01	 +1.1200230e-03 +3.1181555e-04	 1.25e+00 Accepted	 193	 619	
925	 4.1535945e-01	 +2.0907593e-03 -2.0418242e-03	 1.29e+00 Accepted	 194	 619	
926	 4.1564091e-01	 +1.0412626e-03 +1.2999678e-03	 1.70e+00 Accepted	 192	 618	
927	 4.1550842e-01	 +6.1879312e-04 +4.6389468e-04	 7.08e-01 Accepted	 192	 619	
928	 4.1559524e-01	 +1.1449700e-03 +3.1063347e-03	 1.11e+00 Accepted	 193	 619	
929	 4.1577167e-01	 -1.3693946e-03 -5.9017271e-04	 9.15e-01 Accepted	 193	 619	
930	 4.1531476e-01	 -2.6410528e-03 +1.3258460e-03	 9.24e-01 Accepted	 193	 620	
931	 4.1542804e-01	 -2.6531644e-04 +2.2620879e-04	 1.05e+00 Accepted	 194	 619	
932	 4.1542804e-01	 -2.6531644e-04 +2.2620879e-04	 8.65e-01 Rejected	 193	 619	
933	 4.1542804e-01	 -2.6531644e-04 +2.2620879e-04	 7.93e-01 Rejected	 193	 619	
934	 4.1558665e-01	 -2.6359239e-03 +3.4125005e-05	 7.91e-01 Accepted	 193	 619	
935	 4.1516834e-01	 +2.9642953e-03 -2.8854918e-05	 1.12e+00 Accepted	 193	 619	
936	 4.1505462e-01	 +2.4820423e-03 +7.6063869e-04	 9.05e-01 Accepted	 193	 619	
937	 4.1503298e-01	 -1.1889316e-03 -4.1818342e-05	 6.23e-01 Accepted	 192	 620	
938	 4.1480278e-01	 -5.8514144e-04 +3.0701980e-03	 1.16e+00 Accepted	 193	 619	
939	 4.1475010e-01	 -2.2192225e-03 +6.8121617e-04	 8.03e-01 Accepted	 194	 619	
940	 4.1506002e-01	 -4.8707592e-04 -1.3982329e-03	 7.57e-01 Accepted	 193	 619	
941	 4.1486391e-01	 -2.9988482e-04 +1.6073792e-05	 9.09e-01 Accepted	 193	 619	
942	 4.1502306e-01	 -1.2219773e-03 -3.5063911e-04	 9.27e-01 Accepted	 193	 620	
943	 4.1521082e-01	 -8.9219580e-04 -1.5986047e-04	 8.92e-01 Accepted	 193	 619	
944	 4.1505368e-01	 +3.8051766e-03 +1.3093099e-03	 9.64e-01 Accepted	 194	 619	
945	 4.1533058e-01	 +2.0956606e-03 +3.5657092e-05	 1.44e+00 Accepted	 193	 619	
946	 4.1553471e-01	 +2.6957110e-03 +4.3265376e-04	 1.48e+00 Accepted	 193	 619	
947	 4.1559060e-01	 +4.8956201e-04 -2.3992647e-04	 9.68e-01 Accepted	 192	 619	
948	 4.1579251e-01	 +4.5050344e-04 +1.2282575e-03	 1.58e+00 Accepted	 193	 619	
949	 4.1542514e-01	 +2.0670984e-03 -7.7236896e-04	 7.55e-01 Accepted	 192	 619	
950	 4.1566816e-01	 +2.1164376e-04 -1.9475039e-04	 1.32e+00 Accepted	 194	 620	
951	 4.1566816e-01	 +2.1164376e-04 -1.9475039e-04	 6.96e-01 Rejected	 193	 619	
952	 4.1585624e-01	 -1.4492739e-03 +4.5226828e-04	 9.89e-01 Accepted	 193	 619	
953	 4.1573706e-01	 -8.2919466e-05 -5.0660234e-04	 8.41e-01 Accepted	 193	 619	
954	 4.1601887e-01	 +1.1558926e-03 +1.5482957e-03	 1.30e+00 Accepted	 193	 619	
955	 4.1615529e-01	 -4.4802461e-04 -9.0294771e-04	 1.03e+00 Accepted	 193	 619	
956	 4.1537775e-01	 +3.3337401e-04 -4.4363243e-04	 1.01e+00 Accepted	 194	 619	
957	 4.1496254e-01	 +2.1052241e-03 +1.8813838e-03	 9.04e-01 Accepted	 194	 619	
958	 4.1531160e-01	 -2.6346589e-04 -4.2600349e-03	 1.23e+00 Accepted	 193	 620	
959	 4.1536418e-01	 +2.1922389e-03 -5.0693473e-04	 1.03e+00 Accepted	 193	 619	
960	 4.1491188e-01	 -8.2122539e-04 +1.1298409e-03	 1.09e+00 Accepted	 193	 619	
961	 4.1491188e-01	 -8.2122539e-04 +1.1298409e-03	 7.76e-01 Rejected	 194	 619	
962	 4.1491188e-01	 -8.2122539e-04 +1.1298409e-03	 6.71e-01 Rejected	 193	 620	
963	 4.1511361e-01	 +9.1456351e-04 -9.1033075e-04	 1.23e+00 Accepted	 193	 619	
964	 4.1508717e-01	 +2.9756451e-03 +9.5027635e-04	 8.56e-01 Accepted	 193	 619	
965	 4.1481482e-01	 -2.0511814e-03 -1.8772120e-03	 9.12e-01 Accepted	 193	 620	
966	 4.1498256e-01	 -2.3840687e-03 +9.5629962e-04	 9.07e-01 Accepted	 193	 619	
967	 4.1498256e-01	 -2.3840687e-03 +9.5629962e-04	 8.24e-01 Rejected	 194	 619	
968	 4.1493186e-01	 -9.3274140e-04 +3.3023081e-04	 1.19e+00 Accepted	 193	 619	
969	 4.1481511e-01	 -6.9755836e-04 -7.6676284e-04	 6.78e-01 Accepted	 193	 619	
970	 4.1532871e-01	 -1.8319883e-03 +3.2531326e-04	 9.00e-01 Accepted	 193	 619	
971	 4.1527360e-01	 +2.1537021e-03 +3.8968679e-03	 7.83e-01 Accepted	 193	 619	
972	 4.1505866e-01	 -3.8105374e-04 +9.0839244e-04	 7.94e-01 Accepted	 193	 619	
973	 4.1540898e-01	 -4.1915644e-04 +8.1711998e-04	 1.01e+00 Accepted	 194	 619	
974	 4.1521966e-01	 +9.6410716e-04 -1.2120150e-03	 8.24e-01 Accepted	 194	 619	
975	 4.1524686e-01	 -2.6001359e-03 +1.5996125e-03	 1.05e+00 Accepted	 194	 619	
976	 4.1524686e-01	 -2.6001359e-03 +1.5996125e-03	 8.68e-01 Rejected	 193	 619	
977	 4.1536540e-01	 +1.0404470e-03 +2.1562728e-03	 1.03e+00 Accepted	 193	 619	
978	 4.1552461e-01	 +5.2417635e-04 -1.0350073e-04	 8.79e-01 Accepted	 194	 619	
979	 4.1544064e-01	 +3.3156217e-04 +1.4851638e-03	 1.15e+00 Accepted	 193	 619	
980	 4.1552825e-01	 +1.0384392e-03 +3.8115282e-04	 1.06e+00 Accepted	 193	 619	
981	 4.1562002e-01	 +1.5132485e-03 +3.3237503e-03	 1.18e+00 Accepted	 193	 619	
982	 4.1555604e-01	 +8.8595869e-04 -9.9316287e-04	 1.05e+00 Accepted	 193	 619	
983	 4.1554693e-01	 -2.0368764e-03 +3.1218304e-05	 8.43e-01 Accepted	 193	 619	
984	 4.1528631e-01	 -1.9522858e-03 +1.7695428e-03	 1.11e+00 Accepted	 194	 619	
985	 4.1533197e-01	 +1.7898200e-04 +8.2064274e-04	 9.82e-01 Accepted	 193	 619	
986	 4.1529337e-01	 -7.6982716e-04 -1.0981285e-03	 6.52e-01 Accepted	 193	 619	
987	 4.1529337e-01	 -7.6982716e-04 -1.0981285e-03	 5.48e-01 Rejected	 193	 620	
988	 4.1552776e-01	 +1.6860429e-03 +1.8907487e-03	 9.66e-01 Accepted	 193	 619	
989	 4.1539125e-01	 -1.0076209e-03 -1.5685155e-03	 8.76e-01 Accepted	 193	 619	
990	 4.1511605e-01	 -5.2597782e-04 +9.3548732e-04	 1.11e+00 Accepted	 194	 619	
991	 4.1534264e-01	 +4.9662653e-04 -7.2306506e-04	 1.50e+00 Accepted	 193	 619	
992	 4.1529165e-01	 +1.2133699e-03 +8.3099760e-04	 8.21e-01 Accepted	 194	 619	
993	 4.1510745e-01	 +1.4354281e-03 +3.1158202e-03	 8.62e-01 Accepted	 193	 620	
994	 4.1467516e-01	 +1.2657317e-04 -4.9215181e-04	 1.20e+00 Accepted	 193	 620	
995	 4.1485073e-01	 -1.9776131e-03 +1.3333326e-03	 1.21e+00 Accepted	 194	 620	
996	 4.1494482e-01	 +1.6245852e-03 -1.4030054e-04	 1.01e+00 Accepted	 194	 619	
997	 4.1502469e-01	 +7.0567561e-05 -5.3183241e-04	 1.53e+00 Accepted	 193	 619	
998	 4.1467031e-01	 +4.5200610e-04 -1.1619769e-03	 6.90e-01 Accepted	 193	 619	
999	 4.1519776e-01	 +3.2901263e-04 -1.1203071e-03	 1.39e+00 Accepted	 194	 619	
1000	 4.1531163e-01	 -9.5061305e-05 -1.0970755e-04	 7.51e-01 Accepted	 194	 619	
1001	 4.1551869e-01	 -1.9727974e-03 -5.2595148e-05	 1.09e+00 Accepted	 194	 619	
1002	 4.1506001e-01	 -1.6794117e-03 -3.0381361e-04	 7.80e-01 Accepted	 193	 619	
1003	 4.1563573e-01	 -4.1774621e-03 -8.4458767e-05	 1.32e+00 Accepted	 194	 619	
1004	 4.1561588e-01	 -2.8254908e-04 +2.7414946e-04	 9.43e-01 Accepted	 193	 619	
1005	 4.1536932e-01	 -1.3810071e-03 +7.6296378e-04	 8.43e-01 Accepted	 192	 619	
1006	 4.1553888e-01	 -7.9097878e-04 -1.4688139e-03	 8.72e-01 Accepted	 194	 619	
1007	 4.1567142e-01	 +6.6177152e-04 +8.9832248e-04	 9.61e-01 Accepted	 192	 619	
1008	 4.1554745e-01	 -6.7299720e-05 -8.9915776e-04	 8.97e-01 Accepted	 194	 619	
1009	 4.1559210e-01	 +1.3991664e-03 -3.8448750e-04	 1.16e+00 Accepted	 193	 619	
1010	 4.1549925e-01	 +3.1094651e-03 -2.0011618e-03	 7.69e-01 Accepted	 193	 619	
1011	 4.1562644e-01	 +1.2212865e-03 +1.5721974e-03	 1.12e+00 Accepted	 193	 619	
1012	 4.1562644e-01	 +1.2212865e-03 +1.5721974e-03	 7.57e-01 Rejected	 193	 619	
1013	 4.1535744e-01	 -2.1981170e-03 +4.2292390e-04	 9.89e-01 Accepted	 194	 619	
1014	 4.1534914e-01	 +1.0953118e-03 -1.7010877e-03	 1.03e+00 Accepted	 193	 619	
1015	 4.1559785e-01	 +1.5865039e-03 -2.0607040e-03	 1.12e+00 Accepted	 193	 620	
1016	 4.1585962e-01	 +3.7653281e-03 +6.5984379e-04	 1.06e+00 Accepted	 193	 620	
1017	 4.1566503e-01	 -1.7251731e-03 -1.9344551e-03	 5.92e-01 Accepted	 192	 619	
1018	 4.1554362e-01	 -2.4387468e-03 +1.5013800e-03	 7.11e-01 Accepted	 193	 620	
1019	 4.1554240e-01	 +1.7474555e-03 +2.6583580e-03	 7.44e-01 Accepted	 193	 619	
1020	 4.1536122e-01	 +2.6964826e-03 +1.6866307e-03	 1.10e+00 Accepted	 194	 620	
1021	 4.1485776e-01	 -1.1592365e-03 +3.0882263e-03	 7.05e-01 Accepted	 193	 619	
1022	 4.1451195e-01	 +1.3768702e-03 +4.1933871e-04	 1.30e+00 Accepted	 194	 619	
1023	 4.1435471e-01	 +2.8289753e-03 -8.6254765e-04	 8.41e-01 Accepted	 193	 619	
1024	 4.1465715e-01	 +6.7517934e-04 +8.8931834e-05	 1.23e+00 Accepted	 194	 619	
1025	 4.1513306e-01	 +7.6061552e-04 +1.8624374e-03	 1.03e+00 Accepted	 193	 619	
1026	 4.1513306e-01	 +7.6061552e-04 +1.8624374e-03	 5.54e-01 Rejected	 193	 620	
1027	 4.1530209e-01	 +1.7463701e-04 +1.0467721e-03	 1.03e+00 Accepted	 193	 620	
1028	 4.1519317e-01	 -5.7127564e-04 +3.9888120e-03	 1.12e+00 Accepted	 193	 619	
1029	 4.1497852e-01	 -2.9758564e-04 +1.3495261e-03	 8.28e-01 Accepted	 194	 619	
1030	 4.1484256e-01	 -1.3679173e-03 +1.4186167e-04	 8.50e-01 Accepted	 193	 619	
1031	 4.1484256e-01	 -1.3679173e-03 +1.4186167e-04	 7.94e-01 Rejected	 194	 619	
1032	 4.1499068e-01	 -1.3877815e-03 +2.3825250e-04	 1.27e+00 Accepted	 193	 619	
1033	 4.1531445e-01	 -4.4018198e-04 +6.9838122e-04	 9.96e-01 Accepted	 194	 619	
1034	 4.1539295e-01	 +3.3505303e-03 +5.8522679e-04	 1.03e+00 Accepted	 194	 620	
1035	 4.1557329e-01	 -5.4691788e-04 +1.4116067e-03	 1.74e+00 Accepted	 193	 619	
1036	 4.1558235e-01	 +3.2219439e-03 -1.0345207e-03	 1.06e+00 Accepted	 194	 619	
1037	 4.1549797e-01	 -1.8275686e-03 +6.0531948e-04	 8.15e-01 Accepted	 193	 619	
1038	 4.1530271e-01	 -9.9733771e-04 +7.7941129e-05	 1.13e+00 Accepted	 194	 619	
1039	 4.1530271e-01	 -9.9733771e-04 +7.7941129e-05	 6.65e-01 Rejected	 193	 620	
1040	 4.1515363e-01	 +7.3371901e-04 +9.5095572e-05	 8.22e-01 Accepted	 193	 620	
1041	 4.1506946e-01	 -8.5073806e-04 -5.4586581e-04	 9.02e-01 Accepted	 193	 620	
1042	 4.1463023e-01	 -1.1723870e-03 -1.6943430e-03	 1.10e+00 Accepted	 194	 620	
1043	 4.1455721e-01	 -8.2493462e-04 -8.2574576e-04	 1.07e+00 Accepted	 194	 620	
1044	 4.1475975e-01	 -2.6957962e-03 +7.0207953e-04	 9.41e-01 Accepted	 194	 619	
1045	 4.1505365e-01	 -2.0437804e-03 -7.3480388e-04	 1.37e+00 Accepted	 193	 619	
1046	 4.1537802e-01	 +7.4758576e-04 -1.2604271e-03	 1.38e+00 Accepted	 194	 619	
1047	 4.1573367e-01	 +1.7262193e-03 -2.4293137e-03	 1.20e+00 Accepted	 193	 619	
1048	 4.1555847e-01	 +2.4511809e-04 -2.3494643e-03	 9.25e-01 Accepted	 193	 619	
1049	 4.1536003e-01	 +1.5645875e-03 +5.8750805e-04	 1.10e+00 Accepted	 193	 619	
1050	 4.1536003e-01	 +1.5645875e-03 +5.8750805e-04	 6.23e-01 Rejected	 193	 620	
1051	 4.1512242e-01	 +2.9847162e-04 -3.2821388e-04	 8.63e-01 Accepted	 193	 619	
1052	 4.1505167e-01	 -1.4925993e-03 -1.2119527e-03	 1.05e+00 Accepted	 192	 619	
1053	 4.1545214e-01	 +1.2841981e-03 -1.8591461e-03	 1.14e+00 Accepted	 193	 619	
1054	 4.1541730e-01	 -2.3189888e-03 -1.6814229e-03	 1.12e+00 Accepted	 194	 619	
1055	 4.1507569e-01	 +1.6901676e-03 +1.0146198e-03	 6.54e-01 Accepted	 193	 619	
1056	 4.1539024e-01	 +9.3225414e-05 +1.1299008e-03	 1.07e+00 Accepted	 193	 620	
1057	 4.1561134e-01	 -1.2287583e-03 +1.5728550e-03	 1.24e+00 Accepted	 193	 619	
1058	 4.1534753e-01	 -1.0388354e-03 -1.1764254e-03	 8.46e-01 Accepted	 193	 619	
1059	 4.1569180e-01	 -1.5632116e-04 +1.2765826e-03	 1.16e+00 Accepted	 193	 619	
1060	 4.1551464e-01	 +3.0800285e-03 +2.8966573e-03	 8.68e-01 Accepted	 193	 619	
1061	 4.1547599e-01	 -1.8072681e-03 +1.3143772e-03	 1.07e+00 Accepted	 193	 619	
1062	 4.1505295e-01	 +1.1032202e-03 -1.4159180e-04	 6.20e-01 Accepted	 193	 619	
1063	 4.1460375e-01	 +1.6166917e-03 +5.4694256e-05	 1.20e+00 Accepted	 193	 620	
1064	 4.1493754e-01	 -1.2116077e-04 +6.6925649e-04	 1.57e+00 Accepted	 193	 619	
1065	 4.1509164e-01	 +1.3007810e-03 +7.5717516e-04	 7.04e-01 Accepted	 193	 619	
1066	 4.1498029e-01	 +1.2260871e-03 -1.4557092e-03	 8.30e-01 Accepted	 193	 619	
1067	 4.1469991e-01	 -1.7563101e-03 -1.1334943e-03	 9.15e-01 Accepted	 194	 619	
1068	 4.1475600e-01	 +2.0432719e-03 +2.1878826e-03	 1.02e+00 Accepted	 193	 619	
1069	 4.1474814e-01	 -3.9253755e-04 +4.9842994e-04	 9.84e-01 Accepted	 193	 619	
1070	 4.1452070e-01	 +1.2468956e-03 +2.4492222e-03	 7.14e-01 Accepted	 193	 620	
1071	 4.1466114e-01	 -1.0821784e-03 -2.5855931e-04	 1.05e+00 Accepted	 193	 619	
1072	 4.1466114e-01	 -1.0821784e-03 -2.5855931e-04	 5.54e-01 Rejected	 194	 620	
1073	 4.1506238e-01	 -4.0099800e-05 +6.5249716e-04	 9.71e-01 Accepted	 193	 620	
1074	 4.1510627e-01	 -2.2374490e-03 -1.3200253e-03	 1.12e+00 Accepted	 193	 620	
1075	 4.1560627e-01	 +5.4448231e-04 +5.1383564e-04	 1.46e+00 Accepted	 192	 619	
1076	 4.1590058e-01	 +5.4948305e-04 -1.1954949e-03	 7.79e-01 Accepted	 195	 619	
1077	 4.1590058e-01	 +5.4948305e-04 -1.1954949e-03	 8.37e-01 Rejected	 194	 620	
1078	 4.1571530e-01	 +1.9514090e-03 +5.1000818e-04	 8.98e-01 Accepted	 193	 618	
1079	 4.1546518e-01	 +1.0628869e-03 +1.7024408e-04	 7.72e-01 Accepted	 193	 619	
1080	 4.1556373e-01	 -2.2224285e-03 +1.2590948e-03	 7.84e-01 Accepted	 193	 619	
1081	 4.1551344e-01	 +1.2758752e-03 +1.9814911e-03	 9.42e-01 Accepted	 194	 619	
1082	 4.1571459e-01	 +1.9720158e-03 +5.5765028e-04	 1.28e+00 Accepted	 194	 619	
1083	 4.1569940e-01	 -6.1571211e-04 -1.4084198e-03	 9.01e-01 Accepted	 193	 619	
1084	 4.1577395e-01	 +1.4891860e-03 -3.4371346e-04	 1.04e+00 Accepted	 194	 619	
1085	 4.1584623e-01	 -2.8306350e-03 +6.5748749e-04	 9.98e-01 Accepted	 193	 620	
1086	 4.1560711e-01	 +2.5125055e-03 +4.3457765e-04	 8.42e-01 Accepted	 194	 619	
1087	 4.1581439e-01	 -1.7051231e-03 -1.0400141e-03	 7.80e-01 Accepted	 193	 619	
1088	 4.1544551e-01	 +1.0948671e-03 +1.7794255e-05	 6.41e-01 Accepted	 193	 619	
1089	 4.1525124e-01	 +5.7486955e-04 +2.0157044e-03	 1.05e+00 Accepted	 193	 619	
1090	 4.1525124e-01	 +5.7486955e-04 +2.0157044e-03	 8.14e-01 Rejected	 193	 620	
1091	 4.1517158e-01	 -1.6298022e-03 -6.6416905e-05	 7.74e-01 Accepted	 193	 619	
1092	 4.1539172e-01	 -2.7780514e-03 -1.1279446e-03	 1.42e+00 Accepted	 194	 619	
1093	 4.1539172e-01	 -2.7780514e-03 -1.1279446e-03	 7.92e-01 Rejected	 194	 619	
1094	 4.1539172e-01	 -2.7780514e-03 -1.1279446e-03	 6.73e-01 Rejected	 194	 619	
1095	 4.1581212e-01	 +1.0774803e-03 +6.3897019e-04	 1.26e+00 Accepted	 193	 620	
1096	 4.1561859e-01	 +2.5259185e-03 -5.3876429e-04	 8.16e-01 Accepted	 192	 619	
1097	 4.1620699e-01	 +1.8124946e-03 +4.2226124e-03	 1.21e+00 Accepted	 193	 619	
1098	 4.1586358e-01	 +5.9105471e-04 +2.4797871e-04	 1.20e+00 Accepted	 193	 619	
1099	 4.1601251e-01	 +1.9373566e-03 +6.4687776e-04	 9.11e-01 Accepted	 193	 619	
1100	 4.1526393e-01	 +4.0883937e-04 +7.1377250e-04	 7.60e-01 Accepted	 194	 619	
1101	 4.1511399e-01	 +6.6595457e-04 -1.1635065e-03	 8.12e-01 Accepted	 192	 619	
1102	 4.1491360e-01	 +3.9244562e-06 -1.7699809e-03	 1.36e+00 Accepted	 192	 619	
1103	 4.1528845e-01	 -9.0413141e-04 -1.0606818e-03	 9.77e-01 Accepted	 193	 619	
1104	 4.1542560e-01	 +9.5707655e-04 +2.1111619e-04	 1.02e+00 Accepted	 193	 619	
1105	 4.1533932e-01	 +2.6638815e-03 -2.4311008e-03	 1.13e+00 Accepted	 193	 619	
1106	 4.1547898e-01	 -1.4487079e-03 -3.3001676e-03	 1.09e+00 Accepted	 194	 619	
1107	 4.1548303e-01	 +6.1930404e-04 +1.9471791e-03	 8.19e-01 Accepted	 194	 619	
1108	 4.1552715e-01	 +1.8315358e-04 +1.3153606e-03	 1.57e+00 Accepted	 193	 619	
1109	 4.1575581e-01	 +1.3612752e-03 -1.5057780e-03	 9.33e-01 Accepted	 192	 619	
1110	 4.1575581e-01	 +1.3612752e-03 -1.5057780e-03	 6.23e-01 Rejected	 194	 619	
1111	 4.1574466e-01	 -2.2215647e-03 -6.7713699e-05	 8.84e-01 Accepted	 193	 619	
1112	 4.1589075e-01	 -1.9392677e-03 +1.8450284e-03	 1.03e+00 Accepted	 194	 619	
1113	 4.1612783e-01	 -3.7341775e-03 +6.1861010e-04	 1.11e+00 Accepted	 193	 619	
1114	 4.1595985e-01	 -7.1704755e-04 -6.5728664e-04	 1.06e+00 Accepted	 192	 619	
1115	 4.1573041e-01	 -1.8309782e-03 -9.5563813e-04	 9.07e-01 Accepted	 194	 619	
1116	 4.1579981e-01	 -1.7872174e-03 +5.5376735e-04	 1.59e+00 Accepted	 193	 619	
1117	 4.1582502e-01	 +1.8856380e-03 -4.2843766e-04	 8.40e-01 Accepted	 193	 619	
