# Starting_type: ColdStart
# serial RNG seed: 	[51038 52562 2552 59317 59736]
# parallel RNG seed:	[44770 41709 33555 8459 34783]
# Trajectory_length / Number_of_MD_steps: 1 / 8
# 	 Plaquette	 Polyakov_Loop(re,im)	 Acc._Probability	 runtime_per_traj(s)	 CG_iterations	
1	 7.9830917e-01	 +3.3798340e-01 -1.1845944e-04	 9.74e-24 Skipping	 148	 563	
2	 6.9636190e-01	 +1.5876243e-01 +8.1267703e-04	 6.84e-15 Skipping	 204	 794	
3	 6.1891281e-01	 +8.0180556e-02 -6.7852441e-04	 5.89e-11 Skipping	 253	 1026	
4	 5.5821710e-01	 +4.1507502e-02 -8.6611391e-04	 4.47e-08 Skipping	 311	 1373	
5	 5.1162264e-01	 +2.5133434e-02 -5.0839486e-05	 6.17e-06 Skipping	 406	 1948	
6	 4.7448947e-01	 +9.9691689e-03 -1.0410480e-03	 2.57e-04 Skipping	 600	 3233	
7	 4.4285106e-01	 +5.5040087e-03 +1.7139705e-05	 6.54e-04 Skipping	 751	 3124	
8	 4.1568985e-01	 +6.5586009e-04 +9.0377394e-05	 1.56e-02 Skipping	 715	 2618	
9	 3.9179001e-01	 -2.0197736e-03 -4.6925397e-04	 7.42e-04 Skipping	 615	 2244	
10	 3.7355011e-01	 -5.8402150e-04 +2.3257766e-03	 8.24e-04 Skipping	 540	 1991	
11	 3.6001885e-01	 +2.8658591e-03 -2.2299263e-03	 1.05e-03 Skipping	 493	 1838	
12	 3.5086461e-01	 -2.4322633e-03 +7.8842638e-04	 8.13e-03 Skipping	 466	 1753	
13	 3.4514087e-01	 -4.8243275e-04 +2.1159098e-04	 1.86e-02 Skipping	 448	 1706	
14	 3.4204462e-01	 +5.4736477e-04 -4.0947874e-04	 2.82e-02 Skipping	 442	 1700	
15	 3.3972121e-01	 -4.8854946e-04 -4.1427922e-03	 3.88e-01 Skipping	 437	 1673	
16	 3.3869422e-01	 -1.2657035e-03 +1.4811306e-03	 4.06e+00 Skipping	 433	 1675	
17	 3.3784826e-01	 -1.9072981e-03 +1.2446833e-03	 4.04e-01 Skipping	 432	 1656	
18	 3.3766792e-01	 -7.1816166e-05 +1.2226502e-03	 1.70e-01 Skipping	 430	 1651	
19	 3.3747972e-01	 +7.6318293e-04 +9.2311583e-04	 3.90e-01 Skipping	 428	 1649	
20	 3.3746888e-01	 -2.2810310e-04 -1.2754102e-03	 2.34e-01 Skipping	 431	 1659	
21	 3.3751615e-01	 -1.1840448e-03 +6.6945583e-04	 6.36e-01 Skipping	 430	 1656	
22	 3.3754512e-01	 -2.0322525e-03 -2.2886440e-04	 6.87e-01 Skipping	 431	 1658	
23	 3.3733195e-01	 -6.9921508e-04 +9.5444949e-04	 2.08e-01 Skipping	 431	 1672	
24	 3.3755748e-01	 +3.8523727e-04 +1.7127520e-03	 7.02e-01 Skipping	 431	 1655	
25	 3.3755275e-01	 -1.1569081e-04 -5.6550539e-04	 2.36e-01 Skipping	 430	 1642	
26	 3.3738258e-01	 +2.2159873e-04 -5.8509526e-04	 8.53e-01 Skipping	 430	 1647	
27	 3.3794335e-01	 +8.2140630e-04 -7.1809903e-04	 1.45e+00 Skipping	 429	 1651	
28	 3.3752240e-01	 +3.3394120e-03 +1.3043193e-04	 7.60e-01 Skipping	 429	 1652	
29	 3.3729884e-01	 +1.5910843e-03 -1.4972508e-03	 9.20e-01 Skipping	 429	 1660	
30	 3.3698982e-01	 +6.0280571e-04 +7.8182485e-04	 2.06e-01 Skipping	 431	 1656	
31	 3.3673458e-01	 +1.1167684e-03 +1.6333302e-04	 6.98e-01 Skipping	 428	 1653	
32	 3.3673050e-01	 -2.4288636e-03 +4.8879574e-04	 3.67e-01 Skipping	 429	 1658	
33	 3.3693008e-01	 -2.4322687e-04 -1.5557925e-04	 1.76e-01 Skipping	 432	 1650	
34	 3.3721811e-01	 +3.4267283e-04 -1.0376347e-03	 5.85e-01 Skipping	 429	 1654	
35	 3.3718686e-01	 +2.6693074e-03 +9.1174394e-04	 7.96e-01 Skipping	 428	 1641	
36	 3.3736261e-01	 -8.3274995e-04 +9.8691657e-04	 9.40e-01 Skipping	 432	 1655	
37	 3.3723827e-01	 -1.8361732e-03 +2.7757690e-04	 1.18e+00 Skipping	 429	 1656	
38	 3.3722725e-01	 +5.7000439e-04 -1.5173852e-03	 1.44e+00 Skipping	 433	 1661	
39	 3.3727559e-01	 +8.3847348e-04 -5.0641597e-04	 4.24e-01 Skipping	 429	 1651	
40	 3.3736359e-01	 -1.3134289e-04 -1.2429203e-03	 3.56e-01 Skipping	 430	 1663	
41	 3.3724651e-01	 +2.0722618e-03 +1.4135159e-03	 1.80e+00 Skipping	 432	 1656	
42	 3.3726802e-01	 +3.1409611e-03 +1.2127392e-03	 1.03e-01 Skipping	 432	 1658	
43	 3.3729238e-01	 -1.1615885e-03 -1.1479299e-03	 1.24e-01 Skipping	 430	 1653	
44	 3.3741780e-01	 +2.9621924e-03 +1.9452997e-03	 1.09e+00 Skipping	 430	 1666	
45	 3.3737326e-01	 +3.5314129e-05 +2.8426217e-03	 1.21e+00 Skipping	 430	 1656	
46	 3.3729167e-01	 +1.3645788e-03 -1.8635256e-03	 1.40e+00 Skipping	 430	 1652	
47	 3.3713436e-01	 +3.5958902e-04 +2.6087392e-03	 1.13e-01 Skipping	 430	 1658	
48	 3.3727419e-01	 -1.9480977e-03 +8.2509036e-04	 5.76e-01 Skipping	 431	 1661	
49	 3.3744658e-01	 +2.1407001e-04 -4.1933020e-05	 1.37e+00 Skipping	 429	 1666	
50	 3.3764337e-01	 +1.1003782e-03 +1.5431702e-03	 9.67e-01 Skipping	 430	 1655	
51	 3.3729728e-01	 +3.3324763e-03 +8.2608600e-04	 8.19e-01 Accepted	 430	 1658	
52	 3.3717557e-01	 -7.0825988e-04 +2.2710012e-03	 9.64e-01 Accepted	 431	 1652	
53	 3.3724011e-01	 -3.9334622e-03 +7.8060913e-04	 1.04e+00 Accepted	 428	 1658	
54	 3.3724011e-01	 -3.9334622e-03 +7.8060913e-04	 1.66e-01 Rejected	 431	 1663	
55	 3.3749537e-01	 -2.3588460e-04 -2.2575296e-04	 1.30e+00 Accepted	 428	 1658	
56	 3.3796201e-01	 -3.9177288e-05 +3.6800557e-04	 5.25e-01 Accepted	 431	 1662	
57	 3.3796201e-01	 -3.9177288e-05 +3.6800557e-04	 3.23e-01 Rejected	 431	 1662	
58	 3.3796201e-01	 -3.9177288e-05 +3.6800557e-04	 1.09e-01 Rejected	 431	 1649	
59	 3.3796201e-01	 -3.9177288e-05 +3.6800557e-04	 3.33e-01 Rejected	 432	 1655	
60	 3.3752030e-01	 +1.9870776e-03 -1.5037439e-03	 1.07e+00 Accepted	 430	 1663	
61	 3.3752030e-01	 +1.9870776e-03 -1.5037439e-03	 2.44e-01 Rejected	 431	 1669	
62	 3.3779619e-01	 -1.8077902e-04 +2.6568772e-04	 1.17e+00 Accepted	 431	 1664	
63	 3.3779619e-01	 -1.8077902e-04 +2.6568772e-04	 6.05e-01 Rejected	 430	 1654	
64	 3.3725029e-01	 +9.9357621e-05 -6.7311825e-04	 8.98e-01 Accepted	 429	 1659	
65	 3.3725029e-01	 +9.9357621e-05 -6.7311825e-04	 4.71e-01 Rejected	 432	 1660	
66	 3.3720144e-01	 +8.9634195e-04 +6.4437280e-05	 1.98e+00 Accepted	 433	 1657	
67	 3.3715173e-01	 -5.7733439e-04 +1.2454057e-03	 1.20e+00 Accepted	 428	 1665	
68	 3.3715173e-01	 -5.7733439e-04 +1.2454057e-03	 4.25e-01 Rejected	 433	 1661	
69	 3.3715173e-01	 -5.7733439e-04 +1.2454057e-03	 1.21e-01 Rejected	 432	 1650	
70	 3.3735789e-01	 -2.8128112e-04 +3.1607197e-04	 1.49e+00 Accepted	 429	 1655	
71	 3.3725323e-01	 -2.1853698e-03 -2.3559195e-03	 4.89e-01 Accepted	 429	 1657	
72	 3.3693318e-01	 +7.9776776e-04 +1.2892012e-03	 1.21e+00 Accepted	 430	 1651	
73	 3.3693318e-01	 +7.9776776e-04 +1.2892012e-03	 7.23e-01 Rejected	 427	 1644	
74	 3.3754607e-01	 +1.9224953e-03 +1.3151213e-03	 5.08e-01 Accepted	 428	 1652	
75	 3.3754607e-01	 +1.9224953e-03 +1.3151213e-03	 3.24e-01 Rejected	 429	 1656	
76	 3.3748781e-01	 +4.2988629e-03 -3.7077986e-03	 5.41e-01 Accepted	 430	 1655	
77	 3.3710767e-01	 -1.5110645e-03 +1.8403948e-03	 1.13e+00 Accepted	 428	 1661	
78	 3.3729034e-01	 -1.4877502e-03 -5.8659839e-04	 5.06e-01 Accepted	 430	 1658	
79	 3.3715958e-01	 -2.7068828e-06 +3.3971136e-03	 1.23e+00 Accepted	 430	 1660	
80	 3.3715958e-01	 -2.7068828e-06 +3.3971136e-03	 2.89e-01 Rejected	 433	 1681	
81	 3.3715958e-01	 -2.7068828e-06 +3.3971136e-03	 3.18e-01 Rejected	 431	 1652	
82	 3.3767090e-01	 -5.1616250e-04 +9.4945657e-04	 9.39e-01 Accepted	 429	 1659	
83	 3.3759337e-01	 -8.8998176e-04 -1.1873498e-03	 1.11e+00 Accepted	 430	 1654	
84	 3.3759337e-01	 -8.8998176e-04 -1.1873498e-03	 2.47e-01 Rejected	 431	 1644	
85	 3.3746389e-01	 +2.1049638e-04 +1.8704415e-04	 6.01e-01 Accepted	 431	 1664	
86	 3.3724415e-01	 -1.0114970e-03 +1.0344442e-04	 8.48e-01 Accepted	 433	 1648	
87	 3.3728051e-01	 +2.3811680e-03 -5.9165682e-05	 3.28e-01 Accepted	 430	 1658	
88	 3.3685498e-01	 +1.3346342e-03 +2.3292396e-03	 1.17e+00 Accepted	 431	 1655	
89	 3.3725160e-01	 +1.3173618e-03 -1.4214377e-03	 1.13e+00 Accepted	 429	 1644	
90	 3.3725160e-01	 +1.3173618e-03 -1.4214377e-03	 1.48e-01 Rejected	 430	 1654	
91	 3.3717251e-01	 +1.6832351e-03 -1.4259311e-03	 1.49e+00 Accepted	 431	 1652	
92	 3.3752155e-01	 +2.6263774e-03 +8.9473404e-04	 1.82e+00 Accepted	 431	 1656	
93	 3.3710542e-01	 -1.2174596e-03 -9.8205361e-04	 4.66e-01 Accepted	 430	 1660	
94	 3.3665431e-01	 +2.6226172e-04 +2.0710531e-03	 3.78e-01 Accepted	 430	 1638	
95	 3.3708694e-01	 +5.3941540e-04 -1.0170599e-03	 2.46e+00 Accepted	 428	 1656	
96	 3.3708694e-01	 +5.3941540e-04 -1.0170599e-03	 3.01e-01 Rejected	 430	 1648	
97	 3.3708694e-01	 +5.3941540e-04 -1.0170599e-03	 1.55e-01 Rejected	 429	 1660	
98	 3.3733160e-01	 +6.6160082e-04 +3.2990076e-04	 1.01e+00 Accepted	 432	 1661	
99	 3.3696738e-01	 +1.0554448e-04 -1.4999679e-03	 6.61e-01 Accepted	 432	 1669	
