# Starting_type: ColdStart
# serial RNG seed: 	[13595 48183 3305 3079 35506]
# parallel RNG seed:	[60838 4322 21760 41427 20527]
# Trajectory_length / Number_of_MD_steps: 1 / 8
# 	 Plaquette	 Polyakov_Loop(re,im)	 Acc._Probability	 runtime_per_traj(s)	 CG_iterations	
1	 7.9940790e-01	 +3.6195909e-01 -3.0319574e-04	 5.71e-25 Skipping	 148	 546	
2	 7.0655618e-01	 +1.8033148e-01 -1.1861813e-03	 1.15e-14 Skipping	 197	 747	
3	 6.3882229e-01	 +1.0100300e-01 +2.2344248e-04	 1.40e-10 Skipping	 239	 933	
4	 5.8733856e-01	 +6.3624241e-02 +2.7148070e-04	 5.26e-08 Skipping	 283	 1157	
5	 5.4726018e-01	 +3.9045197e-02 +2.5458728e-03	 5.00e-06 Skipping	 340	 1466	
6	 5.1682613e-01	 +2.3679969e-02 +2.5906782e-03	 1.88e-04 Skipping	 415	 1879	
7	 4.9242195e-01	 +1.3971617e-02 +1.2766079e-03	 3.29e-03 Skipping	 531	 2534	
8	 4.7122691e-01	 +8.4585096e-03 +2.3759093e-04	 3.27e-03 Skipping	 700	 3343	
9	 4.5287294e-01	 +4.0083439e-03 -3.9806686e-04	 4.06e-02 Skipping	 803	 3268	
10	 4.3553394e-01	 +1.8329743e-03 -2.4595800e-04	 7.80e-02 Skipping	 761	 2916	
11	 4.2000707e-01	 -1.4539910e-03 +4.9683342e-04	 6.03e-03 Skipping	 682	 2619	
12	 4.0536729e-01	 -2.0707998e-04 +2.4264820e-03	 8.42e-03 Skipping	 621	 2390	
13	 3.9358583e-01	 +1.9935815e-04 -1.0925340e-04	 2.90e-03 Skipping	 577	 2182	
14	 3.8420291e-01	 -6.4580442e-04 +2.8238482e-03	 6.64e-03 Skipping	 540	 2063	
15	 3.7759787e-01	 +5.1583618e-04 -1.9250875e-03	 3.87e-02 Skipping	 516	 2014	
16	 3.7231854e-01	 -5.5231807e-04 -5.4303275e-05	 1.59e-01 Skipping	 503	 1926	
17	 3.6869170e-01	 -1.6796829e-03 -6.4547774e-04	 3.56e-02 Skipping	 490	 1895	
18	 3.6675313e-01	 +1.2650043e-03 -1.7444147e-03	 6.21e-01 Skipping	 481	 1881	
19	 3.6487343e-01	 +8.2530131e-04 -3.5160438e-04	 1.86e-01 Skipping	 481	 1878	
20	 3.6402714e-01	 -5.2847728e-04 +2.1729303e-03	 7.71e-01 Skipping	 476	 1850	
21	 3.6342095e-01	 -1.8179217e-03 +8.6463849e-04	 2.26e+00 Skipping	 477	 1885	
22	 3.6293550e-01	 +7.2337916e-05 -5.4879111e-05	 4.09e-01 Skipping	 479	 1858	
23	 3.6298077e-01	 +6.0242675e-04 -1.7867788e-04	 1.07e+00 Skipping	 472	 1846	
24	 3.6279005e-01	 +1.3228426e-03 +6.2327896e-04	 5.63e-01 Skipping	 475	 1846	
25	 3.6239647e-01	 +8.2402360e-04 +1.4572476e-05	 1.33e+00 Skipping	 472	 1848	
26	 3.6191228e-01	 +9.1963707e-04 +1.6371278e-03	 7.76e-01 Skipping	 470	 1849	
27	 3.6192195e-01	 -2.1086166e-03 -6.4067527e-04	 1.52e+00 Skipping	 471	 1851	
28	 3.6190989e-01	 +4.4928449e-04 +3.4208762e-04	 9.19e-01 Skipping	 471	 1851	
29	 3.6173612e-01	 -5.9015262e-04 +2.2915560e-03	 1.84e-01 Skipping	 469	 1845	
30	 3.6207030e-01	 -1.1513829e-03 -3.2959576e-04	 1.07e+00 Skipping	 469	 1840	
31	 3.6191958e-01	 +6.1905397e-04 +7.8710934e-04	 8.16e-01 Skipping	 473	 1854	
32	 3.6149869e-01	 +7.4929452e-04 +1.1612626e-04	 1.33e-01 Skipping	 472	 1840	
33	 3.6177351e-01	 -1.5326275e-03 +8.5219594e-04	 2.80e+00 Skipping	 470	 1826	
34	 3.6207437e-01	 +7.2508840e-04 -1.1818939e-03	 5.85e-01 Skipping	 470	 1833	
35	 3.6190420e-01	 -4.7761778e-04 +1.0957524e-03	 4.95e-01 Skipping	 472	 1847	
36	 3.6189496e-01	 -2.4293229e-03 -1.0625967e-03	 1.29e+00 Skipping	 472	 1836	
37	 3.6177172e-01	 +9.2162099e-05 +7.5444404e-05	 9.10e-01 Skipping	 469	 1842	
38	 3.6141580e-01	 -5.8617345e-04 -9.4528734e-04	 2.25e-01 Skipping	 469	 1823	
39	 3.6167287e-01	 +1.5419208e-03 +1.2439020e-03	 2.33e-01 Skipping	 469	 1843	
40	 3.6234292e-01	 +2.2615983e-03 +6.0639293e-04	 3.15e+00 Skipping	 471	 1847	
41	 3.6224266e-01	 +7.3605148e-04 -1.5308053e-03	 3.88e+00 Skipping	 471	 1846	
42	 3.6221743e-01	 +5.2885686e-04 -6.1775638e-04	 3.53e-01 Skipping	 473	 1855	
43	 3.6237662e-01	 -1.9833431e-03 +2.2048148e-03	 1.29e-01 Skipping	 473	 1854	
44	 3.6240354e-01	 +2.9064612e-04 -1.3763663e-03	 1.37e+00 Skipping	 471	 1846	
45	 3.6181406e-01	 +1.1596775e-03 -3.2917774e-04	 5.87e-01 Skipping	 472	 1836	
46	 3.6183241e-01	 -1.3825712e-03 +1.7823037e-03	 5.05e-01 Skipping	 474	 1840	
47	 3.6197231e-01	 +1.3068112e-03 -3.4996507e-04	 3.43e-01 Skipping	 471	 1841	
48	 3.6247799e-01	 +5.2709082e-04 -4.9670020e-04	 8.48e-01 Skipping	 470	 1842	
49	 3.6277744e-01	 -1.5178357e-03 +2.0753119e-03	 1.62e+00 Skipping	 470	 1838	
50	 3.6249879e-01	 +1.3746929e-03 +1.1488045e-03	 2.15e+00 Skipping	 472	 1856	
51	 3.6249879e-01	 +1.3746929e-03 +1.1488045e-03	 2.14e-01 Rejected	 472	 1852	
52	 3.6260008e-01	 -1.4475099e-04 +1.6392194e-03	 5.94e-01 Accepted	 476	 1858	
53	 3.6260883e-01	 -1.6741078e-04 +3.8771118e-03	 7.29e-01 Accepted	 472	 1852	
54	 3.6247656e-01	 +3.6043444e-03 -1.0364357e-03	 5.52e-01 Accepted	 471	 1844	
55	 3.6256716e-01	 +1.4449698e-03 +2.9579010e-03	 9.28e-01 Accepted	 472	 1845	
56	 3.6267756e-01	 +2.5307097e-03 +6.2884285e-04	 4.80e+00 Accepted	 471	 1844	
57	 3.6241706e-01	 +2.3329955e-04 +1.0471105e-04	 6.03e-01 Accepted	 473	 1846	
58	 3.6241706e-01	 +2.3329955e-04 +1.0471105e-04	 1.33e-01 Rejected	 472	 1845	
59	 3.6267523e-01	 +5.9725021e-05 -9.2507368e-04	 1.92e+00 Accepted	 471	 1849	
60	 3.6250682e-01	 +1.8494602e-04 -9.4373907e-04	 7.62e-01 Accepted	 471	 1847	
61	 3.6268639e-01	 -1.7958273e-03 -6.6023281e-04	 2.42e-01 Accepted	 471	 1859	
62	 3.6215534e-01	 +6.6474108e-05 +2.3035648e-04	 1.55e-01 Accepted	 472	 1832	
63	 3.6215534e-01	 +6.6474108e-05 +2.3035648e-04	 1.31e-01 Rejected	 472	 1838	
64	 3.6227559e-01	 +2.6594389e-03 +2.5711816e-05	 4.82e+00 Accepted	 471	 1832	
65	 3.6227559e-01	 +2.6594389e-03 +2.5711816e-05	 8.81e-01 Rejected	 471	 1840	
66	 3.6193968e-01	 -1.9957992e-03 -2.7825359e-03	 2.99e+00 Accepted	 471	 1859	
67	 3.6193968e-01	 -1.9957992e-03 -2.7825359e-03	 1.09e-01 Rejected	 474	 1844	
68	 3.6199567e-01	 -1.1719434e-03 +2.1756029e-03	 7.31e-01 Accepted	 469	 1831	
69	 3.6160903e-01	 -9.4100098e-04 -3.7824637e-04	 6.79e-01 Accepted	 469	 1836	
70	 3.6189900e-01	 +1.5125118e-03 +2.1641251e-03	 1.42e-01 Accepted	 471	 1839	
71	 3.6189900e-01	 +1.5125118e-03 +2.1641251e-03	 4.62e-01 Rejected	 473	 1840	
72	 3.6189900e-01	 +1.5125118e-03 +2.1641251e-03	 1.62e-01 Rejected	 470	 1830	
73	 3.6189900e-01	 +1.5125118e-03 +2.1641251e-03	 1.35e-01 Rejected	 472	 1844	
74	 3.6247766e-01	 +1.9445711e-03 +7.6335567e-04	 3.54e-01 Accepted	 472	 1842	
75	 3.6206687e-01	 -1.9383441e-03 +4.6068678e-03	 6.60e-01 Accepted	 471	 1852	
76	 3.6201117e-01	 +1.7017028e-03 -6.2763315e-04	 1.24e+00 Accepted	 475	 1856	
77	 3.6211018e-01	 +3.2327402e-04 +3.9818107e-04	 3.14e+00 Accepted	 471	 1849	
78	 3.6234516e-01	 +2.8800593e-03 -3.2211062e-04	 8.40e-01 Accepted	 475	 1839	
79	 3.6247638e-01	 -1.1336471e-03 -2.6744239e-03	 1.85e+00 Accepted	 472	 1839	
80	 3.6223496e-01	 -8.5145710e-04 +2.4820446e-03	 8.07e-01 Accepted	 472	 1842	
81	 3.6212760e-01	 -2.4780419e-04 -2.2931797e-03	 9.06e-01 Accepted	 472	 1843	
82	 3.6216621e-01	 -1.8605544e-03 -4.4247111e-04	 1.47e+00 Accepted	 470	 1847	
83	 3.6216621e-01	 -1.8605544e-03 -4.4247111e-04	 4.59e-01 Rejected	 473	 1845	
84	 3.6216621e-01	 -1.8605544e-03 -4.4247111e-04	 2.87e-01 Rejected	 470	 1833	
85	 3.6204477e-01	 +2.5193282e-03 +2.4094030e-03	 9.04e-01 Accepted	 469	 1828	
86	 3.6178797e-01	 +1.6150612e-03 -1.0418554e-03	 7.83e-01 Accepted	 470	 1829	
87	 3.6236554e-01	 +1.9110586e-03 -7.5890375e-04	 7.50e-01 Accepted	 468	 1827	
88	 3.6236554e-01	 +1.9110586e-03 -7.5890375e-04	 5.78e-01 Rejected	 469	 1850	
89	 3.6224084e-01	 +4.5744891e-03 -1.4960828e-03	 8.91e-01 Accepted	 472	 1851	
90	 3.6224084e-01	 +4.5744891e-03 -1.4960828e-03	 6.73e-01 Rejected	 472	 1847	
