# Starting_type: ColdStart
# serial RNG seed: 	[19075 28436 46735 20123 62284]
# parallel RNG seed:	[59970 28906 20070 17015 45499]
# Trajectory_length / Number_of_MD_steps: 1 / 8
# 	 Plaquette	 Polyakov_Loop(re,im)	 Acc._Probability	 runtime_per_traj(s)	 CG_iterations	
1	 8.0112154e-01	 +4.1860223e-01 -2.7975096e-03	 2.06e-27 Skipping	 143	 519	
2	 7.2125604e-01	 +2.2599231e-01 +1.0899103e-03	 3.44e-14 Skipping	 185	 669	
3	 6.6755333e-01	 +1.4733945e-01 -7.0996441e-04	 6.95e-10 Skipping	 216	 794	
4	 6.2825833e-01	 +1.0115451e-01 -2.7608285e-03	 2.36e-07 Skipping	 244	 945	
5	 5.9923480e-01	 +7.3868587e-02 -1.2721485e-03	 1.83e-05 Skipping	 277	 1093	
6	 5.7772649e-01	 +5.4935760e-02 +2.0729193e-03	 6.02e-04 Skipping	 306	 1219	
7	 5.6219862e-01	 +4.4832478e-02 +8.9372083e-05	 3.59e-03 Skipping	 339	 1395	
8	 5.5023682e-01	 +3.5620259e-02 +9.1717016e-06	 1.78e-02 Skipping	 384	 1590	
9	 5.4157046e-01	 +3.1945172e-02 +6.3220451e-04	 4.09e-02 Skipping	 425	 1765	
10	 5.3434856e-01	 +2.5377973e-02 +6.3676654e-04	 1.09e-01 Skipping	 466	 1988	
11	 5.2886532e-01	 +2.4902340e-02 -1.3767332e-03	 1.49e-01 Skipping	 511	 2213	
12	 5.2482352e-01	 +2.2218819e-02 +2.0326774e-03	 4.13e-01 Skipping	 588	 2580	
13	 5.2120504e-01	 +1.6822710e-02 +5.0267309e-04	 8.98e-01 Skipping	 722	 3428	
14	 5.1843804e-01	 +1.8935640e-02 +1.2614132e-03	 1.09e+00 Skipping	 832	 3319	
15	 5.1558387e-01	 +1.3106069e-02 +5.6694667e-04	 6.81e-01 Skipping	 886	 4135	
16	 5.1332457e-01	 +1.2173983e-02 +5.6535654e-04	 6.68e-01 Skipping	 968	 4129	
17	 5.1153080e-01	 +6.1415503e-03 +1.9369517e-04	 1.36e+00 Skipping	 1000	 4411	
18	 5.0992215e-01	 +1.0738355e-02 +8.8685199e-04	 4.78e-01 Skipping	 1043	 4789	
19	 5.0832773e-01	 +4.0027982e-03 +3.1385582e-03	 8.52e-01 Skipping	 1175	 5236	
20	 5.0673086e-01	 +6.5304959e-03 +1.8139646e-03	 1.08e+00 Skipping	 1232	 4985	
21	 5.0533958e-01	 +9.0679224e-03 +3.0191890e-03	 1.72e+00 Skipping	 1200	 5167	
22	 5.0383285e-01	 +7.4293160e-03 -8.7865482e-04	 4.59e-01 Skipping	 1227	 5171	
23	 5.0207673e-01	 +3.4154914e-03 -8.5401676e-04	 1.11e+00 Skipping	 1233	 4970	
24	 5.0041041e-01	 +5.7519550e-03 -7.5740462e-05	 8.05e-01 Skipping	 1187	 4930	
25	 4.9882224e-01	 +5.8325704e-03 +1.0794862e-03	 5.79e-01 Skipping	 1175	 4825	
26	 4.9755949e-01	 +1.9645087e-03 +1.6098429e-03	 8.16e-01 Skipping	 1142	 4714	
27	 4.9580024e-01	 +1.7846879e-03 -1.3627740e-03	 7.61e-01 Skipping	 1112	 4694	
28	 4.9398250e-01	 +1.3481481e-03 +7.5547358e-04	 4.84e-01 Skipping	 1101	 4449	
29	 4.9195028e-01	 +2.9036400e-03 -1.8887748e-04	 8.38e-01 Skipping	 1072	 4480	
30	 4.8993654e-01	 +1.5297602e-03 -1.7943679e-03	 6.37e-01 Skipping	 1052	 4277	
31	 4.8834860e-01	 +1.2199975e-03 -1.7145042e-05	 1.32e+00 Skipping	 1040	 4440	
32	 4.8645220e-01	 +9.8223173e-04 +1.2604608e-04	 1.77e-01 Skipping	 1062	 4422	
33	 4.8438705e-01	 +1.3179529e-03 -1.3481448e-03	 1.30e-01 Skipping	 1024	 4189	
34	 4.8219274e-01	 -1.5699214e-04 +1.5869511e-03	 1.04e+00 Skipping	 994	 4151	
35	 4.8058081e-01	 -3.1000757e-03 +2.3313965e-03	 7.98e+00 Skipping	 995	 4217	
36	 4.7869447e-01	 -3.9920659e-04 +2.4144640e-03	 1.81e-01 Skipping	 981	 3909	
37	 4.7686672e-01	 +2.4991724e-04 +1.0199910e-03	 5.69e-01 Skipping	 936	 3825	
38	 4.7487542e-01	 +1.9787880e-03 -2.6785034e-03	 5.76e-01 Skipping	 923	 3877	
39	 4.7291908e-01	 +2.6543206e-03 +1.7874917e-03	 4.25e-01 Skipping	 916	 3686	
40	 4.7120746e-01	 +2.8857290e-04 -3.8032063e-04	 3.01e-01 Skipping	 881	 3609	
41	 4.6927893e-01	 -1.6581094e-03 -1.1215406e-03	 6.84e-01 Skipping	 877	 3532	
42	 4.6796424e-01	 -1.6180297e-03 +7.0386341e-05	 7.67e-01 Skipping	 860	 3478	
43	 4.6595036e-01	 +2.8511963e-04 +1.1278923e-03	 4.04e-02 Skipping	 843	 3413	
44	 4.6483185e-01	 +1.7129850e-03 +1.8959053e-03	 7.76e-01 Skipping	 828	 3400	
45	 4.6280456e-01	 +1.6230203e-03 -3.0743242e-04	 1.96e-01 Skipping	 816	 3338	
46	 4.6078466e-01	 +2.0399315e-03 -2.1110000e-03	 4.27e-01 Skipping	 812	 3296	
47	 4.5942428e-01	 -6.9614541e-04 -6.8924791e-05	 8.93e-01 Skipping	 801	 3198	
48	 4.5812512e-01	 -8.5168966e-04 +2.3533139e-03	 4.49e-01 Skipping	 777	 3169	
49	 4.5637286e-01	 -9.1228173e-04 +7.5828303e-04	 1.01e+00 Skipping	 774	 3184	
50	 4.5551853e-01	 +1.8956386e-03 +7.6987640e-05	 5.49e-01 Skipping	 765	 3088	
51	 4.5481883e-01	 -1.4180203e-03 +3.0376716e-03	 8.48e-02 Accepted	 754	 3072	
52	 4.5481883e-01	 -1.4180203e-03 +3.0376716e-03	 1.41e-01 Rejected	 744	 3043	
