# Starting_type: ColdStart
# serial RNG seed: 	[15544 32168 64045 46314 24441]
# parallel RNG seed:	[16061 55292 22473 60299 64703]
# Trajectory_length / Number_of_MD_steps: 1 / 7
# 	 Plaquette	 Polyakov_Loop(re,im)	 Acc._Probability	 runtime_per_traj(s)	 CG_iterations	
1	 8.0002959e-01	 +3.7919804e-01 -5.0441461e-04	 2.01e-28 Skipping	 106	 393	
2	 7.1070644e-01	 +1.9290529e-01 +2.5267444e-04	 3.03e-17 Skipping	 131	 464	
3	 6.4596399e-01	 +1.0958948e-01 +1.4151961e-03	 8.63e-13 Skipping	 144	 530	
4	 5.9743742e-01	 +6.7844164e-02 +4.7635294e-04	 1.26e-09 Skipping	 160	 612	
5	 5.6013283e-01	 +4.7095888e-02 +2.3259084e-03	 1.09e-07 Skipping	 177	 695	
6	 5.3179911e-01	 +2.9028595e-02 +1.8957939e-03	 3.81e-06 Skipping	 201	 835	
7	 5.0921507e-01	 +2.1499840e-02 +9.0779705e-04	 3.24e-05 Skipping	 234	 1044	
8	 4.9084560e-01	 +1.2956941e-02 +2.4030693e-04	 2.40e-04 Skipping	 279	 1262	
9	 4.7481849e-01	 +6.9177495e-03 -2.5208906e-03	 3.79e-04 Skipping	 330	 1396	
10	 4.6035912e-01	 +6.0481663e-03 +4.0325365e-04	 7.81e-04 Skipping	 347	 1360	
11	 4.4641331e-01	 +2.1317379e-03 -2.1836177e-04	 2.77e-04 Skipping	 325	 1209	
12	 4.3279985e-01	 +1.8685903e-03 +1.6780901e-03	 7.55e-04 Skipping	 288	 1049	
13	 4.2082640e-01	 -2.1435285e-03 +1.9500003e-03	 9.54e-04 Skipping	 258	 919	
14	 4.1008558e-01	 +4.0458112e-03 -6.6862713e-04	 3.22e-03 Skipping	 231	 818	
15	 4.0129224e-01	 +9.8636226e-04 -5.1508490e-04	 1.15e-02 Skipping	 213	 737	
16	 3.9447113e-01	 +2.5667991e-03 -8.7019335e-04	 4.35e-02 Skipping	 197	 683	
17	 3.8970541e-01	 -1.3966589e-03 +4.7154780e-05	 9.13e-02 Skipping	 189	 663	
18	 3.8621968e-01	 +1.0863422e-03 -1.4581158e-03	 1.76e-01 Skipping	 183	 638	
19	 3.8336071e-01	 +2.8750517e-04 +2.2388950e-03	 2.68e-01 Skipping	 179	 620	
20	 3.8125166e-01	 -5.8797455e-04 +1.7890519e-03	 5.37e-01 Skipping	 176	 613	
21	 3.8030485e-01	 +1.3850354e-03 +6.7041623e-04	 7.29e-01 Skipping	 175	 614	
22	 3.7947499e-01	 +2.5290936e-03 -1.5789432e-03	 7.86e-01 Skipping	 175	 605	
23	 3.7863867e-01	 +1.0972975e-03 -6.2734945e-04	 5.87e-01 Skipping	 173	 599	
24	 3.7884554e-01	 +1.1670552e-03 +9.1559065e-04	 1.09e+00 Skipping	 172	 603	
25	 3.7844495e-01	 +3.9966987e-04 +1.6998109e-03	 7.88e-01 Skipping	 173	 600	
26	 3.7838246e-01	 +4.2984042e-04 -2.4013502e-04	 1.48e+00 Skipping	 173	 600	
27	 3.7818739e-01	 -8.7770512e-04 +4.2962582e-04	 1.03e+00 Skipping	 172	 598	
28	 3.7798355e-01	 +2.1826814e-03 -1.7522993e-04	 9.51e-01 Skipping	 173	 599	
29	 3.7763234e-01	 +4.5693423e-04 +6.7882446e-05	 5.92e-01 Skipping	 172	 595	
30	 3.7728495e-01	 +1.0706969e-03 +1.0448931e-03	 8.26e-01 Skipping	 171	 593	
31	 3.7725048e-01	 +6.9491539e-04 -2.1693642e-03	 1.40e+00 Skipping	 171	 594	
32	 3.7735601e-01	 -2.1653922e-03 +2.6056907e-03	 1.09e+00 Skipping	 172	 595	
33	 3.7786142e-01	 +2.1951439e-03 -6.0957578e-04	 1.18e+00 Skipping	 171	 597	
34	 3.7773095e-01	 -2.4443910e-03 +3.2763677e-03	 9.45e-01 Skipping	 171	 595	
35	 3.7733010e-01	 +1.2352884e-04 +1.4610320e-03	 7.38e-01 Skipping	 172	 593	
36	 3.7738677e-01	 +7.8299834e-04 +1.0563321e-03	 1.02e+00 Skipping	 171	 597	
37	 3.7719828e-01	 +5.4969649e-04 -8.2951962e-04	 8.66e-01 Skipping	 171	 594	
38	 3.7717038e-01	 +3.4638518e-03 -3.7897213e-04	 8.19e-01 Skipping	 171	 596	
39	 3.7704105e-01	 +3.7496687e-03 +1.7787514e-03	 1.13e+00 Skipping	 171	 591	
40	 3.7712133e-01	 +1.3917145e-03 +7.3424805e-04	 1.04e+00 Skipping	 171	 600	
41	 3.7698742e-01	 +7.2731713e-04 +3.3672538e-04	 5.32e-01 Skipping	 172	 603	
42	 3.7688873e-01	 -1.9763793e-03 -7.7588750e-05	 6.53e-01 Skipping	 172	 592	
43	 3.7711700e-01	 +4.0332788e-03 -1.9945689e-04	 1.52e+00 Skipping	 170	 593	
44	 3.7689318e-01	 +7.8210824e-04 -6.4052043e-04	 9.23e-01 Skipping	 170	 592	
45	 3.7745063e-01	 -1.0643869e-03 -2.1335584e-03	 1.23e+00 Skipping	 171	 594	
46	 3.7741115e-01	 +1.2975449e-03 +1.1180348e-03	 1.25e+00 Skipping	 171	 593	
47	 3.7741028e-01	 +1.4954091e-03 -1.8294949e-03	 9.23e-01 Skipping	 171	 592	
48	 3.7757221e-01	 +3.2706210e-03 -2.1181648e-03	 9.78e-01 Skipping	 172	 597	
49	 3.7760488e-01	 -2.5371640e-04 +1.6945779e-03	 1.12e+00 Skipping	 171	 600	
50	 3.7769323e-01	 -1.1146232e-03 -2.2550882e-03	 8.00e-01 Skipping	 173	 600	
51	 3.7769323e-01	 -1.1146232e-03 -2.2550882e-03	 7.85e-01 Rejected	 171	 598	
52	 3.7786657e-01	 +2.0877096e-03 -9.6099424e-04	 8.80e-01 Accepted	 172	 596	
53	 3.7779858e-01	 -7.4801403e-04 -7.5490443e-04	 1.31e+00 Accepted	 172	 597	
54	 3.7779858e-01	 -7.4801403e-04 -7.5490443e-04	 9.70e-01 Rejected	 172	 598	
55	 3.7775462e-01	 +8.7397172e-04 -1.9540903e-04	 7.98e-01 Accepted	 172	 594	
56	 3.7740553e-01	 -3.8316264e-04 -8.2275943e-04	 8.64e-01 Accepted	 172	 598	
57	 3.7746621e-01	 -2.4516868e-03 +1.4541518e-03	 9.43e-01 Accepted	 172	 603	
58	 3.7753622e-01	 +8.8187169e-04 -4.5011813e-06	 8.41e-01 Accepted	 172	 594	
59	 3.7744338e-01	 +9.5284468e-04 +7.0244636e-05	 9.24e-01 Accepted	 172	 595	
60	 3.7737755e-01	 -1.6868379e-03 +2.1299787e-03	 1.13e+00 Accepted	 171	 601	
61	 3.7785267e-01	 -1.8836298e-03 +2.1406764e-03	 1.42e+00 Accepted	 171	 598	
62	 3.7806739e-01	 -8.6809323e-04 +1.9017425e-04	 1.19e+00 Accepted	 172	 597	
63	 3.7781614e-01	 -2.0210594e-03 -2.5087465e-04	 6.01e-01 Accepted	 171	 595	
64	 3.7778753e-01	 +4.4491716e-04 -1.1149819e-03	 8.49e-01 Accepted	 171	 602	
65	 3.7775721e-01	 -1.5651674e-03 -6.5067510e-04	 9.64e-01 Accepted	 172	 597	
66	 3.7754341e-01	 -2.3185434e-03 +6.0780117e-04	 9.66e-01 Accepted	 172	 596	
67	 3.7741912e-01	 +8.2887844e-04 -6.0894716e-04	 8.68e-01 Accepted	 171	 595	
68	 3.7701901e-01	 -9.6365840e-04 -1.1454744e-03	 9.39e-01 Accepted	 172	 599	
69	 3.7721295e-01	 +3.5754245e-03 +1.9297507e-04	 8.82e-01 Accepted	 171	 592	
70	 3.7751996e-01	 +6.5514714e-04 -6.8425978e-04	 8.31e-01 Accepted	 171	 598	
71	 3.7712544e-01	 -7.7546730e-04 -1.0309140e-03	 9.38e-01 Accepted	 172	 595	
72	 3.7711715e-01	 -2.2606662e-03 +2.4809850e-03	 9.66e-01 Accepted	 170	 592	
73	 3.7767839e-01	 +6.0971643e-04 +2.5834819e-03	 1.03e+00 Accepted	 171	 594	
74	 3.7760896e-01	 -2.0579377e-04 -1.6051425e-03	 1.31e+00 Accepted	 171	 593	
75	 3.7760896e-01	 -2.0579377e-04 -1.6051425e-03	 8.46e-01 Rejected	 171	 594	
76	 3.7751308e-01	 +1.0545129e-03 +5.5695661e-04	 1.24e+00 Accepted	 171	 593	
77	 3.7742107e-01	 -5.4509709e-04 +1.5591918e-03	 1.23e+00 Accepted	 170	 591	
78	 3.7757848e-01	 +8.9737307e-04 +3.2637907e-04	 1.16e+00 Accepted	 171	 599	
79	 3.7743963e-01	 +2.6127484e-03 +6.8179281e-04	 9.64e-01 Accepted	 172	 598	
80	 3.7730263e-01	 -5.0982726e-04 +1.2540251e-03	 9.85e-01 Accepted	 172	 597	
81	 3.7760378e-01	 +1.0635603e-03 +4.9888540e-04	 1.24e+00 Accepted	 171	 597	
82	 3.7760378e-01	 +1.0635603e-03 +4.9888540e-04	 8.41e-01 Rejected	 172	 600	
83	 3.7757920e-01	 +1.6598080e-03 -1.0530073e-03	 1.04e+00 Accepted	 171	 601	
84	 3.7739207e-01	 +6.6585987e-05 -9.4569627e-04	 9.24e-01 Accepted	 172	 593	
85	 3.7749798e-01	 +6.6934823e-06 +1.1325386e-03	 1.23e+00 Accepted	 172	 602	
86	 3.7772560e-01	 -1.7954615e-03 +1.7162432e-03	 1.09e+00 Accepted	 172	 599	
87	 3.7834645e-01	 +2.1185745e-03 -1.4846800e-03	 1.03e+00 Accepted	 172	 601	
88	 3.7834645e-01	 +2.1185745e-03 -1.4846800e-03	 7.27e-01 Rejected	 171	 598	
89	 3.7819190e-01	 +3.2513356e-03 +3.2518933e-04	 9.28e-01 Accepted	 172	 596	
90	 3.7797722e-01	 +1.5125330e-03 +1.1125718e-03	 8.30e-01 Accepted	 173	 598	
91	 3.7797722e-01	 +1.5125330e-03 +1.1125718e-03	 7.94e-01 Rejected	 172	 597	
92	 3.7742199e-01	 +3.2237287e-04 -4.8591367e-04	 1.04e+00 Accepted	 172	 599	
93	 3.7727386e-01	 +6.4455151e-04 -1.5544230e-03	 1.05e+00 Accepted	 171	 591	
94	 3.7708609e-01	 +2.4289145e-03 -2.0034404e-03	 9.89e-01 Accepted	 172	 596	
95	 3.7742211e-01	 +2.6880407e-03 +4.8160867e-05	 1.22e+00 Accepted	 172	 596	
96	 3.7757229e-01	 +1.0539718e-04 -4.3253715e-04	 8.73e-01 Accepted	 171	 595	
97	 3.7798689e-01	 +2.8560059e-04 -1.6744912e-03	 1.19e+00 Accepted	 172	 597	
98	 3.7798689e-01	 +2.8560059e-04 -1.6744912e-03	 6.88e-01 Rejected	 171	 595	
99	 3.7799954e-01	 -5.2188637e-04 +2.0880868e-03	 1.37e+00 Accepted	 172	 595	
100	 3.7783202e-01	 +2.5697955e-03 +6.8265799e-04	 9.95e-01 Accepted	 172	 601	
101	 3.7797416e-01	 -4.0013203e-04 +2.3922309e-03	 1.09e+00 Accepted	 171	 596	
102	 3.7798901e-01	 -3.6431193e-04 -7.6559563e-04	 1.69e+00 Accepted	 172	 600	
103	 3.7729300e-01	 -1.3460222e-03 -2.5223834e-03	 7.77e-01 Accepted	 172	 596	
104	 3.7733853e-01	 -1.7854902e-03 +2.4648586e-04	 1.03e+00 Accepted	 170	 600	
105	 3.7727885e-01	 -1.5083783e-03 -3.8948478e-04	 7.53e-01 Accepted	 172	 596	
106	 3.7692567e-01	 -1.5448980e-03 -8.6953809e-04	 1.31e+00 Accepted	 170	 593	
107	 3.7707304e-01	 -9.9222984e-04 -7.4052248e-05	 8.64e-01 Accepted	 171	 594	
108	 3.7741210e-01	 +7.3638224e-04 -5.0130966e-04	 9.68e-01 Accepted	 171	 598	
109	 3.7730273e-01	 +2.6623610e-03 -4.6801742e-04	 1.03e+00 Accepted	 171	 594	
110	 3.7679653e-01	 -6.1439615e-04 -1.4091298e-03	 1.03e+00 Accepted	 170	 595	
111	 3.7715564e-01	 -5.9743033e-08 +8.7786034e-04	 9.89e-01 Accepted	 171	 596	
112	 3.7730243e-01	 -1.2538562e-03 +2.2380328e-04	 1.23e+00 Accepted	 171	 601	
113	 3.7770097e-01	 -4.9229851e-05 +2.7372421e-04	 1.21e+00 Accepted	 172	 598	
114	 3.7773870e-01	 -2.9733040e-04 +1.9406350e-03	 1.11e+00 Accepted	 172	 598	
115	 3.7768860e-01	 -6.9896903e-04 +1.8263042e-03	 8.46e-01 Accepted	 172	 595	
116	 3.7776126e-01	 +5.9841047e-04 +6.0372787e-04	 6.55e-01 Accepted	 172	 603	
117	 3.7776126e-01	 +5.9841047e-04 +6.0372787e-04	 9.60e-01 Rejected	 172	 602	
118	 3.7754979e-01	 -1.2754723e-03 -1.2581220e-03	 6.16e-01 Accepted	 172	 598	
119	 3.7717437e-01	 +1.6099272e-03 +2.0800076e-03	 7.46e-01 Accepted	 171	 600	
120	 3.7719223e-01	 +1.3838892e-03 +8.7811619e-04	 1.01e+00 Accepted	 172	 596	
121	 3.7764617e-01	 +8.4285356e-04 -1.3012300e-03	 9.83e-01 Accepted	 171	 595	
122	 3.7774809e-01	 -1.8360027e-03 +8.7850501e-04	 1.05e+00 Accepted	 172	 605	
123	 3.7770684e-01	 -1.4953545e-03 +2.0348430e-03	 1.02e+00 Accepted	 171	 592	
124	 3.7808362e-01	 +7.7736664e-04 -8.8932991e-04	 8.87e-01 Accepted	 171	 598	
125	 3.7774503e-01	 +1.7947475e-03 +1.9731188e-03	 9.64e-01 Accepted	 172	 598	
126	 3.7766033e-01	 -3.5552058e-05 -9.0434717e-04	 9.75e-01 Accepted	 172	 594	
127	 3.7763922e-01	 -9.0605183e-04 -4.5428354e-04	 1.17e+00 Accepted	 171	 593	
128	 3.7792469e-01	 +6.9469909e-04 +2.0817439e-03	 7.36e-01 Accepted	 171	 594	
129	 3.7792469e-01	 +6.9469909e-04 +2.0817439e-03	 7.85e-01 Rejected	 172	 601	
130	 3.7800615e-01	 +2.2789426e-04 -9.7043472e-04	 1.15e+00 Accepted	 172	 601	
131	 3.7759921e-01	 +1.3090069e-05 -2.1581714e-04	 7.85e-01 Accepted	 172	 595	
132	 3.7759921e-01	 +1.3090069e-05 -2.1581714e-04	 9.01e-01 Rejected	 172	 600	
133	 3.7773619e-01	 -6.0981557e-04 +1.9725495e-03	 7.81e-01 Accepted	 171	 606	
134	 3.7769056e-01	 -9.8453595e-04 +2.7214719e-03	 8.80e-01 Accepted	 172	 596	
135	 3.7838506e-01	 -1.4930735e-03 -1.9942634e-03	 1.02e+00 Accepted	 172	 602	
136	 3.7803404e-01	 -1.6854140e-03 +1.0192438e-03	 6.15e-01 Accepted	 171	 597	
137	 3.7803404e-01	 -1.6854140e-03 +1.0192438e-03	 6.47e-01 Rejected	 172	 600	
138	 3.7785038e-01	 -1.4267855e-03 -5.7487956e-04	 1.35e+00 Accepted	 171	 598	
139	 3.7765907e-01	 -1.0586991e-03 +1.3859172e-03	 8.18e-01 Accepted	 172	 602	
140	 3.7759163e-01	 -1.2917869e-03 -5.8446627e-04	 7.92e-01 Accepted	 173	 595	
141	 3.7781613e-01	 -1.0591868e-03 -5.4012498e-04	 1.22e+00 Accepted	 171	 597	
142	 3.7755385e-01	 +6.8259841e-04 +5.2676432e-04	 6.89e-01 Accepted	 172	 596	
143	 3.7747688e-01	 +7.2431512e-04 +8.3583779e-05	 1.04e+00 Accepted	 172	 598	
144	 3.7787905e-01	 -1.5216228e-03 -8.1652342e-04	 1.39e+00 Accepted	 172	 596	
145	 3.7791828e-01	 -5.9388456e-04 +4.2152908e-04	 1.04e+00 Accepted	 172	 599	
146	 3.7760286e-01	 -2.4084499e-03 +1.1476524e-03	 8.99e-01 Accepted	 173	 597	
147	 3.7746506e-01	 +2.2988185e-03 +6.4292547e-04	 1.30e+00 Accepted	 171	 597	
148	 3.7719698e-01	 +7.5245580e-04 -1.7443380e-03	 6.48e-01 Accepted	 172	 593	
149	 3.7732918e-01	 +1.3769622e-03 +9.0241851e-04	 9.39e-01 Accepted	 170	 598	
150	 3.7722020e-01	 +3.4949133e-03 -1.7090133e-03	 9.75e-01 Accepted	 172	 591	
151	 3.7735272e-01	 -7.2334051e-04 -1.5222983e-03	 1.25e+00 Accepted	 170	 597	
152	 3.7769177e-01	 -1.1457140e-03 +1.0027034e-04	 1.02e+00 Accepted	 171	 596	
153	 3.7769115e-01	 +2.0497872e-03 -1.0482338e-03	 1.09e+00 Accepted	 171	 594	
154	 3.7745736e-01	 +5.4142879e-04 +1.3808611e-03	 1.06e+00 Accepted	 171	 601	
155	 3.7773333e-01	 -2.0070804e-04 +3.5885360e-04	 8.76e-01 Accepted	 172	 600	
156	 3.7795849e-01	 -1.0451652e-03 -6.0377434e-04	 1.04e+00 Accepted	 172	 598	
157	 3.7757951e-01	 -1.5203005e-03 -9.0952188e-04	 1.06e+00 Accepted	 172	 596	
158	 3.7739427e-01	 +1.4006138e-03 -3.2898003e-03	 1.27e+00 Accepted	 171	 598	
159	 3.7747725e-01	 -2.2087563e-03 -6.8663062e-04	 9.89e-01 Accepted	 172	 600	
160	 3.7724218e-01	 +9.5070872e-05 -2.8354993e-03	 9.60e-01 Accepted	 172	 599	
161	 3.7780208e-01	 +1.4585054e-03 -8.7347526e-04	 1.08e+00 Accepted	 171	 601	
162	 3.7780208e-01	 +1.4585054e-03 -8.7347526e-04	 6.05e-01 Rejected	 172	 593	
163	 3.7742686e-01	 +2.9060960e-04 -5.8372860e-05	 8.32e-01 Accepted	 173	 594	
164	 3.7742686e-01	 +2.9060960e-04 -5.8372860e-05	 6.29e-01 Rejected	 172	 598	
165	 3.7697184e-01	 -3.7237419e-03 -1.5930883e-03	 9.81e-01 Accepted	 171	 597	
166	 3.7771501e-01	 +8.4129569e-04 -1.5202749e-03	 1.24e+00 Accepted	 171	 596	
167	 3.7792143e-01	 +4.4343489e-04 -1.3107127e-03	 9.76e-01 Accepted	 171	 599	
168	 3.7743423e-01	 +2.6445738e-03 +2.8375548e-03	 8.47e-01 Accepted	 172	 594	
169	 3.7743423e-01	 +2.6445738e-03 +2.8375548e-03	 6.55e-01 Rejected	 171	 600	
170	 3.7741206e-01	 +2.5483751e-03 +2.7835775e-03	 1.03e+00 Accepted	 171	 594	
171	 3.7739423e-01	 +1.9820895e-03 +1.4735120e-04	 1.01e+00 Accepted	 171	 601	
172	 3.7741341e-01	 +1.1911489e-03 -3.8228522e-04	 1.21e+00 Accepted	 172	 595	
173	 3.7718668e-01	 -1.1450780e-03 +3.4169071e-04	 9.10e-01 Accepted	 172	 597	
174	 3.7717653e-01	 -1.3794350e-03 +8.1247643e-04	 7.83e-01 Accepted	 172	 597	
175	 3.7774834e-01	 -1.4523720e-03 +7.9167879e-04	 1.05e+00 Accepted	 172	 599	
176	 3.7714255e-01	 +9.9027147e-04 +1.2233980e-03	 8.86e-01 Accepted	 172	 591	
177	 3.7714255e-01	 +9.9027147e-04 +1.2233980e-03	 6.92e-01 Rejected	 171	 593	
178	 3.7751708e-01	 -5.0233987e-04 +5.2915479e-04	 1.13e+00 Accepted	 170	 593	
179	 3.7797340e-01	 +1.9477280e-03 +1.1510990e-03	 1.01e+00 Accepted	 171	 594	
180	 3.7797340e-01	 +1.9477280e-03 +1.1510990e-03	 7.23e-01 Rejected	 171	 594	
181	 3.7775019e-01	 -1.2695612e-04 -9.1501072e-04	 1.07e+00 Accepted	 171	 592	
182	 3.7757409e-01	 -1.3948007e-03 +2.1157892e-03	 8.76e-01 Accepted	 171	 594	
183	 3.7731388e-01	 -1.3369662e-03 +4.1235641e-03	 8.86e-01 Accepted	 173	 598	
184	 3.7787068e-01	 -1.9367550e-03 -2.8868350e-03	 1.53e+00 Accepted	 172	 599	
185	 3.7798479e-01	 -2.6292943e-03 +3.1417339e-03	 7.75e-01 Accepted	 171	 596	
186	 3.7781726e-01	 -3.5904608e-05 -1.3430234e-03	 6.24e-01 Accepted	 173	 599	
187	 3.7781726e-01	 -3.5904608e-05 -1.3430234e-03	 8.69e-01 Rejected	 172	 598	
188	 3.7745375e-01	 -7.6725758e-05 -6.3737583e-05	 9.65e-01 Accepted	 172	 599	
189	 3.7781748e-01	 -2.0981292e-04 -1.6099166e-03	 1.24e+00 Accepted	 172	 599	
190	 3.7789201e-01	 +1.4430831e-03 -1.1217093e-03	 9.57e-01 Accepted	 171	 598	
191	 3.7792973e-01	 +1.1240694e-03 -1.7859745e-03	 8.85e-01 Accepted	 172	 598	
192	 3.7781824e-01	 +7.9615076e-04 +7.7291294e-05	 8.42e-01 Accepted	 172	 593	
193	 3.7745398e-01	 -5.0988955e-03 -3.8773753e-04	 1.02e+00 Accepted	 171	 595	
194	 3.7739887e-01	 -1.7041887e-04 -1.6756052e-03	 1.12e+00 Accepted	 171	 598	
195	 3.7729468e-01	 +6.6955310e-04 +5.7276435e-04	 1.05e+00 Accepted	 172	 591	
196	 3.7721547e-01	 +2.2993684e-03 -1.7823387e-03	 7.58e-01 Accepted	 171	 596	
197	 3.7723509e-01	 +1.2107436e-03 +2.8418359e-03	 1.22e+00 Accepted	 171	 593	
198	 3.7680379e-01	 -2.2507611e-03 +1.2638177e-03	 8.91e-01 Accepted	 170	 592	
199	 3.7693813e-01	 -4.5539946e-04 -1.4392112e-03	 1.13e+00 Accepted	 170	 594	
200	 3.7684914e-01	 -1.9988321e-03 -1.6521887e-03	 1.23e+00 Accepted	 170	 591	
201	 3.7689388e-01	 +6.4851054e-04 -1.5582183e-03	 9.06e-01 Accepted	 170	 592	
202	 3.7727882e-01	 +6.9592139e-06 -1.3344965e-03	 1.11e+00 Accepted	 172	 597	
203	 3.7673328e-01	 +1.8769012e-03 -2.2492019e-03	 5.62e-01 Accepted	 172	 592	
204	 3.7724991e-01	 -1.6359019e-03 -1.6234639e-03	 9.18e-01 Accepted	 172	 591	
205	 3.7735059e-01	 -6.2231205e-05 +5.0045772e-03	 1.06e+00 Accepted	 170	 595	
206	 3.7740015e-01	 -1.6598939e-03 +9.6179547e-04	 1.27e+00 Accepted	 172	 594	
207	 3.7704301e-01	 -3.4404522e-03 +3.3112308e-03	 7.96e-01 Accepted	 171	 592	
208	 3.7691411e-01	 +1.4845361e-03 -3.1618736e-03	 9.39e-01 Accepted	 170	 592	
209	 3.7697801e-01	 -1.8032637e-04 -8.0925169e-06	 9.45e-01 Accepted	 171	 592	
210	 3.7685935e-01	 -1.7196670e-03 +2.9200616e-04	 1.19e+00 Accepted	 171	 594	
211	 3.7677977e-01	 -1.1864340e-03 -5.5781190e-05	 9.34e-01 Accepted	 170	 592	
212	 3.7720023e-01	 +8.5026975e-04 -1.8214625e-03	 9.71e-01 Accepted	 171	 594	
213	 3.7744514e-01	 -1.8242535e-03 -1.8780575e-03	 8.19e-01 Accepted	 170	 599	
214	 3.7731327e-01	 +2.3753740e-05 -2.3001095e-04	 7.66e-01 Accepted	 171	 592	
215	 3.7726633e-01	 -9.3675960e-04 +2.2845439e-03	 1.44e+00 Accepted	 171	 597	
216	 3.7750824e-01	 +4.2897386e-03 +2.1089442e-03	 9.93e-01 Accepted	 173	 600	
217	 3.7744222e-01	 -7.0823240e-04 +8.9296650e-04	 8.58e-01 Accepted	 172	 593	
218	 3.7771361e-01	 -8.0256626e-04 +2.7870939e-03	 9.33e-01 Accepted	 171	 599	
219	 3.7775890e-01	 -1.3164456e-03 +4.5681816e-04	 9.30e-01 Accepted	 171	 600	
220	 3.7802773e-01	 +1.0844410e-03 -5.1595357e-04	 1.24e+00 Accepted	 171	 594	
221	 3.7759572e-01	 -5.1120945e-04 -6.9662641e-04	 8.08e-01 Accepted	 172	 596	
222	 3.7757116e-01	 +1.9283197e-04 -1.1003695e-03	 6.66e-01 Accepted	 172	 597	
223	 3.7757116e-01	 +1.9283197e-04 -1.1003695e-03	 8.83e-01 Rejected	 172	 598	
224	 3.7768694e-01	 +1.4002519e-03 +1.1405859e-03	 1.21e+00 Accepted	 172	 595	
225	 3.7716451e-01	 +1.3266044e-03 +9.1792232e-05	 7.72e-01 Accepted	 171	 597	
226	 3.7724927e-01	 -4.7549936e-05 +5.7238602e-04	 1.11e+00 Accepted	 171	 595	
227	 3.7752768e-01	 +1.6897091e-03 +1.1394877e-03	 1.02e+00 Accepted	 171	 596	
228	 3.7757821e-01	 -1.7820107e-03 -4.2971034e-04	 9.74e-01 Accepted	 171	 591	
229	 3.7760579e-01	 +7.7962774e-04 +8.8556035e-04	 8.90e-01 Accepted	 170	 592	
230	 3.7760579e-01	 +7.7962774e-04 +8.8556035e-04	 5.99e-01 Rejected	 171	 592	
231	 3.7797378e-01	 +1.9348609e-04 -1.1869904e-03	 1.16e+00 Accepted	 171	 602	
232	 3.7829653e-01	 -4.0399067e-04 +7.6727806e-04	 1.16e+00 Accepted	 172	 604	
233	 3.7831504e-01	 +2.2785536e-03 +9.0620084e-04	 7.52e-01 Accepted	 174	 603	
234	 3.7814654e-01	 +8.0513589e-04 +1.8609150e-03	 1.23e+00 Accepted	 172	 598	
235	 3.7808205e-01	 +1.3920478e-03 -4.7471897e-04	 7.99e-01 Accepted	 171	 602	
236	 3.7780304e-01	 +1.0119711e-03 -1.7794371e-03	 8.42e-01 Accepted	 172	 593	
237	 3.7780304e-01	 +1.0119711e-03 -1.7794371e-03	 8.24e-01 Rejected	 170	 603	
238	 3.7798040e-01	 +1.8877078e-04 -1.0925188e-03	 1.07e+00 Accepted	 171	 602	
239	 3.7836489e-01	 +8.6498964e-04 +9.1345774e-04	 7.78e-01 Accepted	 172	 597	
240	 3.7798855e-01	 +9.3440637e-04 -7.6332461e-04	 1.10e+00 Accepted	 171	 597	
241	 3.7805438e-01	 -6.3976145e-04 -5.4837043e-04	 7.30e-01 Accepted	 171	 598	
242	 3.7789012e-01	 +1.0442290e-03 +3.2095643e-03	 8.86e-01 Accepted	 172	 595	
243	 3.7777546e-01	 +8.6425853e-04 -5.8520748e-05	 8.73e-01 Accepted	 172	 597	
244	 3.7800831e-01	 -1.9793620e-03 +5.1265209e-04	 1.14e+00 Accepted	 171	 594	
245	 3.7803277e-01	 +1.0216349e-03 +8.5553557e-04	 9.50e-01 Accepted	 172	 603	
246	 3.7780674e-01	 -1.4100616e-03 +1.5123138e-03	 9.85e-01 Accepted	 172	 595	
