# Starting_type: ColdStart
# serial RNG seed: 	[54706 44836 44701 43578 9211]
# parallel RNG seed:	[41748 8330 33254 265 3799]
# Trajectory_length / Number_of_MD_steps: 1 / 7
# 	 Plaquette	 Polyakov_Loop(re,im)	 Acc._Probability	 runtime_per_traj(s)	 CG_iterations	
1	 8.0017470e-01	 +3.9696871e-01 +1.2531304e-03	 5.08e-29 Skipping	 106	 389	
2	 7.1476520e-01	 +2.1096174e-01 +4.6944779e-04	 6.58e-17 Skipping	 129	 454	
3	 6.5408209e-01	 +1.2638153e-01 -1.5621761e-03	 2.01e-12 Skipping	 142	 520	
4	 6.0868713e-01	 +8.0531363e-02 -1.0281860e-04	 1.82e-09 Skipping	 155	 590	
5	 5.7454165e-01	 +5.2776661e-02 -1.2416783e-03	 2.95e-07 Skipping	 171	 656	
6	 5.4846302e-01	 +3.7859577e-02 +1.8877854e-03	 1.21e-05 Skipping	 187	 751	
7	 5.2814497e-01	 +2.7567890e-02 -8.8077875e-04	 1.89e-04 Skipping	 214	 907	
8	 5.1216985e-01	 +2.1300575e-02 +9.8562891e-04	 4.26e-04 Skipping	 253	 1170	
9	 4.9899323e-01	 +1.2683486e-02 -1.1845544e-03	 2.17e-03 Skipping	 302	 1313	
10	 4.8742527e-01	 +7.2592900e-03 -4.6730377e-04	 3.14e-03 Skipping	 346	 1607	
11	 4.7685249e-01	 +4.1179154e-03 +1.0487131e-03	 5.13e-03 Skipping	 371	 1499	
12	 4.6722297e-01	 +7.7680470e-03 -1.0239260e-04	 4.18e-03 Skipping	 360	 1419	
13	 4.5749264e-01	 +1.9773222e-03 -2.1400318e-03	 3.79e-03 Skipping	 340	 1312	
14	 4.4799313e-01	 -4.0316850e-04 -7.8474736e-04	 3.54e-03 Skipping	 316	 1195	
15	 4.3918560e-01	 +2.5082554e-03 +2.3129112e-03	 8.11e-03 Skipping	 291	 1095	
16	 4.3079075e-01	 +1.7995695e-03 -1.9697355e-04	 6.31e-03 Skipping	 270	 983	
17	 4.2312598e-01	 -1.2111370e-04 -1.5676968e-03	 1.15e-02 Skipping	 246	 905	
18	 4.1617766e-01	 +1.8407358e-03 +5.9360155e-04	 1.70e-02 Skipping	 231	 835	
19	 4.1077162e-01	 -1.1627666e-03 +2.1520639e-03	 7.36e-02 Skipping	 220	 791	
20	 4.0654732e-01	 +4.2478616e-05 +3.6943733e-03	 1.27e-01 Skipping	 211	 751	
21	 4.0327015e-01	 +1.9841769e-03 +1.4491544e-03	 2.52e-01 Skipping	 204	 725	
22	 4.0047215e-01	 +2.5412384e-04 +1.2768819e-03	 2.02e-01 Skipping	 198	 701	
23	 3.9842552e-01	 -1.2157282e-03 -1.0357382e-03	 2.69e-01 Skipping	 192	 695	
24	 3.9696430e-01	 +7.9402118e-04 -2.2083326e-04	 4.78e-01 Skipping	 191	 684	
25	 3.9612963e-01	 -2.1789977e-03 -9.9019059e-04	 6.56e-01 Skipping	 190	 684	
26	 3.9536357e-01	 +2.5696221e-05 -9.0091499e-04	 8.61e-01 Skipping	 189	 681	
27	 3.9423334e-01	 -7.4131632e-04 +1.4867519e-03	 6.70e-01 Skipping	 188	 674	
28	 3.9402431e-01	 -9.8701783e-05 -4.0618168e-04	 1.01e+00 Skipping	 188	 680	
29	 3.9408840e-01	 +5.7552226e-04 -6.6037637e-04	 9.03e-01 Skipping	 189	 666	
30	 3.9395372e-01	 +4.5798657e-04 +9.5556711e-04	 1.10e+00 Skipping	 188	 663	
31	 3.9367003e-01	 +1.1158426e-03 +7.5414240e-04	 6.79e-01 Skipping	 186	 667	
32	 3.9354575e-01	 -1.9128566e-03 +1.8303705e-03	 8.53e-01 Skipping	 188	 663	
33	 3.9339571e-01	 +6.7607782e-04 +4.4751202e-04	 1.12e+00 Skipping	 186	 664	
34	 3.9329980e-01	 -1.2675401e-03 +1.8945693e-03	 9.49e-01 Skipping	 187	 665	
35	 3.9326655e-01	 -3.2183855e-03 -5.2009454e-04	 6.69e-01 Skipping	 186	 663	
36	 3.9310045e-01	 +1.0448415e-03 -2.2622624e-04	 1.53e+00 Skipping	 187	 663	
37	 3.9296813e-01	 -8.7982842e-04 +1.1070312e-03	 1.18e+00 Skipping	 187	 665	
38	 3.9358740e-01	 -2.9426022e-04 +7.2492265e-04	 1.32e+00 Skipping	 187	 671	
39	 3.9335146e-01	 -1.4511672e-03 +1.4679756e-03	 1.01e+00 Skipping	 188	 668	
40	 3.9348418e-01	 -3.0992137e-03 -1.0075928e-03	 9.90e-01 Skipping	 186	 666	
41	 3.9357338e-01	 +1.6185948e-05 -1.3821499e-03	 6.92e-01 Skipping	 186	 672	
42	 3.9323417e-01	 +1.7533852e-03 +9.7393167e-06	 8.94e-01 Skipping	 186	 663	
43	 3.9347950e-01	 +9.6619920e-04 -3.6376765e-03	 9.65e-01 Skipping	 187	 668	
44	 3.9377763e-01	 -5.1265760e-04 +1.1330449e-04	 1.12e+00 Skipping	 187	 670	
45	 3.9345296e-01	 -1.0006587e-03 +5.0218469e-04	 7.35e-01 Skipping	 187	 666	
46	 3.9291434e-01	 +4.7798556e-05 +1.2058099e-03	 5.99e-01 Skipping	 186	 665	
47	 3.9265070e-01	 +9.9065032e-04 -4.4903481e-05	 1.02e+00 Skipping	 185	 671	
48	 3.9276031e-01	 +2.0500691e-04 -1.2229749e-03	 8.86e-01 Skipping	 187	 676	
49	 3.9313068e-01	 -1.0679814e-03 -1.1422780e-03	 1.22e+00 Skipping	 187	 670	
50	 3.9300972e-01	 +1.3596193e-04 +6.8987703e-03	 1.08e+00 Skipping	 187	 660	
51	 3.9315682e-01	 -2.0430719e-03 -1.1710922e-03	 1.03e+00 Accepted	 186	 660	
52	 3.9313295e-01	 -3.5483428e-03 -2.7009379e-03	 8.37e-01 Accepted	 186	 681	
53	 3.9305279e-01	 +2.8307543e-05 -2.8103794e-04	 1.11e+00 Accepted	 187	 663	
54	 3.9328105e-01	 -3.0402406e-04 -1.1945583e-03	 1.01e+00 Accepted	 187	 662	
55	 3.9340146e-01	 +6.7405200e-05 -2.2850711e-03	 8.13e-01 Accepted	 188	 669	
56	 3.9341069e-01	 +2.3886901e-03 +7.1709498e-04	 8.17e-01 Accepted	 186	 667	
57	 3.9362209e-01	 +3.8462858e-04 +5.1075864e-04	 8.45e-01 Accepted	 185	 668	
58	 3.9345974e-01	 -1.4210358e-04 -1.5191823e-03	 8.14e-01 Accepted	 188	 664	
59	 3.9351689e-01	 -7.8998931e-04 +8.9204014e-04	 1.22e+00 Accepted	 187	 660	
60	 3.9352379e-01	 -8.1855929e-04 +4.5235956e-05	 1.01e+00 Accepted	 187	 666	
61	 3.9393705e-01	 +8.0027721e-05 +2.3486580e-03	 1.20e+00 Accepted	 186	 670	
62	 3.9367595e-01	 -2.2434702e-04 -8.8356676e-04	 9.69e-01 Accepted	 186	 663	
63	 3.9345682e-01	 -7.5947202e-06 -3.3456111e-03	 6.92e-01 Accepted	 186	 671	
64	 3.9336470e-01	 -1.0390758e-03 -4.6251098e-04	 1.71e+00 Accepted	 186	 664	
65	 3.9336470e-01	 -1.0390758e-03 -4.6251098e-04	 5.56e-01 Rejected	 186	 664	
66	 3.9321164e-01	 -5.5011021e-04 -1.0138964e-03	 8.97e-01 Accepted	 186	 667	
67	 3.9351589e-01	 +7.1644279e-04 +1.2522901e-03	 1.13e+00 Accepted	 186	 663	
68	 3.9348118e-01	 +2.3024374e-03 -9.7281464e-04	 8.45e-01 Accepted	 186	 672	
69	 3.9329964e-01	 +7.5511911e-04 +9.1169879e-04	 1.02e+00 Accepted	 188	 667	
70	 3.9287223e-01	 +1.9440160e-04 -2.9576324e-04	 1.00e+00 Accepted	 186	 662	
71	 3.9269803e-01	 +1.2927406e-03 +2.3148098e-03	 7.27e-01 Accepted	 184	 664	
72	 3.9286271e-01	 -2.0158764e-03 +1.5681227e-03	 1.16e+00 Accepted	 186	 659	
73	 3.9326655e-01	 +6.3167392e-04 +1.5028275e-03	 9.75e-01 Accepted	 186	 665	
74	 3.9326655e-01	 +6.3167392e-04 +1.5028275e-03	 6.91e-01 Rejected	 186	 663	
75	 3.9259783e-01	 +2.4685795e-04 -5.8069840e-04	 8.31e-01 Accepted	 187	 673	
76	 3.9268016e-01	 -5.3169132e-04 -2.2242640e-03	 1.30e+00 Accepted	 188	 664	
77	 3.9287826e-01	 +1.4925665e-03 -7.3742353e-04	 8.46e-01 Accepted	 186	 665	
78	 3.9265462e-01	 +3.7305693e-03 -2.2258290e-04	 8.15e-01 Accepted	 187	 661	
79	 3.9301809e-01	 +4.1503521e-04 -2.0791932e-04	 1.17e+00 Accepted	 186	 664	
80	 3.9334605e-01	 +6.2907174e-04 -2.2367471e-03	 1.34e+00 Accepted	 186	 670	
81	 3.9362395e-01	 -6.5657041e-04 -2.8043749e-04	 1.40e+00 Accepted	 188	 672	
82	 3.9362395e-01	 -6.5657041e-04 -2.8043749e-04	 9.23e-01 Rejected	 188	 661	
83	 3.9362395e-01	 -6.5657041e-04 -2.8043749e-04	 8.66e-01 Rejected	 188	 662	
84	 3.9362395e-01	 -6.5657041e-04 -2.8043749e-04	 8.24e-01 Rejected	 187	 665	
85	 3.9343805e-01	 +1.2025010e-03 -1.7151651e-04	 1.52e+00 Accepted	 187	 668	
86	 3.9365887e-01	 -6.6716695e-04 -1.7429139e-03	 1.52e+00 Accepted	 186	 672	
87	 3.9342146e-01	 -1.5482550e-04 +7.4366865e-04	 6.37e-01 Accepted	 187	 668	
88	 3.9362680e-01	 -3.2825448e-04 -7.4475485e-04	 8.26e-01 Accepted	 185	 667	
89	 3.9322773e-01	 +1.2101042e-03 -1.4457381e-03	 8.57e-01 Accepted	 188	 667	
90	 3.9305733e-01	 -4.1476965e-04 +1.6488647e-03	 1.27e+00 Accepted	 186	 664	
91	 3.9310981e-01	 -1.3817757e-03 +5.5546696e-04	 1.19e+00 Accepted	 187	 664	
92	 3.9266782e-01	 +5.1345894e-04 -1.8417207e-03	 6.58e-01 Accepted	 186	 663	
93	 3.9288415e-01	 +1.5561445e-03 -1.9949179e-03	 1.29e+00 Accepted	 186	 665	
94	 3.9269549e-01	 +1.6413047e-03 +1.6600050e-03	 9.38e-01 Accepted	 185	 659	
95	 3.9269549e-01	 +1.6413047e-03 +1.6600050e-03	 8.98e-01 Rejected	 184	 663	
96	 3.9254466e-01	 +2.8696525e-04 -7.4101950e-04	 8.53e-01 Accepted	 185	 656	
97	 3.9201654e-01	 -5.5740428e-04 -3.4702173e-03	 8.82e-01 Accepted	 184	 658	
98	 3.9201654e-01	 -5.5740428e-04 -3.4702173e-03	 6.07e-01 Rejected	 185	 659	
99	 3.9221606e-01	 -1.9759815e-03 -5.1681189e-07	 2.09e+00 Accepted	 183	 660	
100	 3.9232157e-01	 -9.9116513e-04 +2.4957908e-04	 8.23e-01 Accepted	 184	 655	
101	 3.9232157e-01	 -9.9116513e-04 +2.4957908e-04	 7.66e-01 Rejected	 185	 662	
102	 3.9257752e-01	 -8.8332030e-05 -4.9045305e-04	 1.31e+00 Accepted	 184	 659	
103	 3.9284117e-01	 +1.1509811e-03 +2.2686223e-03	 9.93e-01 Accepted	 185	 666	
104	 3.9233929e-01	 -1.3777977e-03 +8.0058600e-04	 7.13e-01 Accepted	 185	 661	
105	 3.9263174e-01	 -1.4520202e-03 -9.9167777e-04	 1.06e+00 Accepted	 185	 664	
106	 3.9282923e-01	 +1.6677894e-03 -2.4694954e-04	 9.70e-01 Accepted	 186	 660	
107	 3.9300793e-01	 +8.4659952e-04 +8.2298326e-04	 1.35e+00 Accepted	 185	 666	
108	 3.9279834e-01	 +1.1958729e-03 +4.1570729e-04	 1.26e+00 Accepted	 185	 661	
109	 3.9304242e-01	 +8.7596071e-04 +1.9893371e-03	 9.33e-01 Accepted	 185	 664	
110	 3.9284443e-01	 -3.2838291e-03 +1.5378126e-03	 8.59e-01 Accepted	 187	 663	
111	 3.9303534e-01	 +1.0676710e-03 -2.3796569e-03	 1.06e+00 Accepted	 185	 660	
112	 3.9264137e-01	 +3.6493109e-03 -1.0210231e-03	 6.80e-01 Accepted	 185	 670	
113	 3.9221429e-01	 +9.9492625e-05 -9.4360617e-04	 9.94e-01 Accepted	 187	 658	
114	 3.9281724e-01	 -2.0785144e-04 -1.9689450e-04	 1.62e+00 Accepted	 186	 666	
115	 3.9280800e-01	 -8.7510153e-05 +4.5190701e-04	 9.08e-01 Accepted	 186	 665	
116	 3.9267903e-01	 -7.8435246e-04 -9.8824351e-05	 1.09e+00 Accepted	 186	 667	
117	 3.9260491e-01	 -2.9622182e-03 -2.3355974e-03	 5.94e-01 Accepted	 186	 661	
118	 3.9212094e-01	 -1.5902537e-04 +1.1596609e-03	 9.19e-01 Accepted	 186	 663	
119	 3.9264520e-01	 +5.5560030e-04 -1.7927936e-03	 1.17e+00 Accepted	 184	 655	
120	 3.9272239e-01	 +1.0988126e-03 -6.9410799e-04	 8.23e-01 Accepted	 185	 658	
121	 3.9273406e-01	 +1.4093767e-04 +3.6135747e-04	 9.12e-01 Accepted	 185	 660	
122	 3.9333601e-01	 +2.2899977e-03 +1.0403370e-03	 1.22e+00 Accepted	 186	 672	
123	 3.9345267e-01	 +1.5979908e-03 +5.9915937e-04	 1.26e+00 Accepted	 187	 663	
124	 3.9345267e-01	 +1.5979908e-03 +5.9915937e-04	 7.68e-01 Rejected	 187	 665	
125	 3.9314274e-01	 +8.4682556e-04 +5.5325929e-05	 1.01e+00 Accepted	 187	 666	
126	 3.9322508e-01	 -7.7214520e-04 -1.2015000e-03	 1.25e+00 Accepted	 188	 669	
127	 3.9303023e-01	 +8.2826609e-04 -6.5158440e-04	 1.30e+00 Accepted	 186	 662	
128	 3.9329965e-01	 -1.3363207e-03 -7.9693247e-04	 9.10e-01 Accepted	 186	 662	
129	 3.9316692e-01	 -3.8002912e-04 -1.6736316e-03	 1.26e+00 Accepted	 185	 667	
130	 3.9283069e-01	 -7.5929648e-04 -7.7046111e-04	 1.21e+00 Accepted	 186	 665	
131	 3.9267794e-01	 -1.9927957e-03 -1.0863600e-03	 1.38e+00 Accepted	 187	 671	
132	 3.9311487e-01	 +2.3487179e-04 +1.2535601e-04	 1.26e+00 Accepted	 186	 668	
133	 3.9247806e-01	 -7.2338315e-04 +3.6376914e-04	 6.81e-01 Accepted	 186	 664	
134	 3.9275999e-01	 -6.4176949e-04 -1.1179967e-03	 1.04e+00 Accepted	 186	 663	
135	 3.9301414e-01	 -4.0706772e-04 -4.3260406e-04	 1.57e+00 Accepted	 186	 659	
136	 3.9323313e-01	 +2.5948580e-03 -1.4190678e-04	 1.05e+00 Accepted	 186	 668	
137	 3.9345038e-01	 -3.3149914e-03 -1.2466056e-03	 1.03e+00 Accepted	 187	 666	
138	 3.9355197e-01	 +4.5601913e-04 -2.0262880e-03	 1.50e+00 Accepted	 187	 667	
139	 3.9351924e-01	 -2.1438371e-03 -1.7088861e-03	 1.03e+00 Accepted	 186	 673	
140	 3.9339706e-01	 +2.4754561e-03 +4.2110743e-04	 8.39e-01 Accepted	 188	 668	
141	 3.9319729e-01	 -1.1547592e-05 -2.2109174e-03	 8.82e-01 Accepted	 187	 664	
142	 3.9306097e-01	 +5.3458811e-04 -1.8371256e-03	 9.31e-01 Accepted	 187	 683	
143	 3.9282557e-01	 -8.2053615e-04 +2.1172241e-04	 8.00e-01 Accepted	 188	 660	
144	 3.9286231e-01	 +6.2600824e-04 +4.2946412e-04	 1.17e+00 Accepted	 186	 671	
145	 3.9330819e-01	 -5.3918853e-04 +3.1123274e-03	 1.20e+00 Accepted	 187	 659	
146	 3.9346248e-01	 +6.7326727e-04 -1.5135749e-03	 9.50e-01 Accepted	 185	 665	
147	 3.9336786e-01	 -4.7933971e-05 -1.9725242e-03	 1.23e+00 Accepted	 186	 677	
148	 3.9347227e-01	 -2.3455742e-04 +9.9875097e-05	 1.10e+00 Accepted	 187	 671	
149	 3.9321916e-01	 -3.3982100e-03 +1.5438578e-03	 6.24e-01 Accepted	 187	 666	
150	 3.9352476e-01	 +1.5283761e-03 +1.2883462e-03	 1.90e+00 Accepted	 187	 668	
151	 3.9352476e-01	 +1.5283761e-03 +1.2883462e-03	 6.09e-01 Rejected	 186	 663	
152	 3.9352476e-01	 +1.5283761e-03 +1.2883462e-03	 8.60e-01 Rejected	 186	 662	
153	 3.9310844e-01	 -2.5112378e-03 -4.1686652e-04	 1.13e+00 Accepted	 187	 660	
154	 3.9337577e-01	 -8.0803270e-04 +1.3605012e-03	 1.01e+00 Accepted	 186	 664	
155	 3.9322086e-01	 +6.6026405e-04 +5.3408673e-04	 6.56e-01 Accepted	 186	 669	
156	 3.9340879e-01	 +9.1985662e-04 +1.7711100e-03	 8.88e-01 Accepted	 187	 665	
157	 3.9317160e-01	 -2.8891270e-03 -1.2607185e-03	 1.07e+00 Accepted	 184	 661	
158	 3.9305793e-01	 +6.4996077e-04 -9.5345311e-04	 7.72e-01 Accepted	 186	 660	
159	 3.9311508e-01	 -1.0898704e-03 -7.3632669e-05	 9.85e-01 Accepted	 186	 666	
160	 3.9290443e-01	 +7.6620753e-04 +1.6685450e-04	 7.95e-01 Accepted	 187	 665	
161	 3.9280651e-01	 +1.2650029e-03 -2.0978224e-03	 1.01e+00 Accepted	 186	 666	
162	 3.9288484e-01	 +1.1028265e-04 -1.1451513e-03	 1.44e+00 Accepted	 186	 665	
163	 3.9300097e-01	 -1.8796390e-03 -1.5661403e-03	 1.22e+00 Accepted	 185	 668	
164	 3.9302377e-01	 +2.2026033e-03 -1.1785529e-03	 7.62e-01 Accepted	 186	 675	
165	 3.9297397e-01	 -2.1055734e-03 -3.5474506e-03	 8.56e-01 Accepted	 186	 663	
166	 3.9273130e-01	 -3.6860548e-04 +5.1475703e-04	 8.31e-01 Accepted	 186	 670	
167	 3.9300938e-01	 -1.8300156e-03 +2.0307960e-03	 1.15e+00 Accepted	 186	 666	
168	 3.9300938e-01	 -1.8300156e-03 +2.0307960e-03	 8.12e-01 Rejected	 187	 662	
169	 3.9295291e-01	 +9.8269908e-04 +2.9063953e-03	 1.04e+00 Accepted	 187	 662	
170	 3.9282799e-01	 -1.6828085e-03 +2.5870131e-03	 9.81e-01 Accepted	 187	 668	
171	 3.9272308e-01	 +2.6204740e-03 +5.5870022e-04	 6.97e-01 Accepted	 186	 670	
172	 3.9256205e-01	 -6.4257003e-04 -1.3173518e-03	 9.51e-01 Accepted	 187	 663	
173	 3.9296897e-01	 -1.3522464e-04 -6.4610760e-04	 1.19e+00 Accepted	 187	 662	
174	 3.9325880e-01	 +2.7205979e-03 -8.1237089e-04	 1.36e+00 Accepted	 186	 665	
175	 3.9360103e-01	 -2.4916328e-03 -3.6931352e-04	 9.96e-01 Accepted	 186	 663	
176	 3.9360103e-01	 -2.4916328e-03 -3.6931352e-04	 6.91e-01 Rejected	 185	 660	
177	 3.9334648e-01	 +7.7773546e-04 -6.1165078e-04	 8.79e-01 Accepted	 186	 662	
178	 3.9359091e-01	 -4.2995157e-04 -1.3281544e-03	 1.07e+00 Accepted	 187	 662	
179	 3.9316792e-01	 +1.9712911e-03 +4.4068735e-03	 7.66e-01 Accepted	 186	 668	
180	 3.9302050e-01	 +7.6911248e-04 -4.3464590e-04	 9.00e-01 Accepted	 186	 663	
181	 3.9317752e-01	 +2.7474351e-03 +5.5196283e-05	 1.55e+00 Accepted	 186	 664	
182	 3.9309952e-01	 +2.1642901e-04 -8.5881739e-04	 8.79e-01 Accepted	 186	 673	
183	 3.9297931e-01	 -6.3217814e-04 -3.1310801e-03	 7.59e-01 Accepted	 187	 670	
184	 3.9282491e-01	 -2.7288965e-03 +7.6100471e-04	 8.27e-01 Accepted	 187	 679	
185	 3.9272074e-01	 +1.7971524e-03 -1.4645599e-04	 1.07e+00 Accepted	 186	 662	
186	 3.9212342e-01	 +3.7503287e-03 -1.1332076e-03	 7.85e-01 Accepted	 187	 660	
187	 3.9245027e-01	 +1.0858311e-03 -2.0649354e-03	 1.37e+00 Accepted	 186	 665	
188	 3.9304570e-01	 +7.8120398e-04 -4.1744745e-04	 1.14e+00 Accepted	 187	 669	
189	 3.9315771e-01	 +2.9499189e-04 -2.5968234e-04	 1.05e+00 Accepted	 187	 663	
190	 3.9338767e-01	 -1.7948984e-03 +8.8813968e-04	 7.30e-01 Accepted	 187	 666	
191	 3.9344261e-01	 +2.8404421e-03 -2.2604837e-04	 1.03e+00 Accepted	 187	 666	
192	 3.9323778e-01	 +2.0949053e-04 -3.3254526e-03	 1.08e+00 Accepted	 188	 669	
193	 3.9314073e-01	 +5.9168741e-04 -4.1203602e-04	 9.79e-01 Accepted	 187	 665	
194	 3.9353861e-01	 -9.9137839e-04 +6.4774501e-04	 1.16e+00 Accepted	 186	 671	
195	 3.9311661e-01	 +1.5604520e-03 +7.2049194e-05	 9.38e-01 Accepted	 186	 665	
196	 3.9306107e-01	 +5.9014045e-04 +2.7729323e-03	 8.01e-01 Accepted	 187	 666	
197	 3.9313819e-01	 -1.4070201e-03 +2.4517253e-03	 9.49e-01 Accepted	 186	 663	
198	 3.9333789e-01	 -1.9192463e-04 -1.4610181e-03	 9.00e-01 Accepted	 186	 663	
199	 3.9347596e-01	 +2.2418772e-03 -4.7718001e-04	 1.26e+00 Accepted	 186	 670	
200	 3.9254064e-01	 -4.4081562e-04 +1.0044549e-03	 8.82e-01 Accepted	 187	 671	
201	 3.9258351e-01	 -5.5432602e-04 -2.7612970e-03	 7.22e-01 Accepted	 187	 663	
202	 3.9260690e-01	 -1.8254784e-03 -2.4435561e-03	 1.05e+00 Accepted	 186	 673	
203	 3.9308497e-01	 -2.1420056e-03 +6.3642194e-04	 1.35e+00 Accepted	 186	 665	
204	 3.9305005e-01	 -2.1800478e-03 -2.4208060e-03	 1.14e+00 Accepted	 185	 661	
205	 3.9346962e-01	 +6.9389928e-04 +9.4673956e-04	 1.13e+00 Accepted	 186	 663	
206	 3.9326024e-01	 +6.5885673e-05 +1.7739412e-03	 9.88e-01 Accepted	 186	 662	
207	 3.9326024e-01	 +6.5885673e-05 +1.7739412e-03	 7.88e-01 Rejected	 187	 676	
208	 3.9304064e-01	 +2.5813153e-05 +4.8655075e-04	 1.04e+00 Accepted	 185	 662	
209	 3.9303654e-01	 -1.2455200e-03 -1.9356509e-03	 8.00e-01 Accepted	 186	 665	
210	 3.9295522e-01	 +2.6959774e-04 +9.4907420e-04	 9.72e-01 Accepted	 186	 663	
211	 3.9263889e-01	 -8.9112230e-04 +5.2326811e-04	 6.54e-01 Accepted	 185	 659	
212	 3.9327508e-01	 -5.6693020e-04 -1.1532492e-03	 1.23e+00 Accepted	 185	 664	
213	 3.9325889e-01	 -6.8495529e-04 -1.7499007e-03	 9.23e-01 Accepted	 185	 660	
214	 3.9329931e-01	 -2.8597610e-03 +1.3793646e-03	 1.20e+00 Accepted	 186	 664	
215	 3.9329931e-01	 -2.8597610e-03 +1.3793646e-03	 8.14e-01 Rejected	 185	 665	
216	 3.9319208e-01	 +6.5878001e-04 +4.3092968e-04	 8.45e-01 Accepted	 186	 660	
217	 3.9321046e-01	 -1.9410521e-03 -2.1921981e-03	 6.87e-01 Accepted	 185	 665	
218	 3.9311585e-01	 +3.7050846e-04 +2.8035894e-04	 7.37e-01 Accepted	 186	 658	
219	 3.9297265e-01	 +1.5085420e-03 -7.2109605e-04	 1.09e+00 Accepted	 184	 660	
220	 3.9290970e-01	 +1.2769136e-03 +1.4495452e-03	 1.17e+00 Accepted	 185	 665	
221	 3.9290970e-01	 +1.2769136e-03 +1.4495452e-03	 7.05e-01 Rejected	 185	 660	
222	 3.9272062e-01	 +1.9925650e-03 +1.9023435e-03	 6.00e-01 Accepted	 185	 661	
223	 3.9293553e-01	 +2.0352359e-03 +3.2392727e-03	 1.02e+00 Accepted	 185	 662	
224	 3.9272706e-01	 +3.2839625e-05 +1.7944637e-03	 1.22e+00 Accepted	 185	 670	
225	 3.9262000e-01	 -1.7321711e-03 -4.4489616e-04	 8.33e-01 Accepted	 185	 664	
