# Starting_type: ColdStart
# serial RNG seed: 	[32455 56114 16469 40229 315]
# parallel RNG seed:	[45056 62492 49846 38742 52669]
# Trajectory_length / Number_of_MD_steps: 1 / 8
# 	 Plaquette	 Polyakov_Loop(re,im)	 Acc._Probability	 runtime_per_traj(s)	 CG_iterations	
1	 7.9630309e-01	 +3.0645598e-01 +1.5167544e-03	 1.01e-22 Skipping	 152	 580	
2	 6.8288197e-01	 +1.2791612e-01 +1.9800958e-04	 4.79e-15 Skipping	 210	 831	
3	 5.9435799e-01	 +5.9457794e-02 -1.4222847e-04	 3.83e-11 Skipping	 269	 1158	
4	 5.2492435e-01	 +2.5845871e-02 +4.1541396e-03	 5.61e-08 Skipping	 359	 1769	
5	 4.6911420e-01	 +9.5270623e-03 -2.1535982e-03	 9.96e-06 Skipping	 521	 2728	
6	 4.2417212e-01	 +2.6321921e-03 -9.5689786e-04	 6.46e-04 Skipping	 683	 2726	
7	 3.8717823e-01	 +7.9876058e-04 -2.6147887e-04	 2.91e-04 Skipping	 625	 2218	
8	 3.5880160e-01	 +4.3536718e-04 -2.1211089e-03	 9.15e-05 Skipping	 525	 1896	
9	 3.4014495e-01	 +9.4897208e-04 +1.2013071e-03	 7.98e-05 Skipping	 464	 1701	
10	 3.2833014e-01	 -2.4264104e-03 -3.5252664e-03	 5.03e-03 Skipping	 430	 1604	
11	 3.2237736e-01	 +3.6369519e-04 +4.9395835e-04	 5.50e-01 Skipping	 414	 1564	
12	 3.1899075e-01	 +1.4759793e-03 -2.8305764e-03	 2.80e-01 Skipping	 407	 1542	
13	 3.1699728e-01	 -1.2141047e-03 +5.0273765e-04	 1.09e-01 Skipping	 402	 1517	
14	 3.1644317e-01	 -1.6618443e-03 -1.1892845e-03	 7.45e-01 Skipping	 400	 1520	
15	 3.1611458e-01	 +1.5174816e-03 +2.3509629e-03	 5.54e-01 Skipping	 399	 1507	
16	 3.1566125e-01	 +3.2287791e-03 +2.0054183e-03	 3.84e-01 Skipping	 398	 1511	
17	 3.1530709e-01	 -8.2461073e-04 -6.0089695e-04	 1.42e+00 Skipping	 398	 1511	
18	 3.1530879e-01	 -1.1950857e-03 +2.5546758e-05	 9.82e-01 Skipping	 399	 1507	
19	 3.1497903e-01	 +7.8260361e-04 +1.1775703e-03	 1.61e+00 Skipping	 396	 1500	
20	 3.1506174e-01	 +3.5698271e-04 +1.6512146e-03	 5.65e-01 Skipping	 394	 1509	
21	 3.1510831e-01	 +1.6423926e-03 -3.1837088e-03	 5.69e-01 Skipping	 396	 1504	
22	 3.1517082e-01	 +1.1365749e-03 -3.3833735e-03	 2.06e+00 Skipping	 397	 1513	
23	 3.1595883e-01	 -3.5249563e-04 -1.4006561e-04	 9.84e-01 Skipping	 398	 1522	
24	 3.1539660e-01	 -9.1939561e-04 +1.0871615e-03	 8.82e-01 Skipping	 399	 1517	
25	 3.1559439e-01	 +1.5362889e-03 +3.2920762e-04	 7.94e-01 Skipping	 399	 1516	
26	 3.1526059e-01	 +1.5893079e-03 -8.5597651e-04	 4.18e-01 Skipping	 397	 1519	
27	 3.1530070e-01	 +2.8795276e-03 -1.1633289e-03	 7.17e+00 Skipping	 400	 1506	
28	 3.1515982e-01	 +1.4466878e-03 -1.4382516e-03	 4.60e-01 Skipping	 399	 1504	
29	 3.1538771e-01	 +9.8219456e-04 -6.3464561e-04	 6.57e-01 Skipping	 397	 1507	
30	 3.1535778e-01	 -6.6058237e-04 +4.6997232e-04	 8.60e-01 Skipping	 396	 1502	
31	 3.1575675e-01	 -1.9470132e-03 +9.7652677e-04	 8.85e-01 Skipping	 399	 1521	
32	 3.1552973e-01	 +1.2907461e-03 -8.6579038e-04	 3.25e-01 Skipping	 397	 1507	
33	 3.1523375e-01	 +2.5011010e-03 -1.3233237e-04	 3.10e-01 Skipping	 396	 1514	
34	 3.1510462e-01	 +2.7946286e-03 -4.5921279e-04	 1.26e+00 Skipping	 397	 1508	
35	 3.1485520e-01	 +2.3419805e-03 -9.6626511e-05	 2.54e+00 Skipping	 395	 1505	
36	 3.1501219e-01	 +7.9983397e-04 +4.7073787e-03	 1.37e+00 Skipping	 396	 1515	
37	 3.1524008e-01	 -9.1949764e-04 -1.5600617e-04	 1.42e+00 Skipping	 397	 1504	
38	 3.1511317e-01	 +3.3995470e-03 -1.0801194e-03	 7.77e-01 Skipping	 397	 1505	
39	 3.1523594e-01	 -1.0010438e-03 +2.1049451e-03	 5.83e-01 Skipping	 398	 1513	
40	 3.1487675e-01	 +2.9752396e-03 +5.8694806e-04	 1.36e+00 Skipping	 397	 1506	
41	 3.1495514e-01	 -1.6790113e-03 +2.3946124e-04	 1.47e+00 Skipping	 396	 1510	
42	 3.1488438e-01	 -7.4363027e-04 -1.0776377e-03	 7.18e-01 Skipping	 397	 1513	
43	 3.1493312e-01	 -1.0091858e-03 +9.1173134e-04	 4.13e-01 Skipping	 396	 1513	
44	 3.1466511e-01	 +3.7329646e-03 -3.0246729e-04	 1.65e-01 Skipping	 395	 1497	
45	 3.1521169e-01	 +1.2777258e-03 -4.6064057e-04	 4.49e-01 Skipping	 395	 1510	
46	 3.1596019e-01	 +1.4072322e-04 -2.1611844e-03	 9.94e-01 Skipping	 400	 1518	
47	 3.1572052e-01	 -1.0206659e-03 +1.6270502e-03	 6.53e-01 Skipping	 396	 1524	
48	 3.1569074e-01	 +1.0468064e-03 -1.8342097e-03	 3.54e-01 Skipping	 397	 1519	
49	 3.1565911e-01	 -4.8829822e-05 -1.0769137e-03	 1.10e+00 Skipping	 396	 1512	
50	 3.1550082e-01	 +2.7729730e-04 +3.6030506e-03	 5.22e-01 Skipping	 398	 1510	
51	 3.1550082e-01	 +2.7729730e-04 +3.6030506e-03	 9.40e-01 Rejected	 396	 1517	
52	 3.1569964e-01	 -1.5963814e-03 +2.2448985e-04	 2.19e+00 Accepted	 398	 1518	
53	 3.1546139e-01	 +8.3055402e-04 -3.0600635e-04	 1.88e+00 Accepted	 398	 1517	
54	 3.1582029e-01	 -3.6562796e-03 -4.5551206e-04	 3.16e-01 Accepted	 397	 1515	
55	 3.1589155e-01	 -1.8391785e-03 -9.7789369e-04	 1.36e+00 Accepted	 399	 1515	
56	 3.1589155e-01	 -1.8391785e-03 -9.7789369e-04	 5.49e-01 Rejected	 396	 1511	
57	 3.1589155e-01	 -1.8391785e-03 -9.7789369e-04	 3.74e-01 Rejected	 397	 1517	
58	 3.1597535e-01	 -1.4389247e-03 +1.7884197e-03	 9.96e-01 Accepted	 398	 1506	
59	 3.1557582e-01	 -1.7633730e-04 -1.5037888e-04	 7.27e-01 Accepted	 398	 1508	
60	 3.1495155e-01	 +1.7893007e-04 +1.5572333e-03	 6.05e-01 Accepted	 396	 1513	
61	 3.1491038e-01	 -6.6644097e-04 -9.1597009e-04	 7.97e-01 Accepted	 395	 1515	
62	 3.1518592e-01	 +1.0151675e-03 -1.4746577e-03	 1.04e+00 Accepted	 396	 1512	
63	 3.1518592e-01	 +1.0151675e-03 -1.4746577e-03	 1.70e-01 Rejected	 396	 1516	
64	 3.1518592e-01	 +1.0151675e-03 -1.4746577e-03	 3.84e-01 Rejected	 396	 1521	
65	 3.1588092e-01	 +1.6027736e-03 +1.2490222e-03	 9.63e-01 Accepted	 397	 1506	
66	 3.1564171e-01	 +1.8318591e-03 +1.2148564e-03	 7.51e-01 Accepted	 399	 1516	
67	 3.1564171e-01	 +1.8318591e-03 +1.2148564e-03	 3.21e-01 Rejected	 397	 1509	
68	 3.1540453e-01	 +1.3484073e-03 +4.8851812e-05	 5.18e-01 Accepted	 396	 1506	
69	 3.1540453e-01	 +1.3484073e-03 +4.8851812e-05	 5.94e-01 Rejected	 398	 1516	
70	 3.1540687e-01	 +2.0396555e-04 -1.3919419e-03	 1.43e+00 Accepted	 398	 1513	
71	 3.1550341e-01	 -1.1010715e-03 -3.7896103e-04	 2.31e+00 Accepted	 396	 1518	
72	 3.1550341e-01	 -1.1010715e-03 -3.7896103e-04	 4.17e-01 Rejected	 398	 1522	
73	 3.1508827e-01	 +9.7029184e-04 -2.4177814e-03	 5.75e-01 Accepted	 397	 1507	
74	 3.1508827e-01	 +9.7029184e-04 -2.4177814e-03	 4.12e-01 Rejected	 396	 1507	
75	 3.1482076e-01	 +7.6149657e-04 -1.5445823e-03	 1.83e-01 Accepted	 397	 1509	
76	 3.1478725e-01	 +1.5112951e-03 -8.8192566e-04	 4.20e+00 Accepted	 396	 1505	
77	 3.1534357e-01	 +1.7551237e-03 +1.2777105e-03	 1.01e+00 Accepted	 396	 1502	
78	 3.1471910e-01	 +7.5960790e-04 -3.3459160e-03	 1.09e+00 Accepted	 396	 1511	
79	 3.1546938e-01	 -1.0675791e-03 +9.3517626e-04	 6.64e-01 Accepted	 395	 1512	
80	 3.1546938e-01	 -1.0675791e-03 +9.3517626e-04	 6.53e-01 Rejected	 398	 1505	
81	 3.1531049e-01	 -1.0191949e-03 -1.0667186e-04	 5.07e-01 Accepted	 397	 1513	
82	 3.1531049e-01	 -1.0191949e-03 -1.0667186e-04	 5.33e-01 Rejected	 398	 1504	
83	 3.1483984e-01	 -6.4663308e-04 -2.1769623e-03	 7.14e-01 Accepted	 399	 1511	
84	 3.1480502e-01	 +2.0938971e-03 -1.5265598e-03	 8.09e-01 Accepted	 397	 1511	
85	 3.1490934e-01	 -5.1200587e-04 -3.8784037e-04	 7.10e-01 Accepted	 396	 1507	
86	 3.1489831e-01	 +2.3084745e-03 -2.4220802e-03	 1.63e+00 Accepted	 396	 1503	
87	 3.1489831e-01	 +2.3084745e-03 -2.4220802e-03	 3.87e-01 Rejected	 395	 1499	
88	 3.1545299e-01	 +1.2994516e-04 -2.7766366e-03	 1.48e+00 Accepted	 397	 1514	
89	 3.1545299e-01	 +1.2994516e-04 -2.7766366e-03	 4.18e-01 Rejected	 396	 1510	
90	 3.1545299e-01	 +1.2994516e-04 -2.7766366e-03	 5.18e-01 Rejected	 397	 1514	
91	 3.1505133e-01	 -2.2131289e-04 -2.1392323e-04	 5.11e-01 Accepted	 394	 1504	
92	 3.1505133e-01	 -2.2131289e-04 -2.1392323e-04	 8.12e-01 Rejected	 396	 1512	
93	 3.1548876e-01	 +3.2058731e-03 +4.1343146e-03	 4.52e-01 Accepted	 398	 1515	
94	 3.1548688e-01	 +1.7992194e-03 -1.9247235e-03	 5.67e+00 Accepted	 397	 1504	
95	 3.1564751e-01	 +2.9552511e-03 +1.4549154e-03	 7.21e-01 Accepted	 397	 1509	
96	 3.1563134e-01	 -1.8289355e-03 -9.5369139e-04	 1.01e+00 Accepted	 397	 1517	
97	 3.1526751e-01	 +3.8207685e-03 +2.0689908e-03	 5.62e-01 Accepted	 399	 1514	
98	 3.1521349e-01	 +1.9843390e-03 -5.7438852e-04	 1.03e+00 Accepted	 399	 1511	
99	 3.1508297e-01	 -4.3548152e-04 +3.8137522e-05	 2.01e+00 Accepted	 398	 1509	
100	 3.1486484e-01	 +2.4116524e-04 +2.1022664e-03	 7.65e-01 Accepted	 398	 1503	
101	 3.1518653e-01	 +1.6373768e-03 +2.6417967e-03	 1.01e+00 Accepted	 397	 1510	
102	 3.1505944e-01	 -1.0599387e-03 -1.5632410e-03	 1.68e+00 Accepted	 399	 1508	
103	 3.1556283e-01	 +3.1512147e-03 +1.8530641e-03	 8.55e-01 Accepted	 398	 1503	
104	 3.1556283e-01	 +3.1512147e-03 +1.8530641e-03	 1.94e-01 Rejected	 398	 1506	
105	 3.1536653e-01	 -1.2693692e-03 +2.3751540e-03	 3.67e-01 Accepted	 398	 1513	
106	 3.1581390e-01	 +9.2504073e-04 +2.7381659e-04	 8.12e-01 Accepted	 398	 1516	
107	 3.1549767e-01	 +8.9631608e-04 -1.3197524e-03	 5.64e-01 Accepted	 399	 1518	
108	 3.1520297e-01	 -6.5161855e-04 -5.6198249e-04	 9.90e-01 Accepted	 400	 1508	
