# Starting_type: HotStart
# serial RNG seed: 	[55799 13720 53244 32515 48759]
# parallel RNG seed:	[47989 43050 16107 46330 52418]
# Trajectory_length / Number_of_MD_steps: 1 / 8
# 	 Plaquette	 Polyakov_Loop(re,im)	 Acc._Probability	 runtime_per_traj(s)	 CG_iterations	
1	 2.1219453e-01	 +2.5479964e-04 -5.1703523e-04	 4.17e+24 Accepted	 240	 1023	
2	 2.9116917e-01	 -2.4397794e-06 -2.2440028e-03	 2.93e+12 Accepted	 336	 1372	
3	 3.3000894e-01	 +5.4607788e-03 -1.2325490e-04	 2.73e+07 Accepted	 402	 1602	
4	 3.5138510e-01	 +1.7127547e-03 -6.1681588e-04	 4.98e+03 Accepted	 446	 1750	
5	 3.6489397e-01	 +8.4994360e-04 -7.4520428e-04	 1.17e+03 Accepted	 478	 1870	
6	 3.7308361e-01	 -1.4842314e-03 -3.5644703e-04	 2.82e+01 Accepted	 495	 1919	
7	 3.7923119e-01	 -1.0625240e-03 +3.4810508e-05	 5.11e+00 Accepted	 512	 1984	
8	 3.8309810e-01	 -2.1942312e-03 -9.5525467e-04	 1.22e+00 Accepted	 523	 2026	
9	 3.8309810e-01	 -2.1942312e-03 -9.5525467e-04	 6.19e-01 Rejected	 528	 2043	
10	 3.8309810e-01	 -2.1942312e-03 -9.5525467e-04	 7.51e-01 Rejected	 529	 2042	
11	 3.8569335e-01	 -4.2788417e-04 +1.3701786e-03	 4.79e-01 Accepted	 532	 2056	
12	 3.8727385e-01	 +8.0927931e-04 -3.0326698e-04	 1.87e+00 Accepted	 537	 2066	
13	 3.8883395e-01	 +2.5172053e-04 -4.0169637e-04	 3.31e+00 Accepted	 540	 2083	
14	 3.8883395e-01	 +2.5172053e-04 -4.0169637e-04	 1.92e-01 Rejected	 541	 2075	
15	 3.8883395e-01	 +2.5172053e-04 -4.0169637e-04	 5.14e-01 Rejected	 541	 2097	
16	 3.8960502e-01	 +1.0941985e-03 +4.7305434e-04	 5.02e+00 Accepted	 543	 2076	
17	 3.9042644e-01	 -2.3065861e-03 -2.3044906e-03	 3.73e+00 Accepted	 542	 2085	
18	 3.9042644e-01	 -2.3065861e-03 -2.3044906e-03	 5.86e-01 Rejected	 545	 2100	
19	 3.9112696e-01	 +3.2527550e-03 -2.0335944e-03	 1.63e+00 Accepted	 545	 2118	
20	 3.9158245e-01	 -6.2744430e-04 +2.1685779e-03	 2.70e+00 Accepted	 549	 2117	
21	 3.9224016e-01	 +7.1279969e-04 -2.8387268e-04	 8.18e-01 Accepted	 551	 2128	
22	 3.9206025e-01	 -1.0640894e-03 -3.5679900e-03	 1.30e-01 Accepted	 550	 2103	
23	 3.9296204e-01	 -1.1711021e-03 +9.1301906e-04	 3.78e-01 Accepted	 551	 2138	
24	 3.9296204e-01	 -1.1711021e-03 +9.1301906e-04	 5.14e-01 Rejected	 551	 2120	
25	 3.9264152e-01	 -2.4007800e-03 +7.9239451e-04	 2.35e+00 Accepted	 552	 2135	
26	 3.9242800e-01	 -2.6395751e-03 -7.8614397e-04	 8.36e-01 Accepted	 552	 2116	
27	 3.9280773e-01	 +2.0960173e-03 -5.9809688e-04	 7.06e+00 Accepted	 551	 2123	
28	 3.9253412e-01	 +5.2683615e-04 -5.1249728e-04	 3.09e-01 Accepted	 552	 2132	
29	 3.9253412e-01	 +5.2683615e-04 -5.1249728e-04	 3.41e-01 Rejected	 551	 2113	
30	 3.9253412e-01	 +5.2683615e-04 -5.1249728e-04	 1.96e-01 Rejected	 550	 2130	
31	 3.9253412e-01	 +5.2683615e-04 -5.1249728e-04	 8.88e-02 Rejected	 552	 2122	
32	 3.9253412e-01	 +5.2683615e-04 -5.1249728e-04	 8.88e-02 Rejected	 551	 2101	
33	 3.9253412e-01	 +5.2683615e-04 -5.1249728e-04	 2.74e-01 Rejected	 552	 2131	
34	 3.9279625e-01	 -1.0203725e-03 +1.8580090e-04	 4.82e-01 Accepted	 551	 2140	
35	 3.9279625e-01	 -1.0203725e-03 +1.8580090e-04	 3.89e-01 Rejected	 555	 2145	
36	 3.9247623e-01	 +2.5621037e-03 +1.3684399e-03	 6.68e-01 Accepted	 554	 2144	
37	 3.9267893e-01	 +1.4629512e-03 +3.8790633e-04	 1.62e+00 Accepted	 557	 2116	
38	 3.9300946e-01	 +8.0992589e-04 -1.7986582e-04	 6.27e-01 Accepted	 551	 2124	
39	 3.9320956e-01	 +3.8423600e-03 +1.2736500e-04	 3.99e-01 Accepted	 557	 2131	
40	 3.9327800e-01	 -3.0917640e-03 -3.8767214e-03	 2.98e+00 Accepted	 555	 2129	
41	 3.9327800e-01	 -3.0917640e-03 -3.8767214e-03	 2.49e-01 Rejected	 554	 2138	
42	 3.9327800e-01	 -3.0917640e-03 -3.8767214e-03	 2.13e-01 Rejected	 555	 2130	
43	 3.9327800e-01	 -3.0917640e-03 -3.8767214e-03	 2.81e-02 Rejected	 553	 2119	
44	 3.9312300e-01	 +1.0080251e-03 -3.5768971e-03	 9.50e-01 Accepted	 554	 2139	
45	 3.9320654e-01	 +8.7278377e-04 +2.7061012e-05	 1.93e+00 Accepted	 553	 2131	
46	 3.9320654e-01	 +8.7278377e-04 +2.7061012e-05	 1.60e-01 Rejected	 553	 2126	
47	 3.9271945e-01	 +2.9271990e-03 -7.5945792e-04	 1.05e+00 Accepted	 551	 2112	
48	 3.9271945e-01	 +2.9271990e-03 -7.5945792e-04	 5.29e-01 Rejected	 550	 2119	
49	 3.9277760e-01	 -3.3663725e-03 -2.4866399e-04	 5.79e-01 Accepted	 551	 2124	
50	 3.9277760e-01	 -3.3663725e-03 -2.4866399e-04	 4.42e-01 Rejected	 557	 2144	
51	 3.9289982e-01	 +3.2650518e-04 +3.1268127e-03	 1.33e+00 Accepted	 553	 2101	
52	 3.9307929e-01	 +5.8078472e-04 -5.2117051e-03	 1.50e+00 Accepted	 550	 2138	
53	 3.9317413e-01	 -1.6551559e-03 -1.1530031e-03	 1.14e+00 Accepted	 556	 2159	
54	 3.9317413e-01	 -1.6551559e-03 -1.1530031e-03	 1.94e-01 Rejected	 556	 2146	
55	 3.9317413e-01	 -1.6551559e-03 -1.1530031e-03	 3.95e-01 Rejected	 556	 2118	
56	 3.9323672e-01	 +6.0265055e-04 -1.8682294e-03	 3.02e+00 Accepted	 555	 2123	
57	 3.9323672e-01	 +6.0265055e-04 -1.8682294e-03	 1.47e-01 Rejected	 552	 2127	
58	 3.9294003e-01	 +4.1530539e-04 +2.0172830e-03	 9.10e-01 Accepted	 557	 2114	
59	 3.9282719e-01	 -3.6547367e-04 -2.0666975e-03	 2.04e+00 Accepted	 549	 2124	
60	 3.9299083e-01	 -2.5894029e-07 +5.5009938e-04	 5.23e-01 Accepted	 551	 2111	
61	 3.9267228e-01	 -1.0728449e-03 +5.8597562e-04	 5.48e-01 Accepted	 549	 2115	
62	 3.9220885e-01	 +6.4801659e-04 +7.7902619e-05	 2.99e+00 Accepted	 552	 2120	
63	 3.9249267e-01	 +3.3257873e-03 +9.6415396e-04	 7.15e-01 Accepted	 551	 2132	
64	 3.9249267e-01	 +3.3257873e-03 +9.6415396e-04	 1.44e-01 Rejected	 549	 2116	
65	 3.9249267e-01	 +3.3257873e-03 +9.6415396e-04	 1.68e-01 Rejected	 554	 2118	
66	 3.9249267e-01	 +3.3257873e-03 +9.6415396e-04	 2.07e-01 Rejected	 550	 2135	
67	 3.9249267e-01	 +3.3257873e-03 +9.6415396e-04	 1.74e-01 Rejected	 553	 2105	
68	 3.9248024e-01	 -1.3738985e-03 +2.1974173e-04	 6.50e+00 Accepted	 554	 2130	
69	 3.9238520e-01	 -1.2557345e-03 -1.9704450e-03	 8.41e-01 Accepted	 550	 2113	
70	 3.9229424e-01	 +9.3791297e-04 +2.9771454e-04	 6.06e-01 Accepted	 548	 2107	
71	 3.9204859e-01	 +7.0671527e-04 +1.5333375e-03	 4.86e-01 Accepted	 553	 2127	
72	 3.9204859e-01	 +7.0671527e-04 +1.5333375e-03	 4.66e-01 Rejected	 555	 2103	
73	 3.9204859e-01	 +7.0671527e-04 +1.5333375e-03	 7.30e-02 Rejected	 552	 2125	
74	 3.9204859e-01	 +7.0671527e-04 +1.5333375e-03	 3.66e-01 Rejected	 553	 2113	
75	 3.9215138e-01	 +1.1802074e-03 -1.4676341e-03	 8.60e-01 Accepted	 555	 2129	
76	 3.9215138e-01	 +1.1802074e-03 -1.4676341e-03	 1.43e-01 Rejected	 551	 2132	
77	 3.9215138e-01	 +1.1802074e-03 -1.4676341e-03	 4.65e-01 Rejected	 553	 2110	
78	 3.9215138e-01	 +1.1802074e-03 -1.4676341e-03	 2.11e-01 Rejected	 549	 2112	
79	 3.9271148e-01	 +2.7355306e-05 +2.7099903e-04	 2.55e+00 Accepted	 549	 2116	
80	 3.9271148e-01	 +2.7355306e-05 +2.7099903e-04	 3.25e-01 Rejected	 551	 2118	
