# Starting_type: HotStart
# serial RNG seed: 	[61451 7472 52672 60783 2338]
# parallel RNG seed:	[51266 38199 10081 64451 19802]
# Trajectory_length / Number_of_MD_steps: 1 / 8
# 	 Plaquette	 Polyakov_Loop(re,im)	 Acc._Probability	 runtime_per_traj(s)	 CG_iterations	
1	 1.9087067e-01	 +7.9192939e-04 -4.4422628e-04	 7.22e+16 Accepted	 229	 947	
2	 2.5103409e-01	 +9.5016039e-04 -2.1035011e-04	 7.12e+06 Accepted	 295	 1178	
3	 2.7564840e-01	 +1.3877371e-03 +9.5233163e-04	 2.39e+03 Accepted	 334	 1297	
4	 2.8646508e-01	 +2.4555242e-03 +4.3204645e-04	 2.15e+01 Accepted	 354	 1348	
5	 2.9095856e-01	 -4.0169547e-04 +3.4175580e-03	 1.31e+01 Accepted	 361	 1360	
6	 2.9270820e-01	 +3.6066610e-04 -1.9128720e-03	 8.71e-01 Accepted	 366	 1381	
7	 2.9428629e-01	 +1.4207653e-03 +4.6909664e-04	 8.19e-01 Accepted	 370	 1388	
8	 2.9428629e-01	 +1.4207653e-03 +4.6909664e-04	 2.53e-01 Rejected	 370	 1385	
9	 2.9428629e-01	 +1.4207653e-03 +4.6909664e-04	 7.70e-01 Rejected	 369	 1399	
10	 2.9428629e-01	 +1.4207653e-03 +4.6909664e-04	 3.35e-01 Rejected	 369	 1403	
11	 2.9428629e-01	 +1.4207653e-03 +4.6909664e-04	 2.30e-01 Rejected	 368	 1389	
12	 2.9389092e-01	 +9.1308948e-04 +4.3750313e-04	 1.03e+00 Accepted	 370	 1391	
13	 2.9465561e-01	 +1.8560706e-03 +8.5561730e-04	 8.97e-01 Accepted	 368	 1384	
14	 2.9465561e-01	 +1.8560706e-03 +8.5561730e-04	 3.01e-01 Rejected	 369	 1388	
15	 2.9465561e-01	 +1.8560706e-03 +8.5561730e-04	 5.32e-01 Rejected	 371	 1393	
16	 2.9510597e-01	 +3.2917127e-04 -1.4208868e-03	 1.46e+00 Accepted	 369	 1407	
17	 2.9503101e-01	 -2.2415873e-03 -1.5554536e-03	 9.96e-01 Accepted	 370	 1395	
18	 2.9466840e-01	 +1.8019500e-03 +2.5349810e-03	 3.74e+00 Accepted	 371	 1395	
19	 2.9489215e-01	 -1.4515604e-03 -1.6490626e-03	 1.71e+00 Accepted	 371	 1389	
20	 2.9489215e-01	 -1.4515604e-03 -1.6490626e-03	 1.97e-01 Rejected	 370	 1393	
21	 2.9489647e-01	 +2.0750525e-03 -8.3880077e-04	 1.07e+00 Accepted	 370	 1389	
22	 2.9489647e-01	 +2.0750525e-03 -8.3880077e-04	 4.68e-01 Rejected	 370	 1392	
23	 2.9462662e-01	 +4.2722230e-04 -1.2189426e-03	 7.17e-01 Accepted	 370	 1394	
24	 2.9462662e-01	 +4.2722230e-04 -1.2189426e-03	 4.60e-01 Rejected	 370	 1389	
25	 2.9462662e-01	 +4.2722230e-04 -1.2189426e-03	 4.75e-01 Rejected	 371	 1394	
26	 2.9511574e-01	 -5.5273099e-04 -4.5586670e-05	 5.30e-01 Accepted	 371	 1408	
27	 2.9511574e-01	 -5.5273099e-04 -4.5586670e-05	 7.72e-01 Rejected	 370	 1397	
28	 2.9526443e-01	 -1.4429686e-03 +8.6312869e-04	 9.69e-01 Accepted	 370	 1387	
29	 2.9526443e-01	 -1.4429686e-03 +8.6312869e-04	 5.56e-01 Rejected	 370	 1389	
30	 2.9526443e-01	 -1.4429686e-03 +8.6312869e-04	 9.06e-01 Rejected	 370	 1394	
31	 2.9527776e-01	 +1.3540626e-03 +1.0187031e-03	 1.46e+00 Accepted	 368	 1398	
32	 2.9532646e-01	 -2.6043307e-03 +8.6774744e-04	 3.73e-01 Accepted	 370	 1399	
33	 2.9482644e-01	 -8.6244858e-04 -8.4309371e-04	 8.14e-01 Accepted	 372	 1392	
34	 2.9476204e-01	 +1.8999694e-03 -2.2980022e-03	 6.31e-01 Accepted	 369	 1398	
35	 2.9485428e-01	 +2.5231892e-03 +4.0017941e-05	 1.00e+00 Accepted	 369	 1387	
36	 2.9486947e-01	 +2.4751194e-04 -3.8571283e-05	 1.46e+00 Accepted	 370	 1392	
37	 2.9486947e-01	 +2.4751194e-04 -3.8571283e-05	 2.37e-01 Rejected	 369	 1390	
38	 2.9517952e-01	 -1.5012077e-03 -7.1742384e-05	 1.72e+00 Accepted	 371	 1395	
39	 2.9482971e-01	 +2.5293745e-03 -1.3220963e-04	 1.15e+00 Accepted	 370	 1387	
40	 2.9482971e-01	 +2.5293745e-03 -1.3220963e-04	 3.58e-01 Rejected	 370	 1399	
41	 2.9461784e-01	 +1.5455607e-03 -1.8115242e-06	 8.61e-01 Accepted	 369	 1390	
42	 2.9460330e-01	 +1.5060572e-04 +2.9159818e-04	 1.41e+00 Accepted	 370	 1412	
43	 2.9477276e-01	 -1.7215930e-03 +3.3496039e-04	 6.07e-01 Accepted	 369	 1390	
44	 2.9458758e-01	 -1.0484437e-03 -8.7124063e-04	 1.20e+00 Accepted	 369	 1390	
45	 2.9462716e-01	 +1.3192102e-03 -4.4759925e-04	 1.01e+00 Accepted	 369	 1397	
46	 2.9470713e-01	 +2.6769944e-04 -7.3252273e-04	 5.23e-01 Accepted	 371	 1389	
47	 2.9481408e-01	 -1.1523638e-03 +2.2226865e-03	 7.30e-01 Accepted	 370	 1392	
48	 2.9513686e-01	 -1.3648663e-03 +1.0425778e-03	 7.49e-01 Accepted	 370	 1391	
49	 2.9491983e-01	 +1.7475571e-03 -8.8862225e-04	 1.15e+00 Accepted	 371	 1399	
50	 2.9527997e-01	 -8.2016113e-04 +1.1632104e-03	 1.29e+00 Accepted	 371	 1406	
51	 2.9514811e-01	 +1.3919162e-03 -4.8272401e-04	 8.14e-01 Accepted	 369	 1390	
52	 2.9535478e-01	 +5.6377764e-04 -9.6300612e-04	 7.88e-01 Accepted	 371	 1396	
53	 2.9535478e-01	 +5.6377764e-04 -9.6300612e-04	 6.22e-01 Rejected	 370	 1399	
54	 2.9522663e-01	 -4.3649583e-04 -2.2105342e-03	 4.50e-01 Accepted	 369	 1395	
55	 2.9540129e-01	 +1.6182485e-03 -2.5999904e-03	 1.08e+00 Accepted	 370	 1391	
56	 2.9513215e-01	 +1.9034744e-03 -1.1992988e-03	 1.99e+00 Accepted	 369	 1387	
57	 2.9499519e-01	 +1.2461445e-03 +1.0365243e-03	 4.01e+00 Accepted	 370	 1398	
58	 2.9499135e-01	 +2.2270377e-03 +1.0390360e-03	 1.95e+00 Accepted	 370	 1395	
59	 2.9541915e-01	 -8.2238865e-04 +6.6062466e-04	 3.58e+00 Accepted	 370	 1383	
60	 2.9499831e-01	 -1.5917722e-03 -1.9064316e-03	 3.13e-01 Accepted	 370	 1397	
61	 2.9501683e-01	 -6.6761660e-05 +2.0924750e-03	 1.36e+00 Accepted	 369	 1398	
62	 2.9522815e-01	 -8.6000574e-04 -3.0415368e-04	 1.60e+00 Accepted	 370	 1392	
63	 2.9495083e-01	 +1.2527581e-03 -1.4830700e-03	 3.21e+00 Accepted	 372	 1393	
64	 2.9481409e-01	 -1.8164143e-03 +9.5759101e-04	 7.19e-01 Accepted	 367	 1390	
65	 2.9481409e-01	 -1.8164143e-03 +9.5759101e-04	 4.85e-01 Rejected	 370	 1394	
66	 2.9481409e-01	 -1.8164143e-03 +9.5759101e-04	 5.05e-01 Rejected	 371	 1401	
67	 2.9506426e-01	 +4.4947812e-04 +1.5159784e-04	 1.44e+00 Accepted	 369	 1390	
68	 2.9506426e-01	 +4.4947812e-04 +1.5159784e-04	 3.37e-01 Rejected	 371	 1388	
69	 2.9534739e-01	 +2.3083952e-03 -1.8053785e-03	 7.55e-01 Accepted	 368	 1392	
70	 2.9534739e-01	 +2.3083952e-03 -1.8053785e-03	 5.34e-01 Rejected	 369	 1391	
71	 2.9524057e-01	 +1.8286922e-03 +3.4141589e-03	 7.45e-01 Accepted	 370	 1390	
72	 2.9495224e-01	 +1.7831939e-03 -1.5831480e-04	 7.07e-01 Accepted	 369	 1402	
73	 2.9495224e-01	 +1.7831939e-03 -1.5831480e-04	 7.06e-01 Rejected	 370	 1387	
74	 2.9540830e-01	 -4.0845541e-04 +7.9371342e-05	 9.31e-01 Accepted	 372	 1396	
75	 2.9509900e-01	 -1.1110771e-03 +9.6305654e-04	 2.10e+00 Accepted	 370	 1396	
76	 2.9455097e-01	 +1.3716092e-04 +1.4475907e-04	 1.19e+00 Accepted	 372	 1397	
77	 2.9491431e-01	 +2.6887287e-04 +2.8157938e-03	 1.84e+00 Accepted	 370	 1398	
78	 2.9504899e-01	 -1.8128064e-03 +2.1412092e-03	 9.25e-01 Accepted	 370	 1387	
79	 2.9504899e-01	 -1.8128064e-03 +2.1412092e-03	 2.67e-01 Rejected	 370	 1393	
80	 2.9566124e-01	 +1.9174558e-03 +2.7114118e-03	 1.22e+00 Accepted	 370	 1394	
81	 2.9566124e-01	 +1.9174558e-03 +2.7114118e-03	 4.84e-01 Rejected	 370	 1400	
82	 2.9538746e-01	 +2.9475744e-05 -7.2128178e-04	 6.52e-01 Accepted	 370	 1394	
83	 2.9538746e-01	 +2.9475744e-05 -7.2128178e-04	 3.37e-01 Rejected	 371	 1394	
84	 2.9538746e-01	 +2.9475744e-05 -7.2128178e-04	 6.18e-01 Rejected	 372	 1391	
85	 2.9487216e-01	 +1.7434890e-03 +7.5323082e-04	 5.29e-01 Accepted	 371	 1390	
86	 2.9516415e-01	 -1.5775475e-03 -1.0947965e-03	 6.40e-01 Accepted	 370	 1386	
87	 2.9541458e-01	 +1.7414717e-03 -1.4037592e-03	 1.59e+00 Accepted	 368	 1389	
88	 2.9551023e-01	 -8.9744676e-04 +1.8936309e-03	 1.57e+00 Accepted	 371	 1401	
89	 2.9551023e-01	 -8.9744676e-04 +1.8936309e-03	 2.74e-01 Rejected	 371	 1392	
90	 2.9536516e-01	 -1.7394931e-03 -1.1353595e-03	 5.96e-01 Accepted	 371	 1401	
91	 2.9523005e-01	 -1.1692527e-03 -3.0220584e-04	 2.58e+00 Accepted	 369	 1392	
92	 2.9523005e-01	 -1.1692527e-03 -3.0220584e-04	 1.38e-01 Rejected	 370	 1398	
93	 2.9484578e-01	 +6.1228987e-04 -7.8237486e-04	 3.18e-01 Accepted	 369	 1397	
94	 2.9453536e-01	 +1.4255588e-03 -1.5709706e-03	 4.42e-01 Accepted	 370	 1391	
95	 2.9490087e-01	 +3.5705510e-03 +1.3588029e-03	 6.18e-01 Accepted	 370	 1380	
96	 2.9489894e-01	 +2.6713989e-03 +2.4377721e-04	 8.80e-01 Accepted	 370	 1388	
97	 2.9491204e-01	 -5.0574130e-04 -4.1806882e-04	 1.08e+00 Accepted	 369	 1393	
98	 2.9529652e-01	 -9.0203061e-05 +1.2332306e-03	 1.74e+00 Accepted	 371	 1399	
99	 2.9529652e-01	 -9.0203061e-05 +1.2332306e-03	 5.40e-01 Rejected	 371	 1395	
100	 2.9529652e-01	 -9.0203061e-05 +1.2332306e-03	 4.58e-01 Rejected	 371	 1390	
101	 2.9514387e-01	 +7.1644455e-04 -8.1499287e-04	 1.43e+00 Accepted	 370	 1396	
102	 2.9481875e-01	 -1.5653240e-03 -3.1549789e-04	 8.86e-01 Accepted	 373	 1394	
103	 2.9483727e-01	 +1.0610191e-03 -1.6620347e-03	 3.04e+00 Accepted	 369	 1387	
104	 2.9532920e-01	 -2.5511410e-03 -1.9207883e-03	 2.80e+00 Accepted	 373	 1392	
105	 2.9479214e-01	 +1.8180600e-03 +2.7757735e-03	 5.19e-01 Accepted	 373	 1392	
106	 2.9479214e-01	 +1.8180600e-03 +2.7757735e-03	 2.36e-01 Rejected	 371	 1399	
107	 2.9518001e-01	 -1.5019311e-03 -6.2690601e-04	 1.22e+00 Accepted	 369	 1388	
108	 2.9532928e-01	 +4.4546496e-04 +1.1069071e-03	 8.41e-01 Accepted	 371	 1394	
109	 2.9532928e-01	 +4.4546496e-04 +1.1069071e-03	 5.76e-01 Rejected	 369	 1391	
110	 2.9490915e-01	 -2.7609175e-05 -6.1192992e-04	 1.37e+00 Accepted	 371	 1391	
111	 2.9497499e-01	 +1.7203306e-03 +1.0667092e-03	 5.95e-01 Accepted	 369	 1393	
112	 2.9536226e-01	 +2.8255536e-03 +2.6742530e-04	 8.75e-01 Accepted	 371	 1397	
113	 2.9555893e-01	 +9.7353664e-04 +8.0821425e-05	 5.15e-01 Accepted	 372	 1394	
114	 2.9488314e-01	 -2.5577817e-04 +7.8108689e-04	 1.93e+00 Accepted	 371	 1380	
115	 2.9504796e-01	 +6.7324981e-04 +1.3662778e-03	 3.42e+00 Accepted	 368	 1387	
116	 2.9519372e-01	 +3.5130220e-04 -1.1798242e-03	 8.69e-01 Accepted	 370	 1392	
117	 2.9519372e-01	 +3.5130220e-04 -1.1798242e-03	 3.67e-01 Rejected	 369	 1391	
